"Genus","taxonID","individualID","plotID","siteID","domainID","date","plantStatus","growthForm","canopyPosition","measurementHeight","basalStemDiameterMsrmntHeight","height","stemDiameter","basalStemDiameter","pointID","scientificName","stemDistance","stemAzimuth","year","FIA.Code","jenkins_model","Scientific.Name.with.Author","Common.Name","Family","habit","Species","Adj.Factor","model_name","betaZero","betaOne","chojnacky","Species.Group","Group","MedianSpecGrav","beta0","beta1","SapBeta1","SapBeta2","est.dbh","flag","AGBJenkins","AGBChojnacky","AGBAnnighofer"
"Abies","ABBA","NEON.PLA.D05.TREE.00455","TREE_051","TREE","D05",2016-09-28,"Live","small tree",NA,130,NA,2.8,2.4,NA,NA,"Abies balsamea (L.) Mill.",NA,NA,"2016",12,"douglas","Abies balsamea (L.) Mill.","balsam fir","Pinaceae","tree","balsamea",0.608,"sw2",-2.2304,2.4435,"AbiesBelow0.35spg","conifer","Conifer",0.33,-2.3123,2.3482,1.87856,0.79034,NA,"Check",0.27062265635465,0.240522268978321,NA
"Abies","ABBA","NEON.PLA.D05.TREE.01700","TREE_015","TREE","D05",2019-10-24,"Live","single bole tree","Mostly shaded",130,NA,11.1,10.1,NA,41,"Abies balsamea (L.) Mill.",5.6,336,"2019",12,"douglas","Abies balsamea (L.) Mill.","balsam fir","Pinaceae","tree","balsamea",0.608,"sw2",-2.2304,2.4435,"AbiesBelow0.35spg","conifer","Conifer",0.33,-2.3123,2.3482,1.87856,0.79034,NA,"Check",30.5779850789256,22.601034561274,NA
"Abies","ABBA","NEON.PLA.D05.TREE.00061","TREE_056","TREE","D05",2022-09-20,"Live","single bole tree","Partially shaded",130,NA,8.9,10,NA,21,"Abies balsamea (L.) Mill.",5.3,52.5,"2022",12,"douglas","Abies balsamea (L.) Mill.","balsam fir","Pinaceae","tree","balsamea",0.608,"sw2",-2.2304,2.4435,"AbiesBelow0.35spg","conifer","Conifer",0.33,-2.3123,2.3482,1.87856,0.79034,NA,"Check",8.84744728131038,6.86346232900215,NA
"Abies","ABBA","NEON.PLA.D05.TREE.00291","TREE_055","TREE","D05",2015-07-29,"Live","small tree","Full shade",130,NA,2.6,1.9,NA,NA,"Abies balsamea (L.) Mill.",NA,NA,"2015",12,"douglas","Abies balsamea (L.) Mill.","balsam fir","Pinaceae","tree","balsamea",0.608,"sw2",-2.2304,2.4435,"AbiesBelow0.35spg","conifer","Conifer",0.33,-2.3123,2.3482,1.87856,0.79034,NA,"Check",0.152915816304829,0.138967248938305,NA
"Abies","ABBA","NEON.PLA.D05.TREE.00605","TREE_051","TREE","D05",2018-10-09,"Live","small tree",NA,130,NA,5.9,8,NA,NA,"Abies balsamea (L.) Mill.",NA,NA,"2018",12,"douglas","Abies balsamea (L.) Mill.","balsam fir","Pinaceae","tree","balsamea",0.608,"sw2",-2.2304,2.4435,"AbiesBelow0.35spg","conifer","Conifer",0.33,-2.3123,2.3482,1.87856,0.79034,NA,"Check",5.12883073850477,4.06423827777494,NA
"Abies","ABBA","NEON.PLA.D05.TREE.02478","TREE_023","TREE","D05",2019-11-04,"Live","small tree",NA,130,NA,2.1,1.2,NA,NA,"Abies balsamea (L.) Mill.",NA,NA,"2019",12,"douglas","Abies balsamea (L.) Mill.","balsam fir","Pinaceae","tree","balsamea",0.608,"sw2",-2.2304,2.4435,"AbiesBelow0.35spg","conifer","Conifer",0.33,-2.3123,2.3482,1.87856,0.79034,NA,"Check",0.0497504895073365,0.0472363852883238,NA
"Abies","ABBA","NEON.PLA.D05.TREE.00455","TREE_051","TREE","D05",2015-08-03,"Live","small tree","Full shade",130,NA,2.3,2.4,NA,NA,"Abies balsamea (L.) Mill.",NA,NA,"2015",12,"douglas","Abies balsamea (L.) Mill.","balsam fir","Pinaceae","tree","balsamea",0.608,"sw2",-2.2304,2.4435,"AbiesBelow0.35spg","conifer","Conifer",0.33,-2.3123,2.3482,1.87856,0.79034,NA,"Check",0.27062265635465,0.240522268978321,NA
"Abies","ABBA","NEON.PLA.D05.TREE.00373","TREE_054","TREE","D05",2016-10-18,"Standing dead","small tree",NA,130,NA,1.6,1.4,NA,NA,"Abies balsamea (L.) Mill.",NA,NA,"2016",12,"douglas","Abies balsamea (L.) Mill.","balsam fir","Pinaceae","tree","balsamea",0.608,"sw2",-2.2304,2.4435,"AbiesBelow0.35spg","conifer","Conifer",0.33,-2.3123,2.3482,1.87856,0.79034,NA,"Check",0.0725073175910424,0.067839260904832,NA
"Abies","ABBA","NEON.PLA.D05.TREE.00360","TREE_051","TREE","D05",2016-09-28,"Live","single bole tree",NA,130,NA,11.7,17.4,NA,61,"Abies balsamea (L.) Mill.",12.3,225.5,"2016",12,"douglas","Abies balsamea (L.) Mill.","balsam fir","Pinaceae","tree","balsamea",0.608,"sw2",-2.2304,2.4435,"AbiesBelow0.35spg","conifer","Conifer",0.33,-2.3123,2.3482,1.87856,0.79034,NA,"Check",115.513216143402,81.0659757240653,NA
"Abies","ABBA","NEON.PLA.D05.TREE.00865","TREE_052","TREE","D05",2015-08-03,"Live","single bole tree","Mostly shaded",130,NA,7.2,13.7,NA,25,"Abies balsamea (L.) Mill.",9.7,358.6,"2015",12,"douglas","Abies balsamea (L.) Mill.","balsam fir","Pinaceae","tree","balsamea",0.608,"sw2",-2.2304,2.4435,"AbiesBelow0.35spg","conifer","Conifer",0.33,-2.3123,2.3482,1.87856,0.79034,NA,"Check",64.4059949156451,46.2410945274808,NA
"Abies","ABBA","NEON.PLA.D05.TREE.00221","TREE_050","TREE","D05",2017-08-30,"Live","small tree",NA,130,NA,7.4,9,NA,NA,"Abies balsamea (L.) Mill.",NA,NA,"2017",12,"douglas","Abies balsamea (L.) Mill.","balsam fir","Pinaceae","tree","balsamea",0.608,"sw2",-2.2304,2.4435,"AbiesBelow0.35spg","conifer","Conifer",0.33,-2.3123,2.3482,1.87856,0.79034,NA,"Check",6.83926694845384,5.35914509000433,NA
"Abies","ABBA","NEON.PLA.D05.TREE.00193","TREE_054","TREE","D05",2022-09-07,"Live, physically damaged","single bole tree","Mostly shaded",130,NA,11.2,15.3,NA,39,"Abies balsamea (L.) Mill.",5.4,119.6,"2022",12,"douglas","Abies balsamea (L.) Mill.","balsam fir","Pinaceae","tree","balsamea",0.608,"sw2",-2.2304,2.4435,"AbiesBelow0.35spg","conifer","Conifer",0.33,-2.3123,2.3482,1.87856,0.79034,NA,"Check",84.3612679893332,59.9340032884007,NA
"Abies","ABBA","NEON.PLA.D05.TREE.00455","TREE_051","TREE","D05",2018-10-09,"Live","small tree",NA,130,NA,2.9,2.6,NA,NA,"Abies balsamea (L.) Mill.",NA,NA,"2018",12,"douglas","Abies balsamea (L.) Mill.","balsam fir","Pinaceae","tree","balsamea",0.608,"sw2",-2.2304,2.4435,"AbiesBelow0.35spg","conifer","Conifer",0.33,-2.3123,2.3482,1.87856,0.79034,NA,"Check",0.329082932937723,0.290257646837017,NA
"Abies","ABBA","NEON.PLA.D05.TREE.00829","TREE_057","TREE","D05",2017-10-17,"Live","small tree",NA,130,NA,5.9,8.7,NA,NA,"Abies balsamea (L.) Mill.",NA,NA,"2017",12,"douglas","Abies balsamea (L.) Mill.","balsam fir","Pinaceae","tree","balsamea",0.608,"sw2",-2.2304,2.4435,"AbiesBelow0.35spg","conifer","Conifer",0.33,-2.3123,2.3482,1.87856,0.79034,NA,"Check",6.29554419855261,4.94905594684807,NA
"Abies","ABBA","NEON.PLA.D05.TREE.00707","TREE_052","TREE","D05",2015-08-03,"Live","small tree","Mostly shaded",130,NA,3.8,3.9,NA,NA,"Abies balsamea (L.) Mill.",NA,NA,"2015",12,"douglas","Abies balsamea (L.) Mill.","balsam fir","Pinaceae","tree","balsamea",0.608,"sw2",-2.2304,2.4435,"AbiesBelow0.35spg","conifer","Conifer",0.33,-2.3123,2.3482,1.87856,0.79034,NA,"Check",0.886307349864757,0.752109656236205,NA
"Abies","ABBA","NEON.PLA.D05.TREE.00455","TREE_051","TREE","D05",2017-09-26,"Live","small tree",NA,130,NA,2.6,2.4,NA,NA,"Abies balsamea (L.) Mill.",NA,NA,"2017",12,"douglas","Abies balsamea (L.) Mill.","balsam fir","Pinaceae","tree","balsamea",0.608,"sw2",-2.2304,2.4435,"AbiesBelow0.35spg","conifer","Conifer",0.33,-2.3123,2.3482,1.87856,0.79034,NA,"Check",0.27062265635465,0.240522268978321,NA
"Abies","ABBA","NEON.PLA.D05.TREE.00188","TREE_050","TREE","D05",2017-08-30,"Live","single bole tree",NA,130,NA,6.4,11.2,NA,41,"Abies balsamea (L.) Mill.",10,301.6,"2017",12,"douglas","Abies balsamea (L.) Mill.","balsam fir","Pinaceae","tree","balsamea",0.608,"sw2",-2.2304,2.4435,"AbiesBelow0.35spg","conifer","Conifer",0.33,-2.3123,2.3482,1.87856,0.79034,NA,"Check",39.3653236069096,28.8107544028986,NA
"Abies","ABBA","NEON.PLA.D05.TREE.00221","TREE_050","TREE","D05",2015-07-29,"Live","small tree","Mostly shaded",130,NA,6.8,8.5,NA,NA,"Abies balsamea (L.) Mill.",NA,NA,"2015",12,"douglas","Abies balsamea (L.) Mill.","balsam fir","Pinaceae","tree","balsamea",0.608,"sw2",-2.2304,2.4435,"AbiesBelow0.35spg","conifer","Conifer",0.33,-2.3123,2.3482,1.87856,0.79034,NA,"Check",5.94775579082023,4.68602688255058,NA
"Abies","ABBA","NEON.PLA.D05.TREE.00069","TREE_054","TREE","D05",2018-10-09,"Live","single bole tree",NA,130,NA,9.4,10.9,NA,39,"Abies balsamea (L.) Mill.",4.3,102.9,"2018",12,"douglas","Abies balsamea (L.) Mill.","balsam fir","Pinaceae","tree","balsamea",0.608,"sw2",-2.2304,2.4435,"AbiesBelow0.35spg","conifer","Conifer",0.33,-2.3123,2.3482,1.87856,0.79034,NA,"Check",36.8384403787844,27.0312277681496,NA
"Abies","ABBA","NEON.PLA.D05.TREE.00299","TREE_051","TREE","D05",2018-10-09,"Live","single bole tree",NA,130,NA,9.5,10.5,NA,59,"Abies balsamea (L.) Mill.",6.3,91.7,"2018",12,"douglas","Abies balsamea (L.) Mill.","balsam fir","Pinaceae","tree","balsamea",0.608,"sw2",-2.2304,2.4435,"AbiesBelow0.35spg","conifer","Conifer",0.33,-2.3123,2.3482,1.87856,0.79034,NA,"Check",33.6221622691773,24.759255504112,NA
"Abies","ABBA","NEON.PLA.D05.TREE.03540","TREE_056","TREE","D05",2021-09-22,"Live","small tree","Full shade",130,NA,1.8,1.6,NA,NA,"Abies balsamea (L.) Mill.",NA,NA,"2021",12,"douglas","Abies balsamea (L.) Mill.","balsam fir","Pinaceae","tree","balsamea",0.608,"sw2",-2.2304,2.4435,"AbiesBelow0.35spg","conifer","Conifer",0.33,-2.3123,2.3482,1.87856,0.79034,NA,"Check",0.100481280546951,0.0928234695920753,NA
"Abies","ABBA","NEON.PLA.D05.TREE.00401","TREE_057","TREE","D05",2017-10-17,"Live","small tree",NA,130,NA,3.4,3.5,NA,NA,"Abies balsamea (L.) Mill.",NA,NA,"2017",12,"douglas","Abies balsamea (L.) Mill.","balsam fir","Pinaceae","tree","balsamea",0.608,"sw2",-2.2304,2.4435,"AbiesBelow0.35spg","conifer","Conifer",0.33,-2.3123,2.3482,1.87856,0.79034,NA,"Check",0.680374847349505,0.583342792207044,NA
"Abies","ABBA","NEON.PLA.D05.TREE.00605","TREE_051","TREE","D05",2018-10-09,"Live","small tree",NA,130,NA,5.8,8.1,NA,NA,"Abies balsamea (L.) Mill.",NA,NA,"2018",12,"douglas","Abies balsamea (L.) Mill.","balsam fir","Pinaceae","tree","balsamea",0.608,"sw2",-2.2304,2.4435,"AbiesBelow0.35spg","conifer","Conifer",0.33,-2.3123,2.3482,1.87856,0.79034,NA,"Check",5.2869003798444,4.18454050142547,NA
"Abies","ABBA","NEON.PLA.D05.TREE.00605","TREE_051","TREE","D05",2017-09-26,"Live","small tree",NA,130,NA,5.6,8,NA,NA,"Abies balsamea (L.) Mill.",NA,NA,"2017",12,"douglas","Abies balsamea (L.) Mill.","balsam fir","Pinaceae","tree","balsamea",0.608,"sw2",-2.2304,2.4435,"AbiesBelow0.35spg","conifer","Conifer",0.33,-2.3123,2.3482,1.87856,0.79034,NA,"Check",5.12883073850477,4.06423827777494,NA
"Abies","ABBA","NEON.PLA.D05.TREE.00454","TREE_051","TREE","D05",2015-08-03,"Live","small tree","Mostly shaded",130,NA,6.5,6.8,NA,NA,"Abies balsamea (L.) Mill.",NA,NA,"2015",12,"douglas","Abies balsamea (L.) Mill.","balsam fir","Pinaceae","tree","balsamea",0.608,"sw2",-2.2304,2.4435,"AbiesBelow0.35spg","conifer","Conifer",0.33,-2.3123,2.3482,1.87856,0.79034,NA,"Check",3.44789087237833,2.77485748647116,NA
"Abies","ABBA","NEON.PLA.D05.TREE.01165","TREE_040","TREE","D05",2020-09-29,"Live","small tree","Full shade",130,NA,7.6,8.4,NA,NA,"Abies balsamea (L.) Mill.",NA,NA,"2020",12,"douglas","Abies balsamea (L.) Mill.","balsam fir","Pinaceae","tree","balsamea",0.608,"sw2",-2.2304,2.4435,"AbiesBelow0.35spg","conifer","Conifer",0.33,-2.3123,2.3482,1.87856,0.79034,NA,"Check",5.77822460152394,4.55759650987467,NA
"Abies","ABBA","NEON.PLA.D05.TREE.03540","TREE_056","TREE","D05",2017-08-28,"Live","small tree",NA,10,NA,1.5,1.5,NA,NA,"Abies balsamea (L.) Mill.",NA,NA,"2017",12,"douglas","Abies balsamea (L.) Mill.","balsam fir","Pinaceae","tree","balsamea",0.608,"sw2",-2.2304,2.4435,"AbiesBelow0.35spg","conifer","Conifer",0.33,-2.3123,2.3482,1.87856,0.79034,1.07394332059371,"Check",0.0379333274278359,0.0363993549036406,NA
"Abies","ABBA","NEON.PLA.D05.TREE.00707","TREE_052","TREE","D05",2018-08-29,"Live","small tree",NA,130,NA,4.6,4.3,NA,NA,"Abies balsamea (L.) Mill.",NA,NA,"2018",12,"douglas","Abies balsamea (L.) Mill.","balsam fir","Pinaceae","tree","balsamea",0.608,"sw2",-2.2304,2.4435,"AbiesBelow0.35spg","conifer","Conifer",0.33,-2.3123,2.3482,1.87856,0.79034,NA,"Check",1.12511821243684,0.945918853671002,NA
"Abies","ABBA","NEON.PLA.D05.TREE.00187","TREE_050","TREE","D05",2016-09-29,"Standing dead","single bole tree",NA,130,NA,9.2,16.8,NA,39,"Abies balsamea (L.) Mill.",8,31.8,"2016",12,"douglas","Abies balsamea (L.) Mill.","balsam fir","Pinaceae","tree","balsamea",0.608,"sw2",-2.2304,2.4435,"AbiesBelow0.35spg","conifer","Conifer",0.33,-2.3123,2.3482,1.87856,0.79034,NA,"Check",106.021224896556,74.6538353976152,NA
"Abies","ABBA","NEON.PLA.D05.TREE.00601","TREE_042","TREE","D05",2019-10-23,"Live","small tree",NA,130,NA,2,1.3,NA,NA,"Abies balsamea (L.) Mill.",NA,NA,"2019",12,"douglas","Abies balsamea (L.) Mill.","balsam fir","Pinaceae","tree","balsamea",0.608,"sw2",-2.2304,2.4435,"AbiesBelow0.35spg","conifer","Conifer",0.33,-2.3123,2.3482,1.87856,0.79034,NA,"Check",0.060497658336138,0.0570039609933637,NA
"Abies","ABBA","NEON.PLA.D05.TREE.00447","TREE_052","TREE","D05",2015-08-03,"Live","small tree","Full shade",130,NA,2.6,1.5,NA,NA,"Abies balsamea (L.) Mill.",NA,NA,"2015",12,"douglas","Abies balsamea (L.) Mill.","balsam fir","Pinaceae","tree","balsamea",0.608,"sw2",-2.2304,2.4435,"AbiesBelow0.35spg","conifer","Conifer",0.33,-2.3123,2.3482,1.87856,0.79034,NA,"Check",0.0858216727315645,0.0797702124793076,NA
"Abies","ABBA","NEON.PLA.D05.TREE.01483","TREE_039","TREE","D05",2015-08-11,"Live, physically damaged","small tree","Full shade",130,NA,1.6,1.3,NA,NA,"Abies balsamea (L.) Mill.",NA,NA,"2015",12,"douglas","Abies balsamea (L.) Mill.","balsam fir","Pinaceae","tree","balsamea",0.608,"sw2",-2.2304,2.4435,"AbiesBelow0.35spg","conifer","Conifer",0.33,-2.3123,2.3482,1.87856,0.79034,NA,"Check",0.060497658336138,0.0570039609933637,NA
"Abies","ABBA","NEON.PLA.D05.TREE.00193","TREE_054","TREE","D05",2017-08-30,"Live","single bole tree",NA,130,NA,7.5,14.6,NA,39,"Abies balsamea (L.) Mill.",5.4,119.6,"2017",12,"douglas","Abies balsamea (L.) Mill.","balsam fir","Pinaceae","tree","balsamea",0.608,"sw2",-2.2304,2.4435,"AbiesBelow0.35spg","conifer","Conifer",0.33,-2.3123,2.3482,1.87856,0.79034,NA,"Check",75.2394809195664,53.6925766069343,NA
"Abies","ABBA","NEON.PLA.D05.TREE.00454","TREE_051","TREE","D05",2016-09-28,"Live","small tree",NA,130,NA,7.2,6.9,NA,NA,"Abies balsamea (L.) Mill.",NA,NA,"2016",12,"douglas","Abies balsamea (L.) Mill.","balsam fir","Pinaceae","tree","balsamea",0.608,"sw2",-2.2304,2.4435,"AbiesBelow0.35spg","conifer","Conifer",0.33,-2.3123,2.3482,1.87856,0.79034,NA,"Check",3.57310465506946,2.87163137163629,NA
"Abies","ABBA","NEON.PLA.D05.TREE.00454","TREE_051","TREE","D05",2018-10-09,"Live","small tree",NA,130,NA,7.3,6.9,NA,NA,"Abies balsamea (L.) Mill.",NA,NA,"2018",12,"douglas","Abies balsamea (L.) Mill.","balsam fir","Pinaceae","tree","balsamea",0.608,"sw2",-2.2304,2.4435,"AbiesBelow0.35spg","conifer","Conifer",0.33,-2.3123,2.3482,1.87856,0.79034,NA,"Check",3.57310465506946,2.87163137163629,NA
"Abies","ABBA","NEON.PLA.D05.TREE.00707","TREE_052","TREE","D05",2017-09-26,"Live","small tree",NA,130,NA,4.3,4.2,NA,NA,"Abies balsamea (L.) Mill.",NA,NA,"2017",12,"douglas","Abies balsamea (L.) Mill.","balsam fir","Pinaceae","tree","balsamea",0.608,"sw2",-2.2304,2.4435,"AbiesBelow0.35spg","conifer","Conifer",0.33,-2.3123,2.3482,1.87856,0.79034,NA,"Check",1.06225216425495,0.895070488248902,NA
"Abies","ABBA","NEON.PLA.D05.TREE.00189","TREE_056","TREE","D05",2021-09-22,"Live","single bole tree","Full shade",130,NA,8.3,10.7,NA,41,"Abies balsamea (L.) Mill.",9.3,203,"2021",12,"douglas","Abies balsamea (L.) Mill.","balsam fir","Pinaceae","tree","balsamea",0.608,"sw2",-2.2304,2.4435,"AbiesBelow0.35spg","conifer","Conifer",0.33,-2.3123,2.3482,1.87856,0.79034,NA,"Check",35.2086074406931,25.8809286967081,NA
"Abies","ABBA","NEON.PLA.D05.TREE.00387","TREE_051","TREE","D05",2017-09-26,"Live","single bole tree",NA,130,NA,8,10.3,NA,61,"Abies balsamea (L.) Mill.",8,234.8,"2017",12,"douglas","Abies balsamea (L.) Mill.","balsam fir","Pinaceae","tree","balsamea",0.608,"sw2",-2.2304,2.4435,"AbiesBelow0.35spg","conifer","Conifer",0.33,-2.3123,2.3482,1.87856,0.79034,NA,"Check",32.0787432909319,23.6660207273982,NA
"Abies","ABBA","NEON.PLA.D05.TREE.00061","TREE_056","TREE","D05",2017-09-25,"Live","small tree",NA,135,NA,5.7,7.5,NA,21,"Abies balsamea (L.) Mill.",5.3,52.5,"2017",12,"douglas","Abies balsamea (L.) Mill.","balsam fir","Pinaceae","tree","balsamea",0.608,"sw2",-2.2304,2.4435,"AbiesBelow0.35spg","conifer","Conifer",0.33,-2.3123,2.3482,1.87856,0.79034,NA,"Check",4.38056552165327,3.49270666577541,NA
"Abies","ABBA","NEON.PLA.D05.TREE.00709","TREE_052","TREE","D05",2015-08-03,"Live","sapling","Full shade",10,NA,1.4,2.8,NA,NA,"Abies balsamea (L.) Mill.",NA,NA,"2015",12,"douglas","Abies balsamea (L.) Mill.","balsam fir","Pinaceae","tree","balsamea",0.608,"sw2",-2.2304,2.4435,"AbiesBelow0.35spg","conifer","Conifer",0.33,-2.3123,2.3482,1.87856,0.79034,2.05525828898538,"Check",0.185270832285661,0.167115277555392,NA
"Abies","ABBA","NEON.PLA.D05.TREE.00221","TREE_050","TREE","D05",2016-09-29,"Live","small tree",NA,130,NA,7.5,8.8,NA,NA,"Abies balsamea (L.) Mill.",NA,NA,"2016",12,"douglas","Abies balsamea (L.) Mill.","balsam fir","Pinaceae","tree","balsamea",0.608,"sw2",-2.2304,2.4435,"AbiesBelow0.35spg","conifer","Conifer",0.33,-2.3123,2.3482,1.87856,0.79034,NA,"Check",6.47383152174139,5.08367133403537,NA
"Abies","ABBA","NEON.PLA.D05.TREE.00193","TREE_054","TREE","D05",2021-09-20,"Live","single bole tree","Mostly shaded",130,NA,10,15.2,NA,39,"Abies balsamea (L.) Mill.",5.4,119.6,"2021",12,"douglas","Abies balsamea (L.) Mill.","balsam fir","Pinaceae","tree","balsamea",0.608,"sw2",-2.2304,2.4435,"AbiesBelow0.35spg","conifer","Conifer",0.33,-2.3123,2.3482,1.87856,0.79034,NA,"Check",83.0203184098759,59.0182031143384,NA
"Abies","ABBA","NEON.PLA.D05.TREE.00707","TREE_052","TREE","D05",2016-09-29,"Live","small tree",NA,130,NA,3.8,4,NA,NA,"Abies balsamea (L.) Mill.",NA,NA,"2016",12,"douglas","Abies balsamea (L.) Mill.","balsam fir","Pinaceae","tree","balsamea",0.608,"sw2",-2.2304,2.4435,"AbiesBelow0.35spg","conifer","Conifer",0.33,-2.3123,2.3482,1.87856,0.79034,NA,"Check",0.942869467316505,0.798179420175993,NA
"Abies","ABBA","NEON.PLA.D05.TREE.02203","TREE_023","TREE","D05",2018-05-08,"Live","small tree",NA,130,NA,NA,1.7,NA,NA,"Abies balsamea (L.) Mill.",NA,NA,"2018",12,"douglas","Abies balsamea (L.) Mill.","balsam fir","Pinaceae","tree","balsamea",0.608,"sw2",-2.2304,2.4435,"AbiesBelow0.35spg","conifer","Conifer",0.33,-2.3123,2.3482,1.87856,0.79034,NA,"Check",0.116525217678834,0.107024550262889,NA
"Abies","ABBA","NEON.PLA.D05.TREE.00336","TREE_054","TREE","D05",2021-09-20,"Live","single bole tree","Partially shaded",130,NA,12.3,13.7,NA,21,"Abies balsamea (L.) Mill.",8,75.7,"2021",12,"douglas","Abies balsamea (L.) Mill.","balsam fir","Pinaceae","tree","balsamea",0.608,"sw2",-2.2304,2.4435,"AbiesBelow0.35spg","conifer","Conifer",0.33,-2.3123,2.3482,1.87856,0.79034,NA,"Check",64.4059949156451,46.2410945274808,NA
"Abies","ABBA","NEON.PLA.D05.TREE.01216","TREE_039","TREE","D05",2020-10-01,"Live","small tree","Mostly shaded",130,NA,2,2.4,NA,NA,"Abies balsamea (L.) Mill.",NA,NA,"2020",12,"douglas","Abies balsamea (L.) Mill.","balsam fir","Pinaceae","tree","balsamea",0.608,"sw2",-2.2304,2.4435,"AbiesBelow0.35spg","conifer","Conifer",0.33,-2.3123,2.3482,1.87856,0.79034,NA,"Check",0.27062265635465,0.240522268978321,NA
"Abies","ABBA","NEON.PLA.D05.TREE.01216","TREE_039","TREE","D05",2017-10-17,"Live","small tree",NA,130,NA,1.8,1.4,NA,NA,"Abies balsamea (L.) Mill.",NA,NA,"2017",12,"douglas","Abies balsamea (L.) Mill.","balsam fir","Pinaceae","tree","balsamea",0.608,"sw2",-2.2304,2.4435,"AbiesBelow0.35spg","conifer","Conifer",0.33,-2.3123,2.3482,1.87856,0.79034,NA,"Check",0.0725073175910424,0.067839260904832,NA
"Abies","ABBA","NEON.PLA.D05.TREE.00069","TREE_054","TREE","D05",2016-10-18,"Live","single bole tree",NA,130,NA,8,10.4,NA,39,"Abies balsamea (L.) Mill.",4.3,102.9,"2016",12,"douglas","Abies balsamea (L.) Mill.","balsam fir","Pinaceae","tree","balsamea",0.608,"sw2",-2.2304,2.4435,"AbiesBelow0.35spg","conifer","Conifer",0.33,-2.3123,2.3482,1.87856,0.79034,NA,"Check",32.845097253419,24.2090951208349,NA
"Abies","ABBA","NEON.PLA.D05.TREE.00069","TREE_054","TREE","D05",2022-09-07,"Live, physically damaged","single bole tree","Mostly shaded",130,NA,10.2,12,NA,39,"Abies balsamea (L.) Mill.",4.3,102.9,"2022",12,"douglas","Abies balsamea (L.) Mill.","balsam fir","Pinaceae","tree","balsamea",0.608,"sw2",-2.2304,2.4435,"AbiesBelow0.35spg","conifer","Conifer",0.33,-2.3123,2.3482,1.87856,0.79034,NA,"Check",46.593889166046,33.8777275836251,NA
"Abies","ABBA","NEON.PLA.D05.TREE.00377","TREE_054","TREE","D05",2021-09-20,"Live","small tree","Full shade",130,NA,7.8,5.8,NA,NA,"Abies balsamea (L.) Mill.",NA,NA,"2021",12,"douglas","Abies balsamea (L.) Mill.","balsam fir","Pinaceae","tree","balsamea",0.608,"sw2",-2.2304,2.4435,"AbiesBelow0.35spg","conifer","Conifer",0.33,-2.3123,2.3482,1.87856,0.79034,NA,"Check",2.33751435054092,1.90996262484592,NA
"Abies","ABBA","NEON.PLA.D05.TREE.01473","TREE_039","TREE","D05",2016-10-18,"Live","single bole tree",NA,130,NA,12.4,12.1,NA,59,"Abies balsamea (L.) Mill.",6.7,119.2,"2016",12,"douglas","Abies balsamea (L.) Mill.","balsam fir","Pinaceae","tree","balsamea",0.608,"sw2",-2.2304,2.4435,"AbiesBelow0.35spg","conifer","Conifer",0.33,-2.3123,2.3482,1.87856,0.79034,NA,"Check",47.5483707006928,34.5443858596436,NA
"Abies","ABBA","NEON.PLA.D05.TREE.00035","TREE_046","TREE","D05",2016-09-29,"Live","small tree",NA,130,NA,1.9,1.3,NA,NA,"Abies balsamea (L.) Mill.",NA,NA,"2016",12,"douglas","Abies balsamea (L.) Mill.","balsam fir","Pinaceae","tree","balsamea",0.608,"sw2",-2.2304,2.4435,"AbiesBelow0.35spg","conifer","Conifer",0.33,-2.3123,2.3482,1.87856,0.79034,NA,"Check",0.060497658336138,0.0570039609933637,NA
"Abies","ABBA","NEON.PLA.D05.TREE.00210","TREE_054","TREE","D05",2015-07-30,"Live","single bole tree","Mostly shaded",130,NA,8.5,11.6,NA,41,"Abies balsamea (L.) Mill.",9.2,65.8,"2015",12,"douglas","Abies balsamea (L.) Mill.","balsam fir","Pinaceae","tree","balsamea",0.608,"sw2",-2.2304,2.4435,"AbiesBelow0.35spg","conifer","Conifer",0.33,-2.3123,2.3482,1.87856,0.79034,NA,"Check",42.8896679772996,31.2853573373404,NA
"Abies","ABBA","NEON.PLA.D05.TREE.00822","TREE_052","TREE","D05",2018-08-29,"Dead, broken bole","single bole tree",NA,130,NA,3,10,NA,NA,"Abies balsamea (L.) Mill.",NA,NA,"2018",12,"douglas","Abies balsamea (L.) Mill.","balsam fir","Pinaceae","tree","balsamea",0.608,"sw2",-2.2304,2.4435,"AbiesBelow0.35spg","conifer","Conifer",0.33,-2.3123,2.3482,1.87856,0.79034,NA,"Check",8.84744728131038,6.86346232900215,NA
"Abies","ABBA","NEON.PLA.D05.TREE.01473","TREE_039","TREE","D05",2021-09-30,"Live, broken bole","single bole tree","Partially shaded",130,NA,7.3,12.5,NA,59,"Abies balsamea (L.) Mill.",6.7,119.2,"2021",12,"douglas","Abies balsamea (L.) Mill.","balsam fir","Pinaceae","tree","balsamea",0.608,"sw2",-2.2304,2.4435,"AbiesBelow0.35spg","conifer","Conifer",0.33,-2.3123,2.3482,1.87856,0.79034,NA,"Check",51.4812643457568,37.285928466556,NA
"Abies","ABBA","NEON.PLA.D05.TREE.00221","TREE_050","TREE","D05",2021-10-06,"Live","small tree","Mostly shaded",130,NA,7.2,9.6,NA,NA,"Abies balsamea (L.) Mill.",NA,NA,"2021",12,"douglas","Abies balsamea (L.) Mill.","balsam fir","Pinaceae","tree","balsamea",0.608,"sw2",-2.2304,2.4435,"AbiesBelow0.35spg","conifer","Conifer",0.33,-2.3123,2.3482,1.87856,0.79034,NA,"Check",8.00751464181528,6.23609271983042,NA
"Abies","ABBA","NEON.PLA.D05.TREE.00216","TREE_050","TREE","D05",2015-07-29,"Live","small tree","Mostly shaded",130,NA,8,8.7,NA,41,"Abies balsamea (L.) Mill.",3.3,42.2,"2015",12,"douglas","Abies balsamea (L.) Mill.","balsam fir","Pinaceae","tree","balsamea",0.608,"sw2",-2.2304,2.4435,"AbiesBelow0.35spg","conifer","Conifer",0.33,-2.3123,2.3482,1.87856,0.79034,NA,"Check",6.29554419855261,4.94905594684807,NA
"Abies","ABBA","NEON.PLA.D05.TREE.02227","TREE_015","TREE","D05",2019-10-24,"Live","single bole tree","Partially shaded",130,NA,14.4,13.9,NA,51,"Abies balsamea (L.) Mill.",3.7,210.7,"2019",12,"douglas","Abies balsamea (L.) Mill.","balsam fir","Pinaceae","tree","balsamea",0.608,"sw2",-2.2304,2.4435,"AbiesBelow0.35spg","conifer","Conifer",0.33,-2.3123,2.3482,1.87856,0.79034,NA,"Check",66.7277148007724,47.8418784633076,NA
"Abies","ABBA","NEON.PLA.D05.TREE.00222","TREE_057","TREE","D05",2015-08-04,"Live","small tree","Full shade",130,NA,4,4.9,NA,NA,"Abies balsamea (L.) Mill.",NA,NA,"2015",12,"douglas","Abies balsamea (L.) Mill.","balsam fir","Pinaceae","tree","balsamea",0.608,"sw2",-2.2304,2.4435,"AbiesBelow0.35spg","conifer","Conifer",0.33,-2.3123,2.3482,1.87856,0.79034,NA,"Check",1.54814667751255,1.2854692417699,NA
"Abies","ABBA","NEON.PLA.D05.TREE.00222","TREE_057","TREE","D05",2016-10-18,"Live","small tree",NA,130,NA,4.8,5.4,NA,NA,"Abies balsamea (L.) Mill.",NA,NA,"2016",12,"douglas","Abies balsamea (L.) Mill.","balsam fir","Pinaceae","tree","balsamea",0.608,"sw2",-2.2304,2.4435,"AbiesBelow0.35spg","conifer","Conifer",0.33,-2.3123,2.3482,1.87856,0.79034,NA,"Check",1.96300829888665,1.61491727830775,NA
"Abies","ABBA","NEON.PLA.D05.TREE.02698","TREE_023","TREE","D05",2019-11-04,"Live","single bole tree","Mostly shaded",130,NA,12.2,14.6,NA,31,"Abies balsamea (L.) Mill.",9.4,90.4,"2019",12,"douglas","Abies balsamea (L.) Mill.","balsam fir","Pinaceae","tree","balsamea",0.608,"sw2",-2.2304,2.4435,"AbiesBelow0.35spg","conifer","Conifer",0.33,-2.3123,2.3482,1.87856,0.79034,NA,"Check",75.2394809195664,53.6925766069343,NA
"Abies","ABBA","NEON.PLA.D05.TREE.02479","TREE_023","TREE","D05",2019-11-04,"Live","small tree",NA,130,NA,2.8,2.2,NA,NA,"Abies balsamea (L.) Mill.",NA,NA,"2019",12,"douglas","Abies balsamea (L.) Mill.","balsam fir","Pinaceae","tree","balsamea",0.608,"sw2",-2.2304,2.4435,"AbiesBelow0.35spg","conifer","Conifer",0.33,-2.3123,2.3482,1.87856,0.79034,NA,"Check",0.218790169181502,0.196074083394239,NA
"Abies","ABBA","NEON.PLA.D05.TREE.00605","TREE_051","TREE","D05",2015-08-03,"Live","small tree","Mostly shaded",130,NA,5.6,7.6,NA,NA,"Abies balsamea (L.) Mill.",NA,NA,"2015",12,"douglas","Abies balsamea (L.) Mill.","balsam fir","Pinaceae","tree","balsamea",0.608,"sw2",-2.2304,2.4435,"AbiesBelow0.35spg","conifer","Conifer",0.33,-2.3123,2.3482,1.87856,0.79034,NA,"Check",4.52466047935537,3.6030453773789,NA
"Abies","ABBA","NEON.PLA.D05.TREE.03535","TREE_050","TREE","D05",2016-09-29,"Live","single bole tree",NA,130,NA,16,19,NA,41,"Abies balsamea (L.) Mill.",11.6,275.6,"2016",12,"douglas","Abies balsamea (L.) Mill.","balsam fir","Pinaceae","tree","balsamea",0.608,"sw2",-2.2304,2.4435,"AbiesBelow0.35spg","conifer","Conifer",0.33,-2.3123,2.3482,1.87856,0.79034,NA,"Check",143.213517438697,99.666699173559,NA
"Abies","ABBA","NEON.PLA.D05.TREE.00035","TREE_046","TREE","D05",2015-07-28,"Live","small tree","Full shade",130,NA,1.8,1.3,NA,NA,"Abies balsamea (L.) Mill.",NA,NA,"2015",12,"douglas","Abies balsamea (L.) Mill.","balsam fir","Pinaceae","tree","balsamea",0.608,"sw2",-2.2304,2.4435,"AbiesBelow0.35spg","conifer","Conifer",0.33,-2.3123,2.3482,1.87856,0.79034,NA,"Check",0.060497658336138,0.0570039609933637,NA
"Abies","ABBA","NEON.PLA.D05.TREE.00447","TREE_052","TREE","D05",2017-09-26,"Live","small tree",NA,130,NA,1.9,1.5,NA,NA,"Abies balsamea (L.) Mill.",NA,NA,"2017",12,"douglas","Abies balsamea (L.) Mill.","balsam fir","Pinaceae","tree","balsamea",0.608,"sw2",-2.2304,2.4435,"AbiesBelow0.35spg","conifer","Conifer",0.33,-2.3123,2.3482,1.87856,0.79034,NA,"Check",0.0858216727315645,0.0797702124793076,NA
"Abies","ABBA","NEON.PLA.D05.TREE.03535","TREE_050","TREE","D05",2021-10-06,"Live, physically damaged","single bole tree","Partially shaded",130,NA,17.2,19.8,NA,41,"Abies balsamea (L.) Mill.",11.6,275.6,"2021",12,"douglas","Abies balsamea (L.) Mill.","balsam fir","Pinaceae","tree","balsamea",0.608,"sw2",-2.2304,2.4435,"AbiesBelow0.35spg","conifer","Conifer",0.33,-2.3123,2.3482,1.87856,0.79034,NA,"Check",158.398469133304,109.801954131597,NA
"Abies","ABBA","NEON.PLA.D05.TREE.00336","TREE_054","TREE","D05",2015-07-30,"Live","single bole tree","Partially shaded",130,NA,9.6,13.1,NA,21,"Abies balsamea (L.) Mill.",8,75.7,"2015",12,"douglas","Abies balsamea (L.) Mill.","balsam fir","Pinaceae","tree","balsamea",0.608,"sw2",-2.2304,2.4435,"AbiesBelow0.35spg","conifer","Conifer",0.33,-2.3123,2.3482,1.87856,0.79034,NA,"Check",57.7300586212782,41.6252951502566,NA
"Abies","ABBA","NEON.PLA.D05.TREE.02700","TREE_023","TREE","D05",2018-05-08,"Live","single bole tree","Partially shaded",130,NA,11.4,16.6,NA,31,"Abies balsamea (L.) Mill.",1.3,85.6,"2018",12,"douglas","Abies balsamea (L.) Mill.","balsam fir","Pinaceae","tree","balsamea",0.608,"sw2",-2.2304,2.4435,"AbiesBelow0.35spg","conifer","Conifer",0.33,-2.3123,2.3482,1.87856,0.79034,NA,"Check",102.963595717403,72.5836296325845,NA
"Abies","ABBA","NEON.PLA.D05.TREE.00577","TREE_055","TREE","D05",2015-07-29,"Live","sapling","Full shade",10,NA,1.2,2,NA,NA,"Abies balsamea (L.) Mill.",NA,NA,"2015",12,"douglas","Abies balsamea (L.) Mill.","balsam fir","Pinaceae","tree","balsamea",0.608,"sw2",-2.2304,2.4435,"AbiesBelow0.35spg","conifer","Conifer",0.33,-2.3123,2.3482,1.87856,0.79034,1.44845965449022,"Check",0.0787939330018576,0.0734824570498855,NA
"Abies","ABBA","NEON.PLA.D05.TREE.00189","TREE_056","TREE","D05",2018-10-09,"Live","small tree",NA,130,NA,7,9.3,NA,41,"Abies balsamea (L.) Mill.",9.3,203,"2018",12,"douglas","Abies balsamea (L.) Mill.","balsam fir","Pinaceae","tree","balsamea",0.608,"sw2",-2.2304,2.4435,"AbiesBelow0.35spg","conifer","Conifer",0.33,-2.3123,2.3482,1.87856,0.79034,NA,"Check",7.40979287392518,5.78808518500588,NA
"Abies","ABBA","NEON.PLA.D05.TREE.03496","TREE_045","TREE","D05",2016-10-18,"Live","single bole tree",NA,130,NA,9.6,10.3,NA,NA,"Abies balsamea (L.) Mill.",NA,NA,"2016",12,"douglas","Abies balsamea (L.) Mill.","balsam fir","Pinaceae","tree","balsamea",0.608,"sw2",-2.2304,2.4435,"AbiesBelow0.35spg","conifer","Conifer",0.33,-2.3123,2.3482,1.87856,0.79034,NA,"Check",32.0787432909319,23.6660207273982,NA
"Abies","ABBA","NEON.PLA.D05.TREE.00067","TREE_050","TREE","D05",2017-08-30,"Live","single bole tree",NA,130,NA,14.6,14.1,NA,39,"Abies balsamea (L.) Mill.",7.5,32.5,"2017",12,"douglas","Abies balsamea (L.) Mill.","balsam fir","Pinaceae","tree","balsamea",0.608,"sw2",-2.2304,2.4435,"AbiesBelow0.35spg","conifer","Conifer",0.33,-2.3123,2.3482,1.87856,0.79034,NA,"Check",69.0981610409131,49.4740188081104,NA
"Abies","ABBA","NEON.PLA.D05.TREE.00609","TREE_039","TREE","D05",2017-10-17,"Live","single bole tree",NA,130,NA,10.2,11,NA,59,"Abies balsamea (L.) Mill.",7.6,134.7,"2017",12,"douglas","Abies balsamea (L.) Mill.","balsam fir","Pinaceae","tree","balsamea",0.608,"sw2",-2.2304,2.4435,"AbiesBelow0.35spg","conifer","Conifer",0.33,-2.3123,2.3482,1.87856,0.79034,NA,"Check",37.6697392257646,27.617169967899,NA
"Abies","ABBA","NEON.PLA.D05.TREE.00460","TREE_051","TREE","D05",2015-08-03,"Live","small tree","Full shade",130,NA,2.2,1.7,NA,NA,"Abies balsamea (L.) Mill.",NA,NA,"2015",12,"douglas","Abies balsamea (L.) Mill.","balsam fir","Pinaceae","tree","balsamea",0.608,"sw2",-2.2304,2.4435,"AbiesBelow0.35spg","conifer","Conifer",0.33,-2.3123,2.3482,1.87856,0.79034,NA,"Check",0.116525217678834,0.107024550262889,NA
"Abies","ABBA","NEON.PLA.D05.TREE.00315","TREE_054","TREE","D05",2018-10-09,"Live","single bole tree",NA,130,NA,10.3,11.4,NA,23,"Abies balsamea (L.) Mill.",6.1,295.1,"2018",12,"douglas","Abies balsamea (L.) Mill.","balsam fir","Pinaceae","tree","balsamea",0.608,"sw2",-2.2304,2.4435,"AbiesBelow0.35spg","conifer","Conifer",0.33,-2.3123,2.3482,1.87856,0.79034,NA,"Check",41.1051835472611,30.033423589797,NA
"Abies","ABBA","NEON.PLA.D05.TREE.00397","TREE_054","TREE","D05",2022-09-07,"Standing dead","small tree","Full shade",130,NA,3.1,2.4,NA,NA,"Abies balsamea (L.) Mill.",NA,NA,"2022",12,"douglas","Abies balsamea (L.) Mill.","balsam fir","Pinaceae","tree","balsamea",0.608,"sw2",-2.2304,2.4435,"AbiesBelow0.35spg","conifer","Conifer",0.33,-2.3123,2.3482,1.87856,0.79034,NA,"Check",0.27062265635465,0.240522268978321,NA
"Abies","ABBA","NEON.PLA.D05.TREE.00460","TREE_051","TREE","D05",2017-09-26,"Live","small tree",NA,130,NA,2.1,1.6,NA,NA,"Abies balsamea (L.) Mill.",NA,NA,"2017",12,"douglas","Abies balsamea (L.) Mill.","balsam fir","Pinaceae","tree","balsamea",0.608,"sw2",-2.2304,2.4435,"AbiesBelow0.35spg","conifer","Conifer",0.33,-2.3123,2.3482,1.87856,0.79034,NA,"Check",0.100481280546951,0.0928234695920753,NA
"Abies","ABBA","NEON.PLA.D05.TREE.00368","TREE_025","TREE","D05",2015-08-04,"Live","sapling","Full shade",10,NA,1.3,1.9,NA,NA,"Abies balsamea (L.) Mill.",NA,NA,"2015",12,"douglas","Abies balsamea (L.) Mill.","balsam fir","Pinaceae","tree","balsamea",0.608,"sw2",-2.2304,2.4435,"AbiesBelow0.35spg","conifer","Conifer",0.33,-2.3123,2.3482,1.87856,0.79034,1.37322264723203,"Check",0.0691652597805064,0.064831574657888,NA
"Abies","ABBA","NEON.PLA.D05.TREE.03535","TREE_050","TREE","D05",2017-08-30,"Live","single bole tree",NA,130,NA,16.5,19.1,NA,41,"Abies balsamea (L.) Mill.",11.6,275.6,"2017",12,"douglas","Abies balsamea (L.) Mill.","balsam fir","Pinaceae","tree","balsamea",0.608,"sw2",-2.2304,2.4435,"AbiesBelow0.35spg","conifer","Conifer",0.33,-2.3123,2.3482,1.87856,0.79034,NA,"Check",145.062320509396,100.902847540181,NA
"Abies","ABBA","NEON.PLA.D05.TREE.00370","TREE_051","TREE","D05",2018-10-09,"Live","single bole tree",NA,130,NA,12.8,15.7,NA,61,"Abies balsamea (L.) Mill.",9.6,223.5,"2018",12,"douglas","Abies balsamea (L.) Mill.","balsam fir","Pinaceae","tree","balsamea",0.608,"sw2",-2.2304,2.4435,"AbiesBelow0.35spg","conifer","Conifer",0.33,-2.3123,2.3482,1.87856,0.79034,NA,"Check",89.8525461521907,63.6784426109215,NA
"Abies","ABBA","NEON.PLA.D05.TREE.00360","TREE_051","TREE","D05",2015-08-03,"Live","single bole tree","Mostly shaded",130,NA,11.6,16.8,NA,61,"Abies balsamea (L.) Mill.",12.3,225.5,"2015",12,"douglas","Abies balsamea (L.) Mill.","balsam fir","Pinaceae","tree","balsamea",0.608,"sw2",-2.2304,2.4435,"AbiesBelow0.35spg","conifer","Conifer",0.33,-2.3123,2.3482,1.87856,0.79034,NA,"Check",106.021224896556,74.6538353976152,NA
"Abies","ABBA","NEON.PLA.D05.TREE.00833","TREE_025","TREE","D05",2015-08-04,"Live","sapling","Full shade",10,NA,1.3,2.3,NA,NA,"Abies balsamea (L.) Mill.",NA,NA,"2015",12,"douglas","Abies balsamea (L.) Mill.","balsam fir","Pinaceae","tree","balsamea",0.608,"sw2",-2.2304,2.4435,"AbiesBelow0.35spg","conifer","Conifer",0.33,-2.3123,2.3482,1.87856,0.79034,1.67504582989061,"Check",0.112389880720699,0.103371956746037,NA
"Abies","ABBA","NEON.PLA.D05.TREE.00307","TREE_051","TREE","D05",2017-09-26,"Live","small tree",NA,130,NA,5.3,9.2,NA,NA,"Abies balsamea (L.) Mill.",NA,NA,"2017",12,"douglas","Abies balsamea (L.) Mill.","balsam fir","Pinaceae","tree","balsamea",0.608,"sw2",-2.2304,2.4435,"AbiesBelow0.35spg","conifer","Conifer",0.33,-2.3123,2.3482,1.87856,0.79034,NA,"Check",7.21661504891742,5.64299714463163,NA
"Abies","ABBA","NEON.PLA.D05.TREE.01084","TREE_044","TREE","D05",2018-10-16,"Live","single bole tree",NA,130,NA,12.5,18.8,NA,43,"Abies balsamea (L.) Mill.",8.9,304.2,"2018",12,"douglas","Abies balsamea (L.) Mill.","balsam fir","Pinaceae","tree","balsamea",0.608,"sw2",-2.2304,2.4435,"AbiesBelow0.35spg","conifer","Conifer",0.33,-2.3123,2.3482,1.87856,0.79034,NA,"Check",139.557857090161,97.2206076396697,NA
"Abies","ABBA","NEON.PLA.D05.TREE.01084","TREE_044","TREE","D05",2015-08-05,"Live","single bole tree","Full sun",130,NA,7.6,16.5,NA,43,"Abies balsamea (L.) Mill.",8.9,304.2,"2015",12,"douglas","Abies balsamea (L.) Mill.","balsam fir","Pinaceae","tree","balsamea",0.608,"sw2",-2.2304,2.4435,"AbiesBelow0.35spg","conifer","Conifer",0.33,-2.3123,2.3482,1.87856,0.79034,NA,"Check",101.454567835647,71.5610439108831,NA
"Abies","ABBA","NEON.PLA.D05.TREE.01085","TREE_047","TREE","D05",2015-08-06,"Live","small tree","Mostly shaded",130,NA,5.4,7.7,NA,NA,"Abies balsamea (L.) Mill.",NA,NA,"2015",12,"douglas","Abies balsamea (L.) Mill.","balsam fir","Pinaceae","tree","balsamea",0.608,"sw2",-2.2304,2.4435,"AbiesBelow0.35spg","conifer","Conifer",0.33,-2.3123,2.3482,1.87856,0.79034,NA,"Check",4.67151847212447,3.71535892269087,NA
"Abies","ABBA","NEON.PLA.D05.TREE.00231","TREE_050","TREE","D05",2018-08-29,"Live","small tree",NA,130,NA,5.9,5.2,NA,NA,"Abies balsamea (L.) Mill.",NA,NA,"2018",12,"douglas","Abies balsamea (L.) Mill.","balsam fir","Pinaceae","tree","balsamea",0.608,"sw2",-2.2304,2.4435,"AbiesBelow0.35spg","conifer","Conifer",0.33,-2.3123,2.3482,1.87856,0.79034,NA,"Check",1.79007881840947,1.47795872566067,NA
"Abies","ABBA","NEON.PLA.D05.TREE.00318","TREE_054","TREE","D05",2017-08-30,"Live","single bole tree",NA,130,NA,11.4,11.7,NA,41,"Abies balsamea (L.) Mill.",10.9,209.4,"2017",12,"douglas","Abies balsamea (L.) Mill.","balsam fir","Pinaceae","tree","balsamea",0.608,"sw2",-2.2304,2.4435,"AbiesBelow0.35spg","conifer","Conifer",0.33,-2.3123,2.3482,1.87856,0.79034,NA,"Check",43.7987524871117,31.9223540508798,NA
"Abies","ABBA","NEON.PLA.D05.TREE.08185","TREE_054","TREE","D05",2022-09-07,"Live","small tree","Full shade",130,NA,5.6,5.5,NA,NA,"Abies balsamea (L.) Mill.",NA,NA,"2022",12,"douglas","Abies balsamea (L.) Mill.","balsam fir","Pinaceae","tree","balsamea",0.608,"sw2",-2.2304,2.4435,"AbiesBelow0.35spg","conifer","Conifer",0.33,-2.3123,2.3482,1.87856,0.79034,NA,"Check",2.05302489326714,1.68602077559612,NA
"Abies","ABBA","NEON.PLA.D05.TREE.02224","TREE_015","TREE","D05",2018-05-08,"Live","single bole tree","Partially shaded",130,NA,16.6,21,NA,51,"Abies balsamea (L.) Mill.",4.6,245.1,"2018",12,"douglas","Abies balsamea (L.) Mill.","balsam fir","Pinaceae","tree","balsamea",0.608,"sw2",-2.2304,2.4435,"AbiesBelow0.35spg","conifer","Conifer",0.33,-2.3123,2.3482,1.87856,0.79034,NA,"Check",182.891041993266,126.071296008652,NA
"Abies","ABBA","NEON.PLA.D05.TREE.02225","TREE_015","TREE","D05",2018-05-08,"Live","single bole tree","Mostly shaded",130,NA,11.9,12.3,NA,41,"Abies balsamea (L.) Mill.",6.2,226.2,"2018",12,"douglas","Abies balsamea (L.) Mill.","balsam fir","Pinaceae","tree","balsamea",0.608,"sw2",-2.2304,2.4435,"AbiesBelow0.35spg","conifer","Conifer",0.33,-2.3123,2.3482,1.87856,0.79034,NA,"Check",49.4917405274782,35.9001325582182,NA
"Abies","ABBA","NEON.PLA.D05.TREE.00017","TREE_050","TREE","D05",2017-08-30,"Live","small tree",NA,130,NA,6.2,5.8,NA,NA,"Abies balsamea (L.) Mill.",NA,NA,"2017",12,"douglas","Abies balsamea (L.) Mill.","balsam fir","Pinaceae","tree","balsamea",0.608,"sw2",-2.2304,2.4435,"AbiesBelow0.35spg","conifer","Conifer",0.33,-2.3123,2.3482,1.87856,0.79034,NA,"Check",2.33751435054092,1.90996262484592,NA
"Abies","ABBA","NEON.PLA.D05.TREE.00989","TREE_039","TREE","D05",2015-08-11,"Live","sapling","Full shade",10,NA,1.2,2,NA,NA,"Abies balsamea (L.) Mill.",NA,NA,"2015",12,"douglas","Abies balsamea (L.) Mill.","balsam fir","Pinaceae","tree","balsamea",0.608,"sw2",-2.2304,2.4435,"AbiesBelow0.35spg","conifer","Conifer",0.33,-2.3123,2.3482,1.87856,0.79034,1.44845965449022,"Check",0.0787939330018576,0.0734824570498855,NA
"Abies","ABBA","NEON.PLA.D05.TREE.01057","TREE_039","TREE","D05",2021-09-30,"Live","small tree","Mostly shaded",130,NA,4.5,3.3,NA,NA,"Abies balsamea (L.) Mill.",NA,NA,"2021",12,"douglas","Abies balsamea (L.) Mill.","balsam fir","Pinaceae","tree","balsamea",0.608,"sw2",-2.2304,2.4435,"AbiesBelow0.35spg","conifer","Conifer",0.33,-2.3123,2.3482,1.87856,0.79034,NA,"Check",0.589259775013663,0.508063139991196,NA
"Abies","ABBA","NEON.PLA.D05.TREE.00233","TREE_055","TREE","D05",2015-07-29,"Live","small tree","Full shade",130,NA,2.9,3.1,NA,NA,"Abies balsamea (L.) Mill.",NA,NA,"2015",12,"douglas","Abies balsamea (L.) Mill.","balsam fir","Pinaceae","tree","balsamea",0.608,"sw2",-2.2304,2.4435,"AbiesBelow0.35spg","conifer","Conifer",0.33,-2.3123,2.3482,1.87856,0.79034,NA,"Check",0.505778404857727,0.438691059709943,NA
"Abies","ABBA","NEON.PLA.D05.TREE.02229","TREE_015","TREE","D05",2018-05-08,"Live","single bole tree","Partially shaded",130,NA,11.3,12.5,NA,51,"Abies balsamea (L.) Mill.",7.2,182.1,"2018",12,"douglas","Abies balsamea (L.) Mill.","balsam fir","Pinaceae","tree","balsamea",0.608,"sw2",-2.2304,2.4435,"AbiesBelow0.35spg","conifer","Conifer",0.33,-2.3123,2.3482,1.87856,0.79034,NA,"Check",51.4812643457568,37.285928466556,NA
"Abies","ABBA","NEON.PLA.D05.TREE.01426","TREE_039","TREE","D05",2015-08-11,"Live","small tree","Mostly shaded",130,NA,3,2.8,NA,NA,"Abies balsamea (L.) Mill.",NA,NA,"2015",12,"douglas","Abies balsamea (L.) Mill.","balsam fir","Pinaceae","tree","balsamea",0.608,"sw2",-2.2304,2.4435,"AbiesBelow0.35spg","conifer","Conifer",0.33,-2.3123,2.3482,1.87856,0.79034,NA,"Check",0.394410649743346,0.345429754183071,NA
"Abies","ABBA","NEON.PLA.D05.TREE.01426","TREE_039","TREE","D05",2021-09-30,"Live","small tree","Mostly shaded",130,NA,4.7,4.7,NA,NA,"Abies balsamea (L.) Mill.",NA,NA,"2021",12,"douglas","Abies balsamea (L.) Mill.","balsam fir","Pinaceae","tree","balsamea",0.608,"sw2",-2.2304,2.4435,"AbiesBelow0.35spg","conifer","Conifer",0.33,-2.3123,2.3482,1.87856,0.79034,NA,"Check",1.39826375216329,1.16563732170516,NA
"Abies","ABBA","NEON.PLA.D05.TREE.03441","TREE_023","TREE","D05",2019-11-04,"Live","small tree",NA,130,NA,2,1.3,NA,NA,"Abies balsamea (L.) Mill.",NA,NA,"2019",12,"douglas","Abies balsamea (L.) Mill.","balsam fir","Pinaceae","tree","balsamea",0.608,"sw2",-2.2304,2.4435,"AbiesBelow0.35spg","conifer","Conifer",0.33,-2.3123,2.3482,1.87856,0.79034,NA,"Check",0.060497658336138,0.0570039609933637,NA
"Abies","ABBA","NEON.PLA.D05.TREE.00075","TREE_054","TREE","D05",2018-10-09,"Standing dead","small tree",NA,130,NA,3.2,3.3,NA,NA,"Abies balsamea (L.) Mill.",NA,NA,"2018",12,"douglas","Abies balsamea (L.) Mill.","balsam fir","Pinaceae","tree","balsamea",0.608,"sw2",-2.2304,2.4435,"AbiesBelow0.35spg","conifer","Conifer",0.33,-2.3123,2.3482,1.87856,0.79034,NA,"Check",0.589259775013663,0.508063139991196,NA
"Abies","ABBA","NEON.PLA.D05.TREE.00321","TREE_054","TREE","D05",2015-07-30,"Live","single bole tree","Partially shaded",130,NA,10.9,12.3,NA,21,"Abies balsamea (L.) Mill.",1.9,10.2,"2015",12,"douglas","Abies balsamea (L.) Mill.","balsam fir","Pinaceae","tree","balsamea",0.608,"sw2",-2.2304,2.4435,"AbiesBelow0.35spg","conifer","Conifer",0.33,-2.3123,2.3482,1.87856,0.79034,NA,"Check",49.4917405274782,35.9001325582182,NA
"Abies","ABBA","NEON.PLA.D05.TREE.00322","TREE_051","TREE","D05",2015-08-03,"Live","small tree","Mostly shaded",130,NA,4.7,6.5,NA,NA,"Abies balsamea (L.) Mill.",NA,NA,"2015",12,"douglas","Abies balsamea (L.) Mill.","balsam fir","Pinaceae","tree","balsamea",0.608,"sw2",-2.2304,2.4435,"AbiesBelow0.35spg","conifer","Conifer",0.33,-2.3123,2.3482,1.87856,0.79034,NA,"Check",3.08796074246844,2.49589550220602,NA
"Abies","ABBA","NEON.PLA.D05.TREE.00818","TREE_052","TREE","D05",2018-08-29,"Live","single bole tree",NA,130,NA,14.7,16.6,NA,39,"Abies balsamea (L.) Mill.",10.4,116.1,"2018",12,"douglas","Abies balsamea (L.) Mill.","balsam fir","Pinaceae","tree","balsamea",0.608,"sw2",-2.2304,2.4435,"AbiesBelow0.35spg","conifer","Conifer",0.33,-2.3123,2.3482,1.87856,0.79034,NA,"Check",102.963595717403,72.5836296325845,NA
"Abies","ABBA","NEON.PLA.D05.TREE.03660","TREE_004","TREE","D05",2018-05-02,"Live","single bole tree","Partially shaded",130,NA,15.4,18.2,NA,31,"Abies balsamea (L.) Mill.",6.2,13.2,"2018",12,"douglas","Abies balsamea (L.) Mill.","balsam fir","Pinaceae","tree","balsamea",0.608,"sw2",-2.2304,2.4435,"AbiesBelow0.35spg","conifer","Conifer",0.33,-2.3123,2.3482,1.87856,0.79034,NA,"Check",128.924074992767,90.0908123057114,NA
"Abies","ABBA","NEON.PLA.D05.TREE.03659","TREE_004","TREE","D05",2019-10-08,"Live","single bole tree","Partially shaded",130,NA,13,15.6,NA,31,"Abies balsamea (L.) Mill.",8.9,25.7,"2019",12,"douglas","Abies balsamea (L.) Mill.","balsam fir","Pinaceae","tree","balsamea",0.608,"sw2",-2.2304,2.4435,"AbiesBelow0.35spg","conifer","Conifer",0.33,-2.3123,2.3482,1.87856,0.79034,NA,"Check",88.4605313403995,62.7301103262393,NA
"Abies","ABBA","NEON.PLA.D05.TREE.00377","TREE_054","TREE","D05",2015-07-30,"Live","small tree","Full shade",130,NA,6.2,4.6,NA,NA,"Abies balsamea (L.) Mill.",NA,NA,"2015",12,"douglas","Abies balsamea (L.) Mill.","balsam fir","Pinaceae","tree","balsamea",0.608,"sw2",-2.2304,2.4435,"AbiesBelow0.35spg","conifer","Conifer",0.33,-2.3123,2.3482,1.87856,0.79034,NA,"Check",1.32668172024424,1.10823329763597,NA
"Abies","ABBA","NEON.PLA.D05.TREE.00207","TREE_054","TREE","D05",2015-07-30,"Live","single bole tree","Mostly shaded",130,NA,7.9,10.4,NA,43,"Abies balsamea (L.) Mill.",10.8,332.5,"2015",12,"douglas","Abies balsamea (L.) Mill.","balsam fir","Pinaceae","tree","balsamea",0.608,"sw2",-2.2304,2.4435,"AbiesBelow0.35spg","conifer","Conifer",0.33,-2.3123,2.3482,1.87856,0.79034,NA,"Check",32.845097253419,24.2090951208349,NA
"Abies","ABBA","NEON.PLA.D05.TREE.00193","TREE_054","TREE","D05",2015-07-30,"Live","single bole tree","Mostly shaded",130,NA,7.1,13.8,NA,39,"Abies balsamea (L.) Mill.",5.4,119.6,"2015",12,"douglas","Abies balsamea (L.) Mill.","balsam fir","Pinaceae","tree","balsamea",0.608,"sw2",-2.2304,2.4435,"AbiesBelow0.35spg","conifer","Conifer",0.33,-2.3123,2.3482,1.87856,0.79034,NA,"Check",65.5607835171622,47.0375767745749,NA
"Abies","ABBA","NEON.PLA.D05.TREE.00336","TREE_054","TREE","D05",2022-09-07,"Live","single bole tree","Partially shaded",130,NA,12.5,14,NA,21,"Abies balsamea (L.) Mill.",8,75.7,"2022",12,"douglas","Abies balsamea (L.) Mill.","balsam fir","Pinaceae","tree","balsamea",0.608,"sw2",-2.2304,2.4435,"AbiesBelow0.35spg","conifer","Conifer",0.33,-2.3123,2.3482,1.87856,0.79034,NA,"Check",67.9068277120395,48.6540192773061,NA
"Abies","ABBA","NEON.PLA.D05.TREE.00061","TREE_056","TREE","D05",2016-09-28,"Live","small tree",NA,130,NA,5.9,6.7,NA,21,"Abies balsamea (L.) Mill.",5.3,52.5,"2016",12,"douglas","Abies balsamea (L.) Mill.","balsam fir","Pinaceae","tree","balsamea",0.608,"sw2",-2.2304,2.4435,"AbiesBelow0.35spg","conifer","Conifer",0.33,-2.3123,2.3482,1.87856,0.79034,NA,"Check",3.32530713291151,2.67998341269941,NA
"Abies","ABBA","NEON.PLA.D05.TREE.00008","TREE_056","TREE","D05",2016-09-28,"Live","small tree",NA,130,NA,4.5,6.3,NA,NA,"Abies balsamea (L.) Mill.",NA,NA,"2016",12,"douglas","Abies balsamea (L.) Mill.","balsam fir","Pinaceae","tree","balsamea",0.608,"sw2",-2.2304,2.4435,"AbiesBelow0.35spg","conifer","Conifer",0.33,-2.3123,2.3482,1.87856,0.79034,NA,"Check",2.86092594406005,2.31928827564036,NA
"Abies","ABBA","NEON.PLA.D05.TREE.00360","TREE_051","TREE","D05",2017-09-26,"Live","single bole tree",NA,130,NA,12,17.4,NA,61,"Abies balsamea (L.) Mill.",12.3,225.5,"2017",12,"douglas","Abies balsamea (L.) Mill.","balsam fir","Pinaceae","tree","balsamea",0.608,"sw2",-2.2304,2.4435,"AbiesBelow0.35spg","conifer","Conifer",0.33,-2.3123,2.3482,1.87856,0.79034,NA,"Check",115.513216143402,81.0659757240653,NA
"Abies","ABBA","NEON.PLA.D05.TREE.01216","TREE_039","TREE","D05",2021-09-30,"Live","small tree","Full shade",140,NA,2.2,1.6,NA,NA,"Abies balsamea (L.) Mill.",NA,NA,"2021",12,"douglas","Abies balsamea (L.) Mill.","balsam fir","Pinaceae","tree","balsamea",0.608,"sw2",-2.2304,2.4435,"AbiesBelow0.35spg","conifer","Conifer",0.33,-2.3123,2.3482,1.87856,0.79034,NA,"Check",0.100481280546951,0.0928234695920753,NA
"Abies","ABBA","NEON.PLA.D05.TREE.02202","TREE_023","TREE","D05",2018-05-08,"Live","small tree",NA,130,NA,NA,1.7,NA,NA,"Abies balsamea (L.) Mill.",NA,NA,"2018",12,"douglas","Abies balsamea (L.) Mill.","balsam fir","Pinaceae","tree","balsamea",0.608,"sw2",-2.2304,2.4435,"AbiesBelow0.35spg","conifer","Conifer",0.33,-2.3123,2.3482,1.87856,0.79034,NA,"Check",0.116525217678834,0.107024550262889,NA
"Abies","ABBA","NEON.PLA.D05.TREE.00189","TREE_056","TREE","D05",2022-09-20,"Live","single bole tree","Full shade",130,NA,9.2,11,NA,41,"Abies balsamea (L.) Mill.",9.3,203,"2022",12,"douglas","Abies balsamea (L.) Mill.","balsam fir","Pinaceae","tree","balsamea",0.608,"sw2",-2.2304,2.4435,"AbiesBelow0.35spg","conifer","Conifer",0.33,-2.3123,2.3482,1.87856,0.79034,NA,"Check",37.6697392257646,27.617169967899,NA
"Abies","ABBA","NEON.PLA.D05.TREE.00006","TREE_050","TREE","D05",2015-07-29,"Live","small tree","Full shade",130,NA,2.7,1.6,NA,NA,"Abies balsamea (L.) Mill.",NA,NA,"2015",12,"douglas","Abies balsamea (L.) Mill.","balsam fir","Pinaceae","tree","balsamea",0.608,"sw2",-2.2304,2.4435,"AbiesBelow0.35spg","conifer","Conifer",0.33,-2.3123,2.3482,1.87856,0.79034,NA,"Check",0.100481280546951,0.0928234695920753,NA
"Abies","ABBA","NEON.PLA.D05.TREE.00189","TREE_056","TREE","D05",2015-07-29,"Live","small tree","Full shade",130,NA,5.4,8,NA,41,"Abies balsamea (L.) Mill.",9.3,203,"2015",12,"douglas","Abies balsamea (L.) Mill.","balsam fir","Pinaceae","tree","balsamea",0.608,"sw2",-2.2304,2.4435,"AbiesBelow0.35spg","conifer","Conifer",0.33,-2.3123,2.3482,1.87856,0.79034,NA,"Check",5.12883073850477,4.06423827777494,NA
"Abies","ABBA","NEON.PLA.D05.TREE.01686","TREE_041","TREE","D05",2022-09-06,"Live","small tree","Full shade",130,NA,4.6,5.8,NA,NA,"Abies balsamea (L.) Mill.",NA,NA,"2022",12,"douglas","Abies balsamea (L.) Mill.","balsam fir","Pinaceae","tree","balsamea",0.608,"sw2",-2.2304,2.4435,"AbiesBelow0.35spg","conifer","Conifer",0.33,-2.3123,2.3482,1.87856,0.79034,NA,"Check",2.33751435054092,1.90996262484592,NA
"Abies","ABBA","NEON.PLA.D05.TREE.00193","TREE_054","TREE","D05",2018-10-09,"Live","single bole tree",NA,130,NA,8.9,14.7,NA,39,"Abies balsamea (L.) Mill.",5.4,119.6,"2018",12,"douglas","Abies balsamea (L.) Mill.","balsam fir","Pinaceae","tree","balsamea",0.608,"sw2",-2.2304,2.4435,"AbiesBelow0.35spg","conifer","Conifer",0.33,-2.3123,2.3482,1.87856,0.79034,NA,"Check",76.5049428423031,54.560134838114,NA
"Abies","ABBA","NEON.PLA.D05.TREE.02477","TREE_023","TREE","D05",2019-11-04,"Live","small tree",NA,130,NA,3,2.5,NA,NA,"Abies balsamea (L.) Mill.",NA,NA,"2019",12,"douglas","Abies balsamea (L.) Mill.","balsam fir","Pinaceae","tree","balsamea",0.608,"sw2",-2.2304,2.4435,"AbiesBelow0.35spg","conifer","Conifer",0.33,-2.3123,2.3482,1.87856,0.79034,NA,"Check",0.299009092374654,0.264719529773721,NA
"Abies","ABBA","NEON.PLA.D05.TREE.00210","TREE_054","TREE","D05",2016-10-18,"Live","single bole tree",NA,130,NA,8.9,12.4,NA,41,"Abies balsamea (L.) Mill.",9.2,65.8,"2016",12,"douglas","Abies balsamea (L.) Mill.","balsam fir","Pinaceae","tree","balsamea",0.608,"sw2",-2.2304,2.4435,"AbiesBelow0.35spg","conifer","Conifer",0.33,-2.3123,2.3482,1.87856,0.79034,NA,"Check",50.4807124086711,36.5892637417449,NA
"Abies","ABBA","NEON.PLA.D05.TREE.00373","TREE_054","TREE","D05",2015-07-30,"Standing dead","small tree","Full shade",130,NA,1.7,1.5,NA,NA,"Abies balsamea (L.) Mill.",NA,NA,"2015",12,"douglas","Abies balsamea (L.) Mill.","balsam fir","Pinaceae","tree","balsamea",0.608,"sw2",-2.2304,2.4435,"AbiesBelow0.35spg","conifer","Conifer",0.33,-2.3123,2.3482,1.87856,0.79034,NA,"Check",0.0858216727315645,0.0797702124793076,NA
"Abies","ABBA","NEON.PLA.D05.TREE.01174","TREE_039","TREE","D05",2015-08-11,"Standing dead","single bole tree","Mostly shaded",130,NA,7.7,10.1,NA,61,"Abies balsamea (L.) Mill.",2,218.7,"2015",12,"douglas","Abies balsamea (L.) Mill.","balsam fir","Pinaceae","tree","balsamea",0.608,"sw2",-2.2304,2.4435,"AbiesBelow0.35spg","conifer","Conifer",0.33,-2.3123,2.3482,1.87856,0.79034,NA,"Check",30.5779850789256,22.601034561274,NA
"Abies","ABBA","NEON.PLA.D05.TREE.00291","TREE_055","TREE","D05",2018-10-10,"Live","small tree",NA,130,NA,3.7,3.7,NA,NA,"Abies balsamea (L.) Mill.",NA,NA,"2018",12,"douglas","Abies balsamea (L.) Mill.","balsam fir","Pinaceae","tree","balsamea",0.608,"sw2",-2.2304,2.4435,"AbiesBelow0.35spg","conifer","Conifer",0.33,-2.3123,2.3482,1.87856,0.79034,NA,"Check",0.779325516912421,0.664652347214408,NA
"Abies","ABBA","NEON.PLA.D05.TREE.00291","TREE_055","TREE","D05",2017-09-14,"Live","small tree",NA,130,NA,3.2,3,NA,NA,"Abies balsamea (L.) Mill.",NA,NA,"2017",12,"douglas","Abies balsamea (L.) Mill.","balsam fir","Pinaceae","tree","balsamea",0.608,"sw2",-2.2304,2.4435,"AbiesBelow0.35spg","conifer","Conifer",0.33,-2.3123,2.3482,1.87856,0.79034,NA,"Check",0.46683538749886,0.40618079442985,NA
"Abies","ABBA","NEON.PLA.D05.TREE.00037","TREE_054","TREE","D05",2022-09-07,"Live, broken bole","single bole tree","Full shade",130,NA,7.6,15.1,NA,39,"Abies balsamea (L.) Mill.",9.8,125.1,"2022",12,"douglas","Abies balsamea (L.) Mill.","balsam fir","Pinaceae","tree","balsamea",0.608,"sw2",-2.2304,2.4435,"AbiesBelow0.35spg","conifer","Conifer",0.33,-2.3123,2.3482,1.87856,0.79034,NA,"Check",81.6920431882359,58.1104899479983,NA
"Abies","ABBA","NEON.PLA.D05.TREE.00467","TREE_039","TREE","D05",2016-10-18,"Live, physically damaged","single bole tree",NA,150,NA,15.4,19.9,NA,59,"Abies balsamea (L.) Mill.",3.5,124.1,"2016",12,"douglas","Abies balsamea (L.) Mill.","balsam fir","Pinaceae","tree","balsamea",0.608,"sw2",-2.2304,2.4435,"AbiesBelow0.35spg","conifer","Conifer",0.33,-2.3123,2.3482,1.87856,0.79034,NA,"Check",160.360381129515,111.108596962169,NA
"Abies","ABBA","NEON.PLA.D05.TREE.03654","TREE_004","TREE","D05",2018-05-02,"Dead, broken bole","single bole tree","Mostly shaded",130,NA,3.1,19.8,NA,33,"Abies balsamea (L.) Mill.",NA,NA,"2018",12,"douglas","Abies balsamea (L.) Mill.","balsam fir","Pinaceae","tree","balsamea",0.608,"sw2",-2.2304,2.4435,"AbiesBelow0.35spg","conifer","Conifer",0.33,-2.3123,2.3482,1.87856,0.79034,NA,"Check",158.398469133304,109.801954131597,NA
"Abies","ABBA","NEON.PLA.D05.TREE.02504","TREE_001","TREE","D05",2019-10-07,"Live","small tree",NA,130,NA,11.3,9.7,NA,NA,"Abies balsamea (L.) Mill.",NA,NA,"2019",12,"douglas","Abies balsamea (L.) Mill.","balsam fir","Pinaceae","tree","balsamea",0.608,"sw2",-2.2304,2.4435,"AbiesBelow0.35spg","conifer","Conifer",0.33,-2.3123,2.3482,1.87856,0.79034,NA,"Check",8.21286560665146,6.38970253766729,NA
"Abies","ABBA","NEON.PLA.D05.TREE.00447","TREE_052","TREE","D05",2018-08-29,"Live","small tree",NA,130,NA,1.8,1.8,NA,NA,"Abies balsamea (L.) Mill.",NA,NA,"2018",12,"douglas","Abies balsamea (L.) Mill.","balsam fir","Pinaceae","tree","balsamea",0.608,"sw2",-2.2304,2.4435,"AbiesBelow0.35spg","conifer","Conifer",0.33,-2.3123,2.3482,1.87856,0.79034,NA,"Check",0.133991222565366,0.122397951916805,NA
"Abies","ABBA","NEON.PLA.D05.TREE.00367","TREE_054","TREE","D05",2017-08-30,"Live","single bole tree",NA,130,NA,9.6,10.6,NA,41,"Abies balsamea (L.) Mill.",9,74.5,"2017",12,"douglas","Abies balsamea (L.) Mill.","balsam fir","Pinaceae","tree","balsamea",0.608,"sw2",-2.2304,2.4435,"AbiesBelow0.35spg","conifer","Conifer",0.33,-2.3123,2.3482,1.87856,0.79034,NA,"Check",34.4099838934569,25.3165255279514,NA
"Abies","ABBA","NEON.PLA.D05.TREE.00272","TREE_050","TREE","D05",2021-10-06,"Live","small tree","Partially shaded",130,NA,3.4,4.2,NA,NA,"Abies balsamea (L.) Mill.",NA,NA,"2021",12,"douglas","Abies balsamea (L.) Mill.","balsam fir","Pinaceae","tree","balsamea",0.608,"sw2",-2.2304,2.4435,"AbiesBelow0.35spg","conifer","Conifer",0.33,-2.3123,2.3482,1.87856,0.79034,NA,"Check",1.06225216425495,0.895070488248902,NA
"Abies","ABBA","NEON.PLA.D05.TREE.09893","TREE_054","TREE","D05",2022-09-07,"Live","small tree","Full shade",130,NA,6.8,5.7,NA,NA,"Abies balsamea (L.) Mill.",NA,NA,"2022",12,"douglas","Abies balsamea (L.) Mill.","balsam fir","Pinaceae","tree","balsamea",0.608,"sw2",-2.2304,2.4435,"AbiesBelow0.35spg","conifer","Conifer",0.33,-2.3123,2.3482,1.87856,0.79034,NA,"Check",2.24025880718396,1.83353240732249,NA
"Abies","ABBA","NEON.PLA.D05.TREE.01214","TREE_047","TREE","D05",2015-08-06,"Live","small tree","Mostly shaded",130,NA,3.2,3.7,NA,NA,"Abies balsamea (L.) Mill.",NA,NA,"2015",12,"douglas","Abies balsamea (L.) Mill.","balsam fir","Pinaceae","tree","balsamea",0.608,"sw2",-2.2304,2.4435,"AbiesBelow0.35spg","conifer","Conifer",0.33,-2.3123,2.3482,1.87856,0.79034,NA,"Check",0.779325516912421,0.664652347214408,NA
"Abies","ABBA","NEON.PLA.D05.TREE.00448","TREE_057","TREE","D05",2015-08-04,"Live","small tree","Mostly shaded",130,NA,5.8,8.1,NA,NA,"Abies balsamea (L.) Mill.",NA,NA,"2015",12,"douglas","Abies balsamea (L.) Mill.","balsam fir","Pinaceae","tree","balsamea",0.608,"sw2",-2.2304,2.4435,"AbiesBelow0.35spg","conifer","Conifer",0.33,-2.3123,2.3482,1.87856,0.79034,NA,"Check",5.2869003798444,4.18454050142547,NA
"Abies","ABBA","NEON.PLA.D05.TREE.01216","TREE_039","TREE","D05",2016-10-18,"Live","small tree",NA,130,NA,1.5,1.2,NA,NA,"Abies balsamea (L.) Mill.",NA,NA,"2016",12,"douglas","Abies balsamea (L.) Mill.","balsam fir","Pinaceae","tree","balsamea",0.608,"sw2",-2.2304,2.4435,"AbiesBelow0.35spg","conifer","Conifer",0.33,-2.3123,2.3482,1.87856,0.79034,NA,"Check",0.0497504895073365,0.0472363852883238,NA
"Abies","ABBA","NEON.PLA.D05.TREE.01404","TREE_039","TREE","D05",2015-08-11,"Live","small tree","Full shade",130,NA,1.7,1.6,NA,NA,"Abies balsamea (L.) Mill.",NA,NA,"2015",12,"douglas","Abies balsamea (L.) Mill.","balsam fir","Pinaceae","tree","balsamea",0.608,"sw2",-2.2304,2.4435,"AbiesBelow0.35spg","conifer","Conifer",0.33,-2.3123,2.3482,1.87856,0.79034,NA,"Check",0.100481280546951,0.0928234695920753,NA
"Abies","ABBA","NEON.PLA.D05.TREE.01404","TREE_039","TREE","D05",2017-10-17,"Live","small tree",NA,130,NA,1.8,1.9,NA,NA,"Abies balsamea (L.) Mill.",NA,NA,"2017",12,"douglas","Abies balsamea (L.) Mill.","balsam fir","Pinaceae","tree","balsamea",0.608,"sw2",-2.2304,2.4435,"AbiesBelow0.35spg","conifer","Conifer",0.33,-2.3123,2.3482,1.87856,0.79034,NA,"Check",0.152915816304829,0.138967248938305,NA
"Abies","ABBA","NEON.PLA.D05.TREE.02533","TREE_009","TREE","D05",2019-10-16,"Live","small tree",NA,130,NA,2.8,2.8,NA,NA,"Abies balsamea (L.) Mill.",NA,NA,"2019",12,"douglas","Abies balsamea (L.) Mill.","balsam fir","Pinaceae","tree","balsamea",0.608,"sw2",-2.2304,2.4435,"AbiesBelow0.35spg","conifer","Conifer",0.33,-2.3123,2.3482,1.87856,0.79034,NA,"Check",0.394410649743346,0.345429754183071,NA
"Abies","ABBA","NEON.PLA.D05.TREE.00006","TREE_050","TREE","D05",2017-08-30,"Live","small tree",NA,130,NA,2.6,1.5,NA,NA,"Abies balsamea (L.) Mill.",NA,NA,"2017",12,"douglas","Abies balsamea (L.) Mill.","balsam fir","Pinaceae","tree","balsamea",0.608,"sw2",-2.2304,2.4435,"AbiesBelow0.35spg","conifer","Conifer",0.33,-2.3123,2.3482,1.87856,0.79034,NA,"Check",0.0858216727315645,0.0797702124793076,NA
"Abies","ABBA","NEON.PLA.D05.TREE.00601","TREE_042","TREE","D05",2021-10-04,"Live","small tree","Full shade",130,NA,2.5,2.2,NA,NA,"Abies balsamea (L.) Mill.",NA,NA,"2021",12,"douglas","Abies balsamea (L.) Mill.","balsam fir","Pinaceae","tree","balsamea",0.608,"sw2",-2.2304,2.4435,"AbiesBelow0.35spg","conifer","Conifer",0.33,-2.3123,2.3482,1.87856,0.79034,NA,"Check",0.218790169181502,0.196074083394239,NA
"Abies","ABBA","NEON.PLA.D05.TREE.00218","TREE_052","TREE","D05",2018-08-29,"Live","small tree",NA,130,NA,2.8,2.9,NA,NA,"Abies balsamea (L.) Mill.",NA,NA,"2018",12,"douglas","Abies balsamea (L.) Mill.","balsam fir","Pinaceae","tree","balsamea",0.608,"sw2",-2.2304,2.4435,"AbiesBelow0.35spg","conifer","Conifer",0.33,-2.3123,2.3482,1.87856,0.79034,NA,"Check",0.429721904057558,0.37509928214444,NA
"Abies","ABBA","NEON.PLA.D05.TREE.00305","TREE_054","TREE","D05",2017-08-30,"Live","single bole tree",NA,130,NA,9.8,13.9,NA,21,"Abies balsamea (L.) Mill.",7.1,5.5,"2017",12,"douglas","Abies balsamea (L.) Mill.","balsam fir","Pinaceae","tree","balsamea",0.608,"sw2",-2.2304,2.4435,"AbiesBelow0.35spg","conifer","Conifer",0.33,-2.3123,2.3482,1.87856,0.79034,NA,"Check",66.7277148007724,47.8418784633076,NA
"Abies","ABBA","NEON.PLA.D05.TREE.00316","TREE_054","TREE","D05",2017-08-30,"Live","single bole tree",NA,130,NA,12,13.4,NA,23,"Abies balsamea (L.) Mill.",5.1,276.5,"2017",12,"douglas","Abies balsamea (L.) Mill.","balsam fir","Pinaceae","tree","balsamea",0.608,"sw2",-2.2304,2.4435,"AbiesBelow0.35spg","conifer","Conifer",0.33,-2.3123,2.3482,1.87856,0.79034,NA,"Check",61.014093376632,43.8983661951029,NA
"Abies","ABBA","NEON.PLA.D05.TREE.01216","TREE_039","TREE","D05",2018-10-17,"Live","small tree",NA,130,NA,1.9,1.7,NA,NA,"Abies balsamea (L.) Mill.",NA,NA,"2018",12,"douglas","Abies balsamea (L.) Mill.","balsam fir","Pinaceae","tree","balsamea",0.608,"sw2",-2.2304,2.4435,"AbiesBelow0.35spg","conifer","Conifer",0.33,-2.3123,2.3482,1.87856,0.79034,NA,"Check",0.116525217678834,0.107024550262889,NA
"Abies","ABBA","NEON.PLA.D05.TREE.01354","TREE_040","TREE","D05",2019-10-23,"Live","single bole tree",NA,130,NA,13.1,15.5,NA,43,"Abies balsamea (L.) Mill.",8.3,241.1,"2019",12,"douglas","Abies balsamea (L.) Mill.","balsam fir","Pinaceae","tree","balsamea",0.608,"sw2",-2.2304,2.4435,"AbiesBelow0.35spg","conifer","Conifer",0.33,-2.3123,2.3482,1.87856,0.79034,NA,"Check",87.0813377414974,61.7899385256705,NA
"Abies","ABBA","NEON.PLA.D05.TREE.03537","TREE_050","TREE","D05",2016-09-29,"Live","small tree",NA,130,NA,3.4,3.4,NA,NA,"Abies balsamea (L.) Mill.",NA,NA,"2016",12,"douglas","Abies balsamea (L.) Mill.","balsam fir","Pinaceae","tree","balsamea",0.608,"sw2",-2.2304,2.4435,"AbiesBelow0.35spg","conifer","Conifer",0.33,-2.3123,2.3482,1.87856,0.79034,NA,"Check",0.633850324948051,0.544956763911768,NA
"Abies","ABBA","NEON.PLA.D05.TREE.00276","TREE_050","TREE","D05",2021-10-06,"Live","small tree","Full shade",130,NA,4.9,5.2,NA,NA,"Abies balsamea (L.) Mill.",NA,NA,"2021",12,"douglas","Abies balsamea (L.) Mill.","balsam fir","Pinaceae","tree","balsamea",0.608,"sw2",-2.2304,2.4435,"AbiesBelow0.35spg","conifer","Conifer",0.33,-2.3123,2.3482,1.87856,0.79034,NA,"Check",1.79007881840947,1.47795872566067,NA
"Abies","ABBA","NEON.PLA.D05.TREE.02693","TREE_023","TREE","D05",2018-05-08,"Live","single bole tree","Mostly shaded",130,NA,9.2,11,NA,33,"Abies balsamea (L.) Mill.",6.2,310.5,"2018",12,"douglas","Abies balsamea (L.) Mill.","balsam fir","Pinaceae","tree","balsamea",0.608,"sw2",-2.2304,2.4435,"AbiesBelow0.35spg","conifer","Conifer",0.33,-2.3123,2.3482,1.87856,0.79034,NA,"Check",37.6697392257646,27.617169967899,NA
"Abies","ABBA","NEON.PLA.D05.TREE.00705","TREE_052","TREE","D05",2017-09-26,"Live","single bole tree",NA,130,NA,8.4,10.7,NA,23,"Abies balsamea (L.) Mill.",10,53.5,"2017",12,"douglas","Abies balsamea (L.) Mill.","balsam fir","Pinaceae","tree","balsamea",0.608,"sw2",-2.2304,2.4435,"AbiesBelow0.35spg","conifer","Conifer",0.33,-2.3123,2.3482,1.87856,0.79034,NA,"Check",35.2086074406931,25.8809286967081,NA
"Abies","ABBA","NEON.PLA.D05.TREE.01444","TREE_039","TREE","D05",2019-10-23,"Live","small tree",NA,130,NA,5.7,7.1,NA,NA,"Abies balsamea (L.) Mill.",NA,NA,"2019",12,"douglas","Abies balsamea (L.) Mill.","balsam fir","Pinaceae","tree","balsamea",0.608,"sw2",-2.2304,2.4435,"AbiesBelow0.35spg","conifer","Conifer",0.33,-2.3123,2.3482,1.87856,0.79034,NA,"Check",3.83149054878416,3.07091721361445,NA
"Abies","ABBA","NEON.PLA.D05.TREE.01444","TREE_039","TREE","D05",2015-08-11,"Live","single bole tree","Mostly shaded",130,NA,5.2,6.5,NA,NA,"Abies balsamea (L.) Mill.",NA,NA,"2015",12,"douglas","Abies balsamea (L.) Mill.","balsam fir","Pinaceae","tree","balsamea",0.608,"sw2",-2.2304,2.4435,"AbiesBelow0.35spg","conifer","Conifer",0.33,-2.3123,2.3482,1.87856,0.79034,NA,"Check",3.08796074246844,2.49589550220602,NA
"Abies","ABBA","NEON.PLA.D05.TREE.00900","TREE_057","TREE","D05",2015-08-04,"Live","small tree","Full shade",130,NA,1.9,1.1,NA,NA,"Abies balsamea (L.) Mill.",NA,NA,"2015",12,"douglas","Abies balsamea (L.) Mill.","balsam fir","Pinaceae","tree","balsamea",0.608,"sw2",-2.2304,2.4435,"AbiesBelow0.35spg","conifer","Conifer",0.33,-2.3123,2.3482,1.87856,0.79034,NA,"Check",0.0402217543896549,0.0385071660416609,NA
"Abies","ABBA","NEON.PLA.D05.TREE.00900","TREE_057","TREE","D05",2018-10-16,"Live","small tree",NA,130,NA,2.8,2.4,NA,NA,"Abies balsamea (L.) Mill.",NA,NA,"2018",12,"douglas","Abies balsamea (L.) Mill.","balsam fir","Pinaceae","tree","balsamea",0.608,"sw2",-2.2304,2.4435,"AbiesBelow0.35spg","conifer","Conifer",0.33,-2.3123,2.3482,1.87856,0.79034,NA,"Check",0.27062265635465,0.240522268978321,NA
"Abies","ABBA","NEON.PLA.D05.TREE.00467","TREE_039","TREE","D05",2015-08-11,"Live","single bole tree","Partially shaded",110,NA,15.5,19.3,NA,59,"Abies balsamea (L.) Mill.",3.5,124.1,"2015",12,"douglas","Abies balsamea (L.) Mill.","balsam fir","Pinaceae","tree","balsamea",0.608,"sw2",-2.2304,2.4435,"AbiesBelow0.35spg","conifer","Conifer",0.33,-2.3123,2.3482,1.87856,0.79034,NA,"Check",148.802035517443,103.401429426319,NA
"Abies","ABBA","NEON.PLA.D05.TREE.00331","TREE_051","TREE","D05",2016-09-28,"Live","single bole tree",NA,130,NA,11.1,13.1,NA,57,"Abies balsamea (L.) Mill.",8.5,151.8,"2016",12,"douglas","Abies balsamea (L.) Mill.","balsam fir","Pinaceae","tree","balsamea",0.608,"sw2",-2.2304,2.4435,"AbiesBelow0.35spg","conifer","Conifer",0.33,-2.3123,2.3482,1.87856,0.79034,NA,"Check",57.7300586212782,41.6252951502566,NA
"Abies","ABBA","NEON.PLA.D05.TREE.00336","TREE_054","TREE","D05",2017-08-30,"Live","single bole tree",NA,130,NA,11.2,13.4,NA,21,"Abies balsamea (L.) Mill.",8,75.7,"2017",12,"douglas","Abies balsamea (L.) Mill.","balsam fir","Pinaceae","tree","balsamea",0.608,"sw2",-2.2304,2.4435,"AbiesBelow0.35spg","conifer","Conifer",0.33,-2.3123,2.3482,1.87856,0.79034,NA,"Check",61.014093376632,43.8983661951029,NA
"Abies","ABBA","NEON.PLA.D05.TREE.00336","TREE_054","TREE","D05",2016-10-18,"Live","single bole tree",NA,130,NA,11.1,13.2,NA,21,"Abies balsamea (L.) Mill.",8,75.7,"2016",12,"douglas","Abies balsamea (L.) Mill.","balsam fir","Pinaceae","tree","balsamea",0.608,"sw2",-2.2304,2.4435,"AbiesBelow0.35spg","conifer","Conifer",0.33,-2.3123,2.3482,1.87856,0.79034,NA,"Check",58.8128179273103,42.3752794025212,NA
"Abies","ABBA","NEON.PLA.D05.TREE.00658","TREE_056","TREE","D05",2021-09-22,"Live","single bole tree","Partially shaded",130,NA,9.2,11,NA,23,"Abies balsamea (L.) Mill.",10.4,284.1,"2021",12,"douglas","Abies balsamea (L.) Mill.","balsam fir","Pinaceae","tree","balsamea",0.608,"sw2",-2.2304,2.4435,"AbiesBelow0.35spg","conifer","Conifer",0.33,-2.3123,2.3482,1.87856,0.79034,NA,"Check",37.6697392257646,27.617169967899,NA
"Abies","ABBA","NEON.PLA.D05.TREE.00559","TREE_042","TREE","D05",2021-10-04,"Live, broken bole","single bole tree","Full shade",130,NA,7.1,14.2,NA,41,"Abies balsamea (L.) Mill.",8.6,85,"2021",12,"douglas","Abies balsamea (L.) Mill.","balsam fir","Pinaceae","tree","balsamea",0.608,"sw2",-2.2304,2.4435,"AbiesBelow0.35spg","conifer","Conifer",0.33,-2.3123,2.3482,1.87856,0.79034,NA,"Check",70.3017534234546,50.3018965562577,NA
"Abies","ABBA","NEON.PLA.D05.TREE.02203","TREE_023","TREE","D05",2019-11-04,"Live","small tree",NA,130,NA,3.1,2.5,NA,NA,"Abies balsamea (L.) Mill.",NA,NA,"2019",12,"douglas","Abies balsamea (L.) Mill.","balsam fir","Pinaceae","tree","balsamea",0.608,"sw2",-2.2304,2.4435,"AbiesBelow0.35spg","conifer","Conifer",0.33,-2.3123,2.3482,1.87856,0.79034,NA,"Check",0.299009092374654,0.264719529773721,NA
"Abies","ABBA","NEON.PLA.D05.TREE.00467","TREE_039","TREE","D05",2018-10-17,"Live","single bole tree",NA,130,NA,16.2,20.8,NA,59,"Abies balsamea (L.) Mill.",3.5,124.1,"2018",12,"douglas","Abies balsamea (L.) Mill.","balsam fir","Pinaceae","tree","balsamea",0.608,"sw2",-2.2304,2.4435,"AbiesBelow0.35spg","conifer","Conifer",0.33,-2.3123,2.3482,1.87856,0.79034,NA,"Check",178.664120794958,123.269942287784,NA
"Abies","ABBA","NEON.PLA.D05.TREE.02522","TREE_014","TREE","D05",2019-10-16,"Live","single bole tree","Partially shaded",130,NA,6.7,12.9,NA,33,"Abies balsamea (L.) Mill.",3.4,339.5,"2019",12,"douglas","Abies balsamea (L.) Mill.","balsam fir","Pinaceae","tree","balsamea",0.608,"sw2",-2.2304,2.4435,"AbiesBelow0.35spg","conifer","Conifer",0.33,-2.3123,2.3482,1.87856,0.79034,NA,"Check",55.60009641439,40.1483431304396,NA
"Abies","ABBA","NEON.PLA.D05.TREE.00445","TREE_051","TREE","D05",2015-08-03,"Standing dead","sapling","Full shade",10,NA,1.4,2.4,NA,NA,"Abies balsamea (L.) Mill.",NA,NA,"2015",12,"douglas","Abies balsamea (L.) Mill.","balsam fir","Pinaceae","tree","balsamea",0.608,"sw2",-2.2304,2.4435,"AbiesBelow0.35spg","conifer","Conifer",0.33,-2.3123,2.3482,1.87856,0.79034,1.75084529085287,"Check",0.125225828996725,0.114693200943635,NA
"Abies","ABBA","NEON.PLA.D05.TREE.00061","TREE_056","TREE","D05",2021-09-22,"Live","small tree","Partially shaded",130,NA,8,9.4,NA,21,"Abies balsamea (L.) Mill.",5.3,52.5,"2021",12,"douglas","Abies balsamea (L.) Mill.","balsam fir","Pinaceae","tree","balsamea",0.608,"sw2",-2.2304,2.4435,"AbiesBelow0.35spg","conifer","Conifer",0.33,-2.3123,2.3482,1.87856,0.79034,NA,"Check",7.60599251669768,5.93529186687449,NA
"Abies","ABBA","NEON.PLA.D05.TREE.01403","TREE_039","TREE","D05",2020-10-01,"Live","small tree","Mostly shaded",130,NA,2,1.8,NA,NA,"Abies balsamea (L.) Mill.",NA,NA,"2020",12,"douglas","Abies balsamea (L.) Mill.","balsam fir","Pinaceae","tree","balsamea",0.608,"sw2",-2.2304,2.4435,"AbiesBelow0.35spg","conifer","Conifer",0.33,-2.3123,2.3482,1.87856,0.79034,NA,"Check",0.133991222565366,0.122397951916805,NA
"Abies","ABBA","NEON.PLA.D05.TREE.01403","TREE_039","TREE","D05",2018-10-17,"Live","small tree",NA,130,NA,1.5,1.4,NA,NA,"Abies balsamea (L.) Mill.",NA,NA,"2018",12,"douglas","Abies balsamea (L.) Mill.","balsam fir","Pinaceae","tree","balsamea",0.608,"sw2",-2.2304,2.4435,"AbiesBelow0.35spg","conifer","Conifer",0.33,-2.3123,2.3482,1.87856,0.79034,NA,"Check",0.0725073175910424,0.067839260904832,NA
"Abies","ABBA","NEON.PLA.D05.TREE.00075","TREE_054","TREE","D05",2017-08-30,"Standing dead","small tree",NA,130,NA,4,3.2,NA,NA,"Abies balsamea (L.) Mill.",NA,NA,"2017",12,"douglas","Abies balsamea (L.) Mill.","balsam fir","Pinaceae","tree","balsamea",0.608,"sw2",-2.2304,2.4435,"AbiesBelow0.35spg","conifer","Conifer",0.33,-2.3123,2.3482,1.87856,0.79034,NA,"Check",0.546577758828339,0.4726464860605,NA
"Abies","ABBA","NEON.PLA.D05.TREE.00448","TREE_057","TREE","D05",2017-10-17,"Live","small tree",NA,125,NA,6.5,7.8,NA,NA,"Abies balsamea (L.) Mill.",NA,NA,"2017",12,"douglas","Abies balsamea (L.) Mill.","balsam fir","Pinaceae","tree","balsamea",0.608,"sw2",-2.2304,2.4435,"AbiesBelow0.35spg","conifer","Conifer",0.33,-2.3123,2.3482,1.87856,0.79034,NA,"Check",4.82115556534735,3.82965631121552,NA
"Abies","ABBA","NEON.PLA.D05.TREE.02689","TREE_023","TREE","D05",2018-05-08,"Live","single bole tree","Mostly shaded",130,NA,10.1,12.7,NA,49,"Abies balsamea (L.) Mill.",6,89.5,"2018",12,"douglas","Abies balsamea (L.) Mill.","balsam fir","Pinaceae","tree","balsamea",0.608,"sw2",-2.2304,2.4435,"AbiesBelow0.35spg","conifer","Conifer",0.33,-2.3123,2.3482,1.87856,0.79034,NA,"Check",53.5172735043246,38.7019428281509,NA
"Abies","ABBA","NEON.PLA.D05.TREE.01674","TREE_054","TREE","D05",2022-09-07,"Live, broken bole","single bole tree","Mostly shaded",130,NA,6.1,10.5,NA,43,"Abies balsamea (L.) Mill.",9.7,282.9,"2022",12,"douglas","Abies balsamea (L.) Mill.","balsam fir","Pinaceae","tree","balsamea",0.608,"sw2",-2.2304,2.4435,"AbiesBelow0.35spg","conifer","Conifer",0.33,-2.3123,2.3482,1.87856,0.79034,NA,"Check",33.6221622691773,24.759255504112,NA
"Abies","ABBA","NEON.PLA.D05.TREE.00895","TREE_057","TREE","D05",2016-10-18,"Live","single bole tree",NA,130,NA,6.3,9.8,NA,23,"Abies balsamea (L.) Mill.",10,22.1,"2016",12,"douglas","Abies balsamea (L.) Mill.","balsam fir","Pinaceae","tree","balsamea",0.608,"sw2",-2.2304,2.4435,"AbiesBelow0.35spg","conifer","Conifer",0.33,-2.3123,2.3482,1.87856,0.79034,NA,"Check",8.42129535696905,6.5454622923648,NA
"Abies","ABBA","NEON.PLA.D05.TREE.01426","TREE_039","TREE","D05",2018-10-17,"Live","small tree",NA,130,NA,3.5,3.6,NA,NA,"Abies balsamea (L.) Mill.",NA,NA,"2018",12,"douglas","Abies balsamea (L.) Mill.","balsam fir","Pinaceae","tree","balsamea",0.608,"sw2",-2.2304,2.4435,"AbiesBelow0.35spg","conifer","Conifer",0.33,-2.3123,2.3482,1.87856,0.79034,NA,"Check",0.72885836778549,0.623236366068985,NA
"Abies","ABBA","NEON.PLA.D05.TREE.02533","TREE_009","TREE","D05",2017-10-26,"Live","small tree",NA,130,NA,2.4,2.2,NA,NA,"Abies balsamea (L.) Mill.",NA,NA,"2017",12,"douglas","Abies balsamea (L.) Mill.","balsam fir","Pinaceae","tree","balsamea",0.608,"sw2",-2.2304,2.4435,"AbiesBelow0.35spg","conifer","Conifer",0.33,-2.3123,2.3482,1.87856,0.79034,NA,"Check",0.218790169181502,0.196074083394239,NA
"Abies","ABBA","NEON.PLA.D05.TREE.00705","TREE_052","TREE","D05",2016-09-29,"Live","single bole tree",NA,130,NA,7.9,10.5,NA,23,"Abies balsamea (L.) Mill.",10,53.5,"2016",12,"douglas","Abies balsamea (L.) Mill.","balsam fir","Pinaceae","tree","balsamea",0.608,"sw2",-2.2304,2.4435,"AbiesBelow0.35spg","conifer","Conifer",0.33,-2.3123,2.3482,1.87856,0.79034,NA,"Check",33.6221622691773,24.759255504112,NA
"Abies","ABBA","NEON.PLA.D05.TREE.03499","TREE_054","TREE","D05",2018-10-09,"Live","multi-bole tree",NA,130,NA,10.7,11.6,NA,43,"Abies balsamea (L.) Mill.",8.4,290.8,"2018",12,"douglas","Abies balsamea (L.) Mill.","balsam fir","Pinaceae","tree","balsamea",0.608,"sw2",-2.2304,2.4435,"AbiesBelow0.35spg","conifer","Conifer",0.33,-2.3123,2.3482,1.87856,0.79034,NA,"Check",42.8896679772996,31.2853573373404,NA
"Abies","ABBA","NEON.PLA.D05.TREE.00316","TREE_054","TREE","D05",2021-09-20,"Live","single bole tree","Mostly shaded",130,NA,13.2,15.9,NA,23,"Abies balsamea (L.) Mill.",5.1,276.5,"2021",12,"douglas","Abies balsamea (L.) Mill.","balsam fir","Pinaceae","tree","balsamea",0.608,"sw2",-2.2304,2.4435,"AbiesBelow0.35spg","conifer","Conifer",0.33,-2.3123,2.3482,1.87856,0.79034,NA,"Check",92.6751848272553,65.5996612644431,NA
"Abies","ABBA","NEON.PLA.D05.TREE.01421","TREE_039","TREE","D05",2015-08-11,"Live","small tree","Mostly shaded",130,NA,1.7,1.2,NA,NA,"Abies balsamea (L.) Mill.",NA,NA,"2015",12,"douglas","Abies balsamea (L.) Mill.","balsam fir","Pinaceae","tree","balsamea",0.608,"sw2",-2.2304,2.4435,"AbiesBelow0.35spg","conifer","Conifer",0.33,-2.3123,2.3482,1.87856,0.79034,NA,"Check",0.0497504895073365,0.0472363852883238,NA
"Abies","ABBA","NEON.PLA.D05.TREE.03499","TREE_054","TREE","D05",2016-10-18,"Live","multi-bole tree",NA,130,NA,9.5,10.4,NA,43,"Abies balsamea (L.) Mill.",8.4,290.8,"2016",12,"douglas","Abies balsamea (L.) Mill.","balsam fir","Pinaceae","tree","balsamea",0.608,"sw2",-2.2304,2.4435,"AbiesBelow0.35spg","conifer","Conifer",0.33,-2.3123,2.3482,1.87856,0.79034,NA,"Check",32.845097253419,24.2090951208349,NA
"Abies","ABBA","NEON.PLA.D05.TREE.02698","TREE_023","TREE","D05",2018-05-08,"Live","single bole tree","Mostly shaded",130,NA,10.4,14,NA,31,"Abies balsamea (L.) Mill.",9.4,90.4,"2018",12,"douglas","Abies balsamea (L.) Mill.","balsam fir","Pinaceae","tree","balsamea",0.608,"sw2",-2.2304,2.4435,"AbiesBelow0.35spg","conifer","Conifer",0.33,-2.3123,2.3482,1.87856,0.79034,NA,"Check",67.9068277120395,48.6540192773061,NA
"Abies","ABBA","NEON.PLA.D05.TREE.00188","TREE_050","TREE","D05",2018-08-29,"Live","single bole tree",NA,130,NA,6.7,11.4,NA,41,"Abies balsamea (L.) Mill.",10,301.6,"2018",12,"douglas","Abies balsamea (L.) Mill.","balsam fir","Pinaceae","tree","balsamea",0.608,"sw2",-2.2304,2.4435,"AbiesBelow0.35spg","conifer","Conifer",0.33,-2.3123,2.3482,1.87856,0.79034,NA,"Check",41.1051835472611,30.033423589797,NA
"Abies","ABBA","NEON.PLA.D05.TREE.02202","TREE_023","TREE","D05",2019-11-04,"Live","small tree",NA,130,NA,2.8,2.3,NA,NA,"Abies balsamea (L.) Mill.",NA,NA,"2019",12,"douglas","Abies balsamea (L.) Mill.","balsam fir","Pinaceae","tree","balsamea",0.608,"sw2",-2.2304,2.4435,"AbiesBelow0.35spg","conifer","Conifer",0.33,-2.3123,2.3482,1.87856,0.79034,NA,"Check",0.243893345411884,0.217646936638539,NA
"Abies","ABBA","NEON.PLA.D05.TREE.00035","TREE_046","TREE","D05",2018-10-10,"Live","small tree",NA,130,NA,2.1,1.8,NA,NA,"Abies balsamea (L.) Mill.",NA,NA,"2018",12,"douglas","Abies balsamea (L.) Mill.","balsam fir","Pinaceae","tree","balsamea",0.608,"sw2",-2.2304,2.4435,"AbiesBelow0.35spg","conifer","Conifer",0.33,-2.3123,2.3482,1.87856,0.79034,NA,"Check",0.133991222565366,0.122397951916805,NA
"Abies","ABBA","NEON.PLA.D05.TREE.01057","TREE_039","TREE","D05",2017-10-17,"Live","small tree",NA,130,NA,3.4,2.8,NA,NA,"Abies balsamea (L.) Mill.",NA,NA,"2017",12,"douglas","Abies balsamea (L.) Mill.","balsam fir","Pinaceae","tree","balsamea",0.608,"sw2",-2.2304,2.4435,"AbiesBelow0.35spg","conifer","Conifer",0.33,-2.3123,2.3482,1.87856,0.79034,NA,"Check",0.394410649743346,0.345429754183071,NA
"Abies","ABBA","NEON.PLA.D05.TREE.01473","TREE_039","TREE","D05",2020-10-01,"Live, broken bole","single bole tree","Mostly shaded",130,NA,7.9,12.6,NA,59,"Abies balsamea (L.) Mill.",6.7,119.2,"2020",12,"douglas","Abies balsamea (L.) Mill.","balsam fir","Pinaceae","tree","balsamea",0.608,"sw2",-2.2304,2.4435,"AbiesBelow0.35spg","conifer","Conifer",0.33,-2.3123,2.3482,1.87856,0.79034,NA,"Check",52.4934376638088,37.990147832116,NA
"Abies","ABBA","NEON.PLA.D05.TREE.01165","TREE_040","TREE","D05",2019-10-23,"Live","small tree",NA,130,NA,5.6,8.4,NA,NA,"Abies balsamea (L.) Mill.",NA,NA,"2019",12,"douglas","Abies balsamea (L.) Mill.","balsam fir","Pinaceae","tree","balsamea",0.608,"sw2",-2.2304,2.4435,"AbiesBelow0.35spg","conifer","Conifer",0.33,-2.3123,2.3482,1.87856,0.79034,NA,"Check",5.77822460152394,4.55759650987467,NA
"Abies","ABBA","NEON.PLA.D05.TREE.00305","TREE_054","TREE","D05",2016-10-18,"Live","single bole tree",NA,130,NA,9.3,13.5,NA,21,"Abies balsamea (L.) Mill.",7.1,5.5,"2016",12,"douglas","Abies balsamea (L.) Mill.","balsam fir","Pinaceae","tree","balsamea",0.608,"sw2",-2.2304,2.4435,"AbiesBelow0.35spg","conifer","Conifer",0.33,-2.3123,2.3482,1.87856,0.79034,NA,"Check",62.1326891879771,44.671509156615,NA
"Abies","ABBA","NEON.PLA.D05.TREE.00447","TREE_052","TREE","D05",2016-09-29,"Live","small tree",NA,130,NA,1.8,1.4,NA,NA,"Abies balsamea (L.) Mill.",NA,NA,"2016",12,"douglas","Abies balsamea (L.) Mill.","balsam fir","Pinaceae","tree","balsamea",0.608,"sw2",-2.2304,2.4435,"AbiesBelow0.35spg","conifer","Conifer",0.33,-2.3123,2.3482,1.87856,0.79034,NA,"Check",0.0725073175910424,0.067839260904832,NA
"Abies","ABBA","NEON.PLA.D05.TREE.00723","TREE_051","TREE","D05",2018-10-09,"Live","small tree",NA,130,NA,9.4,8.8,NA,NA,"Abies balsamea (L.) Mill.",NA,NA,"2018",12,"douglas","Abies balsamea (L.) Mill.","balsam fir","Pinaceae","tree","balsamea",0.608,"sw2",-2.2304,2.4435,"AbiesBelow0.35spg","conifer","Conifer",0.33,-2.3123,2.3482,1.87856,0.79034,NA,"Check",6.47383152174139,5.08367133403537,NA
"Abies","ABBA","NEON.PLA.D05.TREE.01473","TREE_039","TREE","D05",2019-10-23,"Live","single bole tree",NA,130,NA,12.7,13.3,NA,59,"Abies balsamea (L.) Mill.",6.7,119.2,"2019",12,"douglas","Abies balsamea (L.) Mill.","balsam fir","Pinaceae","tree","balsamea",0.608,"sw2",-2.2304,2.4435,"AbiesBelow0.35spg","conifer","Conifer",0.33,-2.3123,2.3482,1.87856,0.79034,NA,"Check",59.907482873306,43.1329629974291,NA
"Abies","ABBA","NEON.PLA.D05.TREE.00387","TREE_051","TREE","D05",2018-10-09,"Live","single bole tree",NA,130,NA,8.6,10.5,NA,61,"Abies balsamea (L.) Mill.",8,234.8,"2018",12,"douglas","Abies balsamea (L.) Mill.","balsam fir","Pinaceae","tree","balsamea",0.608,"sw2",-2.2304,2.4435,"AbiesBelow0.35spg","conifer","Conifer",0.33,-2.3123,2.3482,1.87856,0.79034,NA,"Check",33.6221622691773,24.759255504112,NA
"Abies","ABBA","NEON.PLA.D05.TREE.01216","TREE_039","TREE","D05",2019-10-23,"Live","small tree",NA,130,NA,2,1.9,NA,NA,"Abies balsamea (L.) Mill.",NA,NA,"2019",12,"douglas","Abies balsamea (L.) Mill.","balsam fir","Pinaceae","tree","balsamea",0.608,"sw2",-2.2304,2.4435,"AbiesBelow0.35spg","conifer","Conifer",0.33,-2.3123,2.3482,1.87856,0.79034,NA,"Check",0.152915816304829,0.138967248938305,NA
"Abies","ABBA","NEON.PLA.D05.TREE.01473","TREE_039","TREE","D05",2017-10-17,"Live","single bole tree",NA,130,NA,13.1,12.4,NA,59,"Abies balsamea (L.) Mill.",6.7,119.2,"2017",12,"douglas","Abies balsamea (L.) Mill.","balsam fir","Pinaceae","tree","balsamea",0.608,"sw2",-2.2304,2.4435,"AbiesBelow0.35spg","conifer","Conifer",0.33,-2.3123,2.3482,1.87856,0.79034,NA,"Check",50.4807124086711,36.5892637417449,NA
"Abies","ABBA","NEON.PLA.D05.TREE.00818","TREE_052","TREE","D05",2015-08-03,"Live","single bole tree","Partially shaded",130,NA,13.7,16.2,NA,39,"Abies balsamea (L.) Mill.",10.4,116.1,"2015",12,"douglas","Abies balsamea (L.) Mill.","balsam fir","Pinaceae","tree","balsamea",0.608,"sw2",-2.2304,2.4435,"AbiesBelow0.35spg","conifer","Conifer",0.33,-2.3123,2.3482,1.87856,0.79034,NA,"Check",97.0062074134916,68.5431448640156,NA
"Abies","ABBA","NEON.PLA.D05.TREE.00218","TREE_052","TREE","D05",2016-09-29,"Live","small tree",NA,130,NA,2.6,2.6,NA,NA,"Abies balsamea (L.) Mill.",NA,NA,"2016",12,"douglas","Abies balsamea (L.) Mill.","balsam fir","Pinaceae","tree","balsamea",0.608,"sw2",-2.2304,2.4435,"AbiesBelow0.35spg","conifer","Conifer",0.33,-2.3123,2.3482,1.87856,0.79034,NA,"Check",0.329082932937723,0.290257646837017,NA
"Abies","ABBA","NEON.PLA.D05.TREE.00885","TREE_025","TREE","D05",2018-10-17,"Live","single bole tree",NA,130,NA,9.3,11.2,NA,23,"Abies balsamea (L.) Mill.",9.8,338.7,"2018",12,"douglas","Abies balsamea (L.) Mill.","balsam fir","Pinaceae","tree","balsamea",0.608,"sw2",-2.2304,2.4435,"AbiesBelow0.35spg","conifer","Conifer",0.33,-2.3123,2.3482,1.87856,0.79034,NA,"Check",39.3653236069096,28.8107544028986,NA
"Abies","ABBA","NEON.PLA.D05.TREE.00885","TREE_025","TREE","D05",2017-10-18,"Live","single bole tree",NA,130,NA,9.1,11,NA,23,"Abies balsamea (L.) Mill.",9.8,338.7,"2017",12,"douglas","Abies balsamea (L.) Mill.","balsam fir","Pinaceae","tree","balsamea",0.608,"sw2",-2.2304,2.4435,"AbiesBelow0.35spg","conifer","Conifer",0.33,-2.3123,2.3482,1.87856,0.79034,NA,"Check",37.6697392257646,27.617169967899,NA
"Abies","ABBA","NEON.PLA.D05.TREE.00132","TREE_050","TREE","D05",2017-08-30,"Live","single bole tree",NA,130,NA,14.9,15.1,NA,39,"Abies balsamea (L.) Mill.",8.8,81.6,"2017",12,"douglas","Abies balsamea (L.) Mill.","balsam fir","Pinaceae","tree","balsamea",0.608,"sw2",-2.2304,2.4435,"AbiesBelow0.35spg","conifer","Conifer",0.33,-2.3123,2.3482,1.87856,0.79034,NA,"Check",81.6920431882359,58.1104899479983,NA
"Abies","ABBA","NEON.PLA.D05.TREE.02515","TREE_001","TREE","D05",2017-10-25,"Live","single bole tree","Partially shaded",130,NA,16,14.5,NA,31,"Abies balsamea (L.) Mill.",8.7,70.5,"2017",12,"douglas","Abies balsamea (L.) Mill.","balsam fir","Pinaceae","tree","balsamea",0.608,"sw2",-2.2304,2.4435,"AbiesBelow0.35spg","conifer","Conifer",0.33,-2.3123,2.3482,1.87856,0.79034,NA,"Check",73.9864689807821,52.8329927672852,NA
"Abies","ABBA","NEON.PLA.D05.TREE.00078","TREE_050","TREE","D05",2016-09-29,"Live","small tree",NA,130,NA,4.2,4.1,NA,NA,"Abies balsamea (L.) Mill.",NA,NA,"2016",12,"douglas","Abies balsamea (L.) Mill.","balsam fir","Pinaceae","tree","balsamea",0.608,"sw2",-2.2304,2.4435,"AbiesBelow0.35spg","conifer","Conifer",0.33,-2.3123,2.3482,1.87856,0.79034,NA,"Check",1.00151010922083,0.845828484771519,NA
"Abies","ABBA","NEON.PLA.D05.TREE.00078","TREE_050","TREE","D05",2015-07-29,"Live","small tree","Full shade",130,NA,3.4,3.8,NA,NA,"Abies balsamea (L.) Mill.",NA,NA,"2015",12,"douglas","Abies balsamea (L.) Mill.","balsam fir","Pinaceae","tree","balsamea",0.608,"sw2",-2.2304,2.4435,"AbiesBelow0.35spg","conifer","Conifer",0.33,-2.3123,2.3482,1.87856,0.79034,NA,"Check",0.831800547428785,0.707605330600485,NA
"Abies","ABBA","NEON.PLA.D05.TREE.00596","TREE_054","TREE","D05",2015-07-30,"Live","single bole tree","Full sun",130,NA,16,12,NA,23,"Abies balsamea (L.) Mill.",2.1,332.3,"2015",12,"douglas","Abies balsamea (L.) Mill.","balsam fir","Pinaceae","tree","balsamea",0.608,"sw2",-2.2304,2.4435,"AbiesBelow0.35spg","conifer","Conifer",0.33,-2.3123,2.3482,1.87856,0.79034,NA,"Check",46.593889166046,33.8777275836251,NA
"Abies","ABBA","NEON.PLA.D05.TREE.01096","TREE_047","TREE","D05",2015-08-06,"Live","small tree","Mostly shaded",130,NA,2.9,3.4,NA,NA,"Abies balsamea (L.) Mill.",NA,NA,"2015",12,"douglas","Abies balsamea (L.) Mill.","balsam fir","Pinaceae","tree","balsamea",0.608,"sw2",-2.2304,2.4435,"AbiesBelow0.35spg","conifer","Conifer",0.33,-2.3123,2.3482,1.87856,0.79034,NA,"Check",0.633850324948051,0.544956763911768,NA
"Abies","ABBA","NEON.PLA.D05.TREE.01096","TREE_047","TREE","D05",2018-08-28,"Live","small tree",NA,130,NA,3.1,4,NA,NA,"Abies balsamea (L.) Mill.",NA,NA,"2018",12,"douglas","Abies balsamea (L.) Mill.","balsam fir","Pinaceae","tree","balsamea",0.608,"sw2",-2.2304,2.4435,"AbiesBelow0.35spg","conifer","Conifer",0.33,-2.3123,2.3482,1.87856,0.79034,NA,"Check",0.942869467316505,0.798179420175993,NA
"Abies","ABBA","NEON.PLA.D05.TREE.00888","TREE_057","TREE","D05",2015-08-04,"Live","sapling","Full shade",10,NA,1.4,1.9,NA,NA,"Abies balsamea (L.) Mill.",NA,NA,"2015",12,"douglas","Abies balsamea (L.) Mill.","balsam fir","Pinaceae","tree","balsamea",0.608,"sw2",-2.2304,2.4435,"AbiesBelow0.35spg","conifer","Conifer",0.33,-2.3123,2.3482,1.87856,0.79034,1.37322264723203,"Check",0.0691652597805064,0.064831574657888,NA
"Abies","ABBA","NEON.PLA.D05.TREE.02246","TREE_015","TREE","D05",2019-10-24,"Live","single bole tree","Mostly shaded",130,NA,11.7,13.6,NA,61,"Abies balsamea (L.) Mill.",5.2,50.2,"2019",12,"douglas","Abies balsamea (L.) Mill.","balsam fir","Pinaceae","tree","balsamea",0.608,"sw2",-2.2304,2.4435,"AbiesBelow0.35spg","conifer","Conifer",0.33,-2.3123,2.3482,1.87856,0.79034,NA,"Check",63.2633098932841,45.4524119452065,NA
"Abies","ABBA","NEON.PLA.D05.TREE.02522","TREE_014","TREE","D05",2017-10-26,"Live","single bole tree","Mostly shaded",130,NA,8,12,NA,33,"Abies balsamea (L.) Mill.",3.4,339.5,"2017",12,"douglas","Abies balsamea (L.) Mill.","balsam fir","Pinaceae","tree","balsamea",0.608,"sw2",-2.2304,2.4435,"AbiesBelow0.35spg","conifer","Conifer",0.33,-2.3123,2.3482,1.87856,0.79034,NA,"Check",46.593889166046,33.8777275836251,NA
"Abies","ABBA","NEON.PLA.D05.TREE.02247","TREE_015","TREE","D05",2019-10-24,"Live","single bole tree","Mostly shaded",130,NA,9.8,12,NA,31,"Abies balsamea (L.) Mill.",5.9,64.9,"2019",12,"douglas","Abies balsamea (L.) Mill.","balsam fir","Pinaceae","tree","balsamea",0.608,"sw2",-2.2304,2.4435,"AbiesBelow0.35spg","conifer","Conifer",0.33,-2.3123,2.3482,1.87856,0.79034,NA,"Check",46.593889166046,33.8777275836251,NA
"Abies","ABBA","NEON.PLA.D05.TREE.03170","TREE_057","TREE","D05",2016-10-18,"Live, physically damaged","small tree",NA,130,NA,1,4.2,NA,NA,"Abies balsamea (L.) Mill.",NA,NA,"2016",12,"douglas","Abies balsamea (L.) Mill.","balsam fir","Pinaceae","tree","balsamea",0.608,"sw2",-2.2304,2.4435,"AbiesBelow0.35spg","conifer","Conifer",0.33,-2.3123,2.3482,1.87856,0.79034,NA,"Check",1.06225216425495,0.895070488248902,NA
"Abies","ABBA","NEON.PLA.D05.TREE.00966","TREE_057","TREE","D05",2018-10-16,"Live","small tree",NA,130,NA,1.9,1,NA,NA,"Abies balsamea (L.) Mill.",NA,NA,"2018",12,"douglas","Abies balsamea (L.) Mill.","balsam fir","Pinaceae","tree","balsamea",0.608,"sw2",-2.2304,2.4435,"AbiesBelow0.35spg","conifer","Conifer",0.33,-2.3123,2.3482,1.87856,0.79034,NA,"Check",0.0318652979425638,0.030785290376143,NA
"Abies","ABBA","NEON.PLA.D05.TREE.00966","TREE_057","TREE","D05",2015-08-04,"Live","sapling","Full shade",10,NA,1.3,2,NA,NA,"Abies balsamea (L.) Mill.",NA,NA,"2015",12,"douglas","Abies balsamea (L.) Mill.","balsam fir","Pinaceae","tree","balsamea",0.608,"sw2",-2.2304,2.4435,"AbiesBelow0.35spg","conifer","Conifer",0.33,-2.3123,2.3482,1.87856,0.79034,1.44845965449022,"Check",0.0787939330018576,0.0734824570498855,NA
"Abies","ABBA","NEON.PLA.D05.TREE.00526","TREE_042","TREE","D05",2019-10-23,"Live","small tree",NA,130,NA,5.2,9.7,NA,NA,"Abies balsamea (L.) Mill.",NA,NA,"2019",12,"douglas","Abies balsamea (L.) Mill.","balsam fir","Pinaceae","tree","balsamea",0.608,"sw2",-2.2304,2.4435,"AbiesBelow0.35spg","conifer","Conifer",0.33,-2.3123,2.3482,1.87856,0.79034,NA,"Check",8.21286560665146,6.38970253766729,NA
"Abies","ABBA","NEON.PLA.D05.TREE.00700","TREE_051","TREE","D05",2017-09-26,"Live","single bole tree",NA,130,NA,16.8,19.1,NA,39,"Abies balsamea (L.) Mill.",10,35.5,"2017",12,"douglas","Abies balsamea (L.) Mill.","balsam fir","Pinaceae","tree","balsamea",0.608,"sw2",-2.2304,2.4435,"AbiesBelow0.35spg","conifer","Conifer",0.33,-2.3123,2.3482,1.87856,0.79034,NA,"Check",145.062320509396,100.902847540181,NA
"Abies","ABBA","NEON.PLA.D05.TREE.00384","TREE_025","TREE","D05",2015-08-04,"Live","single bole tree","Partially shaded",130,NA,10.8,13.8,NA,41,"Abies balsamea (L.) Mill.",10.9,135.3,"2015",12,"douglas","Abies balsamea (L.) Mill.","balsam fir","Pinaceae","tree","balsamea",0.608,"sw2",-2.2304,2.4435,"AbiesBelow0.35spg","conifer","Conifer",0.33,-2.3123,2.3482,1.87856,0.79034,NA,"Check",65.5607835171622,47.0375767745749,NA
"Abies","ABBA","NEON.PLA.D05.TREE.00302","TREE_054","TREE","D05",2015-07-30,"Live","single bole tree","Partially shaded",130,NA,8.9,10.3,NA,23,"Abies balsamea (L.) Mill.",4.9,295.4,"2015",12,"douglas","Abies balsamea (L.) Mill.","balsam fir","Pinaceae","tree","balsamea",0.608,"sw2",-2.2304,2.4435,"AbiesBelow0.35spg","conifer","Conifer",0.33,-2.3123,2.3482,1.87856,0.79034,NA,"Check",32.0787432909319,23.6660207273982,NA
"Abies","ABBA","NEON.PLA.D05.TREE.00214","TREE_050","TREE","D05",2015-07-29,"Live","sapling","Full shade",10,NA,1.3,1.6,NA,NA,"Abies balsamea (L.) Mill.",NA,NA,"2015",12,"douglas","Abies balsamea (L.) Mill.","balsam fir","Pinaceae","tree","balsamea",0.608,"sw2",-2.2304,2.4435,"AbiesBelow0.35spg","conifer","Conifer",0.33,-2.3123,2.3482,1.87856,0.79034,1.14849394850273,"Check",0.0446933068634579,0.0426125470740908,NA
"Abies","ABBA","NEON.PLA.D05.TREE.01069","TREE_039","TREE","D05",2018-10-17,"Live","small tree",NA,130,NA,17.5,9.5,NA,59,"Abies balsamea (L.) Mill.",9.2,105.6,"2018",12,"douglas","Abies balsamea (L.) Mill.","balsam fir","Pinaceae","tree","balsamea",0.608,"sw2",-2.2304,2.4435,"AbiesBelow0.35spg","conifer","Conifer",0.33,-2.3123,2.3482,1.87856,0.79034,NA,"Check",7.80522834500789,6.08462509507786,NA
"Abies","ABBA","NEON.PLA.D05.TREE.01403","TREE_039","TREE","D05",2015-08-11,"Live","sapling","Mostly shaded",10,NA,1,2.4,NA,NA,"Abies balsamea (L.) Mill.",NA,NA,"2015",12,"douglas","Abies balsamea (L.) Mill.","balsam fir","Pinaceae","tree","balsamea",0.608,"sw2",-2.2304,2.4435,"AbiesBelow0.35spg","conifer","Conifer",0.33,-2.3123,2.3482,1.87856,0.79034,1.75084529085287,"Check",0.125225828996725,0.114693200943635,NA
"Abies","ABBA","NEON.PLA.D05.TREE.00387","TREE_051","TREE","D05",2016-09-28,"Live","single bole tree",NA,130,NA,8.6,10.4,NA,61,"Abies balsamea (L.) Mill.",8,234.8,"2016",12,"douglas","Abies balsamea (L.) Mill.","balsam fir","Pinaceae","tree","balsamea",0.608,"sw2",-2.2304,2.4435,"AbiesBelow0.35spg","conifer","Conifer",0.33,-2.3123,2.3482,1.87856,0.79034,NA,"Check",32.845097253419,24.2090951208349,NA
"Abies","ABBA","NEON.PLA.D05.TREE.00386","TREE_051","TREE","D05",2016-09-28,"Live","single bole tree",NA,132,NA,15.5,18.5,NA,59,"Abies balsamea (L.) Mill.",1.1,92.7,"2016",12,"douglas","Abies balsamea (L.) Mill.","balsam fir","Pinaceae","tree","balsamea",0.608,"sw2",-2.2304,2.4435,"AbiesBelow0.35spg","conifer","Conifer",0.33,-2.3123,2.3482,1.87856,0.79034,NA,"Check",134.178738943802,93.6167418193456,NA
"Abies","ABBA","NEON.PLA.D05.TREE.00894","TREE_057","TREE","D05",2017-10-17,"Live","small tree",NA,130,NA,2,1.3,NA,NA,"Abies balsamea (L.) Mill.",NA,NA,"2017",12,"douglas","Abies balsamea (L.) Mill.","balsam fir","Pinaceae","tree","balsamea",0.608,"sw2",-2.2304,2.4435,"AbiesBelow0.35spg","conifer","Conifer",0.33,-2.3123,2.3482,1.87856,0.79034,NA,"Check",0.060497658336138,0.0570039609933637,NA
"Abies","ABBA","NEON.PLA.D05.TREE.00895","TREE_057","TREE","D05",2017-10-17,"Live","single bole tree",NA,130,NA,7.7,10.1,NA,23,"Abies balsamea (L.) Mill.",10,22.1,"2017",12,"douglas","Abies balsamea (L.) Mill.","balsam fir","Pinaceae","tree","balsamea",0.608,"sw2",-2.2304,2.4435,"AbiesBelow0.35spg","conifer","Conifer",0.33,-2.3123,2.3482,1.87856,0.79034,NA,"Check",30.5779850789256,22.601034561274,NA
"Abies","ABBA","NEON.PLA.D05.TREE.02531","TREE_009","TREE","D05",2017-10-26,"Live","small tree",NA,130,NA,2.7,2,NA,NA,"Abies balsamea (L.) Mill.",NA,NA,"2017",12,"douglas","Abies balsamea (L.) Mill.","balsam fir","Pinaceae","tree","balsamea",0.608,"sw2",-2.2304,2.4435,"AbiesBelow0.35spg","conifer","Conifer",0.33,-2.3123,2.3482,1.87856,0.79034,NA,"Check",0.173334406558499,0.156755176062481,NA
"Abies","ABBA","NEON.PLA.D05.TREE.00305","TREE_054","TREE","D05",2021-09-20,"Live","single bole tree","Partially shaded",130,NA,12.3,15,NA,21,"Abies balsamea (L.) Mill.",7.1,5.5,"2021",12,"douglas","Abies balsamea (L.) Mill.","balsam fir","Pinaceae","tree","balsamea",0.608,"sw2",-2.2304,2.4435,"AbiesBelow0.35spg","conifer","Conifer",0.33,-2.3123,2.3482,1.87856,0.79034,NA,"Check",80.3764052755604,57.2108452237956,NA
"Abies","ABBA","NEON.PLA.D05.TREE.00305","TREE_054","TREE","D05",2015-07-30,"Live","single bole tree","Mostly shaded",130,NA,9.2,13.3,NA,21,"Abies balsamea (L.) Mill.",7.1,5.5,"2015",12,"douglas","Abies balsamea (L.) Mill.","balsam fir","Pinaceae","tree","balsamea",0.608,"sw2",-2.2304,2.4435,"AbiesBelow0.35spg","conifer","Conifer",0.33,-2.3123,2.3482,1.87856,0.79034,NA,"Check",59.907482873306,43.1329629974291,NA
"Abies","ABBA","NEON.PLA.D05.TREE.00829","TREE_057","TREE","D05",2016-10-18,"Live","small tree",NA,130,NA,5.9,7.6,NA,NA,"Abies balsamea (L.) Mill.",NA,NA,"2016",12,"douglas","Abies balsamea (L.) Mill.","balsam fir","Pinaceae","tree","balsamea",0.608,"sw2",-2.2304,2.4435,"AbiesBelow0.35spg","conifer","Conifer",0.33,-2.3123,2.3482,1.87856,0.79034,NA,"Check",4.52466047935537,3.6030453773789,NA
"Abies","ABBA","NEON.PLA.D05.TREE.01495","TREE_041","TREE","D05",2015-08-10,"Live","sapling","Full shade",10,NA,1.1,1.2,NA,NA,"Abies balsamea (L.) Mill.",NA,NA,"2015",12,"douglas","Abies balsamea (L.) Mill.","balsam fir","Pinaceae","tree","balsamea",0.608,"sw2",-2.2304,2.4435,"AbiesBelow0.35spg","conifer","Conifer",0.33,-2.3123,2.3482,1.87856,0.79034,0.851537287154131,"Check",0.0215164515654311,0.0211080206973066,NA
"Abies","ABBA","NEON.PLA.D05.TREE.02465","TREE_023","TREE","D05",2019-11-04,"Live","small tree",NA,130,NA,2,1,NA,NA,"Abies balsamea (L.) Mill.",NA,NA,"2019",12,"douglas","Abies balsamea (L.) Mill.","balsam fir","Pinaceae","tree","balsamea",0.608,"sw2",-2.2304,2.4435,"AbiesBelow0.35spg","conifer","Conifer",0.33,-2.3123,2.3482,1.87856,0.79034,NA,"Check",0.0318652979425638,0.030785290376143,NA
"Abies","ABBA","NEON.PLA.D05.TREE.01354","TREE_040","TREE","D05",2015-08-10,"Live","single bole tree","Full sun",130,NA,13.2,15.4,NA,43,"Abies balsamea (L.) Mill.",8.3,241.1,"2015",12,"douglas","Abies balsamea (L.) Mill.","balsam fir","Pinaceae","tree","balsamea",0.608,"sw2",-2.2304,2.4435,"AbiesBelow0.35spg","conifer","Conifer",0.33,-2.3123,2.3482,1.87856,0.79034,NA,"Check",85.714928840063,60.8579089563268,NA
"Abies","ABBA","NEON.PLA.D05.TREE.01377","TREE_039","TREE","D05",2017-10-17,"Live","small tree",NA,130,NA,7.9,9.2,NA,NA,"Abies balsamea (L.) Mill.",NA,NA,"2017",12,"douglas","Abies balsamea (L.) Mill.","balsam fir","Pinaceae","tree","balsamea",0.608,"sw2",-2.2304,2.4435,"AbiesBelow0.35spg","conifer","Conifer",0.33,-2.3123,2.3482,1.87856,0.79034,NA,"Check",7.21661504891742,5.64299714463163,NA
"Abies","ABBA","NEON.PLA.D05.TREE.01377","TREE_039","TREE","D05",2020-10-01,"Live","small tree","Mostly shaded",130,NA,8.9,9.3,NA,NA,"Abies balsamea (L.) Mill.",NA,NA,"2020",12,"douglas","Abies balsamea (L.) Mill.","balsam fir","Pinaceae","tree","balsamea",0.608,"sw2",-2.2304,2.4435,"AbiesBelow0.35spg","conifer","Conifer",0.33,-2.3123,2.3482,1.87856,0.79034,NA,"Check",7.40979287392518,5.78808518500588,NA
"Abies","ABBA","NEON.PLA.D05.TREE.00900","TREE_057","TREE","D05",2016-10-18,"Live","small tree",NA,130,NA,2,1.5,NA,NA,"Abies balsamea (L.) Mill.",NA,NA,"2016",12,"douglas","Abies balsamea (L.) Mill.","balsam fir","Pinaceae","tree","balsamea",0.608,"sw2",-2.2304,2.4435,"AbiesBelow0.35spg","conifer","Conifer",0.33,-2.3123,2.3482,1.87856,0.79034,NA,"Check",0.0858216727315645,0.0797702124793076,NA
"Abies","ABBA","NEON.PLA.D05.TREE.01165","TREE_040","TREE","D05",2015-08-04,"Live","small tree","Partially shaded",130,NA,4.6,8.3,NA,NA,"Abies balsamea (L.) Mill.",NA,NA,"2015",12,"douglas","Abies balsamea (L.) Mill.","balsam fir","Pinaceae","tree","balsamea",0.608,"sw2",-2.2304,2.4435,"AbiesBelow0.35spg","conifer","Conifer",0.33,-2.3123,2.3482,1.87856,0.79034,NA,"Check",5.61158185463473,4.43121100644844,NA
"Abies","ABBA","NEON.PLA.D05.TREE.01444","TREE_039","TREE","D05",2017-10-17,"Live","small tree",NA,160,NA,5.9,6.9,NA,NA,"Abies balsamea (L.) Mill.",NA,NA,"2017",12,"douglas","Abies balsamea (L.) Mill.","balsam fir","Pinaceae","tree","balsamea",0.608,"sw2",-2.2304,2.4435,"AbiesBelow0.35spg","conifer","Conifer",0.33,-2.3123,2.3482,1.87856,0.79034,NA,"Check",3.57310465506946,2.87163137163629,NA
"Abies","ABBA","NEON.PLA.D05.TREE.01686","TREE_041","TREE","D05",2020-09-28,"Live, physically damaged","small tree","Full shade",130,NA,3.9,4.9,NA,NA,"Abies balsamea (L.) Mill.",NA,NA,"2020",12,"douglas","Abies balsamea (L.) Mill.","balsam fir","Pinaceae","tree","balsamea",0.608,"sw2",-2.2304,2.4435,"AbiesBelow0.35spg","conifer","Conifer",0.33,-2.3123,2.3482,1.87856,0.79034,NA,"Check",1.54814667751255,1.2854692417699,NA
"Abies","ABBA","NEON.PLA.D05.TREE.00391","TREE_054","TREE","D05",2015-07-30,"Live","sapling","Full shade",10,NA,1.4,1.8,NA,NA,"Abies balsamea (L.) Mill.",NA,NA,"2015",12,"douglas","Abies balsamea (L.) Mill.","balsam fir","Pinaceae","tree","balsamea",0.608,"sw2",-2.2304,2.4435,"AbiesBelow0.35spg","conifer","Conifer",0.33,-2.3123,2.3482,1.87856,0.79034,1.29814358285745,"Check",0.0602867783442535,0.0568129958331116,NA
"Abies","ABBA","NEON.PLA.D05.TREE.01686","TREE_041","TREE","D05",2021-09-20,"Live","small tree","Full shade",130,NA,4.7,5.3,NA,NA,"Abies balsamea (L.) Mill.",NA,NA,"2021",12,"douglas","Abies balsamea (L.) Mill.","balsam fir","Pinaceae","tree","balsamea",0.608,"sw2",-2.2304,2.4435,"AbiesBelow0.35spg","conifer","Conifer",0.33,-2.3123,2.3482,1.87856,0.79034,NA,"Check",1.87536614168729,1.54556705323716,NA
"Abies","ABBA","NEON.PLA.D05.TREE.02479","TREE_023","TREE","D05",2018-05-08,"Live","small tree",NA,130,NA,NA,1.3,NA,NA,"Abies balsamea (L.) Mill.",NA,NA,"2018",12,"douglas","Abies balsamea (L.) Mill.","balsam fir","Pinaceae","tree","balsamea",0.608,"sw2",-2.2304,2.4435,"AbiesBelow0.35spg","conifer","Conifer",0.33,-2.3123,2.3482,1.87856,0.79034,NA,"Check",0.060497658336138,0.0570039609933637,NA
"Abies","ABBA","NEON.PLA.D05.TREE.00559","TREE_042","TREE","D05",2018-10-10,"Live","single bole tree",NA,130,NA,11.1,14.2,NA,41,"Abies balsamea (L.) Mill.",8.6,85,"2018",12,"douglas","Abies balsamea (L.) Mill.","balsam fir","Pinaceae","tree","balsamea",0.608,"sw2",-2.2304,2.4435,"AbiesBelow0.35spg","conifer","Conifer",0.33,-2.3123,2.3482,1.87856,0.79034,NA,"Check",70.3017534234546,50.3018965562577,NA
"Abies","ABBA","NEON.PLA.D05.TREE.00110","TREE_050","TREE","D05",2021-10-06,"Live","single bole tree","Partially shaded",130,NA,15.8,15.3,NA,39,"Abies balsamea (L.) Mill.",8.2,65.1,"2021",12,"douglas","Abies balsamea (L.) Mill.","balsam fir","Pinaceae","tree","balsamea",0.608,"sw2",-2.2304,2.4435,"AbiesBelow0.35spg","conifer","Conifer",0.33,-2.3123,2.3482,1.87856,0.79034,NA,"Check",84.3612679893332,59.9340032884007,NA
"Abies","ABBA","NEON.PLA.D05.TREE.00364","TREE_025","TREE","D05",2015-08-04,"Live","small tree","Mostly shaded",130,NA,4,4.2,NA,NA,"Abies balsamea (L.) Mill.",NA,NA,"2015",12,"douglas","Abies balsamea (L.) Mill.","balsam fir","Pinaceae","tree","balsamea",0.608,"sw2",-2.2304,2.4435,"AbiesBelow0.35spg","conifer","Conifer",0.33,-2.3123,2.3482,1.87856,0.79034,NA,"Check",1.06225216425495,0.895070488248902,NA
"Abies","ABBA","NEON.PLA.D05.TREE.00467","TREE_039","TREE","D05",2021-09-30,"Live, broken bole","single bole tree","Partially shaded",150,NA,10.3,20.3,NA,59,"Abies balsamea (L.) Mill.",3.5,124.1,"2021",12,"douglas","Abies balsamea (L.) Mill.","balsam fir","Pinaceae","tree","balsamea",0.608,"sw2",-2.2304,2.4435,"AbiesBelow0.35spg","conifer","Conifer",0.33,-2.3123,2.3482,1.87856,0.79034,NA,"Check",168.351176678116,116.424147277185,NA
"Abies","ABBA","NEON.PLA.D05.TREE.01426","TREE_039","TREE","D05",2017-10-17,"Live","small tree",NA,130,NA,3.3,3.3,NA,NA,"Abies balsamea (L.) Mill.",NA,NA,"2017",12,"douglas","Abies balsamea (L.) Mill.","balsam fir","Pinaceae","tree","balsamea",0.608,"sw2",-2.2304,2.4435,"AbiesBelow0.35spg","conifer","Conifer",0.33,-2.3123,2.3482,1.87856,0.79034,NA,"Check",0.589259775013663,0.508063139991196,NA
"Abies","ABBA","NEON.PLA.D05.TREE.00074","TREE_054","TREE","D05",2017-08-30,"Live","single bole tree",NA,130,NA,8.7,10.8,NA,21,"Abies balsamea (L.) Mill.",8,17.4,"2017",12,"douglas","Abies balsamea (L.) Mill.","balsam fir","Pinaceae","tree","balsamea",0.608,"sw2",-2.2304,2.4435,"AbiesBelow0.35spg","conifer","Conifer",0.33,-2.3123,2.3482,1.87856,0.79034,NA,"Check",36.0180779880344,26.4524883706449,NA
"Abies","ABBA","NEON.PLA.D05.TREE.00074","TREE_054","TREE","D05",2015-07-30,"Live","single bole tree","Mostly shaded",130,NA,5.8,10.6,NA,21,"Abies balsamea (L.) Mill.",8,17.4,"2015",12,"douglas","Abies balsamea (L.) Mill.","balsam fir","Pinaceae","tree","balsamea",0.608,"sw2",-2.2304,2.4435,"AbiesBelow0.35spg","conifer","Conifer",0.33,-2.3123,2.3482,1.87856,0.79034,NA,"Check",34.4099838934569,25.3165255279514,NA
"Abies","ABBA","NEON.PLA.D05.TREE.00366","TREE_054","TREE","D05",2015-07-30,"Live","sapling","Full shade",10,NA,0.5,1,NA,NA,"Abies balsamea (L.) Mill.",NA,NA,"2015",12,"douglas","Abies balsamea (L.) Mill.","balsam fir","Pinaceae","tree","balsamea",0.608,"sw2",-2.2304,2.4435,"AbiesBelow0.35spg","conifer","Conifer",0.33,-2.3123,2.3482,1.87856,0.79034,0.704469670267665,"Check",0.0135384677160223,0.0135236370729611,NA
"Abies","ABBA","NEON.PLA.D05.TREE.01214","TREE_047","TREE","D05",2016-10-19,"Live","small tree",NA,130,NA,3.3,4.1,NA,NA,"Abies balsamea (L.) Mill.",NA,NA,"2016",12,"douglas","Abies balsamea (L.) Mill.","balsam fir","Pinaceae","tree","balsamea",0.608,"sw2",-2.2304,2.4435,"AbiesBelow0.35spg","conifer","Conifer",0.33,-2.3123,2.3482,1.87856,0.79034,NA,"Check",1.00151010922083,0.845828484771519,NA
"Abies","ABBA","NEON.PLA.D05.TREE.00609","TREE_039","TREE","D05",2015-08-11,"Live, disease damaged","single bole tree","Mostly shaded",140,NA,9.5,10.5,NA,59,"Abies balsamea (L.) Mill.",7.6,134.7,"2015",12,"douglas","Abies balsamea (L.) Mill.","balsam fir","Pinaceae","tree","balsamea",0.608,"sw2",-2.2304,2.4435,"AbiesBelow0.35spg","conifer","Conifer",0.33,-2.3123,2.3482,1.87856,0.79034,NA,"Check",33.6221622691773,24.759255504112,NA
"Abies","ABBA","NEON.PLA.D05.TREE.00734","TREE_051","TREE","D05",2015-08-03,"Live","small tree","Full shade",130,NA,3.4,4.8,NA,NA,"Abies balsamea (L.) Mill.",NA,NA,"2015",12,"douglas","Abies balsamea (L.) Mill.","balsam fir","Pinaceae","tree","balsamea",0.608,"sw2",-2.2304,2.4435,"AbiesBelow0.35spg","conifer","Conifer",0.33,-2.3123,2.3482,1.87856,0.79034,NA,"Check",1.47207842289968,1.22471187245523,NA
"Abies","ABBA","NEON.PLA.D05.TREE.00331","TREE_051","TREE","D05",2018-10-09,"Live","single bole tree",NA,130,NA,12,13.5,NA,57,"Abies balsamea (L.) Mill.",8.5,151.8,"2018",12,"douglas","Abies balsamea (L.) Mill.","balsam fir","Pinaceae","tree","balsamea",0.608,"sw2",-2.2304,2.4435,"AbiesBelow0.35spg","conifer","Conifer",0.33,-2.3123,2.3482,1.87856,0.79034,NA,"Check",62.1326891879771,44.671509156615,NA
"Abies","ABBA","NEON.PLA.D05.TREE.02689","TREE_023","TREE","D05",2019-11-04,"Live","single bole tree","Mostly shaded",130,NA,10.8,13.2,NA,49,"Abies balsamea (L.) Mill.",6,89.5,"2019",12,"douglas","Abies balsamea (L.) Mill.","balsam fir","Pinaceae","tree","balsamea",0.608,"sw2",-2.2304,2.4435,"AbiesBelow0.35spg","conifer","Conifer",0.33,-2.3123,2.3482,1.87856,0.79034,NA,"Check",58.8128179273103,42.3752794025212,NA
"Abies","ABBA","NEON.PLA.D05.TREE.00601","TREE_042","TREE","D05",2017-09-25,"Live","small tree",NA,130,NA,1.6,1.2,NA,NA,"Abies balsamea (L.) Mill.",NA,NA,"2017",12,"douglas","Abies balsamea (L.) Mill.","balsam fir","Pinaceae","tree","balsamea",0.608,"sw2",-2.2304,2.4435,"AbiesBelow0.35spg","conifer","Conifer",0.33,-2.3123,2.3482,1.87856,0.79034,NA,"Check",0.0497504895073365,0.0472363852883238,NA
"Abies","ABBA","NEON.PLA.D05.TREE.00895","TREE_057","TREE","D05",2015-08-04,"Live","single bole tree","Mostly shaded",130,NA,5.3,10.2,NA,23,"Abies balsamea (L.) Mill.",10,22.1,"2015",12,"douglas","Abies balsamea (L.) Mill.","balsam fir","Pinaceae","tree","balsamea",0.608,"sw2",-2.2304,2.4435,"AbiesBelow0.35spg","conifer","Conifer",0.33,-2.3123,2.3482,1.87856,0.79034,NA,"Check",31.3230545820377,23.1300085243817,NA
"Abies","ABBA","NEON.PLA.D05.TREE.01404","TREE_039","TREE","D05",2019-10-23,"Live","small tree",NA,130,NA,1.8,2.3,NA,NA,"Abies balsamea (L.) Mill.",NA,NA,"2019",12,"douglas","Abies balsamea (L.) Mill.","balsam fir","Pinaceae","tree","balsamea",0.608,"sw2",-2.2304,2.4435,"AbiesBelow0.35spg","conifer","Conifer",0.33,-2.3123,2.3482,1.87856,0.79034,NA,"Check",0.243893345411884,0.217646936638539,NA
"Abies","ABBA","NEON.PLA.D05.TREE.00069","TREE_054","TREE","D05",2017-08-30,"Live","single bole tree",NA,130,NA,8.8,11.1,NA,39,"Abies balsamea (L.) Mill.",4.3,102.9,"2017",12,"douglas","Abies balsamea (L.) Mill.","balsam fir","Pinaceae","tree","balsamea",0.608,"sw2",-2.2304,2.4435,"AbiesBelow0.35spg","conifer","Conifer",0.33,-2.3123,2.3482,1.87856,0.79034,NA,"Check",38.5120189145966,28.2103379109698,NA
"Abies","ABBA","NEON.PLA.D05.TREE.00305","TREE_054","TREE","D05",2018-10-09,"Live","single bole tree",NA,130,NA,10.6,14.4,NA,21,"Abies balsamea (L.) Mill.",7.1,5.5,"2018",12,"douglas","Abies balsamea (L.) Mill.","balsam fir","Pinaceae","tree","balsamea",0.608,"sw2",-2.2304,2.4435,"AbiesBelow0.35spg","conifer","Conifer",0.33,-2.3123,2.3482,1.87856,0.79034,NA,"Check",72.7458691344928,51.981364258078,NA
"Abies","ABBA","NEON.PLA.D05.TREE.00829","TREE_057","TREE","D05",2018-10-16,"Live","small tree",NA,130,NA,7.6,8.2,NA,NA,"Abies balsamea (L.) Mill.",NA,NA,"2018",12,"douglas","Abies balsamea (L.) Mill.","balsam fir","Pinaceae","tree","balsamea",0.608,"sw2",-2.2304,2.4435,"AbiesBelow0.35spg","conifer","Conifer",0.33,-2.3123,2.3482,1.87856,0.79034,NA,"Check",5.44781224883042,4.30686186256569,NA
"Abies","ABBA","NEON.PLA.D05.TREE.00397","TREE_054","TREE","D05",2021-09-20,"Standing dead","small tree","Full shade",130,NA,3.3,2.5,NA,NA,"Abies balsamea (L.) Mill.",NA,NA,"2021",12,"douglas","Abies balsamea (L.) Mill.","balsam fir","Pinaceae","tree","balsamea",0.608,"sw2",-2.2304,2.4435,"AbiesBelow0.35spg","conifer","Conifer",0.33,-2.3123,2.3482,1.87856,0.79034,NA,"Check",0.299009092374654,0.264719529773721,NA
"Abies","ABBA","NEON.PLA.D05.TREE.00193","TREE_054","TREE","D05",2016-10-18,"Live","single bole tree",NA,130,NA,7.1,14.2,NA,39,"Abies balsamea (L.) Mill.",5.4,119.6,"2016",12,"douglas","Abies balsamea (L.) Mill.","balsam fir","Pinaceae","tree","balsamea",0.608,"sw2",-2.2304,2.4435,"AbiesBelow0.35spg","conifer","Conifer",0.33,-2.3123,2.3482,1.87856,0.79034,NA,"Check",70.3017534234546,50.3018965562577,NA
"Abies","ABBA","NEON.PLA.D05.TREE.00061","TREE_056","TREE","D05",2015-07-29,"Live","small tree","Full shade",130,NA,4.8,6,NA,21,"Abies balsamea (L.) Mill.",5.3,52.5,"2015",12,"douglas","Abies balsamea (L.) Mill.","balsam fir","Pinaceae","tree","balsamea",0.608,"sw2",-2.2304,2.4435,"AbiesBelow0.35spg","conifer","Conifer",0.33,-2.3123,2.3482,1.87856,0.79034,NA,"Check",2.53939677571742,2.06822612897591,NA
"Abies","ABBA","NEON.PLA.D05.TREE.00360","TREE_051","TREE","D05",2018-10-09,"Live","single bole tree",NA,130,NA,10.2,17.7,NA,61,"Abies balsamea (L.) Mill.",12.3,225.5,"2018",12,"douglas","Abies balsamea (L.) Mill.","balsam fir","Pinaceae","tree","balsamea",0.608,"sw2",-2.2304,2.4435,"AbiesBelow0.35spg","conifer","Conifer",0.33,-2.3123,2.3482,1.87856,0.79034,NA,"Check",120.440420721703,84.386251098989,NA
"Abies","ABBA","NEON.PLA.D05.TREE.00008","TREE_056","TREE","D05",2021-09-22,"Live","small tree","Mostly shaded",130,NA,7.4,8.5,NA,NA,"Abies balsamea (L.) Mill.",NA,NA,"2021",12,"douglas","Abies balsamea (L.) Mill.","balsam fir","Pinaceae","tree","balsamea",0.608,"sw2",-2.2304,2.4435,"AbiesBelow0.35spg","conifer","Conifer",0.33,-2.3123,2.3482,1.87856,0.79034,NA,"Check",5.94775579082023,4.68602688255058,NA
"Abies","ABBA","NEON.PLA.D05.TREE.00062","TREE_050","TREE","D05",2016-09-29,"Live","small tree",NA,130,NA,9.4,6.2,NA,NA,"Abies balsamea (L.) Mill.",NA,NA,"2016",12,"douglas","Abies balsamea (L.) Mill.","balsam fir","Pinaceae","tree","balsamea",0.608,"sw2",-2.2304,2.4435,"AbiesBelow0.35spg","conifer","Conifer",0.33,-2.3123,2.3482,1.87856,0.79034,NA,"Check",2.75123112968026,2.2337646798732,NA
"Abies","ABBA","NEON.PLA.D05.TREE.00062","TREE_050","TREE","D05",2018-08-29,"Standing dead","small tree",NA,130,NA,7.3,6.5,NA,NA,"Abies balsamea (L.) Mill.",NA,NA,"2018",12,"douglas","Abies balsamea (L.) Mill.","balsam fir","Pinaceae","tree","balsamea",0.608,"sw2",-2.2304,2.4435,"AbiesBelow0.35spg","conifer","Conifer",0.33,-2.3123,2.3482,1.87856,0.79034,NA,"Check",3.08796074246844,2.49589550220602,NA
"Abies","ABBA","NEON.PLA.D05.TREE.00676","TREE_051","TREE","D05",2015-08-03,"Live","single bole tree","Full sun",130,NA,14.3,19.8,NA,41,"Abies balsamea (L.) Mill.",10,337.1,"2015",12,"douglas","Abies balsamea (L.) Mill.","balsam fir","Pinaceae","tree","balsamea",0.608,"sw2",-2.2304,2.4435,"AbiesBelow0.35spg","conifer","Conifer",0.33,-2.3123,2.3482,1.87856,0.79034,NA,"Check",158.398469133304,109.801954131597,NA
"Abies","ABBA","NEON.PLA.D05.TREE.00453","TREE_051","TREE","D05",2017-09-26,"Live","small tree",NA,130,NA,1.5,1,NA,NA,"Abies balsamea (L.) Mill.",NA,NA,"2017",12,"douglas","Abies balsamea (L.) Mill.","balsam fir","Pinaceae","tree","balsamea",0.608,"sw2",-2.2304,2.4435,"AbiesBelow0.35spg","conifer","Conifer",0.33,-2.3123,2.3482,1.87856,0.79034,NA,"Check",0.0318652979425638,0.030785290376143,NA
"Abies","ABBA","NEON.PLA.D05.TREE.00900","TREE_057","TREE","D05",2017-10-17,"Live","small tree",NA,130,NA,2.5,2,NA,NA,"Abies balsamea (L.) Mill.",NA,NA,"2017",12,"douglas","Abies balsamea (L.) Mill.","balsam fir","Pinaceae","tree","balsamea",0.608,"sw2",-2.2304,2.4435,"AbiesBelow0.35spg","conifer","Conifer",0.33,-2.3123,2.3482,1.87856,0.79034,NA,"Check",0.173334406558499,0.156755176062481,NA
"Abies","ABBA","NEON.PLA.D05.TREE.00210","TREE_054","TREE","D05",2017-08-30,"Live","single bole tree",NA,130,NA,7.8,11.8,NA,41,"Abies balsamea (L.) Mill.",9.2,65.8,"2017",12,"douglas","Abies balsamea (L.) Mill.","balsam fir","Pinaceae","tree","balsamea",0.608,"sw2",-2.2304,2.4435,"AbiesBelow0.35spg","conifer","Conifer",0.33,-2.3123,2.3482,1.87856,0.79034,NA,"Check",44.719122436928,32.5667334095466,NA
"Abies","ABBA","NEON.PLA.D05.TREE.00070","TREE_050","TREE","D05",2016-09-29,"Live","small tree",NA,130,NA,6.3,6.5,NA,NA,"Abies balsamea (L.) Mill.",NA,NA,"2016",12,"douglas","Abies balsamea (L.) Mill.","balsam fir","Pinaceae","tree","balsamea",0.608,"sw2",-2.2304,2.4435,"AbiesBelow0.35spg","conifer","Conifer",0.33,-2.3123,2.3482,1.87856,0.79034,NA,"Check",3.08796074246844,2.49589550220602,NA
"Abies","ABBA","NEON.PLA.D05.TREE.00464","TREE_052","TREE","D05",2016-09-29,"Live","small tree",NA,130,NA,3.2,4.7,NA,NA,"Abies balsamea (L.) Mill.",NA,NA,"2016",12,"douglas","Abies balsamea (L.) Mill.","balsam fir","Pinaceae","tree","balsamea",0.608,"sw2",-2.2304,2.4435,"AbiesBelow0.35spg","conifer","Conifer",0.33,-2.3123,2.3482,1.87856,0.79034,NA,"Check",1.39826375216329,1.16563732170516,NA
"Abies","ABBA","NEON.PLA.D05.TREE.00100","TREE_050","TREE","D05",2017-08-30,"Live","small tree",NA,130,NA,3.1,2.3,NA,NA,"Abies balsamea (L.) Mill.",NA,NA,"2017",12,"douglas","Abies balsamea (L.) Mill.","balsam fir","Pinaceae","tree","balsamea",0.608,"sw2",-2.2304,2.4435,"AbiesBelow0.35spg","conifer","Conifer",0.33,-2.3123,2.3482,1.87856,0.79034,NA,"Check",0.243893345411884,0.217646936638539,NA
"Abies","ABBA","NEON.PLA.D05.TREE.00436","TREE_052","TREE","D05",2016-09-29,"Dead, broken bole","single bole tree",NA,130,NA,NA,11,NA,23,"Abies balsamea (L.) Mill.",9.1,315.9,"2016",12,"douglas","Abies balsamea (L.) Mill.","balsam fir","Pinaceae","tree","balsamea",0.608,"sw2",-2.2304,2.4435,"AbiesBelow0.35spg","conifer","Conifer",0.33,-2.3123,2.3482,1.87856,0.79034,NA,"Check",37.6697392257646,27.617169967899,NA
"Abies","ABBA","NEON.PLA.D05.TREE.01396","TREE_040","TREE","D05",2020-09-29,"Live","single bole tree","Partially shaded",130,NA,10,13,NA,43,"Abies balsamea (L.) Mill.",11.1,237.4,"2020",12,"douglas","Abies balsamea (L.) Mill.","balsam fir","Pinaceae","tree","balsamea",0.608,"sw2",-2.2304,2.4435,"AbiesBelow0.35spg","conifer","Conifer",0.33,-2.3123,2.3482,1.87856,0.79034,NA,"Check",56.659164869195,40.882989880221,NA
"Abies","ABBA","NEON.PLA.D05.TREE.01396","TREE_040","TREE","D05",2019-10-23,"Live","single bole tree",NA,130,NA,9,12.9,NA,43,"Abies balsamea (L.) Mill.",11.1,237.4,"2019",12,"douglas","Abies balsamea (L.) Mill.","balsam fir","Pinaceae","tree","balsamea",0.608,"sw2",-2.2304,2.4435,"AbiesBelow0.35spg","conifer","Conifer",0.33,-2.3123,2.3482,1.87856,0.79034,NA,"Check",55.60009641439,40.1483431304396,NA
"Abies","ABBA","NEON.PLA.D05.TREE.00591","TREE_046","TREE","D05",2016-09-29,"Live","single bole tree",NA,130,NA,13.9,16.4,NA,23,"Abies balsamea (L.) Mill.",9.9,29.2,"2016",12,"douglas","Abies balsamea (L.) Mill.","balsam fir","Pinaceae","tree","balsamea",0.608,"sw2",-2.2304,2.4435,"AbiesBelow0.35spg","conifer","Conifer",0.33,-2.3123,2.3482,1.87856,0.79034,NA,"Check",99.9586841043064,70.5467796176384,NA
"Abies","ABBA","NEON.PLA.D05.TREE.02227","TREE_015","TREE","D05",2018-05-08,"Live","single bole tree","Mostly shaded",130,NA,13.9,13.4,NA,51,"Abies balsamea (L.) Mill.",3.7,210.7,"2018",12,"douglas","Abies balsamea (L.) Mill.","balsam fir","Pinaceae","tree","balsamea",0.608,"sw2",-2.2304,2.4435,"AbiesBelow0.35spg","conifer","Conifer",0.33,-2.3123,2.3482,1.87856,0.79034,NA,"Check",61.014093376632,43.8983661951029,NA
"Abies","ABBA","NEON.PLA.D05.TREE.00815","TREE_052","TREE","D05",2017-09-26,"Live","single bole tree",NA,130,NA,11.1,12.1,NA,21,"Abies balsamea (L.) Mill.",4.4,27.7,"2017",12,"douglas","Abies balsamea (L.) Mill.","balsam fir","Pinaceae","tree","balsamea",0.608,"sw2",-2.2304,2.4435,"AbiesBelow0.35spg","conifer","Conifer",0.33,-2.3123,2.3482,1.87856,0.79034,NA,"Check",47.5483707006928,34.5443858596436,NA
"Abies","ABBA","NEON.PLA.D05.TREE.08194","TREE_054","TREE","D05",2022-09-07,"Live","small tree","Full shade",130,NA,5.6,5.9,NA,NA,"Abies balsamea (L.) Mill.",NA,NA,"2022",12,"douglas","Abies balsamea (L.) Mill.","balsam fir","Pinaceae","tree","balsamea",0.608,"sw2",-2.2304,2.4435,"AbiesBelow0.35spg","conifer","Conifer",0.33,-2.3123,2.3482,1.87856,0.79034,NA,"Check",2.43722078928756,1.98819028834665,NA
"Abies","ABBA","NEON.PLA.D05.TREE.00073","TREE_050","TREE","D05",2015-07-29,"Live","single bole tree","Mostly shaded",130,NA,7.1,11.4,NA,41,"Abies balsamea (L.) Mill.",2.8,90,"2015",12,"douglas","Abies balsamea (L.) Mill.","balsam fir","Pinaceae","tree","balsamea",0.608,"sw2",-2.2304,2.4435,"AbiesBelow0.35spg","conifer","Conifer",0.33,-2.3123,2.3482,1.87856,0.79034,NA,"Check",41.1051835472611,30.033423589797,NA
"Abies","ABBA","NEON.PLA.D05.TREE.03037","TREE_012","TREE","D05",2019-10-17,"Live,  other damage","small tree",NA,130,NA,6.5,7.8,NA,NA,"Abies balsamea (L.) Mill.",NA,NA,"2019",12,"douglas","Abies balsamea (L.) Mill.","balsam fir","Pinaceae","tree","balsamea",0.608,"sw2",-2.2304,2.4435,"AbiesBelow0.35spg","conifer","Conifer",0.33,-2.3123,2.3482,1.87856,0.79034,NA,"Check",4.82115556534735,3.82965631121552,NA
"Abies","ABBA","NEON.PLA.D05.TREE.03037","TREE_012","TREE","D05",2017-10-30,"Live","small tree",NA,130,NA,6.8,8,NA,NA,"Abies balsamea (L.) Mill.",NA,NA,"2017",12,"douglas","Abies balsamea (L.) Mill.","balsam fir","Pinaceae","tree","balsamea",0.608,"sw2",-2.2304,2.4435,"AbiesBelow0.35spg","conifer","Conifer",0.33,-2.3123,2.3482,1.87856,0.79034,NA,"Check",5.12883073850477,4.06423827777494,NA
"Abies","ABBA","NEON.PLA.D05.TREE.01057","TREE_039","TREE","D05",2020-10-01,"Live","small tree","Partially shaded",130,NA,3.4,3.2,NA,NA,"Abies balsamea (L.) Mill.",NA,NA,"2020",12,"douglas","Abies balsamea (L.) Mill.","balsam fir","Pinaceae","tree","balsamea",0.608,"sw2",-2.2304,2.4435,"AbiesBelow0.35spg","conifer","Conifer",0.33,-2.3123,2.3482,1.87856,0.79034,NA,"Check",0.546577758828339,0.4726464860605,NA
"Abies","ABBA","NEON.PLA.D05.TREE.01483","TREE_039","TREE","D05",2017-10-17,"Live","small tree",NA,130,NA,1.5,1.1,NA,NA,"Abies balsamea (L.) Mill.",NA,NA,"2017",12,"douglas","Abies balsamea (L.) Mill.","balsam fir","Pinaceae","tree","balsamea",0.608,"sw2",-2.2304,2.4435,"AbiesBelow0.35spg","conifer","Conifer",0.33,-2.3123,2.3482,1.87856,0.79034,NA,"Check",0.0402217543896549,0.0385071660416609,NA
"Abies","ABBA","NEON.PLA.D05.TREE.00321","TREE_054","TREE","D05",2018-10-09,"Live","single bole tree",NA,130,NA,13.1,13.1,NA,21,"Abies balsamea (L.) Mill.",1.9,10.2,"2018",12,"douglas","Abies balsamea (L.) Mill.","balsam fir","Pinaceae","tree","balsamea",0.608,"sw2",-2.2304,2.4435,"AbiesBelow0.35spg","conifer","Conifer",0.33,-2.3123,2.3482,1.87856,0.79034,NA,"Check",57.7300586212782,41.6252951502566,NA
"Abies","ABBA","NEON.PLA.D05.TREE.00723","TREE_051","TREE","D05",2015-08-03,"Live","small tree","Mostly shaded",130,NA,6.7,8.5,NA,NA,"Abies balsamea (L.) Mill.",NA,NA,"2015",12,"douglas","Abies balsamea (L.) Mill.","balsam fir","Pinaceae","tree","balsamea",0.608,"sw2",-2.2304,2.4435,"AbiesBelow0.35spg","conifer","Conifer",0.33,-2.3123,2.3482,1.87856,0.79034,NA,"Check",5.94775579082023,4.68602688255058,NA
"Abies","ABBA","NEON.PLA.D05.TREE.00818","TREE_052","TREE","D05",2017-09-26,"Live","single bole tree",NA,130,NA,14.2,16.2,NA,39,"Abies balsamea (L.) Mill.",10.4,116.1,"2017",12,"douglas","Abies balsamea (L.) Mill.","balsam fir","Pinaceae","tree","balsamea",0.608,"sw2",-2.2304,2.4435,"AbiesBelow0.35spg","conifer","Conifer",0.33,-2.3123,2.3482,1.87856,0.79034,NA,"Check",97.0062074134916,68.5431448640156,NA
"Abies","ABBA","NEON.PLA.D05.TREE.00818","TREE_052","TREE","D05",2016-09-29,"Live","single bole tree",NA,130,NA,14,16.3,NA,39,"Abies balsamea (L.) Mill.",10.4,116.1,"2016",12,"douglas","Abies balsamea (L.) Mill.","balsam fir","Pinaceae","tree","balsamea",0.608,"sw2",-2.2304,2.4435,"AbiesBelow0.35spg","conifer","Conifer",0.33,-2.3123,2.3482,1.87856,0.79034,NA,"Check",98.4759091336098,69.5408191572425,NA
"Abies","ABBA","NEON.PLA.D05.TREE.01484","TREE_039","TREE","D05",2017-10-17,"Live","small tree",NA,130,NA,5.1,6.9,NA,NA,"Abies balsamea (L.) Mill.",NA,NA,"2017",12,"douglas","Abies balsamea (L.) Mill.","balsam fir","Pinaceae","tree","balsamea",0.608,"sw2",-2.2304,2.4435,"AbiesBelow0.35spg","conifer","Conifer",0.33,-2.3123,2.3482,1.87856,0.79034,NA,"Check",3.57310465506946,2.87163137163629,NA
"Abies","ABBA","NEON.PLA.D05.TREE.00757","TREE_052","TREE","D05",2016-09-29,"Live","small tree",NA,130,NA,5.1,5.7,NA,NA,"Abies balsamea (L.) Mill.",NA,NA,"2016",12,"douglas","Abies balsamea (L.) Mill.","balsam fir","Pinaceae","tree","balsamea",0.608,"sw2",-2.2304,2.4435,"AbiesBelow0.35spg","conifer","Conifer",0.33,-2.3123,2.3482,1.87856,0.79034,NA,"Check",2.24025880718396,1.83353240732249,NA
"Abies","ABBA","NEON.PLA.D05.TREE.01060","TREE_047","TREE","D05",2015-08-06,"Live","small tree","Mostly shaded",130,NA,5.4,7,NA,NA,"Abies balsamea (L.) Mill.",NA,NA,"2015",12,"douglas","Abies balsamea (L.) Mill.","balsam fir","Pinaceae","tree","balsamea",0.608,"sw2",-2.2304,2.4435,"AbiesBelow0.35spg","conifer","Conifer",0.33,-2.3123,2.3482,1.87856,0.79034,NA,"Check",3.70096556496113,2.9703147503217,NA
"Abies","ABBA","NEON.PLA.D05.TREE.02477","TREE_023","TREE","D05",2018-05-08,"Live","small tree",NA,130,NA,2.2,1.7,NA,NA,"Abies balsamea (L.) Mill.",NA,NA,"2018",12,"douglas","Abies balsamea (L.) Mill.","balsam fir","Pinaceae","tree","balsamea",0.608,"sw2",-2.2304,2.4435,"AbiesBelow0.35spg","conifer","Conifer",0.33,-2.3123,2.3482,1.87856,0.79034,NA,"Check",0.116525217678834,0.107024550262889,NA
"Abies","ABBA","NEON.PLA.D05.TREE.00069","TREE_054","TREE","D05",2015-07-30,"Live","single bole tree","Mostly shaded",130,NA,7.7,10.1,NA,39,"Abies balsamea (L.) Mill.",4.3,102.9,"2015",12,"douglas","Abies balsamea (L.) Mill.","balsam fir","Pinaceae","tree","balsamea",0.608,"sw2",-2.2304,2.4435,"AbiesBelow0.35spg","conifer","Conifer",0.33,-2.3123,2.3482,1.87856,0.79034,NA,"Check",30.5779850789256,22.601034561274,NA
"Abies","ABBA","NEON.PLA.D05.TREE.00077","TREE_050","TREE","D05",2017-08-30,"Live","small tree",NA,130,NA,7.1,7.1,NA,NA,"Abies balsamea (L.) Mill.",NA,NA,"2017",12,"douglas","Abies balsamea (L.) Mill.","balsam fir","Pinaceae","tree","balsamea",0.608,"sw2",-2.2304,2.4435,"AbiesBelow0.35spg","conifer","Conifer",0.33,-2.3123,2.3482,1.87856,0.79034,NA,"Check",3.83149054878416,3.07091721361445,NA
"Abies","ABBA","NEON.PLA.D05.TREE.00885","TREE_025","TREE","D05",2016-10-18,"Live","single bole tree",NA,130,NA,8.8,10.7,NA,23,"Abies balsamea (L.) Mill.",9.8,338.7,"2016",12,"douglas","Abies balsamea (L.) Mill.","balsam fir","Pinaceae","tree","balsamea",0.608,"sw2",-2.2304,2.4435,"AbiesBelow0.35spg","conifer","Conifer",0.33,-2.3123,2.3482,1.87856,0.79034,NA,"Check",35.2086074406931,25.8809286967081,NA
"Abies","ABBA","NEON.PLA.D05.TREE.01094","TREE_047","TREE","D05",2018-08-28,"Live","single bole tree",NA,130,NA,12.2,14.5,NA,41,"Abies balsamea (L.) Mill.",2.9,338.1,"2018",12,"douglas","Abies balsamea (L.) Mill.","balsam fir","Pinaceae","tree","balsamea",0.608,"sw2",-2.2304,2.4435,"AbiesBelow0.35spg","conifer","Conifer",0.33,-2.3123,2.3482,1.87856,0.79034,NA,"Check",73.9864689807821,52.8329927672852,NA
"Abies","ABBA","NEON.PLA.D05.TREE.02241","TREE_015","TREE","D05",2018-05-08,"Live","single bole tree","Partially shaded",130,NA,11.8,15.7,NA,31,"Abies balsamea (L.) Mill.",5.6,9.4,"2018",12,"douglas","Abies balsamea (L.) Mill.","balsam fir","Pinaceae","tree","balsamea",0.608,"sw2",-2.2304,2.4435,"AbiesBelow0.35spg","conifer","Conifer",0.33,-2.3123,2.3482,1.87856,0.79034,NA,"Check",89.8525461521907,63.6784426109215,NA
"Abies","ABBA","NEON.PLA.D05.TREE.00833","TREE_025","TREE","D05",2017-10-18,"Live","small tree",NA,130,NA,2,1.4,NA,NA,"Abies balsamea (L.) Mill.",NA,NA,"2017",12,"douglas","Abies balsamea (L.) Mill.","balsam fir","Pinaceae","tree","balsamea",0.608,"sw2",-2.2304,2.4435,"AbiesBelow0.35spg","conifer","Conifer",0.33,-2.3123,2.3482,1.87856,0.79034,NA,"Check",0.0725073175910424,0.067839260904832,NA
"Abies","ABBA","NEON.PLA.D05.TREE.00062","TREE_050","TREE","D05",2021-10-06,"Standing dead","small tree","Full shade",130,NA,8.5,6.8,NA,NA,"Abies balsamea (L.) Mill.",NA,NA,"2021",12,"douglas","Abies balsamea (L.) Mill.","balsam fir","Pinaceae","tree","balsamea",0.608,"sw2",-2.2304,2.4435,"AbiesBelow0.35spg","conifer","Conifer",0.33,-2.3123,2.3482,1.87856,0.79034,NA,"Check",3.44789087237833,2.77485748647116,NA
"Abies","ABBA","NEON.PLA.D05.TREE.00454","TREE_051","TREE","D05",2017-09-26,"Live","small tree",NA,130,NA,6.5,7.1,NA,NA,"Abies balsamea (L.) Mill.",NA,NA,"2017",12,"douglas","Abies balsamea (L.) Mill.","balsam fir","Pinaceae","tree","balsamea",0.608,"sw2",-2.2304,2.4435,"AbiesBelow0.35spg","conifer","Conifer",0.33,-2.3123,2.3482,1.87856,0.79034,NA,"Check",3.83149054878416,3.07091721361445,NA
"Abies","ABBA","NEON.PLA.D05.TREE.00144","TREE_046","TREE","D05",2015-07-28,"Live","sapling","Full shade",10,NA,0.8,2.4,NA,NA,"Abies balsamea (L.) Mill.",NA,NA,"2015",12,"douglas","Abies balsamea (L.) Mill.","balsam fir","Pinaceae","tree","balsamea",0.608,"sw2",-2.2304,2.4435,"AbiesBelow0.35spg","conifer","Conifer",0.33,-2.3123,2.3482,1.87856,0.79034,1.75084529085287,"Check",0.125225828996725,0.114693200943635,NA
"Abies","ABBA","NEON.PLA.D05.TREE.00035","TREE_046","TREE","D05",2021-09-21,"Live","small tree","Full shade",130,NA,2.3,2.4,NA,NA,"Abies balsamea (L.) Mill.",NA,NA,"2021",12,"douglas","Abies balsamea (L.) Mill.","balsam fir","Pinaceae","tree","balsamea",0.608,"sw2",-2.2304,2.4435,"AbiesBelow0.35spg","conifer","Conifer",0.33,-2.3123,2.3482,1.87856,0.79034,NA,"Check",0.27062265635465,0.240522268978321,NA
"Abies","ABBA","NEON.PLA.D05.TREE.00210","TREE_054","TREE","D05",2021-09-20,"Live","single bole tree","Partially shaded",130,NA,9.7,12.3,NA,41,"Abies balsamea (L.) Mill.",9.2,65.8,"2021",12,"douglas","Abies balsamea (L.) Mill.","balsam fir","Pinaceae","tree","balsamea",0.608,"sw2",-2.2304,2.4435,"AbiesBelow0.35spg","conifer","Conifer",0.33,-2.3123,2.3482,1.87856,0.79034,NA,"Check",49.4917405274782,35.9001325582182,NA
"Abies","ABBA","NEON.PLA.D05.TREE.09852","TREE_054","TREE","D05",2022-09-07,"Live, broken bole","small tree","Full shade",130,NA,2,1.4,NA,NA,"Abies balsamea (L.) Mill.",NA,NA,"2022",12,"douglas","Abies balsamea (L.) Mill.","balsam fir","Pinaceae","tree","balsamea",0.608,"sw2",-2.2304,2.4435,"AbiesBelow0.35spg","conifer","Conifer",0.33,-2.3123,2.3482,1.87856,0.79034,NA,"Check",0.0725073175910424,0.067839260904832,NA
"Abies","ABBA","NEON.PLA.D05.TREE.00242","TREE_055","TREE","D05",2015-07-29,"Live","sapling","Full shade",10,NA,1.2,2.2,NA,NA,"Abies balsamea (L.) Mill.",NA,NA,"2015",12,"douglas","Abies balsamea (L.) Mill.","balsam fir","Pinaceae","tree","balsamea",0.608,"sw2",-2.2304,2.4435,"AbiesBelow0.35spg","conifer","Conifer",0.33,-2.3123,2.3482,1.87856,0.79034,1.59937782399413,"Check",0.100385832096698,0.0927387327440067,NA
"Abies","ABBA","NEON.PLA.D05.TREE.00729","TREE_052","TREE","D05",2017-09-26,"Live","small tree",NA,130,NA,5.7,5.5,NA,NA,"Abies balsamea (L.) Mill.",NA,NA,"2017",12,"douglas","Abies balsamea (L.) Mill.","balsam fir","Pinaceae","tree","balsamea",0.608,"sw2",-2.2304,2.4435,"AbiesBelow0.35spg","conifer","Conifer",0.33,-2.3123,2.3482,1.87856,0.79034,NA,"Check",2.05302489326714,1.68602077559612,NA
"Abies","ABBA","NEON.PLA.D05.TREE.00412","TREE_025","TREE","D05",2015-08-04,"Live","small tree","Full shade",130,NA,2.3,2.5,NA,NA,"Abies balsamea (L.) Mill.",NA,NA,"2015",12,"douglas","Abies balsamea (L.) Mill.","balsam fir","Pinaceae","tree","balsamea",0.608,"sw2",-2.2304,2.4435,"AbiesBelow0.35spg","conifer","Conifer",0.33,-2.3123,2.3482,1.87856,0.79034,NA,"Check",0.299009092374654,0.264719529773721,NA
"Abies","ABBA","NEON.PLA.D05.TREE.00382","TREE_051","TREE","D05",2016-09-28,"Live","single bole tree",NA,130,NA,11,13.1,NA,59,"Abies balsamea (L.) Mill.",9.7,145.5,"2016",12,"douglas","Abies balsamea (L.) Mill.","balsam fir","Pinaceae","tree","balsamea",0.608,"sw2",-2.2304,2.4435,"AbiesBelow0.35spg","conifer","Conifer",0.33,-2.3123,2.3482,1.87856,0.79034,NA,"Check",57.7300586212782,41.6252951502566,NA
"Abies","ABBA","NEON.PLA.D05.TREE.00302","TREE_054","TREE","D05",2017-08-30,"Live","single bole tree",NA,130,NA,10.5,11,NA,23,"Abies balsamea (L.) Mill.",4.9,295.4,"2017",12,"douglas","Abies balsamea (L.) Mill.","balsam fir","Pinaceae","tree","balsamea",0.608,"sw2",-2.2304,2.4435,"AbiesBelow0.35spg","conifer","Conifer",0.33,-2.3123,2.3482,1.87856,0.79034,NA,"Check",37.6697392257646,27.617169967899,NA
"Abies","ABBA","NEON.PLA.D05.TREE.01371","TREE_039","TREE","D05",2021-09-30,"Live","small tree","Mostly shaded",130,NA,1.8,1.5,NA,NA,"Abies balsamea (L.) Mill.",NA,NA,"2021",12,"douglas","Abies balsamea (L.) Mill.","balsam fir","Pinaceae","tree","balsamea",0.608,"sw2",-2.2304,2.4435,"AbiesBelow0.35spg","conifer","Conifer",0.33,-2.3123,2.3482,1.87856,0.79034,NA,"Check",0.0858216727315645,0.0797702124793076,NA
"Abies","ABBA","NEON.PLA.D05.TREE.02046","TREE_018","TREE","D05",2018-04-25,"Live, physically damaged","small tree",NA,130,NA,NA,1.7,NA,NA,"Abies balsamea (L.) Mill.",NA,NA,"2018",12,"douglas","Abies balsamea (L.) Mill.","balsam fir","Pinaceae","tree","balsamea",0.608,"sw2",-2.2304,2.4435,"AbiesBelow0.35spg","conifer","Conifer",0.33,-2.3123,2.3482,1.87856,0.79034,NA,"Check",0.116525217678834,0.107024550262889,NA
"Abies","ABBA","NEON.PLA.D05.TREE.02051","TREE_018","TREE","D05",2019-10-30,"Live","small tree",NA,130,NA,3,3.8,NA,NA,"Abies balsamea (L.) Mill.",NA,NA,"2019",12,"douglas","Abies balsamea (L.) Mill.","balsam fir","Pinaceae","tree","balsamea",0.608,"sw2",-2.2304,2.4435,"AbiesBelow0.35spg","conifer","Conifer",0.33,-2.3123,2.3482,1.87856,0.79034,NA,"Check",0.831800547428785,0.707605330600485,NA
"Abies","ABBA","NEON.PLA.D05.TREE.00083","TREE_050","TREE","D05",2016-09-29,"Live","small tree",NA,130,NA,2.1,1.5,NA,NA,"Abies balsamea (L.) Mill.",NA,NA,"2016",12,"douglas","Abies balsamea (L.) Mill.","balsam fir","Pinaceae","tree","balsamea",0.608,"sw2",-2.2304,2.4435,"AbiesBelow0.35spg","conifer","Conifer",0.33,-2.3123,2.3482,1.87856,0.79034,NA,"Check",0.0858216727315645,0.0797702124793076,NA
"Abies","ABBA","NEON.PLA.D05.TREE.00734","TREE_051","TREE","D05",2017-09-26,"Live","small tree",NA,130,NA,3.2,4.9,NA,NA,"Abies balsamea (L.) Mill.",NA,NA,"2017",12,"douglas","Abies balsamea (L.) Mill.","balsam fir","Pinaceae","tree","balsamea",0.608,"sw2",-2.2304,2.4435,"AbiesBelow0.35spg","conifer","Conifer",0.33,-2.3123,2.3482,1.87856,0.79034,NA,"Check",1.54814667751255,1.2854692417699,NA
"Abies","ABBA","NEON.PLA.D05.TREE.00477","TREE_025","TREE","D05",2017-10-18,"Live","small tree",NA,130,NA,4.7,5.3,NA,NA,"Abies balsamea (L.) Mill.",NA,NA,"2017",12,"douglas","Abies balsamea (L.) Mill.","balsam fir","Pinaceae","tree","balsamea",0.608,"sw2",-2.2304,2.4435,"AbiesBelow0.35spg","conifer","Conifer",0.33,-2.3123,2.3482,1.87856,0.79034,NA,"Check",1.87536614168729,1.54556705323716,NA
"Abies","ABBA","NEON.PLA.D05.TREE.00303","TREE_054","TREE","D05",2015-07-30,"Live","single bole tree","Full sun",130,NA,11.8,20.1,NA,23,"Abies balsamea (L.) Mill.",11,296,"2015",12,"douglas","Abies balsamea (L.) Mill.","balsam fir","Pinaceae","tree","balsamea",0.608,"sw2",-2.2304,2.4435,"AbiesBelow0.35spg","conifer","Conifer",0.33,-2.3123,2.3482,1.87856,0.79034,NA,"Check",164.327085948506,113.748545363454,NA
"Abies","ABBA","NEON.PLA.D05.TREE.00478","TREE_025","TREE","D05",2015-08-04,"Live","small tree","Mostly shaded",130,NA,4,5.6,NA,NA,"Abies balsamea (L.) Mill.",NA,NA,"2015",12,"douglas","Abies balsamea (L.) Mill.","balsam fir","Pinaceae","tree","balsamea",0.608,"sw2",-2.2304,2.4435,"AbiesBelow0.35spg","conifer","Conifer",0.33,-2.3123,2.3482,1.87856,0.79034,NA,"Check",2.14543532707086,1.75888878333103,NA
"Abies","ABBA","NEON.PLA.D05.TREE.00448","TREE_057","TREE","D05",2016-10-18,"Live","small tree",NA,130,NA,6.5,8,NA,NA,"Abies balsamea (L.) Mill.",NA,NA,"2016",12,"douglas","Abies balsamea (L.) Mill.","balsam fir","Pinaceae","tree","balsamea",0.608,"sw2",-2.2304,2.4435,"AbiesBelow0.35spg","conifer","Conifer",0.33,-2.3123,2.3482,1.87856,0.79034,NA,"Check",5.12883073850477,4.06423827777494,NA
"Abies","ABBA","NEON.PLA.D05.TREE.01375","TREE_045","TREE","D05",2016-10-18,"Standing dead","small tree",NA,130,NA,3.5,3.8,NA,NA,"Abies balsamea (L.) Mill.",NA,NA,"2016",12,"douglas","Abies balsamea (L.) Mill.","balsam fir","Pinaceae","tree","balsamea",0.608,"sw2",-2.2304,2.4435,"AbiesBelow0.35spg","conifer","Conifer",0.33,-2.3123,2.3482,1.87856,0.79034,NA,"Check",0.831800547428785,0.707605330600485,NA
"Abies","ABBA","NEON.PLA.D05.TREE.00829","TREE_057","TREE","D05",2015-08-04,"Live","small tree","Mostly shaded",130,NA,4.9,8.1,NA,NA,"Abies balsamea (L.) Mill.",NA,NA,"2015",12,"douglas","Abies balsamea (L.) Mill.","balsam fir","Pinaceae","tree","balsamea",0.608,"sw2",-2.2304,2.4435,"AbiesBelow0.35spg","conifer","Conifer",0.33,-2.3123,2.3482,1.87856,0.79034,NA,"Check",5.2869003798444,4.18454050142547,NA
"Abies","ABBA","NEON.PLA.D05.TREE.00275","TREE_056","TREE","D05",2017-08-28,"Live","single bole tree",NA,130,NA,12,15.8,NA,43,"Abies balsamea (L.) Mill.",8.6,335.5,"2017",12,"douglas","Abies balsamea (L.) Mill.","balsam fir","Pinaceae","tree","balsamea",0.608,"sw2",-2.2304,2.4435,"AbiesBelow0.35spg","conifer","Conifer",0.33,-2.3123,2.3482,1.87856,0.79034,NA,"Check",91.2574185622612,64.6349535564983,NA
"Abies","ABBA","NEON.PLA.D05.TREE.03537","TREE_050","TREE","D05",2018-08-29,"Live","small tree",NA,130,NA,3.5,2.9,NA,NA,"Abies balsamea (L.) Mill.",NA,NA,"2018",12,"douglas","Abies balsamea (L.) Mill.","balsam fir","Pinaceae","tree","balsamea",0.608,"sw2",-2.2304,2.4435,"AbiesBelow0.35spg","conifer","Conifer",0.33,-2.3123,2.3482,1.87856,0.79034,NA,"Check",0.429721904057558,0.37509928214444,NA
"Abies","ABBA","NEON.PLA.D05.TREE.00737","TREE_052","TREE","D05",2015-08-03,"Live","small tree","Full shade",130,NA,2.3,2.2,NA,NA,"Abies balsamea (L.) Mill.",NA,NA,"2015",12,"douglas","Abies balsamea (L.) Mill.","balsam fir","Pinaceae","tree","balsamea",0.608,"sw2",-2.2304,2.4435,"AbiesBelow0.35spg","conifer","Conifer",0.33,-2.3123,2.3482,1.87856,0.79034,NA,"Check",0.218790169181502,0.196074083394239,NA
"Abies","ABBA","NEON.PLA.D05.TREE.01495","TREE_041","TREE","D05",2022-09-06,"Live","small tree","Full shade",130,NA,4.1,3.9,NA,NA,"Abies balsamea (L.) Mill.",NA,NA,"2022",12,"douglas","Abies balsamea (L.) Mill.","balsam fir","Pinaceae","tree","balsamea",0.608,"sw2",-2.2304,2.4435,"AbiesBelow0.35spg","conifer","Conifer",0.33,-2.3123,2.3482,1.87856,0.79034,NA,"Check",0.886307349864757,0.752109656236205,NA
"Abies","ABBA","NEON.PLA.D05.TREE.01377","TREE_039","TREE","D05",2018-10-17,"Live","small tree",NA,130,NA,8.4,9,NA,NA,"Abies balsamea (L.) Mill.",NA,NA,"2018",12,"douglas","Abies balsamea (L.) Mill.","balsam fir","Pinaceae","tree","balsamea",0.608,"sw2",-2.2304,2.4435,"AbiesBelow0.35spg","conifer","Conifer",0.33,-2.3123,2.3482,1.87856,0.79034,NA,"Check",6.83926694845384,5.35914509000433,NA
"Abies","ABBA","NEON.PLA.D05.TREE.00359","TREE_054","TREE","D05",2017-08-30,"Standing dead","small tree",NA,10,NA,1,1.7,NA,NA,"Abies balsamea (L.) Mill.",NA,NA,"2017",12,"douglas","Abies balsamea (L.) Mill.","balsam fir","Pinaceae","tree","balsamea",0.608,"sw2",-2.2304,2.4435,"AbiesBelow0.35spg","conifer","Conifer",0.33,-2.3123,2.3482,1.87856,0.79034,1.22323088488028,"Check",0.0521368575640119,0.0494117878565213,NA
"Abies","ABBA","NEON.PLA.D05.TREE.03596","TREE_002","TREE","D05",2019-10-08,"Live","single bole tree","Mostly shaded",130,NA,10.8,12.2,NA,49,"Abies balsamea (L.) Mill.",4.8,112.1,"2019",12,"douglas","Abies balsamea (L.) Mill.","balsam fir","Pinaceae","tree","balsamea",0.608,"sw2",-2.2304,2.4435,"AbiesBelow0.35spg","conifer","Conifer",0.33,-2.3123,2.3482,1.87856,0.79034,NA,"Check",48.5143071912194,35.2185137053077,NA
"Abies","ABBA","NEON.PLA.D05.TREE.02470","TREE_023","TREE","D05",2019-11-04,"Standing dead","small tree",NA,130,NA,3.9,4.4,NA,NA,"Abies balsamea (L.) Mill.",NA,NA,"2019",12,"douglas","Abies balsamea (L.) Mill.","balsam fir","Pinaceae","tree","balsamea",0.608,"sw2",-2.2304,2.4435,"AbiesBelow0.35spg","conifer","Conifer",0.33,-2.3123,2.3482,1.87856,0.79034,NA,"Check",1.19013053649351,0.998386797337864,NA
"Abies","ABBA","NEON.PLA.D05.TREE.01165","TREE_040","TREE","D05",2017-10-19,"Live","small tree",NA,130,NA,6.9,8.2,NA,NA,"Abies balsamea (L.) Mill.",NA,NA,"2017",12,"douglas","Abies balsamea (L.) Mill.","balsam fir","Pinaceae","tree","balsamea",0.608,"sw2",-2.2304,2.4435,"AbiesBelow0.35spg","conifer","Conifer",0.33,-2.3123,2.3482,1.87856,0.79034,NA,"Check",5.44781224883042,4.30686186256569,NA
"Abies","ABBA","NEON.PLA.D05.TREE.01165","TREE_040","TREE","D05",2016-10-20,"Live","small tree",NA,130,NA,4.2,8.2,NA,NA,"Abies balsamea (L.) Mill.",NA,NA,"2016",12,"douglas","Abies balsamea (L.) Mill.","balsam fir","Pinaceae","tree","balsamea",0.608,"sw2",-2.2304,2.4435,"AbiesBelow0.35spg","conifer","Conifer",0.33,-2.3123,2.3482,1.87856,0.79034,NA,"Check",5.44781224883042,4.30686186256569,NA
"Abies","ABBA","NEON.PLA.D05.TREE.01174","TREE_039","TREE","D05",2020-10-01,"Dead, broken bole","single bole tree","Mostly shaded",130,NA,3.2,19.8,NA,61,"Abies balsamea (L.) Mill.",2,218.7,"2020",12,"douglas","Abies balsamea (L.) Mill.","balsam fir","Pinaceae","tree","balsamea",0.608,"sw2",-2.2304,2.4435,"AbiesBelow0.35spg","conifer","Conifer",0.33,-2.3123,2.3482,1.87856,0.79034,NA,"Check",158.398469133304,109.801954131597,NA
"Abies","ABBA","NEON.PLA.D05.TREE.01174","TREE_039","TREE","D05",2018-10-17,"Dead, broken bole","small tree",NA,130,NA,4.5,9.7,NA,61,"Abies balsamea (L.) Mill.",2,218.7,"2018",12,"douglas","Abies balsamea (L.) Mill.","balsam fir","Pinaceae","tree","balsamea",0.608,"sw2",-2.2304,2.4435,"AbiesBelow0.35spg","conifer","Conifer",0.33,-2.3123,2.3482,1.87856,0.79034,NA,"Check",8.21286560665146,6.38970253766729,NA
"Abies","ABBA","NEON.PLA.D05.TREE.01174","TREE_039","TREE","D05",2019-10-23,"Dead, broken bole","small tree",NA,130,NA,4.3,9.7,NA,61,"Abies balsamea (L.) Mill.",2,218.7,"2019",12,"douglas","Abies balsamea (L.) Mill.","balsam fir","Pinaceae","tree","balsamea",0.608,"sw2",-2.2304,2.4435,"AbiesBelow0.35spg","conifer","Conifer",0.33,-2.3123,2.3482,1.87856,0.79034,NA,"Check",8.21286560665146,6.38970253766729,NA
"Abies","ABBA","NEON.PLA.D05.TREE.02614","TREE_012","TREE","D05",2019-10-17,"Standing dead","small tree",NA,130,NA,7.7,7.2,NA,NA,"Abies balsamea (L.) Mill.",NA,NA,"2019",12,"douglas","Abies balsamea (L.) Mill.","balsam fir","Pinaceae","tree","balsamea",0.608,"sw2",-2.2304,2.4435,"AbiesBelow0.35spg","conifer","Conifer",0.33,-2.3123,2.3482,1.87856,0.79034,NA,"Check",3.96469641906411,3.17344826370043,NA
"Abies","ABBA","NEON.PLA.D05.TREE.00559","TREE_042","TREE","D05",2020-10-06,"Live, broken bole","single bole tree","Mostly shaded",130,NA,6.6,14.3,NA,41,"Abies balsamea (L.) Mill.",8.6,85,"2020",12,"douglas","Abies balsamea (L.) Mill.","balsam fir","Pinaceae","tree","balsamea",0.608,"sw2",-2.2304,2.4435,"AbiesBelow0.35spg","conifer","Conifer",0.33,-2.3123,2.3482,1.87856,0.79034,NA,"Check",71.5176433435338,51.1376719323461,NA
"Abies","ABBA","NEON.PLA.D05.TREE.02480","TREE_023","TREE","D05",2019-11-04,"Live","small tree",NA,130,NA,2.3,1.6,NA,NA,"Abies balsamea (L.) Mill.",NA,NA,"2019",12,"douglas","Abies balsamea (L.) Mill.","balsam fir","Pinaceae","tree","balsamea",0.608,"sw2",-2.2304,2.4435,"AbiesBelow0.35spg","conifer","Conifer",0.33,-2.3123,2.3482,1.87856,0.79034,NA,"Check",0.100481280546951,0.0928234695920753,NA
"Abies","ABBA","NEON.PLA.D05.TREE.00037","TREE_054","TREE","D05",2015-07-30,"Live","single bole tree","Mostly shaded",130,NA,10,12.6,NA,39,"Abies balsamea (L.) Mill.",9.8,125.1,"2015",12,"douglas","Abies balsamea (L.) Mill.","balsam fir","Pinaceae","tree","balsamea",0.608,"sw2",-2.2304,2.4435,"AbiesBelow0.35spg","conifer","Conifer",0.33,-2.3123,2.3482,1.87856,0.79034,NA,"Check",52.4934376638088,37.990147832116,NA
"Abies","ABBA","NEON.PLA.D05.TREE.00428","TREE_057","TREE","D05",2017-10-17,"Live","small tree",NA,130,NA,1.7,1.1,NA,NA,"Abies balsamea (L.) Mill.",NA,NA,"2017",12,"douglas","Abies balsamea (L.) Mill.","balsam fir","Pinaceae","tree","balsamea",0.608,"sw2",-2.2304,2.4435,"AbiesBelow0.35spg","conifer","Conifer",0.33,-2.3123,2.3482,1.87856,0.79034,NA,"Check",0.0402217543896549,0.0385071660416609,NA
"Abies","ABBA","NEON.PLA.D05.TREE.03639","TREE_004","TREE","D05",2018-05-02,"Live","single bole tree","Partially shaded",130,NA,13.4,24,NA,49,"Abies balsamea (L.) Mill.",8.1,126.3,"2018",12,"douglas","Abies balsamea (L.) Mill.","balsam fir","Pinaceae","tree","balsamea",0.608,"sw2",-2.2304,2.4435,"AbiesBelow0.35spg","conifer","Conifer",0.33,-2.3123,2.3482,1.87856,0.79034,NA,"Check",253.452019887163,172.501512478287,NA
"Abies","ABBA","NEON.PLA.D05.TREE.03497","TREE_054","TREE","D05",2017-08-30,"Live","single bole tree",NA,130,NA,10.2,11.7,NA,NA,"Abies balsamea (L.) Mill.",NA,NA,"2017",12,"douglas","Abies balsamea (L.) Mill.","balsam fir","Pinaceae","tree","balsamea",0.608,"sw2",-2.2304,2.4435,"AbiesBelow0.35spg","conifer","Conifer",0.33,-2.3123,2.3482,1.87856,0.79034,NA,"Check",43.7987524871117,31.9223540508798,NA
"Abies","ABBA","NEON.PLA.D05.TREE.00067","TREE_050","TREE","D05",2018-08-29,"Live","single bole tree",NA,130,NA,15.2,14.3,NA,39,"Abies balsamea (L.) Mill.",7.5,32.5,"2018",12,"douglas","Abies balsamea (L.) Mill.","balsam fir","Pinaceae","tree","balsamea",0.608,"sw2",-2.2304,2.4435,"AbiesBelow0.35spg","conifer","Conifer",0.33,-2.3123,2.3482,1.87856,0.79034,NA,"Check",71.5176433435338,51.1376719323461,NA
"Abies","ABBA","NEON.PLA.D05.TREE.00227","TREE_050","TREE","D05",2015-07-29,"Live","sapling","Mostly shaded",130,NA,4.6,7,NA,NA,"Abies balsamea (L.) Mill.",NA,NA,"2015",12,"douglas","Abies balsamea (L.) Mill.","balsam fir","Pinaceae","tree","balsamea",0.608,"sw2",-2.2304,2.4435,"AbiesBelow0.35spg","conifer","Conifer",0.33,-2.3123,2.3482,1.87856,0.79034,NA,"Check",3.70096556496113,2.9703147503217,NA
"Abies","ABBA","NEON.PLA.D05.TREE.01339","TREE_045","TREE","D05",2018-10-17,"Live","small tree",NA,130,NA,3.3,3.2,NA,NA,"Abies balsamea (L.) Mill.",NA,NA,"2018",12,"douglas","Abies balsamea (L.) Mill.","balsam fir","Pinaceae","tree","balsamea",0.608,"sw2",-2.2304,2.4435,"AbiesBelow0.35spg","conifer","Conifer",0.33,-2.3123,2.3482,1.87856,0.79034,NA,"Check",0.546577758828339,0.4726464860605,NA
"Abies","ABBA","NEON.PLA.D05.TREE.02488","TREE_015","TREE","D05",2018-05-08,"Live","small tree",NA,130,NA,3.8,4.1,NA,NA,"Abies balsamea (L.) Mill.",NA,NA,"2018",12,"douglas","Abies balsamea (L.) Mill.","balsam fir","Pinaceae","tree","balsamea",0.608,"sw2",-2.2304,2.4435,"AbiesBelow0.35spg","conifer","Conifer",0.33,-2.3123,2.3482,1.87856,0.79034,NA,"Check",1.00151010922083,0.845828484771519,NA
"Abies","ABBA","NEON.PLA.D05.TREE.02488","TREE_015","TREE","D05",2019-10-24,"Live","small tree",NA,130,NA,5.1,4.2,NA,NA,"Abies balsamea (L.) Mill.",NA,NA,"2019",12,"douglas","Abies balsamea (L.) Mill.","balsam fir","Pinaceae","tree","balsamea",0.608,"sw2",-2.2304,2.4435,"AbiesBelow0.35spg","conifer","Conifer",0.33,-2.3123,2.3482,1.87856,0.79034,NA,"Check",1.06225216425495,0.895070488248902,NA
"Abies","ABBA","NEON.PLA.D05.TREE.00780","TREE_051","TREE","D05",2018-10-09,"Live","small tree",NA,130,NA,2.9,3.1,NA,NA,"Abies balsamea (L.) Mill.",NA,NA,"2018",12,"douglas","Abies balsamea (L.) Mill.","balsam fir","Pinaceae","tree","balsamea",0.608,"sw2",-2.2304,2.4435,"AbiesBelow0.35spg","conifer","Conifer",0.33,-2.3123,2.3482,1.87856,0.79034,NA,"Check",0.505778404857727,0.438691059709943,NA
"Abies","ABBA","NEON.PLA.D05.TREE.01420","TREE_041","TREE","D05",2018-10-10,"Live","small tree",NA,130,NA,3.5,3.9,NA,NA,"Abies balsamea (L.) Mill.",NA,NA,"2018",12,"douglas","Abies balsamea (L.) Mill.","balsam fir","Pinaceae","tree","balsamea",0.608,"sw2",-2.2304,2.4435,"AbiesBelow0.35spg","conifer","Conifer",0.33,-2.3123,2.3482,1.87856,0.79034,NA,"Check",0.886307349864757,0.752109656236205,NA
"Abies","ABBA","NEON.PLA.D05.TREE.01420","TREE_041","TREE","D05",2019-10-23,"Live","small tree",NA,130,NA,3.9,4.4,NA,NA,"Abies balsamea (L.) Mill.",NA,NA,"2019",12,"douglas","Abies balsamea (L.) Mill.","balsam fir","Pinaceae","tree","balsamea",0.608,"sw2",-2.2304,2.4435,"AbiesBelow0.35spg","conifer","Conifer",0.33,-2.3123,2.3482,1.87856,0.79034,NA,"Check",1.19013053649351,0.998386797337864,NA
"Abies","ABBA","NEON.PLA.D05.TREE.01340","TREE_045","TREE","D05",2017-10-19,"Live","small tree",NA,130,NA,3.1,2.1,NA,NA,"Abies balsamea (L.) Mill.",NA,NA,"2017",12,"douglas","Abies balsamea (L.) Mill.","balsam fir","Pinaceae","tree","balsamea",0.608,"sw2",-2.2304,2.4435,"AbiesBelow0.35spg","conifer","Conifer",0.33,-2.3123,2.3482,1.87856,0.79034,NA,"Check",0.19528137763401,0.175783700289906,NA
"Abies","ABBA","NEON.PLA.D05.TREE.03499","TREE_054","TREE","D05",2022-09-07,"Live","multi-bole tree","Partially shaded",130,NA,12.4,13.3,NA,43,"Abies balsamea (L.) Mill.",8.4,290.8,"2022",12,"douglas","Abies balsamea (L.) Mill.","balsam fir","Pinaceae","tree","balsamea",0.608,"sw2",-2.2304,2.4435,"AbiesBelow0.35spg","conifer","Conifer",0.33,-2.3123,2.3482,1.87856,0.79034,NA,"Check",59.907482873306,43.1329629974291,NA
"Abies","ABBA","NEON.PLA.D05.TREE.01362","TREE_040","TREE","D05",2017-10-19,"Live","single bole tree",NA,130,NA,12.7,15.5,NA,23,"Abies balsamea (L.) Mill.",12.6,41.6,"2017",12,"douglas","Abies balsamea (L.) Mill.","balsam fir","Pinaceae","tree","balsamea",0.608,"sw2",-2.2304,2.4435,"AbiesBelow0.35spg","conifer","Conifer",0.33,-2.3123,2.3482,1.87856,0.79034,NA,"Check",87.0813377414974,61.7899385256705,NA
"Abies","ABBA","NEON.PLA.D05.TREE.00370","TREE_051","TREE","D05",2017-09-26,"Live","single bole tree",NA,130,NA,11.8,15.4,NA,61,"Abies balsamea (L.) Mill.",9.6,223.5,"2017",12,"douglas","Abies balsamea (L.) Mill.","balsam fir","Pinaceae","tree","balsamea",0.608,"sw2",-2.2304,2.4435,"AbiesBelow0.35spg","conifer","Conifer",0.33,-2.3123,2.3482,1.87856,0.79034,NA,"Check",85.714928840063,60.8579089563268,NA
"Abies","ABBA","NEON.PLA.D05.TREE.03645","TREE_004","TREE","D05",2019-10-08,"Live","single bole tree","Full sun",130,NA,11.5,16.7,NA,51,"Abies balsamea (L.) Mill.",6.7,241.7,"2019",12,"douglas","Abies balsamea (L.) Mill.","balsam fir","Pinaceae","tree","balsamea",0.608,"sw2",-2.2304,2.4435,"AbiesBelow0.35spg","conifer","Conifer",0.33,-2.3123,2.3482,1.87856,0.79034,NA,"Check",104.485803020185,73.6145543089778,NA
"Abies","ABBA","NEON.PLA.D05.TREE.01362","TREE_040","TREE","D05",2019-10-23,"Live, physically damaged","single bole tree",NA,130,NA,9.3,15.5,NA,23,"Abies balsamea (L.) Mill.",12.6,41.6,"2019",12,"douglas","Abies balsamea (L.) Mill.","balsam fir","Pinaceae","tree","balsamea",0.608,"sw2",-2.2304,2.4435,"AbiesBelow0.35spg","conifer","Conifer",0.33,-2.3123,2.3482,1.87856,0.79034,NA,"Check",87.0813377414974,61.7899385256705,NA
"Abies","ABBA","NEON.PLA.D05.TREE.00811","TREE_025","TREE","D05",2016-10-18,"Live","small tree",NA,130,NA,3,3.4,NA,NA,"Abies balsamea (L.) Mill.",NA,NA,"2016",12,"douglas","Abies balsamea (L.) Mill.","balsam fir","Pinaceae","tree","balsamea",0.608,"sw2",-2.2304,2.4435,"AbiesBelow0.35spg","conifer","Conifer",0.33,-2.3123,2.3482,1.87856,0.79034,NA,"Check",0.633850324948051,0.544956763911768,NA
"Abies","ABBA","NEON.PLA.D05.TREE.01084","TREE_044","TREE","D05",2016-10-19,"Live","single bole tree",NA,130,NA,10.4,17.6,NA,43,"Abies balsamea (L.) Mill.",8.9,304.2,"2016",12,"douglas","Abies balsamea (L.) Mill.","balsam fir","Pinaceae","tree","balsamea",0.608,"sw2",-2.2304,2.4435,"AbiesBelow0.35spg","conifer","Conifer",0.33,-2.3123,2.3482,1.87856,0.79034,NA,"Check",118.784504764308,83.2709877156478,NA
"Abies","ABBA","NEON.PLA.D05.TREE.00070","TREE_050","TREE","D05",2017-08-30,"Live","small tree",NA,130,NA,6.9,6.3,NA,NA,"Abies balsamea (L.) Mill.",NA,NA,"2017",12,"douglas","Abies balsamea (L.) Mill.","balsam fir","Pinaceae","tree","balsamea",0.608,"sw2",-2.2304,2.4435,"AbiesBelow0.35spg","conifer","Conifer",0.33,-2.3123,2.3482,1.87856,0.79034,NA,"Check",2.86092594406005,2.31928827564036,NA
"Abies","ABBA","NEON.PLA.D05.TREE.00160","TREE_050","TREE","D05",2016-09-29,"Live","small tree",NA,130,NA,6.2,5.7,NA,NA,"Abies balsamea (L.) Mill.",NA,NA,"2016",12,"douglas","Abies balsamea (L.) Mill.","balsam fir","Pinaceae","tree","balsamea",0.608,"sw2",-2.2304,2.4435,"AbiesBelow0.35spg","conifer","Conifer",0.33,-2.3123,2.3482,1.87856,0.79034,NA,"Check",2.24025880718396,1.83353240732249,NA
"Abies","ABBA","NEON.PLA.D05.TREE.01330","TREE_045","TREE","D05",2015-08-11,"Live","sapling","Full shade",10,NA,1,1.6,NA,NA,"Abies balsamea (L.) Mill.",NA,NA,"2015",12,"douglas","Abies balsamea (L.) Mill.","balsam fir","Pinaceae","tree","balsamea",0.608,"sw2",-2.2304,2.4435,"AbiesBelow0.35spg","conifer","Conifer",0.33,-2.3123,2.3482,1.87856,0.79034,1.14849394850273,"Check",0.0446933068634579,0.0426125470740908,NA
"Abies","ABBA","NEON.PLA.D05.TREE.02246","TREE_015","TREE","D05",2018-05-08,"Live","single bole tree","Partially shaded",130,NA,10.5,13.5,NA,61,"Abies balsamea (L.) Mill.",5.2,50.2,"2018",12,"douglas","Abies balsamea (L.) Mill.","balsam fir","Pinaceae","tree","balsamea",0.608,"sw2",-2.2304,2.4435,"AbiesBelow0.35spg","conifer","Conifer",0.33,-2.3123,2.3482,1.87856,0.79034,NA,"Check",62.1326891879771,44.671509156615,NA
"Abies","ABBA","NEON.PLA.D05.TREE.02247","TREE_015","TREE","D05",2018-05-08,"Live","single bole tree","Partially shaded",130,NA,9.9,11.2,NA,31,"Abies balsamea (L.) Mill.",5.9,64.9,"2018",12,"douglas","Abies balsamea (L.) Mill.","balsam fir","Pinaceae","tree","balsamea",0.608,"sw2",-2.2304,2.4435,"AbiesBelow0.35spg","conifer","Conifer",0.33,-2.3123,2.3482,1.87856,0.79034,NA,"Check",39.3653236069096,28.8107544028986,NA
"Abies","ABBA","NEON.PLA.D05.TREE.01056","TREE_039","TREE","D05",2015-08-11,"Live","small tree","Partially shaded",130,NA,9.4,9.2,NA,NA,"Abies balsamea (L.) Mill.",NA,NA,"2015",12,"douglas","Abies balsamea (L.) Mill.","balsam fir","Pinaceae","tree","balsamea",0.608,"sw2",-2.2304,2.4435,"AbiesBelow0.35spg","conifer","Conifer",0.33,-2.3123,2.3482,1.87856,0.79034,NA,"Check",7.21661504891742,5.64299714463163,NA
"Abies","ABBA","NEON.PLA.D05.TREE.00072","TREE_055","TREE","D05",2016-09-27,"Live","small tree",NA,130,NA,6,7.2,NA,NA,"Abies balsamea (L.) Mill.",NA,NA,"2016",12,"douglas","Abies balsamea (L.) Mill.","balsam fir","Pinaceae","tree","balsamea",0.608,"sw2",-2.2304,2.4435,"AbiesBelow0.35spg","conifer","Conifer",0.33,-2.3123,2.3482,1.87856,0.79034,NA,"Check",3.96469641906411,3.17344826370043,NA
"Abies","ABBA","NEON.PLA.D05.TREE.03790","TREE_005","TREE","D05",2019-10-16,"Standing dead","small tree",NA,130,NA,2.7,3.4,NA,NA,"Abies balsamea (L.) Mill.",NA,NA,"2019",12,"douglas","Abies balsamea (L.) Mill.","balsam fir","Pinaceae","tree","balsamea",0.608,"sw2",-2.2304,2.4435,"AbiesBelow0.35spg","conifer","Conifer",0.33,-2.3123,2.3482,1.87856,0.79034,NA,"Check",0.633850324948051,0.544956763911768,NA
"Abies","ABBA","NEON.PLA.D05.TREE.00786","TREE_025","TREE","D05",2015-08-04,"Live","single bole tree","Mostly shaded",130,NA,7,10.1,NA,39,"Abies balsamea (L.) Mill.",7.6,177.4,"2015",12,"douglas","Abies balsamea (L.) Mill.","balsam fir","Pinaceae","tree","balsamea",0.608,"sw2",-2.2304,2.4435,"AbiesBelow0.35spg","conifer","Conifer",0.33,-2.3123,2.3482,1.87856,0.79034,NA,"Check",30.5779850789256,22.601034561274,NA
"Abies","ABBA","NEON.PLA.D05.TREE.03127","TREE_004","TREE","D05",2018-05-02,"Live","single bole tree","Partially shaded",130,NA,11.9,14.8,NA,NA,"Abies balsamea (L.) Mill.",NA,NA,"2018",12,"douglas","Abies balsamea (L.) Mill.","balsam fir","Pinaceae","tree","balsamea",0.608,"sw2",-2.2304,2.4435,"AbiesBelow0.35spg","conifer","Conifer",0.33,-2.3123,2.3482,1.87856,0.79034,NA,"Check",77.7828924962923,55.4356864370049,NA
"Abies","ABBA","NEON.PLA.D05.TREE.03200","TREE_041","TREE","D05",2021-09-20,"Live","small tree","Full shade",130,NA,2.4,2.2,NA,NA,"Abies balsamea (L.) Mill.",NA,NA,"2021",12,"douglas","Abies balsamea (L.) Mill.","balsam fir","Pinaceae","tree","balsamea",0.608,"sw2",-2.2304,2.4435,"AbiesBelow0.35spg","conifer","Conifer",0.33,-2.3123,2.3482,1.87856,0.79034,NA,"Check",0.218790169181502,0.196074083394239,NA
"Abies","ABBA","NEON.PLA.D05.TREE.01484","TREE_039","TREE","D05",2015-08-11,"Live","single bole tree","Mostly shaded",130,NA,4,5.4,NA,NA,"Abies balsamea (L.) Mill.",NA,NA,"2015",12,"douglas","Abies balsamea (L.) Mill.","balsam fir","Pinaceae","tree","balsamea",0.608,"sw2",-2.2304,2.4435,"AbiesBelow0.35spg","conifer","Conifer",0.33,-2.3123,2.3482,1.87856,0.79034,NA,"Check",1.96300829888665,1.61491727830775,NA
"Abies","ABBA","NEON.PLA.D05.TREE.01484","TREE_039","TREE","D05",2019-10-23,"Live","small tree",NA,130,NA,5.9,8,NA,NA,"Abies balsamea (L.) Mill.",NA,NA,"2019",12,"douglas","Abies balsamea (L.) Mill.","balsam fir","Pinaceae","tree","balsamea",0.608,"sw2",-2.2304,2.4435,"AbiesBelow0.35spg","conifer","Conifer",0.33,-2.3123,2.3482,1.87856,0.79034,NA,"Check",5.12883073850477,4.06423827777494,NA
"Abies","ABBA","NEON.PLA.D05.TREE.00883","TREE_025","TREE","D05",2018-10-17,"Live","small tree",NA,130,NA,5.4,6.4,NA,NA,"Abies balsamea (L.) Mill.",NA,NA,"2018",12,"douglas","Abies balsamea (L.) Mill.","balsam fir","Pinaceae","tree","balsamea",0.608,"sw2",-2.2304,2.4435,"AbiesBelow0.35spg","conifer","Conifer",0.33,-2.3123,2.3482,1.87856,0.79034,NA,"Check",2.9731632083074,2.4066618255822,NA
"Abies","ABBA","NEON.PLA.D05.TREE.00377","TREE_054","TREE","D05",2018-10-09,"Live","small tree",NA,130,NA,5.9,4.9,NA,NA,"Abies balsamea (L.) Mill.",NA,NA,"2018",12,"douglas","Abies balsamea (L.) Mill.","balsam fir","Pinaceae","tree","balsamea",0.608,"sw2",-2.2304,2.4435,"AbiesBelow0.35spg","conifer","Conifer",0.33,-2.3123,2.3482,1.87856,0.79034,NA,"Check",1.54814667751255,1.2854692417699,NA
"Abies","ABBA","NEON.PLA.D05.TREE.00294","TREE_054","TREE","D05",2015-07-30,"Live","single bole tree","Partially shaded",130,NA,9.8,12.6,NA,23,"Abies balsamea (L.) Mill.",7,344.1,"2015",12,"douglas","Abies balsamea (L.) Mill.","balsam fir","Pinaceae","tree","balsamea",0.608,"sw2",-2.2304,2.4435,"AbiesBelow0.35spg","conifer","Conifer",0.33,-2.3123,2.3482,1.87856,0.79034,NA,"Check",52.4934376638088,37.990147832116,NA
"Abies","ABBA","NEON.PLA.D05.TREE.00207","TREE_054","TREE","D05",2018-10-09,"Live","single bole tree",NA,130,NA,10.6,11.7,NA,43,"Abies balsamea (L.) Mill.",10.8,332.5,"2018",12,"douglas","Abies balsamea (L.) Mill.","balsam fir","Pinaceae","tree","balsamea",0.608,"sw2",-2.2304,2.4435,"AbiesBelow0.35spg","conifer","Conifer",0.33,-2.3123,2.3482,1.87856,0.79034,NA,"Check",43.7987524871117,31.9223540508798,NA
"Abies","ABBA","NEON.PLA.D05.TREE.03661","TREE_004","TREE","D05",2018-05-02,"Live","single bole tree","Partially shaded",130,NA,16.4,20.7,NA,31,"Abies balsamea (L.) Mill.",5.8,14.5,"2018",12,"douglas","Abies balsamea (L.) Mill.","balsam fir","Pinaceae","tree","balsamea",0.608,"sw2",-2.2304,2.4435,"AbiesBelow0.35spg","conifer","Conifer",0.33,-2.3123,2.3482,1.87856,0.79034,NA,"Check",176.572524668575,121.882803377009,NA
"Abies","ABBA","NEON.PLA.D05.TREE.00885","TREE_025","TREE","D05",2015-08-04,"Live","single bole tree","Partially shaded",130,NA,8.4,10.3,NA,23,"Abies balsamea (L.) Mill.",9.8,338.7,"2015",12,"douglas","Abies balsamea (L.) Mill.","balsam fir","Pinaceae","tree","balsamea",0.608,"sw2",-2.2304,2.4435,"AbiesBelow0.35spg","conifer","Conifer",0.33,-2.3123,2.3482,1.87856,0.79034,NA,"Check",32.0787432909319,23.6660207273982,NA
"Abies","ABBA","NEON.PLA.D05.TREE.00078","TREE_050","TREE","D05",2017-08-30,"Live","small tree",NA,130,NA,4.3,4.5,NA,NA,"Abies balsamea (L.) Mill.",NA,NA,"2017",12,"douglas","Abies balsamea (L.) Mill.","balsam fir","Pinaceae","tree","balsamea",0.608,"sw2",-2.2304,2.4435,"AbiesBelow0.35spg","conifer","Conifer",0.33,-2.3123,2.3482,1.87856,0.79034,NA,"Check",1.25731113255729,1.05248733667272,NA
"Abies","ABBA","NEON.PLA.D05.TREE.01391","TREE_043","TREE","D05",2019-10-23,"Live","single bole tree",NA,130,NA,7.5,11,NA,43,"Abies balsamea (L.) Mill.",4.3,339.6,"2019",12,"douglas","Abies balsamea (L.) Mill.","balsam fir","Pinaceae","tree","balsamea",0.608,"sw2",-2.2304,2.4435,"AbiesBelow0.35spg","conifer","Conifer",0.33,-2.3123,2.3482,1.87856,0.79034,NA,"Check",37.6697392257646,27.617169967899,NA
"Abies","ABBA","NEON.PLA.D05.TREE.00379","TREE_054","TREE","D05",2017-08-30,"Live","small tree",NA,130,NA,5.6,6.2,NA,NA,"Abies balsamea (L.) Mill.",NA,NA,"2017",12,"douglas","Abies balsamea (L.) Mill.","balsam fir","Pinaceae","tree","balsamea",0.608,"sw2",-2.2304,2.4435,"AbiesBelow0.35spg","conifer","Conifer",0.33,-2.3123,2.3482,1.87856,0.79034,NA,"Check",2.75123112968026,2.2337646798732,NA
"Abies","ABBA","NEON.PLA.D05.TREE.00078","TREE_050","TREE","D05",2021-10-06,"Live","small tree","Full shade",130,NA,4.8,5.5,NA,NA,"Abies balsamea (L.) Mill.",NA,NA,"2021",12,"douglas","Abies balsamea (L.) Mill.","balsam fir","Pinaceae","tree","balsamea",0.608,"sw2",-2.2304,2.4435,"AbiesBelow0.35spg","conifer","Conifer",0.33,-2.3123,2.3482,1.87856,0.79034,NA,"Check",2.05302489326714,1.68602077559612,NA
"Abies","ABBA","NEON.PLA.D05.TREE.02671","TREE_012","TREE","D05",2017-10-30,"Dead, broken bole","single bole tree",NA,130,NA,4.2,14.2,NA,31,"Abies balsamea (L.) Mill.",2.2,11.6,"2017",12,"douglas","Abies balsamea (L.) Mill.","balsam fir","Pinaceae","tree","balsamea",0.608,"sw2",-2.2304,2.4435,"AbiesBelow0.35spg","conifer","Conifer",0.33,-2.3123,2.3482,1.87856,0.79034,NA,"Check",70.3017534234546,50.3018965562577,NA
"Abies","ABBA","NEON.PLA.D05.TREE.02515","TREE_001","TREE","D05",2019-10-07,"Live","single bole tree","Mostly shaded",130,NA,14.5,14.9,NA,31,"Abies balsamea (L.) Mill.",8.7,70.5,"2019",12,"douglas","Abies balsamea (L.) Mill.","balsam fir","Pinaceae","tree","balsamea",0.608,"sw2",-2.2304,2.4435,"AbiesBelow0.35spg","conifer","Conifer",0.33,-2.3123,2.3482,1.87856,0.79034,NA,"Check",79.0733674862013,56.3192502958312,NA
"Abies","ABBA","NEON.PLA.D05.TREE.02243","TREE_015","TREE","D05",2018-05-08,"Live","single bole tree","Partially shaded",130,NA,10.8,12.9,NA,41,"Abies balsamea (L.) Mill.",5,214,"2018",12,"douglas","Abies balsamea (L.) Mill.","balsam fir","Pinaceae","tree","balsamea",0.608,"sw2",-2.2304,2.4435,"AbiesBelow0.35spg","conifer","Conifer",0.33,-2.3123,2.3482,1.87856,0.79034,NA,"Check",55.60009641439,40.1483431304396,NA
"Abies","ABBA","NEON.PLA.D05.TREE.02869","TREE_011","TREE","D05",2017-11-01,"Live","single bole tree","Partially shaded",130,NA,8.7,12.9,NA,51,"Abies balsamea (L.) Mill.",4.7,261.5,"2017",12,"douglas","Abies balsamea (L.) Mill.","balsam fir","Pinaceae","tree","balsamea",0.608,"sw2",-2.2304,2.4435,"AbiesBelow0.35spg","conifer","Conifer",0.33,-2.3123,2.3482,1.87856,0.79034,NA,"Check",55.60009641439,40.1483431304396,NA
"Abies","ABBA","NEON.PLA.D05.TREE.03166","TREE_057","TREE","D05",2018-10-16,"Live","small tree",NA,130,NA,2.4,1.6,NA,NA,"Abies balsamea (L.) Mill.",NA,NA,"2018",12,"douglas","Abies balsamea (L.) Mill.","balsam fir","Pinaceae","tree","balsamea",0.608,"sw2",-2.2304,2.4435,"AbiesBelow0.35spg","conifer","Conifer",0.33,-2.3123,2.3482,1.87856,0.79034,NA,"Check",0.100481280546951,0.0928234695920753,NA
"Abies","ABBA","NEON.PLA.D05.TREE.01096","TREE_047","TREE","D05",2017-10-16,"Live","small tree",NA,130,NA,3,3.8,NA,NA,"Abies balsamea (L.) Mill.",NA,NA,"2017",12,"douglas","Abies balsamea (L.) Mill.","balsam fir","Pinaceae","tree","balsamea",0.608,"sw2",-2.2304,2.4435,"AbiesBelow0.35spg","conifer","Conifer",0.33,-2.3123,2.3482,1.87856,0.79034,NA,"Check",0.831800547428785,0.707605330600485,NA
"Abies","ABBA","NEON.PLA.D05.TREE.00318","TREE_054","TREE","D05",2018-10-09,"Live","single bole tree",NA,130,NA,11.7,12.1,NA,41,"Abies balsamea (L.) Mill.",10.9,209.4,"2018",12,"douglas","Abies balsamea (L.) Mill.","balsam fir","Pinaceae","tree","balsamea",0.608,"sw2",-2.2304,2.4435,"AbiesBelow0.35spg","conifer","Conifer",0.33,-2.3123,2.3482,1.87856,0.79034,NA,"Check",47.5483707006928,34.5443858596436,NA
"Abies","ABBA","NEON.PLA.D05.TREE.03457","TREE_023","TREE","D05",2018-05-08,"Live","single bole tree",NA,130,NA,9.9,11,NA,33,"Abies balsamea (L.) Mill.",7,312.3,"2018",12,"douglas","Abies balsamea (L.) Mill.","balsam fir","Pinaceae","tree","balsamea",0.608,"sw2",-2.2304,2.4435,"AbiesBelow0.35spg","conifer","Conifer",0.33,-2.3123,2.3482,1.87856,0.79034,NA,"Check",37.6697392257646,27.617169967899,NA
"Abies","ABBA","NEON.PLA.D05.TREE.03458","TREE_023","TREE","D05",2018-05-08,"Live","single bole tree","Partially shaded",130,NA,7.7,10.8,NA,49,"Abies balsamea (L.) Mill.",8.2,96.2,"2018",12,"douglas","Abies balsamea (L.) Mill.","balsam fir","Pinaceae","tree","balsamea",0.608,"sw2",-2.2304,2.4435,"AbiesBelow0.35spg","conifer","Conifer",0.33,-2.3123,2.3482,1.87856,0.79034,NA,"Check",36.0180779880344,26.4524883706449,NA
"Abies","ABBA","NEON.PLA.D05.TREE.03458","TREE_023","TREE","D05",2019-11-04,"Live","single bole tree","Mostly shaded",130,NA,9.2,11.3,NA,49,"Abies balsamea (L.) Mill.",8.2,96.2,"2019",12,"douglas","Abies balsamea (L.) Mill.","balsam fir","Pinaceae","tree","balsamea",0.608,"sw2",-2.2304,2.4435,"AbiesBelow0.35spg","conifer","Conifer",0.33,-2.3123,2.3482,1.87856,0.79034,NA,"Check",40.2296972434736,29.4184421156933,NA
"Abies","ABBA","NEON.PLA.D05.TREE.00599","TREE_054","TREE","D05",2017-08-30,"Live","single bole tree",NA,130,NA,NA,11.8,NA,21,"Abies balsamea (L.) Mill.",8.7,29.8,"2017",12,"douglas","Abies balsamea (L.) Mill.","balsam fir","Pinaceae","tree","balsamea",0.608,"sw2",-2.2304,2.4435,"AbiesBelow0.35spg","conifer","Conifer",0.33,-2.3123,2.3482,1.87856,0.79034,NA,"Check",44.719122436928,32.5667334095466,NA
"Abies","ABBA","NEON.PLA.D05.TREE.03172","TREE_057","TREE","D05",2016-10-18,"Live","single bole tree",NA,130,NA,7,10.2,NA,NA,"Abies balsamea (L.) Mill.",NA,NA,"2016",12,"douglas","Abies balsamea (L.) Mill.","balsam fir","Pinaceae","tree","balsamea",0.608,"sw2",-2.2304,2.4435,"AbiesBelow0.35spg","conifer","Conifer",0.33,-2.3123,2.3482,1.87856,0.79034,NA,"Check",31.3230545820377,23.1300085243817,NA
"Abies","ABBA","NEON.PLA.D05.TREE.00083","TREE_050","TREE","D05",2017-08-30,"Live","small tree",NA,130,NA,2.3,2,NA,NA,"Abies balsamea (L.) Mill.",NA,NA,"2017",12,"douglas","Abies balsamea (L.) Mill.","balsam fir","Pinaceae","tree","balsamea",0.608,"sw2",-2.2304,2.4435,"AbiesBelow0.35spg","conifer","Conifer",0.33,-2.3123,2.3482,1.87856,0.79034,NA,"Check",0.173334406558499,0.156755176062481,NA
"Abies","ABBA","NEON.PLA.D05.TREE.01001","TREE_044","TREE","D05",2018-10-16,"Live","single bole tree",NA,130,NA,13.9,19.3,NA,43,"Abies balsamea (L.) Mill.",12,317.5,"2018",12,"douglas","Abies balsamea (L.) Mill.","balsam fir","Pinaceae","tree","balsamea",0.608,"sw2",-2.2304,2.4435,"AbiesBelow0.35spg","conifer","Conifer",0.33,-2.3123,2.3482,1.87856,0.79034,NA,"Check",148.802035517443,103.401429426319,NA
"Abies","ABBA","NEON.PLA.D05.TREE.00477","TREE_025","TREE","D05",2015-08-04,"Live","small tree","Mostly shaded",130,NA,4,4.2,NA,NA,"Abies balsamea (L.) Mill.",NA,NA,"2015",12,"douglas","Abies balsamea (L.) Mill.","balsam fir","Pinaceae","tree","balsamea",0.608,"sw2",-2.2304,2.4435,"AbiesBelow0.35spg","conifer","Conifer",0.33,-2.3123,2.3482,1.87856,0.79034,NA,"Check",1.06225216425495,0.895070488248902,NA
"Abies","ABBA","NEON.PLA.D05.TREE.02525","TREE_014","TREE","D05",2017-10-26,"Live","single bole tree","Mostly shaded",130,NA,10.3,15.7,NA,49,"Abies balsamea (L.) Mill.",11.5,151.5,"2017",12,"douglas","Abies balsamea (L.) Mill.","balsam fir","Pinaceae","tree","balsamea",0.608,"sw2",-2.2304,2.4435,"AbiesBelow0.35spg","conifer","Conifer",0.33,-2.3123,2.3482,1.87856,0.79034,NA,"Check",89.8525461521907,63.6784426109215,NA
"Abies","ABBA","NEON.PLA.D05.TREE.02525","TREE_014","TREE","D05",2019-10-16,"Live","single bole tree","Partially shaded",140,NA,8.6,16.6,NA,49,"Abies balsamea (L.) Mill.",11.5,151.5,"2019",12,"douglas","Abies balsamea (L.) Mill.","balsam fir","Pinaceae","tree","balsamea",0.608,"sw2",-2.2304,2.4435,"AbiesBelow0.35spg","conifer","Conifer",0.33,-2.3123,2.3482,1.87856,0.79034,NA,"Check",102.963595717403,72.5836296325845,NA
"Abies","ABBA","NEON.PLA.D05.TREE.00331","TREE_051","TREE","D05",2015-08-03,"Live","single bole tree","Partially shaded",130,NA,8.4,13,NA,57,"Abies balsamea (L.) Mill.",8.5,151.8,"2015",12,"douglas","Abies balsamea (L.) Mill.","balsam fir","Pinaceae","tree","balsamea",0.608,"sw2",-2.2304,2.4435,"AbiesBelow0.35spg","conifer","Conifer",0.33,-2.3123,2.3482,1.87856,0.79034,NA,"Check",56.659164869195,40.882989880221,NA
"Abies","ABBA","NEON.PLA.D05.TREE.03462","TREE_023","TREE","D05",2019-11-04,"Live","single bole tree","Partially shaded",130,NA,9.2,11.9,NA,51,"Abies balsamea (L.) Mill.",6.7,231.6,"2019",12,"douglas","Abies balsamea (L.) Mill.","balsam fir","Pinaceae","tree","balsamea",0.608,"sw2",-2.2304,2.4435,"AbiesBelow0.35spg","conifer","Conifer",0.33,-2.3123,2.3482,1.87856,0.79034,NA,"Check",45.6508205043179,33.2185173238559,NA
"Abies","ABBA","NEON.PLA.D05.TREE.00701","TREE_052","TREE","D05",2018-08-29,"Live","small tree",NA,130,NA,3.2,3.4,NA,NA,"Abies balsamea (L.) Mill.",NA,NA,"2018",12,"douglas","Abies balsamea (L.) Mill.","balsam fir","Pinaceae","tree","balsamea",0.608,"sw2",-2.2304,2.4435,"AbiesBelow0.35spg","conifer","Conifer",0.33,-2.3123,2.3482,1.87856,0.79034,NA,"Check",0.633850324948051,0.544956763911768,NA
"Abies","ABBA","NEON.PLA.D05.TREE.00030","TREE_054","TREE","D05",2015-07-30,"Live","single bole tree","Mostly shaded",130,NA,5.2,10.2,NA,21,"Abies balsamea (L.) Mill.",6.5,36.9,"2015",12,"douglas","Abies balsamea (L.) Mill.","balsam fir","Pinaceae","tree","balsamea",0.608,"sw2",-2.2304,2.4435,"AbiesBelow0.35spg","conifer","Conifer",0.33,-2.3123,2.3482,1.87856,0.79034,NA,"Check",31.3230545820377,23.1300085243817,NA
"Abies","ABBA","NEON.PLA.D05.TREE.01003","TREE_047","TREE","D05",2015-08-06,"Live","small tree","Mostly shaded",130,NA,6.1,8.4,NA,NA,"Abies balsamea (L.) Mill.",NA,NA,"2015",12,"douglas","Abies balsamea (L.) Mill.","balsam fir","Pinaceae","tree","balsamea",0.608,"sw2",-2.2304,2.4435,"AbiesBelow0.35spg","conifer","Conifer",0.33,-2.3123,2.3482,1.87856,0.79034,NA,"Check",5.77822460152394,4.55759650987467,NA
"Abies","ABBA","NEON.PLA.D05.TREE.00894","TREE_057","TREE","D05",2015-08-04,"Live","sapling","Full shade",10,NA,1.4,1.9,NA,NA,"Abies balsamea (L.) Mill.",NA,NA,"2015",12,"douglas","Abies balsamea (L.) Mill.","balsam fir","Pinaceae","tree","balsamea",0.608,"sw2",-2.2304,2.4435,"AbiesBelow0.35spg","conifer","Conifer",0.33,-2.3123,2.3482,1.87856,0.79034,1.37322264723203,"Check",0.0691652597805064,0.064831574657888,NA
"Abies","ABBA","NEON.PLA.D05.TREE.02531","TREE_009","TREE","D05",2019-10-16,"Live","small tree",NA,130,NA,3.2,2.6,NA,NA,"Abies balsamea (L.) Mill.",NA,NA,"2019",12,"douglas","Abies balsamea (L.) Mill.","balsam fir","Pinaceae","tree","balsamea",0.608,"sw2",-2.2304,2.4435,"AbiesBelow0.35spg","conifer","Conifer",0.33,-2.3123,2.3482,1.87856,0.79034,NA,"Check",0.329082932937723,0.290257646837017,NA
"Abies","ABBA","NEON.PLA.D05.TREE.00490","TREE_051","TREE","D05",2017-09-26,"Live","single bole tree",NA,130,NA,12.1,16.4,NA,43,"Abies balsamea (L.) Mill.",4.7,282.4,"2017",12,"douglas","Abies balsamea (L.) Mill.","balsam fir","Pinaceae","tree","balsamea",0.608,"sw2",-2.2304,2.4435,"AbiesBelow0.35spg","conifer","Conifer",0.33,-2.3123,2.3482,1.87856,0.79034,NA,"Check",99.9586841043064,70.5467796176384,NA
"Abies","ABBA","NEON.PLA.D05.TREE.00275","TREE_056","TREE","D05",2015-07-29,"Live","single bole tree","Mostly shaded",130,NA,11,14.6,NA,43,"Abies balsamea (L.) Mill.",8.6,335.5,"2015",12,"douglas","Abies balsamea (L.) Mill.","balsam fir","Pinaceae","tree","balsamea",0.608,"sw2",-2.2304,2.4435,"AbiesBelow0.35spg","conifer","Conifer",0.33,-2.3123,2.3482,1.87856,0.79034,NA,"Check",75.2394809195664,53.6925766069343,NA
"Abies","ABBA","NEON.PLA.D05.TREE.03537","TREE_050","TREE","D05",2017-08-30,"Live","small tree",NA,130,NA,3.5,3,NA,NA,"Abies balsamea (L.) Mill.",NA,NA,"2017",12,"douglas","Abies balsamea (L.) Mill.","balsam fir","Pinaceae","tree","balsamea",0.608,"sw2",-2.2304,2.4435,"AbiesBelow0.35spg","conifer","Conifer",0.33,-2.3123,2.3482,1.87856,0.79034,NA,"Check",0.46683538749886,0.40618079442985,NA
"Abies","ABBA","NEON.PLA.D05.TREE.00218","TREE_052","TREE","D05",2015-08-03,"Live","small tree","Full shade",130,NA,2.5,2.3,NA,NA,"Abies balsamea (L.) Mill.",NA,NA,"2015",12,"douglas","Abies balsamea (L.) Mill.","balsam fir","Pinaceae","tree","balsamea",0.608,"sw2",-2.2304,2.4435,"AbiesBelow0.35spg","conifer","Conifer",0.33,-2.3123,2.3482,1.87856,0.79034,NA,"Check",0.243893345411884,0.217646936638539,NA
"Abies","ABBA","NEON.PLA.D05.TREE.01006","TREE_039","TREE","D05",2015-08-11,"Live","sapling","Full shade",10,NA,1.5,1.7,NA,NA,"Abies balsamea (L.) Mill.",NA,NA,"2015",12,"douglas","Abies balsamea (L.) Mill.","balsam fir","Pinaceae","tree","balsamea",0.608,"sw2",-2.2304,2.4435,"AbiesBelow0.35spg","conifer","Conifer",0.33,-2.3123,2.3482,1.87856,0.79034,1.22323088488028,"Check",0.0521368575640119,0.0494117878565213,NA
"Abies","ABBA","NEON.PLA.D05.TREE.01444","TREE_039","TREE","D05",2016-10-18,"Live","small tree",NA,130,NA,4.8,6.4,NA,NA,"Abies balsamea (L.) Mill.",NA,NA,"2016",12,"douglas","Abies balsamea (L.) Mill.","balsam fir","Pinaceae","tree","balsamea",0.608,"sw2",-2.2304,2.4435,"AbiesBelow0.35spg","conifer","Conifer",0.33,-2.3123,2.3482,1.87856,0.79034,NA,"Check",2.9731632083074,2.4066618255822,NA
"Abies","ABBA","NEON.PLA.D05.TREE.03483","TREE_047","TREE","D05",2018-10-11,"Live","small tree",NA,130,NA,2.7,3.2,NA,NA,"Abies balsamea (L.) Mill.",NA,NA,"2018",12,"douglas","Abies balsamea (L.) Mill.","balsam fir","Pinaceae","tree","balsamea",0.608,"sw2",-2.2304,2.4435,"AbiesBelow0.35spg","conifer","Conifer",0.33,-2.3123,2.3482,1.87856,0.79034,NA,"Check",0.546577758828339,0.4726464860605,NA
"Abies","ABBA","NEON.PLA.D05.TREE.00318","TREE_054","TREE","D05",2015-07-30,"Live","single bole tree","Partially shaded",130,NA,9.2,10.8,NA,41,"Abies balsamea (L.) Mill.",10.9,209.4,"2015",12,"douglas","Abies balsamea (L.) Mill.","balsam fir","Pinaceae","tree","balsamea",0.608,"sw2",-2.2304,2.4435,"AbiesBelow0.35spg","conifer","Conifer",0.33,-2.3123,2.3482,1.87856,0.79034,NA,"Check",36.0180779880344,26.4524883706449,NA
"Abies","ABBA","NEON.PLA.D05.TREE.03579","TREE_002","TREE","D05",2018-05-07,"Live","single bole tree","Mostly shaded",130,NA,15.1,13.8,NA,31,"Abies balsamea (L.) Mill.",11.2,80.6,"2018",12,"douglas","Abies balsamea (L.) Mill.","balsam fir","Pinaceae","tree","balsamea",0.608,"sw2",-2.2304,2.4435,"AbiesBelow0.35spg","conifer","Conifer",0.33,-2.3123,2.3482,1.87856,0.79034,NA,"Check",65.5607835171622,47.0375767745749,NA
"Abies","ABBA","NEON.PLA.D05.TREE.01237","TREE_047","TREE","D05",2017-10-16,"Live","small tree",NA,130,NA,4.6,9.7,NA,NA,"Abies balsamea (L.) Mill.",NA,NA,"2017",12,"douglas","Abies balsamea (L.) Mill.","balsam fir","Pinaceae","tree","balsamea",0.608,"sw2",-2.2304,2.4435,"AbiesBelow0.35spg","conifer","Conifer",0.33,-2.3123,2.3482,1.87856,0.79034,NA,"Check",8.21286560665146,6.38970253766729,NA
"Abies","ABBA","NEON.PLA.D05.TREE.00806","TREE_057","TREE","D05",2015-08-04,"Live","sapling","Full shade",10,NA,0.7,1,NA,NA,"Abies balsamea (L.) Mill.",NA,NA,"2015",12,"douglas","Abies balsamea (L.) Mill.","balsam fir","Pinaceae","tree","balsamea",0.608,"sw2",-2.2304,2.4435,"AbiesBelow0.35spg","conifer","Conifer",0.33,-2.3123,2.3482,1.87856,0.79034,0.704469670267665,"Check",0.0135384677160223,0.0135236370729611,NA
"Abies","ABBA","NEON.PLA.D05.TREE.01452","TREE_040","TREE","D05",2015-08-10,"Live","sapling","Full shade",10,NA,1,1.3,NA,NA,"Abies balsamea (L.) Mill.",NA,NA,"2015",12,"douglas","Abies balsamea (L.) Mill.","balsam fir","Pinaceae","tree","balsamea",0.608,"sw2",-2.2304,2.4435,"AbiesBelow0.35spg","conifer","Conifer",0.33,-2.3123,2.3482,1.87856,0.79034,0.925450366054231,"Check",0.0263694978964204,0.025664551421131,NA
"Abies","ABBA","NEON.PLA.D05.TREE.02900","TREE_001","TREE","D05",2019-10-07,"Live","small tree",NA,130,NA,2.9,3.6,NA,NA,"Abies balsamea (L.) Mill.",NA,NA,"2019",12,"douglas","Abies balsamea (L.) Mill.","balsam fir","Pinaceae","tree","balsamea",0.608,"sw2",-2.2304,2.4435,"AbiesBelow0.35spg","conifer","Conifer",0.33,-2.3123,2.3482,1.87856,0.79034,NA,"Check",0.72885836778549,0.623236366068985,NA
"Abies","ABBA","NEON.PLA.D05.TREE.00712","TREE_052","TREE","D05",2017-09-26,"Live","small tree",NA,130,NA,2.2,2,NA,NA,"Abies balsamea (L.) Mill.",NA,NA,"2017",12,"douglas","Abies balsamea (L.) Mill.","balsam fir","Pinaceae","tree","balsamea",0.608,"sw2",-2.2304,2.4435,"AbiesBelow0.35spg","conifer","Conifer",0.33,-2.3123,2.3482,1.87856,0.79034,NA,"Check",0.173334406558499,0.156755176062481,NA
"Abies","ABBA","NEON.PLA.D05.TREE.02295","TREE_019","TREE","D05",2017-10-23,"Live","small tree",NA,130,NA,2.8,2.6,NA,NA,"Abies balsamea (L.) Mill.",NA,NA,"2017",12,"douglas","Abies balsamea (L.) Mill.","balsam fir","Pinaceae","tree","balsamea",0.608,"sw2",-2.2304,2.4435,"AbiesBelow0.35spg","conifer","Conifer",0.33,-2.3123,2.3482,1.87856,0.79034,NA,"Check",0.329082932937723,0.290257646837017,NA
"Abies","ABBA","NEON.PLA.D05.TREE.00313","TREE_054","TREE","D05",2018-10-09,"Live","single bole tree",NA,130,NA,12.6,15.6,NA,39,"Abies balsamea (L.) Mill.",9.6,174.3,"2018",12,"douglas","Abies balsamea (L.) Mill.","balsam fir","Pinaceae","tree","balsamea",0.608,"sw2",-2.2304,2.4435,"AbiesBelow0.35spg","conifer","Conifer",0.33,-2.3123,2.3482,1.87856,0.79034,NA,"Check",88.4605313403995,62.7301103262393,NA
"Abies","ABBA","NEON.PLA.D05.TREE.03415","TREE_054","TREE","D05",2021-09-20,"Live","single bole tree","Mostly shaded",130,NA,11,11.1,NA,23,"Abies balsamea (L.) Mill.",4,297.8,"2021",12,"douglas","Abies balsamea (L.) Mill.","balsam fir","Pinaceae","tree","balsamea",0.608,"sw2",-2.2304,2.4435,"AbiesBelow0.35spg","conifer","Conifer",0.33,-2.3123,2.3482,1.87856,0.79034,NA,"Check",38.5120189145966,28.2103379109698,NA
"Abies","ABBA","NEON.PLA.D05.TREE.03415","TREE_054","TREE","D05",2018-10-09,"Live","single bole tree",NA,130,NA,10.2,10.6,NA,23,"Abies balsamea (L.) Mill.",4,297.8,"2018",12,"douglas","Abies balsamea (L.) Mill.","balsam fir","Pinaceae","tree","balsamea",0.608,"sw2",-2.2304,2.4435,"AbiesBelow0.35spg","conifer","Conifer",0.33,-2.3123,2.3482,1.87856,0.79034,NA,"Check",34.4099838934569,25.3165255279514,NA
"Abies","ABBA","NEON.PLA.D05.TREE.03416","TREE_054","TREE","D05",2021-09-20,"Live","single bole tree","Partially shaded",130,NA,11.3,12.1,NA,21,"Abies balsamea (L.) Mill.",13.5,52.9,"2021",12,"douglas","Abies balsamea (L.) Mill.","balsam fir","Pinaceae","tree","balsamea",0.608,"sw2",-2.2304,2.4435,"AbiesBelow0.35spg","conifer","Conifer",0.33,-2.3123,2.3482,1.87856,0.79034,NA,"Check",47.5483707006928,34.5443858596436,NA
"Abies","ABBA","NEON.PLA.D05.TREE.02487","TREE_015","TREE","D05",2018-05-08,"Live","small tree",NA,130,NA,NA,3.2,NA,NA,"Abies balsamea (L.) Mill.",NA,NA,"2018",12,"douglas","Abies balsamea (L.) Mill.","balsam fir","Pinaceae","tree","balsamea",0.608,"sw2",-2.2304,2.4435,"AbiesBelow0.35spg","conifer","Conifer",0.33,-2.3123,2.3482,1.87856,0.79034,NA,"Check",0.546577758828339,0.4726464860605,NA
"Abies","ABBA","NEON.PLA.D05.TREE.03497","TREE_054","TREE","D05",2016-10-18,"Live","single bole tree",NA,130,NA,10.3,10.6,NA,NA,"Abies balsamea (L.) Mill.",NA,NA,"2016",12,"douglas","Abies balsamea (L.) Mill.","balsam fir","Pinaceae","tree","balsamea",0.608,"sw2",-2.2304,2.4435,"AbiesBelow0.35spg","conifer","Conifer",0.33,-2.3123,2.3482,1.87856,0.79034,NA,"Check",34.4099838934569,25.3165255279514,NA
"Abies","ABBA","NEON.PLA.D05.TREE.00315","TREE_054","TREE","D05",2016-10-18,"Live","single bole tree",NA,130,NA,11.7,10.7,NA,23,"Abies balsamea (L.) Mill.",6.1,295.1,"2016",12,"douglas","Abies balsamea (L.) Mill.","balsam fir","Pinaceae","tree","balsamea",0.608,"sw2",-2.2304,2.4435,"AbiesBelow0.35spg","conifer","Conifer",0.33,-2.3123,2.3482,1.87856,0.79034,NA,"Check",35.2086074406931,25.8809286967081,NA
"Abies","ABBA","NEON.PLA.D05.TREE.02301","TREE_015","TREE","D05",2018-05-08,"Live","small tree",NA,130,NA,NA,1.7,NA,NA,"Abies balsamea (L.) Mill.",NA,NA,"2018",12,"douglas","Abies balsamea (L.) Mill.","balsam fir","Pinaceae","tree","balsamea",0.608,"sw2",-2.2304,2.4435,"AbiesBelow0.35spg","conifer","Conifer",0.33,-2.3123,2.3482,1.87856,0.79034,NA,"Check",0.116525217678834,0.107024550262889,NA
"Abies","ABBA","NEON.PLA.D05.TREE.00227","TREE_050","TREE","D05",2021-10-06,"Live","small tree","Mostly shaded",130,NA,7.7,7.3,NA,NA,"Abies balsamea (L.) Mill.",NA,NA,"2021",12,"douglas","Abies balsamea (L.) Mill.","balsam fir","Pinaceae","tree","balsamea",0.608,"sw2",-2.2304,2.4435,"AbiesBelow0.35spg","conifer","Conifer",0.33,-2.3123,2.3482,1.87856,0.79034,NA,"Check",4.10059985705231,3.27791731592345,NA
"Abies","ABBA","NEON.PLA.D05.TREE.00324","TREE_051","TREE","D05",2015-08-03,"Live","single bole tree","Mostly shaded",130,NA,8.6,12.2,NA,41,"Abies balsamea (L.) Mill.",3.8,358.3,"2015",12,"douglas","Abies balsamea (L.) Mill.","balsam fir","Pinaceae","tree","balsamea",0.608,"sw2",-2.2304,2.4435,"AbiesBelow0.35spg","conifer","Conifer",0.33,-2.3123,2.3482,1.87856,0.79034,NA,"Check",48.5143071912194,35.2185137053077,NA
"Abies","ABBA","NEON.PLA.D05.TREE.01362","TREE_040","TREE","D05",2021-10-05,"Live","single bole tree","Mostly shaded",130,NA,11.8,16.8,NA,23,"Abies balsamea (L.) Mill.",12.6,41.6,"2021",12,"douglas","Abies balsamea (L.) Mill.","balsam fir","Pinaceae","tree","balsamea",0.608,"sw2",-2.2304,2.4435,"AbiesBelow0.35spg","conifer","Conifer",0.33,-2.3123,2.3482,1.87856,0.79034,NA,"Check",106.021224896556,74.6538353976152,NA
"Abies","ABBA","NEON.PLA.D05.TREE.00369","TREE_054","TREE","D05",2018-10-09,"Live","small tree",NA,130,NA,7.7,5.4,NA,NA,"Abies balsamea (L.) Mill.",NA,NA,"2018",12,"douglas","Abies balsamea (L.) Mill.","balsam fir","Pinaceae","tree","balsamea",0.608,"sw2",-2.2304,2.4435,"AbiesBelow0.35spg","conifer","Conifer",0.33,-2.3123,2.3482,1.87856,0.79034,NA,"Check",1.96300829888665,1.61491727830775,NA
"Abies","ABBA","NEON.PLA.D05.TREE.01362","TREE_040","TREE","D05",2020-09-29,"Live,  other damage","single bole tree","Mostly shaded",130,NA,11.6,15.6,NA,23,"Abies balsamea (L.) Mill.",12.6,41.6,"2020",12,"douglas","Abies balsamea (L.) Mill.","balsam fir","Pinaceae","tree","balsamea",0.608,"sw2",-2.2304,2.4435,"AbiesBelow0.35spg","conifer","Conifer",0.33,-2.3123,2.3482,1.87856,0.79034,NA,"Check",88.4605313403995,62.7301103262393,NA
"Abies","ABBA","NEON.PLA.D05.TREE.00369","TREE_054","TREE","D05",2016-10-18,"Live","small tree",NA,130,NA,5,5.3,NA,NA,"Abies balsamea (L.) Mill.",NA,NA,"2016",12,"douglas","Abies balsamea (L.) Mill.","balsam fir","Pinaceae","tree","balsamea",0.608,"sw2",-2.2304,2.4435,"AbiesBelow0.35spg","conifer","Conifer",0.33,-2.3123,2.3482,1.87856,0.79034,NA,"Check",1.87536614168729,1.54556705323716,NA
"Abies","ABBA","NEON.PLA.D05.TREE.01888","TREE_060","TREE","D05",2019-11-05,"Live","single bole tree","Mostly shaded",130,NA,4.6,10.6,NA,31,"Abies balsamea (L.) Mill.",6.8,82.1,"2019",12,"douglas","Abies balsamea (L.) Mill.","balsam fir","Pinaceae","tree","balsamea",0.608,"sw2",-2.2304,2.4435,"AbiesBelow0.35spg","conifer","Conifer",0.33,-2.3123,2.3482,1.87856,0.79034,NA,"Check",34.4099838934569,25.3165255279514,NA
"Abies","ABBA","NEON.PLA.D05.TREE.01421","TREE_039","TREE","D05",2016-10-18,"Live","small tree",NA,130,NA,1.9,1.4,NA,NA,"Abies balsamea (L.) Mill.",NA,NA,"2016",12,"douglas","Abies balsamea (L.) Mill.","balsam fir","Pinaceae","tree","balsamea",0.608,"sw2",-2.2304,2.4435,"AbiesBelow0.35spg","conifer","Conifer",0.33,-2.3123,2.3482,1.87856,0.79034,NA,"Check",0.0725073175910424,0.067839260904832,NA
"Abies","ABBA","NEON.PLA.D05.TREE.03499A","TREE_054","TREE","D05",2016-10-18,"Live","multi-bole tree",NA,130,NA,9.5,5.6,NA,NA,"Abies balsamea (L.) Mill.",NA,NA,"2016",12,"douglas","Abies balsamea (L.) Mill.","balsam fir","Pinaceae","tree","balsamea",0.608,"sw2",-2.2304,2.4435,"AbiesBelow0.35spg","conifer","Conifer",0.33,-2.3123,2.3482,1.87856,0.79034,NA,"Check",2.14543532707086,1.75888878333103,NA
"Abies","ABBA","NEON.PLA.D05.TREE.03499A","TREE_054","TREE","D05",2021-09-20,"Live","multi-bole tree",NA,130,NA,NA,6.2,NA,NA,"Abies balsamea (L.) Mill.",NA,NA,"2021",12,"douglas","Abies balsamea (L.) Mill.","balsam fir","Pinaceae","tree","balsamea",0.608,"sw2",-2.2304,2.4435,"AbiesBelow0.35spg","conifer","Conifer",0.33,-2.3123,2.3482,1.87856,0.79034,NA,"Check",2.75123112968026,2.2337646798732,NA
"Abies","ABBA","NEON.PLA.D05.TREE.03499A","TREE_054","TREE","D05",2017-08-30,"Live","multi-bole tree",NA,130,NA,4.2,5.9,NA,NA,"Abies balsamea (L.) Mill.",NA,NA,"2017",12,"douglas","Abies balsamea (L.) Mill.","balsam fir","Pinaceae","tree","balsamea",0.608,"sw2",-2.2304,2.4435,"AbiesBelow0.35spg","conifer","Conifer",0.33,-2.3123,2.3482,1.87856,0.79034,NA,"Check",2.43722078928756,1.98819028834665,NA
"Abies","ABBA","NEON.PLA.D05.TREE.01017","TREE_039","TREE","D05",2015-08-11,"Standing dead","small tree","Mostly shaded",130,NA,2.3,1.6,NA,NA,"Abies balsamea (L.) Mill.",NA,NA,"2015",12,"douglas","Abies balsamea (L.) Mill.","balsam fir","Pinaceae","tree","balsamea",0.608,"sw2",-2.2304,2.4435,"AbiesBelow0.35spg","conifer","Conifer",0.33,-2.3123,2.3482,1.87856,0.79034,NA,"Check",0.100481280546951,0.0928234695920753,NA
"Abies","ABBA","NEON.PLA.D05.TREE.01084","TREE_044","TREE","D05",2017-10-17,"Live","single bole tree",NA,130,NA,11,19,NA,43,"Abies balsamea (L.) Mill.",8.9,304.2,"2017",12,"douglas","Abies balsamea (L.) Mill.","balsam fir","Pinaceae","tree","balsamea",0.608,"sw2",-2.2304,2.4435,"AbiesBelow0.35spg","conifer","Conifer",0.33,-2.3123,2.3482,1.87856,0.79034,NA,"Check",143.213517438697,99.666699173559,NA
"Abies","ABBA","NEON.PLA.D05.TREE.00100","TREE_050","TREE","D05",2016-09-29,"Live","small tree",NA,130,NA,2.9,2.5,NA,NA,"Abies balsamea (L.) Mill.",NA,NA,"2016",12,"douglas","Abies balsamea (L.) Mill.","balsam fir","Pinaceae","tree","balsamea",0.608,"sw2",-2.2304,2.4435,"AbiesBelow0.35spg","conifer","Conifer",0.33,-2.3123,2.3482,1.87856,0.79034,NA,"Check",0.299009092374654,0.264719529773721,NA
"Abies","ABBA","NEON.PLA.D05.TREE.00823","TREE_025","TREE","D05",2018-10-17,"Live","small tree",NA,130,NA,2.3,1.5,NA,NA,"Abies balsamea (L.) Mill.",NA,NA,"2018",12,"douglas","Abies balsamea (L.) Mill.","balsam fir","Pinaceae","tree","balsamea",0.608,"sw2",-2.2304,2.4435,"AbiesBelow0.35spg","conifer","Conifer",0.33,-2.3123,2.3482,1.87856,0.79034,NA,"Check",0.0858216727315645,0.0797702124793076,NA
"Abies","ABBA","NEON.PLA.D05.TREE.01056","TREE_039","TREE","D05",2018-10-17,"Live","small tree",NA,130,NA,11.6,9.6,NA,NA,"Abies balsamea (L.) Mill.",NA,NA,"2018",12,"douglas","Abies balsamea (L.) Mill.","balsam fir","Pinaceae","tree","balsamea",0.608,"sw2",-2.2304,2.4435,"AbiesBelow0.35spg","conifer","Conifer",0.33,-2.3123,2.3482,1.87856,0.79034,NA,"Check",8.00751464181528,6.23609271983042,NA
"Abies","ABBA","NEON.PLA.D05.TREE.02501","TREE_001","TREE","D05",2017-10-25,"Live","small tree",NA,130,NA,1.6,1.2,NA,NA,"Abies balsamea (L.) Mill.",NA,NA,"2017",12,"douglas","Abies balsamea (L.) Mill.","balsam fir","Pinaceae","tree","balsamea",0.608,"sw2",-2.2304,2.4435,"AbiesBelow0.35spg","conifer","Conifer",0.33,-2.3123,2.3482,1.87856,0.79034,NA,"Check",0.0497504895073365,0.0472363852883238,NA
"Abies","ABBA","NEON.PLA.D05.TREE.03892","TREE_052","TREE","D05",2018-08-29,"Live","single bole tree",NA,130,NA,6.1,10.6,NA,43,"Abies balsamea (L.) Mill.",11.6,181.7,"2018",12,"douglas","Abies balsamea (L.) Mill.","balsam fir","Pinaceae","tree","balsamea",0.608,"sw2",-2.2304,2.4435,"AbiesBelow0.35spg","conifer","Conifer",0.33,-2.3123,2.3482,1.87856,0.79034,NA,"Check",34.4099838934569,25.3165255279514,NA
"Abies","ABBA","NEON.PLA.D05.TREE.03788","TREE_005","TREE","D05",2017-10-31,"Live","small tree",NA,130,NA,3.3,3.9,NA,NA,"Abies balsamea (L.) Mill.",NA,NA,"2017",12,"douglas","Abies balsamea (L.) Mill.","balsam fir","Pinaceae","tree","balsamea",0.608,"sw2",-2.2304,2.4435,"AbiesBelow0.35spg","conifer","Conifer",0.33,-2.3123,2.3482,1.87856,0.79034,NA,"Check",0.886307349864757,0.752109656236205,NA
"Abies","ABBA","NEON.PLA.D05.TREE.00072","TREE_055","TREE","D05",2015-07-29,"Live","small tree","Mostly shaded",130,NA,4.7,6.5,NA,NA,"Abies balsamea (L.) Mill.",NA,NA,"2015",12,"douglas","Abies balsamea (L.) Mill.","balsam fir","Pinaceae","tree","balsamea",0.608,"sw2",-2.2304,2.4435,"AbiesBelow0.35spg","conifer","Conifer",0.33,-2.3123,2.3482,1.87856,0.79034,NA,"Check",3.08796074246844,2.49589550220602,NA
"Abies","ABBA","NEON.PLA.D05.TREE.01204","TREE_045","TREE","D05",2016-10-18,"Live","small tree",NA,130,NA,3.3,3.3,NA,NA,"Abies balsamea (L.) Mill.",NA,NA,"2016",12,"douglas","Abies balsamea (L.) Mill.","balsam fir","Pinaceae","tree","balsamea",0.608,"sw2",-2.2304,2.4435,"AbiesBelow0.35spg","conifer","Conifer",0.33,-2.3123,2.3482,1.87856,0.79034,NA,"Check",0.589259775013663,0.508063139991196,NA
"Abies","ABBA","NEON.PLA.D05.TREE.03200","TREE_041","TREE","D05",2020-09-28,"Live","small tree","Mostly shaded",130,NA,2,1.3,NA,NA,"Abies balsamea (L.) Mill.",NA,NA,"2020",12,"douglas","Abies balsamea (L.) Mill.","balsam fir","Pinaceae","tree","balsamea",0.608,"sw2",-2.2304,2.4435,"AbiesBelow0.35spg","conifer","Conifer",0.33,-2.3123,2.3482,1.87856,0.79034,NA,"Check",0.060497658336138,0.0570039609933637,NA
"Abies","ABBA","NEON.PLA.D05.TREE.03894","TREE_052","TREE","D05",2017-09-26,"Live","single bole tree",NA,130,NA,7,10.5,NA,41,"Abies balsamea (L.) Mill.",7.1,211.5,"2017",12,"douglas","Abies balsamea (L.) Mill.","balsam fir","Pinaceae","tree","balsamea",0.608,"sw2",-2.2304,2.4435,"AbiesBelow0.35spg","conifer","Conifer",0.33,-2.3123,2.3482,1.87856,0.79034,NA,"Check",33.6221622691773,24.759255504112,NA
"Abies","ABBA","NEON.PLA.D05.TREE.00321","TREE_054","TREE","D05",2016-10-18,"Live","single bole tree",NA,135,NA,7.7,12.8,NA,21,"Abies balsamea (L.) Mill.",1.9,10.2,"2016",12,"douglas","Abies balsamea (L.) Mill.","balsam fir","Pinaceae","tree","balsamea",0.608,"sw2",-2.2304,2.4435,"AbiesBelow0.35spg","conifer","Conifer",0.33,-2.3123,2.3482,1.87856,0.79034,NA,"Check",54.5528128274887,39.4213343360838,NA
"Abies","ABBA","NEON.PLA.D05.TREE.00102","TREE_054","TREE","D05",2015-07-30,"Live","sapling","Full shade",10,NA,1.3,1.5,NA,NA,"Abies balsamea (L.) Mill.",NA,NA,"2015",12,"douglas","Abies balsamea (L.) Mill.","balsam fir","Pinaceae","tree","balsamea",0.608,"sw2",-2.2304,2.4435,"AbiesBelow0.35spg","conifer","Conifer",0.33,-2.3123,2.3482,1.87856,0.79034,1.07394332059371,"Check",0.0379333274278359,0.0363993549036406,NA
"Abies","ABBA","NEON.PLA.D05.TREE.01483","TREE_039","TREE","D05",2016-10-18,"Standing dead","small tree",NA,130,NA,1.5,1.1,NA,NA,"Abies balsamea (L.) Mill.",NA,NA,"2016",12,"douglas","Abies balsamea (L.) Mill.","balsam fir","Pinaceae","tree","balsamea",0.608,"sw2",-2.2304,2.4435,"AbiesBelow0.35spg","conifer","Conifer",0.33,-2.3123,2.3482,1.87856,0.79034,NA,"Check",0.0402217543896549,0.0385071660416609,NA
"Abies","ABBA","NEON.PLA.D05.TREE.03243","TREE_023","TREE","D05",2019-11-04,"Live","single bole tree","Mostly shaded",130,NA,8.8,10.2,NA,49,"Abies balsamea (L.) Mill.",5.4,98.2,"2019",12,"douglas","Abies balsamea (L.) Mill.","balsam fir","Pinaceae","tree","balsamea",0.608,"sw2",-2.2304,2.4435,"AbiesBelow0.35spg","conifer","Conifer",0.33,-2.3123,2.3482,1.87856,0.79034,NA,"Check",31.3230545820377,23.1300085243817,NA
"Abies","ABBA","NEON.PLA.D05.TREE.01151","TREE_039","TREE","D05",2016-10-18,"Live","small tree",NA,130,NA,3,3.6,NA,NA,"Abies balsamea (L.) Mill.",NA,NA,"2016",12,"douglas","Abies balsamea (L.) Mill.","balsam fir","Pinaceae","tree","balsamea",0.608,"sw2",-2.2304,2.4435,"AbiesBelow0.35spg","conifer","Conifer",0.33,-2.3123,2.3482,1.87856,0.79034,NA,"Check",0.72885836778549,0.623236366068985,NA
"Abies","ABBA","NEON.PLA.D05.TREE.03250","TREE_009","TREE","D05",2019-10-16,"Live","small tree",NA,130,NA,5.1,4.6,NA,NA,"Abies balsamea (L.) Mill.",NA,NA,"2019",12,"douglas","Abies balsamea (L.) Mill.","balsam fir","Pinaceae","tree","balsamea",0.608,"sw2",-2.2304,2.4435,"AbiesBelow0.35spg","conifer","Conifer",0.33,-2.3123,2.3482,1.87856,0.79034,NA,"Check",1.32668172024424,1.10823329763597,NA
"Abies","ABBA","NEON.PLA.D05.TREE.00237","TREE_050","TREE","D05",2018-08-29,"Live","single bole tree",NA,130,NA,9.1,22.2,NA,61,"Abies balsamea (L.) Mill.",2.4,254.5,"2018",12,"douglas","Abies balsamea (L.) Mill.","balsam fir","Pinaceae","tree","balsamea",0.608,"sw2",-2.2304,2.4435,"AbiesBelow0.35spg","conifer","Conifer",0.33,-2.3123,2.3482,1.87856,0.79034,NA,"Check",209.48989574689,143.643812742564,NA
"Abies","ABBA","NEON.PLA.D05.TREE.00077","TREE_050","TREE","D05",2021-10-06,"Live","small tree","Mostly shaded",130,NA,9.8,8.4,NA,NA,"Abies balsamea (L.) Mill.",NA,NA,"2021",12,"douglas","Abies balsamea (L.) Mill.","balsam fir","Pinaceae","tree","balsamea",0.608,"sw2",-2.2304,2.4435,"AbiesBelow0.35spg","conifer","Conifer",0.33,-2.3123,2.3482,1.87856,0.79034,NA,"Check",5.77822460152394,4.55759650987467,NA
"Abies","ABBA","NEON.PLA.D05.TREE.01094","TREE_047","TREE","D05",2017-10-16,"Live","single bole tree",NA,130,NA,11,13.9,NA,41,"Abies balsamea (L.) Mill.",2.9,338.1,"2017",12,"douglas","Abies balsamea (L.) Mill.","balsam fir","Pinaceae","tree","balsamea",0.608,"sw2",-2.2304,2.4435,"AbiesBelow0.35spg","conifer","Conifer",0.33,-2.3123,2.3482,1.87856,0.79034,NA,"Check",66.7277148007724,47.8418784633076,NA
"Abies","ABBA","NEON.PLA.D05.TREE.02513","TREE_001","TREE","D05",2017-10-25,"Live","single bole tree","Mostly shaded",130,NA,12.9,16.7,NA,31,"Abies balsamea (L.) Mill.",11.5,13.6,"2017",12,"douglas","Abies balsamea (L.) Mill.","balsam fir","Pinaceae","tree","balsamea",0.608,"sw2",-2.2304,2.4435,"AbiesBelow0.35spg","conifer","Conifer",0.33,-2.3123,2.3482,1.87856,0.79034,NA,"Check",104.485803020185,73.6145543089778,NA
"Abies","ABBA","NEON.PLA.D05.TREE.01367","TREE_045","TREE","D05",2017-10-19,"Live","small tree",NA,130,NA,3.4,3.2,NA,NA,"Abies balsamea (L.) Mill.",NA,NA,"2017",12,"douglas","Abies balsamea (L.) Mill.","balsam fir","Pinaceae","tree","balsamea",0.608,"sw2",-2.2304,2.4435,"AbiesBelow0.35spg","conifer","Conifer",0.33,-2.3123,2.3482,1.87856,0.79034,NA,"Check",0.546577758828339,0.4726464860605,NA
"Abies","ABBA","NEON.PLA.D05.TREE.00379","TREE_054","TREE","D05",2021-09-20,"Live","small tree","Partially shaded",130,NA,7.5,8.6,NA,NA,"Abies balsamea (L.) Mill.",NA,NA,"2021",12,"douglas","Abies balsamea (L.) Mill.","balsam fir","Pinaceae","tree","balsamea",0.608,"sw2",-2.2304,2.4435,"AbiesBelow0.35spg","conifer","Conifer",0.33,-2.3123,2.3482,1.87856,0.79034,NA,"Check",6.12019062280289,4.81651056840203,NA
"Abies","ABBA","NEON.PLA.D05.TREE.00596","TREE_054","TREE","D05",2021-09-20,"Live","single bole tree","Partially shaded",130,NA,9.8,13.2,NA,23,"Abies balsamea (L.) Mill.",2.1,332.3,"2021",12,"douglas","Abies balsamea (L.) Mill.","balsam fir","Pinaceae","tree","balsamea",0.608,"sw2",-2.2304,2.4435,"AbiesBelow0.35spg","conifer","Conifer",0.33,-2.3123,2.3482,1.87856,0.79034,NA,"Check",58.8128179273103,42.3752794025212,NA
"Abies","ABBA","NEON.PLA.D05.TREE.00727","TREE_052","TREE","D05",2018-08-29,"Live","small tree",NA,130,NA,2.3,1.4,NA,NA,"Abies balsamea (L.) Mill.",NA,NA,"2018",12,"douglas","Abies balsamea (L.) Mill.","balsam fir","Pinaceae","tree","balsamea",0.608,"sw2",-2.2304,2.4435,"AbiesBelow0.35spg","conifer","Conifer",0.33,-2.3123,2.3482,1.87856,0.79034,NA,"Check",0.0725073175910424,0.067839260904832,NA
"Abies","ABBA","NEON.PLA.D05.TREE.00160","TREE_050","TREE","D05",2021-10-06,"Live","small tree","Mostly shaded",130,NA,6.4,6.3,NA,NA,"Abies balsamea (L.) Mill.",NA,NA,"2021",12,"douglas","Abies balsamea (L.) Mill.","balsam fir","Pinaceae","tree","balsamea",0.608,"sw2",-2.2304,2.4435,"AbiesBelow0.35spg","conifer","Conifer",0.33,-2.3123,2.3482,1.87856,0.79034,NA,"Check",2.86092594406005,2.31928827564036,NA
"Abies","ABBA","NEON.PLA.D05.TREE.03874","TREE_039","TREE","D05",2020-10-01,"Live","small tree","Mostly shaded",130,NA,1.7,1.1,NA,NA,"Abies balsamea (L.) Mill.",NA,NA,"2020",12,"douglas","Abies balsamea (L.) Mill.","balsam fir","Pinaceae","tree","balsamea",0.608,"sw2",-2.2304,2.4435,"AbiesBelow0.35spg","conifer","Conifer",0.33,-2.3123,2.3482,1.87856,0.79034,NA,"Check",0.0402217543896549,0.0385071660416609,NA
"Abies","ABBA","NEON.PLA.D05.TREE.00436","TREE_052","TREE","D05",2017-09-26,"Dead, broken bole","single bole tree",NA,130,NA,2.8,10.7,NA,23,"Abies balsamea (L.) Mill.",9.1,315.9,"2017",12,"douglas","Abies balsamea (L.) Mill.","balsam fir","Pinaceae","tree","balsamea",0.608,"sw2",-2.2304,2.4435,"AbiesBelow0.35spg","conifer","Conifer",0.33,-2.3123,2.3482,1.87856,0.79034,NA,"Check",35.2086074406931,25.8809286967081,NA
"Abies","ABBA","NEON.PLA.D05.TREE.00953","TREE_043","TREE","D05",2020-10-05,"Live","small tree","Full shade",130,NA,1.9,1.2,NA,NA,"Abies balsamea (L.) Mill.",NA,NA,"2020",12,"douglas","Abies balsamea (L.) Mill.","balsam fir","Pinaceae","tree","balsamea",0.608,"sw2",-2.2304,2.4435,"AbiesBelow0.35spg","conifer","Conifer",0.33,-2.3123,2.3482,1.87856,0.79034,NA,"Check",0.0497504895073365,0.0472363852883238,NA
"Abies","ABBA","NEON.PLA.D05.TREE.00728","TREE_052","TREE","D05",2015-08-03,"Live","small tree","Mostly shaded",130,NA,4.8,5.1,NA,NA,"Abies balsamea (L.) Mill.",NA,NA,"2015",12,"douglas","Abies balsamea (L.) Mill.","balsam fir","Pinaceae","tree","balsamea",0.608,"sw2",-2.2304,2.4435,"AbiesBelow0.35spg","conifer","Conifer",0.33,-2.3123,2.3482,1.87856,0.79034,NA,"Check",1.70712651883997,1.41208078007819,NA
"Abies","ABBA","NEON.PLA.D05.TREE.00591","TREE_046","TREE","D05",2018-10-10,"Live","single bole tree",NA,130,NA,11.7,17,NA,23,"Abies balsamea (L.) Mill.",9.9,29.2,"2018",12,"douglas","Abies balsamea (L.) Mill.","balsam fir","Pinaceae","tree","balsamea",0.608,"sw2",-2.2304,2.4435,"AbiesBelow0.35spg","conifer","Conifer",0.33,-2.3123,2.3482,1.87856,0.79034,NA,"Check",109.131852396675,76.7575363024735,NA
"Abies","ABBA","NEON.PLA.D05.TREE.01035","TREE_057","TREE","D05",2015-08-04,"Live","sapling","Full shade",10,NA,0.8,1.3,NA,NA,"Abies balsamea (L.) Mill.",NA,NA,"2015",12,"douglas","Abies balsamea (L.) Mill.","balsam fir","Pinaceae","tree","balsamea",0.608,"sw2",-2.2304,2.4435,"AbiesBelow0.35spg","conifer","Conifer",0.33,-2.3123,2.3482,1.87856,0.79034,0.925450366054231,"Check",0.0263694978964204,0.025664551421131,NA
"Abies","ABBA","NEON.PLA.D05.TREE.00412","TREE_025","TREE","D05",2018-10-17,"Live","small tree",NA,130,NA,4.2,4.6,NA,NA,"Abies balsamea (L.) Mill.",NA,NA,"2018",12,"douglas","Abies balsamea (L.) Mill.","balsam fir","Pinaceae","tree","balsamea",0.608,"sw2",-2.2304,2.4435,"AbiesBelow0.35spg","conifer","Conifer",0.33,-2.3123,2.3482,1.87856,0.79034,NA,"Check",1.32668172024424,1.10823329763597,NA
"Abies","ABBA","NEON.PLA.D05.TREE.00823","TREE_025","TREE","D05",2015-08-04,"Live","sapling","Full shade",10,NA,1.3,2.1,NA,NA,"Abies balsamea (L.) Mill.",NA,NA,"2015",12,"douglas","Abies balsamea (L.) Mill.","balsam fir","Pinaceae","tree","balsamea",0.608,"sw2",-2.2304,2.4435,"AbiesBelow0.35spg","conifer","Conifer",0.33,-2.3123,2.3482,1.87856,0.79034,1.52384700858481,"Check",0.0891939122235964,0.0827801429316602,NA
"Abies","ABBA","NEON.PLA.D05.TREE.01371","TREE_039","TREE","D05",2019-10-23,"Live","small tree",NA,130,NA,1.7,1,NA,NA,"Abies balsamea (L.) Mill.",NA,NA,"2019",12,"douglas","Abies balsamea (L.) Mill.","balsam fir","Pinaceae","tree","balsamea",0.608,"sw2",-2.2304,2.4435,"AbiesBelow0.35spg","conifer","Conifer",0.33,-2.3123,2.3482,1.87856,0.79034,NA,"Check",0.0318652979425638,0.030785290376143,NA
"Abies","ABBA","NEON.PLA.D05.TREE.00382","TREE_051","TREE","D05",2015-08-03,"Live","single bole tree","Mostly shaded",130,NA,11.7,13,NA,59,"Abies balsamea (L.) Mill.",9.7,145.5,"2015",12,"douglas","Abies balsamea (L.) Mill.","balsam fir","Pinaceae","tree","balsamea",0.608,"sw2",-2.2304,2.4435,"AbiesBelow0.35spg","conifer","Conifer",0.33,-2.3123,2.3482,1.87856,0.79034,NA,"Check",56.659164869195,40.882989880221,NA
"Abies","ABBA","NEON.PLA.D05.TREE.00083","TREE_050","TREE","D05",2015-07-29,"Live","sapling","Full shade",10,NA,1.8,2.7,NA,NA,"Abies balsamea (L.) Mill.",NA,NA,"2015",12,"douglas","Abies balsamea (L.) Mill.","balsam fir","Pinaceae","tree","balsamea",0.608,"sw2",-2.2304,2.4435,"AbiesBelow0.35spg","conifer","Conifer",0.33,-2.3123,2.3482,1.87856,0.79034,1.97898176290776,"Check",0.168917055494802,0.152914218809015,NA
"Abies","ABBA","NEON.PLA.D05.TREE.00382","TREE_051","TREE","D05",2018-10-09,"Live","single bole tree",NA,130,NA,12.2,13.5,NA,59,"Abies balsamea (L.) Mill.",9.7,145.5,"2018",12,"douglas","Abies balsamea (L.) Mill.","balsam fir","Pinaceae","tree","balsamea",0.608,"sw2",-2.2304,2.4435,"AbiesBelow0.35spg","conifer","Conifer",0.33,-2.3123,2.3482,1.87856,0.79034,NA,"Check",62.1326891879771,44.671509156615,NA
"Abies","ABBA","NEON.PLA.D05.TREE.00213","TREE_050","TREE","D05",2015-07-29,"Standing dead","sapling","Full shade",10,NA,1.3,1.8,NA,NA,"Abies balsamea (L.) Mill.",NA,NA,"2015",12,"douglas","Abies balsamea (L.) Mill.","balsam fir","Pinaceae","tree","balsamea",0.608,"sw2",-2.2304,2.4435,"AbiesBelow0.35spg","conifer","Conifer",0.33,-2.3123,2.3482,1.87856,0.79034,1.29814358285745,"Check",0.0602867783442535,0.0568129958331116,NA
"Abies","ABBA","NEON.PLA.D05.TREE.02051","TREE_018","TREE","D05",2018-04-25,"Live","small tree",NA,130,NA,NA,3.2,NA,NA,"Abies balsamea (L.) Mill.",NA,NA,"2018",12,"douglas","Abies balsamea (L.) Mill.","balsam fir","Pinaceae","tree","balsamea",0.608,"sw2",-2.2304,2.4435,"AbiesBelow0.35spg","conifer","Conifer",0.33,-2.3123,2.3482,1.87856,0.79034,NA,"Check",0.546577758828339,0.4726464860605,NA
"Abies","ABBA","NEON.PLA.D05.TREE.00734","TREE_051","TREE","D05",2018-10-09,"Live","small tree",NA,130,NA,3.8,4.8,NA,NA,"Abies balsamea (L.) Mill.",NA,NA,"2018",12,"douglas","Abies balsamea (L.) Mill.","balsam fir","Pinaceae","tree","balsamea",0.608,"sw2",-2.2304,2.4435,"AbiesBelow0.35spg","conifer","Conifer",0.33,-2.3123,2.3482,1.87856,0.79034,NA,"Check",1.47207842289968,1.22471187245523,NA
"Abies","ABBA","NEON.PLA.D05.TREE.01069","TREE_039","TREE","D05",2016-10-18,"Live","small tree",NA,130,NA,8.4,8.9,NA,59,"Abies balsamea (L.) Mill.",9.2,105.6,"2016",12,"douglas","Abies balsamea (L.) Mill.","balsam fir","Pinaceae","tree","balsamea",0.608,"sw2",-2.2304,2.4435,"AbiesBelow0.35spg","conifer","Conifer",0.33,-2.3123,2.3482,1.87856,0.79034,NA,"Check",6.65506750036976,5.22036498403519,NA
"Abies","ABBA","NEON.PLA.D05.TREE.01224","TREE_045","TREE","D05",2018-10-17,"Live","single bole tree",NA,130,NA,9.2,10.5,NA,NA,"Abies balsamea (L.) Mill.",NA,NA,"2018",12,"douglas","Abies balsamea (L.) Mill.","balsam fir","Pinaceae","tree","balsamea",0.608,"sw2",-2.2304,2.4435,"AbiesBelow0.35spg","conifer","Conifer",0.33,-2.3123,2.3482,1.87856,0.79034,NA,"Check",33.6221622691773,24.759255504112,NA
"Abies","ABBA","NEON.PLA.D05.TREE.00700","TREE_051","TREE","D05",2018-10-09,"Live","single bole tree",NA,130,NA,17.5,19.3,NA,39,"Abies balsamea (L.) Mill.",10,35.5,"2018",12,"douglas","Abies balsamea (L.) Mill.","balsam fir","Pinaceae","tree","balsamea",0.608,"sw2",-2.2304,2.4435,"AbiesBelow0.35spg","conifer","Conifer",0.33,-2.3123,2.3482,1.87856,0.79034,NA,"Check",148.802035517443,103.401429426319,NA
"Abies","ABBA","NEON.PLA.D05.TREE.00303","TREE_054","TREE","D05",2018-10-09,"Live","single bole tree",NA,130,NA,13.2,20.7,NA,23,"Abies balsamea (L.) Mill.",11,296,"2018",12,"douglas","Abies balsamea (L.) Mill.","balsam fir","Pinaceae","tree","balsamea",0.608,"sw2",-2.2304,2.4435,"AbiesBelow0.35spg","conifer","Conifer",0.33,-2.3123,2.3482,1.87856,0.79034,NA,"Check",176.572524668575,121.882803377009,NA
"Abies","ABBA","NEON.PLA.D05.TREE.01404","TREE_039","TREE","D05",2016-10-18,"Live","small tree",NA,130,NA,1.7,1.7,NA,NA,"Abies balsamea (L.) Mill.",NA,NA,"2016",12,"douglas","Abies balsamea (L.) Mill.","balsam fir","Pinaceae","tree","balsamea",0.608,"sw2",-2.2304,2.4435,"AbiesBelow0.35spg","conifer","Conifer",0.33,-2.3123,2.3482,1.87856,0.79034,NA,"Check",0.116525217678834,0.107024550262889,NA
"Abies","ABBA","NEON.PLA.D05.TREE.00030","TREE_054","TREE","D05",2017-08-30,"Live","single bole tree",NA,130,NA,7.7,10.4,NA,21,"Abies balsamea (L.) Mill.",6.5,36.9,"2017",12,"douglas","Abies balsamea (L.) Mill.","balsam fir","Pinaceae","tree","balsamea",0.608,"sw2",-2.2304,2.4435,"AbiesBelow0.35spg","conifer","Conifer",0.33,-2.3123,2.3482,1.87856,0.79034,NA,"Check",32.845097253419,24.2090951208349,NA
"Abies","ABBA","NEON.PLA.D05.TREE.03535","TREE_050","TREE","D05",2018-08-29,"Live","single bole tree",NA,130,NA,17,19.2,NA,41,"Abies balsamea (L.) Mill.",11.6,275.6,"2018",12,"douglas","Abies balsamea (L.) Mill.","balsam fir","Pinaceae","tree","balsamea",0.608,"sw2",-2.2304,2.4435,"AbiesBelow0.35spg","conifer","Conifer",0.33,-2.3123,2.3482,1.87856,0.79034,NA,"Check",146.925149029074,102.147752312389,NA
"Abies","ABBA","NEON.PLA.D05.TREE.03536","TREE_050","TREE","D05",2021-10-06,"Live","small tree","Mostly shaded",140,NA,6.8,7,NA,NA,"Abies balsamea (L.) Mill.",NA,NA,"2021",12,"douglas","Abies balsamea (L.) Mill.","balsam fir","Pinaceae","tree","balsamea",0.608,"sw2",-2.2304,2.4435,"AbiesBelow0.35spg","conifer","Conifer",0.33,-2.3123,2.3482,1.87856,0.79034,NA,"Check",3.70096556496113,2.9703147503217,NA
"Abies","ABBA","NEON.PLA.D05.TREE.00530","TREE_053","TREE","D05",2015-07-27,"Live","sapling","Full shade",10,NA,1.7,3.1,NA,NA,"Abies balsamea (L.) Mill.",NA,NA,"2015",12,"douglas","Abies balsamea (L.) Mill.","balsam fir","Pinaceae","tree","balsamea",0.608,"sw2",-2.2304,2.4435,"AbiesBelow0.35spg","conifer","Conifer",0.33,-2.3123,2.3482,1.87856,0.79034,2.284726605629,"Check",0.239954802666426,0.214268246029107,NA
"Abies","ABBA","NEON.PLA.D05.TREE.02414","TREE_012","TREE","D05",2017-10-30,"Live","small tree",NA,130,NA,6,6.5,NA,NA,"Abies balsamea (L.) Mill.",NA,NA,"2017",12,"douglas","Abies balsamea (L.) Mill.","balsam fir","Pinaceae","tree","balsamea",0.608,"sw2",-2.2304,2.4435,"AbiesBelow0.35spg","conifer","Conifer",0.33,-2.3123,2.3482,1.87856,0.79034,NA,"Check",3.08796074246844,2.49589550220602,NA
"Abies","ABBA","NEON.PLA.D05.TREE.00737","TREE_052","TREE","D05",2017-09-26,"Live","small tree",NA,130,NA,2.6,2,NA,NA,"Abies balsamea (L.) Mill.",NA,NA,"2017",12,"douglas","Abies balsamea (L.) Mill.","balsam fir","Pinaceae","tree","balsamea",0.608,"sw2",-2.2304,2.4435,"AbiesBelow0.35spg","conifer","Conifer",0.33,-2.3123,2.3482,1.87856,0.79034,NA,"Check",0.173334406558499,0.156755176062481,NA
"Abies","ABBA","NEON.PLA.D05.TREE.01495","TREE_041","TREE","D05",2019-10-23,"Live","small tree",NA,130,NA,2.6,2,NA,NA,"Abies balsamea (L.) Mill.",NA,NA,"2019",12,"douglas","Abies balsamea (L.) Mill.","balsam fir","Pinaceae","tree","balsamea",0.608,"sw2",-2.2304,2.4435,"AbiesBelow0.35spg","conifer","Conifer",0.33,-2.3123,2.3482,1.87856,0.79034,NA,"Check",0.173334406558499,0.156755176062481,NA
"Abies","ABBA","NEON.PLA.D05.TREE.00276","TREE_050","TREE","D05",2016-09-29,"Live","small tree",NA,130,NA,4.8,5.2,NA,NA,"Abies balsamea (L.) Mill.",NA,NA,"2016",12,"douglas","Abies balsamea (L.) Mill.","balsam fir","Pinaceae","tree","balsamea",0.608,"sw2",-2.2304,2.4435,"AbiesBelow0.35spg","conifer","Conifer",0.33,-2.3123,2.3482,1.87856,0.79034,NA,"Check",1.79007881840947,1.47795872566067,NA
"Abies","ABBA","NEON.PLA.D05.TREE.01495","TREE_041","TREE","D05",2020-09-28,"Live","small tree","Full shade",130,NA,3.2,2.7,NA,NA,"Abies balsamea (L.) Mill.",NA,NA,"2020",12,"douglas","Abies balsamea (L.) Mill.","balsam fir","Pinaceae","tree","balsamea",0.608,"sw2",-2.2304,2.4435,"AbiesBelow0.35spg","conifer","Conifer",0.33,-2.3123,2.3482,1.87856,0.79034,NA,"Check",0.360873790436049,0.317155060489603,NA
"Abies","ABBA","NEON.PLA.D05.TREE.00276","TREE_050","TREE","D05",2018-08-29,"Live","small tree",NA,130,NA,5.1,5.1,NA,NA,"Abies balsamea (L.) Mill.",NA,NA,"2018",12,"douglas","Abies balsamea (L.) Mill.","balsam fir","Pinaceae","tree","balsamea",0.608,"sw2",-2.2304,2.4435,"AbiesBelow0.35spg","conifer","Conifer",0.33,-2.3123,2.3482,1.87856,0.79034,NA,"Check",1.70712651883997,1.41208078007819,NA
"Abies","ABBA","NEON.PLA.D05.TREE.00770","TREE_052","TREE","D05",2017-09-26,"Live","small tree",NA,130,NA,4.6,4.4,NA,NA,"Abies balsamea (L.) Mill.",NA,NA,"2017",12,"douglas","Abies balsamea (L.) Mill.","balsam fir","Pinaceae","tree","balsamea",0.608,"sw2",-2.2304,2.4435,"AbiesBelow0.35spg","conifer","Conifer",0.33,-2.3123,2.3482,1.87856,0.79034,NA,"Check",1.19013053649351,0.998386797337864,NA
"Abies","ABBA","NEON.PLA.D05.TREE.03873","TREE_025","TREE","D05",2017-10-18,"Live","single bole tree",NA,130,NA,6.6,10.5,NA,25,"Abies balsamea (L.) Mill.",9,316.3,"2017",12,"douglas","Abies balsamea (L.) Mill.","balsam fir","Pinaceae","tree","balsamea",0.608,"sw2",-2.2304,2.4435,"AbiesBelow0.35spg","conifer","Conifer",0.33,-2.3123,2.3482,1.87856,0.79034,NA,"Check",33.6221622691773,24.759255504112,NA
"Abies","ABBA","NEON.PLA.D05.TREE.02307","TREE_015","TREE","D05",2019-10-24,"Live","small tree",NA,130,NA,5,5.9,NA,NA,"Abies balsamea (L.) Mill.",NA,NA,"2019",12,"douglas","Abies balsamea (L.) Mill.","balsam fir","Pinaceae","tree","balsamea",0.608,"sw2",-2.2304,2.4435,"AbiesBelow0.35spg","conifer","Conifer",0.33,-2.3123,2.3482,1.87856,0.79034,NA,"Check",2.43722078928756,1.98819028834665,NA
"Abies","ABBA","NEON.PLA.D05.TREE.00671","TREE_042","TREE","D05",2016-09-28,"Live","single bole tree",NA,130,NA,15,15.1,NA,41,"Abies balsamea (L.) Mill.",3.5,115.4,"2016",12,"douglas","Abies balsamea (L.) Mill.","balsam fir","Pinaceae","tree","balsamea",0.608,"sw2",-2.2304,2.4435,"AbiesBelow0.35spg","conifer","Conifer",0.33,-2.3123,2.3482,1.87856,0.79034,NA,"Check",81.6920431882359,58.1104899479983,NA
"Abies","ABBA","NEON.PLA.D05.TREE.08184","TREE_054","TREE","D05",2022-09-07,"Standing dead","small tree","Full shade",130,NA,2.2,1.3,NA,NA,"Abies balsamea (L.) Mill.",NA,NA,"2022",12,"douglas","Abies balsamea (L.) Mill.","balsam fir","Pinaceae","tree","balsamea",0.608,"sw2",-2.2304,2.4435,"AbiesBelow0.35spg","conifer","Conifer",0.33,-2.3123,2.3482,1.87856,0.79034,NA,"Check",0.060497658336138,0.0570039609933637,NA
"Abies","ABBA","NEON.PLA.D05.TREE.01237","TREE_047","TREE","D05",2016-10-19,"Live","small tree",NA,130,NA,4.4,9.1,NA,NA,"Abies balsamea (L.) Mill.",NA,NA,"2016",12,"douglas","Abies balsamea (L.) Mill.","balsam fir","Pinaceae","tree","balsamea",0.608,"sw2",-2.2304,2.4435,"AbiesBelow0.35spg","conifer","Conifer",0.33,-2.3123,2.3482,1.87856,0.79034,NA,"Check",7.02644458766406,5.50001978531166,NA
"Abies","ABBA","NEON.PLA.D05.TREE.00436","TREE_052","TREE","D05",2018-08-29,"Dead, broken bole","single bole tree",NA,130,NA,2.8,10.8,NA,23,"Abies balsamea (L.) Mill.",9.1,315.9,"2018",12,"douglas","Abies balsamea (L.) Mill.","balsam fir","Pinaceae","tree","balsamea",0.608,"sw2",-2.2304,2.4435,"AbiesBelow0.35spg","conifer","Conifer",0.33,-2.3123,2.3482,1.87856,0.79034,NA,"Check",36.0180779880344,26.4524883706449,NA
"Abies","ABBA","NEON.PLA.D05.TREE.01056","TREE_039","TREE","D05",2016-10-18,"Live","small tree",NA,130,NA,8.9,8.7,NA,NA,"Abies balsamea (L.) Mill.",NA,NA,"2016",12,"douglas","Abies balsamea (L.) Mill.","balsam fir","Pinaceae","tree","balsamea",0.608,"sw2",-2.2304,2.4435,"AbiesBelow0.35spg","conifer","Conifer",0.33,-2.3123,2.3482,1.87856,0.79034,NA,"Check",6.29554419855261,4.94905594684807,NA
"Abies","ABBA","NEON.PLA.D05.TREE.02501","TREE_001","TREE","D05",2019-10-07,"Standing dead","small tree",NA,130,NA,1.7,1.1,NA,NA,"Abies balsamea (L.) Mill.",NA,NA,"2019",12,"douglas","Abies balsamea (L.) Mill.","balsam fir","Pinaceae","tree","balsamea",0.608,"sw2",-2.2304,2.4435,"AbiesBelow0.35spg","conifer","Conifer",0.33,-2.3123,2.3482,1.87856,0.79034,NA,"Check",0.0402217543896549,0.0385071660416609,NA
"Abies","ABBA","NEON.PLA.D05.TREE.00658","TREE_056","TREE","D05",2015-07-29,"Live","small tree","Full shade",130,NA,5.5,7,NA,23,"Abies balsamea (L.) Mill.",10.4,284.1,"2015",12,"douglas","Abies balsamea (L.) Mill.","balsam fir","Pinaceae","tree","balsamea",0.608,"sw2",-2.2304,2.4435,"AbiesBelow0.35spg","conifer","Conifer",0.33,-2.3123,2.3482,1.87856,0.79034,NA,"Check",3.70096556496113,2.9703147503217,NA
"Abies","ABBA","NEON.PLA.D05.TREE.00658","TREE_056","TREE","D05",2018-10-09,"Live","small tree",NA,130,NA,7.8,8.9,NA,23,"Abies balsamea (L.) Mill.",10.4,284.1,"2018",12,"douglas","Abies balsamea (L.) Mill.","balsam fir","Pinaceae","tree","balsamea",0.608,"sw2",-2.2304,2.4435,"AbiesBelow0.35spg","conifer","Conifer",0.33,-2.3123,2.3482,1.87856,0.79034,NA,"Check",6.65506750036976,5.22036498403519,NA
"Abies","ABBA","NEON.PLA.D05.TREE.00338","TREE_054","TREE","D05",2018-10-09,"Live","single bole tree",NA,130,NA,9.4,12.5,NA,21,"Abies balsamea (L.) Mill.",4.9,5.3,"2018",12,"douglas","Abies balsamea (L.) Mill.","balsam fir","Pinaceae","tree","balsamea",0.608,"sw2",-2.2304,2.4435,"AbiesBelow0.35spg","conifer","Conifer",0.33,-2.3123,2.3482,1.87856,0.79034,NA,"Check",51.4812643457568,37.285928466556,NA
"Abies","ABBA","NEON.PLA.D05.TREE.00339","TREE_054","TREE","D05",2018-10-09,"Live","single bole tree",NA,130,NA,11.8,14.3,NA,21,"Abies balsamea (L.) Mill.",8,63.9,"2018",12,"douglas","Abies balsamea (L.) Mill.","balsam fir","Pinaceae","tree","balsamea",0.608,"sw2",-2.2304,2.4435,"AbiesBelow0.35spg","conifer","Conifer",0.33,-2.3123,2.3482,1.87856,0.79034,NA,"Check",71.5176433435338,51.1376719323461,NA
"Abies","ABBA","NEON.PLA.D05.TREE.00339","TREE_054","TREE","D05",2022-09-07,"Live","single bole tree","Partially shaded",130,NA,13.6,16,NA,21,"Abies balsamea (L.) Mill.",8,63.9,"2022",12,"douglas","Abies balsamea (L.) Mill.","balsam fir","Pinaceae","tree","balsamea",0.608,"sw2",-2.2304,2.4435,"AbiesBelow0.35spg","conifer","Conifer",0.33,-2.3123,2.3482,1.87856,0.79034,NA,"Check",94.1058810763383,66.5725837617076,NA
"Abies","ABBA","NEON.PLA.D05.TREE.00559","TREE_042","TREE","D05",2019-10-23,"Live","single bole tree",NA,130,NA,10.6,14.3,NA,41,"Abies balsamea (L.) Mill.",8.6,85,"2019",12,"douglas","Abies balsamea (L.) Mill.","balsam fir","Pinaceae","tree","balsamea",0.608,"sw2",-2.2304,2.4435,"AbiesBelow0.35spg","conifer","Conifer",0.33,-2.3123,2.3482,1.87856,0.79034,NA,"Check",71.5176433435338,51.1376719323461,NA
"Abies","ABBA","NEON.PLA.D05.TREE.00339","TREE_054","TREE","D05",2016-10-18,"Live","single bole tree",NA,140,NA,10.8,13.1,NA,21,"Abies balsamea (L.) Mill.",8,63.9,"2016",12,"douglas","Abies balsamea (L.) Mill.","balsam fir","Pinaceae","tree","balsamea",0.608,"sw2",-2.2304,2.4435,"AbiesBelow0.35spg","conifer","Conifer",0.33,-2.3123,2.3482,1.87856,0.79034,NA,"Check",57.7300586212782,41.6252951502566,NA
"Abies","ABBA","NEON.PLA.D05.TREE.01224","TREE_045","TREE","D05",2015-08-11,"Live","small tree","Mostly shaded",130,NA,6.3,8.9,NA,NA,"Abies balsamea (L.) Mill.",NA,NA,"2015",12,"douglas","Abies balsamea (L.) Mill.","balsam fir","Pinaceae","tree","balsamea",0.608,"sw2",-2.2304,2.4435,"AbiesBelow0.35spg","conifer","Conifer",0.33,-2.3123,2.3482,1.87856,0.79034,NA,"Check",6.65506750036976,5.22036498403519,NA
"Abies","ABBA","NEON.PLA.D05.TREE.01224","TREE_045","TREE","D05",2017-10-19,"Live","small tree",NA,130,NA,8.7,9.9,NA,NA,"Abies balsamea (L.) Mill.",NA,NA,"2017",12,"douglas","Abies balsamea (L.) Mill.","balsam fir","Pinaceae","tree","balsamea",0.608,"sw2",-2.2304,2.4435,"AbiesBelow0.35spg","conifer","Conifer",0.33,-2.3123,2.3482,1.87856,0.79034,NA,"Check",8.63281792945512,6.70337967583604,NA
"Abies","ABBA","NEON.PLA.D05.TREE.00712","TREE_052","TREE","D05",2015-08-03,"Live","small tree","Mostly shaded",130,NA,2.7,1.8,NA,NA,"Abies balsamea (L.) Mill.",NA,NA,"2015",12,"douglas","Abies balsamea (L.) Mill.","balsam fir","Pinaceae","tree","balsamea",0.608,"sw2",-2.2304,2.4435,"AbiesBelow0.35spg","conifer","Conifer",0.33,-2.3123,2.3482,1.87856,0.79034,NA,"Check",0.133991222565366,0.122397951916805,NA
"Abies","ABBA","NEON.PLA.D05.TREE.01141","TREE_039","TREE","D05",2016-10-18,"Live","small tree",NA,130,NA,3,3.2,NA,NA,"Abies balsamea (L.) Mill.",NA,NA,"2016",12,"douglas","Abies balsamea (L.) Mill.","balsam fir","Pinaceae","tree","balsamea",0.608,"sw2",-2.2304,2.4435,"AbiesBelow0.35spg","conifer","Conifer",0.33,-2.3123,2.3482,1.87856,0.79034,NA,"Check",0.546577758828339,0.4726464860605,NA
"Abies","ABBA","NEON.PLA.D05.TREE.01141","TREE_039","TREE","D05",2019-10-23,"Live","small tree",NA,130,NA,2.7,4,NA,NA,"Abies balsamea (L.) Mill.",NA,NA,"2019",12,"douglas","Abies balsamea (L.) Mill.","balsam fir","Pinaceae","tree","balsamea",0.608,"sw2",-2.2304,2.4435,"AbiesBelow0.35spg","conifer","Conifer",0.33,-2.3123,2.3482,1.87856,0.79034,NA,"Check",0.942869467316505,0.798179420175993,NA
"Abies","ABBA","NEON.PLA.D05.TREE.02099","TREE_003","TREE","D05",2019-10-08,"Live","small tree",NA,130,NA,2,1.5,NA,NA,"Abies balsamea (L.) Mill.",NA,NA,"2019",12,"douglas","Abies balsamea (L.) Mill.","balsam fir","Pinaceae","tree","balsamea",0.608,"sw2",-2.2304,2.4435,"AbiesBelow0.35spg","conifer","Conifer",0.33,-2.3123,2.3482,1.87856,0.79034,NA,"Check",0.0858216727315645,0.0797702124793076,NA
"Abies","ABBA","NEON.PLA.D05.TREE.01216","TREE_039","TREE","D05",2015-08-11,"Live","single bole tree","Full shade",10,NA,1.5,3.2,NA,NA,"Abies balsamea (L.) Mill.",NA,NA,"2015",12,"douglas","Abies balsamea (L.) Mill.","balsam fir","Pinaceae","tree","balsamea",0.608,"sw2",-2.2304,2.4435,"AbiesBelow0.35spg","conifer","Conifer",0.33,-2.3123,2.3482,1.87856,0.79034,2.36141769907612,"Check",0.260115213959045,0.231540867539156,NA
"Abies","ABBA","NEON.PLA.D05.TREE.00069","TREE_054","TREE","D05",2021-09-20,"Live","single bole tree","Mostly shaded",130,NA,9.9,11.7,NA,39,"Abies balsamea (L.) Mill.",4.3,102.9,"2021",12,"douglas","Abies balsamea (L.) Mill.","balsam fir","Pinaceae","tree","balsamea",0.608,"sw2",-2.2304,2.4435,"AbiesBelow0.35spg","conifer","Conifer",0.33,-2.3123,2.3482,1.87856,0.79034,NA,"Check",43.7987524871117,31.9223540508798,NA
"Abies","ABBA","NEON.PLA.D05.TREE.00705","TREE_052","TREE","D05",2015-08-03,"Live","single bole tree","Mostly shaded",130,NA,9,10.2,NA,23,"Abies balsamea (L.) Mill.",10,53.5,"2015",12,"douglas","Abies balsamea (L.) Mill.","balsam fir","Pinaceae","tree","balsamea",0.608,"sw2",-2.2304,2.4435,"AbiesBelow0.35spg","conifer","Conifer",0.33,-2.3123,2.3482,1.87856,0.79034,NA,"Check",31.3230545820377,23.1300085243817,NA
"Abies","ABBA","NEON.PLA.D05.TREE.03597","TREE_002","TREE","D05",2018-05-07,"Live","single bole tree","Partially shaded",130,NA,12.9,16.3,NA,49,"Abies balsamea (L.) Mill.",3,110.8,"2018",12,"douglas","Abies balsamea (L.) Mill.","balsam fir","Pinaceae","tree","balsamea",0.608,"sw2",-2.2304,2.4435,"AbiesBelow0.35spg","conifer","Conifer",0.33,-2.3123,2.3482,1.87856,0.79034,NA,"Check",98.4759091336098,69.5408191572425,NA
"Abies","ABBA","NEON.PLA.D05.TREE.01378","TREE_039","TREE","D05",2015-08-11,"Live","sapling","Full shade",10,NA,1,1.8,NA,NA,"Abies balsamea (L.) Mill.",NA,NA,"2015",12,"douglas","Abies balsamea (L.) Mill.","balsam fir","Pinaceae","tree","balsamea",0.608,"sw2",-2.2304,2.4435,"AbiesBelow0.35spg","conifer","Conifer",0.33,-2.3123,2.3482,1.87856,0.79034,1.29814358285745,"Check",0.0602867783442535,0.0568129958331116,NA
"Abies","ABBA","NEON.PLA.D05.TREE.00099","TREE_050","TREE","D05",2015-07-29,"Standing dead","single bole tree","Full shade",130,NA,6.6,17.7,NA,39,"Abies balsamea (L.) Mill.",2.3,48.1,"2015",12,"douglas","Abies balsamea (L.) Mill.","balsam fir","Pinaceae","tree","balsamea",0.608,"sw2",-2.2304,2.4435,"AbiesBelow0.35spg","conifer","Conifer",0.33,-2.3123,2.3482,1.87856,0.79034,NA,"Check",120.440420721703,84.386251098989,NA
"Abies","ABBA","NEON.PLA.D05.TREE.00099","TREE_050","TREE","D05",2016-09-29,"Dead, broken bole","single bole tree",NA,130,NA,NA,17.2,NA,39,"Abies balsamea (L.) Mill.",2.3,48.1,"2016",12,"douglas","Abies balsamea (L.) Mill.","balsam fir","Pinaceae","tree","balsamea",0.608,"sw2",-2.2304,2.4435,"AbiesBelow0.35spg","conifer","Conifer",0.33,-2.3123,2.3482,1.87856,0.79034,NA,"Check",112.295757118691,78.8948706594141,NA
"Abies","ABBA","NEON.PLA.D05.TREE.00671","TREE_042","TREE","D05",2019-10-23,"Standing dead","single bole tree",NA,130,NA,8.2,15,NA,41,"Abies balsamea (L.) Mill.",3.5,115.4,"2019",12,"douglas","Abies balsamea (L.) Mill.","balsam fir","Pinaceae","tree","balsamea",0.608,"sw2",-2.2304,2.4435,"AbiesBelow0.35spg","conifer","Conifer",0.33,-2.3123,2.3482,1.87856,0.79034,NA,"Check",80.3764052755604,57.2108452237956,NA
"Abies","ABBA","NEON.PLA.D05.TREE.01329","TREE_045","TREE","D05",2015-08-11,"Live","sapling","Full shade",10,NA,0.6,1,NA,NA,"Abies balsamea (L.) Mill.",NA,NA,"2015",12,"douglas","Abies balsamea (L.) Mill.","balsam fir","Pinaceae","tree","balsamea",0.608,"sw2",-2.2304,2.4435,"AbiesBelow0.35spg","conifer","Conifer",0.33,-2.3123,2.3482,1.87856,0.79034,0.704469670267665,"Check",0.0135384677160223,0.0135236370729611,NA
"Abies","ABBA","NEON.PLA.D05.TREE.03648","TREE_004","TREE","D05",2018-05-02,"Dead, broken bole","single bole tree","Mostly shaded",130,NA,NA,16.5,NA,NA,"Abies balsamea (L.) Mill.",NA,NA,"2018",12,"douglas","Abies balsamea (L.) Mill.","balsam fir","Pinaceae","tree","balsamea",0.608,"sw2",-2.2304,2.4435,"AbiesBelow0.35spg","conifer","Conifer",0.33,-2.3123,2.3482,1.87856,0.79034,NA,"Check",101.454567835647,71.5610439108831,NA
"Abies","ABBA","NEON.PLA.D05.TREE.01237","TREE_047","TREE","D05",2018-08-28,"Live","small tree",NA,130,NA,5.1,9.8,NA,NA,"Abies balsamea (L.) Mill.",NA,NA,"2018",12,"douglas","Abies balsamea (L.) Mill.","balsam fir","Pinaceae","tree","balsamea",0.608,"sw2",-2.2304,2.4435,"AbiesBelow0.35spg","conifer","Conifer",0.33,-2.3123,2.3482,1.87856,0.79034,NA,"Check",8.42129535696905,6.5454622923648,NA
"Abies","ABBA","NEON.PLA.D05.TREE.01237","TREE_047","TREE","D05",2015-08-06,"Live","small tree","Mostly shaded",130,NA,4.4,9,NA,NA,"Abies balsamea (L.) Mill.",NA,NA,"2015",12,"douglas","Abies balsamea (L.) Mill.","balsam fir","Pinaceae","tree","balsamea",0.608,"sw2",-2.2304,2.4435,"AbiesBelow0.35spg","conifer","Conifer",0.33,-2.3123,2.3482,1.87856,0.79034,NA,"Check",6.83926694845384,5.35914509000433,NA
"Abies","ABBA","NEON.PLA.D05.TREE.00017","TREE_050","TREE","D05",2018-08-29,"Live","small tree",NA,130,NA,6.4,5.7,NA,NA,"Abies balsamea (L.) Mill.",NA,NA,"2018",12,"douglas","Abies balsamea (L.) Mill.","balsam fir","Pinaceae","tree","balsamea",0.608,"sw2",-2.2304,2.4435,"AbiesBelow0.35spg","conifer","Conifer",0.33,-2.3123,2.3482,1.87856,0.79034,NA,"Check",2.24025880718396,1.83353240732249,NA
"Abies","ABBA","NEON.PLA.D05.TREE.00269","TREE_050","TREE","D05",2017-08-30,"Live","small tree",NA,130,NA,2.8,2.9,NA,NA,"Abies balsamea (L.) Mill.",NA,NA,"2017",12,"douglas","Abies balsamea (L.) Mill.","balsam fir","Pinaceae","tree","balsamea",0.608,"sw2",-2.2304,2.4435,"AbiesBelow0.35spg","conifer","Conifer",0.33,-2.3123,2.3482,1.87856,0.79034,NA,"Check",0.429721904057558,0.37509928214444,NA
"Abies","ABBA","NEON.PLA.D05.TREE.00814","TREE_052","TREE","D05",2016-09-29,"Live","single bole tree",NA,130,NA,10,11,NA,39,"Abies balsamea (L.) Mill.",6.6,132.3,"2016",12,"douglas","Abies balsamea (L.) Mill.","balsam fir","Pinaceae","tree","balsamea",0.608,"sw2",-2.2304,2.4435,"AbiesBelow0.35spg","conifer","Conifer",0.33,-2.3123,2.3482,1.87856,0.79034,NA,"Check",37.6697392257646,27.617169967899,NA
"Abies","ABBA","NEON.PLA.D05.TREE.03790","TREE_005","TREE","D05",2017-10-31,"Live","small tree",NA,130,NA,3.3,3.2,NA,NA,"Abies balsamea (L.) Mill.",NA,NA,"2017",12,"douglas","Abies balsamea (L.) Mill.","balsam fir","Pinaceae","tree","balsamea",0.608,"sw2",-2.2304,2.4435,"AbiesBelow0.35spg","conifer","Conifer",0.33,-2.3123,2.3482,1.87856,0.79034,NA,"Check",0.546577758828339,0.4726464860605,NA
"Abies","ABBA","NEON.PLA.D05.TREE.02503","TREE_001","TREE","D05",2017-10-25,"Live","single bole tree","Mostly shaded",130,NA,13.3,13.7,NA,49,"Abies balsamea (L.) Mill.",4.1,164.6,"2017",12,"douglas","Abies balsamea (L.) Mill.","balsam fir","Pinaceae","tree","balsamea",0.608,"sw2",-2.2304,2.4435,"AbiesBelow0.35spg","conifer","Conifer",0.33,-2.3123,2.3482,1.87856,0.79034,NA,"Check",64.4059949156451,46.2410945274808,NA
"Abies","ABBA","NEON.PLA.D05.TREE.02229","TREE_015","TREE","D05",2019-10-24,"Live","single bole tree","Mostly shaded",130,NA,12.1,12.4,NA,51,"Abies balsamea (L.) Mill.",7.2,182.1,"2019",12,"douglas","Abies balsamea (L.) Mill.","balsam fir","Pinaceae","tree","balsamea",0.608,"sw2",-2.2304,2.4435,"AbiesBelow0.35spg","conifer","Conifer",0.33,-2.3123,2.3482,1.87856,0.79034,NA,"Check",50.4807124086711,36.5892637417449,NA
"Abies","ABBA","NEON.PLA.D05.TREE.01426","TREE_039","TREE","D05",2020-10-01,"Live","small tree","Mostly shaded",130,NA,3.6,4.3,NA,NA,"Abies balsamea (L.) Mill.",NA,NA,"2020",12,"douglas","Abies balsamea (L.) Mill.","balsam fir","Pinaceae","tree","balsamea",0.608,"sw2",-2.2304,2.4435,"AbiesBelow0.35spg","conifer","Conifer",0.33,-2.3123,2.3482,1.87856,0.79034,NA,"Check",1.12511821243684,0.945918853671002,NA
"Abies","ABBA","NEON.PLA.D05.TREE.00293","TREE_050","TREE","D05",2015-07-29,"Live","sapling","Full shade",10,NA,4.3,2,NA,NA,"Abies balsamea (L.) Mill.",NA,NA,"2015",12,"douglas","Abies balsamea (L.) Mill.","balsam fir","Pinaceae","tree","balsamea",0.608,"sw2",-2.2304,2.4435,"AbiesBelow0.35spg","conifer","Conifer",0.33,-2.3123,2.3482,1.87856,0.79034,1.44845965449022,"Check",0.0787939330018576,0.0734824570498855,NA
"Abies","ABBA","NEON.PLA.D05.TREE.00883","TREE_025","TREE","D05",2015-08-04,"Live","small tree","Mostly shaded",130,NA,5.4,6.1,NA,NA,"Abies balsamea (L.) Mill.",NA,NA,"2015",12,"douglas","Abies balsamea (L.) Mill.","balsam fir","Pinaceae","tree","balsamea",0.608,"sw2",-2.2304,2.4435,"AbiesBelow0.35spg","conifer","Conifer",0.33,-2.3123,2.3482,1.87856,0.79034,NA,"Check",2.6440607869953,2.15008075996871,NA
"Abies","ABBA","NEON.PLA.D05.TREE.00075","TREE_054","TREE","D05",2016-10-18,"Standing dead","small tree",NA,130,NA,4.1,3.3,NA,NA,"Abies balsamea (L.) Mill.",NA,NA,"2016",12,"douglas","Abies balsamea (L.) Mill.","balsam fir","Pinaceae","tree","balsamea",0.608,"sw2",-2.2304,2.4435,"AbiesBelow0.35spg","conifer","Conifer",0.33,-2.3123,2.3482,1.87856,0.79034,NA,"Check",0.589259775013663,0.508063139991196,NA
"Abies","ABBA","NEON.PLA.D05.TREE.00188","TREE_050","TREE","D05",2015-07-29,"Live","single bole tree","Mostly shaded",130,NA,5.4,10.5,NA,41,"Abies balsamea (L.) Mill.",10,301.6,"2015",12,"douglas","Abies balsamea (L.) Mill.","balsam fir","Pinaceae","tree","balsamea",0.608,"sw2",-2.2304,2.4435,"AbiesBelow0.35spg","conifer","Conifer",0.33,-2.3123,2.3482,1.87856,0.79034,NA,"Check",33.6221622691773,24.759255504112,NA
"Abies","ABBA","NEON.PLA.D05.TREE.00189","TREE_056","TREE","D05",2016-09-28,"Live","small tree",NA,130,NA,5.7,9.5,NA,41,"Abies balsamea (L.) Mill.",9.3,203,"2016",12,"douglas","Abies balsamea (L.) Mill.","balsam fir","Pinaceae","tree","balsamea",0.608,"sw2",-2.2304,2.4435,"AbiesBelow0.35spg","conifer","Conifer",0.33,-2.3123,2.3482,1.87856,0.79034,NA,"Check",7.80522834500789,6.08462509507786,NA
"Abies","ABBA","NEON.PLA.D05.TREE.00387","TREE_051","TREE","D05",2015-08-03,"Live","single bole tree","Mostly shaded",130,NA,7.8,10.1,NA,61,"Abies balsamea (L.) Mill.",8,234.8,"2015",12,"douglas","Abies balsamea (L.) Mill.","balsam fir","Pinaceae","tree","balsamea",0.608,"sw2",-2.2304,2.4435,"AbiesBelow0.35spg","conifer","Conifer",0.33,-2.3123,2.3482,1.87856,0.79034,NA,"Check",30.5779850789256,22.601034561274,NA
"Abies","ABBA","NEON.PLA.D05.TREE.01404","TREE_039","TREE","D05",2020-10-01,"Live","small tree","Full shade",130,NA,1.7,2.4,NA,NA,"Abies balsamea (L.) Mill.",NA,NA,"2020",12,"douglas","Abies balsamea (L.) Mill.","balsam fir","Pinaceae","tree","balsamea",0.608,"sw2",-2.2304,2.4435,"AbiesBelow0.35spg","conifer","Conifer",0.33,-2.3123,2.3482,1.87856,0.79034,NA,"Check",0.27062265635465,0.240522268978321,NA
"Abies","ABBA","NEON.PLA.D05.TREE.01060","TREE_047","TREE","D05",2016-10-19,"Live, physically damaged","small tree",NA,130,NA,6.2,7.1,NA,NA,"Abies balsamea (L.) Mill.",NA,NA,"2016",12,"douglas","Abies balsamea (L.) Mill.","balsam fir","Pinaceae","tree","balsamea",0.608,"sw2",-2.2304,2.4435,"AbiesBelow0.35spg","conifer","Conifer",0.33,-2.3123,2.3482,1.87856,0.79034,NA,"Check",3.83149054878416,3.07091721361445,NA
"Abies","ABBA","NEON.PLA.D05.TREE.01151","TREE_039","TREE","D05",2019-10-23,"Live","small tree",NA,130,NA,3.4,5,NA,NA,"Abies balsamea (L.) Mill.",NA,NA,"2019",12,"douglas","Abies balsamea (L.) Mill.","balsam fir","Pinaceae","tree","balsamea",0.608,"sw2",-2.2304,2.4435,"AbiesBelow0.35spg","conifer","Conifer",0.33,-2.3123,2.3482,1.87856,0.79034,NA,"Check",1.62648921958223,1.34792155571201,NA
"Abies","ABBA","NEON.PLA.D05.TREE.00265","TREE_054","TREE","D05",2016-10-18,"Live","single bole tree",NA,130,NA,7.7,12.1,NA,21,"Abies balsamea (L.) Mill.",6.1,12,"2016",12,"douglas","Abies balsamea (L.) Mill.","balsam fir","Pinaceae","tree","balsamea",0.608,"sw2",-2.2304,2.4435,"AbiesBelow0.35spg","conifer","Conifer",0.33,-2.3123,2.3482,1.87856,0.79034,NA,"Check",47.5483707006928,34.5443858596436,NA
"Abies","ABBA","NEON.PLA.D05.TREE.01391","TREE_043","TREE","D05",2018-10-15,"Live","single bole tree",NA,130,NA,6.5,10.3,NA,43,"Abies balsamea (L.) Mill.",4.3,339.6,"2018",12,"douglas","Abies balsamea (L.) Mill.","balsam fir","Pinaceae","tree","balsamea",0.608,"sw2",-2.2304,2.4435,"AbiesBelow0.35spg","conifer","Conifer",0.33,-2.3123,2.3482,1.87856,0.79034,NA,"Check",32.0787432909319,23.6660207273982,NA
"Abies","ABBA","NEON.PLA.D05.TREE.00077","TREE_050","TREE","D05",2015-07-29,"Live","small tree","Mostly shaded",130,NA,6.3,6.5,NA,NA,"Abies balsamea (L.) Mill.",NA,NA,"2015",12,"douglas","Abies balsamea (L.) Mill.","balsam fir","Pinaceae","tree","balsamea",0.608,"sw2",-2.2304,2.4435,"AbiesBelow0.35spg","conifer","Conifer",0.33,-2.3123,2.3482,1.87856,0.79034,NA,"Check",3.08796074246844,2.49589550220602,NA
"Abies","ABBA","NEON.PLA.D05.TREE.02513","TREE_001","TREE","D05",2019-10-07,"Live","single bole tree","Mostly shaded",130,NA,13.4,17,NA,31,"Abies balsamea (L.) Mill.",11.5,13.6,"2019",12,"douglas","Abies balsamea (L.) Mill.","balsam fir","Pinaceae","tree","balsamea",0.608,"sw2",-2.2304,2.4435,"AbiesBelow0.35spg","conifer","Conifer",0.33,-2.3123,2.3482,1.87856,0.79034,NA,"Check",109.131852396675,76.7575363024735,NA
"Abies","ABBA","NEON.PLA.D05.TREE.00078","TREE_050","TREE","D05",2018-08-29,"Live","small tree",NA,130,NA,4.5,4.8,NA,NA,"Abies balsamea (L.) Mill.",NA,NA,"2018",12,"douglas","Abies balsamea (L.) Mill.","balsam fir","Pinaceae","tree","balsamea",0.608,"sw2",-2.2304,2.4435,"AbiesBelow0.35spg","conifer","Conifer",0.33,-2.3123,2.3482,1.87856,0.79034,NA,"Check",1.47207842289968,1.22471187245523,NA
"Abies","ABBA","NEON.PLA.D05.TREE.01367","TREE_045","TREE","D05",2015-08-11,"Live","small tree","Full shade",130,NA,2.6,2.4,NA,NA,"Abies balsamea (L.) Mill.",NA,NA,"2015",12,"douglas","Abies balsamea (L.) Mill.","balsam fir","Pinaceae","tree","balsamea",0.608,"sw2",-2.2304,2.4435,"AbiesBelow0.35spg","conifer","Conifer",0.33,-2.3123,2.3482,1.87856,0.79034,NA,"Check",0.27062265635465,0.240522268978321,NA
"Abies","ABBA","NEON.PLA.D05.TREE.00760","TREE_052","TREE","D05",2015-08-03,"Live","small tree","Mostly shaded",130,NA,3.1,2.8,NA,NA,"Abies balsamea (L.) Mill.",NA,NA,"2015",12,"douglas","Abies balsamea (L.) Mill.","balsam fir","Pinaceae","tree","balsamea",0.608,"sw2",-2.2304,2.4435,"AbiesBelow0.35spg","conifer","Conifer",0.33,-2.3123,2.3482,1.87856,0.79034,NA,"Check",0.394410649743346,0.345429754183071,NA
"Abies","ABBA","NEON.PLA.D05.TREE.00351","TREE_054","TREE","D05",2018-10-09,"Live","small tree",NA,130,NA,5.2,4.6,NA,NA,"Abies balsamea (L.) Mill.",NA,NA,"2018",12,"douglas","Abies balsamea (L.) Mill.","balsam fir","Pinaceae","tree","balsamea",0.608,"sw2",-2.2304,2.4435,"AbiesBelow0.35spg","conifer","Conifer",0.33,-2.3123,2.3482,1.87856,0.79034,NA,"Check",1.32668172024424,1.10823329763597,NA
"Abies","ABBA","NEON.PLA.D05.TREE.00351","TREE_054","TREE","D05",2022-09-07,"Live","small tree","Full shade",130,NA,5.9,5.5,NA,NA,"Abies balsamea (L.) Mill.",NA,NA,"2022",12,"douglas","Abies balsamea (L.) Mill.","balsam fir","Pinaceae","tree","balsamea",0.608,"sw2",-2.2304,2.4435,"AbiesBelow0.35spg","conifer","Conifer",0.33,-2.3123,2.3482,1.87856,0.79034,NA,"Check",2.05302489326714,1.68602077559612,NA
"Abies","ABBA","NEON.PLA.D05.TREE.00856","TREE_025","TREE","D05",2018-10-17,"Live","small tree",NA,130,NA,2.1,1.1,NA,NA,"Abies balsamea (L.) Mill.",NA,NA,"2018",12,"douglas","Abies balsamea (L.) Mill.","balsam fir","Pinaceae","tree","balsamea",0.608,"sw2",-2.2304,2.4435,"AbiesBelow0.35spg","conifer","Conifer",0.33,-2.3123,2.3482,1.87856,0.79034,NA,"Check",0.0402217543896549,0.0385071660416609,NA
"Abies","ABBA","NEON.PLA.D05.TREE.00856","TREE_025","TREE","D05",2015-08-04,"Live","sapling","Full shade",10,NA,1.4,2.1,NA,NA,"Abies balsamea (L.) Mill.",NA,NA,"2015",12,"douglas","Abies balsamea (L.) Mill.","balsam fir","Pinaceae","tree","balsamea",0.608,"sw2",-2.2304,2.4435,"AbiesBelow0.35spg","conifer","Conifer",0.33,-2.3123,2.3482,1.87856,0.79034,1.52384700858481,"Check",0.0891939122235964,0.0827801429316602,NA
"Abies","ABBA","NEON.PLA.D05.TREE.01396","TREE_040","TREE","D05",2016-10-20,"Live","single bole tree",NA,130,NA,9,12.9,NA,43,"Abies balsamea (L.) Mill.",11.1,237.4,"2016",12,"douglas","Abies balsamea (L.) Mill.","balsam fir","Pinaceae","tree","balsamea",0.608,"sw2",-2.2304,2.4435,"AbiesBelow0.35spg","conifer","Conifer",0.33,-2.3123,2.3482,1.87856,0.79034,NA,"Check",55.60009641439,40.1483431304396,NA
"Abies","ABBA","NEON.PLA.D05.TREE.02497","TREE_015","TREE","D05",2019-10-24,"Live","small tree",NA,130,NA,2.6,3.6,NA,NA,"Abies balsamea (L.) Mill.",NA,NA,"2019",12,"douglas","Abies balsamea (L.) Mill.","balsam fir","Pinaceae","tree","balsamea",0.608,"sw2",-2.2304,2.4435,"AbiesBelow0.35spg","conifer","Conifer",0.33,-2.3123,2.3482,1.87856,0.79034,NA,"Check",0.72885836778549,0.623236366068985,NA
"Abies","ABBA","NEON.PLA.D05.TREE.01396","TREE_040","TREE","D05",2021-10-05,"Live","single bole tree","Partially shaded",130,NA,10,13.9,NA,43,"Abies balsamea (L.) Mill.",11.1,237.4,"2021",12,"douglas","Abies balsamea (L.) Mill.","balsam fir","Pinaceae","tree","balsamea",0.608,"sw2",-2.2304,2.4435,"AbiesBelow0.35spg","conifer","Conifer",0.33,-2.3123,2.3482,1.87856,0.79034,NA,"Check",66.7277148007724,47.8418784633076,NA
"Abies","ABBA","NEON.PLA.D05.TREE.01396","TREE_040","TREE","D05",2015-08-10,"Live","single bole tree","Partially shaded",130,NA,9.2,12.7,NA,43,"Abies balsamea (L.) Mill.",11.1,237.4,"2015",12,"douglas","Abies balsamea (L.) Mill.","balsam fir","Pinaceae","tree","balsamea",0.608,"sw2",-2.2304,2.4435,"AbiesBelow0.35spg","conifer","Conifer",0.33,-2.3123,2.3482,1.87856,0.79034,NA,"Check",53.5172735043246,38.7019428281509,NA
"Abies","ABBA","NEON.PLA.D05.TREE.00599","TREE_054","TREE","D05",2018-10-09,"Live","single bole tree",NA,130,NA,12,12.4,NA,21,"Abies balsamea (L.) Mill.",8.7,29.8,"2018",12,"douglas","Abies balsamea (L.) Mill.","balsam fir","Pinaceae","tree","balsamea",0.608,"sw2",-2.2304,2.4435,"AbiesBelow0.35spg","conifer","Conifer",0.33,-2.3123,2.3482,1.87856,0.79034,NA,"Check",50.4807124086711,36.5892637417449,NA
"Abies","ABBA","NEON.PLA.D05.TREE.02251","TREE_006","TREE","D05",2018-05-02,"Dead, broken bole","small tree",NA,130,NA,NA,1.1,NA,NA,"Abies balsamea (L.) Mill.",NA,NA,"2018",12,"douglas","Abies balsamea (L.) Mill.","balsam fir","Pinaceae","tree","balsamea",0.608,"sw2",-2.2304,2.4435,"AbiesBelow0.35spg","conifer","Conifer",0.33,-2.3123,2.3482,1.87856,0.79034,NA,"Check",0.0402217543896549,0.0385071660416609,NA
"Abies","ABBA","NEON.PLA.D05.TREE.00269","TREE_050","TREE","D05",2021-10-06,"Standing dead","small tree","Full shade",130,NA,2.4,1.9,NA,NA,"Abies balsamea (L.) Mill.",NA,NA,"2021",12,"douglas","Abies balsamea (L.) Mill.","balsam fir","Pinaceae","tree","balsamea",0.608,"sw2",-2.2304,2.4435,"AbiesBelow0.35spg","conifer","Conifer",0.33,-2.3123,2.3482,1.87856,0.79034,NA,"Check",0.152915816304829,0.138967248938305,NA
"Abies","ABBA","NEON.PLA.D05.TREE.00302","TREE_054","TREE","D05",2016-10-18,"Live","single bole tree",NA,130,NA,10.1,10.7,NA,23,"Abies balsamea (L.) Mill.",4.9,295.4,"2016",12,"douglas","Abies balsamea (L.) Mill.","balsam fir","Pinaceae","tree","balsamea",0.608,"sw2",-2.2304,2.4435,"AbiesBelow0.35spg","conifer","Conifer",0.33,-2.3123,2.3482,1.87856,0.79034,NA,"Check",35.2086074406931,25.8809286967081,NA
"Abies","ABBA","NEON.PLA.D05.TREE.02254","TREE_006","TREE","D05",2018-05-02,"Standing dead","small tree",NA,130,NA,NA,1.1,NA,NA,"Abies balsamea (L.) Mill.",NA,NA,"2018",12,"douglas","Abies balsamea (L.) Mill.","balsam fir","Pinaceae","tree","balsamea",0.608,"sw2",-2.2304,2.4435,"AbiesBelow0.35spg","conifer","Conifer",0.33,-2.3123,2.3482,1.87856,0.79034,NA,"Check",0.0402217543896549,0.0385071660416609,NA
"Abies","ABBA","NEON.PLA.D05.TREE.00272","TREE_050","TREE","D05",2018-08-29,"Live","small tree",NA,130,NA,1.8,1.3,NA,NA,"Abies balsamea (L.) Mill.",NA,NA,"2018",12,"douglas","Abies balsamea (L.) Mill.","balsam fir","Pinaceae","tree","balsamea",0.608,"sw2",-2.2304,2.4435,"AbiesBelow0.35spg","conifer","Conifer",0.33,-2.3123,2.3482,1.87856,0.79034,NA,"Check",0.060497658336138,0.0570039609933637,NA
"Abies","ABBA","NEON.PLA.D05.TREE.00110","TREE_050","TREE","D05",2016-09-29,"Live","single bole tree",NA,130,NA,14.6,14.7,NA,39,"Abies balsamea (L.) Mill.",8.2,65.1,"2016",12,"douglas","Abies balsamea (L.) Mill.","balsam fir","Pinaceae","tree","balsamea",0.608,"sw2",-2.2304,2.4435,"AbiesBelow0.35spg","conifer","Conifer",0.33,-2.3123,2.3482,1.87856,0.79034,NA,"Check",76.5049428423031,54.560134838114,NA
"Abies","ABBA","NEON.PLA.D05.TREE.00272","TREE_050","TREE","D05",2015-07-29,"Live","sapling","Full shade",10,NA,1.1,1.5,NA,NA,"Abies balsamea (L.) Mill.",NA,NA,"2015",12,"douglas","Abies balsamea (L.) Mill.","balsam fir","Pinaceae","tree","balsamea",0.608,"sw2",-2.2304,2.4435,"AbiesBelow0.35spg","conifer","Conifer",0.33,-2.3123,2.3482,1.87856,0.79034,1.07394332059371,"Check",0.0379333274278359,0.0363993549036406,NA
"Abies","ABBA","NEON.PLA.D05.TREE.03464","TREE_015","TREE","D05",2018-05-08,"Live","single bole tree","Mostly shaded",130,NA,10.8,11.5,NA,NA,"Abies balsamea (L.) Mill.",NA,NA,"2018",12,"douglas","Abies balsamea (L.) Mill.","balsam fir","Pinaceae","tree","balsamea",0.608,"sw2",-2.2304,2.4435,"AbiesBelow0.35spg","conifer","Conifer",0.33,-2.3123,2.3482,1.87856,0.79034,NA,"Check",41.99182602644,30.6557212360055,NA
"Abies","ABBA","NEON.PLA.D05.TREE.00477","TREE_025","TREE","D05",2016-10-18,"Live","small tree",NA,130,NA,3.8,4.8,NA,NA,"Abies balsamea (L.) Mill.",NA,NA,"2016",12,"douglas","Abies balsamea (L.) Mill.","balsam fir","Pinaceae","tree","balsamea",0.608,"sw2",-2.2304,2.4435,"AbiesBelow0.35spg","conifer","Conifer",0.33,-2.3123,2.3482,1.87856,0.79034,NA,"Check",1.47207842289968,1.22471187245523,NA
"Abies","ABBA","NEON.PLA.D05.TREE.00303","TREE_054","TREE","D05",2021-09-20,"Live","single bole tree","Partially shaded",130,NA,14,21,NA,23,"Abies balsamea (L.) Mill.",11,296,"2021",12,"douglas","Abies balsamea (L.) Mill.","balsam fir","Pinaceae","tree","balsamea",0.608,"sw2",-2.2304,2.4435,"AbiesBelow0.35spg","conifer","Conifer",0.33,-2.3123,2.3482,1.87856,0.79034,NA,"Check",182.891041993266,126.071296008652,NA
"Abies","ABBA","NEON.PLA.D05.TREE.02686","TREE_023","TREE","D05",2018-05-08,"Live","single bole tree","Mostly shaded",130,NA,11.7,12.1,NA,49,"Abies balsamea (L.) Mill.",12.1,155.2,"2018",12,"douglas","Abies balsamea (L.) Mill.","balsam fir","Pinaceae","tree","balsamea",0.608,"sw2",-2.2304,2.4435,"AbiesBelow0.35spg","conifer","Conifer",0.33,-2.3123,2.3482,1.87856,0.79034,NA,"Check",47.5483707006928,34.5443858596436,NA
"Abies","ABBA","NEON.PLA.D05.TREE.00478","TREE_025","TREE","D05",2017-10-18,"Standing dead","small tree",NA,130,NA,5.1,5.3,NA,NA,"Abies balsamea (L.) Mill.",NA,NA,"2017",12,"douglas","Abies balsamea (L.) Mill.","balsam fir","Pinaceae","tree","balsamea",0.608,"sw2",-2.2304,2.4435,"AbiesBelow0.35spg","conifer","Conifer",0.33,-2.3123,2.3482,1.87856,0.79034,NA,"Check",1.87536614168729,1.54556705323716,NA
"Abies","ABBA","NEON.PLA.D05.TREE.00601","TREE_042","TREE","D05",2015-07-27,"Live","sapling","Full shade",10,NA,1.5,2.3,NA,NA,"Abies balsamea (L.) Mill.",NA,NA,"2015",12,"douglas","Abies balsamea (L.) Mill.","balsam fir","Pinaceae","tree","balsamea",0.608,"sw2",-2.2304,2.4435,"AbiesBelow0.35spg","conifer","Conifer",0.33,-2.3123,2.3482,1.87856,0.79034,1.67504582989061,"Check",0.112389880720699,0.103371956746037,NA
"Abies","ABBA","NEON.PLA.D05.TREE.02189","TREE_016","TREE","D05",2019-10-30,"Standing dead","single bole tree","Partially shaded",130,NA,8.6,11.8,NA,33,"Abies balsamea (L.) Mill.",9.2,339.9,"2019",12,"douglas","Abies balsamea (L.) Mill.","balsam fir","Pinaceae","tree","balsamea",0.608,"sw2",-2.2304,2.4435,"AbiesBelow0.35spg","conifer","Conifer",0.33,-2.3123,2.3482,1.87856,0.79034,NA,"Check",44.719122436928,32.5667334095466,NA
"Abies","ABBA","NEON.PLA.D05.TREE.00530","TREE_053","TREE","D05",2018-10-09,"Live","small tree",NA,130,NA,2.9,3.2,NA,NA,"Abies balsamea (L.) Mill.",NA,NA,"2018",12,"douglas","Abies balsamea (L.) Mill.","balsam fir","Pinaceae","tree","balsamea",0.608,"sw2",-2.2304,2.4435,"AbiesBelow0.35spg","conifer","Conifer",0.33,-2.3123,2.3482,1.87856,0.79034,NA,"Check",0.546577758828339,0.4726464860605,NA
"Abies","ABBA","NEON.PLA.D05.TREE.02462","TREE_023","TREE","D05",2019-11-04,"Standing dead","small tree",NA,130,NA,8.1,8.1,NA,NA,"Abies balsamea (L.) Mill.",NA,NA,"2019",12,"douglas","Abies balsamea (L.) Mill.","balsam fir","Pinaceae","tree","balsamea",0.608,"sw2",-2.2304,2.4435,"AbiesBelow0.35spg","conifer","Conifer",0.33,-2.3123,2.3482,1.87856,0.79034,NA,"Check",5.2869003798444,4.18454050142547,NA
"Abies","ABBA","NEON.PLA.D05.TREE.02462","TREE_023","TREE","D05",2018-05-08,"Standing dead","small tree",NA,130,NA,7.5,7.3,NA,NA,"Abies balsamea (L.) Mill.",NA,NA,"2018",12,"douglas","Abies balsamea (L.) Mill.","balsam fir","Pinaceae","tree","balsamea",0.608,"sw2",-2.2304,2.4435,"AbiesBelow0.35spg","conifer","Conifer",0.33,-2.3123,2.3482,1.87856,0.79034,NA,"Check",4.10059985705231,3.27791731592345,NA
"Abies","ABBA","NEON.PLA.D05.TREE.00530","TREE_053","TREE","D05",2016-09-27,"Live","small tree",NA,130,NA,2.2,1.9,NA,NA,"Abies balsamea (L.) Mill.",NA,NA,"2016",12,"douglas","Abies balsamea (L.) Mill.","balsam fir","Pinaceae","tree","balsamea",0.608,"sw2",-2.2304,2.4435,"AbiesBelow0.35spg","conifer","Conifer",0.33,-2.3123,2.3482,1.87856,0.79034,NA,"Check",0.152915816304829,0.138967248938305,NA
"Abies","ABBA","NEON.PLA.D05.TREE.00189","TREE_056","TREE","D05",2017-09-25,"Live","small tree",NA,130,NA,6,9,NA,41,"Abies balsamea (L.) Mill.",9.3,203,"2017",12,"douglas","Abies balsamea (L.) Mill.","balsam fir","Pinaceae","tree","balsamea",0.608,"sw2",-2.2304,2.4435,"AbiesBelow0.35spg","conifer","Conifer",0.33,-2.3123,2.3482,1.87856,0.79034,NA,"Check",6.83926694845384,5.35914509000433,NA
"Abies","ABBA","NEON.PLA.D05.TREE.00132","TREE_050","TREE","D05",2015-07-29,"Live","single bole tree","Partially shaded",130,NA,12.8,15,NA,39,"Abies balsamea (L.) Mill.",8.8,81.6,"2015",12,"douglas","Abies balsamea (L.) Mill.","balsam fir","Pinaceae","tree","balsamea",0.608,"sw2",-2.2304,2.4435,"AbiesBelow0.35spg","conifer","Conifer",0.33,-2.3123,2.3482,1.87856,0.79034,NA,"Check",80.3764052755604,57.2108452237956,NA
"Abies","ABBA","NEON.PLA.D05.TREE.01495","TREE_041","TREE","D05",2021-09-20,"Live","small tree","Full shade",130,NA,3.6,3.3,NA,NA,"Abies balsamea (L.) Mill.",NA,NA,"2021",12,"douglas","Abies balsamea (L.) Mill.","balsam fir","Pinaceae","tree","balsamea",0.608,"sw2",-2.2304,2.4435,"AbiesBelow0.35spg","conifer","Conifer",0.33,-2.3123,2.3482,1.87856,0.79034,NA,"Check",0.589259775013663,0.508063139991196,NA
"Abies","ABBA","NEON.PLA.D05.TREE.02693","TREE_023","TREE","D05",2019-11-04,"Live","single bole tree","Mostly shaded",130,NA,7.6,11.3,NA,33,"Abies balsamea (L.) Mill.",6.2,310.5,"2019",12,"douglas","Abies balsamea (L.) Mill.","balsam fir","Pinaceae","tree","balsamea",0.608,"sw2",-2.2304,2.4435,"AbiesBelow0.35spg","conifer","Conifer",0.33,-2.3123,2.3482,1.87856,0.79034,NA,"Check",40.2296972434736,29.4184421156933,NA
"Abies","ABBA","NEON.PLA.D05.TREE.00062","TREE_050","TREE","D05",2017-08-30,"Standing dead","small tree",NA,130,NA,8.7,6.8,NA,NA,"Abies balsamea (L.) Mill.",NA,NA,"2017",12,"douglas","Abies balsamea (L.) Mill.","balsam fir","Pinaceae","tree","balsamea",0.608,"sw2",-2.2304,2.4435,"AbiesBelow0.35spg","conifer","Conifer",0.33,-2.3123,2.3482,1.87856,0.79034,NA,"Check",3.44789087237833,2.77485748647116,NA
"Abies","ABBA","NEON.PLA.D05.TREE.00044","TREE_050","TREE","D05",2015-07-29,"Live","single bole tree","Mostly shaded",130,NA,11.8,13.8,NA,39,"Abies balsamea (L.) Mill.",5,56.3,"2015",12,"douglas","Abies balsamea (L.) Mill.","balsam fir","Pinaceae","tree","balsamea",0.608,"sw2",-2.2304,2.4435,"AbiesBelow0.35spg","conifer","Conifer",0.33,-2.3123,2.3482,1.87856,0.79034,NA,"Check",65.5607835171622,47.0375767745749,NA
"Abies","ABBA","NEON.PLA.D05.TREE.00865","TREE_052","TREE","D05",2018-08-29,"Live","single bole tree",NA,160,NA,10.8,13.1,NA,25,"Abies balsamea (L.) Mill.",9.7,358.6,"2018",12,"douglas","Abies balsamea (L.) Mill.","balsam fir","Pinaceae","tree","balsamea",0.608,"sw2",-2.2304,2.4435,"AbiesBelow0.35spg","conifer","Conifer",0.33,-2.3123,2.3482,1.87856,0.79034,NA,"Check",57.7300586212782,41.6252951502566,NA
"Abies","ABBA","NEON.PLA.D05.TREE.00865","TREE_052","TREE","D05",2017-09-26,"Live","single bole tree",NA,160,NA,10.6,13,NA,25,"Abies balsamea (L.) Mill.",9.7,358.6,"2017",12,"douglas","Abies balsamea (L.) Mill.","balsam fir","Pinaceae","tree","balsamea",0.608,"sw2",-2.2304,2.4435,"AbiesBelow0.35spg","conifer","Conifer",0.33,-2.3123,2.3482,1.87856,0.79034,NA,"Check",56.659164869195,40.882989880221,NA
"Abies","ABBA","NEON.PLA.D05.TREE.00351","TREE_054","TREE","D05",2016-10-18,"Live","small tree",NA,130,NA,4.3,4.1,NA,NA,"Abies balsamea (L.) Mill.",NA,NA,"2016",12,"douglas","Abies balsamea (L.) Mill.","balsam fir","Pinaceae","tree","balsamea",0.608,"sw2",-2.2304,2.4435,"AbiesBelow0.35spg","conifer","Conifer",0.33,-2.3123,2.3482,1.87856,0.79034,NA,"Check",1.00151010922083,0.845828484771519,NA
"Abies","ABBA","NEON.PLA.D05.TREE.00671","TREE_042","TREE","D05",2020-10-06,"Standing dead","single bole tree","Mostly shaded",130,NA,9.4,14.6,NA,41,"Abies balsamea (L.) Mill.",3.5,115.4,"2020",12,"douglas","Abies balsamea (L.) Mill.","balsam fir","Pinaceae","tree","balsamea",0.608,"sw2",-2.2304,2.4435,"AbiesBelow0.35spg","conifer","Conifer",0.33,-2.3123,2.3482,1.87856,0.79034,NA,"Check",75.2394809195664,53.6925766069343,NA
"Abies","ABBA","NEON.PLA.D05.TREE.00671","TREE_042","TREE","D05",2015-07-27,"Live","single bole tree","Mostly shaded",130,NA,8.2,15.2,NA,41,"Abies balsamea (L.) Mill.",3.5,115.4,"2015",12,"douglas","Abies balsamea (L.) Mill.","balsam fir","Pinaceae","tree","balsamea",0.608,"sw2",-2.2304,2.4435,"AbiesBelow0.35spg","conifer","Conifer",0.33,-2.3123,2.3482,1.87856,0.79034,NA,"Check",83.0203184098759,59.0182031143384,NA
"Abies","ABBA","NEON.PLA.D05.TREE.01157","TREE_045","TREE","D05",2018-10-17,"Live","small tree",NA,130,NA,2,1.3,NA,NA,"Abies balsamea (L.) Mill.",NA,NA,"2018",12,"douglas","Abies balsamea (L.) Mill.","balsam fir","Pinaceae","tree","balsamea",0.608,"sw2",-2.2304,2.4435,"AbiesBelow0.35spg","conifer","Conifer",0.33,-2.3123,2.3482,1.87856,0.79034,NA,"Check",0.060497658336138,0.0570039609933637,NA
"Abies","ABBA","NEON.PLA.D05.TREE.00035","TREE_046","TREE","D05",2017-09-25,"Live","small tree",NA,130,NA,1.8,1.5,NA,NA,"Abies balsamea (L.) Mill.",NA,NA,"2017",12,"douglas","Abies balsamea (L.) Mill.","balsam fir","Pinaceae","tree","balsamea",0.608,"sw2",-2.2304,2.4435,"AbiesBelow0.35spg","conifer","Conifer",0.33,-2.3123,2.3482,1.87856,0.79034,NA,"Check",0.0858216727315645,0.0797702124793076,NA
"Abies","ABBA","NEON.PLA.D05.TREE.00658","TREE_056","TREE","D05",2017-09-25,"Live","small tree",NA,130,NA,5.3,8.7,NA,23,"Abies balsamea (L.) Mill.",10.4,284.1,"2017",12,"douglas","Abies balsamea (L.) Mill.","balsam fir","Pinaceae","tree","balsamea",0.608,"sw2",-2.2304,2.4435,"AbiesBelow0.35spg","conifer","Conifer",0.33,-2.3123,2.3482,1.87856,0.79034,NA,"Check",6.29554419855261,4.94905594684807,NA
"Abies","ABBA","NEON.PLA.D05.TREE.00392","TREE_051","TREE","D05",2015-08-03,"Live","sapling","Full shade",10,NA,0.7,2.4,NA,NA,"Abies balsamea (L.) Mill.",NA,NA,"2015",12,"douglas","Abies balsamea (L.) Mill.","balsam fir","Pinaceae","tree","balsamea",0.608,"sw2",-2.2304,2.4435,"AbiesBelow0.35spg","conifer","Conifer",0.33,-2.3123,2.3482,1.87856,0.79034,1.75084529085287,"Check",0.125225828996725,0.114693200943635,NA
"Abies","ABBA","NEON.PLA.D05.TREE.02700","TREE_023","TREE","D05",2019-11-04,"Live","single bole tree","Partially shaded",130,NA,12.4,17.3,NA,31,"Abies balsamea (L.) Mill.",1.3,85.6,"2019",12,"douglas","Abies balsamea (L.) Mill.","balsam fir","Pinaceae","tree","balsamea",0.608,"sw2",-2.2304,2.4435,"AbiesBelow0.35spg","conifer","Conifer",0.33,-2.3123,2.3482,1.87856,0.79034,NA,"Check",113.897775095855,79.9761933155165,NA
"Abies","ABBA","NEON.PLA.D05.TREE.00222","TREE_057","TREE","D05",2018-10-16,"Live","small tree",NA,130,NA,5.9,6.4,NA,NA,"Abies balsamea (L.) Mill.",NA,NA,"2018",12,"douglas","Abies balsamea (L.) Mill.","balsam fir","Pinaceae","tree","balsamea",0.608,"sw2",-2.2304,2.4435,"AbiesBelow0.35spg","conifer","Conifer",0.33,-2.3123,2.3482,1.87856,0.79034,NA,"Check",2.9731632083074,2.4066618255822,NA
"Abies","ABBA","NEON.PLA.D05.TREE.00608","TREE_054","TREE","D05",2017-08-30,"Live","single bole tree",NA,130,NA,10.7,16.7,NA,23,"Abies balsamea (L.) Mill.",2.6,344,"2017",12,"douglas","Abies balsamea (L.) Mill.","balsam fir","Pinaceae","tree","balsamea",0.608,"sw2",-2.2304,2.4435,"AbiesBelow0.35spg","conifer","Conifer",0.33,-2.3123,2.3482,1.87856,0.79034,NA,"Check",104.485803020185,73.6145543089778,NA
"Abies","ABBA","NEON.PLA.D05.TREE.00187","TREE_050","TREE","D05",2018-08-29,"Dead, broken bole","single bole tree",NA,130,NA,9.4,17.7,NA,39,"Abies balsamea (L.) Mill.",8,31.8,"2018",12,"douglas","Abies balsamea (L.) Mill.","balsam fir","Pinaceae","tree","balsamea",0.608,"sw2",-2.2304,2.4435,"AbiesBelow0.35spg","conifer","Conifer",0.33,-2.3123,2.3482,1.87856,0.79034,NA,"Check",120.440420721703,84.386251098989,NA
"Abies","ABBA","NEON.PLA.D05.TREE.00608","TREE_054","TREE","D05",2015-07-30,"Live","single bole tree","Partially shaded",130,NA,16,16.3,NA,23,"Abies balsamea (L.) Mill.",2.6,344,"2015",12,"douglas","Abies balsamea (L.) Mill.","balsam fir","Pinaceae","tree","balsamea",0.608,"sw2",-2.2304,2.4435,"AbiesBelow0.35spg","conifer","Conifer",0.33,-2.3123,2.3482,1.87856,0.79034,NA,"Check",98.4759091336098,69.5408191572425,NA
"Abies","ABBA","NEON.PLA.D05.TREE.00608","TREE_054","TREE","D05",2018-10-09,"Live","single bole tree",NA,130,NA,11.7,17.1,NA,23,"Abies balsamea (L.) Mill.",2.6,344,"2018",12,"douglas","Abies balsamea (L.) Mill.","balsam fir","Pinaceae","tree","balsamea",0.608,"sw2",-2.2304,2.4435,"AbiesBelow0.35spg","conifer","Conifer",0.33,-2.3123,2.3482,1.87856,0.79034,NA,"Check",110.707127745127,77.8219906964322,NA
"Abies","ABBA","NEON.PLA.D05.TREE.00609","TREE_039","TREE","D05",2018-10-17,"Live","single bole tree",NA,130,NA,10.8,11,NA,59,"Abies balsamea (L.) Mill.",7.6,134.7,"2018",12,"douglas","Abies balsamea (L.) Mill.","balsam fir","Pinaceae","tree","balsamea",0.608,"sw2",-2.2304,2.4435,"AbiesBelow0.35spg","conifer","Conifer",0.33,-2.3123,2.3482,1.87856,0.79034,NA,"Check",37.6697392257646,27.617169967899,NA
"Abies","ABBA","NEON.PLA.D05.TREE.00981","TREE_039","TREE","D05",2017-10-17,"Standing dead","small tree",NA,130,NA,2.9,2.3,NA,NA,"Abies balsamea (L.) Mill.",NA,NA,"2017",12,"douglas","Abies balsamea (L.) Mill.","balsam fir","Pinaceae","tree","balsamea",0.608,"sw2",-2.2304,2.4435,"AbiesBelow0.35spg","conifer","Conifer",0.33,-2.3123,2.3482,1.87856,0.79034,NA,"Check",0.243893345411884,0.217646936638539,NA
"Abies","ABBA","NEON.PLA.D05.TREE.00981","TREE_039","TREE","D05",2019-10-23,"Standing dead","small tree",NA,130,NA,3,1.9,NA,NA,"Abies balsamea (L.) Mill.",NA,NA,"2019",12,"douglas","Abies balsamea (L.) Mill.","balsam fir","Pinaceae","tree","balsamea",0.608,"sw2",-2.2304,2.4435,"AbiesBelow0.35spg","conifer","Conifer",0.33,-2.3123,2.3482,1.87856,0.79034,NA,"Check",0.152915816304829,0.138967248938305,NA
"Abies","ABBA","NEON.PLA.D05.TREE.00283","TREE_054","TREE","D05",2021-09-20,"Live","single bole tree","Mostly shaded",130,NA,9.9,14.6,NA,61,"Abies balsamea (L.) Mill.",6.3,247.4,"2021",12,"douglas","Abies balsamea (L.) Mill.","balsam fir","Pinaceae","tree","balsamea",0.608,"sw2",-2.2304,2.4435,"AbiesBelow0.35spg","conifer","Conifer",0.33,-2.3123,2.3482,1.87856,0.79034,NA,"Check",75.2394809195664,53.6925766069343,NA
"Abies","ABBA","NEON.PLA.D05.TREE.00367","TREE_054","TREE","D05",2015-07-30,"Live","single bole tree","Mostly shaded",130,NA,8.1,10.4,NA,41,"Abies balsamea (L.) Mill.",9,74.5,"2015",12,"douglas","Abies balsamea (L.) Mill.","balsam fir","Pinaceae","tree","balsamea",0.608,"sw2",-2.2304,2.4435,"AbiesBelow0.35spg","conifer","Conifer",0.33,-2.3123,2.3482,1.87856,0.79034,NA,"Check",32.845097253419,24.2090951208349,NA
"Abies","ABBA","NEON.PLA.D05.TREE.00367","TREE_054","TREE","D05",2016-10-18,"Live","single bole tree",NA,130,NA,9,10.4,NA,41,"Abies balsamea (L.) Mill.",9,74.5,"2016",12,"douglas","Abies balsamea (L.) Mill.","balsam fir","Pinaceae","tree","balsamea",0.608,"sw2",-2.2304,2.4435,"AbiesBelow0.35spg","conifer","Conifer",0.33,-2.3123,2.3482,1.87856,0.79034,NA,"Check",32.845097253419,24.2090951208349,NA
"Abies","ABBA","NEON.PLA.D05.TREE.00216","TREE_050","TREE","D05",2017-08-30,"Live","small tree",NA,130,NA,10,9.8,NA,41,"Abies balsamea (L.) Mill.",3.3,42.2,"2017",12,"douglas","Abies balsamea (L.) Mill.","balsam fir","Pinaceae","tree","balsamea",0.608,"sw2",-2.2304,2.4435,"AbiesBelow0.35spg","conifer","Conifer",0.33,-2.3123,2.3482,1.87856,0.79034,NA,"Check",8.42129535696905,6.5454622923648,NA
"Abies","ABBA","NEON.PLA.D05.TREE.01473","TREE_039","TREE","D05",2018-10-17,"Live","single bole tree",NA,130,NA,13.2,12.6,NA,59,"Abies balsamea (L.) Mill.",6.7,119.2,"2018",12,"douglas","Abies balsamea (L.) Mill.","balsam fir","Pinaceae","tree","balsamea",0.608,"sw2",-2.2304,2.4435,"AbiesBelow0.35spg","conifer","Conifer",0.33,-2.3123,2.3482,1.87856,0.79034,NA,"Check",52.4934376638088,37.990147832116,NA
"Abies","ABBA","NEON.PLA.D05.TREE.01361","TREE_045","TREE","D05",2016-10-18,"Live","small tree",NA,140,NA,2.6,3.3,NA,NA,"Abies balsamea (L.) Mill.",NA,NA,"2016",12,"douglas","Abies balsamea (L.) Mill.","balsam fir","Pinaceae","tree","balsamea",0.608,"sw2",-2.2304,2.4435,"AbiesBelow0.35spg","conifer","Conifer",0.33,-2.3123,2.3482,1.87856,0.79034,NA,"Check",0.589259775013663,0.508063139991196,NA
"Abies","ABBA","NEON.PLA.D05.TREE.00397","TREE_054","TREE","D05",2016-10-18,"Live,  other damage","small tree",NA,130,NA,3.8,2.6,NA,NA,"Abies balsamea (L.) Mill.",NA,NA,"2016",12,"douglas","Abies balsamea (L.) Mill.","balsam fir","Pinaceae","tree","balsamea",0.608,"sw2",-2.2304,2.4435,"AbiesBelow0.35spg","conifer","Conifer",0.33,-2.3123,2.3482,1.87856,0.79034,NA,"Check",0.329082932937723,0.290257646837017,NA
"Abies","ABBA","NEON.PLA.D05.TREE.00097","TREE_056","TREE","D05",2018-10-09,"Live","small tree",NA,130,NA,4.9,5.8,NA,NA,"Abies balsamea (L.) Mill.",NA,NA,"2018",12,"douglas","Abies balsamea (L.) Mill.","balsam fir","Pinaceae","tree","balsamea",0.608,"sw2",-2.2304,2.4435,"AbiesBelow0.35spg","conifer","Conifer",0.33,-2.3123,2.3482,1.87856,0.79034,NA,"Check",2.33751435054092,1.90996262484592,NA
"Abies","ABBA","NEON.PLA.D05.TREE.00676","TREE_051","TREE","D05",2017-09-26,"Live","single bole tree",NA,130,NA,13,20.5,NA,41,"Abies balsamea (L.) Mill.",10,337.1,"2017",12,"douglas","Abies balsamea (L.) Mill.","balsam fir","Pinaceae","tree","balsamea",0.608,"sw2",-2.2304,2.4435,"AbiesBelow0.35spg","conifer","Conifer",0.33,-2.3123,2.3482,1.87856,0.79034,NA,"Check",172.43290586342,119.13552583417,NA
"Abies","ABBA","NEON.PLA.D05.TREE.03498","TREE_054","TREE","D05",2017-08-30,"Live","small tree",NA,130,NA,4.2,3.7,NA,NA,"Abies balsamea (L.) Mill.",NA,NA,"2017",12,"douglas","Abies balsamea (L.) Mill.","balsam fir","Pinaceae","tree","balsamea",0.608,"sw2",-2.2304,2.4435,"AbiesBelow0.35spg","conifer","Conifer",0.33,-2.3123,2.3482,1.87856,0.79034,NA,"Check",0.779325516912421,0.664652347214408,NA
"Abies","ABBA","NEON.PLA.D05.TREE.00316","TREE_054","TREE","D05",2016-10-18,"Live","single bole tree",NA,130,NA,11.3,13.7,NA,23,"Abies balsamea (L.) Mill.",5.1,276.5,"2016",12,"douglas","Abies balsamea (L.) Mill.","balsam fir","Pinaceae","tree","balsamea",0.608,"sw2",-2.2304,2.4435,"AbiesBelow0.35spg","conifer","Conifer",0.33,-2.3123,2.3482,1.87856,0.79034,NA,"Check",64.4059949156451,46.2410945274808,NA
"Abies","ABBA","NEON.PLA.D05.TREE.00359","TREE_054","TREE","D05",2015-07-30,"Live, physically damaged","sapling","Full shade",10,NA,0.9,1.4,NA,NA,"Abies balsamea (L.) Mill.",NA,NA,"2015",12,"douglas","Abies balsamea (L.) Mill.","balsam fir","Pinaceae","tree","balsamea",0.608,"sw2",-2.2304,2.4435,"AbiesBelow0.35spg","conifer","Conifer",0.33,-2.3123,2.3482,1.87856,0.79034,0.999590927277837,"Check",0.031833455775851,0.0307557266555746,NA
"Abies","ABBA","NEON.PLA.D05.TREE.00070","TREE_050","TREE","D05",2021-10-06,"Live","small tree","Full shade",130,NA,6.6,6.8,NA,NA,"Abies balsamea (L.) Mill.",NA,NA,"2021",12,"douglas","Abies balsamea (L.) Mill.","balsam fir","Pinaceae","tree","balsamea",0.608,"sw2",-2.2304,2.4435,"AbiesBelow0.35spg","conifer","Conifer",0.33,-2.3123,2.3482,1.87856,0.79034,NA,"Check",3.44789087237833,2.77485748647116,NA
"Abies","ABBA","NEON.PLA.D05.TREE.00062","TREE_050","TREE","D05",2015-07-29,"Live","small tree","Full shade",130,NA,5.8,7,NA,NA,"Abies balsamea (L.) Mill.",NA,NA,"2015",12,"douglas","Abies balsamea (L.) Mill.","balsam fir","Pinaceae","tree","balsamea",0.608,"sw2",-2.2304,2.4435,"AbiesBelow0.35spg","conifer","Conifer",0.33,-2.3123,2.3482,1.87856,0.79034,NA,"Check",3.70096556496113,2.9703147503217,NA
"Abies","ABBA","NEON.PLA.D05.TREE.00044","TREE_050","TREE","D05",2018-08-29,"Live","single bole tree",NA,140,NA,17.2,14.3,NA,39,"Abies balsamea (L.) Mill.",5,56.3,"2018",12,"douglas","Abies balsamea (L.) Mill.","balsam fir","Pinaceae","tree","balsamea",0.608,"sw2",-2.2304,2.4435,"AbiesBelow0.35spg","conifer","Conifer",0.33,-2.3123,2.3482,1.87856,0.79034,NA,"Check",71.5176433435338,51.1376719323461,NA
"Abies","ABBA","NEON.PLA.D05.TREE.01421","TREE_039","TREE","D05",2021-09-30,"Live","small tree","Mostly shaded",130,NA,3.4,3.7,NA,NA,"Abies balsamea (L.) Mill.",NA,NA,"2021",12,"douglas","Abies balsamea (L.) Mill.","balsam fir","Pinaceae","tree","balsamea",0.608,"sw2",-2.2304,2.4435,"AbiesBelow0.35spg","conifer","Conifer",0.33,-2.3123,2.3482,1.87856,0.79034,NA,"Check",0.779325516912421,0.664652347214408,NA
"Abies","ABBA","NEON.PLA.D05.TREE.00865","TREE_052","TREE","D05",2016-09-29,"Live,  other damage","single bole tree",NA,160,NA,10.3,12.7,NA,25,"Abies balsamea (L.) Mill.",9.7,358.6,"2016",12,"douglas","Abies balsamea (L.) Mill.","balsam fir","Pinaceae","tree","balsamea",0.608,"sw2",-2.2304,2.4435,"AbiesBelow0.35spg","conifer","Conifer",0.33,-2.3123,2.3482,1.87856,0.79034,NA,"Check",53.5172735043246,38.7019428281509,NA
"Abies","ABBA","NEON.PLA.D05.TREE.00605","TREE_051","TREE","D05",2016-09-28,"Live","small tree",NA,130,NA,5.6,7.7,NA,NA,"Abies balsamea (L.) Mill.",NA,NA,"2016",12,"douglas","Abies balsamea (L.) Mill.","balsam fir","Pinaceae","tree","balsamea",0.608,"sw2",-2.2304,2.4435,"AbiesBelow0.35spg","conifer","Conifer",0.33,-2.3123,2.3482,1.87856,0.79034,NA,"Check",4.67151847212447,3.71535892269087,NA
"Abies","ABBA","NEON.PLA.D05.TREE.01165","TREE_040","TREE","D05",2018-10-18,"Live","small tree",NA,130,NA,4.8,8.3,NA,NA,"Abies balsamea (L.) Mill.",NA,NA,"2018",12,"douglas","Abies balsamea (L.) Mill.","balsam fir","Pinaceae","tree","balsamea",0.608,"sw2",-2.2304,2.4435,"AbiesBelow0.35spg","conifer","Conifer",0.33,-2.3123,2.3482,1.87856,0.79034,NA,"Check",5.61158185463473,4.43121100644844,NA
"Abies","ABBA","NEON.PLA.D05.TREE.02696","TREE_023","TREE","D05",2018-05-08,"Standing dead","single bole tree","Mostly shaded",130,NA,8.7,12.2,NA,41,"Abies balsamea (L.) Mill.",6.3,108.1,"2018",12,"douglas","Abies balsamea (L.) Mill.","balsam fir","Pinaceae","tree","balsamea",0.608,"sw2",-2.2304,2.4435,"AbiesBelow0.35spg","conifer","Conifer",0.33,-2.3123,2.3482,1.87856,0.79034,NA,"Check",48.5143071912194,35.2185137053077,NA
"Abies","ABBA","NEON.PLA.D05.TREE.01498","TREE_045","TREE","D05",2017-10-19,"Live","small tree",NA,130,NA,1.9,1.1,NA,NA,"Abies balsamea (L.) Mill.",NA,NA,"2017",12,"douglas","Abies balsamea (L.) Mill.","balsam fir","Pinaceae","tree","balsamea",0.608,"sw2",-2.2304,2.4435,"AbiesBelow0.35spg","conifer","Conifer",0.33,-2.3123,2.3482,1.87856,0.79034,NA,"Check",0.0402217543896549,0.0385071660416609,NA
"Abies","ABBA","NEON.PLA.D05.TREE.00318","TREE_054","TREE","D05",2022-09-07,"Live","single bole tree","Full sun",130,NA,12.8,13.1,NA,41,"Abies balsamea (L.) Mill.",10.9,209.4,"2022",12,"douglas","Abies balsamea (L.) Mill.","balsam fir","Pinaceae","tree","balsamea",0.608,"sw2",-2.2304,2.4435,"AbiesBelow0.35spg","conifer","Conifer",0.33,-2.3123,2.3482,1.87856,0.79034,NA,"Check",57.7300586212782,41.6252951502566,NA
"Abies","ABBA","NEON.PLA.D05.TREE.00464","TREE_052","TREE","D05",2018-08-29,"Live","small tree",NA,130,NA,3.1,4.8,NA,NA,"Abies balsamea (L.) Mill.",NA,NA,"2018",12,"douglas","Abies balsamea (L.) Mill.","balsam fir","Pinaceae","tree","balsamea",0.608,"sw2",-2.2304,2.4435,"AbiesBelow0.35spg","conifer","Conifer",0.33,-2.3123,2.3482,1.87856,0.79034,NA,"Check",1.47207842289968,1.22471187245523,NA
"Abies","ABBA","NEON.PLA.D05.TREE.00464","TREE_052","TREE","D05",2017-09-26,"Live","small tree",NA,130,NA,3.3,4.7,NA,NA,"Abies balsamea (L.) Mill.",NA,NA,"2017",12,"douglas","Abies balsamea (L.) Mill.","balsam fir","Pinaceae","tree","balsamea",0.608,"sw2",-2.2304,2.4435,"AbiesBelow0.35spg","conifer","Conifer",0.33,-2.3123,2.3482,1.87856,0.79034,NA,"Check",1.39826375216329,1.16563732170516,NA
"Abies","ABBA","NEON.PLA.D05.TREE.00464","TREE_052","TREE","D05",2015-08-03,"Live","small tree","Full shade",130,NA,3.1,4.5,NA,NA,"Abies balsamea (L.) Mill.",NA,NA,"2015",12,"douglas","Abies balsamea (L.) Mill.","balsam fir","Pinaceae","tree","balsamea",0.608,"sw2",-2.2304,2.4435,"AbiesBelow0.35spg","conifer","Conifer",0.33,-2.3123,2.3482,1.87856,0.79034,NA,"Check",1.25731113255729,1.05248733667272,NA
"Abies","ABBA","NEON.PLA.D05.TREE.00018","TREE_050","TREE","D05",2017-08-30,"Live","single bole tree",NA,130,NA,15.7,16.3,NA,39,"Abies balsamea (L.) Mill.",7,54.5,"2017",12,"douglas","Abies balsamea (L.) Mill.","balsam fir","Pinaceae","tree","balsamea",0.608,"sw2",-2.2304,2.4435,"AbiesBelow0.35spg","conifer","Conifer",0.33,-2.3123,2.3482,1.87856,0.79034,NA,"Check",98.4759091336098,69.5408191572425,NA
"Abies","ABBA","NEON.PLA.D05.TREE.00291","TREE_055","TREE","D05",2016-09-27,"Live","small tree",NA,130,NA,2.8,2.4,NA,NA,"Abies balsamea (L.) Mill.",NA,NA,"2016",12,"douglas","Abies balsamea (L.) Mill.","balsam fir","Pinaceae","tree","balsamea",0.608,"sw2",-2.2304,2.4435,"AbiesBelow0.35spg","conifer","Conifer",0.33,-2.3123,2.3482,1.87856,0.79034,NA,"Check",0.27062265635465,0.240522268978321,NA
"Abies","ABBA","NEON.PLA.D05.TREE.00467","TREE_039","TREE","D05",2020-10-01,"Live, broken bole","single bole tree","Partially shaded",150,NA,10.4,20.3,NA,59,"Abies balsamea (L.) Mill.",3.5,124.1,"2020",12,"douglas","Abies balsamea (L.) Mill.","balsam fir","Pinaceae","tree","balsamea",0.608,"sw2",-2.2304,2.4435,"AbiesBelow0.35spg","conifer","Conifer",0.33,-2.3123,2.3482,1.87856,0.79034,NA,"Check",168.351176678116,116.424147277185,NA
"Abies","ABBA","NEON.PLA.D05.TREE.00233","TREE_055","TREE","D05",2017-09-14,"Live","small tree",NA,130,NA,3.1,3.6,NA,NA,"Abies balsamea (L.) Mill.",NA,NA,"2017",12,"douglas","Abies balsamea (L.) Mill.","balsam fir","Pinaceae","tree","balsamea",0.608,"sw2",-2.2304,2.4435,"AbiesBelow0.35spg","conifer","Conifer",0.33,-2.3123,2.3482,1.87856,0.79034,NA,"Check",0.72885836778549,0.623236366068985,NA
"Abies","ABBA","NEON.PLA.D05.TREE.00223","TREE_051","TREE","D05",2016-09-28,"Live","single bole tree",NA,130,NA,7.1,10.1,NA,59,"Abies balsamea (L.) Mill.",5.6,171.7,"2016",12,"douglas","Abies balsamea (L.) Mill.","balsam fir","Pinaceae","tree","balsamea",0.608,"sw2",-2.2304,2.4435,"AbiesBelow0.35spg","conifer","Conifer",0.33,-2.3123,2.3482,1.87856,0.79034,NA,"Check",30.5779850789256,22.601034561274,NA
"Abies","ABBA","NEON.PLA.D05.TREE.00223","TREE_051","TREE","D05",2015-08-03,"Live,  other damage","single bole tree","Mostly shaded",130,NA,6.8,10,NA,59,"Abies balsamea (L.) Mill.",5.6,171.7,"2015",12,"douglas","Abies balsamea (L.) Mill.","balsam fir","Pinaceae","tree","balsamea",0.608,"sw2",-2.2304,2.4435,"AbiesBelow0.35spg","conifer","Conifer",0.33,-2.3123,2.3482,1.87856,0.79034,NA,"Check",8.84744728131038,6.86346232900215,NA
"Abies","ABBA","NEON.PLA.D05.TREE.00786","TREE_025","TREE","D05",2016-10-18,"Live","single bole tree",NA,130,NA,10.5,10.4,NA,39,"Abies balsamea (L.) Mill.",7.6,177.4,"2016",12,"douglas","Abies balsamea (L.) Mill.","balsam fir","Pinaceae","tree","balsamea",0.608,"sw2",-2.2304,2.4435,"AbiesBelow0.35spg","conifer","Conifer",0.33,-2.3123,2.3482,1.87856,0.79034,NA,"Check",32.845097253419,24.2090951208349,NA
"Abies","ABBA","NEON.PLA.D05.TREE.00786","TREE_025","TREE","D05",2018-10-17,"Live","single bole tree",NA,130,NA,10.6,10.7,NA,39,"Abies balsamea (L.) Mill.",7.6,177.4,"2018",12,"douglas","Abies balsamea (L.) Mill.","balsam fir","Pinaceae","tree","balsamea",0.608,"sw2",-2.2304,2.4435,"AbiesBelow0.35spg","conifer","Conifer",0.33,-2.3123,2.3482,1.87856,0.79034,NA,"Check",35.2086074406931,25.8809286967081,NA
"Abies","ABBA","NEON.PLA.D05.TREE.02504","TREE_001","TREE","D05",2017-10-25,"Live","small tree",NA,130,NA,10.2,9.2,NA,NA,"Abies balsamea (L.) Mill.",NA,NA,"2017",12,"douglas","Abies balsamea (L.) Mill.","balsam fir","Pinaceae","tree","balsamea",0.608,"sw2",-2.2304,2.4435,"AbiesBelow0.35spg","conifer","Conifer",0.33,-2.3123,2.3482,1.87856,0.79034,NA,"Check",7.21661504891742,5.64299714463163,NA
"Abies","ABBA","NEON.PLA.D05.TREE.00074","TREE_054","TREE","D05",2021-09-20,"Live","single bole tree","Partially shaded",130,NA,10.3,11.2,NA,21,"Abies balsamea (L.) Mill.",8,17.4,"2021",12,"douglas","Abies balsamea (L.) Mill.","balsam fir","Pinaceae","tree","balsamea",0.608,"sw2",-2.2304,2.4435,"AbiesBelow0.35spg","conifer","Conifer",0.33,-2.3123,2.3482,1.87856,0.79034,NA,"Check",39.3653236069096,28.8107544028986,NA
"Abies","ABBA","NEON.PLA.D05.TREE.00074","TREE_054","TREE","D05",2018-10-09,"Live","single bole tree",NA,130,NA,7.6,11.1,NA,21,"Abies balsamea (L.) Mill.",8,17.4,"2018",12,"douglas","Abies balsamea (L.) Mill.","balsam fir","Pinaceae","tree","balsamea",0.608,"sw2",-2.2304,2.4435,"AbiesBelow0.35spg","conifer","Conifer",0.33,-2.3123,2.3482,1.87856,0.79034,NA,"Check",38.5120189145966,28.2103379109698,NA
"Abies","ABBA","NEON.PLA.D05.TREE.00883","TREE_025","TREE","D05",2017-10-18,"Live","small tree",NA,130,NA,4.1,6.2,NA,NA,"Abies balsamea (L.) Mill.",NA,NA,"2017",12,"douglas","Abies balsamea (L.) Mill.","balsam fir","Pinaceae","tree","balsamea",0.608,"sw2",-2.2304,2.4435,"AbiesBelow0.35spg","conifer","Conifer",0.33,-2.3123,2.3482,1.87856,0.79034,NA,"Check",2.75123112968026,2.2337646798732,NA
"Abies","ABBA","NEON.PLA.D05.TREE.00377","TREE_054","TREE","D05",2022-09-07,"Live","small tree","Full shade",130,NA,7.9,4.9,NA,NA,"Abies balsamea (L.) Mill.",NA,NA,"2022",12,"douglas","Abies balsamea (L.) Mill.","balsam fir","Pinaceae","tree","balsamea",0.608,"sw2",-2.2304,2.4435,"AbiesBelow0.35spg","conifer","Conifer",0.33,-2.3123,2.3482,1.87856,0.79034,NA,"Check",1.54814667751255,1.2854692417699,NA
"Abies","ABBA","NEON.PLA.D05.TREE.00377","TREE_054","TREE","D05",2016-10-18,"Live","small tree",NA,130,NA,6.3,4.6,NA,NA,"Abies balsamea (L.) Mill.",NA,NA,"2016",12,"douglas","Abies balsamea (L.) Mill.","balsam fir","Pinaceae","tree","balsamea",0.608,"sw2",-2.2304,2.4435,"AbiesBelow0.35spg","conifer","Conifer",0.33,-2.3123,2.3482,1.87856,0.79034,NA,"Check",1.32668172024424,1.10823329763597,NA
"Abies","ABBA","NEON.PLA.D05.TREE.00367","TREE_054","TREE","D05",2022-09-07,"Live,  other damage","single bole tree","Mostly shaded",130,NA,9.7,11,NA,41,"Abies balsamea (L.) Mill.",9,74.5,"2022",12,"douglas","Abies balsamea (L.) Mill.","balsam fir","Pinaceae","tree","balsamea",0.608,"sw2",-2.2304,2.4435,"AbiesBelow0.35spg","conifer","Conifer",0.33,-2.3123,2.3482,1.87856,0.79034,NA,"Check",37.6697392257646,27.617169967899,NA
"Abies","ABBA","NEON.PLA.D05.TREE.00448","TREE_057","TREE","D05",2018-10-16,"Live","small tree",NA,130,NA,6.8,8.7,NA,NA,"Abies balsamea (L.) Mill.",NA,NA,"2018",12,"douglas","Abies balsamea (L.) Mill.","balsam fir","Pinaceae","tree","balsamea",0.608,"sw2",-2.2304,2.4435,"AbiesBelow0.35spg","conifer","Conifer",0.33,-2.3123,2.3482,1.87856,0.79034,NA,"Check",6.29554419855261,4.94905594684807,NA
"Abies","ABBA","NEON.PLA.D05.TREE.00896","TREE_025","TREE","D05",2015-08-04,"Live, physically damaged","sapling","Full shade",10,NA,0.9,1.2,NA,NA,"Abies balsamea (L.) Mill.",NA,NA,"2015",12,"douglas","Abies balsamea (L.) Mill.","balsam fir","Pinaceae","tree","balsamea",0.608,"sw2",-2.2304,2.4435,"AbiesBelow0.35spg","conifer","Conifer",0.33,-2.3123,2.3482,1.87856,0.79034,0.851537287154131,"Check",0.0215164515654311,0.0211080206973066,NA
"Abies","ABBA","NEON.PLA.D05.TREE.00349","TREE_054","TREE","D05",2016-10-18,"Live","single bole tree",NA,130,NA,10,11.3,NA,41,"Abies balsamea (L.) Mill.",15.9,37,"2016",12,"douglas","Abies balsamea (L.) Mill.","balsam fir","Pinaceae","tree","balsamea",0.608,"sw2",-2.2304,2.4435,"AbiesBelow0.35spg","conifer","Conifer",0.33,-2.3123,2.3482,1.87856,0.79034,NA,"Check",40.2296972434736,29.4184421156933,NA
"Abies","ABBA","NEON.PLA.D05.TREE.00368","TREE_025","TREE","D05",2017-10-18,"Live","small tree",NA,130,NA,2,1,NA,NA,"Abies balsamea (L.) Mill.",NA,NA,"2017",12,"douglas","Abies balsamea (L.) Mill.","balsam fir","Pinaceae","tree","balsamea",0.608,"sw2",-2.2304,2.4435,"AbiesBelow0.35spg","conifer","Conifer",0.33,-2.3123,2.3482,1.87856,0.79034,NA,"Check",0.0318652979425638,0.030785290376143,NA
"Abies","ABBA","NEON.PLA.D05.TREE.03661","TREE_004","TREE","D05",2019-10-08,"Live","single bole tree","Full sun",130,NA,16.3,20.5,NA,31,"Abies balsamea (L.) Mill.",5.8,14.5,"2019",12,"douglas","Abies balsamea (L.) Mill.","balsam fir","Pinaceae","tree","balsamea",0.608,"sw2",-2.2304,2.4435,"AbiesBelow0.35spg","conifer","Conifer",0.33,-2.3123,2.3482,1.87856,0.79034,NA,"Check",172.43290586342,119.13552583417,NA
"Abies","ABBA","NEON.PLA.D05.TREE.00132","TREE_050","TREE","D05",2016-09-29,"Live","single bole tree",NA,130,NA,14.3,15.2,NA,39,"Abies balsamea (L.) Mill.",8.8,81.6,"2016",12,"douglas","Abies balsamea (L.) Mill.","balsam fir","Pinaceae","tree","balsamea",0.608,"sw2",-2.2304,2.4435,"AbiesBelow0.35spg","conifer","Conifer",0.33,-2.3123,2.3482,1.87856,0.79034,NA,"Check",83.0203184098759,59.0182031143384,NA
"Abies","ABBA","NEON.PLA.D05.TREE.00317","TREE_054","TREE","D05",2018-10-09,"Live","single bole tree",NA,130,NA,10.5,11.8,NA,41,"Abies balsamea (L.) Mill.",8.9,192.2,"2018",12,"douglas","Abies balsamea (L.) Mill.","balsam fir","Pinaceae","tree","balsamea",0.608,"sw2",-2.2304,2.4435,"AbiesBelow0.35spg","conifer","Conifer",0.33,-2.3123,2.3482,1.87856,0.79034,NA,"Check",44.719122436928,32.5667334095466,NA
"Abies","ABBA","NEON.PLA.D05.TREE.00379","TREE_054","TREE","D05",2015-07-30,"Live","small tree","Full shade",130,NA,4.5,4.9,NA,NA,"Abies balsamea (L.) Mill.",NA,NA,"2015",12,"douglas","Abies balsamea (L.) Mill.","balsam fir","Pinaceae","tree","balsamea",0.608,"sw2",-2.2304,2.4435,"AbiesBelow0.35spg","conifer","Conifer",0.33,-2.3123,2.3482,1.87856,0.79034,NA,"Check",1.54814667751255,1.2854692417699,NA
"Abies","ABBA","NEON.PLA.D05.TREE.01354","TREE_040","TREE","D05",2020-09-29,"Live","single bole tree","Partially shaded",130,NA,13.6,15.6,NA,43,"Abies balsamea (L.) Mill.",8.3,241.1,"2020",12,"douglas","Abies balsamea (L.) Mill.","balsam fir","Pinaceae","tree","balsamea",0.608,"sw2",-2.2304,2.4435,"AbiesBelow0.35spg","conifer","Conifer",0.33,-2.3123,2.3482,1.87856,0.79034,NA,"Check",88.4605313403995,62.7301103262393,NA
"Abies","ABBA","NEON.PLA.D05.TREE.00061","TREE_056","TREE","D05",2018-10-09,"Live","small tree",NA,130,NA,7,7.8,NA,21,"Abies balsamea (L.) Mill.",5.3,52.5,"2018",12,"douglas","Abies balsamea (L.) Mill.","balsam fir","Pinaceae","tree","balsamea",0.608,"sw2",-2.2304,2.4435,"AbiesBelow0.35spg","conifer","Conifer",0.33,-2.3123,2.3482,1.87856,0.79034,NA,"Check",4.82115556534735,3.82965631121552,NA
"Abies","ABBA","NEON.PLA.D05.TREE.00044","TREE_050","TREE","D05",2021-10-06,"Live","single bole tree","Partially shaded",140,NA,15,14.4,NA,39,"Abies balsamea (L.) Mill.",5,56.3,"2021",12,"douglas","Abies balsamea (L.) Mill.","balsam fir","Pinaceae","tree","balsamea",0.608,"sw2",-2.2304,2.4435,"AbiesBelow0.35spg","conifer","Conifer",0.33,-2.3123,2.3482,1.87856,0.79034,NA,"Check",72.7458691344928,51.981364258078,NA
"Abies","ABBA","NEON.PLA.D05.TREE.01085","TREE_047","TREE","D05",2016-10-19,"Live","small tree",NA,130,NA,5.7,7.9,NA,NA,"Abies balsamea (L.) Mill.",NA,NA,"2016",12,"douglas","Abies balsamea (L.) Mill.","balsam fir","Pinaceae","tree","balsamea",0.608,"sw2",-2.2304,2.4435,"AbiesBelow0.35spg","conifer","Conifer",0.33,-2.3123,2.3482,1.87856,0.79034,NA,"Check",4.97358770871127,3.94594647650773,NA
"Abies","ABBA","NEON.PLA.D05.TREE.00351","TREE_054","TREE","D05",2015-07-30,"Live","small tree","Full shade",130,NA,4.3,3.6,NA,NA,"Abies balsamea (L.) Mill.",NA,NA,"2015",12,"douglas","Abies balsamea (L.) Mill.","balsam fir","Pinaceae","tree","balsamea",0.608,"sw2",-2.2304,2.4435,"AbiesBelow0.35spg","conifer","Conifer",0.33,-2.3123,2.3482,1.87856,0.79034,NA,"Check",0.72885836778549,0.623236366068985,NA
"Abies","ABBA","NEON.PLA.D05.TREE.00444","TREE_057","TREE","D05",2015-08-04,"Live","small tree","Full shade",130,NA,2,1.5,NA,NA,"Abies balsamea (L.) Mill.",NA,NA,"2015",12,"douglas","Abies balsamea (L.) Mill.","balsam fir","Pinaceae","tree","balsamea",0.608,"sw2",-2.2304,2.4435,"AbiesBelow0.35spg","conifer","Conifer",0.33,-2.3123,2.3482,1.87856,0.79034,NA,"Check",0.0858216727315645,0.0797702124793076,NA
"Abies","ABBA","NEON.PLA.D05.TREE.00071","TREE_050","TREE","D05",2018-08-29,"Live","small tree",NA,130,NA,1.8,1.3,NA,NA,"Abies balsamea (L.) Mill.",NA,NA,"2018",12,"douglas","Abies balsamea (L.) Mill.","balsam fir","Pinaceae","tree","balsamea",0.608,"sw2",-2.2304,2.4435,"AbiesBelow0.35spg","conifer","Conifer",0.33,-2.3123,2.3482,1.87856,0.79034,NA,"Check",0.060497658336138,0.0570039609933637,NA
"Abies","ABBA","NEON.PLA.D05.TREE.00401","TREE_057","TREE","D05",2015-08-04,"Live","small tree","Full shade",130,NA,3.5,3.5,NA,NA,"Abies balsamea (L.) Mill.",NA,NA,"2015",12,"douglas","Abies balsamea (L.) Mill.","balsam fir","Pinaceae","tree","balsamea",0.608,"sw2",-2.2304,2.4435,"AbiesBelow0.35spg","conifer","Conifer",0.33,-2.3123,2.3482,1.87856,0.79034,NA,"Check",0.680374847349505,0.583342792207044,NA
"Abies","ABBA","NEON.PLA.D05.TREE.00210","TREE_054","TREE","D05",2018-10-09,"Live","single bole tree",NA,130,NA,8.9,12,NA,41,"Abies balsamea (L.) Mill.",9.2,65.8,"2018",12,"douglas","Abies balsamea (L.) Mill.","balsam fir","Pinaceae","tree","balsamea",0.608,"sw2",-2.2304,2.4435,"AbiesBelow0.35spg","conifer","Conifer",0.33,-2.3123,2.3482,1.87856,0.79034,NA,"Check",46.593889166046,33.8777275836251,NA
"Abies","ABBA","NEON.PLA.D05.TREE.00299","TREE_051","TREE","D05",2017-09-26,"Live","single bole tree",NA,130,NA,9.6,10.5,NA,59,"Abies balsamea (L.) Mill.",6.3,91.7,"2017",12,"douglas","Abies balsamea (L.) Mill.","balsam fir","Pinaceae","tree","balsamea",0.608,"sw2",-2.2304,2.4435,"AbiesBelow0.35spg","conifer","Conifer",0.33,-2.3123,2.3482,1.87856,0.79034,NA,"Check",33.6221622691773,24.759255504112,NA
"Abies","ABBA","NEON.PLA.D05.TREE.00299","TREE_051","TREE","D05",2015-08-03,"Live","single bole tree","Mostly shaded",130,NA,8.5,10.5,NA,59,"Abies balsamea (L.) Mill.",6.3,91.7,"2015",12,"douglas","Abies balsamea (L.) Mill.","balsam fir","Pinaceae","tree","balsamea",0.608,"sw2",-2.2304,2.4435,"AbiesBelow0.35spg","conifer","Conifer",0.33,-2.3123,2.3482,1.87856,0.79034,NA,"Check",33.6221622691773,24.759255504112,NA
"Abies","ABBA","NEON.PLA.D05.TREE.02448","TREE_012","TREE","D05",2017-10-30,"Live","single bole tree","Full sun",130,NA,9.8,10.2,NA,41,"Abies balsamea (L.) Mill.",2.3,260,"2017",12,"douglas","Abies balsamea (L.) Mill.","balsam fir","Pinaceae","tree","balsamea",0.608,"sw2",-2.2304,2.4435,"AbiesBelow0.35spg","conifer","Conifer",0.33,-2.3123,2.3482,1.87856,0.79034,NA,"Check",31.3230545820377,23.1300085243817,NA
"Abies","ABBA","NEON.PLA.D05.TREE.00302","TREE_054","TREE","D05",2021-09-20,"Live","single bole tree","Partially shaded",130,NA,12.1,11.9,NA,23,"Abies balsamea (L.) Mill.",4.9,295.4,"2021",12,"douglas","Abies balsamea (L.) Mill.","balsam fir","Pinaceae","tree","balsamea",0.608,"sw2",-2.2304,2.4435,"AbiesBelow0.35spg","conifer","Conifer",0.33,-2.3123,2.3482,1.87856,0.79034,NA,"Check",45.6508205043179,33.2185173238559,NA
"Abies","ABBA","NEON.PLA.D05.TREE.00526","TREE_042","TREE","D05",2015-07-27,"Live","small tree","Full shade",130,NA,4.7,9.4,NA,NA,"Abies balsamea (L.) Mill.",NA,NA,"2015",12,"douglas","Abies balsamea (L.) Mill.","balsam fir","Pinaceae","tree","balsamea",0.608,"sw2",-2.2304,2.4435,"AbiesBelow0.35spg","conifer","Conifer",0.33,-2.3123,2.3482,1.87856,0.79034,NA,"Check",7.60599251669768,5.93529186687449,NA
"Abies","ABBA","NEON.PLA.D05.TREE.00599","TREE_054","TREE","D05",2016-10-18,"Live","single bole tree",NA,130,NA,11.2,11.5,NA,21,"Abies balsamea (L.) Mill.",8.7,29.8,"2016",12,"douglas","Abies balsamea (L.) Mill.","balsam fir","Pinaceae","tree","balsamea",0.608,"sw2",-2.2304,2.4435,"AbiesBelow0.35spg","conifer","Conifer",0.33,-2.3123,2.3482,1.87856,0.79034,NA,"Check",41.99182602644,30.6557212360055,NA
"Abies","ABBA","NEON.PLA.D05.TREE.00467","TREE_039","TREE","D05",2019-10-23,"Live","single bole tree",NA,150,NA,14.9,20.3,NA,59,"Abies balsamea (L.) Mill.",3.5,124.1,"2019",12,"douglas","Abies balsamea (L.) Mill.","balsam fir","Pinaceae","tree","balsamea",0.608,"sw2",-2.2304,2.4435,"AbiesBelow0.35spg","conifer","Conifer",0.33,-2.3123,2.3482,1.87856,0.79034,NA,"Check",168.351176678116,116.424147277185,NA
"Abies","ABBA","NEON.PLA.D05.TREE.00187","TREE_050","TREE","D05",2017-08-30,"Dead, broken bole","single bole tree",NA,130,NA,9.4,16.6,NA,39,"Abies balsamea (L.) Mill.",8,31.8,"2017",12,"douglas","Abies balsamea (L.) Mill.","balsam fir","Pinaceae","tree","balsamea",0.608,"sw2",-2.2304,2.4435,"AbiesBelow0.35spg","conifer","Conifer",0.33,-2.3123,2.3482,1.87856,0.79034,NA,"Check",102.963595717403,72.5836296325845,NA
"Abies","ABBA","NEON.PLA.D05.TREE.00384","TREE_025","TREE","D05",2018-10-17,"Live","single bole tree",NA,130,NA,10.1,13.6,NA,41,"Abies balsamea (L.) Mill.",10.9,135.3,"2018",12,"douglas","Abies balsamea (L.) Mill.","balsam fir","Pinaceae","tree","balsamea",0.608,"sw2",-2.2304,2.4435,"AbiesBelow0.35spg","conifer","Conifer",0.33,-2.3123,2.3482,1.87856,0.79034,NA,"Check",63.2633098932841,45.4524119452065,NA
"Abies","ABBA","NEON.PLA.D05.TREE.03464","TREE_015","TREE","D05",2019-10-24,"Live","single bole tree","Mostly shaded",130,NA,11.5,11.5,NA,NA,"Abies balsamea (L.) Mill.",NA,NA,"2019",12,"douglas","Abies balsamea (L.) Mill.","balsam fir","Pinaceae","tree","balsamea",0.608,"sw2",-2.2304,2.4435,"AbiesBelow0.35spg","conifer","Conifer",0.33,-2.3123,2.3482,1.87856,0.79034,NA,"Check",41.99182602644,30.6557212360055,NA
"Abies","ABBA","NEON.PLA.D05.TREE.00478","TREE_025","TREE","D05",2016-10-18,"Standing dead","small tree",NA,130,NA,4.9,5.3,NA,NA,"Abies balsamea (L.) Mill.",NA,NA,"2016",12,"douglas","Abies balsamea (L.) Mill.","balsam fir","Pinaceae","tree","balsamea",0.608,"sw2",-2.2304,2.4435,"AbiesBelow0.35spg","conifer","Conifer",0.33,-2.3123,2.3482,1.87856,0.79034,NA,"Check",1.87536614168729,1.54556705323716,NA
"Abies","ABBA","NEON.PLA.D05.TREE.00215","TREE_050","TREE","D05",2015-07-29,"Live","sapling","Full shade",10,NA,1.3,2.5,NA,NA,"Abies balsamea (L.) Mill.",NA,NA,"2015",12,"douglas","Abies balsamea (L.) Mill.","balsam fir","Pinaceae","tree","balsamea",0.608,"sw2",-2.2304,2.4435,"AbiesBelow0.35spg","conifer","Conifer",0.33,-2.3123,2.3482,1.87856,0.79034,1.82677094069245,"Check",0.138913056867077,0.126715530162978,NA
"Abies","ABBA","NEON.PLA.D05.TREE.02687","TREE_023","TREE","D05",2019-11-04,"Live","single bole tree","Partially shaded",130,NA,10.4,13.8,NA,49,"Abies balsamea (L.) Mill.",9.1,158.2,"2019",12,"douglas","Abies balsamea (L.) Mill.","balsam fir","Pinaceae","tree","balsamea",0.608,"sw2",-2.2304,2.4435,"AbiesBelow0.35spg","conifer","Conifer",0.33,-2.3123,2.3482,1.87856,0.79034,NA,"Check",65.5607835171622,47.0375767745749,NA
"Abies","ABBA","NEON.PLA.D05.TREE.00006","TREE_050","TREE","D05",2016-09-29,"Live","small tree",NA,140,NA,2.6,1.1,NA,NA,"Abies balsamea (L.) Mill.",NA,NA,"2016",12,"douglas","Abies balsamea (L.) Mill.","balsam fir","Pinaceae","tree","balsamea",0.608,"sw2",-2.2304,2.4435,"AbiesBelow0.35spg","conifer","Conifer",0.33,-2.3123,2.3482,1.87856,0.79034,NA,"Check",0.0402217543896549,0.0385071660416609,NA
"Abies","ABBA","NEON.PLA.D05.TREE.03536","TREE_050","TREE","D05",2017-08-30,"Live","small tree",NA,130,NA,4.7,6.1,NA,NA,"Abies balsamea (L.) Mill.",NA,NA,"2017",12,"douglas","Abies balsamea (L.) Mill.","balsam fir","Pinaceae","tree","balsamea",0.608,"sw2",-2.2304,2.4435,"AbiesBelow0.35spg","conifer","Conifer",0.33,-2.3123,2.3482,1.87856,0.79034,NA,"Check",2.6440607869953,2.15008075996871,NA
"Abies","ABBA","NEON.PLA.D05.TREE.00676","TREE_051","TREE","D05",2018-10-09,"Live","single bole tree",NA,130,NA,17,21,NA,41,"Abies balsamea (L.) Mill.",10,337.1,"2018",12,"douglas","Abies balsamea (L.) Mill.","balsam fir","Pinaceae","tree","balsamea",0.608,"sw2",-2.2304,2.4435,"AbiesBelow0.35spg","conifer","Conifer",0.33,-2.3123,2.3482,1.87856,0.79034,NA,"Check",182.891041993266,126.071296008652,NA
"Abies","ABBA","NEON.PLA.D05.TREE.00207","TREE_054","TREE","D05",2022-09-07,"Live","single bole tree","Full shade",130,NA,12.4,12.8,NA,43,"Abies balsamea (L.) Mill.",10.8,332.5,"2022",12,"douglas","Abies balsamea (L.) Mill.","balsam fir","Pinaceae","tree","balsamea",0.608,"sw2",-2.2304,2.4435,"AbiesBelow0.35spg","conifer","Conifer",0.33,-2.3123,2.3482,1.87856,0.79034,NA,"Check",54.5528128274887,39.4213343360838,NA
"Abies","ABBA","NEON.PLA.D05.TREE.00216","TREE_050","TREE","D05",2018-08-29,"Live","single bole tree",NA,130,NA,9.6,10,NA,41,"Abies balsamea (L.) Mill.",3.3,42.2,"2018",12,"douglas","Abies balsamea (L.) Mill.","balsam fir","Pinaceae","tree","balsamea",0.608,"sw2",-2.2304,2.4435,"AbiesBelow0.35spg","conifer","Conifer",0.33,-2.3123,2.3482,1.87856,0.79034,NA,"Check",8.84744728131038,6.86346232900215,NA
"Abies","ABBA","NEON.PLA.D05.TREE.00216","TREE_050","TREE","D05",2016-09-29,"Live","small tree",NA,130,NA,12.2,9.4,NA,41,"Abies balsamea (L.) Mill.",3.3,42.2,"2016",12,"douglas","Abies balsamea (L.) Mill.","balsam fir","Pinaceae","tree","balsamea",0.608,"sw2",-2.2304,2.4435,"AbiesBelow0.35spg","conifer","Conifer",0.33,-2.3123,2.3482,1.87856,0.79034,NA,"Check",7.60599251669768,5.93529186687449,NA
"Abies","ABBA","NEON.PLA.D05.TREE.01354","TREE_040","TREE","D05",2018-10-18,"Live","single bole tree",NA,130,NA,13.7,15.4,NA,43,"Abies balsamea (L.) Mill.",8.3,241.1,"2018",12,"douglas","Abies balsamea (L.) Mill.","balsam fir","Pinaceae","tree","balsamea",0.608,"sw2",-2.2304,2.4435,"AbiesBelow0.35spg","conifer","Conifer",0.33,-2.3123,2.3482,1.87856,0.79034,NA,"Check",85.714928840063,60.8579089563268,NA
"Abies","ABBA","NEON.PLA.D05.TREE.01354","TREE_040","TREE","D05",2016-10-20,"Live","single bole tree",NA,130,NA,12.9,15.4,NA,43,"Abies balsamea (L.) Mill.",8.3,241.1,"2016",12,"douglas","Abies balsamea (L.) Mill.","balsam fir","Pinaceae","tree","balsamea",0.608,"sw2",-2.2304,2.4435,"AbiesBelow0.35spg","conifer","Conifer",0.33,-2.3123,2.3482,1.87856,0.79034,NA,"Check",85.714928840063,60.8579089563268,NA
"Abies","ABBA","NEON.PLA.D05.TREE.00705","TREE_052","TREE","D05",2018-08-29,"Live","single bole tree",NA,130,NA,8.5,11.1,NA,23,"Abies balsamea (L.) Mill.",10,53.5,"2018",12,"douglas","Abies balsamea (L.) Mill.","balsam fir","Pinaceae","tree","balsamea",0.608,"sw2",-2.2304,2.4435,"AbiesBelow0.35spg","conifer","Conifer",0.33,-2.3123,2.3482,1.87856,0.79034,NA,"Check",38.5120189145966,28.2103379109698,NA
"Abies","ABBA","NEON.PLA.D05.TREE.01421","TREE_039","TREE","D05",2017-10-17,"Live","small tree",NA,130,NA,2.1,1.8,NA,NA,"Abies balsamea (L.) Mill.",NA,NA,"2017",12,"douglas","Abies balsamea (L.) Mill.","balsam fir","Pinaceae","tree","balsamea",0.608,"sw2",-2.2304,2.4435,"AbiesBelow0.35spg","conifer","Conifer",0.33,-2.3123,2.3482,1.87856,0.79034,NA,"Check",0.133991222565366,0.122397951916805,NA
"Abies","ABBA","NEON.PLA.D05.TREE.00142","TREE_050","TREE","D05",2021-10-06,"Live","single bole tree","Full shade",130,NA,9.5,13.4,NA,39,"Abies balsamea (L.) Mill.",8,13.9,"2021",12,"douglas","Abies balsamea (L.) Mill.","balsam fir","Pinaceae","tree","balsamea",0.608,"sw2",-2.2304,2.4435,"AbiesBelow0.35spg","conifer","Conifer",0.33,-2.3123,2.3482,1.87856,0.79034,NA,"Check",61.014093376632,43.8983661951029,NA
"Abies","ABBA","NEON.PLA.D05.TREE.00142","TREE_050","TREE","D05",2017-08-30,"Live","single bole tree",NA,130,NA,9.6,12.4,NA,39,"Abies balsamea (L.) Mill.",8,13.9,"2017",12,"douglas","Abies balsamea (L.) Mill.","balsam fir","Pinaceae","tree","balsamea",0.608,"sw2",-2.2304,2.4435,"AbiesBelow0.35spg","conifer","Conifer",0.33,-2.3123,2.3482,1.87856,0.79034,NA,"Check",50.4807124086711,36.5892637417449,NA
"Abies","ABBA","NEON.PLA.D05.TREE.00142","TREE_050","TREE","D05",2018-08-29,"Live","single bole tree",NA,130,NA,8.9,12.7,NA,39,"Abies balsamea (L.) Mill.",8,13.9,"2018",12,"douglas","Abies balsamea (L.) Mill.","balsam fir","Pinaceae","tree","balsamea",0.608,"sw2",-2.2304,2.4435,"AbiesBelow0.35spg","conifer","Conifer",0.33,-2.3123,2.3482,1.87856,0.79034,NA,"Check",53.5172735043246,38.7019428281509,NA
"Abies","ABBA","NEON.PLA.D05.TREE.00210","TREE_054","TREE","D05",2022-09-07,"Live","single bole tree","Mostly shaded",130,NA,11.3,12.5,NA,41,"Abies balsamea (L.) Mill.",9.2,65.8,"2022",12,"douglas","Abies balsamea (L.) Mill.","balsam fir","Pinaceae","tree","balsamea",0.608,"sw2",-2.2304,2.4435,"AbiesBelow0.35spg","conifer","Conifer",0.33,-2.3123,2.3482,1.87856,0.79034,NA,"Check",51.4812643457568,37.285928466556,NA
"Abies","ABBA","NEON.PLA.D05.TREE.00888","TREE_057","TREE","D05",2018-10-16,"Live","small tree",NA,130,NA,2.4,1.7,NA,NA,"Abies balsamea (L.) Mill.",NA,NA,"2018",12,"douglas","Abies balsamea (L.) Mill.","balsam fir","Pinaceae","tree","balsamea",0.608,"sw2",-2.2304,2.4435,"AbiesBelow0.35spg","conifer","Conifer",0.33,-2.3123,2.3482,1.87856,0.79034,NA,"Check",0.116525217678834,0.107024550262889,NA
"Abies","ABBA","NEON.PLA.D05.TREE.03483","TREE_047","TREE","D05",2017-10-16,"Live","small tree",NA,130,NA,2.5,3,NA,NA,"Abies balsamea (L.) Mill.",NA,NA,"2017",12,"douglas","Abies balsamea (L.) Mill.","balsam fir","Pinaceae","tree","balsamea",0.608,"sw2",-2.2304,2.4435,"AbiesBelow0.35spg","conifer","Conifer",0.33,-2.3123,2.3482,1.87856,0.79034,NA,"Check",0.46683538749886,0.40618079442985,NA
"Abies","ABBA","NEON.PLA.D05.TREE.03600","TREE_005","TREE","D05",2017-10-31,"Live","single bole tree","Partially shaded",130,NA,7.1,17.3,NA,41,"Abies balsamea (L.) Mill.",4.9,225.5,"2017",12,"douglas","Abies balsamea (L.) Mill.","balsam fir","Pinaceae","tree","balsamea",0.608,"sw2",-2.2304,2.4435,"AbiesBelow0.35spg","conifer","Conifer",0.33,-2.3123,2.3482,1.87856,0.79034,NA,"Check",113.897775095855,79.9761933155165,NA
"Abies","ABBA","NEON.PLA.D05.TREE.00221","TREE_050","TREE","D05",2018-08-29,"Live","small tree",NA,130,NA,7.5,9,NA,NA,"Abies balsamea (L.) Mill.",NA,NA,"2018",12,"douglas","Abies balsamea (L.) Mill.","balsam fir","Pinaceae","tree","balsamea",0.608,"sw2",-2.2304,2.4435,"AbiesBelow0.35spg","conifer","Conifer",0.33,-2.3123,2.3482,1.87856,0.79034,NA,"Check",6.83926694845384,5.35914509000433,NA
"Abies","ABBA","NEON.PLA.D05.TREE.00632","TREE_053","TREE","D05",2015-07-27,"Live","sapling","Full shade",10,NA,1.2,2.4,NA,NA,"Abies balsamea (L.) Mill.",NA,NA,"2015",12,"douglas","Abies balsamea (L.) Mill.","balsam fir","Pinaceae","tree","balsamea",0.608,"sw2",-2.2304,2.4435,"AbiesBelow0.35spg","conifer","Conifer",0.33,-2.3123,2.3482,1.87856,0.79034,1.75084529085287,"Check",0.125225828996725,0.114693200943635,NA
"Abies","ABBA","NEON.PLA.D05.TREE.03605","TREE_002","TREE","D05",2018-05-07,"Live","single bole tree","Partially shaded",130,NA,12.1,13.5,NA,51,"Abies balsamea (L.) Mill.",3,256.3,"2018",12,"douglas","Abies balsamea (L.) Mill.","balsam fir","Pinaceae","tree","balsamea",0.608,"sw2",-2.2304,2.4435,"AbiesBelow0.35spg","conifer","Conifer",0.33,-2.3123,2.3482,1.87856,0.79034,NA,"Check",62.1326891879771,44.671509156615,NA
"Abies","ABBA","NEON.PLA.D05.TREE.00599","TREE_054","TREE","D05",2021-09-20,"Live","single bole tree","Partially shaded",130,NA,12.7,13.2,NA,21,"Abies balsamea (L.) Mill.",8.7,29.8,"2021",12,"douglas","Abies balsamea (L.) Mill.","balsam fir","Pinaceae","tree","balsamea",0.608,"sw2",-2.2304,2.4435,"AbiesBelow0.35spg","conifer","Conifer",0.33,-2.3123,2.3482,1.87856,0.79034,NA,"Check",58.8128179273103,42.3752794025212,NA
"Abies","ABBA","NEON.PLA.D05.TREE.00364","TREE_025","TREE","D05",2016-10-18,"Live","small tree",NA,130,NA,4.4,4.8,NA,NA,"Abies balsamea (L.) Mill.",NA,NA,"2016",12,"douglas","Abies balsamea (L.) Mill.","balsam fir","Pinaceae","tree","balsamea",0.608,"sw2",-2.2304,2.4435,"AbiesBelow0.35spg","conifer","Conifer",0.33,-2.3123,2.3482,1.87856,0.79034,NA,"Check",1.47207842289968,1.22471187245523,NA
"Abies","ABBA","NEON.PLA.D05.TREE.00608","TREE_054","TREE","D05",2016-10-18,"Live","single bole tree",NA,130,NA,9.7,16.5,NA,23,"Abies balsamea (L.) Mill.",2.6,344,"2016",12,"douglas","Abies balsamea (L.) Mill.","balsam fir","Pinaceae","tree","balsamea",0.608,"sw2",-2.2304,2.4435,"AbiesBelow0.35spg","conifer","Conifer",0.33,-2.3123,2.3482,1.87856,0.79034,NA,"Check",101.454567835647,71.5610439108831,NA
"Abies","ABBA","NEON.PLA.D05.TREE.03626","TREE_008","TREE","D05",2019-10-09,"Live","single bole tree","Full sun",130,NA,6.6,21.9,NA,33,"Abies balsamea (L.) Mill.",3.8,272.1,"2019",12,"douglas","Abies balsamea (L.) Mill.","balsam fir","Pinaceae","tree","balsamea",0.608,"sw2",-2.2304,2.4435,"AbiesBelow0.35spg","conifer","Conifer",0.33,-2.3123,2.3482,1.87856,0.79034,NA,"Check",202.639815877782,139.127102332476,NA
"Abies","ABBA","NEON.PLA.D05.TREE.00367","TREE_054","TREE","D05",2018-10-09,"Live","single bole tree",NA,130,NA,5.4,10.7,NA,41,"Abies balsamea (L.) Mill.",9,74.5,"2018",12,"douglas","Abies balsamea (L.) Mill.","balsam fir","Pinaceae","tree","balsamea",0.608,"sw2",-2.2304,2.4435,"AbiesBelow0.35spg","conifer","Conifer",0.33,-2.3123,2.3482,1.87856,0.79034,NA,"Check",35.2086074406931,25.8809286967081,NA
"Abies","ABBA","NEON.PLA.D05.TREE.00609","TREE_039","TREE","D05",2021-09-30,"Live, disease damaged","single bole tree","Partially shaded",130,NA,10.3,11,NA,59,"Abies balsamea (L.) Mill.",7.6,134.7,"2021",12,"douglas","Abies balsamea (L.) Mill.","balsam fir","Pinaceae","tree","balsamea",0.608,"sw2",-2.2304,2.4435,"AbiesBelow0.35spg","conifer","Conifer",0.33,-2.3123,2.3482,1.87856,0.79034,NA,"Check",37.6697392257646,27.617169967899,NA
"Abies","ABBA","NEON.PLA.D05.TREE.00283","TREE_054","TREE","D05",2017-08-30,"Live","single bole tree",NA,130,NA,8.9,13.1,NA,61,"Abies balsamea (L.) Mill.",6.3,247.4,"2017",12,"douglas","Abies balsamea (L.) Mill.","balsam fir","Pinaceae","tree","balsamea",0.608,"sw2",-2.2304,2.4435,"AbiesBelow0.35spg","conifer","Conifer",0.33,-2.3123,2.3482,1.87856,0.79034,NA,"Check",57.7300586212782,41.6252951502566,NA
"Abies","ABBA","NEON.PLA.D05.TREE.02486","TREE_015","TREE","D05",2019-10-24,"Live","small tree",NA,130,NA,4.2,5,NA,NA,"Abies balsamea (L.) Mill.",NA,NA,"2019",12,"douglas","Abies balsamea (L.) Mill.","balsam fir","Pinaceae","tree","balsamea",0.608,"sw2",-2.2304,2.4435,"AbiesBelow0.35spg","conifer","Conifer",0.33,-2.3123,2.3482,1.87856,0.79034,NA,"Check",1.62648921958223,1.34792155571201,NA
"Abies","ABBA","NEON.PLA.D05.TREE.02486","TREE_015","TREE","D05",2018-05-08,"Live","small tree",NA,130,NA,NA,4.6,NA,NA,"Abies balsamea (L.) Mill.",NA,NA,"2018",12,"douglas","Abies balsamea (L.) Mill.","balsam fir","Pinaceae","tree","balsamea",0.608,"sw2",-2.2304,2.4435,"AbiesBelow0.35spg","conifer","Conifer",0.33,-2.3123,2.3482,1.87856,0.79034,NA,"Check",1.32668172024424,1.10823329763597,NA
"Abies","ABBA","NEON.PLA.D05.TREE.02487","TREE_015","TREE","D05",2019-10-24,"Live","small tree",NA,130,NA,3.2,3.4,NA,NA,"Abies balsamea (L.) Mill.",NA,NA,"2019",12,"douglas","Abies balsamea (L.) Mill.","balsam fir","Pinaceae","tree","balsamea",0.608,"sw2",-2.2304,2.4435,"AbiesBelow0.35spg","conifer","Conifer",0.33,-2.3123,2.3482,1.87856,0.79034,NA,"Check",0.633850324948051,0.544956763911768,NA
"Abies","ABBA","NEON.PLA.D05.TREE.00609","TREE_039","TREE","D05",2020-10-01,"Live, disease damaged","single bole tree","Full shade",130,NA,11,11.1,NA,59,"Abies balsamea (L.) Mill.",7.6,134.7,"2020",12,"douglas","Abies balsamea (L.) Mill.","balsam fir","Pinaceae","tree","balsamea",0.608,"sw2",-2.2304,2.4435,"AbiesBelow0.35spg","conifer","Conifer",0.33,-2.3123,2.3482,1.87856,0.79034,NA,"Check",38.5120189145966,28.2103379109698,NA
"Abies","ABBA","NEON.PLA.D05.TREE.00030","TREE_054","TREE","D05",2016-10-18,"Live","single bole tree",NA,130,NA,6.8,10.1,NA,21,"Abies balsamea (L.) Mill.",6.5,36.9,"2016",12,"douglas","Abies balsamea (L.) Mill.","balsam fir","Pinaceae","tree","balsamea",0.608,"sw2",-2.2304,2.4435,"AbiesBelow0.35spg","conifer","Conifer",0.33,-2.3123,2.3482,1.87856,0.79034,NA,"Check",30.5779850789256,22.601034561274,NA
"Abies","ABBA","NEON.PLA.D05.TREE.00207","TREE_054","TREE","D05",2016-10-18,"Live","single bole tree",NA,130,NA,8.7,10.6,NA,43,"Abies balsamea (L.) Mill.",10.8,332.5,"2016",12,"douglas","Abies balsamea (L.) Mill.","balsam fir","Pinaceae","tree","balsamea",0.608,"sw2",-2.2304,2.4435,"AbiesBelow0.35spg","conifer","Conifer",0.33,-2.3123,2.3482,1.87856,0.79034,NA,"Check",34.4099838934569,25.3165255279514,NA
"Abies","ABBA","NEON.PLA.D05.TREE.00077","TREE_050","TREE","D05",2018-08-29,"Live","small tree",NA,130,NA,9.4,7.5,NA,NA,"Abies balsamea (L.) Mill.",NA,NA,"2018",12,"douglas","Abies balsamea (L.) Mill.","balsam fir","Pinaceae","tree","balsamea",0.608,"sw2",-2.2304,2.4435,"AbiesBelow0.35spg","conifer","Conifer",0.33,-2.3123,2.3482,1.87856,0.79034,NA,"Check",4.38056552165327,3.49270666577541,NA
"Abies","ABBA","NEON.PLA.D05.TREE.00895","TREE_057","TREE","D05",2018-10-16,"Live","single bole tree",NA,130,NA,7.3,10.1,NA,23,"Abies balsamea (L.) Mill.",10,22.1,"2018",12,"douglas","Abies balsamea (L.) Mill.","balsam fir","Pinaceae","tree","balsamea",0.608,"sw2",-2.2304,2.4435,"AbiesBelow0.35spg","conifer","Conifer",0.33,-2.3123,2.3482,1.87856,0.79034,NA,"Check",30.5779850789256,22.601034561274,NA
"Abies","ABBA","NEON.PLA.D05.TREE.00315","TREE_054","TREE","D05",2017-08-30,"Live","single bole tree",NA,130,NA,10.1,11,NA,23,"Abies balsamea (L.) Mill.",6.1,295.1,"2017",12,"douglas","Abies balsamea (L.) Mill.","balsam fir","Pinaceae","tree","balsamea",0.608,"sw2",-2.2304,2.4435,"AbiesBelow0.35spg","conifer","Conifer",0.33,-2.3123,2.3482,1.87856,0.79034,NA,"Check",37.6697392257646,27.617169967899,NA
"Abies","ABBA","NEON.PLA.D05.TREE.01361","TREE_045","TREE","D05",2017-10-19,"Live","small tree",NA,130,NA,2.8,3.5,NA,NA,"Abies balsamea (L.) Mill.",NA,NA,"2017",12,"douglas","Abies balsamea (L.) Mill.","balsam fir","Pinaceae","tree","balsamea",0.608,"sw2",-2.2304,2.4435,"AbiesBelow0.35spg","conifer","Conifer",0.33,-2.3123,2.3482,1.87856,0.79034,NA,"Check",0.680374847349505,0.583342792207044,NA
"Abies","ABBA","NEON.PLA.D05.TREE.00316","TREE_054","TREE","D05",2015-07-30,"Live","single bole tree","Partially shaded",130,NA,10.2,13.3,NA,23,"Abies balsamea (L.) Mill.",5.1,276.5,"2015",12,"douglas","Abies balsamea (L.) Mill.","balsam fir","Pinaceae","tree","balsamea",0.608,"sw2",-2.2304,2.4435,"AbiesBelow0.35spg","conifer","Conifer",0.33,-2.3123,2.3482,1.87856,0.79034,NA,"Check",59.907482873306,43.1329629974291,NA
"Abies","ABBA","NEON.PLA.D05.TREE.00491","TREE_051","TREE","D05",2018-10-09,"Live","single bole tree",NA,130,NA,9.9,10.7,NA,59,"Abies balsamea (L.) Mill.",2,134.8,"2018",12,"douglas","Abies balsamea (L.) Mill.","balsam fir","Pinaceae","tree","balsamea",0.608,"sw2",-2.2304,2.4435,"AbiesBelow0.35spg","conifer","Conifer",0.33,-2.3123,2.3482,1.87856,0.79034,NA,"Check",35.2086074406931,25.8809286967081,NA
"Abies","ABBA","NEON.PLA.D05.TREE.00398","TREE_054","TREE","D05",2021-09-20,"Live","single bole tree","Mostly shaded",130,NA,10.9,13.1,NA,43,"Abies balsamea (L.) Mill.",10.2,327.6,"2021",12,"douglas","Abies balsamea (L.) Mill.","balsam fir","Pinaceae","tree","balsamea",0.608,"sw2",-2.2304,2.4435,"AbiesBelow0.35spg","conifer","Conifer",0.33,-2.3123,2.3482,1.87856,0.79034,NA,"Check",57.7300586212782,41.6252951502566,NA
"Abies","ABBA","NEON.PLA.D05.TREE.00677","TREE_051","TREE","D05",2018-10-09,"Live","single bole tree",NA,130,NA,10.4,12.8,NA,57,"Abies balsamea (L.) Mill.",3.7,95.8,"2018",12,"douglas","Abies balsamea (L.) Mill.","balsam fir","Pinaceae","tree","balsamea",0.608,"sw2",-2.2304,2.4435,"AbiesBelow0.35spg","conifer","Conifer",0.33,-2.3123,2.3482,1.87856,0.79034,NA,"Check",54.5528128274887,39.4213343360838,NA
"Abies","ABBA","NEON.PLA.D05.TREE.00782","TREE_052","TREE","D05",2015-08-03,"Live","sapling","Full shade",10,NA,1.3,1.5,NA,NA,"Abies balsamea (L.) Mill.",NA,NA,"2015",12,"douglas","Abies balsamea (L.) Mill.","balsam fir","Pinaceae","tree","balsamea",0.608,"sw2",-2.2304,2.4435,"AbiesBelow0.35spg","conifer","Conifer",0.33,-2.3123,2.3482,1.87856,0.79034,1.07394332059371,"Check",0.0379333274278359,0.0363993549036406,NA
"Abies","ABBA","NEON.PLA.D05.TREE.00398","TREE_054","TREE","D05",2015-07-30,"Live","single bole tree","Mostly shaded",130,NA,8.2,10.6,NA,43,"Abies balsamea (L.) Mill.",10.2,327.6,"2015",12,"douglas","Abies balsamea (L.) Mill.","balsam fir","Pinaceae","tree","balsamea",0.608,"sw2",-2.2304,2.4435,"AbiesBelow0.35spg","conifer","Conifer",0.33,-2.3123,2.3482,1.87856,0.79034,NA,"Check",34.4099838934569,25.3165255279514,NA
"Abies","ABBA","NEON.PLA.D05.TREE.00317","TREE_054","TREE","D05",2016-10-18,"Live","single bole tree",NA,130,NA,9.5,11,NA,41,"Abies balsamea (L.) Mill.",8.9,192.2,"2016",12,"douglas","Abies balsamea (L.) Mill.","balsam fir","Pinaceae","tree","balsamea",0.608,"sw2",-2.2304,2.4435,"AbiesBelow0.35spg","conifer","Conifer",0.33,-2.3123,2.3482,1.87856,0.79034,NA,"Check",37.6697392257646,27.617169967899,NA
"Abies","ABBA","NEON.PLA.D05.TREE.00370","TREE_051","TREE","D05",2016-09-28,"Live","single bole tree",NA,130,NA,13.3,15.1,NA,61,"Abies balsamea (L.) Mill.",9.6,223.5,"2016",12,"douglas","Abies balsamea (L.) Mill.","balsam fir","Pinaceae","tree","balsamea",0.608,"sw2",-2.2304,2.4435,"AbiesBelow0.35spg","conifer","Conifer",0.33,-2.3123,2.3482,1.87856,0.79034,NA,"Check",81.6920431882359,58.1104899479983,NA
"Abies","ABBA","NEON.PLA.D05.TREE.00044","TREE_050","TREE","D05",2016-09-29,"Live","single bole tree",NA,140,NA,14.3,13.8,NA,39,"Abies balsamea (L.) Mill.",5,56.3,"2016",12,"douglas","Abies balsamea (L.) Mill.","balsam fir","Pinaceae","tree","balsamea",0.608,"sw2",-2.2304,2.4435,"AbiesBelow0.35spg","conifer","Conifer",0.33,-2.3123,2.3482,1.87856,0.79034,NA,"Check",65.5607835171622,47.0375767745749,NA
"Abies","ABBA","NEON.PLA.D05.TREE.00307","TREE_051","TREE","D05",2015-08-03,"Live","small tree","Full sun",130,NA,5.4,8.8,NA,NA,"Abies balsamea (L.) Mill.",NA,NA,"2015",12,"douglas","Abies balsamea (L.) Mill.","balsam fir","Pinaceae","tree","balsamea",0.608,"sw2",-2.2304,2.4435,"AbiesBelow0.35spg","conifer","Conifer",0.33,-2.3123,2.3482,1.87856,0.79034,NA,"Check",6.47383152174139,5.08367133403537,NA
"Abies","ABBA","NEON.PLA.D05.TREE.01085","TREE_047","TREE","D05",2018-08-28,"Live","small tree",NA,130,NA,6,8.5,NA,NA,"Abies balsamea (L.) Mill.",NA,NA,"2018",12,"douglas","Abies balsamea (L.) Mill.","balsam fir","Pinaceae","tree","balsamea",0.608,"sw2",-2.2304,2.4435,"AbiesBelow0.35spg","conifer","Conifer",0.33,-2.3123,2.3482,1.87856,0.79034,NA,"Check",5.94775579082023,4.68602688255058,NA
"Abies","ABBA","NEON.PLA.D05.TREE.00100","TREE_050","TREE","D05",2018-08-29,"Live","small tree",NA,130,NA,3,2.4,NA,NA,"Abies balsamea (L.) Mill.",NA,NA,"2018",12,"douglas","Abies balsamea (L.) Mill.","balsam fir","Pinaceae","tree","balsamea",0.608,"sw2",-2.2304,2.4435,"AbiesBelow0.35spg","conifer","Conifer",0.33,-2.3123,2.3482,1.87856,0.79034,NA,"Check",0.27062265635465,0.240522268978321,NA
"Abies","ABBA","NEON.PLA.D05.TREE.02309","TREE_015","TREE","D05",2018-05-08,"Live","small tree",NA,130,NA,NA,1.2,NA,NA,"Abies balsamea (L.) Mill.",NA,NA,"2018",12,"douglas","Abies balsamea (L.) Mill.","balsam fir","Pinaceae","tree","balsamea",0.608,"sw2",-2.2304,2.4435,"AbiesBelow0.35spg","conifer","Conifer",0.33,-2.3123,2.3482,1.87856,0.79034,NA,"Check",0.0497504895073365,0.0472363852883238,NA
"Abies","ABBA","NEON.PLA.D05.TREE.00318","TREE_054","TREE","D05",2016-10-18,"Live","single bole tree",NA,130,NA,10.9,11.2,NA,41,"Abies balsamea (L.) Mill.",10.9,209.4,"2016",12,"douglas","Abies balsamea (L.) Mill.","balsam fir","Pinaceae","tree","balsamea",0.608,"sw2",-2.2304,2.4435,"AbiesBelow0.35spg","conifer","Conifer",0.33,-2.3123,2.3482,1.87856,0.79034,NA,"Check",39.3653236069096,28.8107544028986,NA
"Abies","ABBA","NEON.PLA.D05.TREE.02502","TREE_001","TREE","D05",2019-10-07,"Live","small tree",NA,130,NA,5.2,5.4,NA,NA,"Abies balsamea (L.) Mill.",NA,NA,"2019",12,"douglas","Abies balsamea (L.) Mill.","balsam fir","Pinaceae","tree","balsamea",0.608,"sw2",-2.2304,2.4435,"AbiesBelow0.35spg","conifer","Conifer",0.33,-2.3123,2.3482,1.87856,0.79034,NA,"Check",1.96300829888665,1.61491727830775,NA
"Abies","ABBA","NEON.PLA.D05.TREE.02503","TREE_001","TREE","D05",2019-10-07,"Live","single bole tree","Mostly shaded",130,NA,13.9,14.8,NA,49,"Abies balsamea (L.) Mill.",4.1,164.6,"2019",12,"douglas","Abies balsamea (L.) Mill.","balsam fir","Pinaceae","tree","balsamea",0.608,"sw2",-2.2304,2.4435,"AbiesBelow0.35spg","conifer","Conifer",0.33,-2.3123,2.3482,1.87856,0.79034,NA,"Check",77.7828924962923,55.4356864370049,NA
"Abies","ABBA","NEON.PLA.D05.TREE.03618","TREE_008","TREE","D05",2018-04-30,"Live","single bole tree","Full sun",130,NA,12.8,30.8,NA,49,"Abies balsamea (L.) Mill.",6.8,113.6,"2018",12,"douglas","Abies balsamea (L.) Mill.","balsam fir","Pinaceae","tree","balsamea",0.608,"sw2",-2.2304,2.4435,"AbiesBelow0.35spg","conifer","Conifer",0.33,-2.3123,2.3482,1.87856,0.79034,NA,"Check",466.254743654873,309.881508885694,NA
"Abies","ABBA","NEON.PLA.D05.TREE.00073","TREE_050","TREE","D05",2016-09-29,"Live","single bole tree",NA,130,NA,9.6,12.1,NA,41,"Abies balsamea (L.) Mill.",2.8,90,"2016",12,"douglas","Abies balsamea (L.) Mill.","balsam fir","Pinaceae","tree","balsamea",0.608,"sw2",-2.2304,2.4435,"AbiesBelow0.35spg","conifer","Conifer",0.33,-2.3123,2.3482,1.87856,0.79034,NA,"Check",47.5483707006928,34.5443858596436,NA
"Abies","ABBA","NEON.PLA.D05.TREE.00233","TREE_055","TREE","D05",2016-09-27,"Live","small tree",NA,130,NA,3,3.4,NA,NA,"Abies balsamea (L.) Mill.",NA,NA,"2016",12,"douglas","Abies balsamea (L.) Mill.","balsam fir","Pinaceae","tree","balsamea",0.608,"sw2",-2.2304,2.4435,"AbiesBelow0.35spg","conifer","Conifer",0.33,-2.3123,2.3482,1.87856,0.79034,NA,"Check",0.633850324948051,0.544956763911768,NA
"Abies","ABBA","NEON.PLA.D05.TREE.03828","TREE_016","TREE","D05",2017-10-24,"Live, disease damaged","small tree",NA,130,NA,0.7,1.8,NA,NA,"Abies balsamea (L.) Mill.",NA,NA,"2017",12,"douglas","Abies balsamea (L.) Mill.","balsam fir","Pinaceae","tree","balsamea",0.608,"sw2",-2.2304,2.4435,"AbiesBelow0.35spg","conifer","Conifer",0.33,-2.3123,2.3482,1.87856,0.79034,NA,"Check",0.133991222565366,0.122397951916805,NA
"Abies","ABBA","NEON.PLA.D05.TREE.00074","TREE_054","TREE","D05",2022-09-07,"Live,  other damage","single bole tree","Mostly shaded",130,NA,11.4,11.3,NA,21,"Abies balsamea (L.) Mill.",8,17.4,"2022",12,"douglas","Abies balsamea (L.) Mill.","balsam fir","Pinaceae","tree","balsamea",0.608,"sw2",-2.2304,2.4435,"AbiesBelow0.35spg","conifer","Conifer",0.33,-2.3123,2.3482,1.87856,0.79034,NA,"Check",40.2296972434736,29.4184421156933,NA
"Abies","ABBA","NEON.PLA.D05.TREE.02505","TREE_001","TREE","D05",2019-10-07,"Live","single bole tree","Mostly shaded",130,NA,10.9,12,NA,41,"Abies balsamea (L.) Mill.",4.6,343,"2019",12,"douglas","Abies balsamea (L.) Mill.","balsam fir","Pinaceae","tree","balsamea",0.608,"sw2",-2.2304,2.4435,"AbiesBelow0.35spg","conifer","Conifer",0.33,-2.3123,2.3482,1.87856,0.79034,NA,"Check",46.593889166046,33.8777275836251,NA
"Abies","ABBA","NEON.PLA.D05.TREE.02505","TREE_001","TREE","D05",2017-10-25,"Live","single bole tree","Mostly shaded",130,NA,10.4,11.5,NA,41,"Abies balsamea (L.) Mill.",4.6,343,"2017",12,"douglas","Abies balsamea (L.) Mill.","balsam fir","Pinaceae","tree","balsamea",0.608,"sw2",-2.2304,2.4435,"AbiesBelow0.35spg","conifer","Conifer",0.33,-2.3123,2.3482,1.87856,0.79034,NA,"Check",41.99182602644,30.6557212360055,NA
"Abies","ABBA","NEON.PLA.D05.TREE.09892","TREE_054","TREE","D05",2022-09-07,"Standing dead","small tree","Full shade",130,NA,2.3,1.5,NA,NA,"Abies balsamea (L.) Mill.",NA,NA,"2022",12,"douglas","Abies balsamea (L.) Mill.","balsam fir","Pinaceae","tree","balsamea",0.608,"sw2",-2.2304,2.4435,"AbiesBelow0.35spg","conifer","Conifer",0.33,-2.3123,2.3482,1.87856,0.79034,NA,"Check",0.0858216727315645,0.0797702124793076,NA
"Abies","ABBA","NEON.PLA.D05.TREE.00723","TREE_051","TREE","D05",2017-09-26,"Live","small tree",NA,130,NA,8.9,8.8,NA,NA,"Abies balsamea (L.) Mill.",NA,NA,"2017",12,"douglas","Abies balsamea (L.) Mill.","balsam fir","Pinaceae","tree","balsamea",0.608,"sw2",-2.2304,2.4435,"AbiesBelow0.35spg","conifer","Conifer",0.33,-2.3123,2.3482,1.87856,0.79034,NA,"Check",6.47383152174139,5.08367133403537,NA
"Abies","ABBA","NEON.PLA.D05.TREE.00322","TREE_051","TREE","D05",2016-09-28,"Live","small tree",NA,130,NA,5.4,6.6,NA,NA,"Abies balsamea (L.) Mill.",NA,NA,"2016",12,"douglas","Abies balsamea (L.) Mill.","balsam fir","Pinaceae","tree","balsamea",0.608,"sw2",-2.2304,2.4435,"AbiesBelow0.35spg","conifer","Conifer",0.33,-2.3123,2.3482,1.87856,0.79034,NA,"Check",3.20533621229244,2.58699937493183,NA
"Abies","ABBA","NEON.PLA.D05.TREE.00075","TREE_054","TREE","D05",2015-07-30,"Standing dead","small tree","Full shade",130,NA,4.1,3.3,NA,NA,"Abies balsamea (L.) Mill.",NA,NA,"2015",12,"douglas","Abies balsamea (L.) Mill.","balsam fir","Pinaceae","tree","balsamea",0.608,"sw2",-2.2304,2.4435,"AbiesBelow0.35spg","conifer","Conifer",0.33,-2.3123,2.3482,1.87856,0.79034,NA,"Check",0.589259775013663,0.508063139991196,NA
"Abies","ABBA","NEON.PLA.D05.TREE.00216","TREE_050","TREE","D05",2021-10-06,"Live","single bole tree","Mostly shaded",140,NA,10.1,10.9,NA,41,"Abies balsamea (L.) Mill.",3.3,42.2,"2021",12,"douglas","Abies balsamea (L.) Mill.","balsam fir","Pinaceae","tree","balsamea",0.608,"sw2",-2.2304,2.4435,"AbiesBelow0.35spg","conifer","Conifer",0.33,-2.3123,2.3482,1.87856,0.79034,NA,"Check",36.8384403787844,27.0312277681496,NA
"Abies","ABBA","NEON.PLA.D05.TREE.00275","TREE_056","TREE","D05",2016-09-28,"Live","single bole tree",NA,130,NA,11.8,15.5,NA,43,"Abies balsamea (L.) Mill.",8.6,335.5,"2016",12,"douglas","Abies balsamea (L.) Mill.","balsam fir","Pinaceae","tree","balsamea",0.608,"sw2",-2.2304,2.4435,"AbiesBelow0.35spg","conifer","Conifer",0.33,-2.3123,2.3482,1.87856,0.79034,NA,"Check",87.0813377414974,61.7899385256705,NA
"Abies","ABBA","NEON.PLA.D05.TREE.00397","TREE_054","TREE","D05",2015-07-30,"Live","small tree","Full shade",130,NA,3.8,2.5,NA,NA,"Abies balsamea (L.) Mill.",NA,NA,"2015",12,"douglas","Abies balsamea (L.) Mill.","balsam fir","Pinaceae","tree","balsamea",0.608,"sw2",-2.2304,2.4435,"AbiesBelow0.35spg","conifer","Conifer",0.33,-2.3123,2.3482,1.87856,0.79034,NA,"Check",0.299009092374654,0.264719529773721,NA
"Abies","ABBA","NEON.PLA.D05.TREE.00237","TREE_050","TREE","D05",2016-09-29,"Live","single bole tree",NA,130,NA,7.8,19.8,NA,61,"Abies balsamea (L.) Mill.",2.4,254.5,"2016",12,"douglas","Abies balsamea (L.) Mill.","balsam fir","Pinaceae","tree","balsamea",0.608,"sw2",-2.2304,2.4435,"AbiesBelow0.35spg","conifer","Conifer",0.33,-2.3123,2.3482,1.87856,0.79034,NA,"Check",158.398469133304,109.801954131597,NA
"Abies","ABBA","NEON.PLA.D05.TREE.03258","TREE_008","TREE","D05",2019-10-09,"Live","small tree",NA,130,NA,3.4,6.3,NA,NA,"Abies balsamea (L.) Mill.",NA,NA,"2019",12,"douglas","Abies balsamea (L.) Mill.","balsam fir","Pinaceae","tree","balsamea",0.608,"sw2",-2.2304,2.4435,"AbiesBelow0.35spg","conifer","Conifer",0.33,-2.3123,2.3482,1.87856,0.79034,NA,"Check",2.86092594406005,2.31928827564036,NA
"Abies","ABBA","NEON.PLA.D05.TREE.00378","TREE_054","TREE","D05",2015-07-30,"Live","sapling","Full shade",10,NA,1.4,1.8,NA,NA,"Abies balsamea (L.) Mill.",NA,NA,"2015",12,"douglas","Abies balsamea (L.) Mill.","balsam fir","Pinaceae","tree","balsamea",0.608,"sw2",-2.2304,2.4435,"AbiesBelow0.35spg","conifer","Conifer",0.33,-2.3123,2.3482,1.87856,0.79034,1.29814358285745,"Check",0.0602867783442535,0.0568129958331116,NA
"Abies","ABBA","NEON.PLA.D05.TREE.00379","TREE_054","TREE","D05",2016-10-18,"Live","small tree",NA,130,NA,4.7,5.6,NA,NA,"Abies balsamea (L.) Mill.",NA,NA,"2016",12,"douglas","Abies balsamea (L.) Mill.","balsam fir","Pinaceae","tree","balsamea",0.608,"sw2",-2.2304,2.4435,"AbiesBelow0.35spg","conifer","Conifer",0.33,-2.3123,2.3482,1.87856,0.79034,NA,"Check",2.14543532707086,1.75888878333103,NA
"Abies","ABBA","NEON.PLA.D05.TREE.00132","TREE_050","TREE","D05",2021-10-06,"Standing dead","single bole tree","Partially shaded",130,NA,12.2,15.1,NA,39,"Abies balsamea (L.) Mill.",8.8,81.6,"2021",12,"douglas","Abies balsamea (L.) Mill.","balsam fir","Pinaceae","tree","balsamea",0.608,"sw2",-2.2304,2.4435,"AbiesBelow0.35spg","conifer","Conifer",0.33,-2.3123,2.3482,1.87856,0.79034,NA,"Check",81.6920431882359,58.1104899479983,NA
"Abies","ABBA","NEON.PLA.D05.TREE.02243","TREE_015","TREE","D05",2019-10-24,"Standing dead","single bole tree","Mostly shaded",130,NA,12.4,12.5,NA,41,"Abies balsamea (L.) Mill.",5,214,"2019",12,"douglas","Abies balsamea (L.) Mill.","balsam fir","Pinaceae","tree","balsamea",0.608,"sw2",-2.2304,2.4435,"AbiesBelow0.35spg","conifer","Conifer",0.33,-2.3123,2.3482,1.87856,0.79034,NA,"Check",51.4812643457568,37.285928466556,NA
"Abies","ABBA","NEON.PLA.D05.TREE.00044","TREE_050","TREE","D05",2017-08-30,"Live","single bole tree",NA,140,NA,15.5,14.1,NA,39,"Abies balsamea (L.) Mill.",5,56.3,"2017",12,"douglas","Abies balsamea (L.) Mill.","balsam fir","Pinaceae","tree","balsamea",0.608,"sw2",-2.2304,2.4435,"AbiesBelow0.35spg","conifer","Conifer",0.33,-2.3123,2.3482,1.87856,0.79034,NA,"Check",69.0981610409131,49.4740188081104,NA
"Abies","ABBA","NEON.PLA.D05.TREE.01377","TREE_039","TREE","D05",2021-09-30,"Live","small tree","Mostly shaded",130,NA,9.6,9.2,NA,NA,"Abies balsamea (L.) Mill.",NA,NA,"2021",12,"douglas","Abies balsamea (L.) Mill.","balsam fir","Pinaceae","tree","balsamea",0.608,"sw2",-2.2304,2.4435,"AbiesBelow0.35spg","conifer","Conifer",0.33,-2.3123,2.3482,1.87856,0.79034,NA,"Check",7.21661504891742,5.64299714463163,NA
"Abies","ABBA","NEON.PLA.D05.TREE.00351","TREE_054","TREE","D05",2021-09-20,"Live","small tree","Mostly shaded",130,NA,4.8,5.3,NA,NA,"Abies balsamea (L.) Mill.",NA,NA,"2021",12,"douglas","Abies balsamea (L.) Mill.","balsam fir","Pinaceae","tree","balsamea",0.608,"sw2",-2.2304,2.4435,"AbiesBelow0.35spg","conifer","Conifer",0.33,-2.3123,2.3482,1.87856,0.79034,NA,"Check",1.87536614168729,1.54556705323716,NA
"Abies","ABBA","NEON.PLA.D05.TREE.00727","TREE_052","TREE","D05",2015-08-03,"Live,  other damage","sapling","Full shade",10,NA,0.6,1,NA,NA,"Abies balsamea (L.) Mill.",NA,NA,"2015",12,"douglas","Abies balsamea (L.) Mill.","balsam fir","Pinaceae","tree","balsamea",0.608,"sw2",-2.2304,2.4435,"AbiesBelow0.35spg","conifer","Conifer",0.33,-2.3123,2.3482,1.87856,0.79034,0.704469670267665,"Check",0.0135384677160223,0.0135236370729611,NA
"Abies","ABBA","NEON.PLA.D05.TREE.00445","TREE_051","TREE","D05",2016-09-28,"Dead, broken bole","small tree",NA,130,NA,NA,1,NA,NA,"Abies balsamea (L.) Mill.",NA,NA,"2016",12,"douglas","Abies balsamea (L.) Mill.","balsam fir","Pinaceae","tree","balsamea",0.608,"sw2",-2.2304,2.4435,"AbiesBelow0.35spg","conifer","Conifer",0.33,-2.3123,2.3482,1.87856,0.79034,NA,"Check",0.0318652979425638,0.030785290376143,NA
"Abies","ABBA","NEON.PLA.D05.TREE.00351","TREE_054","TREE","D05",2017-08-30,"Live","small tree",NA,130,NA,5.1,4.5,NA,NA,"Abies balsamea (L.) Mill.",NA,NA,"2017",12,"douglas","Abies balsamea (L.) Mill.","balsam fir","Pinaceae","tree","balsamea",0.608,"sw2",-2.2304,2.4435,"AbiesBelow0.35spg","conifer","Conifer",0.33,-2.3123,2.3482,1.87856,0.79034,NA,"Check",1.25731113255729,1.05248733667272,NA
"Abies","ABBA","NEON.PLA.D05.TREE.00071","TREE_050","TREE","D05",2015-07-29,"Live","sapling","Open grown",10,NA,1,1.9,NA,NA,"Abies balsamea (L.) Mill.",NA,NA,"2015",12,"douglas","Abies balsamea (L.) Mill.","balsam fir","Pinaceae","tree","balsamea",0.608,"sw2",-2.2304,2.4435,"AbiesBelow0.35spg","conifer","Conifer",0.33,-2.3123,2.3482,1.87856,0.79034,1.37322264723203,"Check",0.0691652597805064,0.064831574657888,NA
"Abies","ABBA","NEON.PLA.D05.TREE.00822","TREE_052","TREE","D05",2016-09-29,"Live","small tree",NA,130,NA,6.5,9.7,NA,NA,"Abies balsamea (L.) Mill.",NA,NA,"2016",12,"douglas","Abies balsamea (L.) Mill.","balsam fir","Pinaceae","tree","balsamea",0.608,"sw2",-2.2304,2.4435,"AbiesBelow0.35spg","conifer","Conifer",0.33,-2.3123,2.3482,1.87856,0.79034,NA,"Check",8.21286560665146,6.38970253766729,NA
"Abies","ABBA","NEON.PLA.D05.TREE.00822","TREE_052","TREE","D05",2017-09-26,"Dead, broken bole","small tree",NA,130,NA,8.3,9.5,NA,NA,"Abies balsamea (L.) Mill.",NA,NA,"2017",12,"douglas","Abies balsamea (L.) Mill.","balsam fir","Pinaceae","tree","balsamea",0.608,"sw2",-2.2304,2.4435,"AbiesBelow0.35spg","conifer","Conifer",0.33,-2.3123,2.3482,1.87856,0.79034,NA,"Check",7.80522834500789,6.08462509507786,NA
"Abies","ABBA","NEON.PLA.D05.TREE.00299","TREE_051","TREE","D05",2016-09-28,"Live, physically damaged","single bole tree",NA,130,NA,9.6,10.5,NA,59,"Abies balsamea (L.) Mill.",6.3,91.7,"2016",12,"douglas","Abies balsamea (L.) Mill.","balsam fir","Pinaceae","tree","balsamea",0.608,"sw2",-2.2304,2.4435,"AbiesBelow0.35spg","conifer","Conifer",0.33,-2.3123,2.3482,1.87856,0.79034,NA,"Check",33.6221622691773,24.759255504112,NA
"Abies","ABBA","NEON.PLA.D05.TREE.00823","TREE_025","TREE","D05",2017-10-18,"Live","small tree",NA,130,NA,2,1.3,NA,NA,"Abies balsamea (L.) Mill.",NA,NA,"2017",12,"douglas","Abies balsamea (L.) Mill.","balsam fir","Pinaceae","tree","balsamea",0.608,"sw2",-2.2304,2.4435,"AbiesBelow0.35spg","conifer","Conifer",0.33,-2.3123,2.3482,1.87856,0.79034,NA,"Check",0.060497658336138,0.0570039609933637,NA
"Abies","ABBA","NEON.PLA.D05.TREE.00797","TREE_052","TREE","D05",2017-09-26,"Live","small tree",NA,130,NA,5.3,5.1,NA,NA,"Abies balsamea (L.) Mill.",NA,NA,"2017",12,"douglas","Abies balsamea (L.) Mill.","balsam fir","Pinaceae","tree","balsamea",0.608,"sw2",-2.2304,2.4435,"AbiesBelow0.35spg","conifer","Conifer",0.33,-2.3123,2.3482,1.87856,0.79034,NA,"Check",1.70712651883997,1.41208078007819,NA
"Abies","ABBA","NEON.PLA.D05.TREE.00185","TREE_050","TREE","D05",2015-07-29,"Live","single bole tree","Open grown",130,NA,8.5,20.4,NA,41,"Abies balsamea (L.) Mill.",21,336.8,"2015",12,"douglas","Abies balsamea (L.) Mill.","balsam fir","Pinaceae","tree","balsamea",0.608,"sw2",-2.2304,2.4435,"AbiesBelow0.35spg","conifer","Conifer",0.33,-2.3123,2.3482,1.87856,0.79034,NA,"Check",170.384820733929,117.775356810534,NA
"Abies","ABBA","NEON.PLA.D05.TREE.00187","TREE_050","TREE","D05",2015-07-29,"Standing dead","single bole tree","Full shade",130,NA,11.3,17,NA,39,"Abies balsamea (L.) Mill.",8,31.8,"2015",12,"douglas","Abies balsamea (L.) Mill.","balsam fir","Pinaceae","tree","balsamea",0.608,"sw2",-2.2304,2.4435,"AbiesBelow0.35spg","conifer","Conifer",0.33,-2.3123,2.3482,1.87856,0.79034,NA,"Check",109.131852396675,76.7575363024735,NA
"Abies","ABBA","NEON.PLA.D05.TREE.00083","TREE_050","TREE","D05",2018-08-29,"Live","small tree",NA,130,NA,2.2,2.6,NA,NA,"Abies balsamea (L.) Mill.",NA,NA,"2018",12,"douglas","Abies balsamea (L.) Mill.","balsam fir","Pinaceae","tree","balsamea",0.608,"sw2",-2.2304,2.4435,"AbiesBelow0.35spg","conifer","Conifer",0.33,-2.3123,2.3482,1.87856,0.79034,NA,"Check",0.329082932937723,0.290257646837017,NA
"Abies","ABBA","NEON.PLA.D05.TREE.01371","TREE_039","TREE","D05",2015-08-11,"Live","sapling","Full shade",10,NA,1.3,2.1,NA,NA,"Abies balsamea (L.) Mill.",NA,NA,"2015",12,"douglas","Abies balsamea (L.) Mill.","balsam fir","Pinaceae","tree","balsamea",0.608,"sw2",-2.2304,2.4435,"AbiesBelow0.35spg","conifer","Conifer",0.33,-2.3123,2.3482,1.87856,0.79034,1.52384700858481,"Check",0.0891939122235964,0.0827801429316602,NA
"Abies","ABBA","NEON.PLA.D05.TREE.01214","TREE_047","TREE","D05",2018-10-11,"Live","small tree",NA,130,NA,6.4,4.3,NA,NA,"Abies balsamea (L.) Mill.",NA,NA,"2018",12,"douglas","Abies balsamea (L.) Mill.","balsam fir","Pinaceae","tree","balsamea",0.608,"sw2",-2.2304,2.4435,"AbiesBelow0.35spg","conifer","Conifer",0.33,-2.3123,2.3482,1.87856,0.79034,NA,"Check",1.12511821243684,0.945918853671002,NA
"Abies","ABBA","NEON.PLA.D05.TREE.00734","TREE_051","TREE","D05",2016-09-28,"Live","small tree",NA,130,NA,3.4,4.8,NA,NA,"Abies balsamea (L.) Mill.",NA,NA,"2016",12,"douglas","Abies balsamea (L.) Mill.","balsam fir","Pinaceae","tree","balsamea",0.608,"sw2",-2.2304,2.4435,"AbiesBelow0.35spg","conifer","Conifer",0.33,-2.3123,2.3482,1.87856,0.79034,NA,"Check",1.47207842289968,1.22471187245523,NA
"Abies","ABBA","NEON.PLA.D05.TREE.01214","TREE_047","TREE","D05",2017-10-16,"Live","small tree",NA,130,NA,3.5,4.2,NA,NA,"Abies balsamea (L.) Mill.",NA,NA,"2017",12,"douglas","Abies balsamea (L.) Mill.","balsam fir","Pinaceae","tree","balsamea",0.608,"sw2",-2.2304,2.4435,"AbiesBelow0.35spg","conifer","Conifer",0.33,-2.3123,2.3482,1.87856,0.79034,NA,"Check",1.06225216425495,0.895070488248902,NA
"Abies","ABBA","NEON.PLA.D05.TREE.00331","TREE_051","TREE","D05",2017-09-26,"Live","single bole tree",NA,130,NA,11.1,13.4,NA,57,"Abies balsamea (L.) Mill.",8.5,151.8,"2017",12,"douglas","Abies balsamea (L.) Mill.","balsam fir","Pinaceae","tree","balsamea",0.608,"sw2",-2.2304,2.4435,"AbiesBelow0.35spg","conifer","Conifer",0.33,-2.3123,2.3482,1.87856,0.79034,NA,"Check",61.014093376632,43.8983661951029,NA
"Abies","ABBA","NEON.PLA.D05.TREE.00577","TREE_055","TREE","D05",2018-10-10,"Live","small tree",NA,130,NA,1.8,1.1,NA,NA,"Abies balsamea (L.) Mill.",NA,NA,"2018",12,"douglas","Abies balsamea (L.) Mill.","balsam fir","Pinaceae","tree","balsamea",0.608,"sw2",-2.2304,2.4435,"AbiesBelow0.35spg","conifer","Conifer",0.33,-2.3123,2.3482,1.87856,0.79034,NA,"Check",0.0402217543896549,0.0385071660416609,NA
"Abies","ABBA","NEON.PLA.D05.TREE.00386","TREE_051","TREE","D05",2015-08-03,"Live","single bole tree","Partially shaded",130,NA,16.5,18.2,NA,59,"Abies balsamea (L.) Mill.",1.1,92.7,"2015",12,"douglas","Abies balsamea (L.) Mill.","balsam fir","Pinaceae","tree","balsamea",0.608,"sw2",-2.2304,2.4435,"AbiesBelow0.35spg","conifer","Conifer",0.33,-2.3123,2.3482,1.87856,0.79034,NA,"Check",128.924074992767,90.0908123057114,NA
"Abies","ABBA","NEON.PLA.D05.TREE.00265","TREE_054","TREE","D05",2018-10-09,"Live","single bole tree",NA,130,NA,6.4,12.4,NA,21,"Abies balsamea (L.) Mill.",6.1,12,"2018",12,"douglas","Abies balsamea (L.) Mill.","balsam fir","Pinaceae","tree","balsamea",0.608,"sw2",-2.2304,2.4435,"AbiesBelow0.35spg","conifer","Conifer",0.33,-2.3123,2.3482,1.87856,0.79034,NA,"Check",50.4807124086711,36.5892637417449,NA
"Abies","ABBA","NEON.PLA.D05.TREE.00265","TREE_054","TREE","D05",2015-07-30,"Live","single bole tree","Mostly shaded",130,NA,7.8,11.7,NA,21,"Abies balsamea (L.) Mill.",6.1,12,"2015",12,"douglas","Abies balsamea (L.) Mill.","balsam fir","Pinaceae","tree","balsamea",0.608,"sw2",-2.2304,2.4435,"AbiesBelow0.35spg","conifer","Conifer",0.33,-2.3123,2.3482,1.87856,0.79034,NA,"Check",43.7987524871117,31.9223540508798,NA
"Abies","ABBA","NEON.PLA.D05.TREE.03536","TREE_050","TREE","D05",2016-09-29,"Live","small tree",NA,130,NA,4.9,5.1,NA,NA,"Abies balsamea (L.) Mill.",NA,NA,"2016",12,"douglas","Abies balsamea (L.) Mill.","balsam fir","Pinaceae","tree","balsamea",0.608,"sw2",-2.2304,2.4435,"AbiesBelow0.35spg","conifer","Conifer",0.33,-2.3123,2.3482,1.87856,0.79034,NA,"Check",1.70712651883997,1.41208078007819,NA
"Abies","ABBA","NEON.PLA.D05.TREE.00737","TREE_052","TREE","D05",2018-08-29,"Live","small tree",NA,130,NA,2.6,2,NA,NA,"Abies balsamea (L.) Mill.",NA,NA,"2018",12,"douglas","Abies balsamea (L.) Mill.","balsam fir","Pinaceae","tree","balsamea",0.608,"sw2",-2.2304,2.4435,"AbiesBelow0.35spg","conifer","Conifer",0.33,-2.3123,2.3482,1.87856,0.79034,NA,"Check",0.173334406558499,0.156755176062481,NA
"Abies","ABBA","NEON.PLA.D05.TREE.00737","TREE_052","TREE","D05",2016-09-29,"Live","small tree",NA,130,NA,2.4,1.9,NA,NA,"Abies balsamea (L.) Mill.",NA,NA,"2016",12,"douglas","Abies balsamea (L.) Mill.","balsam fir","Pinaceae","tree","balsamea",0.608,"sw2",-2.2304,2.4435,"AbiesBelow0.35spg","conifer","Conifer",0.33,-2.3123,2.3482,1.87856,0.79034,NA,"Check",0.152915816304829,0.138967248938305,NA
"Abies","ABBA","NEON.PLA.D05.TREE.00006","TREE_050","TREE","D05",2018-08-29,"Standing dead","small tree",NA,130,NA,2.5,1.4,NA,NA,"Abies balsamea (L.) Mill.",NA,NA,"2018",12,"douglas","Abies balsamea (L.) Mill.","balsam fir","Pinaceae","tree","balsamea",0.608,"sw2",-2.2304,2.4435,"AbiesBelow0.35spg","conifer","Conifer",0.33,-2.3123,2.3482,1.87856,0.79034,NA,"Check",0.0725073175910424,0.067839260904832,NA
"Abies","ABBA","NEON.PLA.D05.TREE.00006","TREE_050","TREE","D05",2021-10-06,"Standing dead","small tree","Full shade",130,NA,2.5,1.5,NA,NA,"Abies balsamea (L.) Mill.",NA,NA,"2021",12,"douglas","Abies balsamea (L.) Mill.","balsam fir","Pinaceae","tree","balsamea",0.608,"sw2",-2.2304,2.4435,"AbiesBelow0.35spg","conifer","Conifer",0.33,-2.3123,2.3482,1.87856,0.79034,NA,"Check",0.0858216727315645,0.0797702124793076,NA
"Abies","ABBA","NEON.PLA.D05.TREE.01354","TREE_040","TREE","D05",2021-10-05,"Dead, broken bole","single bole tree","Full shade",130,NA,9.2,15.4,NA,43,"Abies balsamea (L.) Mill.",8.3,241.1,"2021",12,"douglas","Abies balsamea (L.) Mill.","balsam fir","Pinaceae","tree","balsamea",0.608,"sw2",-2.2304,2.4435,"AbiesBelow0.35spg","conifer","Conifer",0.33,-2.3123,2.3482,1.87856,0.79034,NA,"Check",85.714928840063,60.8579089563268,NA
"Abies","ABBA","NEON.PLA.D05.TREE.00811","TREE_025","TREE","D05",2018-10-17,"Live","small tree",NA,130,NA,3.2,3.7,NA,NA,"Abies balsamea (L.) Mill.",NA,NA,"2018",12,"douglas","Abies balsamea (L.) Mill.","balsam fir","Pinaceae","tree","balsamea",0.608,"sw2",-2.2304,2.4435,"AbiesBelow0.35spg","conifer","Conifer",0.33,-2.3123,2.3482,1.87856,0.79034,NA,"Check",0.779325516912421,0.664652347214408,NA
"Abies","ABBA","NEON.PLA.D05.TREE.00276","TREE_050","TREE","D05",2015-07-29,"Live","small tree","Mostly shaded",130,NA,4.3,4.8,NA,NA,"Abies balsamea (L.) Mill.",NA,NA,"2015",12,"douglas","Abies balsamea (L.) Mill.","balsam fir","Pinaceae","tree","balsamea",0.608,"sw2",-2.2304,2.4435,"AbiesBelow0.35spg","conifer","Conifer",0.33,-2.3123,2.3482,1.87856,0.79034,NA,"Check",1.47207842289968,1.22471187245523,NA
"Abies","ABBA","NEON.PLA.D05.TREE.00142","TREE_050","TREE","D05",2016-09-29,"Live","single bole tree",NA,130,NA,9.3,12.2,NA,39,"Abies balsamea (L.) Mill.",8,13.9,"2016",12,"douglas","Abies balsamea (L.) Mill.","balsam fir","Pinaceae","tree","balsamea",0.608,"sw2",-2.2304,2.4435,"AbiesBelow0.35spg","conifer","Conifer",0.33,-2.3123,2.3482,1.87856,0.79034,NA,"Check",48.5143071912194,35.2185137053077,NA
"Abies","ABBA","NEON.PLA.D05.TREE.00250","TREE_056","TREE","D05",2021-09-22,"Live","small tree","Full shade",130,NA,3.8,3.5,NA,NA,"Abies balsamea (L.) Mill.",NA,NA,"2021",12,"douglas","Abies balsamea (L.) Mill.","balsam fir","Pinaceae","tree","balsamea",0.608,"sw2",-2.2304,2.4435,"AbiesBelow0.35spg","conifer","Conifer",0.33,-2.3123,2.3482,1.87856,0.79034,NA,"Check",0.680374847349505,0.583342792207044,NA
"Abies","ABBA","NEON.PLA.D05.TREE.00250","TREE_056","TREE","D05",2022-09-20,"Live","small tree","Full shade",130,NA,4.6,4.2,NA,NA,"Abies balsamea (L.) Mill.",NA,NA,"2022",12,"douglas","Abies balsamea (L.) Mill.","balsam fir","Pinaceae","tree","balsamea",0.608,"sw2",-2.2304,2.4435,"AbiesBelow0.35spg","conifer","Conifer",0.33,-2.3123,2.3482,1.87856,0.79034,NA,"Check",1.06225216425495,0.895070488248902,NA
"Abies","ABBA","NEON.PLA.D05.TREE.00008","TREE_056","TREE","D05",2015-07-29,"Live","small tree","Full shade",130,NA,4.1,5.6,NA,NA,"Abies balsamea (L.) Mill.",NA,NA,"2015",12,"douglas","Abies balsamea (L.) Mill.","balsam fir","Pinaceae","tree","balsamea",0.608,"sw2",-2.2304,2.4435,"AbiesBelow0.35spg","conifer","Conifer",0.33,-2.3123,2.3482,1.87856,0.79034,NA,"Check",2.14543532707086,1.75888878333103,NA
"Abies","ABBA","NEON.PLA.D05.TREE.00160","TREE_050","TREE","D05",2017-08-30,"Live","small tree",NA,130,NA,6.5,5.9,NA,NA,"Abies balsamea (L.) Mill.",NA,NA,"2017",12,"douglas","Abies balsamea (L.) Mill.","balsam fir","Pinaceae","tree","balsamea",0.608,"sw2",-2.2304,2.4435,"AbiesBelow0.35spg","conifer","Conifer",0.33,-2.3123,2.3482,1.87856,0.79034,NA,"Check",2.43722078928756,1.98819028834665,NA
"Abies","ABBA","NEON.PLA.D05.TREE.00008","TREE_056","TREE","D05",2022-09-20,"Live","small tree","Mostly shaded",130,NA,7.9,8.9,NA,NA,"Abies balsamea (L.) Mill.",NA,NA,"2022",12,"douglas","Abies balsamea (L.) Mill.","balsam fir","Pinaceae","tree","balsamea",0.608,"sw2",-2.2304,2.4435,"AbiesBelow0.35spg","conifer","Conifer",0.33,-2.3123,2.3482,1.87856,0.79034,NA,"Check",6.65506750036976,5.22036498403519,NA
"Abies","ABBA","NEON.PLA.D05.TREE.00008","TREE_056","TREE","D05",2018-10-09,"Live","small tree",NA,130,NA,5.6,7.1,NA,NA,"Abies balsamea (L.) Mill.",NA,NA,"2018",12,"douglas","Abies balsamea (L.) Mill.","balsam fir","Pinaceae","tree","balsamea",0.608,"sw2",-2.2304,2.4435,"AbiesBelow0.35spg","conifer","Conifer",0.33,-2.3123,2.3482,1.87856,0.79034,NA,"Check",3.83149054878416,3.07091721361445,NA
"Abies","ABBA","NEON.PLA.D05.TREE.00251","TREE_051","TREE","D05",2015-08-03,"Live","sapling","Full shade",10,NA,1.2,2.1,NA,NA,"Abies balsamea (L.) Mill.",NA,NA,"2015",12,"douglas","Abies balsamea (L.) Mill.","balsam fir","Pinaceae","tree","balsamea",0.608,"sw2",-2.2304,2.4435,"AbiesBelow0.35spg","conifer","Conifer",0.33,-2.3123,2.3482,1.87856,0.79034,1.52384700858481,"Check",0.0891939122235964,0.0827801429316602,NA
"Abies","ABBA","NEON.PLA.D05.TREE.01445","TREE_040","TREE","D05",2015-08-04,"Live","sapling","Full shade",10,NA,1.1,1.6,NA,NA,"Abies balsamea (L.) Mill.",NA,NA,"2015",12,"douglas","Abies balsamea (L.) Mill.","balsam fir","Pinaceae","tree","balsamea",0.608,"sw2",-2.2304,2.4435,"AbiesBelow0.35spg","conifer","Conifer",0.33,-2.3123,2.3482,1.87856,0.79034,1.14849394850273,"Check",0.0446933068634579,0.0426125470740908,NA
"Abies","ABBA","NEON.PLA.D05.TREE.00426","TREE_057","TREE","D05",2017-10-17,"Live","single bole tree",NA,130,NA,8.1,12.2,NA,57,"Abies balsamea (L.) Mill.",5.7,93.1,"2017",12,"douglas","Abies balsamea (L.) Mill.","balsam fir","Pinaceae","tree","balsamea",0.608,"sw2",-2.2304,2.4435,"AbiesBelow0.35spg","conifer","Conifer",0.33,-2.3123,2.3482,1.87856,0.79034,NA,"Check",48.5143071912194,35.2185137053077,NA
"Abies","ABBA","NEON.PLA.D05.TREE.00222","TREE_057","TREE","D05",2017-10-17,"Live","small tree",NA,130,NA,4.9,6.1,NA,NA,"Abies balsamea (L.) Mill.",NA,NA,"2017",12,"douglas","Abies balsamea (L.) Mill.","balsam fir","Pinaceae","tree","balsamea",0.608,"sw2",-2.2304,2.4435,"AbiesBelow0.35spg","conifer","Conifer",0.33,-2.3123,2.3482,1.87856,0.79034,NA,"Check",2.6440607869953,2.15008075996871,NA
"Abies","ABBA","NEON.PLA.D05.TREE.00223","TREE_051","TREE","D05",2018-10-09,"Live","single bole tree",NA,130,NA,7,10.3,NA,59,"Abies balsamea (L.) Mill.",5.6,171.7,"2018",12,"douglas","Abies balsamea (L.) Mill.","balsam fir","Pinaceae","tree","balsamea",0.608,"sw2",-2.2304,2.4435,"AbiesBelow0.35spg","conifer","Conifer",0.33,-2.3123,2.3482,1.87856,0.79034,NA,"Check",32.0787432909319,23.6660207273982,NA
"Abies","ABBA","NEON.PLA.D05.TREE.00608","TREE_054","TREE","D05",2021-09-20,"Live","single bole tree","Mostly shaded",130,NA,12.1,17.4,NA,23,"Abies balsamea (L.) Mill.",2.6,344,"2021",12,"douglas","Abies balsamea (L.) Mill.","balsam fir","Pinaceae","tree","balsamea",0.608,"sw2",-2.2304,2.4435,"AbiesBelow0.35spg","conifer","Conifer",0.33,-2.3123,2.3482,1.87856,0.79034,NA,"Check",115.513216143402,81.0659757240653,NA
"Abies","ABBA","NEON.PLA.D05.TREE.00367","TREE_054","TREE","D05",2021-09-20,"Live,  other damage","single bole tree","Partially shaded",130,NA,9.6,11.2,NA,41,"Abies balsamea (L.) Mill.",9,74.5,"2021",12,"douglas","Abies balsamea (L.) Mill.","balsam fir","Pinaceae","tree","balsamea",0.608,"sw2",-2.2304,2.4435,"AbiesBelow0.35spg","conifer","Conifer",0.33,-2.3123,2.3482,1.87856,0.79034,NA,"Check",39.3653236069096,28.8107544028986,NA
"Abies","ABBA","NEON.PLA.D05.TREE.02485","TREE_015","TREE","D05",2018-05-08,"Live","small tree",NA,130,NA,5.3,6,NA,NA,"Abies balsamea (L.) Mill.",NA,NA,"2018",12,"douglas","Abies balsamea (L.) Mill.","balsam fir","Pinaceae","tree","balsamea",0.608,"sw2",-2.2304,2.4435,"AbiesBelow0.35spg","conifer","Conifer",0.33,-2.3123,2.3482,1.87856,0.79034,NA,"Check",2.53939677571742,2.06822612897591,NA
"Abies","ABBA","NEON.PLA.D05.TREE.00981","TREE_039","TREE","D05",2015-08-11,"Standing dead","single bole tree","Mostly shaded",130,NA,2.9,2.3,NA,NA,"Abies balsamea (L.) Mill.",NA,NA,"2015",12,"douglas","Abies balsamea (L.) Mill.","balsam fir","Pinaceae","tree","balsamea",0.608,"sw2",-2.2304,2.4435,"AbiesBelow0.35spg","conifer","Conifer",0.33,-2.3123,2.3482,1.87856,0.79034,NA,"Check",0.243893345411884,0.217646936638539,NA
"Abies","ABBA","NEON.PLA.D05.TREE.00981","TREE_039","TREE","D05",2016-10-18,"Standing dead","small tree",NA,130,NA,2.7,2.3,NA,NA,"Abies balsamea (L.) Mill.",NA,NA,"2016",12,"douglas","Abies balsamea (L.) Mill.","balsam fir","Pinaceae","tree","balsamea",0.608,"sw2",-2.2304,2.4435,"AbiesBelow0.35spg","conifer","Conifer",0.33,-2.3123,2.3482,1.87856,0.79034,NA,"Check",0.243893345411884,0.217646936638539,NA
"Abies","ABBA","NEON.PLA.D05.TREE.03640","TREE_004","TREE","D05",2019-10-08,"Live","single bole tree","Full sun",130,NA,10.9,12.9,NA,49,"Abies balsamea (L.) Mill.",8.4,121.1,"2019",12,"douglas","Abies balsamea (L.) Mill.","balsam fir","Pinaceae","tree","balsamea",0.608,"sw2",-2.2304,2.4435,"AbiesBelow0.35spg","conifer","Conifer",0.33,-2.3123,2.3482,1.87856,0.79034,NA,"Check",55.60009641439,40.1483431304396,NA
"Abies","ABBA","NEON.PLA.D05.TREE.03640","TREE_004","TREE","D05",2018-05-02,"Live","single bole tree","Partially shaded",130,NA,11.1,13.2,NA,49,"Abies balsamea (L.) Mill.",8.4,121.1,"2018",12,"douglas","Abies balsamea (L.) Mill.","balsam fir","Pinaceae","tree","balsamea",0.608,"sw2",-2.2304,2.4435,"AbiesBelow0.35spg","conifer","Conifer",0.33,-2.3123,2.3482,1.87856,0.79034,NA,"Check",58.8128179273103,42.3752794025212,NA
"Abies","ABBA","NEON.PLA.D05.TREE.00188","TREE_050","TREE","D05",2016-09-29,"Live","single bole tree",NA,130,NA,6.2,10.8,NA,41,"Abies balsamea (L.) Mill.",10,301.6,"2016",12,"douglas","Abies balsamea (L.) Mill.","balsam fir","Pinaceae","tree","balsamea",0.608,"sw2",-2.2304,2.4435,"AbiesBelow0.35spg","conifer","Conifer",0.33,-2.3123,2.3482,1.87856,0.79034,NA,"Check",36.0180779880344,26.4524883706449,NA
"Abies","ABBA","NEON.PLA.D05.TREE.02602","TREE_060","TREE","D05",2017-10-26,"Live","single bole tree","Partially shaded",130,NA,9.5,12,NA,49,"Abies balsamea (L.) Mill.",8.7,121.9,"2017",12,"douglas","Abies balsamea (L.) Mill.","balsam fir","Pinaceae","tree","balsamea",0.608,"sw2",-2.2304,2.4435,"AbiesBelow0.35spg","conifer","Conifer",0.33,-2.3123,2.3482,1.87856,0.79034,NA,"Check",46.593889166046,33.8777275836251,NA
"Abies","ABBA","NEON.PLA.D05.TREE.02602","TREE_060","TREE","D05",2019-11-05,"Live","single bole tree","Partially shaded",130,NA,10.1,12.6,NA,49,"Abies balsamea (L.) Mill.",8.7,121.9,"2019",12,"douglas","Abies balsamea (L.) Mill.","balsam fir","Pinaceae","tree","balsamea",0.608,"sw2",-2.2304,2.4435,"AbiesBelow0.35spg","conifer","Conifer",0.33,-2.3123,2.3482,1.87856,0.79034,NA,"Check",52.4934376638088,37.990147832116,NA
"Abies","ABBA","NEON.PLA.D05.TREE.00315","TREE_054","TREE","D05",2021-09-20,"Live","single bole tree","Full shade",130,NA,11.2,11.7,NA,23,"Abies balsamea (L.) Mill.",6.1,295.1,"2021",12,"douglas","Abies balsamea (L.) Mill.","balsam fir","Pinaceae","tree","balsamea",0.608,"sw2",-2.2304,2.4435,"AbiesBelow0.35spg","conifer","Conifer",0.33,-2.3123,2.3482,1.87856,0.79034,NA,"Check",43.7987524871117,31.9223540508798,NA
"Abies","ABBA","NEON.PLA.D05.TREE.00013","TREE_056","TREE","D05",2015-07-29,"Live","small tree","Full shade",130,NA,2.6,3.9,NA,NA,"Abies balsamea (L.) Mill.",NA,NA,"2015",12,"douglas","Abies balsamea (L.) Mill.","balsam fir","Pinaceae","tree","balsamea",0.608,"sw2",-2.2304,2.4435,"AbiesBelow0.35spg","conifer","Conifer",0.33,-2.3123,2.3482,1.87856,0.79034,NA,"Check",0.886307349864757,0.752109656236205,NA
"Abies","ABBA","NEON.PLA.D05.TREE.02414","TREE_012","TREE","D05",2019-10-17,"Live","small tree",NA,130,NA,5.7,6.3,NA,NA,"Abies balsamea (L.) Mill.",NA,NA,"2019",12,"douglas","Abies balsamea (L.) Mill.","balsam fir","Pinaceae","tree","balsamea",0.608,"sw2",-2.2304,2.4435,"AbiesBelow0.35spg","conifer","Conifer",0.33,-2.3123,2.3482,1.87856,0.79034,NA,"Check",2.86092594406005,2.31928827564036,NA
"Abies","ABBA","NEON.PLA.D05.TREE.00398","TREE_054","TREE","D05",2017-08-30,"Live","single bole tree",NA,130,NA,8.9,11.8,NA,43,"Abies balsamea (L.) Mill.",10.2,327.6,"2017",12,"douglas","Abies balsamea (L.) Mill.","balsam fir","Pinaceae","tree","balsamea",0.608,"sw2",-2.2304,2.4435,"AbiesBelow0.35spg","conifer","Conifer",0.33,-2.3123,2.3482,1.87856,0.79034,NA,"Check",44.719122436928,32.5667334095466,NA
"Abies","ABBA","NEON.PLA.D05.TREE.00316","TREE_054","TREE","D05",2018-10-09,"Live","single bole tree",NA,130,NA,12.3,14.8,NA,23,"Abies balsamea (L.) Mill.",5.1,276.5,"2018",12,"douglas","Abies balsamea (L.) Mill.","balsam fir","Pinaceae","tree","balsamea",0.608,"sw2",-2.2304,2.4435,"AbiesBelow0.35spg","conifer","Conifer",0.33,-2.3123,2.3482,1.87856,0.79034,NA,"Check",77.7828924962923,55.4356864370049,NA
"Abies","ABBA","NEON.PLA.D05.TREE.01362","TREE_040","TREE","D05",2016-10-20,"Live","single bole tree",NA,130,NA,10,15.3,NA,23,"Abies balsamea (L.) Mill.",12.6,41.6,"2016",12,"douglas","Abies balsamea (L.) Mill.","balsam fir","Pinaceae","tree","balsamea",0.608,"sw2",-2.2304,2.4435,"AbiesBelow0.35spg","conifer","Conifer",0.33,-2.3123,2.3482,1.87856,0.79034,NA,"Check",84.3612679893332,59.9340032884007,NA
"Abies","ABBA","NEON.PLA.D05.TREE.01354","TREE_040","TREE","D05",2017-10-19,"Live","single bole tree",NA,130,NA,12.7,15.6,NA,43,"Abies balsamea (L.) Mill.",8.3,241.1,"2017",12,"douglas","Abies balsamea (L.) Mill.","balsam fir","Pinaceae","tree","balsamea",0.608,"sw2",-2.2304,2.4435,"AbiesBelow0.35spg","conifer","Conifer",0.33,-2.3123,2.3482,1.87856,0.79034,NA,"Check",88.4605313403995,62.7301103262393,NA
"Abies","ABBA","NEON.PLA.D05.TREE.02221","TREE_015","TREE","D05",2018-05-08,"Live","single bole tree","Partially shaded",130,NA,11.8,12.3,NA,51,"Abies balsamea (L.) Mill.",10.2,240.4,"2018",12,"douglas","Abies balsamea (L.) Mill.","balsam fir","Pinaceae","tree","balsamea",0.608,"sw2",-2.2304,2.4435,"AbiesBelow0.35spg","conifer","Conifer",0.33,-2.3123,2.3482,1.87856,0.79034,NA,"Check",49.4917405274782,35.9001325582182,NA
"Abies","ABBA","NEON.PLA.D05.TREE.00811","TREE_025","TREE","D05",2017-10-18,"Live","small tree",NA,130,NA,3.1,3.5,NA,NA,"Abies balsamea (L.) Mill.",NA,NA,"2017",12,"douglas","Abies balsamea (L.) Mill.","balsam fir","Pinaceae","tree","balsamea",0.608,"sw2",-2.2304,2.4435,"AbiesBelow0.35spg","conifer","Conifer",0.33,-2.3123,2.3482,1.87856,0.79034,NA,"Check",0.680374847349505,0.583342792207044,NA
"Abies","ABBA","NEON.PLA.D05.TREE.00070","TREE_050","TREE","D05",2015-07-29,"Live","small tree","Mostly shaded",130,NA,4.1,5.9,NA,NA,"Abies balsamea (L.) Mill.",NA,NA,"2015",12,"douglas","Abies balsamea (L.) Mill.","balsam fir","Pinaceae","tree","balsamea",0.608,"sw2",-2.2304,2.4435,"AbiesBelow0.35spg","conifer","Conifer",0.33,-2.3123,2.3482,1.87856,0.79034,NA,"Check",2.43722078928756,1.98819028834665,NA
"Abies","ABBA","NEON.PLA.D05.TREE.00250","TREE_056","TREE","D05",2015-07-29,"Live","sapling","Full shade",10,NA,1.1,1.5,NA,NA,"Abies balsamea (L.) Mill.",NA,NA,"2015",12,"douglas","Abies balsamea (L.) Mill.","balsam fir","Pinaceae","tree","balsamea",0.608,"sw2",-2.2304,2.4435,"AbiesBelow0.35spg","conifer","Conifer",0.33,-2.3123,2.3482,1.87856,0.79034,1.07394332059371,"Check",0.0379333274278359,0.0363993549036406,NA
"Abies","ABBA","NEON.PLA.D05.TREE.00071","TREE_050","TREE","D05",2021-10-06,"Live","small tree","Open grown",130,NA,2.5,4,NA,NA,"Abies balsamea (L.) Mill.",NA,NA,"2021",12,"douglas","Abies balsamea (L.) Mill.","balsam fir","Pinaceae","tree","balsamea",0.608,"sw2",-2.2304,2.4435,"AbiesBelow0.35spg","conifer","Conifer",0.33,-2.3123,2.3482,1.87856,0.79034,NA,"Check",0.942869467316505,0.798179420175993,NA
"Abies","ABBA","NEON.PLA.D05.TREE.00401","TREE_057","TREE","D05",2018-10-16,"Live","small tree",NA,130,NA,3,3.1,NA,NA,"Abies balsamea (L.) Mill.",NA,NA,"2018",12,"douglas","Abies balsamea (L.) Mill.","balsam fir","Pinaceae","tree","balsamea",0.608,"sw2",-2.2304,2.4435,"AbiesBelow0.35spg","conifer","Conifer",0.33,-2.3123,2.3482,1.87856,0.79034,NA,"Check",0.505778404857727,0.438691059709943,NA
"Abies","ABBA","NEON.PLA.D05.TREE.01174","TREE_039","TREE","D05",2017-10-17,"Dead, broken bole","small tree",NA,130,NA,4.1,9.8,NA,61,"Abies balsamea (L.) Mill.",2,218.7,"2017",12,"douglas","Abies balsamea (L.) Mill.","balsam fir","Pinaceae","tree","balsamea",0.608,"sw2",-2.2304,2.4435,"AbiesBelow0.35spg","conifer","Conifer",0.33,-2.3123,2.3482,1.87856,0.79034,NA,"Check",8.42129535696905,6.5454622923648,NA
"Abies","ABBA","NEON.PLA.D05.TREE.00100","TREE_050","TREE","D05",2021-10-06,"Standing dead","small tree","Full shade",130,NA,2.9,2.3,NA,NA,"Abies balsamea (L.) Mill.",NA,NA,"2021",12,"douglas","Abies balsamea (L.) Mill.","balsam fir","Pinaceae","tree","balsamea",0.608,"sw2",-2.2304,2.4435,"AbiesBelow0.35spg","conifer","Conifer",0.33,-2.3123,2.3482,1.87856,0.79034,NA,"Check",0.243893345411884,0.217646936638539,NA
"Abies","ABBA","NEON.PLA.D05.TREE.00100","TREE_050","TREE","D05",2015-07-29,"Live","small tree","Full shade",130,NA,2.8,7.3,NA,NA,"Abies balsamea (L.) Mill.",NA,NA,"2015",12,"douglas","Abies balsamea (L.) Mill.","balsam fir","Pinaceae","tree","balsamea",0.608,"sw2",-2.2304,2.4435,"AbiesBelow0.35spg","conifer","Conifer",0.33,-2.3123,2.3482,1.87856,0.79034,NA,"Check",4.10059985705231,3.27791731592345,NA
"Abies","ABBA","NEON.PLA.D05.TREE.00018","TREE_050","TREE","D05",2016-09-29,"Live","single bole tree",NA,130,NA,14.9,15.9,NA,39,"Abies balsamea (L.) Mill.",7,54.5,"2016",12,"douglas","Abies balsamea (L.) Mill.","balsam fir","Pinaceae","tree","balsamea",0.608,"sw2",-2.2304,2.4435,"AbiesBelow0.35spg","conifer","Conifer",0.33,-2.3123,2.3482,1.87856,0.79034,NA,"Check",92.6751848272553,65.5996612644431,NA
"Abies","ABBA","NEON.PLA.D05.TREE.00018","TREE_050","TREE","D05",2018-08-29,"Live","single bole tree",NA,130,NA,16.3,16.9,NA,39,"Abies balsamea (L.) Mill.",7,54.5,"2018",12,"douglas","Abies balsamea (L.) Mill.","balsam fir","Pinaceae","tree","balsamea",0.608,"sw2",-2.2304,2.4435,"AbiesBelow0.35spg","conifer","Conifer",0.33,-2.3123,2.3482,1.87856,0.79034,NA,"Check",107.569896382136,75.7014902880439,NA
"Abies","ABBA","NEON.PLA.D05.TREE.01056","TREE_039","TREE","D05",2017-10-17,"Live","small tree",NA,130,NA,11,9.5,NA,NA,"Abies balsamea (L.) Mill.",NA,NA,"2017",12,"douglas","Abies balsamea (L.) Mill.","balsam fir","Pinaceae","tree","balsamea",0.608,"sw2",-2.2304,2.4435,"AbiesBelow0.35spg","conifer","Conifer",0.33,-2.3123,2.3482,1.87856,0.79034,NA,"Check",7.80522834500789,6.08462509507786,NA
"Abies","ABBA","NEON.PLA.D05.TREE.02502","TREE_001","TREE","D05",2017-10-25,"Live","small tree",NA,130,NA,5.2,5.3,NA,NA,"Abies balsamea (L.) Mill.",NA,NA,"2017",12,"douglas","Abies balsamea (L.) Mill.","balsam fir","Pinaceae","tree","balsamea",0.608,"sw2",-2.2304,2.4435,"AbiesBelow0.35spg","conifer","Conifer",0.33,-2.3123,2.3482,1.87856,0.79034,NA,"Check",1.87536614168729,1.54556705323716,NA
"Abies","ABBA","NEON.PLA.D05.TREE.09856","TREE_054","TREE","D05",2022-09-07,"Live","single bole tree","Full shade",130,NA,10.4,10,NA,43,"Abies balsamea (L.) Mill.",4.4,323.9,"2022",12,"douglas","Abies balsamea (L.) Mill.","balsam fir","Pinaceae","tree","balsamea",0.608,"sw2",-2.2304,2.4435,"AbiesBelow0.35spg","conifer","Conifer",0.33,-2.3123,2.3482,1.87856,0.79034,NA,"Check",8.84744728131038,6.86346232900215,NA
"Abies","ABBA","NEON.PLA.D05.TREE.02339","TREE_019","TREE","D05",2017-10-23,"Live, physically damaged","small tree",NA,130,NA,1.3,3.3,NA,NA,"Abies balsamea (L.) Mill.",NA,NA,"2017",12,"douglas","Abies balsamea (L.) Mill.","balsam fir","Pinaceae","tree","balsamea",0.608,"sw2",-2.2304,2.4435,"AbiesBelow0.35spg","conifer","Conifer",0.33,-2.3123,2.3482,1.87856,0.79034,NA,"Check",0.589259775013663,0.508063139991196,NA
"Abies","ABBA","NEON.PLA.D05.TREE.01057","TREE_039","TREE","D05",2018-10-17,"Live","small tree",NA,130,NA,3.9,2.9,NA,NA,"Abies balsamea (L.) Mill.",NA,NA,"2018",12,"douglas","Abies balsamea (L.) Mill.","balsam fir","Pinaceae","tree","balsamea",0.608,"sw2",-2.2304,2.4435,"AbiesBelow0.35spg","conifer","Conifer",0.33,-2.3123,2.3482,1.87856,0.79034,NA,"Check",0.429721904057558,0.37509928214444,NA
"Abies","ABBA","NEON.PLA.D05.TREE.01057","TREE_039","TREE","D05",2019-10-23,"Live","small tree",NA,130,NA,3.7,3.1,NA,NA,"Abies balsamea (L.) Mill.",NA,NA,"2019",12,"douglas","Abies balsamea (L.) Mill.","balsam fir","Pinaceae","tree","balsamea",0.608,"sw2",-2.2304,2.4435,"AbiesBelow0.35spg","conifer","Conifer",0.33,-2.3123,2.3482,1.87856,0.79034,NA,"Check",0.505778404857727,0.438691059709943,NA
"Abies","ABBA","NEON.PLA.D05.TREE.01057","TREE_039","TREE","D05",2015-08-11,"Live","small tree","Full shade",130,NA,3,2.5,NA,NA,"Abies balsamea (L.) Mill.",NA,NA,"2015",12,"douglas","Abies balsamea (L.) Mill.","balsam fir","Pinaceae","tree","balsamea",0.608,"sw2",-2.2304,2.4435,"AbiesBelow0.35spg","conifer","Conifer",0.33,-2.3123,2.3482,1.87856,0.79034,NA,"Check",0.299009092374654,0.264719529773721,NA
"Abies","ABBA","NEON.PLA.D05.TREE.00074","TREE_054","TREE","D05",2016-10-18,"Live","single bole tree",NA,130,NA,8.3,10.5,NA,21,"Abies balsamea (L.) Mill.",8,17.4,"2016",12,"douglas","Abies balsamea (L.) Mill.","balsam fir","Pinaceae","tree","balsamea",0.608,"sw2",-2.2304,2.4435,"AbiesBelow0.35spg","conifer","Conifer",0.33,-2.3123,2.3482,1.87856,0.79034,NA,"Check",33.6221622691773,24.759255504112,NA
"Abies","ABBA","NEON.PLA.D05.TREE.00321","TREE_054","TREE","D05",2021-09-20,"Live","single bole tree","Partially shaded",130,NA,13.6,13.5,NA,21,"Abies balsamea (L.) Mill.",1.9,10.2,"2021",12,"douglas","Abies balsamea (L.) Mill.","balsam fir","Pinaceae","tree","balsamea",0.608,"sw2",-2.2304,2.4435,"AbiesBelow0.35spg","conifer","Conifer",0.33,-2.3123,2.3482,1.87856,0.79034,NA,"Check",62.1326891879771,44.671509156615,NA
"Abies","ABBA","NEON.PLA.D05.TREE.00321","TREE_054","TREE","D05",2022-09-07,"Live","single bole tree","Partially shaded",130,NA,14.1,13.7,NA,21,"Abies balsamea (L.) Mill.",1.9,10.2,"2022",12,"douglas","Abies balsamea (L.) Mill.","balsam fir","Pinaceae","tree","balsamea",0.608,"sw2",-2.2304,2.4435,"AbiesBelow0.35spg","conifer","Conifer",0.33,-2.3123,2.3482,1.87856,0.79034,NA,"Check",64.4059949156451,46.2410945274808,NA
"Abies","ABBA","NEON.PLA.D05.TREE.01426","TREE_039","TREE","D05",2016-10-18,"Live","small tree",NA,130,NA,3.3,3.1,NA,NA,"Abies balsamea (L.) Mill.",NA,NA,"2016",12,"douglas","Abies balsamea (L.) Mill.","balsam fir","Pinaceae","tree","balsamea",0.608,"sw2",-2.2304,2.4435,"AbiesBelow0.35spg","conifer","Conifer",0.33,-2.3123,2.3482,1.87856,0.79034,NA,"Check",0.505778404857727,0.438691059709943,NA
"Abies","ABBA","NEON.PLA.D05.TREE.00467","TREE_039","TREE","D05",2017-10-17,"Live, disease damaged","single bole tree",NA,150,NA,15.7,20.1,NA,59,"Abies balsamea (L.) Mill.",3.5,124.1,"2017",12,"douglas","Abies balsamea (L.) Mill.","balsam fir","Pinaceae","tree","balsamea",0.608,"sw2",-2.2304,2.4435,"AbiesBelow0.35spg","conifer","Conifer",0.33,-2.3123,2.3482,1.87856,0.79034,NA,"Check",164.327085948506,113.748545363454,NA
"Abies","ABBA","NEON.PLA.D05.TREE.00294","TREE_054","TREE","D05",2021-09-20,"Standing dead","single bole tree","Full shade",130,NA,10.7,13.4,NA,23,"Abies balsamea (L.) Mill.",7,344.1,"2021",12,"douglas","Abies balsamea (L.) Mill.","balsam fir","Pinaceae","tree","balsamea",0.608,"sw2",-2.2304,2.4435,"AbiesBelow0.35spg","conifer","Conifer",0.33,-2.3123,2.3482,1.87856,0.79034,NA,"Check",61.014093376632,43.8983661951029,NA
"Abies","ABBA","NEON.PLA.D05.TREE.00322","TREE_051","TREE","D05",2017-09-26,"Live","small tree",NA,130,NA,5,6.8,NA,NA,"Abies balsamea (L.) Mill.",NA,NA,"2017",12,"douglas","Abies balsamea (L.) Mill.","balsam fir","Pinaceae","tree","balsamea",0.608,"sw2",-2.2304,2.4435,"AbiesBelow0.35spg","conifer","Conifer",0.33,-2.3123,2.3482,1.87856,0.79034,NA,"Check",3.44789087237833,2.77485748647116,NA
"Abies","ABBA","NEON.PLA.D05.TREE.00609","TREE_039","TREE","D05",2016-10-18,"Live","single bole tree",NA,130,NA,10.3,10.9,NA,59,"Abies balsamea (L.) Mill.",7.6,134.7,"2016",12,"douglas","Abies balsamea (L.) Mill.","balsam fir","Pinaceae","tree","balsamea",0.608,"sw2",-2.2304,2.4435,"AbiesBelow0.35spg","conifer","Conifer",0.33,-2.3123,2.3482,1.87856,0.79034,NA,"Check",36.8384403787844,27.0312277681496,NA
"Abies","ABBA","NEON.PLA.D05.TREE.00265","TREE_054","TREE","D05",2017-08-30,"Live","single bole tree",NA,130,NA,8.6,12.3,NA,21,"Abies balsamea (L.) Mill.",6.1,12,"2017",12,"douglas","Abies balsamea (L.) Mill.","balsam fir","Pinaceae","tree","balsamea",0.608,"sw2",-2.2304,2.4435,"AbiesBelow0.35spg","conifer","Conifer",0.33,-2.3123,2.3482,1.87856,0.79034,NA,"Check",49.4917405274782,35.9001325582182,NA
"Abies","ABBA","NEON.PLA.D05.TREE.00398","TREE_054","TREE","D05",2016-10-18,"Live","single bole tree",NA,130,NA,8.2,11.2,NA,43,"Abies balsamea (L.) Mill.",10.2,327.6,"2016",12,"douglas","Abies balsamea (L.) Mill.","balsam fir","Pinaceae","tree","balsamea",0.608,"sw2",-2.2304,2.4435,"AbiesBelow0.35spg","conifer","Conifer",0.33,-2.3123,2.3482,1.87856,0.79034,NA,"Check",39.3653236069096,28.8107544028986,NA
"Abies","ABBA","NEON.PLA.D05.TREE.00398","TREE_054","TREE","D05",2022-09-07,"Live","single bole tree","Full shade",130,NA,11.2,13.4,NA,43,"Abies balsamea (L.) Mill.",10.2,327.6,"2022",12,"douglas","Abies balsamea (L.) Mill.","balsam fir","Pinaceae","tree","balsamea",0.608,"sw2",-2.2304,2.4435,"AbiesBelow0.35spg","conifer","Conifer",0.33,-2.3123,2.3482,1.87856,0.79034,NA,"Check",61.014093376632,43.8983661951029,NA
"Abies","ABBA","NEON.PLA.D05.TREE.00207","TREE_054","TREE","D05",2017-08-30,"Live","single bole tree",NA,130,NA,9.1,10.9,NA,43,"Abies balsamea (L.) Mill.",10.8,332.5,"2017",12,"douglas","Abies balsamea (L.) Mill.","balsam fir","Pinaceae","tree","balsamea",0.608,"sw2",-2.2304,2.4435,"AbiesBelow0.35spg","conifer","Conifer",0.33,-2.3123,2.3482,1.87856,0.79034,NA,"Check",36.8384403787844,27.0312277681496,NA
"Abies","ABBA","NEON.PLA.D05.TREE.00397","TREE_054","TREE","D05",2018-10-09,"Live","small tree",NA,130,NA,3.8,2.4,NA,NA,"Abies balsamea (L.) Mill.",NA,NA,"2018",12,"douglas","Abies balsamea (L.) Mill.","balsam fir","Pinaceae","tree","balsamea",0.608,"sw2",-2.2304,2.4435,"AbiesBelow0.35spg","conifer","Conifer",0.33,-2.3123,2.3482,1.87856,0.79034,NA,"Check",0.27062265635465,0.240522268978321,NA
"Abies","ABBA","NEON.PLA.D05.TREE.00207","TREE_054","TREE","D05",2021-09-20,"Live","single bole tree","Mostly shaded",130,NA,12,12.4,NA,43,"Abies balsamea (L.) Mill.",10.8,332.5,"2021",12,"douglas","Abies balsamea (L.) Mill.","balsam fir","Pinaceae","tree","balsamea",0.608,"sw2",-2.2304,2.4435,"AbiesBelow0.35spg","conifer","Conifer",0.33,-2.3123,2.3482,1.87856,0.79034,NA,"Check",50.4807124086711,36.5892637417449,NA
"Abies","ABBA","NEON.PLA.D05.TREE.00070","TREE_050","TREE","D05",2018-08-29,"Live","small tree",NA,130,NA,6.6,6.6,NA,NA,"Abies balsamea (L.) Mill.",NA,NA,"2018",12,"douglas","Abies balsamea (L.) Mill.","balsam fir","Pinaceae","tree","balsamea",0.608,"sw2",-2.2304,2.4435,"AbiesBelow0.35spg","conifer","Conifer",0.33,-2.3123,2.3482,1.87856,0.79034,NA,"Check",3.20533621229244,2.58699937493183,NA
"Abies","ABBA","NEON.PLA.D05.TREE.00317","TREE_054","TREE","D05",2017-08-30,"Live","single bole tree",NA,130,NA,10.4,11.4,NA,41,"Abies balsamea (L.) Mill.",8.9,192.2,"2017",12,"douglas","Abies balsamea (L.) Mill.","balsam fir","Pinaceae","tree","balsamea",0.608,"sw2",-2.2304,2.4435,"AbiesBelow0.35spg","conifer","Conifer",0.33,-2.3123,2.3482,1.87856,0.79034,NA,"Check",41.1051835472611,30.033423589797,NA
"Abies","ABBA","NEON.PLA.D05.TREE.00317","TREE_054","TREE","D05",2021-09-20,"Live","single bole tree","Partially shaded",130,NA,11.7,13,NA,41,"Abies balsamea (L.) Mill.",8.9,192.2,"2021",12,"douglas","Abies balsamea (L.) Mill.","balsam fir","Pinaceae","tree","balsamea",0.608,"sw2",-2.2304,2.4435,"AbiesBelow0.35spg","conifer","Conifer",0.33,-2.3123,2.3482,1.87856,0.79034,NA,"Check",56.659164869195,40.882989880221,NA
"Abies","ABBA","NEON.PLA.D05.TREE.00370","TREE_051","TREE","D05",2015-08-03,"Live","single bole tree","Mostly shaded",130,NA,8.7,14.8,NA,61,"Abies balsamea (L.) Mill.",9.6,223.5,"2015",12,"douglas","Abies balsamea (L.) Mill.","balsam fir","Pinaceae","tree","balsamea",0.608,"sw2",-2.2304,2.4435,"AbiesBelow0.35spg","conifer","Conifer",0.33,-2.3123,2.3482,1.87856,0.79034,NA,"Check",77.7828924962923,55.4356864370049,NA
"Abies","ABBA","NEON.PLA.D05.TREE.00771","TREE_025","TREE","D05",2015-08-04,"Live","sapling","Full shade",10,NA,1,1.2,NA,NA,"Abies balsamea (L.) Mill.",NA,NA,"2015",12,"douglas","Abies balsamea (L.) Mill.","balsam fir","Pinaceae","tree","balsamea",0.608,"sw2",-2.2304,2.4435,"AbiesBelow0.35spg","conifer","Conifer",0.33,-2.3123,2.3482,1.87856,0.79034,0.851537287154131,"Check",0.0215164515654311,0.0211080206973066,NA
"Abies","ABBA","NEON.PLA.D05.TREE.00453","TREE_051","TREE","D05",2015-08-03,"Live","sapling","Mostly shaded",130,NA,1.4,2.4,NA,NA,"Abies balsamea (L.) Mill.",NA,NA,"2015",12,"douglas","Abies balsamea (L.) Mill.","balsam fir","Pinaceae","tree","balsamea",0.608,"sw2",-2.2304,2.4435,"AbiesBelow0.35spg","conifer","Conifer",0.33,-2.3123,2.3482,1.87856,0.79034,NA,"Check",0.27062265635465,0.240522268978321,NA
"Abies","ABBA","NEON.PLA.D05.TREE.00307","TREE_051","TREE","D05",2018-10-09,"Live","small tree",NA,130,NA,6.1,9.2,NA,NA,"Abies balsamea (L.) Mill.",NA,NA,"2018",12,"douglas","Abies balsamea (L.) Mill.","balsam fir","Pinaceae","tree","balsamea",0.608,"sw2",-2.2304,2.4435,"AbiesBelow0.35spg","conifer","Conifer",0.33,-2.3123,2.3482,1.87856,0.79034,NA,"Check",7.21661504891742,5.64299714463163,NA
"Abies","ABBA","NEON.PLA.D05.TREE.03499A","TREE_054","TREE","D05",2022-09-07,"Live","multi-bole tree",NA,130,NA,NA,6.2,NA,NA,"Abies balsamea (L.) Mill.",NA,NA,"2022",12,"douglas","Abies balsamea (L.) Mill.","balsam fir","Pinaceae","tree","balsamea",0.608,"sw2",-2.2304,2.4435,"AbiesBelow0.35spg","conifer","Conifer",0.33,-2.3123,2.3482,1.87856,0.79034,NA,"Check",2.75123112968026,2.2337646798732,NA
"Abies","ABBA","NEON.PLA.D05.TREE.00008","TREE_056","TREE","D05",2017-09-25,"Live","small tree",NA,130,NA,5.7,7.2,NA,NA,"Abies balsamea (L.) Mill.",NA,NA,"2017",12,"douglas","Abies balsamea (L.) Mill.","balsam fir","Pinaceae","tree","balsamea",0.608,"sw2",-2.2304,2.4435,"AbiesBelow0.35spg","conifer","Conifer",0.33,-2.3123,2.3482,1.87856,0.79034,NA,"Check",3.96469641906411,3.17344826370043,NA
"Abies","ABBA","NEON.PLA.D05.TREE.03540","TREE_056","TREE","D05",2022-09-21,"Live","small tree","Mostly shaded",130,NA,2,1.7,NA,NA,"Abies balsamea (L.) Mill.",NA,NA,"2022",12,"douglas","Abies balsamea (L.) Mill.","balsam fir","Pinaceae","tree","balsamea",0.608,"sw2",-2.2304,2.4435,"AbiesBelow0.35spg","conifer","Conifer",0.33,-2.3123,2.3482,1.87856,0.79034,NA,"Check",0.116525217678834,0.107024550262889,NA
"Abies","ABBA","NEON.PLA.D05.TREE.00336","TREE_054","TREE","D05",2018-10-09,"Live","single bole tree",NA,130,NA,11.6,13.6,NA,21,"Abies balsamea (L.) Mill.",8,75.7,"2018",12,"douglas","Abies balsamea (L.) Mill.","balsam fir","Pinaceae","tree","balsamea",0.608,"sw2",-2.2304,2.4435,"AbiesBelow0.35spg","conifer","Conifer",0.33,-2.3123,2.3482,1.87856,0.79034,NA,"Check",63.2633098932841,45.4524119452065,NA
"Abies","ABBA","NEON.PLA.D05.TREE.01085","TREE_047","TREE","D05",2017-10-16,"Live","small tree",NA,130,NA,5.2,8,NA,NA,"Abies balsamea (L.) Mill.",NA,NA,"2017",12,"douglas","Abies balsamea (L.) Mill.","balsam fir","Pinaceae","tree","balsamea",0.608,"sw2",-2.2304,2.4435,"AbiesBelow0.35spg","conifer","Conifer",0.33,-2.3123,2.3482,1.87856,0.79034,NA,"Check",5.12883073850477,4.06423827777494,NA
"Abies","ABBA","NEON.PLA.D05.TREE.00401","TREE_057","TREE","D05",2016-10-18,"Live","small tree",NA,130,NA,3.2,3.2,NA,NA,"Abies balsamea (L.) Mill.",NA,NA,"2016",12,"douglas","Abies balsamea (L.) Mill.","balsam fir","Pinaceae","tree","balsamea",0.608,"sw2",-2.2304,2.4435,"AbiesBelow0.35spg","conifer","Conifer",0.33,-2.3123,2.3482,1.87856,0.79034,NA,"Check",0.546577758828339,0.4726464860605,NA
"Abies","ABBA","NEON.PLA.D05.TREE.00211","TREE_054","TREE","D05",2015-07-30,"Live, physically damaged","sapling","Full shade",10,NA,1.2,1.4,NA,NA,"Abies balsamea (L.) Mill.",NA,NA,"2015",12,"douglas","Abies balsamea (L.) Mill.","balsam fir","Pinaceae","tree","balsamea",0.608,"sw2",-2.2304,2.4435,"AbiesBelow0.35spg","conifer","Conifer",0.33,-2.3123,2.3482,1.87856,0.79034,0.999590927277837,"Check",0.031833455775851,0.0307557266555746,NA
"Abies","ABBA","NEON.PLA.D05.TREE.00186","TREE_055","TREE","D05",2015-07-29,"Live","sapling","Full shade",10,NA,0.9,1.8,NA,NA,"Abies balsamea (L.) Mill.",NA,NA,"2015",12,"douglas","Abies balsamea (L.) Mill.","balsam fir","Pinaceae","tree","balsamea",0.608,"sw2",-2.2304,2.4435,"AbiesBelow0.35spg","conifer","Conifer",0.33,-2.3123,2.3482,1.87856,0.79034,1.29814358285745,"Check",0.0602867783442535,0.0568129958331116,NA
"Abies","ABBA","NEON.PLA.D05.TREE.00110","TREE_050","TREE","D05",2015-07-29,"Live","single bole tree","Partially shaded",130,NA,14.3,14.6,NA,39,"Abies balsamea (L.) Mill.",8.2,65.1,"2015",12,"douglas","Abies balsamea (L.) Mill.","balsam fir","Pinaceae","tree","balsamea",0.608,"sw2",-2.2304,2.4435,"AbiesBelow0.35spg","conifer","Conifer",0.33,-2.3123,2.3482,1.87856,0.79034,NA,"Check",75.2394809195664,53.6925766069343,NA
"Abies","ABBA","NEON.PLA.D05.TREE.03200","TREE_041","TREE","D05",2022-09-06,"Live","small tree","Full shade",140,NA,2.9,2.1,NA,NA,"Abies balsamea (L.) Mill.",NA,NA,"2022",12,"douglas","Abies balsamea (L.) Mill.","balsam fir","Pinaceae","tree","balsamea",0.608,"sw2",-2.2304,2.4435,"AbiesBelow0.35spg","conifer","Conifer",0.33,-2.3123,2.3482,1.87856,0.79034,NA,"Check",0.19528137763401,0.175783700289906,NA
"Abies","ABBA","NEON.PLA.D05.TREE.00384","TREE_025","TREE","D05",2016-10-18,"Live","single bole tree",NA,130,NA,9.4,13.9,NA,41,"Abies balsamea (L.) Mill.",10.9,135.3,"2016",12,"douglas","Abies balsamea (L.) Mill.","balsam fir","Pinaceae","tree","balsamea",0.608,"sw2",-2.2304,2.4435,"AbiesBelow0.35spg","conifer","Conifer",0.33,-2.3123,2.3482,1.87856,0.79034,NA,"Check",66.7277148007724,47.8418784633076,NA
"Abies","ABBA","NEON.PLA.D05.TREE.01403","TREE_039","TREE","D05",2021-09-30,"Live","small tree","Mostly shaded",130,NA,0.8,2,NA,NA,"Abies balsamea (L.) Mill.",NA,NA,"2021",12,"douglas","Abies balsamea (L.) Mill.","balsam fir","Pinaceae","tree","balsamea",0.608,"sw2",-2.2304,2.4435,"AbiesBelow0.35spg","conifer","Conifer",0.33,-2.3123,2.3482,1.87856,0.79034,NA,"Check",0.173334406558499,0.156755176062481,NA
"Abies","ABBA","NEON.PLA.D05.TREE.02686","TREE_023","TREE","D05",2019-11-04,"Live","single bole tree","Mostly shaded",130,NA,9.9,11.8,NA,49,"Abies balsamea (L.) Mill.",12.1,155.2,"2019",12,"douglas","Abies balsamea (L.) Mill.","balsam fir","Pinaceae","tree","balsamea",0.608,"sw2",-2.2304,2.4435,"AbiesBelow0.35spg","conifer","Conifer",0.33,-2.3123,2.3482,1.87856,0.79034,NA,"Check",44.719122436928,32.5667334095466,NA
"Abies","ABBA","NEON.PLA.D05.TREE.00601","TREE_042","TREE","D05",2018-10-10,"Live","small tree",NA,130,NA,1.8,1.8,NA,NA,"Abies balsamea (L.) Mill.",NA,NA,"2018",12,"douglas","Abies balsamea (L.) Mill.","balsam fir","Pinaceae","tree","balsamea",0.608,"sw2",-2.2304,2.4435,"AbiesBelow0.35spg","conifer","Conifer",0.33,-2.3123,2.3482,1.87856,0.79034,NA,"Check",0.133991222565366,0.122397951916805,NA
"Abies","ABBA","NEON.PLA.D05.TREE.00601","TREE_042","TREE","D05",2020-10-06,"Live","small tree","Full shade",130,NA,1.2,1.8,NA,NA,"Abies balsamea (L.) Mill.",NA,NA,"2020",12,"douglas","Abies balsamea (L.) Mill.","balsam fir","Pinaceae","tree","balsamea",0.608,"sw2",-2.2304,2.4435,"AbiesBelow0.35spg","conifer","Conifer",0.33,-2.3123,2.3482,1.87856,0.79034,NA,"Check",0.133991222565366,0.122397951916805,NA
"Abies","ABBA","NEON.PLA.D05.TREE.01473","TREE_039","TREE","D05",2015-08-11,"Live","single bole tree","Mostly shaded",130,NA,9.8,12,NA,59,"Abies balsamea (L.) Mill.",6.7,119.2,"2015",12,"douglas","Abies balsamea (L.) Mill.","balsam fir","Pinaceae","tree","balsamea",0.608,"sw2",-2.2304,2.4435,"AbiesBelow0.35spg","conifer","Conifer",0.33,-2.3123,2.3482,1.87856,0.79034,NA,"Check",46.593889166046,33.8777275836251,NA
"Abies","ABBA","NEON.PLA.D05.TREE.01674","TREE_054","TREE","D05",2021-09-20,"Live, broken bole","single bole tree","Mostly shaded",130,NA,5.7,10.7,NA,43,"Abies balsamea (L.) Mill.",9.7,282.9,"2021",12,"douglas","Abies balsamea (L.) Mill.","balsam fir","Pinaceae","tree","balsamea",0.608,"sw2",-2.2304,2.4435,"AbiesBelow0.35spg","conifer","Conifer",0.33,-2.3123,2.3482,1.87856,0.79034,NA,"Check",35.2086074406931,25.8809286967081,NA
"Abies","ABBA","NEON.PLA.D05.TREE.00704","TREE_052","TREE","D05",2015-08-03,"Live","sapling","Full shade",10,NA,1.5,2.1,NA,NA,"Abies balsamea (L.) Mill.",NA,NA,"2015",12,"douglas","Abies balsamea (L.) Mill.","balsam fir","Pinaceae","tree","balsamea",0.608,"sw2",-2.2304,2.4435,"AbiesBelow0.35spg","conifer","Conifer",0.33,-2.3123,2.3482,1.87856,0.79034,1.52384700858481,"Check",0.0891939122235964,0.0827801429316602,NA
"Abies","ABBA","NEON.PLA.D05.TREE.00897","TREE_047","TREE","D05",2015-08-06,"Standing dead","single bole tree","Partially shaded",130,NA,8.3,12.5,NA,61,"Abies balsamea (L.) Mill.",6.1,205,"2015",12,"douglas","Abies balsamea (L.) Mill.","balsam fir","Pinaceae","tree","balsamea",0.608,"sw2",-2.2304,2.4435,"AbiesBelow0.35spg","conifer","Conifer",0.33,-2.3123,2.3482,1.87856,0.79034,NA,"Check",51.4812643457568,37.285928466556,NA
"Abies","ABBA","NEON.PLA.D05.TREE.03536","TREE_050","TREE","D05",2018-08-29,"Live","small tree",NA,130,NA,5.5,6.4,NA,NA,"Abies balsamea (L.) Mill.",NA,NA,"2018",12,"douglas","Abies balsamea (L.) Mill.","balsam fir","Pinaceae","tree","balsamea",0.608,"sw2",-2.2304,2.4435,"AbiesBelow0.35spg","conifer","Conifer",0.33,-2.3123,2.3482,1.87856,0.79034,NA,"Check",2.9731632083074,2.4066618255822,NA
"Abies","ABBA","NEON.PLA.D05.TREE.00349","TREE_054","TREE","D05",2022-09-07,"Live","single bole tree","Mostly shaded",130,NA,13.2,14.5,NA,41,"Abies balsamea (L.) Mill.",15.9,37,"2022",12,"douglas","Abies balsamea (L.) Mill.","balsam fir","Pinaceae","tree","balsamea",0.608,"sw2",-2.2304,2.4435,"AbiesBelow0.35spg","conifer","Conifer",0.33,-2.3123,2.3482,1.87856,0.79034,NA,"Check",73.9864689807821,52.8329927672852,NA
"Abies","ABBA","NEON.PLA.D05.TREE.01495","TREE_041","TREE","D05",2018-10-10,"Live","small tree",NA,130,NA,2.2,1.4,NA,NA,"Abies balsamea (L.) Mill.",NA,NA,"2018",12,"douglas","Abies balsamea (L.) Mill.","balsam fir","Pinaceae","tree","balsamea",0.608,"sw2",-2.2304,2.4435,"AbiesBelow0.35spg","conifer","Conifer",0.33,-2.3123,2.3482,1.87856,0.79034,NA,"Check",0.0725073175910424,0.067839260904832,NA
"Abies","ABBA","NEON.PLA.D05.TREE.00676","TREE_051","TREE","D05",2016-09-28,"Live","single bole tree",NA,130,NA,15.3,20.1,NA,41,"Abies balsamea (L.) Mill.",10,337.1,"2016",12,"douglas","Abies balsamea (L.) Mill.","balsam fir","Pinaceae","tree","balsamea",0.608,"sw2",-2.2304,2.4435,"AbiesBelow0.35spg","conifer","Conifer",0.33,-2.3123,2.3482,1.87856,0.79034,NA,"Check",164.327085948506,113.748545363454,NA
"Abies","ABBA","NEON.PLA.D05.TREE.00677","TREE_051","TREE","D05",2016-09-28,"Live","single bole tree",NA,130,NA,11.3,12.7,NA,57,"Abies balsamea (L.) Mill.",3.7,95.8,"2016",12,"douglas","Abies balsamea (L.) Mill.","balsam fir","Pinaceae","tree","balsamea",0.608,"sw2",-2.2304,2.4435,"AbiesBelow0.35spg","conifer","Conifer",0.33,-2.3123,2.3482,1.87856,0.79034,NA,"Check",53.5172735043246,38.7019428281509,NA
"Abies","ABBA","NEON.PLA.D05.TREE.00677","TREE_051","TREE","D05",2017-09-26,"Live","single bole tree",NA,130,NA,10.9,12.9,NA,57,"Abies balsamea (L.) Mill.",3.7,95.8,"2017",12,"douglas","Abies balsamea (L.) Mill.","balsam fir","Pinaceae","tree","balsamea",0.608,"sw2",-2.2304,2.4435,"AbiesBelow0.35spg","conifer","Conifer",0.33,-2.3123,2.3482,1.87856,0.79034,NA,"Check",55.60009641439,40.1483431304396,NA
"Abies","ABBA","NEON.PLA.D05.TREE.00451","TREE_051","TREE","D05",2015-08-03,"Standing dead","sapling","Full shade",10,NA,1.4,1.5,NA,NA,"Abies balsamea (L.) Mill.",NA,NA,"2015",12,"douglas","Abies balsamea (L.) Mill.","balsam fir","Pinaceae","tree","balsamea",0.608,"sw2",-2.2304,2.4435,"AbiesBelow0.35spg","conifer","Conifer",0.33,-2.3123,2.3482,1.87856,0.79034,1.07394332059371,"Check",0.0379333274278359,0.0363993549036406,NA
"Abies","ABBA","NEON.PLA.D05.TREE.00218","TREE_052","TREE","D05",2017-09-26,"Live","small tree",NA,130,NA,2.7,2.9,NA,NA,"Abies balsamea (L.) Mill.",NA,NA,"2017",12,"douglas","Abies balsamea (L.) Mill.","balsam fir","Pinaceae","tree","balsamea",0.608,"sw2",-2.2304,2.4435,"AbiesBelow0.35spg","conifer","Conifer",0.33,-2.3123,2.3482,1.87856,0.79034,NA,"Check",0.429721904057558,0.37509928214444,NA
"Abies","ABBA","NEON.PLA.D05.TREE.03597","TREE_002","TREE","D05",2019-10-08,"Live","single bole tree","Mostly shaded",130,NA,12.9,16.5,NA,49,"Abies balsamea (L.) Mill.",3,110.8,"2019",12,"douglas","Abies balsamea (L.) Mill.","balsam fir","Pinaceae","tree","balsamea",0.608,"sw2",-2.2304,2.4435,"AbiesBelow0.35spg","conifer","Conifer",0.33,-2.3123,2.3482,1.87856,0.79034,NA,"Check",101.454567835647,71.5610439108831,NA
"Abies","ABBA","NEON.PLA.D05.TREE.05083","TREE_019","TREE","D05",2019-10-30,"Live","single bole tree","Mostly shaded",130,NA,6.3,11,NA,51,"Abies balsamea (L.) Mill.",13.3,266.1,"2019",12,"douglas","Abies balsamea (L.) Mill.","balsam fir","Pinaceae","tree","balsamea",0.608,"sw2",-2.2304,2.4435,"AbiesBelow0.35spg","conifer","Conifer",0.33,-2.3123,2.3482,1.87856,0.79034,NA,"Check",37.6697392257646,27.617169967899,NA
"Abies","ABBA","NEON.PLA.D05.TREE.01165","TREE_040","TREE","D05",2021-10-05,"Live","small tree","Full shade",130,NA,6.9,8.4,NA,NA,"Abies balsamea (L.) Mill.",NA,NA,"2021",12,"douglas","Abies balsamea (L.) Mill.","balsam fir","Pinaceae","tree","balsamea",0.608,"sw2",-2.2304,2.4435,"AbiesBelow0.35spg","conifer","Conifer",0.33,-2.3123,2.3482,1.87856,0.79034,NA,"Check",5.77822460152394,4.55759650987467,NA
"Abies","ABBA","NEON.PLA.D05.TREE.01498","TREE_045","TREE","D05",2015-08-11,"Live","sapling","Mostly shaded",10,NA,1.2,1.5,NA,NA,"Abies balsamea (L.) Mill.",NA,NA,"2015",12,"douglas","Abies balsamea (L.) Mill.","balsam fir","Pinaceae","tree","balsamea",0.608,"sw2",-2.2304,2.4435,"AbiesBelow0.35spg","conifer","Conifer",0.33,-2.3123,2.3482,1.87856,0.79034,1.07394332059371,"Check",0.0379333274278359,0.0363993549036406,NA
"Abies","ABBA","NEON.PLA.D05.TREE.01498","TREE_045","TREE","D05",2018-10-17,"Live","small tree",NA,130,NA,2.3,2.1,NA,NA,"Abies balsamea (L.) Mill.",NA,NA,"2018",12,"douglas","Abies balsamea (L.) Mill.","balsam fir","Pinaceae","tree","balsamea",0.608,"sw2",-2.2304,2.4435,"AbiesBelow0.35spg","conifer","Conifer",0.33,-2.3123,2.3482,1.87856,0.79034,NA,"Check",0.19528137763401,0.175783700289906,NA
"Abies","ABBA","NEON.PLA.D05.TREE.03600","TREE_005","TREE","D05",2019-10-16,"Live","single bole tree","Partially shaded",130,NA,7.9,18,NA,41,"Abies balsamea (L.) Mill.",4.9,225.5,"2019",12,"douglas","Abies balsamea (L.) Mill.","balsam fir","Pinaceae","tree","balsamea",0.608,"sw2",-2.2304,2.4435,"AbiesBelow0.35spg","conifer","Conifer",0.33,-2.3123,2.3482,1.87856,0.79034,NA,"Check",125.48966322257,87.7832722915005,NA
"Abies","ABBA","NEON.PLA.D05.TREE.02614","TREE_012","TREE","D05",2017-10-30,"Live","small tree",NA,130,NA,8.5,7.2,NA,NA,"Abies balsamea (L.) Mill.",NA,NA,"2017",12,"douglas","Abies balsamea (L.) Mill.","balsam fir","Pinaceae","tree","balsamea",0.608,"sw2",-2.2304,2.4435,"AbiesBelow0.35spg","conifer","Conifer",0.33,-2.3123,2.3482,1.87856,0.79034,NA,"Check",3.96469641906411,3.17344826370043,NA
"Abies","ABBA","NEON.PLA.D05.TREE.00658","TREE_056","TREE","D05",2016-09-28,"Live","small tree",NA,130,NA,6.6,7.6,NA,23,"Abies balsamea (L.) Mill.",10.4,284.1,"2016",12,"douglas","Abies balsamea (L.) Mill.","balsam fir","Pinaceae","tree","balsamea",0.608,"sw2",-2.2304,2.4435,"AbiesBelow0.35spg","conifer","Conifer",0.33,-2.3123,2.3482,1.87856,0.79034,NA,"Check",4.52466047935537,3.6030453773789,NA
"Abies","ABBA","NEON.PLA.D05.TREE.05100","TREE_039","TREE","D05",2020-10-01,"Live","small tree","Mostly shaded",130,NA,1.8,2.7,NA,NA,"Abies balsamea (L.) Mill.",NA,NA,"2020",12,"douglas","Abies balsamea (L.) Mill.","balsam fir","Pinaceae","tree","balsamea",0.608,"sw2",-2.2304,2.4435,"AbiesBelow0.35spg","conifer","Conifer",0.33,-2.3123,2.3482,1.87856,0.79034,NA,"Check",0.360873790436049,0.317155060489603,NA
"Abies","ABBA","NEON.PLA.D05.TREE.00037","TREE_054","TREE","D05",2021-09-20,"Live, broken bole","single bole tree","Mostly shaded",130,NA,7.1,15,NA,39,"Abies balsamea (L.) Mill.",9.8,125.1,"2021",12,"douglas","Abies balsamea (L.) Mill.","balsam fir","Pinaceae","tree","balsamea",0.608,"sw2",-2.2304,2.4435,"AbiesBelow0.35spg","conifer","Conifer",0.33,-2.3123,2.3482,1.87856,0.79034,NA,"Check",80.3764052755604,57.2108452237956,NA
"Abies","ABBA","NEON.PLA.D05.TREE.00037","TREE_054","TREE","D05",2016-10-18,"Live","single bole tree",NA,130,NA,12.3,13,NA,39,"Abies balsamea (L.) Mill.",9.8,125.1,"2016",12,"douglas","Abies balsamea (L.) Mill.","balsam fir","Pinaceae","tree","balsamea",0.608,"sw2",-2.2304,2.4435,"AbiesBelow0.35spg","conifer","Conifer",0.33,-2.3123,2.3482,1.87856,0.79034,NA,"Check",56.659164869195,40.882989880221,NA
"Abies","ABBA","NEON.PLA.D05.TREE.01335","TREE_045","TREE","D05",2015-08-11,"Standing dead","single bole tree","Partially shaded",130,NA,9,15.3,NA,57,"Abies balsamea (L.) Mill.",5.8,123.9,"2015",12,"douglas","Abies balsamea (L.) Mill.","balsam fir","Pinaceae","tree","balsamea",0.608,"sw2",-2.2304,2.4435,"AbiesBelow0.35spg","conifer","Conifer",0.33,-2.3123,2.3482,1.87856,0.79034,NA,"Check",84.3612679893332,59.9340032884007,NA
"Abies","ABBA","NEON.PLA.D05.TREE.00364","TREE_025","TREE","D05",2018-10-17,"Live","small tree",NA,130,NA,5.6,5.1,NA,NA,"Abies balsamea (L.) Mill.",NA,NA,"2018",12,"douglas","Abies balsamea (L.) Mill.","balsam fir","Pinaceae","tree","balsamea",0.608,"sw2",-2.2304,2.4435,"AbiesBelow0.35spg","conifer","Conifer",0.33,-2.3123,2.3482,1.87856,0.79034,NA,"Check",1.70712651883997,1.41208078007819,NA
"Abies","ABBA","NEON.PLA.D05.TREE.00037","TREE_054","TREE","D05",2018-10-09,"Live","single bole tree",NA,130,NA,12.3,14.4,NA,39,"Abies balsamea (L.) Mill.",9.8,125.1,"2018",12,"douglas","Abies balsamea (L.) Mill.","balsam fir","Pinaceae","tree","balsamea",0.608,"sw2",-2.2304,2.4435,"AbiesBelow0.35spg","conifer","Conifer",0.33,-2.3123,2.3482,1.87856,0.79034,NA,"Check",72.7458691344928,51.981364258078,NA
"Abies","ABBA","NEON.PLA.D05.TREE.00871","TREE_057","TREE","D05",2018-10-16,"Live","small tree",NA,130,NA,1.9,1.3,NA,NA,"Abies balsamea (L.) Mill.",NA,NA,"2018",12,"douglas","Abies balsamea (L.) Mill.","balsam fir","Pinaceae","tree","balsamea",0.608,"sw2",-2.2304,2.4435,"AbiesBelow0.35spg","conifer","Conifer",0.33,-2.3123,2.3482,1.87856,0.79034,NA,"Check",0.060497658336138,0.0570039609933637,NA
"Abies","ABBA","NEON.PLA.D05.TREE.00609","TREE_039","TREE","D05",2019-10-23,"Live","single bole tree",NA,130,NA,10.1,11.1,NA,59,"Abies balsamea (L.) Mill.",7.6,134.7,"2019",12,"douglas","Abies balsamea (L.) Mill.","balsam fir","Pinaceae","tree","balsamea",0.608,"sw2",-2.2304,2.4435,"AbiesBelow0.35spg","conifer","Conifer",0.33,-2.3123,2.3482,1.87856,0.79034,NA,"Check",38.5120189145966,28.2103379109698,NA
"Abies","ABBA","NEON.PLA.D05.TREE.02485","TREE_015","TREE","D05",2019-10-24,"Live","small tree",NA,130,NA,6.2,6.4,NA,NA,"Abies balsamea (L.) Mill.",NA,NA,"2019",12,"douglas","Abies balsamea (L.) Mill.","balsam fir","Pinaceae","tree","balsamea",0.608,"sw2",-2.2304,2.4435,"AbiesBelow0.35spg","conifer","Conifer",0.33,-2.3123,2.3482,1.87856,0.79034,NA,"Check",2.9731632083074,2.4066618255822,NA
"Abies","ABBA","NEON.PLA.D05.TREE.03496","TREE_045","TREE","D05",2017-10-19,"Live","single bole tree",NA,130,NA,8.5,10.3,NA,NA,"Abies balsamea (L.) Mill.",NA,NA,"2017",12,"douglas","Abies balsamea (L.) Mill.","balsam fir","Pinaceae","tree","balsamea",0.608,"sw2",-2.2304,2.4435,"AbiesBelow0.35spg","conifer","Conifer",0.33,-2.3123,2.3482,1.87856,0.79034,NA,"Check",32.0787432909319,23.6660207273982,NA
"Abies","ABBA","NEON.PLA.D05.TREE.03462","TREE_023","TREE","D05",2018-05-08,"Live","single bole tree","Mostly shaded",130,NA,8.9,11.3,NA,51,"Abies balsamea (L.) Mill.",6.7,231.6,"2018",12,"douglas","Abies balsamea (L.) Mill.","balsam fir","Pinaceae","tree","balsamea",0.608,"sw2",-2.2304,2.4435,"AbiesBelow0.35spg","conifer","Conifer",0.33,-2.3123,2.3482,1.87856,0.79034,NA,"Check",40.2296972434736,29.4184421156933,NA
"Abies","ABBA","NEON.PLA.D05.TREE.01077","TREE_039","TREE","D05",2015-08-11,"Live","small tree","Partially shaded",130,NA,8.8,6.9,NA,NA,"Abies balsamea (L.) Mill.",NA,NA,"2015",12,"douglas","Abies balsamea (L.) Mill.","balsam fir","Pinaceae","tree","balsamea",0.608,"sw2",-2.2304,2.4435,"AbiesBelow0.35spg","conifer","Conifer",0.33,-2.3123,2.3482,1.87856,0.79034,NA,"Check",3.57310465506946,2.87163137163629,NA
"Abies","ABBA","NEON.PLA.D05.TREE.01302","TREE_039","TREE","D05",2021-09-30,"Standing dead","small tree","Partially shaded",130,NA,9.1,7.6,NA,NA,"Abies balsamea (L.) Mill.",NA,NA,"2021",12,"douglas","Abies balsamea (L.) Mill.","balsam fir","Pinaceae","tree","balsamea",0.608,"sw2",-2.2304,2.4435,"AbiesBelow0.35spg","conifer","Conifer",0.33,-2.3123,2.3482,1.87856,0.79034,NA,"Check",4.52466047935537,3.6030453773789,NA
"Abies","ABBA","NEON.PLA.D05.TREE.01151","TREE_039","TREE","D05",2020-10-01,"Live","small tree","Mostly shaded",130,NA,4.1,5.6,NA,NA,"Abies balsamea (L.) Mill.",NA,NA,"2020",12,"douglas","Abies balsamea (L.) Mill.","balsam fir","Pinaceae","tree","balsamea",0.608,"sw2",-2.2304,2.4435,"AbiesBelow0.35spg","conifer","Conifer",0.33,-2.3123,2.3482,1.87856,0.79034,NA,"Check",2.14543532707086,1.75888878333103,NA
"Abies","ABBA","NEON.PLA.D05.TREE.03418","TREE_054","TREE","D05",2021-09-20,"Live","single bole tree","Mostly shaded",130,NA,10.5,11.1,NA,39,"Abies balsamea (L.) Mill.",6.4,156.1,"2021",12,"douglas","Abies balsamea (L.) Mill.","balsam fir","Pinaceae","tree","balsamea",0.608,"sw2",-2.2304,2.4435,"AbiesBelow0.35spg","conifer","Conifer",0.33,-2.3123,2.3482,1.87856,0.79034,NA,"Check",38.5120189145966,28.2103379109698,NA
"Abies","ABBA","NEON.PLA.D05.TREE.03417","TREE_054","TREE","D05",2018-10-09,"Live","single bole tree",NA,130,NA,9.6,10.3,NA,39,"Abies balsamea (L.) Mill.",12.6,145.9,"2018",12,"douglas","Abies balsamea (L.) Mill.","balsam fir","Pinaceae","tree","balsamea",0.608,"sw2",-2.2304,2.4435,"AbiesBelow0.35spg","conifer","Conifer",0.33,-2.3123,2.3482,1.87856,0.79034,NA,"Check",32.0787432909319,23.6660207273982,NA
"Abies","ABBA","NEON.PLA.D05.TREE.02239","TREE_015","TREE","D05",2019-10-24,"Standing dead","small tree",NA,130,NA,5.7,5.1,NA,NA,"Abies balsamea (L.) Mill.",NA,NA,"2019",12,"douglas","Abies balsamea (L.) Mill.","balsam fir","Pinaceae","tree","balsamea",0.608,"sw2",-2.2304,2.4435,"AbiesBelow0.35spg","conifer","Conifer",0.33,-2.3123,2.3482,1.87856,0.79034,NA,"Check",1.70712651883997,1.41208078007819,NA
"Abies","ABBA","NEON.PLA.D05.TREE.01485","TREE_045","TREE","D05",2016-10-18,"Standing dead","single bole tree",NA,130,NA,NA,18.2,NA,57,"Abies balsamea (L.) Mill.",3.3,121.4,"2016",12,"douglas","Abies balsamea (L.) Mill.","balsam fir","Pinaceae","tree","balsamea",0.608,"sw2",-2.2304,2.4435,"AbiesBelow0.35spg","conifer","Conifer",0.33,-2.3123,2.3482,1.87856,0.79034,NA,"Check",128.924074992767,90.0908123057114,NA
"Abies","ABBA","NEON.PLA.D05.TREE.00490","TREE_051","TREE","D05",2016-09-28,"Live","single bole tree",NA,130,NA,10.9,16,NA,43,"Abies balsamea (L.) Mill.",4.7,282.4,"2016",12,"douglas","Abies balsamea (L.) Mill.","balsam fir","Pinaceae","tree","balsamea",0.608,"sw2",-2.2304,2.4435,"AbiesBelow0.35spg","conifer","Conifer",0.33,-2.3123,2.3482,1.87856,0.79034,NA,"Check",94.1058810763383,66.5725837617076,NA
"Abies","ABBA","NEON.PLA.D05.TREE.01340","TREE_045","TREE","D05",2018-10-17,"Live","small tree",NA,130,NA,3.3,2.7,NA,NA,"Abies balsamea (L.) Mill.",NA,NA,"2018",12,"douglas","Abies balsamea (L.) Mill.","balsam fir","Pinaceae","tree","balsamea",0.608,"sw2",-2.2304,2.4435,"AbiesBelow0.35spg","conifer","Conifer",0.33,-2.3123,2.3482,1.87856,0.79034,NA,"Check",0.360873790436049,0.317155060489603,NA
"Abies","ABBA","NEON.PLA.D05.TREE.02211","TREE_023","TREE","D05",2018-05-08,"Live","small tree",NA,130,NA,NA,1.6,NA,NA,"Abies balsamea (L.) Mill.",NA,NA,"2018",12,"douglas","Abies balsamea (L.) Mill.","balsam fir","Pinaceae","tree","balsamea",0.608,"sw2",-2.2304,2.4435,"AbiesBelow0.35spg","conifer","Conifer",0.33,-2.3123,2.3482,1.87856,0.79034,NA,"Check",0.100481280546951,0.0928234695920753,NA
"Abies","ABBA","NEON.PLA.D05.TREE.00265","TREE_054","TREE","D05",2021-09-20,"Live","single bole tree","Partially shaded",130,NA,5.8,13,NA,21,"Abies balsamea (L.) Mill.",6.1,12,"2021",12,"douglas","Abies balsamea (L.) Mill.","balsam fir","Pinaceae","tree","balsamea",0.608,"sw2",-2.2304,2.4435,"AbiesBelow0.35spg","conifer","Conifer",0.33,-2.3123,2.3482,1.87856,0.79034,NA,"Check",56.659164869195,40.882989880221,NA
"Abies","ABBA","NEON.PLA.D05.TREE.01302","TREE_039","TREE","D05",2017-10-17,"Live","small tree",NA,130,NA,9.1,7.7,NA,NA,"Abies balsamea (L.) Mill.",NA,NA,"2017",12,"douglas","Abies balsamea (L.) Mill.","balsam fir","Pinaceae","tree","balsamea",0.608,"sw2",-2.2304,2.4435,"AbiesBelow0.35spg","conifer","Conifer",0.33,-2.3123,2.3482,1.87856,0.79034,NA,"Check",4.67151847212447,3.71535892269087,NA
"Abies","ABBA","NEON.PLA.D05.TREE.01077","TREE_039","TREE","D05",2017-10-17,"Live","single bole tree",NA,130,NA,8.1,7,NA,NA,"Abies balsamea (L.) Mill.",NA,NA,"2017",12,"douglas","Abies balsamea (L.) Mill.","balsam fir","Pinaceae","tree","balsamea",0.608,"sw2",-2.2304,2.4435,"AbiesBelow0.35spg","conifer","Conifer",0.33,-2.3123,2.3482,1.87856,0.79034,NA,"Check",3.70096556496113,2.9703147503217,NA
"Abies","ABBA","NEON.PLA.D05.TREE.00344","TREE_054","TREE","D05",2016-10-18,"Live","small tree",NA,130,NA,8.7,7.1,NA,NA,"Abies balsamea (L.) Mill.",NA,NA,"2016",12,"douglas","Abies balsamea (L.) Mill.","balsam fir","Pinaceae","tree","balsamea",0.608,"sw2",-2.2304,2.4435,"AbiesBelow0.35spg","conifer","Conifer",0.33,-2.3123,2.3482,1.87856,0.79034,NA,"Check",3.83149054878416,3.07091721361445,NA
"Abies","ABBA","NEON.PLA.D05.TREE.00344","TREE_054","TREE","D05",2015-07-30,"Live","small tree","Full shade",130,NA,8.2,6.9,NA,NA,"Abies balsamea (L.) Mill.",NA,NA,"2015",12,"douglas","Abies balsamea (L.) Mill.","balsam fir","Pinaceae","tree","balsamea",0.608,"sw2",-2.2304,2.4435,"AbiesBelow0.35spg","conifer","Conifer",0.33,-2.3123,2.3482,1.87856,0.79034,NA,"Check",3.57310465506946,2.87163137163629,NA
"Abies","ABBA","NEON.PLA.D05.TREE.00344","TREE_054","TREE","D05",2021-09-20,"Live","small tree","Mostly shaded",130,NA,7.8,7.5,NA,NA,"Abies balsamea (L.) Mill.",NA,NA,"2021",12,"douglas","Abies balsamea (L.) Mill.","balsam fir","Pinaceae","tree","balsamea",0.608,"sw2",-2.2304,2.4435,"AbiesBelow0.35spg","conifer","Conifer",0.33,-2.3123,2.3482,1.87856,0.79034,NA,"Check",4.38056552165327,3.49270666577541,NA
"Abies","ABBA","NEON.PLA.D05.TREE.03579","TREE_002","TREE","D05",2019-10-08,"Live","single bole tree","Mostly shaded",130,NA,15.2,13.9,NA,31,"Abies balsamea (L.) Mill.",11.2,80.6,"2019",12,"douglas","Abies balsamea (L.) Mill.","balsam fir","Pinaceae","tree","balsamea",0.608,"sw2",-2.2304,2.4435,"AbiesBelow0.35spg","conifer","Conifer",0.33,-2.3123,2.3482,1.87856,0.79034,NA,"Check",66.7277148007724,47.8418784633076,NA
"Abies","ABBA","NEON.PLA.D05.TREE.03877","TREE_039","TREE","D05",2020-10-01,"Live","small tree","Partially shaded",130,NA,2.3,1,NA,NA,"Abies balsamea (L.) Mill.",NA,NA,"2020",12,"douglas","Abies balsamea (L.) Mill.","balsam fir","Pinaceae","tree","balsamea",0.608,"sw2",-2.2304,2.4435,"AbiesBelow0.35spg","conifer","Conifer",0.33,-2.3123,2.3482,1.87856,0.79034,NA,"Check",0.0318652979425638,0.030785290376143,NA
"Abies","ABBA","NEON.PLA.D05.TREE.02218","TREE_015","TREE","D05",2018-05-08,"Live","single bole tree","Mostly shaded",130,NA,13.2,12.7,NA,41,"Abies balsamea (L.) Mill.",4.9,59.2,"2018",12,"douglas","Abies balsamea (L.) Mill.","balsam fir","Pinaceae","tree","balsamea",0.608,"sw2",-2.2304,2.4435,"AbiesBelow0.35spg","conifer","Conifer",0.33,-2.3123,2.3482,1.87856,0.79034,NA,"Check",53.5172735043246,38.7019428281509,NA
"Abies","ABBA","NEON.PLA.D05.TREE.00757","TREE_052","TREE","D05",2018-08-29,"Live","small tree",NA,130,NA,6.3,6.2,NA,NA,"Abies balsamea (L.) Mill.",NA,NA,"2018",12,"douglas","Abies balsamea (L.) Mill.","balsam fir","Pinaceae","tree","balsamea",0.608,"sw2",-2.2304,2.4435,"AbiesBelow0.35spg","conifer","Conifer",0.33,-2.3123,2.3482,1.87856,0.79034,NA,"Check",2.75123112968026,2.2337646798732,NA
"Abies","ABBA","NEON.PLA.D05.TREE.03876","TREE_039","TREE","D05",2021-09-30,"Live","small tree","Full shade",130,NA,2.3,1.5,NA,NA,"Abies balsamea (L.) Mill.",NA,NA,"2021",12,"douglas","Abies balsamea (L.) Mill.","balsam fir","Pinaceae","tree","balsamea",0.608,"sw2",-2.2304,2.4435,"AbiesBelow0.35spg","conifer","Conifer",0.33,-2.3123,2.3482,1.87856,0.79034,NA,"Check",0.0858216727315645,0.0797702124793076,NA
"Abies","ABBA","NEON.PLA.D05.TREE.05100","TREE_039","TREE","D05",2021-09-30,"Live","small tree","Mostly shaded",140,NA,2.5,2.7,NA,NA,"Abies balsamea (L.) Mill.",NA,NA,"2021",12,"douglas","Abies balsamea (L.) Mill.","balsam fir","Pinaceae","tree","balsamea",0.608,"sw2",-2.2304,2.4435,"AbiesBelow0.35spg","conifer","Conifer",0.33,-2.3123,2.3482,1.87856,0.79034,NA,"Check",0.360873790436049,0.317155060489603,NA
"Abies","ABBA","NEON.PLA.D05.TREE.03619","TREE_008","TREE","D05",2018-04-30,"Live","single bole tree","Full sun",130,NA,12.2,25.6,NA,31,"Abies balsamea (L.) Mill.",4.9,70,"2018",12,"douglas","Abies balsamea (L.) Mill.","balsam fir","Pinaceae","tree","balsamea",0.608,"sw2",-2.2304,2.4435,"AbiesBelow0.35spg","conifer","Conifer",0.33,-2.3123,2.3482,1.87856,0.79034,NA,"Check",296.745364019301,200.728923747932,NA
"Abies","ABBA","NEON.PLA.D05.TREE.01322","TREE_040","TREE","D05",2016-10-20,"Dead, broken bole","single bole tree",NA,130,NA,NA,11.6,NA,41,"Abies balsamea (L.) Mill.",8.9,155.2,"2016",12,"douglas","Abies balsamea (L.) Mill.","balsam fir","Pinaceae","tree","balsamea",0.608,"sw2",-2.2304,2.4435,"AbiesBelow0.35spg","conifer","Conifer",0.33,-2.3123,2.3482,1.87856,0.79034,NA,"Check",42.8896679772996,31.2853573373404,NA
"Abies","ABBA","NEON.PLA.D05.TREE.03418","TREE_054","TREE","D05",2018-10-09,"Live","single bole tree",NA,130,NA,10.1,10.4,NA,39,"Abies balsamea (L.) Mill.",6.4,156.1,"2018",12,"douglas","Abies balsamea (L.) Mill.","balsam fir","Pinaceae","tree","balsamea",0.608,"sw2",-2.2304,2.4435,"AbiesBelow0.35spg","conifer","Conifer",0.33,-2.3123,2.3482,1.87856,0.79034,NA,"Check",32.845097253419,24.2090951208349,NA
"Abies","ABBA","NEON.PLA.D05.TREE.01302","TREE_039","TREE","D05",2019-10-23,"Live","small tree",NA,130,NA,7,7.7,NA,NA,"Abies balsamea (L.) Mill.",NA,NA,"2019",12,"douglas","Abies balsamea (L.) Mill.","balsam fir","Pinaceae","tree","balsamea",0.608,"sw2",-2.2304,2.4435,"AbiesBelow0.35spg","conifer","Conifer",0.33,-2.3123,2.3482,1.87856,0.79034,NA,"Check",4.67151847212447,3.71535892269087,NA
"Abies","ABBA","NEON.PLA.D05.TREE.01339","TREE_045","TREE","D05",2016-10-18,"Live","small tree",NA,130,NA,1.5,2.1,NA,NA,"Abies balsamea (L.) Mill.",NA,NA,"2016",12,"douglas","Abies balsamea (L.) Mill.","balsam fir","Pinaceae","tree","balsamea",0.608,"sw2",-2.2304,2.4435,"AbiesBelow0.35spg","conifer","Conifer",0.33,-2.3123,2.3482,1.87856,0.79034,NA,"Check",0.19528137763401,0.175783700289906,NA
"Abies","ABBA","NEON.PLA.D05.TREE.00349","TREE_054","TREE","D05",2017-08-30,"Live","single bole tree",NA,130,NA,10.1,11.9,NA,41,"Abies balsamea (L.) Mill.",15.9,37,"2017",12,"douglas","Abies balsamea (L.) Mill.","balsam fir","Pinaceae","tree","balsamea",0.608,"sw2",-2.2304,2.4435,"AbiesBelow0.35spg","conifer","Conifer",0.33,-2.3123,2.3482,1.87856,0.79034,NA,"Check",45.6508205043179,33.2185173238559,NA
"Abies","ABBA","NEON.PLA.D05.TREE.01029","TREE_057","TREE","D05",2015-08-04,"Live","sapling","Full shade",10,NA,1,1.4,NA,NA,"Abies balsamea (L.) Mill.",NA,NA,"2015",12,"douglas","Abies balsamea (L.) Mill.","balsam fir","Pinaceae","tree","balsamea",0.608,"sw2",-2.2304,2.4435,"AbiesBelow0.35spg","conifer","Conifer",0.33,-2.3123,2.3482,1.87856,0.79034,0.999590927277837,"Check",0.031833455775851,0.0307557266555746,NA
"Abies","ABBA","NEON.PLA.D05.TREE.02218","TREE_015","TREE","D05",2019-10-24,"Live","single bole tree","Mostly shaded",130,NA,13.8,12.1,NA,41,"Abies balsamea (L.) Mill.",4.9,59.2,"2019",12,"douglas","Abies balsamea (L.) Mill.","balsam fir","Pinaceae","tree","balsamea",0.608,"sw2",-2.2304,2.4435,"AbiesBelow0.35spg","conifer","Conifer",0.33,-2.3123,2.3482,1.87856,0.79034,NA,"Check",47.5483707006928,34.5443858596436,NA
"Abies","ABBA","NEON.PLA.D05.TREE.03417","TREE_054","TREE","D05",2021-09-20,"Live","single bole tree","Mostly shaded",130,NA,11.3,11,NA,39,"Abies balsamea (L.) Mill.",12.6,145.9,"2021",12,"douglas","Abies balsamea (L.) Mill.","balsam fir","Pinaceae","tree","balsamea",0.608,"sw2",-2.2304,2.4435,"AbiesBelow0.35spg","conifer","Conifer",0.33,-2.3123,2.3482,1.87856,0.79034,NA,"Check",37.6697392257646,27.617169967899,NA
"Abies","ABBA","NEON.PLA.D05.TREE.00490","TREE_051","TREE","D05",2015-08-03,"Live","single bole tree","Mostly shaded",130,NA,8,15.6,NA,43,"Abies balsamea (L.) Mill.",4.7,282.4,"2015",12,"douglas","Abies balsamea (L.) Mill.","balsam fir","Pinaceae","tree","balsamea",0.608,"sw2",-2.2304,2.4435,"AbiesBelow0.35spg","conifer","Conifer",0.33,-2.3123,2.3482,1.87856,0.79034,NA,"Check",88.4605313403995,62.7301103262393,NA
"Abies","ABBA","NEON.PLA.D05.TREE.02211","TREE_023","TREE","D05",2019-11-04,"Live","small tree",NA,130,NA,3,2.3,NA,NA,"Abies balsamea (L.) Mill.",NA,NA,"2019",12,"douglas","Abies balsamea (L.) Mill.","balsam fir","Pinaceae","tree","balsamea",0.608,"sw2",-2.2304,2.4435,"AbiesBelow0.35spg","conifer","Conifer",0.33,-2.3123,2.3482,1.87856,0.79034,NA,"Check",0.243893345411884,0.217646936638539,NA
"Abies","ABBA","NEON.PLA.D05.TREE.02308","TREE_015","TREE","D05",2018-05-08,"Live","small tree",NA,130,NA,NA,2.9,NA,NA,"Abies balsamea (L.) Mill.",NA,NA,"2018",12,"douglas","Abies balsamea (L.) Mill.","balsam fir","Pinaceae","tree","balsamea",0.608,"sw2",-2.2304,2.4435,"AbiesBelow0.35spg","conifer","Conifer",0.33,-2.3123,2.3482,1.87856,0.79034,NA,"Check",0.429721904057558,0.37509928214444,NA
"Abies","ABBA","NEON.PLA.D05.TREE.03948","TREE_004","TREE","D05",2018-05-02,"Live","small tree",NA,130,NA,NA,1.7,NA,NA,"Abies balsamea (L.) Mill.",NA,NA,"2018",12,"douglas","Abies balsamea (L.) Mill.","balsam fir","Pinaceae","tree","balsamea",0.608,"sw2",-2.2304,2.4435,"AbiesBelow0.35spg","conifer","Conifer",0.33,-2.3123,2.3482,1.87856,0.79034,NA,"Check",0.116525217678834,0.107024550262889,NA
"Abies","ABBA","NEON.PLA.D05.TREE.03416","TREE_054","TREE","D05",2018-10-09,"Live","single bole tree",NA,130,NA,10.6,11.2,NA,21,"Abies balsamea (L.) Mill.",13.5,52.9,"2018",12,"douglas","Abies balsamea (L.) Mill.","balsam fir","Pinaceae","tree","balsamea",0.608,"sw2",-2.2304,2.4435,"AbiesBelow0.35spg","conifer","Conifer",0.33,-2.3123,2.3482,1.87856,0.79034,NA,"Check",39.3653236069096,28.8107544028986,NA
"Abies","ABBA","NEON.PLA.D05.TREE.03877","TREE_039","TREE","D05",2021-09-30,"Live","small tree","Full sun",130,NA,2.3,1.7,NA,NA,"Abies balsamea (L.) Mill.",NA,NA,"2021",12,"douglas","Abies balsamea (L.) Mill.","balsam fir","Pinaceae","tree","balsamea",0.608,"sw2",-2.2304,2.4435,"AbiesBelow0.35spg","conifer","Conifer",0.33,-2.3123,2.3482,1.87856,0.79034,NA,"Check",0.116525217678834,0.107024550262889,NA
"Abies","ABBA","NEON.PLA.D05.TREE.05138","TREE_050","TREE","D05",2021-10-06,"Live","single bole tree","Mostly shaded",130,NA,10.1,10.9,NA,41,"Abies balsamea (L.) Mill.",5.9,81.7,"2021",12,"douglas","Abies balsamea (L.) Mill.","balsam fir","Pinaceae","tree","balsamea",0.608,"sw2",-2.2304,2.4435,"AbiesBelow0.35spg","conifer","Conifer",0.33,-2.3123,2.3482,1.87856,0.79034,NA,"Check",36.8384403787844,27.0312277681496,NA
"Abies","ABBA","NEON.PLA.D05.TREE.05137","TREE_050","TREE","D05",2021-10-06,"Live","single bole tree","Partially shaded",130,NA,8.2,11.8,NA,41,"Abies balsamea (L.) Mill.",14.5,301.7,"2021",12,"douglas","Abies balsamea (L.) Mill.","balsam fir","Pinaceae","tree","balsamea",0.608,"sw2",-2.2304,2.4435,"AbiesBelow0.35spg","conifer","Conifer",0.33,-2.3123,2.3482,1.87856,0.79034,NA,"Check",44.719122436928,32.5667334095466,NA
"Abies","ABBA","NEON.PLA.D05.TREE.01174","TREE_039","TREE","D05",2017-10-17,"Dead, broken bole","small tree",NA,130,NA,4.3,9.8,NA,61,"Abies balsamea (L.) Mill.",2,218.7,"2017",12,"douglas","Abies balsamea (L.) Mill.","balsam fir","Pinaceae","tree","balsamea",0.608,"sw2",-2.2304,2.4435,"AbiesBelow0.35spg","conifer","Conifer",0.33,-2.3123,2.3482,1.87856,0.79034,NA,"Check",8.42129535696905,6.5454622923648,NA
"Abies","ABBA","NEON.PLA.D05.TREE.03416","TREE_054","TREE","D05",2022-09-07,"Live","single bole tree","Partially shaded",130,NA,12.2,12.4,NA,21,"Abies balsamea (L.) Mill.",13.5,52.9,"2022",12,"douglas","Abies balsamea (L.) Mill.","balsam fir","Pinaceae","tree","balsamea",0.608,"sw2",-2.2304,2.4435,"AbiesBelow0.35spg","conifer","Conifer",0.33,-2.3123,2.3482,1.87856,0.79034,NA,"Check",50.4807124086711,36.5892637417449,NA
"Abies","ABBA","NEON.PLA.D05.TREE.00097","TREE_056","TREE","D05",2017-09-25,"Live","small tree",NA,130,NA,4.6,5.6,NA,NA,"Abies balsamea (L.) Mill.",NA,NA,"2017",12,"douglas","Abies balsamea (L.) Mill.","balsam fir","Pinaceae","tree","balsamea",0.608,"sw2",-2.2304,2.4435,"AbiesBelow0.35spg","conifer","Conifer",0.33,-2.3123,2.3482,1.87856,0.79034,NA,"Check",2.14543532707086,1.75888878333103,NA
"Abies","ABBA","NEON.PLA.D05.TREE.03418","TREE_054","TREE","D05",2022-09-07,"Live","single bole tree","Mostly shaded",130,NA,11.1,11.4,NA,39,"Abies balsamea (L.) Mill.",6.4,156.1,"2022",12,"douglas","Abies balsamea (L.) Mill.","balsam fir","Pinaceae","tree","balsamea",0.608,"sw2",-2.2304,2.4435,"AbiesBelow0.35spg","conifer","Conifer",0.33,-2.3123,2.3482,1.87856,0.79034,NA,"Check",41.1051835472611,30.033423589797,NA
"Abies","ABBA","NEON.PLA.D05.TREE.02235","TREE_015","TREE","D05",2019-10-24,"Live","small tree",NA,130,NA,6.9,6.4,NA,NA,"Abies balsamea (L.) Mill.",NA,NA,"2019",12,"douglas","Abies balsamea (L.) Mill.","balsam fir","Pinaceae","tree","balsamea",0.608,"sw2",-2.2304,2.4435,"AbiesBelow0.35spg","conifer","Conifer",0.33,-2.3123,2.3482,1.87856,0.79034,NA,"Check",2.9731632083074,2.4066618255822,NA
"Abies","ABBA","NEON.PLA.D05.TREE.00097","TREE_056","TREE","D05",2022-09-20,"Live","small tree","Mostly shaded",130,NA,6.5,7.4,NA,NA,"Abies balsamea (L.) Mill.",NA,NA,"2022",12,"douglas","Abies balsamea (L.) Mill.","balsam fir","Pinaceae","tree","balsamea",0.608,"sw2",-2.2304,2.4435,"AbiesBelow0.35spg","conifer","Conifer",0.33,-2.3123,2.3482,1.87856,0.79034,NA,"Check",4.23921741555325,3.38433370076885,NA
"Abies","ABBA","NEON.PLA.D05.TREE.03410","TREE_050","TREE","D05",2018-08-29,"Live","single bole tree",NA,130,NA,9.8,10.3,NA,39,"Abies balsamea (L.) Mill.",10.8,21.6,"2018",12,"douglas","Abies balsamea (L.) Mill.","balsam fir","Pinaceae","tree","balsamea",0.608,"sw2",-2.2304,2.4435,"AbiesBelow0.35spg","conifer","Conifer",0.33,-2.3123,2.3482,1.87856,0.79034,NA,"Check",32.0787432909319,23.6660207273982,NA
"Abies","ABBA","NEON.PLA.D05.TREE.09898","TREE_054","TREE","D05",2022-09-07,"Standing dead","small tree","Full shade",130,NA,2.5,1.6,NA,NA,"Abies balsamea (L.) Mill.",NA,NA,"2022",12,"douglas","Abies balsamea (L.) Mill.","balsam fir","Pinaceae","tree","balsamea",0.608,"sw2",-2.2304,2.4435,"AbiesBelow0.35spg","conifer","Conifer",0.33,-2.3123,2.3482,1.87856,0.79034,NA,"Check",0.100481280546951,0.0928234695920753,NA
"Abies","ABBA","NEON.PLA.D05.TREE.00713","TREE_057","TREE","D05",2018-10-16,"Live","small tree",NA,130,NA,3.3,2.9,NA,NA,"Abies balsamea (L.) Mill.",NA,NA,"2018",12,"douglas","Abies balsamea (L.) Mill.","balsam fir","Pinaceae","tree","balsamea",0.608,"sw2",-2.2304,2.4435,"AbiesBelow0.35spg","conifer","Conifer",0.33,-2.3123,2.3482,1.87856,0.79034,NA,"Check",0.429721904057558,0.37509928214444,NA
"Abies","ABBA","NEON.PLA.D05.TREE.01336","TREE_045","TREE","D05",2018-10-17,"Live","small tree",NA,130,NA,3,2.8,NA,NA,"Abies balsamea (L.) Mill.",NA,NA,"2018",12,"douglas","Abies balsamea (L.) Mill.","balsam fir","Pinaceae","tree","balsamea",0.608,"sw2",-2.2304,2.4435,"AbiesBelow0.35spg","conifer","Conifer",0.33,-2.3123,2.3482,1.87856,0.79034,NA,"Check",0.394410649743346,0.345429754183071,NA
"Abies","ABBA","NEON.PLA.D05.TREE.03948","TREE_004","TREE","D05",2019-10-08,"Live, insect damaged","small tree",NA,130,NA,2.2,2.1,NA,NA,"Abies balsamea (L.) Mill.",NA,NA,"2019",12,"douglas","Abies balsamea (L.) Mill.","balsam fir","Pinaceae","tree","balsamea",0.608,"sw2",-2.2304,2.4435,"AbiesBelow0.35spg","conifer","Conifer",0.33,-2.3123,2.3482,1.87856,0.79034,NA,"Check",0.19528137763401,0.175783700289906,NA
"Abies","ABBA","NEON.PLA.D05.TREE.00237","TREE_050","TREE","D05",2015-07-29,"Live","single bole tree","Open grown",120,NA,5.9,20.6,NA,61,"Abies balsamea (L.) Mill.",2.4,254.5,"2015",12,"douglas","Abies balsamea (L.) Mill.","balsam fir","Pinaceae","tree","balsamea",0.608,"sw2",-2.2304,2.4435,"AbiesBelow0.35spg","conifer","Conifer",0.33,-2.3123,2.3482,1.87856,0.79034,NA,"Check",174.495463419123,120.504669616386,NA
"Abies","ABBA","NEON.PLA.D05.TREE.01141","TREE_039","TREE","D05",2015-08-11,"Live","small tree","Mostly shaded",130,NA,2.8,2.9,NA,NA,"Abies balsamea (L.) Mill.",NA,NA,"2015",12,"douglas","Abies balsamea (L.) Mill.","balsam fir","Pinaceae","tree","balsamea",0.608,"sw2",-2.2304,2.4435,"AbiesBelow0.35spg","conifer","Conifer",0.33,-2.3123,2.3482,1.87856,0.79034,NA,"Check",0.429721904057558,0.37509928214444,NA
"Abies","ABBA","NEON.PLA.D05.TREE.01059","TREE_047","TREE","D05",2015-08-06,"Live","small tree","Mostly shaded",130,NA,3.3,5.2,NA,NA,"Abies balsamea (L.) Mill.",NA,NA,"2015",12,"douglas","Abies balsamea (L.) Mill.","balsam fir","Pinaceae","tree","balsamea",0.608,"sw2",-2.2304,2.4435,"AbiesBelow0.35spg","conifer","Conifer",0.33,-2.3123,2.3482,1.87856,0.79034,NA,"Check",1.79007881840947,1.47795872566067,NA
"Abies","ABBA","NEON.PLA.D05.TREE.01125","TREE_045","TREE","D05",2015-08-11,"Live","sapling","Full shade",1,NA,1,1.6,NA,NA,"Abies balsamea (L.) Mill.",NA,NA,"2015",12,"douglas","Abies balsamea (L.) Mill.","balsam fir","Pinaceae","tree","balsamea",0.608,"sw2",-2.2304,2.4435,"AbiesBelow0.35spg","conifer","Conifer",0.33,-2.3123,2.3482,1.87856,0.79034,1.14849394850273,"Check",0.0446933068634579,0.0426125470740908,NA
"Abies","ABBA","NEON.PLA.D05.TREE.01060","TREE_047","TREE","D05",2017-10-16,"Live","small tree",NA,130,NA,5.8,7.3,NA,NA,"Abies balsamea (L.) Mill.",NA,NA,"2017",12,"douglas","Abies balsamea (L.) Mill.","balsam fir","Pinaceae","tree","balsamea",0.608,"sw2",-2.2304,2.4435,"AbiesBelow0.35spg","conifer","Conifer",0.33,-2.3123,2.3482,1.87856,0.79034,NA,"Check",4.10059985705231,3.27791731592345,NA
"Abies","ABBA","NEON.PLA.D05.TREE.03417","TREE_054","TREE","D05",2022-09-07,"Live","single bole tree","Full shade",130,NA,11,11.2,NA,39,"Abies balsamea (L.) Mill.",12.6,145.9,"2022",12,"douglas","Abies balsamea (L.) Mill.","balsam fir","Pinaceae","tree","balsamea",0.608,"sw2",-2.2304,2.4435,"AbiesBelow0.35spg","conifer","Conifer",0.33,-2.3123,2.3482,1.87856,0.79034,NA,"Check",39.3653236069096,28.8107544028986,NA
"Abies","ABBA","NEON.PLA.D05.TREE.00460","TREE_051","TREE","D05",2018-10-09,"Standing dead","small tree",NA,130,NA,2.1,1.6,NA,NA,"Abies balsamea (L.) Mill.",NA,NA,"2018",12,"douglas","Abies balsamea (L.) Mill.","balsam fir","Pinaceae","tree","balsamea",0.608,"sw2",-2.2304,2.4435,"AbiesBelow0.35spg","conifer","Conifer",0.33,-2.3123,2.3482,1.87856,0.79034,NA,"Check",0.100481280546951,0.0928234695920753,NA
"Abies","ABBA","NEON.PLA.D05.TREE.09896","TREE_054","TREE","D05",2022-09-07,"Standing dead","small tree","Full shade",130,NA,2.6,2.2,NA,NA,"Abies balsamea (L.) Mill.",NA,NA,"2022",12,"douglas","Abies balsamea (L.) Mill.","balsam fir","Pinaceae","tree","balsamea",0.608,"sw2",-2.2304,2.4435,"AbiesBelow0.35spg","conifer","Conifer",0.33,-2.3123,2.3482,1.87856,0.79034,NA,"Check",0.218790169181502,0.196074083394239,NA
"Abies","ABBA","NEON.PLA.D05.TREE.09895","TREE_054","TREE","D05",2022-09-07,"Live","small tree","Mostly shaded",130,NA,10,7.5,NA,NA,"Abies balsamea (L.) Mill.",NA,NA,"2022",12,"douglas","Abies balsamea (L.) Mill.","balsam fir","Pinaceae","tree","balsamea",0.608,"sw2",-2.2304,2.4435,"AbiesBelow0.35spg","conifer","Conifer",0.33,-2.3123,2.3482,1.87856,0.79034,NA,"Check",4.38056552165327,3.49270666577541,NA
"Abies","ABBA","NEON.PLA.D05.TREE.01141","TREE_039","TREE","D05",2020-10-01,"Live","small tree","Mostly shaded",130,NA,2.9,4.1,NA,NA,"Abies balsamea (L.) Mill.",NA,NA,"2020",12,"douglas","Abies balsamea (L.) Mill.","balsam fir","Pinaceae","tree","balsamea",0.608,"sw2",-2.2304,2.4435,"AbiesBelow0.35spg","conifer","Conifer",0.33,-2.3123,2.3482,1.87856,0.79034,NA,"Check",1.00151010922083,0.845828484771519,NA
"Abies","ABBA","NEON.PLA.D05.TREE.01388","TREE_045","TREE","D05",2016-10-18,"Live","small tree",NA,130,NA,2.9,2.8,NA,NA,"Abies balsamea (L.) Mill.",NA,NA,"2016",12,"douglas","Abies balsamea (L.) Mill.","balsam fir","Pinaceae","tree","balsamea",0.608,"sw2",-2.2304,2.4435,"AbiesBelow0.35spg","conifer","Conifer",0.33,-2.3123,2.3482,1.87856,0.79034,NA,"Check",0.394410649743346,0.345429754183071,NA
"Abies","ABBA","NEON.PLA.D05.TREE.00294","TREE_054","TREE","D05",2018-10-09,"Live","single bole tree",NA,130,NA,11.3,13.5,NA,23,"Abies balsamea (L.) Mill.",7,344.1,"2018",12,"douglas","Abies balsamea (L.) Mill.","balsam fir","Pinaceae","tree","balsamea",0.608,"sw2",-2.2304,2.4435,"AbiesBelow0.35spg","conifer","Conifer",0.33,-2.3123,2.3482,1.87856,0.79034,NA,"Check",62.1326891879771,44.671509156615,NA
"Abies","ABBA","NEON.PLA.D05.TREE.01388","TREE_045","TREE","D05",2015-08-11,"Live","small tree","Mostly shaded",130,NA,2.4,2.6,NA,NA,"Abies balsamea (L.) Mill.",NA,NA,"2015",12,"douglas","Abies balsamea (L.) Mill.","balsam fir","Pinaceae","tree","balsamea",0.608,"sw2",-2.2304,2.4435,"AbiesBelow0.35spg","conifer","Conifer",0.33,-2.3123,2.3482,1.87856,0.79034,NA,"Check",0.329082932937723,0.290257646837017,NA
"Abies","ABBA","NEON.PLA.D05.TREE.03878","TREE_039","TREE","D05",2021-09-30,"Live","small tree","Partially shaded",130,NA,2,1.4,NA,NA,"Abies balsamea (L.) Mill.",NA,NA,"2021",12,"douglas","Abies balsamea (L.) Mill.","balsam fir","Pinaceae","tree","balsamea",0.608,"sw2",-2.2304,2.4435,"AbiesBelow0.35spg","conifer","Conifer",0.33,-2.3123,2.3482,1.87856,0.79034,NA,"Check",0.0725073175910424,0.067839260904832,NA
"Abies","ABBA","NEON.PLA.D05.TREE.01388","TREE_045","TREE","D05",2017-10-19,"Live","small tree",NA,130,NA,3.1,3.1,NA,NA,"Abies balsamea (L.) Mill.",NA,NA,"2017",12,"douglas","Abies balsamea (L.) Mill.","balsam fir","Pinaceae","tree","balsamea",0.608,"sw2",-2.2304,2.4435,"AbiesBelow0.35spg","conifer","Conifer",0.33,-2.3123,2.3482,1.87856,0.79034,NA,"Check",0.505778404857727,0.438691059709943,NA
"Abies","ABBA","NEON.PLA.D05.TREE.00307","TREE_051","TREE","D05",2016-09-28,"Live","small tree",NA,130,NA,5.5,8.5,NA,NA,"Abies balsamea (L.) Mill.",NA,NA,"2016",12,"douglas","Abies balsamea (L.) Mill.","balsam fir","Pinaceae","tree","balsamea",0.608,"sw2",-2.2304,2.4435,"AbiesBelow0.35spg","conifer","Conifer",0.33,-2.3123,2.3482,1.87856,0.79034,NA,"Check",5.94775579082023,4.68602688255058,NA
"Abies","ABBA","NEON.PLA.D05.TREE.01444","TREE_039","TREE","D05",2018-10-17,"Live","small tree",NA,130,NA,5.8,7.1,NA,NA,"Abies balsamea (L.) Mill.",NA,NA,"2018",12,"douglas","Abies balsamea (L.) Mill.","balsam fir","Pinaceae","tree","balsamea",0.608,"sw2",-2.2304,2.4435,"AbiesBelow0.35spg","conifer","Conifer",0.33,-2.3123,2.3482,1.87856,0.79034,NA,"Check",3.83149054878416,3.07091721361445,NA
"Abies","ABBA","NEON.PLA.D05.TREE.03483","TREE_047","TREE","D05",2016-10-19,"Live","small tree",NA,130,NA,2.5,2.8,NA,NA,"Abies balsamea (L.) Mill.",NA,NA,"2016",12,"douglas","Abies balsamea (L.) Mill.","balsam fir","Pinaceae","tree","balsamea",0.608,"sw2",-2.2304,2.4435,"AbiesBelow0.35spg","conifer","Conifer",0.33,-2.3123,2.3482,1.87856,0.79034,NA,"Check",0.394410649743346,0.345429754183071,NA
"Abies","ABBA","NEON.PLA.D05.TREE.00268","TREE_054","TREE","D05",2017-08-30,"Live","single bole tree",NA,130,NA,6.5,10,NA,41,"Abies balsamea (L.) Mill.",4,226.5,"2017",12,"douglas","Abies balsamea (L.) Mill.","balsam fir","Pinaceae","tree","balsamea",0.608,"sw2",-2.2304,2.4435,"AbiesBelow0.35spg","conifer","Conifer",0.33,-2.3123,2.3482,1.87856,0.79034,NA,"Check",8.84744728131038,6.86346232900215,NA
"Abies","ABBA","NEON.PLA.D05.TREE.00526","TREE_042","TREE","D05",2018-10-10,"Live","small tree",NA,130,NA,6.2,9.5,NA,NA,"Abies balsamea (L.) Mill.",NA,NA,"2018",12,"douglas","Abies balsamea (L.) Mill.","balsam fir","Pinaceae","tree","balsamea",0.608,"sw2",-2.2304,2.4435,"AbiesBelow0.35spg","conifer","Conifer",0.33,-2.3123,2.3482,1.87856,0.79034,NA,"Check",7.80522834500789,6.08462509507786,NA
"Abies","ABBA","NEON.PLA.D05.TREE.00338","TREE_054","TREE","D05",2021-09-20,"Live","single bole tree","Partially shaded",130,NA,10,13.3,NA,21,"Abies balsamea (L.) Mill.",4.9,5.3,"2021",12,"douglas","Abies balsamea (L.) Mill.","balsam fir","Pinaceae","tree","balsamea",0.608,"sw2",-2.2304,2.4435,"AbiesBelow0.35spg","conifer","Conifer",0.33,-2.3123,2.3482,1.87856,0.79034,NA,"Check",59.907482873306,43.1329629974291,NA
"Abies","ABBA","NEON.PLA.D05.TREE.00037","TREE_054","TREE","D05",2017-08-30,"Live","single bole tree",NA,130,NA,11.6,13.5,NA,39,"Abies balsamea (L.) Mill.",9.8,125.1,"2017",12,"douglas","Abies balsamea (L.) Mill.","balsam fir","Pinaceae","tree","balsamea",0.608,"sw2",-2.2304,2.4435,"AbiesBelow0.35spg","conifer","Conifer",0.33,-2.3123,2.3482,1.87856,0.79034,NA,"Check",62.1326891879771,44.671509156615,NA
"Abies","ABBA","NEON.PLA.D05.TREE.01077","TREE_039","TREE","D05",2021-09-30,"Live","small tree","Mostly shaded",130,NA,8.8,7.2,NA,NA,"Abies balsamea (L.) Mill.",NA,NA,"2021",12,"douglas","Abies balsamea (L.) Mill.","balsam fir","Pinaceae","tree","balsamea",0.608,"sw2",-2.2304,2.4435,"AbiesBelow0.35spg","conifer","Conifer",0.33,-2.3123,2.3482,1.87856,0.79034,NA,"Check",3.96469641906411,3.17344826370043,NA
"Abies","ABBA","NEON.PLA.D05.TREE.00428","TREE_057","TREE","D05",2018-10-16,"Live","small tree",NA,130,NA,2,1.2,NA,NA,"Abies balsamea (L.) Mill.",NA,NA,"2018",12,"douglas","Abies balsamea (L.) Mill.","balsam fir","Pinaceae","tree","balsamea",0.608,"sw2",-2.2304,2.4435,"AbiesBelow0.35spg","conifer","Conifer",0.33,-2.3123,2.3482,1.87856,0.79034,NA,"Check",0.0497504895073365,0.0472363852883238,NA
"Abies","ABBA","NEON.PLA.D05.TREE.00712","TREE_052","TREE","D05",2018-08-29,"Live","small tree",NA,130,NA,2.3,2.8,NA,NA,"Abies balsamea (L.) Mill.",NA,NA,"2018",12,"douglas","Abies balsamea (L.) Mill.","balsam fir","Pinaceae","tree","balsamea",0.608,"sw2",-2.2304,2.4435,"AbiesBelow0.35spg","conifer","Conifer",0.33,-2.3123,2.3482,1.87856,0.79034,NA,"Check",0.394410649743346,0.345429754183071,NA
"Abies","ABBA","NEON.PLA.D05.TREE.00283","TREE_054","TREE","D05",2015-07-30,"Live","single bole tree","Mostly shaded",130,NA,6.8,11.9,NA,61,"Abies balsamea (L.) Mill.",6.3,247.4,"2015",12,"douglas","Abies balsamea (L.) Mill.","balsam fir","Pinaceae","tree","balsamea",0.608,"sw2",-2.2304,2.4435,"AbiesBelow0.35spg","conifer","Conifer",0.33,-2.3123,2.3482,1.87856,0.79034,NA,"Check",45.6508205043179,33.2185173238559,NA
"Abies","ABBA","NEON.PLA.D05.TREE.00283","TREE_054","TREE","D05",2022-09-07,"Live","single bole tree","Full shade",130,NA,9.7,15,NA,61,"Abies balsamea (L.) Mill.",6.3,247.4,"2022",12,"douglas","Abies balsamea (L.) Mill.","balsam fir","Pinaceae","tree","balsamea",0.608,"sw2",-2.2304,2.4435,"AbiesBelow0.35spg","conifer","Conifer",0.33,-2.3123,2.3482,1.87856,0.79034,NA,"Check",80.3764052755604,57.2108452237956,NA
"Abies","ABBA","NEON.PLA.D05.TREE.00067","TREE_050","TREE","D05",2015-07-29,"Live","single bole tree","Mostly shaded",130,NA,12.7,14.2,NA,39,"Abies balsamea (L.) Mill.",7.5,32.5,"2015",12,"douglas","Abies balsamea (L.) Mill.","balsam fir","Pinaceae","tree","balsamea",0.608,"sw2",-2.2304,2.4435,"AbiesBelow0.35spg","conifer","Conifer",0.33,-2.3123,2.3482,1.87856,0.79034,NA,"Check",70.3017534234546,50.3018965562577,NA
"Abies","ABBA","NEON.PLA.D05.TREE.00460","TREE_051","TREE","D05",2016-09-28,"Live","small tree",NA,130,NA,2.2,1.9,NA,NA,"Abies balsamea (L.) Mill.",NA,NA,"2016",12,"douglas","Abies balsamea (L.) Mill.","balsam fir","Pinaceae","tree","balsamea",0.608,"sw2",-2.2304,2.4435,"AbiesBelow0.35spg","conifer","Conifer",0.33,-2.3123,2.3482,1.87856,0.79034,NA,"Check",0.152915816304829,0.138967248938305,NA
"Abies","ABBA","NEON.PLA.D05.TREE.00097","TREE_056","TREE","D05",2021-09-22,"Live","small tree","Mostly shaded",130,NA,5.3,7.1,NA,NA,"Abies balsamea (L.) Mill.",NA,NA,"2021",12,"douglas","Abies balsamea (L.) Mill.","balsam fir","Pinaceae","tree","balsamea",0.608,"sw2",-2.2304,2.4435,"AbiesBelow0.35spg","conifer","Conifer",0.33,-2.3123,2.3482,1.87856,0.79034,NA,"Check",3.83149054878416,3.07091721361445,NA
"Abies","ABBA","NEON.PLA.D05.TREE.00067","TREE_050","TREE","D05",2016-09-29,"Live","single bole tree",NA,130,NA,13.8,14,NA,39,"Abies balsamea (L.) Mill.",7.5,32.5,"2016",12,"douglas","Abies balsamea (L.) Mill.","balsam fir","Pinaceae","tree","balsamea",0.608,"sw2",-2.2304,2.4435,"AbiesBelow0.35spg","conifer","Conifer",0.33,-2.3123,2.3482,1.87856,0.79034,NA,"Check",67.9068277120395,48.6540192773061,NA
"Abies","ABBA","NEON.PLA.D05.TREE.03498","TREE_054","TREE","D05",2022-09-07,"Standing dead","small tree","Full shade",130,NA,4,3.6,NA,NA,"Abies balsamea (L.) Mill.",NA,NA,"2022",12,"douglas","Abies balsamea (L.) Mill.","balsam fir","Pinaceae","tree","balsamea",0.608,"sw2",-2.2304,2.4435,"AbiesBelow0.35spg","conifer","Conifer",0.33,-2.3123,2.3482,1.87856,0.79034,NA,"Check",0.72885836778549,0.623236366068985,NA
"Abies","ABBA","NEON.PLA.D05.TREE.03498","TREE_054","TREE","D05",2018-10-09,"Live","small tree",NA,130,NA,3.5,3.9,NA,NA,"Abies balsamea (L.) Mill.",NA,NA,"2018",12,"douglas","Abies balsamea (L.) Mill.","balsam fir","Pinaceae","tree","balsamea",0.608,"sw2",-2.2304,2.4435,"AbiesBelow0.35spg","conifer","Conifer",0.33,-2.3123,2.3482,1.87856,0.79034,NA,"Check",0.886307349864757,0.752109656236205,NA
"Abies","ABBA","NEON.PLA.D05.TREE.03498","TREE_054","TREE","D05",2016-10-18,"Live","small tree",NA,130,NA,3.8,3.7,NA,NA,"Abies balsamea (L.) Mill.",NA,NA,"2016",12,"douglas","Abies balsamea (L.) Mill.","balsam fir","Pinaceae","tree","balsamea",0.608,"sw2",-2.2304,2.4435,"AbiesBelow0.35spg","conifer","Conifer",0.33,-2.3123,2.3482,1.87856,0.79034,NA,"Check",0.779325516912421,0.664652347214408,NA
"Abies","ABBA","NEON.PLA.D05.TREE.00368","TREE_025","TREE","D05",2018-10-17,"Live","small tree",NA,130,NA,2,1.4,NA,NA,"Abies balsamea (L.) Mill.",NA,NA,"2018",12,"douglas","Abies balsamea (L.) Mill.","balsam fir","Pinaceae","tree","balsamea",0.608,"sw2",-2.2304,2.4435,"AbiesBelow0.35spg","conifer","Conifer",0.33,-2.3123,2.3482,1.87856,0.79034,NA,"Check",0.0725073175910424,0.067839260904832,NA
"Abies","ABBA","NEON.PLA.D05.TREE.03499","TREE_054","TREE","D05",2017-08-30,"Live","multi-bole tree",NA,130,NA,8.7,11.2,NA,43,"Abies balsamea (L.) Mill.",8.4,290.8,"2017",12,"douglas","Abies balsamea (L.) Mill.","balsam fir","Pinaceae","tree","balsamea",0.608,"sw2",-2.2304,2.4435,"AbiesBelow0.35spg","conifer","Conifer",0.33,-2.3123,2.3482,1.87856,0.79034,NA,"Check",39.3653236069096,28.8107544028986,NA
"Abies","ABBA","NEON.PLA.D05.TREE.01362","TREE_040","TREE","D05",2018-10-18,"Live","single bole tree",NA,130,NA,10.5,15.4,NA,23,"Abies balsamea (L.) Mill.",12.6,41.6,"2018",12,"douglas","Abies balsamea (L.) Mill.","balsam fir","Pinaceae","tree","balsamea",0.608,"sw2",-2.2304,2.4435,"AbiesBelow0.35spg","conifer","Conifer",0.33,-2.3123,2.3482,1.87856,0.79034,NA,"Check",85.714928840063,60.8579089563268,NA
"Abies","ABBA","NEON.PLA.D05.TREE.00369","TREE_054","TREE","D05",2017-08-30,"Live","small tree",NA,130,NA,5.4,5,NA,NA,"Abies balsamea (L.) Mill.",NA,NA,"2017",12,"douglas","Abies balsamea (L.) Mill.","balsam fir","Pinaceae","tree","balsamea",0.608,"sw2",-2.2304,2.4435,"AbiesBelow0.35spg","conifer","Conifer",0.33,-2.3123,2.3482,1.87856,0.79034,NA,"Check",1.62648921958223,1.34792155571201,NA
"Abies","ABBA","NEON.PLA.D05.TREE.00491","TREE_051","TREE","D05",2016-09-28,"Live","single bole tree",NA,130,NA,10.2,10.6,NA,59,"Abies balsamea (L.) Mill.",2,134.8,"2016",12,"douglas","Abies balsamea (L.) Mill.","balsam fir","Pinaceae","tree","balsamea",0.608,"sw2",-2.2304,2.4435,"AbiesBelow0.35spg","conifer","Conifer",0.33,-2.3123,2.3482,1.87856,0.79034,NA,"Check",34.4099838934569,25.3165255279514,NA
"Abies","ABBA","NEON.PLA.D05.TREE.02221","TREE_015","TREE","D05",2019-10-24,"Live","single bole tree","Mostly shaded",130,NA,10.8,12.5,NA,51,"Abies balsamea (L.) Mill.",10.2,240.4,"2019",12,"douglas","Abies balsamea (L.) Mill.","balsam fir","Pinaceae","tree","balsamea",0.608,"sw2",-2.2304,2.4435,"AbiesBelow0.35spg","conifer","Conifer",0.33,-2.3123,2.3482,1.87856,0.79034,NA,"Check",51.4812643457568,37.285928466556,NA
"Abies","ABBA","NEON.PLA.D05.TREE.00638","TREE_046","TREE","D05",2015-07-28,"Live","sapling","Full shade",10,NA,0.7,1.2,NA,NA,"Abies balsamea (L.) Mill.",NA,NA,"2015",12,"douglas","Abies balsamea (L.) Mill.","balsam fir","Pinaceae","tree","balsamea",0.608,"sw2",-2.2304,2.4435,"AbiesBelow0.35spg","conifer","Conifer",0.33,-2.3123,2.3482,1.87856,0.79034,0.851537287154131,"Check",0.0215164515654311,0.0211080206973066,NA
"Abies","ABBA","NEON.PLA.D05.TREE.00317","TREE_054","TREE","D05",2015-07-30,"Live","single bole tree","Partially shaded",130,NA,9.3,10.7,NA,41,"Abies balsamea (L.) Mill.",8.9,192.2,"2015",12,"douglas","Abies balsamea (L.) Mill.","balsam fir","Pinaceae","tree","balsamea",0.608,"sw2",-2.2304,2.4435,"AbiesBelow0.35spg","conifer","Conifer",0.33,-2.3123,2.3482,1.87856,0.79034,NA,"Check",35.2086074406931,25.8809286967081,NA
"Abies","ABBA","NEON.PLA.D05.TREE.00436","TREE_052","TREE","D05",2015-08-03,"Standing dead","single bole tree","Full shade",130,NA,2.7,11.5,NA,23,"Abies balsamea (L.) Mill.",9.1,315.9,"2015",12,"douglas","Abies balsamea (L.) Mill.","balsam fir","Pinaceae","tree","balsamea",0.608,"sw2",-2.2304,2.4435,"AbiesBelow0.35spg","conifer","Conifer",0.33,-2.3123,2.3482,1.87856,0.79034,NA,"Check",41.99182602644,30.6557212360055,NA
"Abies","ABBA","NEON.PLA.D05.TREE.00231","TREE_050","TREE","D05",2016-09-29,"Live","small tree",NA,130,NA,6.2,5.6,NA,NA,"Abies balsamea (L.) Mill.",NA,NA,"2016",12,"douglas","Abies balsamea (L.) Mill.","balsam fir","Pinaceae","tree","balsamea",0.608,"sw2",-2.2304,2.4435,"AbiesBelow0.35spg","conifer","Conifer",0.33,-2.3123,2.3482,1.87856,0.79034,NA,"Check",2.14543532707086,1.75888878333103,NA
"Abies","ABBA","NEON.PLA.D05.TREE.02311","TREE_006","TREE","D05",2019-10-09,"Live","small tree",NA,130,NA,2,2.1,NA,NA,"Abies balsamea (L.) Mill.",NA,NA,"2019",12,"douglas","Abies balsamea (L.) Mill.","balsam fir","Pinaceae","tree","balsamea",0.608,"sw2",-2.2304,2.4435,"AbiesBelow0.35spg","conifer","Conifer",0.33,-2.3123,2.3482,1.87856,0.79034,NA,"Check",0.19528137763401,0.175783700289906,NA
"Abies","ABBA","NEON.PLA.D05.TREE.00814","TREE_052","TREE","D05",2017-09-26,"Live","single bole tree",NA,130,NA,10.4,11.1,NA,39,"Abies balsamea (L.) Mill.",6.6,132.3,"2017",12,"douglas","Abies balsamea (L.) Mill.","balsam fir","Pinaceae","tree","balsamea",0.608,"sw2",-2.2304,2.4435,"AbiesBelow0.35spg","conifer","Conifer",0.33,-2.3123,2.3482,1.87856,0.79034,NA,"Check",38.5120189145966,28.2103379109698,NA
"Abies","ABBA","NEON.PLA.D05.TREE.00018","TREE_050","TREE","D05",2015-07-29,"Live","single bole tree","Partially shaded",130,NA,14.1,15.8,NA,39,"Abies balsamea (L.) Mill.",7,54.5,"2015",12,"douglas","Abies balsamea (L.) Mill.","balsam fir","Pinaceae","tree","balsamea",0.608,"sw2",-2.2304,2.4435,"AbiesBelow0.35spg","conifer","Conifer",0.33,-2.3123,2.3482,1.87856,0.79034,NA,"Check",91.2574185622612,64.6349535564983,NA
"Abies","ABBA","NEON.PLA.D05.TREE.00786","TREE_025","TREE","D05",2017-10-18,"Live","single bole tree",NA,130,NA,11.1,10.6,NA,39,"Abies balsamea (L.) Mill.",7.6,177.4,"2017",12,"douglas","Abies balsamea (L.) Mill.","balsam fir","Pinaceae","tree","balsamea",0.608,"sw2",-2.2304,2.4435,"AbiesBelow0.35spg","conifer","Conifer",0.33,-2.3123,2.3482,1.87856,0.79034,NA,"Check",34.4099838934569,25.3165255279514,NA
"Abies","ABBA","NEON.PLA.D05.TREE.03892","TREE_052","TREE","D05",2017-09-26,"Live","single bole tree",NA,130,NA,7.3,10.5,NA,43,"Abies balsamea (L.) Mill.",11.6,181.7,"2017",12,"douglas","Abies balsamea (L.) Mill.","balsam fir","Pinaceae","tree","balsamea",0.608,"sw2",-2.2304,2.4435,"AbiesBelow0.35spg","conifer","Conifer",0.33,-2.3123,2.3482,1.87856,0.79034,NA,"Check",33.6221622691773,24.759255504112,NA
"Abies","ABBA","NEON.PLA.D05.TREE.00073","TREE_050","TREE","D05",2018-08-29,"Live","single bole tree",NA,130,NA,10.7,12.8,NA,41,"Abies balsamea (L.) Mill.",2.8,90,"2018",12,"douglas","Abies balsamea (L.) Mill.","balsam fir","Pinaceae","tree","balsamea",0.608,"sw2",-2.2304,2.4435,"AbiesBelow0.35spg","conifer","Conifer",0.33,-2.3123,2.3482,1.87856,0.79034,NA,"Check",54.5528128274887,39.4213343360838,NA
"Abies","ABBA","NEON.PLA.D05.TREE.02339","TREE_019","TREE","D05",2019-10-30,"Live, physically damaged","small tree",NA,130,NA,1.7,2.4,NA,NA,"Abies balsamea (L.) Mill.",NA,NA,"2019",12,"douglas","Abies balsamea (L.) Mill.","balsam fir","Pinaceae","tree","balsamea",0.608,"sw2",-2.2304,2.4435,"AbiesBelow0.35spg","conifer","Conifer",0.33,-2.3123,2.3482,1.87856,0.79034,NA,"Check",0.27062265635465,0.240522268978321,NA
"Abies","ABBA","NEON.PLA.D05.TREE.01204","TREE_045","TREE","D05",2018-10-17,"Live","small tree",NA,130,NA,4.1,4.8,NA,NA,"Abies balsamea (L.) Mill.",NA,NA,"2018",12,"douglas","Abies balsamea (L.) Mill.","balsam fir","Pinaceae","tree","balsamea",0.608,"sw2",-2.2304,2.4435,"AbiesBelow0.35spg","conifer","Conifer",0.33,-2.3123,2.3482,1.87856,0.79034,NA,"Check",1.47207842289968,1.22471187245523,NA
"Abies","ABBA","NEON.PLA.D05.TREE.00321","TREE_054","TREE","D05",2017-08-30,"Live","single bole tree",NA,130,NA,12.6,12.7,NA,21,"Abies balsamea (L.) Mill.",1.9,10.2,"2017",12,"douglas","Abies balsamea (L.) Mill.","balsam fir","Pinaceae","tree","balsamea",0.608,"sw2",-2.2304,2.4435,"AbiesBelow0.35spg","conifer","Conifer",0.33,-2.3123,2.3482,1.87856,0.79034,NA,"Check",53.5172735043246,38.7019428281509,NA
"Abies","ABBA","NEON.PLA.D05.TREE.01426","TREE_039","TREE","D05",2019-10-23,"Live","small tree",NA,130,NA,3.8,3.9,NA,NA,"Abies balsamea (L.) Mill.",NA,NA,"2019",12,"douglas","Abies balsamea (L.) Mill.","balsam fir","Pinaceae","tree","balsamea",0.608,"sw2",-2.2304,2.4435,"AbiesBelow0.35spg","conifer","Conifer",0.33,-2.3123,2.3482,1.87856,0.79034,NA,"Check",0.886307349864757,0.752109656236205,NA
"Abies","ABBA","NEON.PLA.D05.TREE.09893","TREE_054","TREE","D05",2022-09-07,"Standing dead","small tree",NA,130,NA,NA,2.7,NA,NA,"Abies balsamea (L.) Mill.",NA,NA,"2022",12,"douglas","Abies balsamea (L.) Mill.","balsam fir","Pinaceae","tree","balsamea",0.608,"sw2",-2.2304,2.4435,"AbiesBelow0.35spg","conifer","Conifer",0.33,-2.3123,2.3482,1.87856,0.79034,NA,"Check",0.360873790436049,0.317155060489603,NA
"Abies","ABBA","NEON.PLA.D05.TREE.00883","TREE_025","TREE","D05",2016-10-18,"Live","small tree",NA,130,NA,5,6.1,NA,NA,"Abies balsamea (L.) Mill.",NA,NA,"2016",12,"douglas","Abies balsamea (L.) Mill.","balsam fir","Pinaceae","tree","balsamea",0.608,"sw2",-2.2304,2.4435,"AbiesBelow0.35spg","conifer","Conifer",0.33,-2.3123,2.3482,1.87856,0.79034,NA,"Check",2.6440607869953,2.15008075996871,NA
"Abies","ABBA","NEON.PLA.D05.TREE.03247","TREE_023","TREE","D05",2019-11-04,"Live","small tree",NA,130,NA,2.3,2,NA,NA,"Abies balsamea (L.) Mill.",NA,NA,"2019",12,"douglas","Abies balsamea (L.) Mill.","balsam fir","Pinaceae","tree","balsamea",0.608,"sw2",-2.2304,2.4435,"AbiesBelow0.35spg","conifer","Conifer",0.33,-2.3123,2.3482,1.87856,0.79034,NA,"Check",0.173334406558499,0.156755176062481,NA
"Abies","ABBA","NEON.PLA.D05.TREE.00757","TREE_052","TREE","D05",2017-09-26,"Live","small tree",NA,130,NA,6.2,5.9,NA,NA,"Abies balsamea (L.) Mill.",NA,NA,"2017",12,"douglas","Abies balsamea (L.) Mill.","balsam fir","Pinaceae","tree","balsamea",0.608,"sw2",-2.2304,2.4435,"AbiesBelow0.35spg","conifer","Conifer",0.33,-2.3123,2.3482,1.87856,0.79034,NA,"Check",2.43722078928756,1.98819028834665,NA
"Abies","ABBA","NEON.PLA.D05.TREE.00076","TREE_050","TREE","D05",2015-07-29,"Live","sapling","Full shade",10,NA,1.5,1.2,NA,NA,"Abies balsamea (L.) Mill.",NA,NA,"2015",12,"douglas","Abies balsamea (L.) Mill.","balsam fir","Pinaceae","tree","balsamea",0.608,"sw2",-2.2304,2.4435,"AbiesBelow0.35spg","conifer","Conifer",0.33,-2.3123,2.3482,1.87856,0.79034,0.851537287154131,"Check",0.0215164515654311,0.0211080206973066,NA
"Abies","ABBA","NEON.PLA.D05.TREE.00237","TREE_050","TREE","D05",2021-10-06,"Live","single bole tree","Open grown",130,NA,9.8,24.7,NA,61,"Abies balsamea (L.) Mill.",2.4,254.5,"2021",12,"douglas","Abies balsamea (L.) Mill.","balsam fir","Pinaceae","tree","balsamea",0.608,"sw2",-2.2304,2.4435,"AbiesBelow0.35spg","conifer","Conifer",0.33,-2.3123,2.3482,1.87856,0.79034,NA,"Check",271.897110855187,184.549067512765,NA
"Abies","ABBA","NEON.PLA.D05.TREE.00077","TREE_050","TREE","D05",2016-09-29,"Live","small tree",NA,130,NA,6.6,6.1,NA,NA,"Abies balsamea (L.) Mill.",NA,NA,"2016",12,"douglas","Abies balsamea (L.) Mill.","balsam fir","Pinaceae","tree","balsamea",0.608,"sw2",-2.2304,2.4435,"AbiesBelow0.35spg","conifer","Conifer",0.33,-2.3123,2.3482,1.87856,0.79034,NA,"Check",2.6440607869953,2.15008075996871,NA
"Abies","ABBA","NEON.PLA.D05.TREE.00158","TREE_055","TREE","D05",2017-09-14,"Live","small tree",NA,130,NA,1.9,1.3,NA,NA,"Abies balsamea (L.) Mill.",NA,NA,"2017",12,"douglas","Abies balsamea (L.) Mill.","balsam fir","Pinaceae","tree","balsamea",0.608,"sw2",-2.2304,2.4435,"AbiesBelow0.35spg","conifer","Conifer",0.33,-2.3123,2.3482,1.87856,0.79034,NA,"Check",0.060497658336138,0.0570039609933637,NA
"Abies","ABBA","NEON.PLA.D05.TREE.00158","TREE_055","TREE","D05",2018-10-10,"Live","small tree",NA,130,NA,2.3,1.5,NA,NA,"Abies balsamea (L.) Mill.",NA,NA,"2018",12,"douglas","Abies balsamea (L.) Mill.","balsam fir","Pinaceae","tree","balsamea",0.608,"sw2",-2.2304,2.4435,"AbiesBelow0.35spg","conifer","Conifer",0.33,-2.3123,2.3482,1.87856,0.79034,NA,"Check",0.0858216727315645,0.0797702124793076,NA
"Abies","ABBA","NEON.PLA.D05.TREE.01367","TREE_045","TREE","D05",2018-10-17,"Live","small tree",NA,130,NA,3.2,3.6,NA,NA,"Abies balsamea (L.) Mill.",NA,NA,"2018",12,"douglas","Abies balsamea (L.) Mill.","balsam fir","Pinaceae","tree","balsamea",0.608,"sw2",-2.2304,2.4435,"AbiesBelow0.35spg","conifer","Conifer",0.33,-2.3123,2.3482,1.87856,0.79034,NA,"Check",0.72885836778549,0.623236366068985,NA
"Abies","ABBA","NEON.PLA.D05.TREE.00596","TREE_054","TREE","D05",2017-08-30,"Live","single bole tree",NA,130,NA,11.2,12.6,NA,23,"Abies balsamea (L.) Mill.",2.1,332.3,"2017",12,"douglas","Abies balsamea (L.) Mill.","balsam fir","Pinaceae","tree","balsamea",0.608,"sw2",-2.2304,2.4435,"AbiesBelow0.35spg","conifer","Conifer",0.33,-2.3123,2.3482,1.87856,0.79034,NA,"Check",52.4934376638088,37.990147832116,NA
"Abies","ABBA","NEON.PLA.D05.TREE.02023","TREE_018","TREE","D05",2018-04-25,"Live","small tree",NA,130,NA,NA,2.5,NA,NA,"Abies balsamea (L.) Mill.",NA,NA,"2018",12,"douglas","Abies balsamea (L.) Mill.","balsam fir","Pinaceae","tree","balsamea",0.608,"sw2",-2.2304,2.4435,"AbiesBelow0.35spg","conifer","Conifer",0.33,-2.3123,2.3482,1.87856,0.79034,NA,"Check",0.299009092374654,0.264719529773721,NA
"Abies","ABBA","NEON.PLA.D05.TREE.03844","TREE_019","TREE","D05",2019-10-30,"Live","single bole tree","Mostly shaded",120,NA,9.8,12,NA,49,"Abies balsamea (L.) Mill.",10.3,142.1,"2019",12,"douglas","Abies balsamea (L.) Mill.","balsam fir","Pinaceae","tree","balsamea",0.608,"sw2",-2.2304,2.4435,"AbiesBelow0.35spg","conifer","Conifer",0.33,-2.3123,2.3482,1.87856,0.79034,NA,"Check",46.593889166046,33.8777275836251,NA
"Abies","ABBA","NEON.PLA.D05.TREE.00160","TREE_050","TREE","D05",2015-07-29,"Live","small tree","Mostly shaded",130,NA,4.3,5.8,NA,NA,"Abies balsamea (L.) Mill.",NA,NA,"2015",12,"douglas","Abies balsamea (L.) Mill.","balsam fir","Pinaceae","tree","balsamea",0.608,"sw2",-2.2304,2.4435,"AbiesBelow0.35spg","conifer","Conifer",0.33,-2.3123,2.3482,1.87856,0.79034,NA,"Check",2.33751435054092,1.90996262484592,NA
"Abies","ABBA","NEON.PLA.D05.TREE.03280","TREE_025","TREE","D05",2018-10-17,"Live","single bole tree",NA,130,NA,7.8,10.1,NA,23,"Abies balsamea (L.) Mill.",0.6,311.6,"2018",12,"douglas","Abies balsamea (L.) Mill.","balsam fir","Pinaceae","tree","balsamea",0.608,"sw2",-2.2304,2.4435,"AbiesBelow0.35spg","conifer","Conifer",0.33,-2.3123,2.3482,1.87856,0.79034,NA,"Check",30.5779850789256,22.601034561274,NA
"Abies","ABBA","NEON.PLA.D05.TREE.00728","TREE_052","TREE","D05",2018-08-29,"Live","small tree",NA,130,NA,5.8,5.8,NA,NA,"Abies balsamea (L.) Mill.",NA,NA,"2018",12,"douglas","Abies balsamea (L.) Mill.","balsam fir","Pinaceae","tree","balsamea",0.608,"sw2",-2.2304,2.4435,"AbiesBelow0.35spg","conifer","Conifer",0.33,-2.3123,2.3482,1.87856,0.79034,NA,"Check",2.33751435054092,1.90996262484592,NA
"Abies","ABBA","NEON.PLA.D05.TREE.01396","TREE_040","TREE","D05",2018-10-18,"Live","single bole tree",NA,130,NA,9.6,12.9,NA,43,"Abies balsamea (L.) Mill.",11.1,237.4,"2018",12,"douglas","Abies balsamea (L.) Mill.","balsam fir","Pinaceae","tree","balsamea",0.608,"sw2",-2.2304,2.4435,"AbiesBelow0.35spg","conifer","Conifer",0.33,-2.3123,2.3482,1.87856,0.79034,NA,"Check",55.60009641439,40.1483431304396,NA
"Abies","ABBA","NEON.PLA.D05.TREE.05199","TREE_039","TREE","D05",2021-09-30,"Live","small tree","Mostly shaded",130,NA,2.7,2.4,NA,NA,"Abies balsamea (L.) Mill.",NA,NA,"2021",12,"douglas","Abies balsamea (L.) Mill.","balsam fir","Pinaceae","tree","balsamea",0.608,"sw2",-2.2304,2.4435,"AbiesBelow0.35spg","conifer","Conifer",0.33,-2.3123,2.3482,1.87856,0.79034,NA,"Check",0.27062265635465,0.240522268978321,NA
"Abies","ABBA","NEON.PLA.D05.TREE.00268","TREE_054","TREE","D05",2021-09-20,"Live","single bole tree","Mostly shaded",130,NA,10.6,11.3,NA,41,"Abies balsamea (L.) Mill.",4,226.5,"2021",12,"douglas","Abies balsamea (L.) Mill.","balsam fir","Pinaceae","tree","balsamea",0.608,"sw2",-2.2304,2.4435,"AbiesBelow0.35spg","conifer","Conifer",0.33,-2.3123,2.3482,1.87856,0.79034,NA,"Check",40.2296972434736,29.4184421156933,NA
"Abies","ABBA","NEON.PLA.D05.TREE.01322","TREE_040","TREE","D05",2015-08-10,"Standing dead","single bole tree","Full shade",130,NA,3.6,11.6,NA,41,"Abies balsamea (L.) Mill.",8.9,155.2,"2015",12,"douglas","Abies balsamea (L.) Mill.","balsam fir","Pinaceae","tree","balsamea",0.608,"sw2",-2.2304,2.4435,"AbiesBelow0.35spg","conifer","Conifer",0.33,-2.3123,2.3482,1.87856,0.79034,NA,"Check",42.8896679772996,31.2853573373404,NA
"Abies","ABBA","NEON.PLA.D05.TREE.00526","TREE_042","TREE","D05",2020-10-06,"Live","small tree","Full shade",130,NA,5.2,9.6,NA,NA,"Abies balsamea (L.) Mill.",NA,NA,"2020",12,"douglas","Abies balsamea (L.) Mill.","balsam fir","Pinaceae","tree","balsamea",0.608,"sw2",-2.2304,2.4435,"AbiesBelow0.35spg","conifer","Conifer",0.33,-2.3123,2.3482,1.87856,0.79034,NA,"Check",8.00751464181528,6.23609271983042,NA
"Abies","ABBA","NEON.PLA.D05.TREE.01371","TREE_039","TREE","D05",2020-10-01,"Live","small tree","Full shade",130,NA,1.8,1.3,NA,NA,"Abies balsamea (L.) Mill.",NA,NA,"2020",12,"douglas","Abies balsamea (L.) Mill.","balsam fir","Pinaceae","tree","balsamea",0.608,"sw2",-2.2304,2.4435,"AbiesBelow0.35spg","conifer","Conifer",0.33,-2.3123,2.3482,1.87856,0.79034,NA,"Check",0.060497658336138,0.0570039609933637,NA
"Abies","ABBA","NEON.PLA.D05.TREE.00426","TREE_057","TREE","D05",2018-10-16,"Live","single bole tree",NA,140,NA,8.5,11.6,NA,57,"Abies balsamea (L.) Mill.",5.7,93.1,"2018",12,"douglas","Abies balsamea (L.) Mill.","balsam fir","Pinaceae","tree","balsamea",0.608,"sw2",-2.2304,2.4435,"AbiesBelow0.35spg","conifer","Conifer",0.33,-2.3123,2.3482,1.87856,0.79034,NA,"Check",42.8896679772996,31.2853573373404,NA
"Abies","ABBA","NEON.PLA.D05.TREE.00943","TREE_057","TREE","D05",2015-08-04,"Live","sapling","Full shade",10,NA,0.6,1.4,NA,NA,"Abies balsamea (L.) Mill.",NA,NA,"2015",12,"douglas","Abies balsamea (L.) Mill.","balsam fir","Pinaceae","tree","balsamea",0.608,"sw2",-2.2304,2.4435,"AbiesBelow0.35spg","conifer","Conifer",0.33,-2.3123,2.3482,1.87856,0.79034,0.999590927277837,"Check",0.031833455775851,0.0307557266555746,NA
"Abies","ABBA","NEON.PLA.D05.TREE.03410","TREE_050","TREE","D05",2021-10-06,"Live","single bole tree","Partially shaded",130,NA,10.9,12.5,NA,39,"Abies balsamea (L.) Mill.",10.8,21.6,"2021",12,"douglas","Abies balsamea (L.) Mill.","balsam fir","Pinaceae","tree","balsamea",0.608,"sw2",-2.2304,2.4435,"AbiesBelow0.35spg","conifer","Conifer",0.33,-2.3123,2.3482,1.87856,0.79034,NA,"Check",51.4812643457568,37.285928466556,NA
"Abies","ABBA","NEON.PLA.D05.TREE.01302","TREE_039","TREE","D05",2015-08-11,"Live","small tree","Partially shaded",130,NA,7.6,7.2,NA,NA,"Abies balsamea (L.) Mill.",NA,NA,"2015",12,"douglas","Abies balsamea (L.) Mill.","balsam fir","Pinaceae","tree","balsamea",0.608,"sw2",-2.2304,2.4435,"AbiesBelow0.35spg","conifer","Conifer",0.33,-2.3123,2.3482,1.87856,0.79034,NA,"Check",3.96469641906411,3.17344826370043,NA
"Abies","ABBA","NEON.PLA.D05.TREE.00701","TREE_052","TREE","D05",2016-09-29,"Live","small tree",NA,130,NA,3,3.2,NA,NA,"Abies balsamea (L.) Mill.",NA,NA,"2016",12,"douglas","Abies balsamea (L.) Mill.","balsam fir","Pinaceae","tree","balsamea",0.608,"sw2",-2.2304,2.4435,"AbiesBelow0.35spg","conifer","Conifer",0.33,-2.3123,2.3482,1.87856,0.79034,NA,"Check",0.546577758828339,0.4726464860605,NA
"Abies","ABBA","NEON.PLA.D05.TREE.00303","TREE_054","TREE","D05",2016-10-18,"Live","single bole tree",NA,130,NA,12.4,20.2,NA,23,"Abies balsamea (L.) Mill.",11,296,"2016",12,"douglas","Abies balsamea (L.) Mill.","balsam fir","Pinaceae","tree","balsamea",0.608,"sw2",-2.2304,2.4435,"AbiesBelow0.35spg","conifer","Conifer",0.33,-2.3123,2.3482,1.87856,0.79034,NA,"Check",166.331942257802,115.081881916964,NA
"Abies","ABBA","NEON.PLA.D05.TREE.00386","TREE_051","TREE","D05",2018-10-09,"Live","single bole tree",NA,130,NA,15.9,18.8,NA,59,"Abies balsamea (L.) Mill.",1.1,92.7,"2018",12,"douglas","Abies balsamea (L.) Mill.","balsam fir","Pinaceae","tree","balsamea",0.608,"sw2",-2.2304,2.4435,"AbiesBelow0.35spg","conifer","Conifer",0.33,-2.3123,2.3482,1.87856,0.79034,NA,"Check",139.557857090161,97.2206076396697,NA
"Abies","ABBA","NEON.PLA.D05.TREE.00013","TREE_056","TREE","D05",2018-10-09,"Live","small tree",NA,130,NA,4.9,5.6,NA,NA,"Abies balsamea (L.) Mill.",NA,NA,"2018",12,"douglas","Abies balsamea (L.) Mill.","balsam fir","Pinaceae","tree","balsamea",0.608,"sw2",-2.2304,2.4435,"AbiesBelow0.35spg","conifer","Conifer",0.33,-2.3123,2.3482,1.87856,0.79034,NA,"Check",2.14543532707086,1.75888878333103,NA
"Abies","ABBA","NEON.PLA.D05.TREE.02217","TREE_015","TREE","D05",2018-05-08,"Live","single bole tree","Partially shaded",130,NA,9.8,12.6,NA,NA,"Abies balsamea (L.) Mill.",NA,NA,"2018",12,"douglas","Abies balsamea (L.) Mill.","balsam fir","Pinaceae","tree","balsamea",0.608,"sw2",-2.2304,2.4435,"AbiesBelow0.35spg","conifer","Conifer",0.33,-2.3123,2.3482,1.87856,0.79034,NA,"Check",52.4934376638088,37.990147832116,NA
"Abies","ABBA","NEON.PLA.D05.TREE.00713","TREE_057","TREE","D05",2016-10-18,"Live","small tree",NA,130,NA,2.3,1.6,NA,NA,"Abies balsamea (L.) Mill.",NA,NA,"2016",12,"douglas","Abies balsamea (L.) Mill.","balsam fir","Pinaceae","tree","balsamea",0.608,"sw2",-2.2304,2.4435,"AbiesBelow0.35spg","conifer","Conifer",0.33,-2.3123,2.3482,1.87856,0.79034,NA,"Check",0.100481280546951,0.0928234695920753,NA
"Abies","ABBA","NEON.PLA.D05.TREE.01151","TREE_039","TREE","D05",2018-10-17,"Live","small tree",NA,130,NA,4.3,4.2,NA,NA,"Abies balsamea (L.) Mill.",NA,NA,"2018",12,"douglas","Abies balsamea (L.) Mill.","balsam fir","Pinaceae","tree","balsamea",0.608,"sw2",-2.2304,2.4435,"AbiesBelow0.35spg","conifer","Conifer",0.33,-2.3123,2.3482,1.87856,0.79034,NA,"Check",1.06225216425495,0.895070488248902,NA
"Abies","ABBA","NEON.PLA.D05.TREE.02489","TREE_015","TREE","D05",2018-05-08,"Live","small tree",NA,130,NA,NA,2,NA,NA,"Abies balsamea (L.) Mill.",NA,NA,"2018",12,"douglas","Abies balsamea (L.) Mill.","balsam fir","Pinaceae","tree","balsamea",0.608,"sw2",-2.2304,2.4435,"AbiesBelow0.35spg","conifer","Conifer",0.33,-2.3123,2.3482,1.87856,0.79034,NA,"Check",0.173334406558499,0.156755176062481,NA
"Abies","ABBA","NEON.PLA.D05.TREE.00097","TREE_056","TREE","D05",2015-07-29,"Live","small tree","Full shade",130,NA,3.5,5,NA,NA,"Abies balsamea (L.) Mill.",NA,NA,"2015",12,"douglas","Abies balsamea (L.) Mill.","balsam fir","Pinaceae","tree","balsamea",0.608,"sw2",-2.2304,2.4435,"AbiesBelow0.35spg","conifer","Conifer",0.33,-2.3123,2.3482,1.87856,0.79034,NA,"Check",1.62648921958223,1.34792155571201,NA
"Abies","ABBA","NEON.PLA.D05.TREE.01377","TREE_039","TREE","D05",2016-10-18,"Live","small tree",NA,130,NA,7.9,8.6,NA,NA,"Abies balsamea (L.) Mill.",NA,NA,"2016",12,"douglas","Abies balsamea (L.) Mill.","balsam fir","Pinaceae","tree","balsamea",0.608,"sw2",-2.2304,2.4435,"AbiesBelow0.35spg","conifer","Conifer",0.33,-2.3123,2.3482,1.87856,0.79034,NA,"Check",6.12019062280289,4.81651056840203,NA
"Abies","ABBA","NEON.PLA.D05.TREE.01062","TREE_039","TREE","D05",2019-10-23,"Live","small tree",NA,130,NA,8.1,6.1,NA,NA,"Abies balsamea (L.) Mill.",NA,NA,"2019",12,"douglas","Abies balsamea (L.) Mill.","balsam fir","Pinaceae","tree","balsamea",0.608,"sw2",-2.2304,2.4435,"AbiesBelow0.35spg","conifer","Conifer",0.33,-2.3123,2.3482,1.87856,0.79034,NA,"Check",2.6440607869953,2.15008075996871,NA
"Abies","ABBA","NEON.PLA.D05.TREE.00250","TREE_056","TREE","D05",2017-08-28,"Live","small tree",NA,10,NA,1.7,2.7,NA,NA,"Abies balsamea (L.) Mill.",NA,NA,"2017",12,"douglas","Abies balsamea (L.) Mill.","balsam fir","Pinaceae","tree","balsamea",0.608,"sw2",-2.2304,2.4435,"AbiesBelow0.35spg","conifer","Conifer",0.33,-2.3123,2.3482,1.87856,0.79034,1.97898176290776,"Check",0.168917055494802,0.152914218809015,NA
"Abies","ABBA","NEON.PLA.D05.TREE.02696","TREE_023","TREE","D05",2019-11-04,"Dead, broken bole","single bole tree","Mostly shaded",130,NA,4.8,12.9,NA,41,"Abies balsamea (L.) Mill.",6.3,108.1,"2019",12,"douglas","Abies balsamea (L.) Mill.","balsam fir","Pinaceae","tree","balsamea",0.608,"sw2",-2.2304,2.4435,"AbiesBelow0.35spg","conifer","Conifer",0.33,-2.3123,2.3482,1.87856,0.79034,NA,"Check",55.60009641439,40.1483431304396,NA
"Abies","ABBA","NEON.PLA.D05.TREE.03874","TREE_039","TREE","D05",2021-09-30,"Live","small tree","Partially shaded",130,NA,1.9,1.3,NA,NA,"Abies balsamea (L.) Mill.",NA,NA,"2021",12,"douglas","Abies balsamea (L.) Mill.","balsam fir","Pinaceae","tree","balsamea",0.608,"sw2",-2.2304,2.4435,"AbiesBelow0.35spg","conifer","Conifer",0.33,-2.3123,2.3482,1.87856,0.79034,NA,"Check",0.060497658336138,0.0570039609933637,NA
"Abies","ABBA","NEON.PLA.D05.TREE.00591","TREE_046","TREE","D05",2017-09-25,"Live","single bole tree",NA,130,NA,10.3,16.7,NA,23,"Abies balsamea (L.) Mill.",9.9,29.2,"2017",12,"douglas","Abies balsamea (L.) Mill.","balsam fir","Pinaceae","tree","balsamea",0.608,"sw2",-2.2304,2.4435,"AbiesBelow0.35spg","conifer","Conifer",0.33,-2.3123,2.3482,1.87856,0.79034,NA,"Check",104.485803020185,73.6145543089778,NA
"Abies","ABBA","NEON.PLA.D05.TREE.00591","TREE_046","TREE","D05",2015-07-28,"Live, insect damaged","small tree","Mostly shaded",130,NA,12.1,16.2,NA,23,"Abies balsamea (L.) Mill.",9.9,29.2,"2015",12,"douglas","Abies balsamea (L.) Mill.","balsam fir","Pinaceae","tree","balsamea",0.608,"sw2",-2.2304,2.4435,"AbiesBelow0.35spg","conifer","Conifer",0.33,-2.3123,2.3482,1.87856,0.79034,NA,"Check",97.0062074134916,68.5431448640156,NA
"Abies","ABBA","NEON.PLA.D05.TREE.00338","TREE_054","TREE","D05",2016-10-18,"Live","single bole tree",NA,130,NA,9.9,11.3,NA,21,"Abies balsamea (L.) Mill.",4.9,5.3,"2016",12,"douglas","Abies balsamea (L.) Mill.","balsam fir","Pinaceae","tree","balsamea",0.608,"sw2",-2.2304,2.4435,"AbiesBelow0.35spg","conifer","Conifer",0.33,-2.3123,2.3482,1.87856,0.79034,NA,"Check",40.2296972434736,29.4184421156933,NA
"Abies","ABBA","NEON.PLA.D05.TREE.00426","TREE_057","TREE","D05",2016-10-18,"Live","single bole tree",NA,130,NA,7.6,10.7,NA,57,"Abies balsamea (L.) Mill.",5.7,93.1,"2016",12,"douglas","Abies balsamea (L.) Mill.","balsam fir","Pinaceae","tree","balsamea",0.608,"sw2",-2.2304,2.4435,"AbiesBelow0.35spg","conifer","Conifer",0.33,-2.3123,2.3482,1.87856,0.79034,NA,"Check",35.2086074406931,25.8809286967081,NA
"Abies","ABBA","NEON.PLA.D05.TREE.00426","TREE_057","TREE","D05",2015-08-04,"Live","single bole tree","Full shade",130,NA,6.5,10.6,NA,57,"Abies balsamea (L.) Mill.",5.7,93.1,"2015",12,"douglas","Abies balsamea (L.) Mill.","balsam fir","Pinaceae","tree","balsamea",0.608,"sw2",-2.2304,2.4435,"AbiesBelow0.35spg","conifer","Conifer",0.33,-2.3123,2.3482,1.87856,0.79034,NA,"Check",34.4099838934569,25.3165255279514,NA
"Abies","ABBA","NEON.PLA.D05.TREE.00658","TREE_056","TREE","D05",2022-09-21,"Live","single bole tree","Mostly shaded",130,NA,9.8,11.8,NA,23,"Abies balsamea (L.) Mill.",10.4,284.1,"2022",12,"douglas","Abies balsamea (L.) Mill.","balsam fir","Pinaceae","tree","balsamea",0.608,"sw2",-2.2304,2.4435,"AbiesBelow0.35spg","conifer","Conifer",0.33,-2.3123,2.3482,1.87856,0.79034,NA,"Check",44.719122436928,32.5667334095466,NA
"Abies","ABBA","NEON.PLA.D05.TREE.00338","TREE_054","TREE","D05",2015-07-30,"Live","single bole tree","Partially shaded",130,NA,7.5,11,NA,21,"Abies balsamea (L.) Mill.",4.9,5.3,"2015",12,"douglas","Abies balsamea (L.) Mill.","balsam fir","Pinaceae","tree","balsamea",0.608,"sw2",-2.2304,2.4435,"AbiesBelow0.35spg","conifer","Conifer",0.33,-2.3123,2.3482,1.87856,0.79034,NA,"Check",37.6697392257646,27.617169967899,NA
"Abies","ABBA","NEON.PLA.D05.TREE.00339","TREE_054","TREE","D05",2017-08-30,"Live","single bole tree",NA,130,NA,11.7,13.8,NA,21,"Abies balsamea (L.) Mill.",8,63.9,"2017",12,"douglas","Abies balsamea (L.) Mill.","balsam fir","Pinaceae","tree","balsamea",0.608,"sw2",-2.2304,2.4435,"AbiesBelow0.35spg","conifer","Conifer",0.33,-2.3123,2.3482,1.87856,0.79034,NA,"Check",65.5607835171622,47.0375767745749,NA
"Abies","ABBA","NEON.PLA.D05.TREE.00223","TREE_051","TREE","D05",2017-09-26,"Live","single bole tree",NA,130,NA,6.6,10.2,NA,59,"Abies balsamea (L.) Mill.",5.6,171.7,"2017",12,"douglas","Abies balsamea (L.) Mill.","balsam fir","Pinaceae","tree","balsamea",0.608,"sw2",-2.2304,2.4435,"AbiesBelow0.35spg","conifer","Conifer",0.33,-2.3123,2.3482,1.87856,0.79034,NA,"Check",31.3230545820377,23.1300085243817,NA
"Abies","ABBA","NEON.PLA.D05.TREE.00283","TREE_054","TREE","D05",2016-10-18,"Live","single bole tree",NA,130,NA,8.1,12.4,NA,61,"Abies balsamea (L.) Mill.",6.3,247.4,"2016",12,"douglas","Abies balsamea (L.) Mill.","balsam fir","Pinaceae","tree","balsamea",0.608,"sw2",-2.2304,2.4435,"AbiesBelow0.35spg","conifer","Conifer",0.33,-2.3123,2.3482,1.87856,0.79034,NA,"Check",50.4807124086711,36.5892637417449,NA
"Abies","ABBA","NEON.PLA.D05.TREE.00339","TREE_054","TREE","D05",2021-09-20,"Live","single bole tree","Partially shaded",130,NA,13,15.6,NA,21,"Abies balsamea (L.) Mill.",8,63.9,"2021",12,"douglas","Abies balsamea (L.) Mill.","balsam fir","Pinaceae","tree","balsamea",0.608,"sw2",-2.2304,2.4435,"AbiesBelow0.35spg","conifer","Conifer",0.33,-2.3123,2.3482,1.87856,0.79034,NA,"Check",88.4605313403995,62.7301103262393,NA
"Abies","ABBA","NEON.PLA.D05.TREE.00313","TREE_054","TREE","D05",2015-07-30,"Live","single bole tree","Partially shaded",130,NA,16.7,15.4,NA,39,"Abies balsamea (L.) Mill.",9.6,174.3,"2015",12,"douglas","Abies balsamea (L.) Mill.","balsam fir","Pinaceae","tree","balsamea",0.608,"sw2",-2.2304,2.4435,"AbiesBelow0.35spg","conifer","Conifer",0.33,-2.3123,2.3482,1.87856,0.79034,NA,"Check",85.714928840063,60.8579089563268,NA
"Abies","ABBA","NEON.PLA.D05.TREE.00313","TREE_054","TREE","D05",2016-10-18,"Live","single bole tree",NA,130,NA,10.7,15.4,NA,39,"Abies balsamea (L.) Mill.",9.6,174.3,"2016",12,"douglas","Abies balsamea (L.) Mill.","balsam fir","Pinaceae","tree","balsamea",0.608,"sw2",-2.2304,2.4435,"AbiesBelow0.35spg","conifer","Conifer",0.33,-2.3123,2.3482,1.87856,0.79034,NA,"Check",85.714928840063,60.8579089563268,NA
"Abies","ABBA","NEON.PLA.D05.TREE.02216","TREE_015","TREE","D05",2019-10-24,"Live","single bole tree","Partially shaded",130,NA,10,11.4,NA,NA,"Abies balsamea (L.) Mill.",NA,NA,"2019",12,"douglas","Abies balsamea (L.) Mill.","balsam fir","Pinaceae","tree","balsamea",0.608,"sw2",-2.2304,2.4435,"AbiesBelow0.35spg","conifer","Conifer",0.33,-2.3123,2.3482,1.87856,0.79034,NA,"Check",41.1051835472611,30.033423589797,NA
"Abies","ABBA","NEON.PLA.D05.TREE.01339","TREE_045","TREE","D05",2017-10-19,"Live","small tree",NA,130,NA,3,2.7,NA,NA,"Abies balsamea (L.) Mill.",NA,NA,"2017",12,"douglas","Abies balsamea (L.) Mill.","balsam fir","Pinaceae","tree","balsamea",0.608,"sw2",-2.2304,2.4435,"AbiesBelow0.35spg","conifer","Conifer",0.33,-2.3123,2.3482,1.87856,0.79034,NA,"Check",0.360873790436049,0.317155060489603,NA
"Abies","ABBA","NEON.PLA.D05.TREE.01339","TREE_045","TREE","D05",2015-08-11,"Live","small tree","Full shade",130,NA,2.2,1.8,NA,NA,"Abies balsamea (L.) Mill.",NA,NA,"2015",12,"douglas","Abies balsamea (L.) Mill.","balsam fir","Pinaceae","tree","balsamea",0.608,"sw2",-2.2304,2.4435,"AbiesBelow0.35spg","conifer","Conifer",0.33,-2.3123,2.3482,1.87856,0.79034,NA,"Check",0.133991222565366,0.122397951916805,NA
"Abies","ABBA","NEON.PLA.D05.TREE.00397","TREE_054","TREE","D05",2017-08-30,"Standing dead","small tree",NA,130,NA,3.7,2.6,NA,NA,"Abies balsamea (L.) Mill.",NA,NA,"2017",12,"douglas","Abies balsamea (L.) Mill.","balsam fir","Pinaceae","tree","balsamea",0.608,"sw2",-2.2304,2.4435,"AbiesBelow0.35spg","conifer","Conifer",0.33,-2.3123,2.3482,1.87856,0.79034,NA,"Check",0.329082932937723,0.290257646837017,NA
"Abies","ABBA","NEON.PLA.D05.TREE.01141","TREE_039","TREE","D05",2018-10-17,"Live","small tree",NA,130,NA,3.5,3.8,NA,NA,"Abies balsamea (L.) Mill.",NA,NA,"2018",12,"douglas","Abies balsamea (L.) Mill.","balsam fir","Pinaceae","tree","balsamea",0.608,"sw2",-2.2304,2.4435,"AbiesBelow0.35spg","conifer","Conifer",0.33,-2.3123,2.3482,1.87856,0.79034,NA,"Check",0.831800547428785,0.707605330600485,NA
"Abies","ABBA","NEON.PLA.D05.TREE.00013","TREE_056","TREE","D05",2021-09-22,"Live","small tree","Mostly shaded",130,NA,6.3,7.1,NA,NA,"Abies balsamea (L.) Mill.",NA,NA,"2021",12,"douglas","Abies balsamea (L.) Mill.","balsam fir","Pinaceae","tree","balsamea",0.608,"sw2",-2.2304,2.4435,"AbiesBelow0.35spg","conifer","Conifer",0.33,-2.3123,2.3482,1.87856,0.79034,NA,"Check",3.83149054878416,3.07091721361445,NA
"Abies","ABBA","NEON.PLA.D05.TREE.00013","TREE_056","TREE","D05",2016-09-28,"Live","small tree",NA,130,NA,3.5,4.3,NA,NA,"Abies balsamea (L.) Mill.",NA,NA,"2016",12,"douglas","Abies balsamea (L.) Mill.","balsam fir","Pinaceae","tree","balsamea",0.608,"sw2",-2.2304,2.4435,"AbiesBelow0.35spg","conifer","Conifer",0.33,-2.3123,2.3482,1.87856,0.79034,NA,"Check",1.12511821243684,0.945918853671002,NA
"Abies","ABBA","NEON.PLA.D05.TREE.02301","TREE_015","TREE","D05",2019-10-24,"Live","small tree",NA,130,NA,2,1.7,NA,NA,"Abies balsamea (L.) Mill.",NA,NA,"2019",12,"douglas","Abies balsamea (L.) Mill.","balsam fir","Pinaceae","tree","balsamea",0.608,"sw2",-2.2304,2.4435,"AbiesBelow0.35spg","conifer","Conifer",0.33,-2.3123,2.3482,1.87856,0.79034,NA,"Check",0.116525217678834,0.107024550262889,NA
"Abies","ABBA","NEON.PLA.D05.TREE.02302","TREE_015","TREE","D05",2019-10-24,"Live","small tree",NA,130,NA,2.9,3.5,NA,NA,"Abies balsamea (L.) Mill.",NA,NA,"2019",12,"douglas","Abies balsamea (L.) Mill.","balsam fir","Pinaceae","tree","balsamea",0.608,"sw2",-2.2304,2.4435,"AbiesBelow0.35spg","conifer","Conifer",0.33,-2.3123,2.3482,1.87856,0.79034,NA,"Check",0.680374847349505,0.583342792207044,NA
"Abies","ABBA","NEON.PLA.D05.TREE.01361","TREE_045","TREE","D05",2018-10-17,"Live","small tree",NA,130,NA,2.9,4,NA,NA,"Abies balsamea (L.) Mill.",NA,NA,"2018",12,"douglas","Abies balsamea (L.) Mill.","balsam fir","Pinaceae","tree","balsamea",0.608,"sw2",-2.2304,2.4435,"AbiesBelow0.35spg","conifer","Conifer",0.33,-2.3123,2.3482,1.87856,0.79034,NA,"Check",0.942869467316505,0.798179420175993,NA
"Abies","ABBA","NEON.PLA.D05.TREE.03499","TREE_054","TREE","D05",2021-09-20,"Live","multi-bole tree","Partially shaded",130,NA,12,13.2,NA,43,"Abies balsamea (L.) Mill.",8.4,290.8,"2021",12,"douglas","Abies balsamea (L.) Mill.","balsam fir","Pinaceae","tree","balsamea",0.608,"sw2",-2.2304,2.4435,"AbiesBelow0.35spg","conifer","Conifer",0.33,-2.3123,2.3482,1.87856,0.79034,NA,"Check",58.8128179273103,42.3752794025212,NA
"Abies","ABBA","NEON.PLA.D05.TREE.03645","TREE_004","TREE","D05",2018-05-02,"Live","single bole tree","Partially shaded",130,NA,11.8,16.8,NA,51,"Abies balsamea (L.) Mill.",6.7,241.7,"2018",12,"douglas","Abies balsamea (L.) Mill.","balsam fir","Pinaceae","tree","balsamea",0.608,"sw2",-2.2304,2.4435,"AbiesBelow0.35spg","conifer","Conifer",0.33,-2.3123,2.3482,1.87856,0.79034,NA,"Check",106.021224896556,74.6538353976152,NA
"Abies","ABBA","NEON.PLA.D05.TREE.00491","TREE_051","TREE","D05",2015-08-03,"Live","single bole tree","Mostly shaded",130,NA,10.2,10.4,NA,59,"Abies balsamea (L.) Mill.",2,134.8,"2015",12,"douglas","Abies balsamea (L.) Mill.","balsam fir","Pinaceae","tree","balsamea",0.608,"sw2",-2.2304,2.4435,"AbiesBelow0.35spg","conifer","Conifer",0.33,-2.3123,2.3482,1.87856,0.79034,NA,"Check",32.845097253419,24.2090951208349,NA
"Abies","ABBA","NEON.PLA.D05.TREE.00369","TREE_054","TREE","D05",2021-09-20,"Standing dead","small tree","Full shade",130,NA,5.2,5.2,NA,NA,"Abies balsamea (L.) Mill.",NA,NA,"2021",12,"douglas","Abies balsamea (L.) Mill.","balsam fir","Pinaceae","tree","balsamea",0.608,"sw2",-2.2304,2.4435,"AbiesBelow0.35spg","conifer","Conifer",0.33,-2.3123,2.3482,1.87856,0.79034,NA,"Check",1.79007881840947,1.47795872566067,NA
"Abies","ABBA","NEON.PLA.D05.TREE.02305","TREE_015","TREE","D05",2018-05-08,"Live","small tree",NA,130,NA,3.2,3.8,NA,NA,"Abies balsamea (L.) Mill.",NA,NA,"2018",12,"douglas","Abies balsamea (L.) Mill.","balsam fir","Pinaceae","tree","balsamea",0.608,"sw2",-2.2304,2.4435,"AbiesBelow0.35spg","conifer","Conifer",0.33,-2.3123,2.3482,1.87856,0.79034,NA,"Check",0.831800547428785,0.707605330600485,NA
"Abies","ABBA","NEON.PLA.D05.TREE.01362","TREE_040","TREE","D05",2015-08-10,"Live, physically damaged","single bole tree","Mostly shaded",130,NA,10.4,15.5,NA,23,"Abies balsamea (L.) Mill.",12.6,41.6,"2015",12,"douglas","Abies balsamea (L.) Mill.","balsam fir","Pinaceae","tree","balsamea",0.608,"sw2",-2.2304,2.4435,"AbiesBelow0.35spg","conifer","Conifer",0.33,-2.3123,2.3482,1.87856,0.79034,NA,"Check",87.0813377414974,61.7899385256705,NA
"Abies","ABBA","NEON.PLA.D05.TREE.03499A","TREE_054","TREE","D05",2018-10-09,"Live","multi-bole tree",NA,130,NA,10.7,6,NA,NA,"Abies balsamea (L.) Mill.",NA,NA,"2018",12,"douglas","Abies balsamea (L.) Mill.","balsam fir","Pinaceae","tree","balsamea",0.608,"sw2",-2.2304,2.4435,"AbiesBelow0.35spg","conifer","Conifer",0.33,-2.3123,2.3482,1.87856,0.79034,NA,"Check",2.53939677571742,2.06822612897591,NA
"Abies","ABBA","NEON.PLA.D05.TREE.03419","TREE_054","TREE","D05",2022-09-07,"Live","single bole tree","Full shade",130,NA,10.2,11.9,NA,61,"Abies balsamea (L.) Mill.",6,216.2,"2022",12,"douglas","Abies balsamea (L.) Mill.","balsam fir","Pinaceae","tree","balsamea",0.608,"sw2",-2.2304,2.4435,"AbiesBelow0.35spg","conifer","Conifer",0.33,-2.3123,2.3482,1.87856,0.79034,NA,"Check",45.6508205043179,33.2185173238559,NA
"Abies","ABBA","NEON.PLA.D05.TREE.03873","TREE_025","TREE","D05",2018-10-17,"Live","single bole tree",NA,130,NA,6.5,10.8,NA,25,"Abies balsamea (L.) Mill.",9,316.3,"2018",12,"douglas","Abies balsamea (L.) Mill.","balsam fir","Pinaceae","tree","balsamea",0.608,"sw2",-2.2304,2.4435,"AbiesBelow0.35spg","conifer","Conifer",0.33,-2.3123,2.3482,1.87856,0.79034,NA,"Check",36.0180779880344,26.4524883706449,NA
"Abies","ABBA","NEON.PLA.D05.TREE.00344","TREE_054","TREE","D05",2022-09-07,"Live, physically damaged","small tree","Mostly shaded",130,NA,6.7,7.4,NA,NA,"Abies balsamea (L.) Mill.",NA,NA,"2022",12,"douglas","Abies balsamea (L.) Mill.","balsam fir","Pinaceae","tree","balsamea",0.608,"sw2",-2.2304,2.4435,"AbiesBelow0.35spg","conifer","Conifer",0.33,-2.3123,2.3482,1.87856,0.79034,NA,"Check",4.23921741555325,3.38433370076885,NA
"Abies","ABBA","NEON.PLA.D05.TREE.00671","TREE_042","TREE","D05",2021-10-04,"Standing dead","single bole tree","Full shade",130,NA,9.6,14.7,NA,41,"Abies balsamea (L.) Mill.",3.5,115.4,"2021",12,"douglas","Abies balsamea (L.) Mill.","balsam fir","Pinaceae","tree","balsamea",0.608,"sw2",-2.2304,2.4435,"AbiesBelow0.35spg","conifer","Conifer",0.33,-2.3123,2.3482,1.87856,0.79034,NA,"Check",76.5049428423031,54.560134838114,NA
"Abies","ABBA","NEON.PLA.D05.TREE.00953","TREE_043","TREE","D05",2015-08-05,"Live","sapling","Full shade",10,NA,1,1.3,NA,NA,"Abies balsamea (L.) Mill.",NA,NA,"2015",12,"douglas","Abies balsamea (L.) Mill.","balsam fir","Pinaceae","tree","balsamea",0.608,"sw2",-2.2304,2.4435,"AbiesBelow0.35spg","conifer","Conifer",0.33,-2.3123,2.3482,1.87856,0.79034,0.925450366054231,"Check",0.0263694978964204,0.025664551421131,NA
"Abies","ABBA","NEON.PLA.D05.TREE.08187","TREE_054","TREE","D05",2022-09-07,"Standing dead","small tree","Full shade",130,NA,3.5,2.7,NA,NA,"Abies balsamea (L.) Mill.",NA,NA,"2022",12,"douglas","Abies balsamea (L.) Mill.","balsam fir","Pinaceae","tree","balsamea",0.608,"sw2",-2.2304,2.4435,"AbiesBelow0.35spg","conifer","Conifer",0.33,-2.3123,2.3482,1.87856,0.79034,NA,"Check",0.360873790436049,0.317155060489603,NA
"Abies","ABBA","NEON.PLA.D05.TREE.02209","TREE_023","TREE","D05",2018-05-08,"Live","small tree",NA,130,NA,NA,2.9,NA,NA,"Abies balsamea (L.) Mill.",NA,NA,"2018",12,"douglas","Abies balsamea (L.) Mill.","balsam fir","Pinaceae","tree","balsamea",0.608,"sw2",-2.2304,2.4435,"AbiesBelow0.35spg","conifer","Conifer",0.33,-2.3123,2.3482,1.87856,0.79034,NA,"Check",0.429721904057558,0.37509928214444,NA
"Abies","ABBA","NEON.PLA.D05.TREE.01204","TREE_045","TREE","D05",2018-10-17,"Live","small tree",NA,130,NA,4.1,4.6,NA,NA,"Abies balsamea (L.) Mill.",NA,NA,"2018",12,"douglas","Abies balsamea (L.) Mill.","balsam fir","Pinaceae","tree","balsamea",0.608,"sw2",-2.2304,2.4435,"AbiesBelow0.35spg","conifer","Conifer",0.33,-2.3123,2.3482,1.87856,0.79034,NA,"Check",1.32668172024424,1.10823329763597,NA
"Abies","ABBA","NEON.PLA.D05.TREE.01059","TREE_047","TREE","D05",2017-10-16,"Live","small tree",NA,130,NA,3.9,6.4,NA,NA,"Abies balsamea (L.) Mill.",NA,NA,"2017",12,"douglas","Abies balsamea (L.) Mill.","balsam fir","Pinaceae","tree","balsamea",0.608,"sw2",-2.2304,2.4435,"AbiesBelow0.35spg","conifer","Conifer",0.33,-2.3123,2.3482,1.87856,0.79034,NA,"Check",2.9731632083074,2.4066618255822,NA
"Abies","ABBA","NEON.PLA.D05.TREE.01484","TREE_039","TREE","D05",2020-10-01,"Live","small tree","Mostly shaded",130,NA,13.1,8.6,NA,NA,"Abies balsamea (L.) Mill.",NA,NA,"2020",12,"douglas","Abies balsamea (L.) Mill.","balsam fir","Pinaceae","tree","balsamea",0.608,"sw2",-2.2304,2.4435,"AbiesBelow0.35spg","conifer","Conifer",0.33,-2.3123,2.3482,1.87856,0.79034,NA,"Check",6.12019062280289,4.81651056840203,NA
"Abies","ABBA","NEON.PLA.D05.TREE.09894","TREE_054","TREE","D05",2022-09-07,"Standing dead","small tree","Full shade",130,NA,3.7,2.9,NA,NA,"Abies balsamea (L.) Mill.",NA,NA,"2022",12,"douglas","Abies balsamea (L.) Mill.","balsam fir","Pinaceae","tree","balsamea",0.608,"sw2",-2.2304,2.4435,"AbiesBelow0.35spg","conifer","Conifer",0.33,-2.3123,2.3482,1.87856,0.79034,NA,"Check",0.429721904057558,0.37509928214444,NA
"Abies","ABBA","NEON.PLA.D05.TREE.03659","TREE_004","TREE","D05",2018-05-02,"Live","single bole tree","Partially shaded",130,NA,7.4,15.5,NA,31,"Abies balsamea (L.) Mill.",8.9,25.7,"2018",12,"douglas","Abies balsamea (L.) Mill.","balsam fir","Pinaceae","tree","balsamea",0.608,"sw2",-2.2304,2.4435,"AbiesBelow0.35spg","conifer","Conifer",0.33,-2.3123,2.3482,1.87856,0.79034,NA,"Check",87.0813377414974,61.7899385256705,NA
"Abies","ABBA","NEON.PLA.D05.TREE.00349","TREE_054","TREE","D05",2021-09-20,"Live","single bole tree","Partially shaded",130,NA,13,14,NA,41,"Abies balsamea (L.) Mill.",15.9,37,"2021",12,"douglas","Abies balsamea (L.) Mill.","balsam fir","Pinaceae","tree","balsamea",0.608,"sw2",-2.2304,2.4435,"AbiesBelow0.35spg","conifer","Conifer",0.33,-2.3123,2.3482,1.87856,0.79034,NA,"Check",67.9068277120395,48.6540192773061,NA
"Abies","ABBA","NEON.PLA.D05.TREE.01485","TREE_045","TREE","D05",2017-10-19,"Dead, broken bole","single bole tree",NA,130,NA,8,18.1,NA,57,"Abies balsamea (L.) Mill.",3.3,121.4,"2017",12,"douglas","Abies balsamea (L.) Mill.","balsam fir","Pinaceae","tree","balsamea",0.608,"sw2",-2.2304,2.4435,"AbiesBelow0.35spg","conifer","Conifer",0.33,-2.3123,2.3482,1.87856,0.79034,NA,"Check",127.20002165721,88.9327453148749,NA
"Abies","ABBA","NEON.PLA.D05.TREE.00530","TREE_053","TREE","D05",2017-08-30,"Live","small tree",NA,130,NA,2.5,2,NA,NA,"Abies balsamea (L.) Mill.",NA,NA,"2017",12,"douglas","Abies balsamea (L.) Mill.","balsam fir","Pinaceae","tree","balsamea",0.608,"sw2",-2.2304,2.4435,"AbiesBelow0.35spg","conifer","Conifer",0.33,-2.3123,2.3482,1.87856,0.79034,NA,"Check",0.173334406558499,0.156755176062481,NA
"Abies","ABBA","NEON.PLA.D05.TREE.01675","TREE_054","TREE","D05",2021-09-20,"Live","single bole tree","Mostly shaded",130,NA,9.2,10.6,NA,41,"Abies balsamea (L.) Mill.",5.1,82.8,"2021",12,"douglas","Abies balsamea (L.) Mill.","balsam fir","Pinaceae","tree","balsamea",0.608,"sw2",-2.2304,2.4435,"AbiesBelow0.35spg","conifer","Conifer",0.33,-2.3123,2.3482,1.87856,0.79034,NA,"Check",34.4099838934569,25.3165255279514,NA
"Abies","ABBA","NEON.PLA.D05.TREE.00324","TREE_051","TREE","D05",2016-09-28,"Live","single bole tree",NA,130,NA,9.1,12.4,NA,41,"Abies balsamea (L.) Mill.",3.8,358.3,"2016",12,"douglas","Abies balsamea (L.) Mill.","balsam fir","Pinaceae","tree","balsamea",0.608,"sw2",-2.2304,2.4435,"AbiesBelow0.35spg","conifer","Conifer",0.33,-2.3123,2.3482,1.87856,0.79034,NA,"Check",50.4807124086711,36.5892637417449,NA
"Abies","ABBA","NEON.PLA.D05.TREE.00324","TREE_051","TREE","D05",2017-09-26,"Live","single bole tree",NA,130,NA,10.4,12.7,NA,41,"Abies balsamea (L.) Mill.",3.8,358.3,"2017",12,"douglas","Abies balsamea (L.) Mill.","balsam fir","Pinaceae","tree","balsamea",0.608,"sw2",-2.2304,2.4435,"AbiesBelow0.35spg","conifer","Conifer",0.33,-2.3123,2.3482,1.87856,0.79034,NA,"Check",53.5172735043246,38.7019428281509,NA
"Abies","ABBA","NEON.PLA.D05.TREE.02145","TREE_018","TREE","D05",2019-10-30,"Live","small tree",NA,130,NA,5.3,7.2,NA,NA,"Abies balsamea (L.) Mill.",NA,NA,"2019",12,"douglas","Abies balsamea (L.) Mill.","balsam fir","Pinaceae","tree","balsamea",0.608,"sw2",-2.2304,2.4435,"AbiesBelow0.35spg","conifer","Conifer",0.33,-2.3123,2.3482,1.87856,0.79034,NA,"Check",3.96469641906411,3.17344826370043,NA
"Abies","ABBA","NEON.PLA.D05.TREE.00158","TREE_055","TREE","D05",2015-07-29,"Live","sapling","Full shade",10,NA,1.8,3.5,NA,NA,"Abies balsamea (L.) Mill.",NA,NA,"2015",12,"douglas","Abies balsamea (L.) Mill.","balsam fir","Pinaceae","tree","balsamea",0.608,"sw2",-2.2304,2.4435,"AbiesBelow0.35spg","conifer","Conifer",0.33,-2.3123,2.3482,1.87856,0.79034,2.59205432909152,"Check",0.32663095597096,0.288179000048797,NA
"Abies","ABBA","NEON.PLA.D05.TREE.02019","TREE_018","TREE","D05",2018-04-25,"Live","small tree",NA,130,NA,4.4,6.2,NA,NA,"Abies balsamea (L.) Mill.",NA,NA,"2018",12,"douglas","Abies balsamea (L.) Mill.","balsam fir","Pinaceae","tree","balsamea",0.608,"sw2",-2.2304,2.4435,"AbiesBelow0.35spg","conifer","Conifer",0.33,-2.3123,2.3482,1.87856,0.79034,NA,"Check",2.75123112968026,2.2337646798732,NA
"Abies","ABBA","NEON.PLA.D05.TREE.00596","TREE_054","TREE","D05",2018-10-09,"Live","single bole tree",NA,130,NA,11.8,12.9,NA,23,"Abies balsamea (L.) Mill.",2.1,332.3,"2018",12,"douglas","Abies balsamea (L.) Mill.","balsam fir","Pinaceae","tree","balsamea",0.608,"sw2",-2.2304,2.4435,"AbiesBelow0.35spg","conifer","Conifer",0.33,-2.3123,2.3482,1.87856,0.79034,NA,"Check",55.60009641439,40.1483431304396,NA
"Abies","ABBA","NEON.PLA.D05.TREE.00760","TREE_052","TREE","D05",2016-09-29,"Live","small tree",NA,130,NA,3.3,3.2,NA,NA,"Abies balsamea (L.) Mill.",NA,NA,"2016",12,"douglas","Abies balsamea (L.) Mill.","balsam fir","Pinaceae","tree","balsamea",0.608,"sw2",-2.2304,2.4435,"AbiesBelow0.35spg","conifer","Conifer",0.33,-2.3123,2.3482,1.87856,0.79034,NA,"Check",0.546577758828339,0.4726464860605,NA
"Abies","ABBA","NEON.PLA.D05.TREE.00444","TREE_057","TREE","D05",2017-10-17,"Live","small tree",NA,130,NA,2.7,2.8,NA,NA,"Abies balsamea (L.) Mill.",NA,NA,"2017",12,"douglas","Abies balsamea (L.) Mill.","balsam fir","Pinaceae","tree","balsamea",0.608,"sw2",-2.2304,2.4435,"AbiesBelow0.35spg","conifer","Conifer",0.33,-2.3123,2.3482,1.87856,0.79034,NA,"Check",0.394410649743346,0.345429754183071,NA
"Abies","ABBA","NEON.PLA.D05.TREE.02306","TREE_015","TREE","D05",2019-10-24,"Live","small tree",NA,130,NA,2.1,1.7,NA,NA,"Abies balsamea (L.) Mill.",NA,NA,"2019",12,"douglas","Abies balsamea (L.) Mill.","balsam fir","Pinaceae","tree","balsamea",0.608,"sw2",-2.2304,2.4435,"AbiesBelow0.35spg","conifer","Conifer",0.33,-2.3123,2.3482,1.87856,0.79034,NA,"Check",0.116525217678834,0.107024550262889,NA
"Abies","ABBA","NEON.PLA.D05.TREE.01096","TREE_047","TREE","D05",2016-10-19,"Live","small tree",NA,130,NA,2.9,3.7,NA,NA,"Abies balsamea (L.) Mill.",NA,NA,"2016",12,"douglas","Abies balsamea (L.) Mill.","balsam fir","Pinaceae","tree","balsamea",0.608,"sw2",-2.2304,2.4435,"AbiesBelow0.35spg","conifer","Conifer",0.33,-2.3123,2.3482,1.87856,0.79034,NA,"Check",0.779325516912421,0.664652347214408,NA
"Abies","ABBA","NEON.PLA.D05.TREE.00762","TREE_052","TREE","D05",2017-09-26,"Live","small tree",NA,130,NA,2.5,2.5,NA,NA,"Abies balsamea (L.) Mill.",NA,NA,"2017",12,"douglas","Abies balsamea (L.) Mill.","balsam fir","Pinaceae","tree","balsamea",0.608,"sw2",-2.2304,2.4435,"AbiesBelow0.35spg","conifer","Conifer",0.33,-2.3123,2.3482,1.87856,0.79034,NA,"Check",0.299009092374654,0.264719529773721,NA
"Abies","ABBA","NEON.PLA.D05.TREE.02497","TREE_015","TREE","D05",2018-05-08,"Standing dead","small tree",NA,130,NA,NA,3.6,NA,NA,"Abies balsamea (L.) Mill.",NA,NA,"2018",12,"douglas","Abies balsamea (L.) Mill.","balsam fir","Pinaceae","tree","balsamea",0.608,"sw2",-2.2304,2.4435,"AbiesBelow0.35spg","conifer","Conifer",0.33,-2.3123,2.3482,1.87856,0.79034,NA,"Check",0.72885836778549,0.623236366068985,NA
"Abies","ABBA","NEON.PLA.D05.TREE.00987","TREE_057","TREE","D05",2017-10-17,"Live","small tree",NA,130,NA,3.1,2.5,NA,NA,"Abies balsamea (L.) Mill.",NA,NA,"2017",12,"douglas","Abies balsamea (L.) Mill.","balsam fir","Pinaceae","tree","balsamea",0.608,"sw2",-2.2304,2.4435,"AbiesBelow0.35spg","conifer","Conifer",0.33,-2.3123,2.3482,1.87856,0.79034,NA,"Check",0.299009092374654,0.264719529773721,NA
"Abies","ABBA","NEON.PLA.D05.TREE.00269","TREE_050","TREE","D05",2018-08-29,"Standing dead","small tree",NA,130,NA,2.7,1.9,NA,NA,"Abies balsamea (L.) Mill.",NA,NA,"2018",12,"douglas","Abies balsamea (L.) Mill.","balsam fir","Pinaceae","tree","balsamea",0.608,"sw2",-2.2304,2.4435,"AbiesBelow0.35spg","conifer","Conifer",0.33,-2.3123,2.3482,1.87856,0.79034,NA,"Check",0.152915816304829,0.138967248938305,NA
"Abies","ABBA","NEON.PLA.D05.TREE.08189","TREE_054","TREE","D05",2022-09-07,"Standing dead","small tree","Full shade",130,NA,3.5,1.5,NA,NA,"Abies balsamea (L.) Mill.",NA,NA,"2022",12,"douglas","Abies balsamea (L.) Mill.","balsam fir","Pinaceae","tree","balsamea",0.608,"sw2",-2.2304,2.4435,"AbiesBelow0.35spg","conifer","Conifer",0.33,-2.3123,2.3482,1.87856,0.79034,NA,"Check",0.0858216727315645,0.0797702124793076,NA
"Abies","ABBA","NEON.PLA.D05.TREE.00269","TREE_050","TREE","D05",2016-09-29,"Live","small tree",NA,130,NA,2.9,2,NA,NA,"Abies balsamea (L.) Mill.",NA,NA,"2016",12,"douglas","Abies balsamea (L.) Mill.","balsam fir","Pinaceae","tree","balsamea",0.608,"sw2",-2.2304,2.4435,"AbiesBelow0.35spg","conifer","Conifer",0.33,-2.3123,2.3482,1.87856,0.79034,NA,"Check",0.173334406558499,0.156755176062481,NA
"Abies","ABBA","NEON.PLA.D05.TREE.00269","TREE_050","TREE","D05",2015-07-29,"Live","small tree","Full shade",130,NA,2.9,1.9,NA,NA,"Abies balsamea (L.) Mill.",NA,NA,"2015",12,"douglas","Abies balsamea (L.) Mill.","balsam fir","Pinaceae","tree","balsamea",0.608,"sw2",-2.2304,2.4435,"AbiesBelow0.35spg","conifer","Conifer",0.33,-2.3123,2.3482,1.87856,0.79034,NA,"Check",0.152915816304829,0.138967248938305,NA
"Abies","ABBA","NEON.PLA.D05.TREE.03368","TREE_039","TREE","D05",2021-09-30,"Live","small tree","Full sun",130,NA,1.7,1,NA,NA,"Abies balsamea (L.) Mill.",NA,NA,"2021",12,"douglas","Abies balsamea (L.) Mill.","balsam fir","Pinaceae","tree","balsamea",0.608,"sw2",-2.2304,2.4435,"AbiesBelow0.35spg","conifer","Conifer",0.33,-2.3123,2.3482,1.87856,0.79034,NA,"Check",0.0318652979425638,0.030785290376143,NA
"Abies","ABBA","NEON.PLA.D05.TREE.00083","TREE_050","TREE","D05",2021-10-06,"Live","small tree","Mostly shaded",130,NA,2.6,3.4,NA,NA,"Abies balsamea (L.) Mill.",NA,NA,"2021",12,"douglas","Abies balsamea (L.) Mill.","balsam fir","Pinaceae","tree","balsamea",0.608,"sw2",-2.2304,2.4435,"AbiesBelow0.35spg","conifer","Conifer",0.33,-2.3123,2.3482,1.87856,0.79034,NA,"Check",0.633850324948051,0.544956763911768,NA
"Abies","ABBA","NEON.PLA.D05.TREE.03369","TREE_039","TREE","D05",2021-09-30,"Live","small tree","Full sun",130,NA,1.7,1,NA,NA,"Abies balsamea (L.) Mill.",NA,NA,"2021",12,"douglas","Abies balsamea (L.) Mill.","balsam fir","Pinaceae","tree","balsamea",0.608,"sw2",-2.2304,2.4435,"AbiesBelow0.35spg","conifer","Conifer",0.33,-2.3123,2.3482,1.87856,0.79034,NA,"Check",0.0318652979425638,0.030785290376143,NA
"Abies","ABBA","NEON.PLA.D05.TREE.00302","TREE_054","TREE","D05",2018-10-09,"Live","single bole tree",NA,130,NA,11.1,11.4,NA,23,"Abies balsamea (L.) Mill.",4.9,295.4,"2018",12,"douglas","Abies balsamea (L.) Mill.","balsam fir","Pinaceae","tree","balsamea",0.608,"sw2",-2.2304,2.4435,"AbiesBelow0.35spg","conifer","Conifer",0.33,-2.3123,2.3482,1.87856,0.79034,NA,"Check",41.1051835472611,30.033423589797,NA
"Abies","ABBA","NEON.PLA.D05.TREE.00477","TREE_025","TREE","D05",2018-10-17,"Live","small tree",NA,130,NA,5,1.5,NA,NA,"Abies balsamea (L.) Mill.",NA,NA,"2018",12,"douglas","Abies balsamea (L.) Mill.","balsam fir","Pinaceae","tree","balsamea",0.608,"sw2",-2.2304,2.4435,"AbiesBelow0.35spg","conifer","Conifer",0.33,-2.3123,2.3482,1.87856,0.79034,NA,"Check",0.0858216727315645,0.0797702124793076,NA
"Abies","ABBA","NEON.PLA.D05.TREE.01077","TREE_039","TREE","D05",2018-10-17,"Live","small tree",NA,130,NA,9.4,7.1,NA,NA,"Abies balsamea (L.) Mill.",NA,NA,"2018",12,"douglas","Abies balsamea (L.) Mill.","balsam fir","Pinaceae","tree","balsamea",0.608,"sw2",-2.2304,2.4435,"AbiesBelow0.35spg","conifer","Conifer",0.33,-2.3123,2.3482,1.87856,0.79034,NA,"Check",3.83149054878416,3.07091721361445,NA
"Abies","ABBA","NEON.PLA.D05.TREE.00283","TREE_054","TREE","D05",2018-10-09,"Live","single bole tree",NA,130,NA,9.3,13.5,NA,61,"Abies balsamea (L.) Mill.",6.3,247.4,"2018",12,"douglas","Abies balsamea (L.) Mill.","balsam fir","Pinaceae","tree","balsamea",0.608,"sw2",-2.2304,2.4435,"AbiesBelow0.35spg","conifer","Conifer",0.33,-2.3123,2.3482,1.87856,0.79034,NA,"Check",62.1326891879771,44.671509156615,NA
"Abies","ABBA","NEON.PLA.D05.TREE.00700","TREE_051","TREE","D05",2015-08-03,"Live","single bole tree","Full sun",130,NA,16.2,18.6,NA,39,"Abies balsamea (L.) Mill.",10,35.5,"2015",12,"douglas","Abies balsamea (L.) Mill.","balsam fir","Pinaceae","tree","balsamea",0.608,"sw2",-2.2304,2.4435,"AbiesBelow0.35spg","conifer","Conifer",0.33,-2.3123,2.3482,1.87856,0.79034,NA,"Check",135.957905913891,94.8093491235114,NA
"Abies","ABBA","NEON.PLA.D05.TREE.01069","TREE_039","TREE","D05",2015-08-11,"Live","small tree","Partially shaded",130,NA,8.2,9.3,NA,59,"Abies balsamea (L.) Mill.",9.2,105.6,"2015",12,"douglas","Abies balsamea (L.) Mill.","balsam fir","Pinaceae","tree","balsamea",0.608,"sw2",-2.2304,2.4435,"AbiesBelow0.35spg","conifer","Conifer",0.33,-2.3123,2.3482,1.87856,0.79034,NA,"Check",7.40979287392518,5.78808518500588,NA
"Abies","ABBA","NEON.PLA.D05.TREE.00701","TREE_052","TREE","D05",2015-08-03,"Live","small tree","Mostly shaded",130,NA,1.3,3,NA,NA,"Abies balsamea (L.) Mill.",NA,NA,"2015",12,"douglas","Abies balsamea (L.) Mill.","balsam fir","Pinaceae","tree","balsamea",0.608,"sw2",-2.2304,2.4435,"AbiesBelow0.35spg","conifer","Conifer",0.33,-2.3123,2.3482,1.87856,0.79034,NA,"Check",0.46683538749886,0.40618079442985,NA
"Abies","ABBA","NEON.PLA.D05.TREE.01003","TREE_047","TREE","D05",2018-08-28,"Live","small tree",NA,130,NA,7.1,9.2,NA,NA,"Abies balsamea (L.) Mill.",NA,NA,"2018",12,"douglas","Abies balsamea (L.) Mill.","balsam fir","Pinaceae","tree","balsamea",0.608,"sw2",-2.2304,2.4435,"AbiesBelow0.35spg","conifer","Conifer",0.33,-2.3123,2.3482,1.87856,0.79034,NA,"Check",7.21661504891742,5.64299714463163,NA
"Abies","ABBA","NEON.PLA.D05.TREE.01404","TREE_039","TREE","D05",2018-10-17,"Live","small tree",NA,130,NA,1.9,1.9,NA,NA,"Abies balsamea (L.) Mill.",NA,NA,"2018",12,"douglas","Abies balsamea (L.) Mill.","balsam fir","Pinaceae","tree","balsamea",0.608,"sw2",-2.2304,2.4435,"AbiesBelow0.35spg","conifer","Conifer",0.33,-2.3123,2.3482,1.87856,0.79034,NA,"Check",0.152915816304829,0.138967248938305,NA
"Abies","ABBA","NEON.PLA.D05.TREE.02461","TREE_023","TREE","D05",2019-11-04,"Live, physically damaged","small tree",NA,130,NA,3.1,3,NA,NA,"Abies balsamea (L.) Mill.",NA,NA,"2019",12,"douglas","Abies balsamea (L.) Mill.","balsam fir","Pinaceae","tree","balsamea",0.608,"sw2",-2.2304,2.4435,"AbiesBelow0.35spg","conifer","Conifer",0.33,-2.3123,2.3482,1.87856,0.79034,NA,"Check",0.46683538749886,0.40618079442985,NA
"Abies","ABBA","NEON.PLA.D05.TREE.02489","TREE_015","TREE","D05",2019-10-24,"Live","small tree",NA,130,NA,2,2.2,NA,NA,"Abies balsamea (L.) Mill.",NA,NA,"2019",12,"douglas","Abies balsamea (L.) Mill.","balsam fir","Pinaceae","tree","balsamea",0.608,"sw2",-2.2304,2.4435,"AbiesBelow0.35spg","conifer","Conifer",0.33,-2.3123,2.3482,1.87856,0.79034,NA,"Check",0.218790169181502,0.196074083394239,NA
"Abies","ABBA","NEON.PLA.D05.TREE.00780","TREE_051","TREE","D05",2017-09-26,"Live","small tree",NA,130,NA,3.2,3.2,NA,NA,"Abies balsamea (L.) Mill.",NA,NA,"2017",12,"douglas","Abies balsamea (L.) Mill.","balsam fir","Pinaceae","tree","balsamea",0.608,"sw2",-2.2304,2.4435,"AbiesBelow0.35spg","conifer","Conifer",0.33,-2.3123,2.3482,1.87856,0.79034,NA,"Check",0.546577758828339,0.4726464860605,NA
"Abies","ABBA","NEON.PLA.D05.TREE.02490","TREE_015","TREE","D05",2019-10-24,"Standing dead","small tree",NA,130,NA,4.3,4,NA,NA,"Abies balsamea (L.) Mill.",NA,NA,"2019",12,"douglas","Abies balsamea (L.) Mill.","balsam fir","Pinaceae","tree","balsamea",0.608,"sw2",-2.2304,2.4435,"AbiesBelow0.35spg","conifer","Conifer",0.33,-2.3123,2.3482,1.87856,0.79034,NA,"Check",0.942869467316505,0.798179420175993,NA
"Abies","ABBA","NEON.PLA.D05.TREE.01375","TREE_045","TREE","D05",2015-08-11,"Standing dead","small tree","Mostly shaded",130,NA,3.4,3.9,NA,NA,"Abies balsamea (L.) Mill.",NA,NA,"2015",12,"douglas","Abies balsamea (L.) Mill.","balsam fir","Pinaceae","tree","balsamea",0.608,"sw2",-2.2304,2.4435,"AbiesBelow0.35spg","conifer","Conifer",0.33,-2.3123,2.3482,1.87856,0.79034,NA,"Check",0.886307349864757,0.752109656236205,NA
"Abies","ABBA","NEON.PLA.D05.TREE.00677","TREE_051","TREE","D05",2015-08-03,"Live","single bole tree","Full sun",130,NA,9.3,12.5,NA,57,"Abies balsamea (L.) Mill.",3.7,95.8,"2015",12,"douglas","Abies balsamea (L.) Mill.","balsam fir","Pinaceae","tree","balsamea",0.608,"sw2",-2.2304,2.4435,"AbiesBelow0.35spg","conifer","Conifer",0.33,-2.3123,2.3482,1.87856,0.79034,NA,"Check",51.4812643457568,37.285928466556,NA
"Abies","ABBA","NEON.PLA.D05.TREE.02470","TREE_023","TREE","D05",2018-05-08,"Live","small tree",NA,130,NA,NA,4.4,NA,NA,"Abies balsamea (L.) Mill.",NA,NA,"2018",12,"douglas","Abies balsamea (L.) Mill.","balsam fir","Pinaceae","tree","balsamea",0.608,"sw2",-2.2304,2.4435,"AbiesBelow0.35spg","conifer","Conifer",0.33,-2.3123,2.3482,1.87856,0.79034,NA,"Check",1.19013053649351,0.998386797337864,NA
"Abies","ABBA","NEON.PLA.D05.TREE.01017","TREE_039","TREE","D05",2016-10-18,"Live","small tree",NA,130,NA,1.7,1.7,NA,NA,"Abies balsamea (L.) Mill.",NA,NA,"2016",12,"douglas","Abies balsamea (L.) Mill.","balsam fir","Pinaceae","tree","balsamea",0.608,"sw2",-2.2304,2.4435,"AbiesBelow0.35spg","conifer","Conifer",0.33,-2.3123,2.3482,1.87856,0.79034,NA,"Check",0.116525217678834,0.107024550262889,NA
"Abies","ABBA","NEON.PLA.D05.TREE.00728","TREE_052","TREE","D05",2017-09-26,"Live","small tree",NA,130,NA,5.1,5.3,NA,NA,"Abies balsamea (L.) Mill.",NA,NA,"2017",12,"douglas","Abies balsamea (L.) Mill.","balsam fir","Pinaceae","tree","balsamea",0.608,"sw2",-2.2304,2.4435,"AbiesBelow0.35spg","conifer","Conifer",0.33,-2.3123,2.3482,1.87856,0.79034,NA,"Check",1.87536614168729,1.54556705323716,NA
"Abies","ABBA","NEON.PLA.D05.TREE.01444","TREE_039","TREE","D05",2021-09-30,"Live","small tree","Mostly shaded",130,NA,6.4,7.4,NA,NA,"Abies balsamea (L.) Mill.",NA,NA,"2021",12,"douglas","Abies balsamea (L.) Mill.","balsam fir","Pinaceae","tree","balsamea",0.608,"sw2",-2.2304,2.4435,"AbiesBelow0.35spg","conifer","Conifer",0.33,-2.3123,2.3482,1.87856,0.79034,NA,"Check",4.23921741555325,3.38433370076885,NA
"Abies","ABBA","NEON.PLA.D05.TREE.00160","TREE_050","TREE","D05",2018-08-29,"Live","small tree",NA,130,NA,7.1,6.3,NA,NA,"Abies balsamea (L.) Mill.",NA,NA,"2018",12,"douglas","Abies balsamea (L.) Mill.","balsam fir","Pinaceae","tree","balsamea",0.608,"sw2",-2.2304,2.4435,"AbiesBelow0.35spg","conifer","Conifer",0.33,-2.3123,2.3482,1.87856,0.79034,NA,"Check",2.86092594406005,2.31928827564036,NA
"Abies","ABBA","NEON.PLA.D05.TREE.01017","TREE_039","TREE","D05",2018-10-17,"Live","small tree",NA,130,NA,2.2,1.6,NA,NA,"Abies balsamea (L.) Mill.",NA,NA,"2018",12,"douglas","Abies balsamea (L.) Mill.","balsam fir","Pinaceae","tree","balsamea",0.608,"sw2",-2.2304,2.4435,"AbiesBelow0.35spg","conifer","Conifer",0.33,-2.3123,2.3482,1.87856,0.79034,NA,"Check",0.100481280546951,0.0928234695920753,NA
"Abies","ABBA","NEON.PLA.D05.TREE.00729","TREE_052","TREE","D05",2018-08-29,"Live","small tree",NA,130,NA,6,5.2,NA,NA,"Abies balsamea (L.) Mill.",NA,NA,"2018",12,"douglas","Abies balsamea (L.) Mill.","balsam fir","Pinaceae","tree","balsamea",0.608,"sw2",-2.2304,2.4435,"AbiesBelow0.35spg","conifer","Conifer",0.33,-2.3123,2.3482,1.87856,0.79034,NA,"Check",1.79007881840947,1.47795872566067,NA
"Abies","ABBA","NEON.PLA.D05.TREE.00987","TREE_057","TREE","D05",2018-10-16,"Live","small tree",NA,130,NA,3.5,3,NA,NA,"Abies balsamea (L.) Mill.",NA,NA,"2018",12,"douglas","Abies balsamea (L.) Mill.","balsam fir","Pinaceae","tree","balsamea",0.608,"sw2",-2.2304,2.4435,"AbiesBelow0.35spg","conifer","Conifer",0.33,-2.3123,2.3482,1.87856,0.79034,NA,"Check",0.46683538749886,0.40618079442985,NA
"Abies","ABBA","NEON.PLA.D05.TREE.08190","TREE_054","TREE","D05",2022-09-07,"Standing dead","small tree","Full shade",130,NA,2.8,2,NA,NA,"Abies balsamea (L.) Mill.",NA,NA,"2022",12,"douglas","Abies balsamea (L.) Mill.","balsam fir","Pinaceae","tree","balsamea",0.608,"sw2",-2.2304,2.4435,"AbiesBelow0.35spg","conifer","Conifer",0.33,-2.3123,2.3482,1.87856,0.79034,NA,"Check",0.173334406558499,0.156755176062481,NA
"Abies","ABBA","NEON.PLA.D05.TREE.00072","TREE_055","TREE","D05",2017-09-14,"Live","small tree",NA,140,NA,6.2,7.4,NA,NA,"Abies balsamea (L.) Mill.",NA,NA,"2017",12,"douglas","Abies balsamea (L.) Mill.","balsam fir","Pinaceae","tree","balsamea",0.608,"sw2",-2.2304,2.4435,"AbiesBelow0.35spg","conifer","Conifer",0.33,-2.3123,2.3482,1.87856,0.79034,NA,"Check",4.23921741555325,3.38433370076885,NA
"Abies","ABBA","NEON.PLA.D05.TREE.03605","TREE_002","TREE","D05",2019-10-08,"Live","single bole tree","Partially shaded",130,NA,12.6,13.3,NA,51,"Abies balsamea (L.) Mill.",3,256.3,"2019",12,"douglas","Abies balsamea (L.) Mill.","balsam fir","Pinaceae","tree","balsamea",0.608,"sw2",-2.2304,2.4435,"AbiesBelow0.35spg","conifer","Conifer",0.33,-2.3123,2.3482,1.87856,0.79034,NA,"Check",59.907482873306,43.1329629974291,NA
"Abies","ABBA","NEON.PLA.D05.TREE.02208","TREE_023","TREE","D05",2019-11-04,"Live","small tree",NA,130,NA,4.3,4.2,NA,NA,"Abies balsamea (L.) Mill.",NA,NA,"2019",12,"douglas","Abies balsamea (L.) Mill.","balsam fir","Pinaceae","tree","balsamea",0.608,"sw2",-2.2304,2.4435,"AbiesBelow0.35spg","conifer","Conifer",0.33,-2.3123,2.3482,1.87856,0.79034,NA,"Check",1.06225216425495,0.895070488248902,NA
"Abies","ABBA","NEON.PLA.D05.TREE.02208","TREE_023","TREE","D05",2018-05-08,"Live","small tree",NA,130,NA,NA,3.4,NA,NA,"Abies balsamea (L.) Mill.",NA,NA,"2018",12,"douglas","Abies balsamea (L.) Mill.","balsam fir","Pinaceae","tree","balsamea",0.608,"sw2",-2.2304,2.4435,"AbiesBelow0.35spg","conifer","Conifer",0.33,-2.3123,2.3482,1.87856,0.79034,NA,"Check",0.633850324948051,0.544956763911768,NA
"Abies","ABBA","NEON.PLA.D05.TREE.00364","TREE_025","TREE","D05",2017-10-18,"Live","small tree",NA,130,NA,5,4.9,NA,NA,"Abies balsamea (L.) Mill.",NA,NA,"2017",12,"douglas","Abies balsamea (L.) Mill.","balsam fir","Pinaceae","tree","balsamea",0.608,"sw2",-2.2304,2.4435,"AbiesBelow0.35spg","conifer","Conifer",0.33,-2.3123,2.3482,1.87856,0.79034,NA,"Check",1.54814667751255,1.2854692417699,NA
"Abies","ABBA","NEON.PLA.D05.TREE.03626","TREE_008","TREE","D05",2018-04-30,"Live","single bole tree","Partially shaded",130,NA,7.9,21.2,NA,33,"Abies balsamea (L.) Mill.",3.8,272.1,"2018",12,"douglas","Abies balsamea (L.) Mill.","balsam fir","Pinaceae","tree","balsamea",0.608,"sw2",-2.2304,2.4435,"AbiesBelow0.35spg","conifer","Conifer",0.33,-2.3123,2.3482,1.87856,0.79034,NA,"Check",187.176474816289,128.90885120576,NA
"Abies","ABBA","NEON.PLA.D05.TREE.01335","TREE_045","TREE","D05",2016-10-18,"Standing dead","single bole tree",NA,130,NA,10.1,15,NA,57,"Abies balsamea (L.) Mill.",5.8,123.9,"2016",12,"douglas","Abies balsamea (L.) Mill.","balsam fir","Pinaceae","tree","balsamea",0.608,"sw2",-2.2304,2.4435,"AbiesBelow0.35spg","conifer","Conifer",0.33,-2.3123,2.3482,1.87856,0.79034,NA,"Check",80.3764052755604,57.2108452237956,NA
"Abies","ABBA","NEON.PLA.D05.TREE.03627","TREE_008","TREE","D05",2018-04-30,"Live","single bole tree","Partially shaded",130,NA,6.2,14.7,NA,33,"Abies balsamea (L.) Mill.",1.5,291.3,"2018",12,"douglas","Abies balsamea (L.) Mill.","balsam fir","Pinaceae","tree","balsamea",0.608,"sw2",-2.2304,2.4435,"AbiesBelow0.35spg","conifer","Conifer",0.33,-2.3123,2.3482,1.87856,0.79034,NA,"Check",76.5049428423031,54.560134838114,NA
"Abies","ABBA","NEON.PLA.D05.TREE.01336","TREE_045","TREE","D05",2015-08-11,"Live","small tree","Full shade",130,NA,2.2,2,NA,NA,"Abies balsamea (L.) Mill.",NA,NA,"2015",12,"douglas","Abies balsamea (L.) Mill.","balsam fir","Pinaceae","tree","balsamea",0.608,"sw2",-2.2304,2.4435,"AbiesBelow0.35spg","conifer","Conifer",0.33,-2.3123,2.3482,1.87856,0.79034,NA,"Check",0.173334406558499,0.156755176062481,NA
"Abies","ABBA","NEON.PLA.D05.TREE.00331","TREE_051","TREE","D05",2017-09-26,"Live","small tree",NA,130,NA,9.1,7.8,NA,57,"Abies balsamea (L.) Mill.",8.5,151.8,"2017",12,"douglas","Abies balsamea (L.) Mill.","balsam fir","Pinaceae","tree","balsamea",0.608,"sw2",-2.2304,2.4435,"AbiesBelow0.35spg","conifer","Conifer",0.33,-2.3123,2.3482,1.87856,0.79034,NA,"Check",4.82115556534735,3.82965631121552,NA
"Abies","ABBA","NEON.PLA.D05.TREE.00384","TREE_025","TREE","D05",2017-10-18,"Live","single bole tree",NA,130,NA,11,14.2,NA,41,"Abies balsamea (L.) Mill.",10.9,135.3,"2017",12,"douglas","Abies balsamea (L.) Mill.","balsam fir","Pinaceae","tree","balsamea",0.608,"sw2",-2.2304,2.4435,"AbiesBelow0.35spg","conifer","Conifer",0.33,-2.3123,2.3482,1.87856,0.79034,NA,"Check",70.3017534234546,50.3018965562577,NA
"Abies","ABBA","NEON.PLA.D05.TREE.00778","TREE_051","TREE","D05",2015-08-03,"Live","sapling","Full shade",10,NA,0.9,1.5,NA,NA,"Abies balsamea (L.) Mill.",NA,NA,"2015",12,"douglas","Abies balsamea (L.) Mill.","balsam fir","Pinaceae","tree","balsamea",0.608,"sw2",-2.2304,2.4435,"AbiesBelow0.35spg","conifer","Conifer",0.33,-2.3123,2.3482,1.87856,0.79034,1.07394332059371,"Check",0.0379333274278359,0.0363993549036406,NA
"Abies","ABBA","NEON.PLA.D05.TREE.00745","TREE_052","TREE","D05",2015-08-03,"Live","sapling","Full shade",10,NA,1.2,1.3,NA,NA,"Abies balsamea (L.) Mill.",NA,NA,"2015",12,"douglas","Abies balsamea (L.) Mill.","balsam fir","Pinaceae","tree","balsamea",0.608,"sw2",-2.2304,2.4435,"AbiesBelow0.35spg","conifer","Conifer",0.33,-2.3123,2.3482,1.87856,0.79034,0.925450366054231,"Check",0.0263694978964204,0.025664551421131,NA
"Abies","ABBA","NEON.PLA.D05.TREE.01077","TREE_039","TREE","D05",2019-10-23,"Live","small tree",NA,130,NA,7.1,7.1,NA,NA,"Abies balsamea (L.) Mill.",NA,NA,"2019",12,"douglas","Abies balsamea (L.) Mill.","balsam fir","Pinaceae","tree","balsamea",0.608,"sw2",-2.2304,2.4435,"AbiesBelow0.35spg","conifer","Conifer",0.33,-2.3123,2.3482,1.87856,0.79034,NA,"Check",3.83149054878416,3.07091721361445,NA
"Abies","ABBA","NEON.PLA.D05.TREE.00013","TREE_056","TREE","D05",2017-08-28,"Live","small tree",NA,130,NA,4.1,5,NA,NA,"Abies balsamea (L.) Mill.",NA,NA,"2017",12,"douglas","Abies balsamea (L.) Mill.","balsam fir","Pinaceae","tree","balsamea",0.608,"sw2",-2.2304,2.4435,"AbiesBelow0.35spg","conifer","Conifer",0.33,-2.3123,2.3482,1.87856,0.79034,NA,"Check",1.62648921958223,1.34792155571201,NA
"Abies","ABBA","NEON.PLA.D05.TREE.02216","TREE_015","TREE","D05",2018-05-08,"Live","single bole tree","Partially shaded",130,NA,9.6,11.3,NA,NA,"Abies balsamea (L.) Mill.",NA,NA,"2018",12,"douglas","Abies balsamea (L.) Mill.","balsam fir","Pinaceae","tree","balsamea",0.608,"sw2",-2.2304,2.4435,"AbiesBelow0.35spg","conifer","Conifer",0.33,-2.3123,2.3482,1.87856,0.79034,NA,"Check",40.2296972434736,29.4184421156933,NA
"Abies","ABBA","NEON.PLA.D05.TREE.00982","TREE_057","TREE","D05",2018-10-16,"Live","small tree",NA,130,NA,1.9,1,NA,NA,"Abies balsamea (L.) Mill.",NA,NA,"2018",12,"douglas","Abies balsamea (L.) Mill.","balsam fir","Pinaceae","tree","balsamea",0.608,"sw2",-2.2304,2.4435,"AbiesBelow0.35spg","conifer","Conifer",0.33,-2.3123,2.3482,1.87856,0.79034,NA,"Check",0.0318652979425638,0.030785290376143,NA
"Abies","ABBA","NEON.PLA.D05.TREE.00982","TREE_057","TREE","D05",2015-08-04,"Live","sapling","Full shade",10,NA,1.4,2,NA,NA,"Abies balsamea (L.) Mill.",NA,NA,"2015",12,"douglas","Abies balsamea (L.) Mill.","balsam fir","Pinaceae","tree","balsamea",0.608,"sw2",-2.2304,2.4435,"AbiesBelow0.35spg","conifer","Conifer",0.33,-2.3123,2.3482,1.87856,0.79034,1.44845965449022,"Check",0.0787939330018576,0.0734824570498855,NA
"Abies","ABBA","NEON.PLA.D05.TREE.02238","TREE_015","TREE","D05",2019-10-24,"Standing dead","small tree",NA,130,NA,5.7,6,NA,NA,"Abies balsamea (L.) Mill.",NA,NA,"2019",12,"douglas","Abies balsamea (L.) Mill.","balsam fir","Pinaceae","tree","balsamea",0.608,"sw2",-2.2304,2.4435,"AbiesBelow0.35spg","conifer","Conifer",0.33,-2.3123,2.3482,1.87856,0.79034,NA,"Check",2.53939677571742,2.06822612897591,NA
"Abies","ABBA","NEON.PLA.D05.TREE.02238","TREE_015","TREE","D05",2018-05-08,"Live","small tree",NA,130,NA,6.5,6.1,NA,NA,"Abies balsamea (L.) Mill.",NA,NA,"2018",12,"douglas","Abies balsamea (L.) Mill.","balsam fir","Pinaceae","tree","balsamea",0.608,"sw2",-2.2304,2.4435,"AbiesBelow0.35spg","conifer","Conifer",0.33,-2.3123,2.3482,1.87856,0.79034,NA,"Check",2.6440607869953,2.15008075996871,NA
"Abies","ABBA","NEON.PLA.D05.TREE.00369","TREE_054","TREE","D05",2015-07-30,"Live","small tree","Full shade",130,NA,5.3,5.1,NA,NA,"Abies balsamea (L.) Mill.",NA,NA,"2015",12,"douglas","Abies balsamea (L.) Mill.","balsam fir","Pinaceae","tree","balsamea",0.608,"sw2",-2.2304,2.4435,"AbiesBelow0.35spg","conifer","Conifer",0.33,-2.3123,2.3482,1.87856,0.79034,NA,"Check",1.70712651883997,1.41208078007819,NA
"Abies","ABBA","NEON.PLA.D05.TREE.00228","TREE_050","TREE","D05",2015-07-29,"Live","sapling","Full shade",10,NA,1.2,1.3,NA,NA,"Abies balsamea (L.) Mill.",NA,NA,"2015",12,"douglas","Abies balsamea (L.) Mill.","balsam fir","Pinaceae","tree","balsamea",0.608,"sw2",-2.2304,2.4435,"AbiesBelow0.35spg","conifer","Conifer",0.33,-2.3123,2.3482,1.87856,0.79034,0.925450366054231,"Check",0.0263694978964204,0.025664551421131,NA
"Abies","ABBA","NEON.PLA.D05.TREE.00097","TREE_056","TREE","D05",2016-09-28,"Live","small tree",NA,130,NA,3.5,5.4,NA,NA,"Abies balsamea (L.) Mill.",NA,NA,"2016",12,"douglas","Abies balsamea (L.) Mill.","balsam fir","Pinaceae","tree","balsamea",0.608,"sw2",-2.2304,2.4435,"AbiesBelow0.35spg","conifer","Conifer",0.33,-2.3123,2.3482,1.87856,0.79034,NA,"Check",1.96300829888665,1.61491727830775,NA
"Abies","ABBA","NEON.PLA.D05.TREE.01421","TREE_039","TREE","D05",2019-10-23,"Live","small tree",NA,130,NA,2.6,2.7,NA,NA,"Abies balsamea (L.) Mill.",NA,NA,"2019",12,"douglas","Abies balsamea (L.) Mill.","balsam fir","Pinaceae","tree","balsamea",0.608,"sw2",-2.2304,2.4435,"AbiesBelow0.35spg","conifer","Conifer",0.33,-2.3123,2.3482,1.87856,0.79034,NA,"Check",0.360873790436049,0.317155060489603,NA
"Abies","ABBA","NEON.PLA.D05.TREE.01444","TREE_039","TREE","D05",2020-10-01,"Live","small tree","Partially shaded",130,NA,6.7,7.3,NA,NA,"Abies balsamea (L.) Mill.",NA,NA,"2020",12,"douglas","Abies balsamea (L.) Mill.","balsam fir","Pinaceae","tree","balsamea",0.608,"sw2",-2.2304,2.4435,"AbiesBelow0.35spg","conifer","Conifer",0.33,-2.3123,2.3482,1.87856,0.79034,NA,"Check",4.10059985705231,3.27791731592345,NA
"Abies","ABBA","NEON.PLA.D05.TREE.00950","TREE_045","TREE","D05",2015-08-11,"Standing dead","single bole tree","Mostly shaded",130,NA,1.7,13.9,NA,25,"Abies balsamea (L.) Mill.",9.8,304.6,"2015",12,"douglas","Abies balsamea (L.) Mill.","balsam fir","Pinaceae","tree","balsamea",0.608,"sw2",-2.2304,2.4435,"AbiesBelow0.35spg","conifer","Conifer",0.33,-2.3123,2.3482,1.87856,0.79034,NA,"Check",66.7277148007724,47.8418784633076,NA
"Abies","ABBA","NEON.PLA.D05.TREE.05084","TREE_019","TREE","D05",2019-10-30,"Live","single bole tree","Mostly shaded",130,NA,17.7,11.3,NA,NA,"Abies balsamea (L.) Mill.",NA,NA,"2019",12,"douglas","Abies balsamea (L.) Mill.","balsam fir","Pinaceae","tree","balsamea",0.608,"sw2",-2.2304,2.4435,"AbiesBelow0.35spg","conifer","Conifer",0.33,-2.3123,2.3482,1.87856,0.79034,NA,"Check",40.2296972434736,29.4184421156933,NA
"Abies","ABBA","NEON.PLA.D05.TREE.00762","TREE_052","TREE","D05",2018-08-29,"Live","small tree",NA,130,NA,2.6,2.2,NA,NA,"Abies balsamea (L.) Mill.",NA,NA,"2018",12,"douglas","Abies balsamea (L.) Mill.","balsam fir","Pinaceae","tree","balsamea",0.608,"sw2",-2.2304,2.4435,"AbiesBelow0.35spg","conifer","Conifer",0.33,-2.3123,2.3482,1.87856,0.79034,NA,"Check",0.218790169181502,0.196074083394239,NA
"Abies","ABBA","NEON.PLA.D05.TREE.00318","TREE_054","TREE","D05",2021-09-20,"Live","single bole tree","Partially shaded",130,NA,12.3,13,NA,41,"Abies balsamea (L.) Mill.",10.9,209.4,"2021",12,"douglas","Abies balsamea (L.) Mill.","balsam fir","Pinaceae","tree","balsamea",0.608,"sw2",-2.2304,2.4435,"AbiesBelow0.35spg","conifer","Conifer",0.33,-2.3123,2.3482,1.87856,0.79034,NA,"Check",56.659164869195,40.882989880221,NA
"Abies","ABBA","NEON.PLA.D05.TREE.02308","TREE_015","TREE","D05",2019-10-24,"Live","small tree",NA,130,NA,2.9,3.2,NA,NA,"Abies balsamea (L.) Mill.",NA,NA,"2019",12,"douglas","Abies balsamea (L.) Mill.","balsam fir","Pinaceae","tree","balsamea",0.608,"sw2",-2.2304,2.4435,"AbiesBelow0.35spg","conifer","Conifer",0.33,-2.3123,2.3482,1.87856,0.79034,NA,"Check",0.546577758828339,0.4726464860605,NA
"Abies","ABBA","NEON.PLA.D05.TREE.00231","TREE_050","TREE","D05",2015-07-29,"Live","small tree","Mostly shaded",130,NA,3.7,5.1,NA,NA,"Abies balsamea (L.) Mill.",NA,NA,"2015",12,"douglas","Abies balsamea (L.) Mill.","balsam fir","Pinaceae","tree","balsamea",0.608,"sw2",-2.2304,2.4435,"AbiesBelow0.35spg","conifer","Conifer",0.33,-2.3123,2.3482,1.87856,0.79034,NA,"Check",1.70712651883997,1.41208078007819,NA
"Abies","ABBA","NEON.PLA.D05.TREE.03457","TREE_023","TREE","D05",2019-11-04,"Live","single bole tree","Mostly shaded",130,NA,10.5,11,NA,33,"Abies balsamea (L.) Mill.",7,312.3,"2019",12,"douglas","Abies balsamea (L.) Mill.","balsam fir","Pinaceae","tree","balsamea",0.608,"sw2",-2.2304,2.4435,"AbiesBelow0.35spg","conifer","Conifer",0.33,-2.3123,2.3482,1.87856,0.79034,NA,"Check",37.6697392257646,27.617169967899,NA
"Abies","ABBA","NEON.PLA.D05.TREE.00412","TREE_025","TREE","D05",2016-10-18,"Live","small tree",NA,130,NA,3.1,3.9,NA,NA,"Abies balsamea (L.) Mill.",NA,NA,"2016",12,"douglas","Abies balsamea (L.) Mill.","balsam fir","Pinaceae","tree","balsamea",0.608,"sw2",-2.2304,2.4435,"AbiesBelow0.35spg","conifer","Conifer",0.33,-2.3123,2.3482,1.87856,0.79034,NA,"Check",0.886307349864757,0.752109656236205,NA
"Abies","ABBA","NEON.PLA.D05.TREE.00073","TREE_050","TREE","D05",2017-08-30,"Live","single bole tree",NA,130,NA,11.1,12.5,NA,41,"Abies balsamea (L.) Mill.",2.8,90,"2017",12,"douglas","Abies balsamea (L.) Mill.","balsam fir","Pinaceae","tree","balsamea",0.608,"sw2",-2.2304,2.4435,"AbiesBelow0.35spg","conifer","Conifer",0.33,-2.3123,2.3482,1.87856,0.79034,NA,"Check",51.4812643457568,37.285928466556,NA
"Abies","ABBA","NEON.PLA.D05.TREE.00072","TREE_055","TREE","D05",2018-10-10,"Live","small tree",NA,140,NA,6.5,7.7,NA,NA,"Abies balsamea (L.) Mill.",NA,NA,"2018",12,"douglas","Abies balsamea (L.) Mill.","balsam fir","Pinaceae","tree","balsamea",0.608,"sw2",-2.2304,2.4435,"AbiesBelow0.35spg","conifer","Conifer",0.33,-2.3123,2.3482,1.87856,0.79034,NA,"Check",4.67151847212447,3.71535892269087,NA
"Abies","ABBA","NEON.PLA.D05.TREE.00526","TREE_042","TREE","D05",2016-09-28,"Live","small tree",NA,130,NA,5.8,9.3,NA,NA,"Abies balsamea (L.) Mill.",NA,NA,"2016",12,"douglas","Abies balsamea (L.) Mill.","balsam fir","Pinaceae","tree","balsamea",0.608,"sw2",-2.2304,2.4435,"AbiesBelow0.35spg","conifer","Conifer",0.33,-2.3123,2.3482,1.87856,0.79034,NA,"Check",7.40979287392518,5.78808518500588,NA
"Abies","ABBA","NEON.PLA.D05.TREE.00815","TREE_052","TREE","D05",2018-08-29,"Live","single bole tree",NA,130,NA,11.4,12.2,NA,21,"Abies balsamea (L.) Mill.",4.4,27.7,"2018",12,"douglas","Abies balsamea (L.) Mill.","balsam fir","Pinaceae","tree","balsamea",0.608,"sw2",-2.2304,2.4435,"AbiesBelow0.35spg","conifer","Conifer",0.33,-2.3123,2.3482,1.87856,0.79034,NA,"Check",48.5143071912194,35.2185137053077,NA
"Abies","ABBA","NEON.PLA.D05.TREE.00233","TREE_055","TREE","D05",2018-10-10,"Live","small tree",NA,130,NA,3.7,3.9,NA,NA,"Abies balsamea (L.) Mill.",NA,NA,"2018",12,"douglas","Abies balsamea (L.) Mill.","balsam fir","Pinaceae","tree","balsamea",0.608,"sw2",-2.2304,2.4435,"AbiesBelow0.35spg","conifer","Conifer",0.33,-2.3123,2.3482,1.87856,0.79034,NA,"Check",0.886307349864757,0.752109656236205,NA
"Abies","ABBA","NEON.PLA.D05.TREE.01204","TREE_045","TREE","D05",2015-08-11,"Live","small tree","Mostly shaded",130,NA,2.9,2.8,NA,NA,"Abies balsamea (L.) Mill.",NA,NA,"2015",12,"douglas","Abies balsamea (L.) Mill.","balsam fir","Pinaceae","tree","balsamea",0.608,"sw2",-2.2304,2.4435,"AbiesBelow0.35spg","conifer","Conifer",0.33,-2.3123,2.3482,1.87856,0.79034,NA,"Check",0.394410649743346,0.345429754183071,NA
"Abies","ABBA","NEON.PLA.D05.TREE.01001","TREE_044","TREE","D05",2017-10-17,"Live","single bole tree",NA,130,NA,13.2,18.8,NA,43,"Abies balsamea (L.) Mill.",12,317.5,"2017",12,"douglas","Abies balsamea (L.) Mill.","balsam fir","Pinaceae","tree","balsamea",0.608,"sw2",-2.2304,2.4435,"AbiesBelow0.35spg","conifer","Conifer",0.33,-2.3123,2.3482,1.87856,0.79034,NA,"Check",139.557857090161,97.2206076396697,NA
"Abies","ABBA","NEON.PLA.D05.TREE.00154","TREE_025","TREE","D05",2015-08-04,"Live","single bole tree","Full shade",10,NA,1.2,21,NA,NA,"Abies balsamea (L.) Mill.",NA,NA,"2015",12,"douglas","Abies balsamea (L.) Mill.","balsam fir","Pinaceae","tree","balsamea",0.608,"sw2",-2.2304,2.4435,"AbiesBelow0.35spg","conifer","Conifer",0.33,-2.3123,2.3482,1.87856,0.79034,NA,"Check",0.27062265635465,0.240522268978321,NA
"Abies","ABBA","NEON.PLA.D05.TREE.01484","TREE_039","TREE","D05",2021-09-30,"Live","small tree","Partially shaded",130,NA,7.5,9,NA,NA,"Abies balsamea (L.) Mill.",NA,NA,"2021",12,"douglas","Abies balsamea (L.) Mill.","balsam fir","Pinaceae","tree","balsamea",0.608,"sw2",-2.2304,2.4435,"AbiesBelow0.35spg","conifer","Conifer",0.33,-2.3123,2.3482,1.87856,0.79034,NA,"Check",6.83926694845384,5.35914509000433,NA
"Abies","ABBA","NEON.PLA.D05.TREE.01484","TREE_039","TREE","D05",2016-10-18,"Live","small tree",NA,130,NA,4.3,6,NA,NA,"Abies balsamea (L.) Mill.",NA,NA,"2016",12,"douglas","Abies balsamea (L.) Mill.","balsam fir","Pinaceae","tree","balsamea",0.608,"sw2",-2.2304,2.4435,"AbiesBelow0.35spg","conifer","Conifer",0.33,-2.3123,2.3482,1.87856,0.79034,NA,"Check",2.53939677571742,2.06822612897591,NA
"Abies","ABBA","NEON.PLA.D05.TREE.01151","TREE_039","TREE","D05",2021-09-30,"Live","small tree","Mostly shaded",130,NA,5.2,6,NA,NA,"Abies balsamea (L.) Mill.",NA,NA,"2021",12,"douglas","Abies balsamea (L.) Mill.","balsam fir","Pinaceae","tree","balsamea",0.608,"sw2",-2.2304,2.4435,"AbiesBelow0.35spg","conifer","Conifer",0.33,-2.3123,2.3482,1.87856,0.79034,NA,"Check",2.53939677571742,2.06822612897591,NA
"Abies","ABBA","NEON.PLA.D05.TREE.00377","TREE_054","TREE","D05",2017-08-30,"Live","small tree",NA,130,NA,6.8,4.6,NA,NA,"Abies balsamea (L.) Mill.",NA,NA,"2017",12,"douglas","Abies balsamea (L.) Mill.","balsam fir","Pinaceae","tree","balsamea",0.608,"sw2",-2.2304,2.4435,"AbiesBelow0.35spg","conifer","Conifer",0.33,-2.3123,2.3482,1.87856,0.79034,NA,"Check",1.32668172024424,1.10823329763597,NA
"Abies","ABBA","NEON.PLA.D05.TREE.02189","TREE_016","TREE","D05",2017-10-24,"Live","single bole tree","Partially shaded",130,NA,9.2,11.9,NA,33,"Abies balsamea (L.) Mill.",9.2,339.9,"2017",12,"douglas","Abies balsamea (L.) Mill.","balsam fir","Pinaceae","tree","balsamea",0.608,"sw2",-2.2304,2.4435,"AbiesBelow0.35spg","conifer","Conifer",0.33,-2.3123,2.3482,1.87856,0.79034,NA,"Check",45.6508205043179,33.2185173238559,NA
"Abies","ABBA","NEON.PLA.D05.TREE.02239","TREE_015","TREE","D05",2018-05-08,"Live","small tree",NA,130,NA,4.7,5.1,NA,NA,"Abies balsamea (L.) Mill.",NA,NA,"2018",12,"douglas","Abies balsamea (L.) Mill.","balsam fir","Pinaceae","tree","balsamea",0.608,"sw2",-2.2304,2.4435,"AbiesBelow0.35spg","conifer","Conifer",0.33,-2.3123,2.3482,1.87856,0.79034,NA,"Check",1.70712651883997,1.41208078007819,NA
"Abies","ABBA","NEON.PLA.D05.TREE.01094","TREE_047","TREE","D05",2015-08-06,"Live","single bole tree","Partially shaded",130,NA,10,13,NA,41,"Abies balsamea (L.) Mill.",2.9,338.1,"2015",12,"douglas","Abies balsamea (L.) Mill.","balsam fir","Pinaceae","tree","balsamea",0.608,"sw2",-2.2304,2.4435,"AbiesBelow0.35spg","conifer","Conifer",0.33,-2.3123,2.3482,1.87856,0.79034,NA,"Check",56.659164869195,40.882989880221,NA
"Abies","ABBA","NEON.PLA.D05.TREE.02241","TREE_015","TREE","D05",2019-10-24,"Live","single bole tree","Partially shaded",130,NA,12.1,16.9,NA,31,"Abies balsamea (L.) Mill.",5.6,9.4,"2019",12,"douglas","Abies balsamea (L.) Mill.","balsam fir","Pinaceae","tree","balsamea",0.608,"sw2",-2.2304,2.4435,"AbiesBelow0.35spg","conifer","Conifer",0.33,-2.3123,2.3482,1.87856,0.79034,NA,"Check",107.569896382136,75.7014902880439,NA
"Abies","ABBA","NEON.PLA.D05.TREE.00471","TREE_052","TREE","D05",2015-08-03,"Live","sapling","Full shade",10,NA,1.3,2.2,NA,NA,"Abies balsamea (L.) Mill.",NA,NA,"2015",12,"douglas","Abies balsamea (L.) Mill.","balsam fir","Pinaceae","tree","balsamea",0.608,"sw2",-2.2304,2.4435,"AbiesBelow0.35spg","conifer","Conifer",0.33,-2.3123,2.3482,1.87856,0.79034,1.59937782399413,"Check",0.100385832096698,0.0927387327440067,NA
"Abies","ABBA","NEON.PLA.D05.TREE.03028","TREE_005","TREE","D05",2017-10-31,"Live, physically damaged","single bole tree","Mostly shaded",130,NA,2.7,16.1,NA,41,"Abies balsamea (L.) Mill.",4,292,"2017",12,"douglas","Abies balsamea (L.) Mill.","balsam fir","Pinaceae","tree","balsamea",0.608,"sw2",-2.2304,2.4435,"AbiesBelow0.35spg","conifer","Conifer",0.33,-2.3123,2.3482,1.87856,0.79034,NA,"Check",95.5495433124424,67.5537390014941,NA
"Abies","ABBA","NEON.PLA.D05.TREE.02306","TREE_015","TREE","D05",2018-05-08,"Live","small tree",NA,130,NA,NA,1.6,NA,NA,"Abies balsamea (L.) Mill.",NA,NA,"2018",12,"douglas","Abies balsamea (L.) Mill.","balsam fir","Pinaceae","tree","balsamea",0.608,"sw2",-2.2304,2.4435,"AbiesBelow0.35spg","conifer","Conifer",0.33,-2.3123,2.3482,1.87856,0.79034,NA,"Check",0.100481280546951,0.0928234695920753,NA
"Abies","ABBA","NEON.PLA.D05.TREE.00099","TREE_050","TREE","D05",2018-08-29,"Dead, broken bole","single bole tree",NA,130,NA,6.9,17.1,NA,39,"Abies balsamea (L.) Mill.",2.3,48.1,"2018",12,"douglas","Abies balsamea (L.) Mill.","balsam fir","Pinaceae","tree","balsamea",0.608,"sw2",-2.2304,2.4435,"AbiesBelow0.35spg","conifer","Conifer",0.33,-2.3123,2.3482,1.87856,0.79034,NA,"Check",110.707127745127,77.8219906964322,NA
"Abies","ABBA","NEON.PLA.D05.TREE.00728","TREE_052","TREE","D05",2016-09-29,"Live","small tree",NA,130,NA,4.9,5.1,NA,NA,"Abies balsamea (L.) Mill.",NA,NA,"2016",12,"douglas","Abies balsamea (L.) Mill.","balsam fir","Pinaceae","tree","balsamea",0.608,"sw2",-2.2304,2.4435,"AbiesBelow0.35spg","conifer","Conifer",0.33,-2.3123,2.3482,1.87856,0.79034,NA,"Check",1.70712651883997,1.41208078007819,NA
"Abies","ABBA","NEON.PLA.D05.TREE.00762","TREE_052","TREE","D05",2016-09-29,"Live","small tree",NA,130,NA,2.4,1.9,NA,NA,"Abies balsamea (L.) Mill.",NA,NA,"2016",12,"douglas","Abies balsamea (L.) Mill.","balsam fir","Pinaceae","tree","balsamea",0.608,"sw2",-2.2304,2.4435,"AbiesBelow0.35spg","conifer","Conifer",0.33,-2.3123,2.3482,1.87856,0.79034,NA,"Check",0.152915816304829,0.138967248938305,NA
"Abies","ABBA","NEON.PLA.D05.TREE.02929","TREE_001","TREE","D05",2019-10-07,"Live","small tree",NA,130,NA,1.8,1,NA,NA,"Abies balsamea (L.) Mill.",NA,NA,"2019",12,"douglas","Abies balsamea (L.) Mill.","balsam fir","Pinaceae","tree","balsamea",0.608,"sw2",-2.2304,2.4435,"AbiesBelow0.35spg","conifer","Conifer",0.33,-2.3123,2.3482,1.87856,0.79034,NA,"Check",0.0318652979425638,0.030785290376143,NA
"Abies","ABBA","NEON.PLA.D05.TREE.00729","TREE_052","TREE","D05",2016-09-29,"Live","small tree",NA,130,NA,4.8,5.2,NA,NA,"Abies balsamea (L.) Mill.",NA,NA,"2016",12,"douglas","Abies balsamea (L.) Mill.","balsam fir","Pinaceae","tree","balsamea",0.608,"sw2",-2.2304,2.4435,"AbiesBelow0.35spg","conifer","Conifer",0.33,-2.3123,2.3482,1.87856,0.79034,NA,"Check",1.79007881840947,1.47795872566067,NA
"Abies","ABBA","NEON.PLA.D05.TREE.00231","TREE_050","TREE","D05",2021-10-06,"Live","small tree","Mostly shaded",130,NA,6.5,5.3,NA,NA,"Abies balsamea (L.) Mill.",NA,NA,"2021",12,"douglas","Abies balsamea (L.) Mill.","balsam fir","Pinaceae","tree","balsamea",0.608,"sw2",-2.2304,2.4435,"AbiesBelow0.35spg","conifer","Conifer",0.33,-2.3123,2.3482,1.87856,0.79034,NA,"Check",1.87536614168729,1.54556705323716,NA
"Abies","ABBA","NEON.PLA.D05.TREE.02498","TREE_015","TREE","D05",2018-05-08,"Dead, broken bole","small tree",NA,130,NA,NA,3,NA,NA,"Abies balsamea (L.) Mill.",NA,NA,"2018",12,"douglas","Abies balsamea (L.) Mill.","balsam fir","Pinaceae","tree","balsamea",0.608,"sw2",-2.2304,2.4435,"AbiesBelow0.35spg","conifer","Conifer",0.33,-2.3123,2.3482,1.87856,0.79034,NA,"Check",0.46683538749886,0.40618079442985,NA
"Abies","ABBA","NEON.PLA.D05.TREE.00412","TREE_025","TREE","D05",2017-10-18,"Live","small tree",NA,130,NA,3.4,4.1,NA,NA,"Abies balsamea (L.) Mill.",NA,NA,"2017",12,"douglas","Abies balsamea (L.) Mill.","balsam fir","Pinaceae","tree","balsamea",0.608,"sw2",-2.2304,2.4435,"AbiesBelow0.35spg","conifer","Conifer",0.33,-2.3123,2.3482,1.87856,0.79034,NA,"Check",1.00151010922083,0.845828484771519,NA
"Abies","ABBA","NEON.PLA.D05.TREE.00824","TREE_025","TREE","D05",2015-08-04,"Live","sapling","Full shade",10,NA,0.8,1.1,NA,NA,"Abies balsamea (L.) Mill.",NA,NA,"2015",12,"douglas","Abies balsamea (L.) Mill.","balsam fir","Pinaceae","tree","balsamea",0.608,"sw2",-2.2304,2.4435,"AbiesBelow0.35spg","conifer","Conifer",0.33,-2.3123,2.3482,1.87856,0.79034,0.777869901180713,"Check",0.0172484136177736,0.017067542575296,NA
"Abies","ABBA","NEON.PLA.D05.TREE.00338","TREE_054","TREE","D05",2017-08-30,"Live","single bole tree",NA,130,NA,9.6,11.7,NA,21,"Abies balsamea (L.) Mill.",4.9,5.3,"2017",12,"douglas","Abies balsamea (L.) Mill.","balsam fir","Pinaceae","tree","balsamea",0.608,"sw2",-2.2304,2.4435,"AbiesBelow0.35spg","conifer","Conifer",0.33,-2.3123,2.3482,1.87856,0.79034,NA,"Check",43.7987524871117,31.9223540508798,NA
"Abies","ABBA","NEON.PLA.D05.TREE.03459","TREE_023","TREE","D05",2018-05-08,"Live","single bole tree","Full shade",130,NA,11.6,10.4,NA,33,"Abies balsamea (L.) Mill.",9.6,267.4,"2018",12,"douglas","Abies balsamea (L.) Mill.","balsam fir","Pinaceae","tree","balsamea",0.608,"sw2",-2.2304,2.4435,"AbiesBelow0.35spg","conifer","Conifer",0.33,-2.3123,2.3482,1.87856,0.79034,NA,"Check",32.845097253419,24.2090951208349,NA
"Abies","ABBA","NEON.PLA.D05.TREE.03172","TREE_057","TREE","D05",2017-10-17,"Live","single bole tree",NA,130,NA,8.7,11.1,NA,NA,"Abies balsamea (L.) Mill.",NA,NA,"2017",12,"douglas","Abies balsamea (L.) Mill.","balsam fir","Pinaceae","tree","balsamea",0.608,"sw2",-2.2304,2.4435,"AbiesBelow0.35spg","conifer","Conifer",0.33,-2.3123,2.3482,1.87856,0.79034,NA,"Check",38.5120189145966,28.2103379109698,NA
"Abies","ABBA","NEON.PLA.D05.TREE.00559","TREE_042","TREE","D05",2017-09-25,"Live","single bole tree",NA,130,NA,12.2,14.3,NA,41,"Abies balsamea (L.) Mill.",8.6,85,"2017",12,"douglas","Abies balsamea (L.) Mill.","balsam fir","Pinaceae","tree","balsamea",0.608,"sw2",-2.2304,2.4435,"AbiesBelow0.35spg","conifer","Conifer",0.33,-2.3123,2.3482,1.87856,0.79034,NA,"Check",71.5176433435338,51.1376719323461,NA
"Abies","ABBA","NEON.PLA.D05.TREE.00700","TREE_051","TREE","D05",2016-09-28,"Live","single bole tree",NA,130,NA,16.8,18.9,NA,39,"Abies balsamea (L.) Mill.",10,35.5,"2016",12,"douglas","Abies balsamea (L.) Mill.","balsam fir","Pinaceae","tree","balsamea",0.608,"sw2",-2.2304,2.4435,"AbiesBelow0.35spg","conifer","Conifer",0.33,-2.3123,2.3482,1.87856,0.79034,NA,"Check",141.378707202375,98.4392912219098,NA
"Abies","ABBA","NEON.PLA.D05.TREE.01302","TREE_039","TREE","D05",2020-10-01,"Live","small tree","Mostly shaded",130,NA,8.7,7.8,NA,NA,"Abies balsamea (L.) Mill.",NA,NA,"2020",12,"douglas","Abies balsamea (L.) Mill.","balsam fir","Pinaceae","tree","balsamea",0.608,"sw2",-2.2304,2.4435,"AbiesBelow0.35spg","conifer","Conifer",0.33,-2.3123,2.3482,1.87856,0.79034,NA,"Check",4.82115556534735,3.82965631121552,NA
"Abies","ABBA","NEON.PLA.D05.TREE.01001","TREE_044","TREE","D05",2016-10-19,"Live","single bole tree",NA,130,NA,12.5,18.2,NA,43,"Abies balsamea (L.) Mill.",12,317.5,"2016",12,"douglas","Abies balsamea (L.) Mill.","balsam fir","Pinaceae","tree","balsamea",0.608,"sw2",-2.2304,2.4435,"AbiesBelow0.35spg","conifer","Conifer",0.33,-2.3123,2.3482,1.87856,0.79034,NA,"Check",128.924074992767,90.0908123057114,NA
"Abies","ABBA","NEON.PLA.D05.TREE.00478","TREE_025","TREE","D05",2018-10-17,"Standing dead","small tree",NA,130,NA,5,5.5,NA,NA,"Abies balsamea (L.) Mill.",NA,NA,"2018",12,"douglas","Abies balsamea (L.) Mill.","balsam fir","Pinaceae","tree","balsamea",0.608,"sw2",-2.2304,2.4435,"AbiesBelow0.35spg","conifer","Conifer",0.33,-2.3123,2.3482,1.87856,0.79034,NA,"Check",2.05302489326714,1.68602077559612,NA
"Abies","ABBA","NEON.PLA.D05.TREE.01003","TREE_047","TREE","D05",2017-10-16,"Live","small tree",NA,130,NA,6.2,9,NA,NA,"Abies balsamea (L.) Mill.",NA,NA,"2017",12,"douglas","Abies balsamea (L.) Mill.","balsam fir","Pinaceae","tree","balsamea",0.608,"sw2",-2.2304,2.4435,"AbiesBelow0.35spg","conifer","Conifer",0.33,-2.3123,2.3482,1.87856,0.79034,NA,"Check",6.83926694845384,5.35914509000433,NA
"Abies","ABBA","NEON.PLA.D05.TREE.01069","TREE_039","TREE","D05",2021-09-30,"Live","small tree","Partially shaded",130,NA,10.9,9.7,NA,59,"Abies balsamea (L.) Mill.",9.2,105.6,"2021",12,"douglas","Abies balsamea (L.) Mill.","balsam fir","Pinaceae","tree","balsamea",0.608,"sw2",-2.2304,2.4435,"AbiesBelow0.35spg","conifer","Conifer",0.33,-2.3123,2.3482,1.87856,0.79034,NA,"Check",8.21286560665146,6.38970253766729,NA
"Abies","ABBA","NEON.PLA.D05.TREE.00030","TREE_054","TREE","D05",2021-09-20,"Live","single bole tree","Mostly shaded",130,NA,9,11.1,NA,21,"Abies balsamea (L.) Mill.",6.5,36.9,"2021",12,"douglas","Abies balsamea (L.) Mill.","balsam fir","Pinaceae","tree","balsamea",0.608,"sw2",-2.2304,2.4435,"AbiesBelow0.35spg","conifer","Conifer",0.33,-2.3123,2.3482,1.87856,0.79034,NA,"Check",38.5120189145966,28.2103379109698,NA
"Abies","ABBA","NEON.PLA.D05.TREE.01069","TREE_039","TREE","D05",2019-10-23,"Live","single bole tree",NA,130,NA,10,10.5,NA,59,"Abies balsamea (L.) Mill.",9.2,105.6,"2019",12,"douglas","Abies balsamea (L.) Mill.","balsam fir","Pinaceae","tree","balsamea",0.608,"sw2",-2.2304,2.4435,"AbiesBelow0.35spg","conifer","Conifer",0.33,-2.3123,2.3482,1.87856,0.79034,NA,"Check",33.6221622691773,24.759255504112,NA
"Abies","ABBA","NEON.PLA.D05.TREE.00227","TREE_050","TREE","D05",2018-08-29,"Live","small tree",NA,130,NA,7.8,7.3,NA,NA,"Abies balsamea (L.) Mill.",NA,NA,"2018",12,"douglas","Abies balsamea (L.) Mill.","balsam fir","Pinaceae","tree","balsamea",0.608,"sw2",-2.2304,2.4435,"AbiesBelow0.35spg","conifer","Conifer",0.33,-2.3123,2.3482,1.87856,0.79034,NA,"Check",4.10059985705231,3.27791731592345,NA
"Abies","ABBA","NEON.PLA.D05.TREE.03498","TREE_054","TREE","D05",2021-09-20,"Standing dead","small tree","Full shade",130,NA,3.5,3.6,NA,NA,"Abies balsamea (L.) Mill.",NA,NA,"2021",12,"douglas","Abies balsamea (L.) Mill.","balsam fir","Pinaceae","tree","balsamea",0.608,"sw2",-2.2304,2.4435,"AbiesBelow0.35spg","conifer","Conifer",0.33,-2.3123,2.3482,1.87856,0.79034,NA,"Check",0.72885836778549,0.623236366068985,NA
"Abies","ABBA","NEON.PLA.D05.TREE.00227","TREE_050","TREE","D05",2016-09-29,"Live","small tree",NA,130,NA,6.7,7.7,NA,NA,"Abies balsamea (L.) Mill.",NA,NA,"2016",12,"douglas","Abies balsamea (L.) Mill.","balsam fir","Pinaceae","tree","balsamea",0.608,"sw2",-2.2304,2.4435,"AbiesBelow0.35spg","conifer","Conifer",0.33,-2.3123,2.3482,1.87856,0.79034,NA,"Check",4.67151847212447,3.71535892269087,NA
"Abies","ABBA","NEON.PLA.D05.TREE.00275","TREE_056","TREE","D05",2018-10-09,"Live","single bole tree",NA,130,NA,12.8,16.4,NA,43,"Abies balsamea (L.) Mill.",8.6,335.5,"2018",12,"douglas","Abies balsamea (L.) Mill.","balsam fir","Pinaceae","tree","balsamea",0.608,"sw2",-2.2304,2.4435,"AbiesBelow0.35spg","conifer","Conifer",0.33,-2.3123,2.3482,1.87856,0.79034,NA,"Check",99.9586841043064,70.5467796176384,NA
"Abies","ABBA","NEON.PLA.D05.TREE.01377","TREE_039","TREE","D05",2019-10-23,"Live","small tree",NA,130,NA,7.3,9.1,NA,NA,"Abies balsamea (L.) Mill.",NA,NA,"2019",12,"douglas","Abies balsamea (L.) Mill.","balsam fir","Pinaceae","tree","balsamea",0.608,"sw2",-2.2304,2.4435,"AbiesBelow0.35spg","conifer","Conifer",0.33,-2.3123,2.3482,1.87856,0.79034,NA,"Check",7.02644458766406,5.50001978531166,NA
"Abies","ABBA","NEON.PLA.D05.TREE.00276","TREE_050","TREE","D05",2017-08-30,"Live","small tree",NA,130,NA,5.6,5.1,NA,NA,"Abies balsamea (L.) Mill.",NA,NA,"2017",12,"douglas","Abies balsamea (L.) Mill.","balsam fir","Pinaceae","tree","balsamea",0.608,"sw2",-2.2304,2.4435,"AbiesBelow0.35spg","conifer","Conifer",0.33,-2.3123,2.3482,1.87856,0.79034,NA,"Check",1.70712651883997,1.41208078007819,NA
"Abies","ABBA","NEON.PLA.D05.TREE.00770","TREE_052","TREE","D05",2018-08-29,"Live","small tree",NA,130,NA,5.1,4.8,NA,NA,"Abies balsamea (L.) Mill.",NA,NA,"2018",12,"douglas","Abies balsamea (L.) Mill.","balsam fir","Pinaceae","tree","balsamea",0.608,"sw2",-2.2304,2.4435,"AbiesBelow0.35spg","conifer","Conifer",0.33,-2.3123,2.3482,1.87856,0.79034,NA,"Check",1.47207842289968,1.22471187245523,NA
"Abies","ABBA","NEON.PLA.D05.TREE.02467","TREE_023","TREE","D05",2019-11-04,"Live, physically damaged","small tree",NA,130,NA,2.7,2.9,NA,NA,"Abies balsamea (L.) Mill.",NA,NA,"2019",12,"douglas","Abies balsamea (L.) Mill.","balsam fir","Pinaceae","tree","balsamea",0.608,"sw2",-2.2304,2.4435,"AbiesBelow0.35spg","conifer","Conifer",0.33,-2.3123,2.3482,1.87856,0.79034,NA,"Check",0.429721904057558,0.37509928214444,NA
"Abies","ABBA","NEON.PLA.D05.TREE.01495","TREE_041","TREE","D05",2017-10-16,"Live","small tree",NA,10,NA,1.8,2.6,NA,NA,"Abies balsamea (L.) Mill.",NA,NA,"2017",12,"douglas","Abies balsamea (L.) Mill.","balsam fir","Pinaceae","tree","balsamea",0.608,"sw2",-2.2304,2.4435,"AbiesBelow0.35spg","conifer","Conifer",0.33,-2.3123,2.3482,1.87856,0.79034,1.9028179267866,"Check",0.153470576886941,0.13945170868852,NA
"Abies","ABBA","NEON.PLA.D05.TREE.01305","TREE_045","TREE","D05",2015-08-11,"Live","small tree","Mostly shaded",130,NA,2.4,2.4,NA,NA,"Abies balsamea (L.) Mill.",NA,NA,"2015",12,"douglas","Abies balsamea (L.) Mill.","balsam fir","Pinaceae","tree","balsamea",0.608,"sw2",-2.2304,2.4435,"AbiesBelow0.35spg","conifer","Conifer",0.33,-2.3123,2.3482,1.87856,0.79034,NA,"Check",0.27062265635465,0.240522268978321,NA
"Abies","ABBA","NEON.PLA.D05.TREE.01062","TREE_039","TREE","D05",2016-10-18,"Live","small tree",NA,130,NA,8.8,5.9,NA,NA,"Abies balsamea (L.) Mill.",NA,NA,"2016",12,"douglas","Abies balsamea (L.) Mill.","balsam fir","Pinaceae","tree","balsamea",0.608,"sw2",-2.2304,2.4435,"AbiesBelow0.35spg","conifer","Conifer",0.33,-2.3123,2.3482,1.87856,0.79034,NA,"Check",2.43722078928756,1.98819028834665,NA
"Abies","ABBA","NEON.PLA.D05.TREE.02671","TREE_012","TREE","D05",2019-10-17,"Dead, broken bole","single bole tree","Partially shaded",130,NA,4,14.1,NA,31,"Abies balsamea (L.) Mill.",2.2,11.6,"2019",12,"douglas","Abies balsamea (L.) Mill.","balsam fir","Pinaceae","tree","balsamea",0.608,"sw2",-2.2304,2.4435,"AbiesBelow0.35spg","conifer","Conifer",0.33,-2.3123,2.3482,1.87856,0.79034,NA,"Check",69.0981610409131,49.4740188081104,NA
"Abies","ABBA","NEON.PLA.D05.TREE.00267","TREE_054","TREE","D05",2015-07-30,"Live","sapling","Full shade",10,NA,0.8,1.1,NA,NA,"Abies balsamea (L.) Mill.",NA,NA,"2015",12,"douglas","Abies balsamea (L.) Mill.","balsam fir","Pinaceae","tree","balsamea",0.608,"sw2",-2.2304,2.4435,"AbiesBelow0.35spg","conifer","Conifer",0.33,-2.3123,2.3482,1.87856,0.79034,0.777869901180713,"Check",0.0172484136177736,0.017067542575296,NA
"Abies","ABBA","NEON.PLA.D05.TREE.00099","TREE_050","TREE","D05",2021-10-06,"Dead, broken bole","single bole tree","Mostly shaded",130,NA,6.3,17.1,NA,39,"Abies balsamea (L.) Mill.",2.3,48.1,"2021",12,"douglas","Abies balsamea (L.) Mill.","balsam fir","Pinaceae","tree","balsamea",0.608,"sw2",-2.2304,2.4435,"AbiesBelow0.35spg","conifer","Conifer",0.33,-2.3123,2.3482,1.87856,0.79034,NA,"Check",110.707127745127,77.8219906964322,NA
"Abies","ABBA","NEON.PLA.D05.TREE.00017","TREE_050","TREE","D05",2016-09-29,"Live","small tree",NA,130,NA,6.3,6,NA,NA,"Abies balsamea (L.) Mill.",NA,NA,"2016",12,"douglas","Abies balsamea (L.) Mill.","balsam fir","Pinaceae","tree","balsamea",0.608,"sw2",-2.2304,2.4435,"AbiesBelow0.35spg","conifer","Conifer",0.33,-2.3123,2.3482,1.87856,0.79034,NA,"Check",2.53939677571742,2.06822612897591,NA
"Abies","ABBA","NEON.PLA.D05.TREE.01174","TREE_039","TREE","D05",2021-09-30,"Dead, broken bole","small tree","Full shade",130,NA,2.9,9.6,NA,61,"Abies balsamea (L.) Mill.",2,218.7,"2021",12,"douglas","Abies balsamea (L.) Mill.","balsam fir","Pinaceae","tree","balsamea",0.608,"sw2",-2.2304,2.4435,"AbiesBelow0.35spg","conifer","Conifer",0.33,-2.3123,2.3482,1.87856,0.79034,NA,"Check",8.00751464181528,6.23609271983042,NA
"Abies","ABBA","NEON.PLA.D05.TREE.03785","TREE_002","TREE","D05",2018-05-07,"Live","small tree",NA,130,NA,5.1,6.1,NA,NA,"Abies balsamea (L.) Mill.",NA,NA,"2018",12,"douglas","Abies balsamea (L.) Mill.","balsam fir","Pinaceae","tree","balsamea",0.608,"sw2",-2.2304,2.4435,"AbiesBelow0.35spg","conifer","Conifer",0.33,-2.3123,2.3482,1.87856,0.79034,NA,"Check",2.6440607869953,2.15008075996871,NA
"Abies","ABBA","NEON.PLA.D05.TREE.02899","TREE_001","TREE","D05",2019-10-07,"Live","small tree",NA,130,NA,2.5,2.5,NA,NA,"Abies balsamea (L.) Mill.",NA,NA,"2019",12,"douglas","Abies balsamea (L.) Mill.","balsam fir","Pinaceae","tree","balsamea",0.608,"sw2",-2.2304,2.4435,"AbiesBelow0.35spg","conifer","Conifer",0.33,-2.3123,2.3482,1.87856,0.79034,NA,"Check",0.299009092374654,0.264719529773721,NA
"Abies","ABBA","NEON.PLA.D05.TREE.02899","TREE_001","TREE","D05",2017-10-25,"Live","small tree",NA,130,NA,3.5,2.3,NA,NA,"Abies balsamea (L.) Mill.",NA,NA,"2017",12,"douglas","Abies balsamea (L.) Mill.","balsam fir","Pinaceae","tree","balsamea",0.608,"sw2",-2.2304,2.4435,"AbiesBelow0.35spg","conifer","Conifer",0.33,-2.3123,2.3482,1.87856,0.79034,NA,"Check",0.243893345411884,0.217646936638539,NA
"Abies","ABBA","NEON.PLA.D05.TREE.02900","TREE_001","TREE","D05",2017-10-25,"Live","small tree",NA,130,NA,3.5,3.7,NA,NA,"Abies balsamea (L.) Mill.",NA,NA,"2017",12,"douglas","Abies balsamea (L.) Mill.","balsam fir","Pinaceae","tree","balsamea",0.608,"sw2",-2.2304,2.4435,"AbiesBelow0.35spg","conifer","Conifer",0.33,-2.3123,2.3482,1.87856,0.79034,NA,"Check",0.779325516912421,0.664652347214408,NA
"Abies","ABBA","NEON.PLA.D05.TREE.01204","TREE_045","TREE","D05",2017-10-19,"Live","small tree",NA,130,NA,3.5,4,NA,NA,"Abies balsamea (L.) Mill.",NA,NA,"2017",12,"douglas","Abies balsamea (L.) Mill.","balsam fir","Pinaceae","tree","balsamea",0.608,"sw2",-2.2304,2.4435,"AbiesBelow0.35spg","conifer","Conifer",0.33,-2.3123,2.3482,1.87856,0.79034,NA,"Check",0.942869467316505,0.798179420175993,NA
"Abies","ABBA","NEON.PLA.D05.TREE.00011","TREE_056","TREE","D05",2016-09-28,"Live","small tree",NA,130,NA,4.8,10.5,NA,NA,"Abies balsamea (L.) Mill.",NA,NA,"2016",12,"douglas","Abies balsamea (L.) Mill.","balsam fir","Pinaceae","tree","balsamea",0.608,"sw2",-2.2304,2.4435,"AbiesBelow0.35spg","conifer","Conifer",0.33,-2.3123,2.3482,1.87856,0.79034,NA,"Check",33.6221622691773,24.759255504112,NA
"Abies","ABBA","NEON.PLA.D05.TREE.00011","TREE_056","TREE","D05",2018-10-09,"Live","small tree",NA,130,NA,5.8,7.3,NA,NA,"Abies balsamea (L.) Mill.",NA,NA,"2018",12,"douglas","Abies balsamea (L.) Mill.","balsam fir","Pinaceae","tree","balsamea",0.608,"sw2",-2.2304,2.4435,"AbiesBelow0.35spg","conifer","Conifer",0.33,-2.3123,2.3482,1.87856,0.79034,NA,"Check",4.10059985705231,3.27791731592345,NA
"Abies","ABBA","NEON.PLA.D05.TREE.03460","TREE_023","TREE","D05",2019-11-04,"Live, physically damaged","single bole tree","Partially shaded",130,NA,5.6,11.9,NA,41,"Abies balsamea (L.) Mill.",8.2,191.4,"2019",12,"douglas","Abies balsamea (L.) Mill.","balsam fir","Pinaceae","tree","balsamea",0.608,"sw2",-2.2304,2.4435,"AbiesBelow0.35spg","conifer","Conifer",0.33,-2.3123,2.3482,1.87856,0.79034,NA,"Check",45.6508205043179,33.2185173238559,NA
"Abies","ABBA","NEON.PLA.D05.TREE.02295","TREE_019","TREE","D05",2019-10-30,"Live","small tree",NA,130,NA,2.6,3.1,NA,NA,"Abies balsamea (L.) Mill.",NA,NA,"2019",12,"douglas","Abies balsamea (L.) Mill.","balsam fir","Pinaceae","tree","balsamea",0.608,"sw2",-2.2304,2.4435,"AbiesBelow0.35spg","conifer","Conifer",0.33,-2.3123,2.3482,1.87856,0.79034,NA,"Check",0.505778404857727,0.438691059709943,NA
"Abies","ABBA","NEON.PLA.D05.TREE.03639","TREE_004","TREE","D05",2019-10-08,"Dead, broken bole","single bole tree","Full sun",130,NA,7.5,23.2,NA,49,"Abies balsamea (L.) Mill.",8.1,126.3,"2019",12,"douglas","Abies balsamea (L.) Mill.","balsam fir","Pinaceae","tree","balsamea",0.608,"sw2",-2.2304,2.4435,"AbiesBelow0.35spg","conifer","Conifer",0.33,-2.3123,2.3482,1.87856,0.79034,NA,"Check",233.302546228699,159.301459809938,NA
"Abies","ABBA","NEON.PLA.D05.TREE.02215","TREE_015","TREE","D05",2019-10-24,"Live","single bole tree","Partially shaded",130,NA,12.8,15.6,NA,NA,"Abies balsamea (L.) Mill.",NA,NA,"2019",12,"douglas","Abies balsamea (L.) Mill.","balsam fir","Pinaceae","tree","balsamea",0.608,"sw2",-2.2304,2.4435,"AbiesBelow0.35spg","conifer","Conifer",0.33,-2.3123,2.3482,1.87856,0.79034,NA,"Check",88.4605313403995,62.7301103262393,NA
"Abies","ABBA","NEON.PLA.D05.TREE.03497","TREE_054","TREE","D05",2021-09-20,"Live","single bole tree","Partially shaded",130,NA,11.4,11.8,NA,NA,"Abies balsamea (L.) Mill.",NA,NA,"2021",12,"douglas","Abies balsamea (L.) Mill.","balsam fir","Pinaceae","tree","balsamea",0.608,"sw2",-2.2304,2.4435,"AbiesBelow0.35spg","conifer","Conifer",0.33,-2.3123,2.3482,1.87856,0.79034,NA,"Check",44.719122436928,32.5667334095466,NA
"Abies","ABBA","NEON.PLA.D05.TREE.03497","TREE_054","TREE","D05",2018-10-09,"Live","single bole tree",NA,130,NA,11,11.2,NA,NA,"Abies balsamea (L.) Mill.",NA,NA,"2018",12,"douglas","Abies balsamea (L.) Mill.","balsam fir","Pinaceae","tree","balsamea",0.608,"sw2",-2.2304,2.4435,"AbiesBelow0.35spg","conifer","Conifer",0.33,-2.3123,2.3482,1.87856,0.79034,NA,"Check",39.3653236069096,28.8107544028986,NA
"Abies","ABBA","NEON.PLA.D05.TREE.01151","TREE_039","TREE","D05",2015-08-11,"Live","small tree","Mostly shaded",130,NA,2.6,3.3,NA,NA,"Abies balsamea (L.) Mill.",NA,NA,"2015",12,"douglas","Abies balsamea (L.) Mill.","balsam fir","Pinaceae","tree","balsamea",0.608,"sw2",-2.2304,2.4435,"AbiesBelow0.35spg","conifer","Conifer",0.33,-2.3123,2.3482,1.87856,0.79034,NA,"Check",0.589259775013663,0.508063139991196,NA
"Abies","ABBA","NEON.PLA.D05.TREE.03251","TREE_009","TREE","D05",2019-10-16,"Live","small tree",NA,130,NA,3.4,4,NA,NA,"Abies balsamea (L.) Mill.",NA,NA,"2019",12,"douglas","Abies balsamea (L.) Mill.","balsam fir","Pinaceae","tree","balsamea",0.608,"sw2",-2.2304,2.4435,"AbiesBelow0.35spg","conifer","Conifer",0.33,-2.3123,2.3482,1.87856,0.79034,NA,"Check",0.942869467316505,0.798179420175993,NA
"Abies","ABBA","NEON.PLA.D05.TREE.00725","TREE_057","TREE","D05",2015-08-04,"Live, disease damaged","sapling","Full shade",10,NA,1.1,2,NA,NA,"Abies balsamea (L.) Mill.",NA,NA,"2015",12,"douglas","Abies balsamea (L.) Mill.","balsam fir","Pinaceae","tree","balsamea",0.608,"sw2",-2.2304,2.4435,"AbiesBelow0.35spg","conifer","Conifer",0.33,-2.3123,2.3482,1.87856,0.79034,1.44845965449022,"Check",0.0787939330018576,0.0734824570498855,NA
"Abies","ABBA","NEON.PLA.D05.TREE.00237","TREE_050","TREE","D05",2017-08-30,"Live","single bole tree",NA,130,NA,8.5,21,NA,61,"Abies balsamea (L.) Mill.",2.4,254.5,"2017",12,"douglas","Abies balsamea (L.) Mill.","balsam fir","Pinaceae","tree","balsamea",0.608,"sw2",-2.2304,2.4435,"AbiesBelow0.35spg","conifer","Conifer",0.33,-2.3123,2.3482,1.87856,0.79034,NA,"Check",182.891041993266,126.071296008652,NA
"Abies","ABBA","NEON.PLA.D05.TREE.01341","TREE_045","TREE","D05",2015-08-11,"Live","sapling","Full shade",10,NA,1,1.6,NA,NA,"Abies balsamea (L.) Mill.",NA,NA,"2015",12,"douglas","Abies balsamea (L.) Mill.","balsam fir","Pinaceae","tree","balsamea",0.608,"sw2",-2.2304,2.4435,"AbiesBelow0.35spg","conifer","Conifer",0.33,-2.3123,2.3482,1.87856,0.79034,1.14849394850273,"Check",0.0446933068634579,0.0426125470740908,NA
"Abies","ABBA","NEON.PLA.D05.TREE.03645","TREE_004","TREE","D05",2018-05-01,"Live","single bole tree","Partially shaded",130,NA,11.8,16.8,NA,51,"Abies balsamea (L.) Mill.",6.7,241.7,"2018",12,"douglas","Abies balsamea (L.) Mill.","balsam fir","Pinaceae","tree","balsamea",0.608,"sw2",-2.2304,2.4435,"AbiesBelow0.35spg","conifer","Conifer",0.33,-2.3123,2.3482,1.87856,0.79034,NA,"Check",106.021224896556,74.6538353976152,NA
"Abies","ABBA","NEON.PLA.D05.TREE.01305","TREE_045","TREE","D05",2016-10-18,"Live","small tree",NA,130,NA,2.7,2.9,NA,NA,"Abies balsamea (L.) Mill.",NA,NA,"2016",12,"douglas","Abies balsamea (L.) Mill.","balsam fir","Pinaceae","tree","balsamea",0.608,"sw2",-2.2304,2.4435,"AbiesBelow0.35spg","conifer","Conifer",0.33,-2.3123,2.3482,1.87856,0.79034,NA,"Check",0.429721904057558,0.37509928214444,NA
"Abies","ABBA","NEON.PLA.D05.TREE.01679","TREE_054","TREE","D05",2021-09-20,"Live","single bole tree","Mostly shaded",130,NA,9.1,10.4,NA,39,"Abies balsamea (L.) Mill.",12.4,125,"2021",12,"douglas","Abies balsamea (L.) Mill.","balsam fir","Pinaceae","tree","balsamea",0.608,"sw2",-2.2304,2.4435,"AbiesBelow0.35spg","conifer","Conifer",0.33,-2.3123,2.3482,1.87856,0.79034,NA,"Check",32.845097253419,24.2090951208349,NA
"Abies","ABBA","NEON.PLA.D05.TREE.02305","TREE_015","TREE","D05",2019-10-24,"Live","small tree",NA,130,NA,3.2,3.7,NA,NA,"Abies balsamea (L.) Mill.",NA,NA,"2019",12,"douglas","Abies balsamea (L.) Mill.","balsam fir","Pinaceae","tree","balsamea",0.608,"sw2",-2.2304,2.4435,"AbiesBelow0.35spg","conifer","Conifer",0.33,-2.3123,2.3482,1.87856,0.79034,NA,"Check",0.779325516912421,0.664652347214408,NA
"Abies","ABBA","NEON.PLA.D05.TREE.01395","TREE_045","TREE","D05",2015-08-11,"Live","sapling","Full shade",10,NA,0.8,1.4,NA,NA,"Abies balsamea (L.) Mill.",NA,NA,"2015",12,"douglas","Abies balsamea (L.) Mill.","balsam fir","Pinaceae","tree","balsamea",0.608,"sw2",-2.2304,2.4435,"AbiesBelow0.35spg","conifer","Conifer",0.33,-2.3123,2.3482,1.87856,0.79034,0.999590927277837,"Check",0.031833455775851,0.0307557266555746,NA
"Abies","ABBA","NEON.PLA.D05.TREE.00268","TREE_054","TREE","D05",2022-09-07,"Live","single bole tree","Full shade",130,NA,10.2,11.6,NA,41,"Abies balsamea (L.) Mill.",4,226.5,"2022",12,"douglas","Abies balsamea (L.) Mill.","balsam fir","Pinaceae","tree","balsamea",0.608,"sw2",-2.2304,2.4435,"AbiesBelow0.35spg","conifer","Conifer",0.33,-2.3123,2.3482,1.87856,0.79034,NA,"Check",42.8896679772996,31.2853573373404,NA
"Abies","ABBA","NEON.PLA.D05.TREE.00017","TREE_050","TREE","D05",2021-10-06,"Live","small tree","Mostly shaded",130,NA,7,6,NA,NA,"Abies balsamea (L.) Mill.",NA,NA,"2021",12,"douglas","Abies balsamea (L.) Mill.","balsam fir","Pinaceae","tree","balsamea",0.608,"sw2",-2.2304,2.4435,"AbiesBelow0.35spg","conifer","Conifer",0.33,-2.3123,2.3482,1.87856,0.79034,NA,"Check",2.53939677571742,2.06822612897591,NA
"Abies","ABBA","NEON.PLA.D05.TREE.00526","TREE_042","TREE","D05",2017-09-25,"Live","small tree",NA,130,NA,6.1,9.4,NA,NA,"Abies balsamea (L.) Mill.",NA,NA,"2017",12,"douglas","Abies balsamea (L.) Mill.","balsam fir","Pinaceae","tree","balsamea",0.608,"sw2",-2.2304,2.4435,"AbiesBelow0.35spg","conifer","Conifer",0.33,-2.3123,2.3482,1.87856,0.79034,NA,"Check",7.60599251669768,5.93529186687449,NA
"Abies","ABBA","NEON.PLA.D05.TREE.03785","TREE_002","TREE","D05",2019-10-08,"Live","small tree",NA,130,NA,5.9,6.1,NA,NA,"Abies balsamea (L.) Mill.",NA,NA,"2019",12,"douglas","Abies balsamea (L.) Mill.","balsam fir","Pinaceae","tree","balsamea",0.608,"sw2",-2.2304,2.4435,"AbiesBelow0.35spg","conifer","Conifer",0.33,-2.3123,2.3482,1.87856,0.79034,NA,"Check",2.6440607869953,2.15008075996871,NA
"Abies","ABBA","NEON.PLA.D05.TREE.00526","TREE_042","TREE","D05",2021-10-04,"Live","small tree","Full shade",130,NA,6.4,9.7,NA,NA,"Abies balsamea (L.) Mill.",NA,NA,"2021",12,"douglas","Abies balsamea (L.) Mill.","balsam fir","Pinaceae","tree","balsamea",0.608,"sw2",-2.2304,2.4435,"AbiesBelow0.35spg","conifer","Conifer",0.33,-2.3123,2.3482,1.87856,0.79034,NA,"Check",8.21286560665146,6.38970253766729,NA
"Abies","ABBA","NEON.PLA.D05.TREE.03788","TREE_005","TREE","D05",2019-10-16,"Standing dead","small tree",NA,130,NA,3.1,3.5,NA,NA,"Abies balsamea (L.) Mill.",NA,NA,"2019",12,"douglas","Abies balsamea (L.) Mill.","balsam fir","Pinaceae","tree","balsamea",0.608,"sw2",-2.2304,2.4435,"AbiesBelow0.35spg","conifer","Conifer",0.33,-2.3123,2.3482,1.87856,0.79034,NA,"Check",0.680374847349505,0.583342792207044,NA
"Abies","ABBA","NEON.PLA.D05.TREE.00815","TREE_052","TREE","D05",2016-09-29,"Live","single bole tree",NA,130,NA,11,11.9,NA,21,"Abies balsamea (L.) Mill.",4.4,27.7,"2016",12,"douglas","Abies balsamea (L.) Mill.","balsam fir","Pinaceae","tree","balsamea",0.608,"sw2",-2.2304,2.4435,"AbiesBelow0.35spg","conifer","Conifer",0.33,-2.3123,2.3482,1.87856,0.79034,NA,"Check",45.6508205043179,33.2185173238559,NA
"Abies","ABBA","NEON.PLA.D05.TREE.00797","TREE_052","TREE","D05",2018-08-29,"Live","small tree",NA,130,NA,5.8,5.2,NA,NA,"Abies balsamea (L.) Mill.",NA,NA,"2018",12,"douglas","Abies balsamea (L.) Mill.","balsam fir","Pinaceae","tree","balsamea",0.608,"sw2",-2.2304,2.4435,"AbiesBelow0.35spg","conifer","Conifer",0.33,-2.3123,2.3482,1.87856,0.79034,NA,"Check",1.79007881840947,1.47795872566067,NA
"Abies","ABBA","NEON.PLA.D05.TREE.01001","TREE_044","TREE","D05",2015-08-05,"Live","single bole tree","Full sun",130,NA,6.7,17.5,NA,43,"Abies balsamea (L.) Mill.",12,317.5,"2015",12,"douglas","Abies balsamea (L.) Mill.","balsam fir","Pinaceae","tree","balsamea",0.608,"sw2",-2.2304,2.4435,"AbiesBelow0.35spg","conifer","Conifer",0.33,-2.3123,2.3482,1.87856,0.79034,NA,"Check",117.142114617425,82.1642348802333,NA
"Abies","ABBA","NEON.PLA.D05.TREE.00011","TREE_044","TREE","D05",2015-08-05,"Standing dead","small tree","Mostly shaded",130,NA,10.1,2,NA,NA,"Abies balsamea (L.) Mill.",NA,NA,"2015",12,"douglas","Abies balsamea (L.) Mill.","balsam fir","Pinaceae","tree","balsamea",0.608,"sw2",-2.2304,2.4435,"AbiesBelow0.35spg","conifer","Conifer",0.33,-2.3123,2.3482,1.87856,0.79034,NA,"Check",0.173334406558499,0.156755176062481,NA
"Abies","ABBA","NEON.PLA.D05.TREE.00102","TREE_054","TREE","D05",2018-10-09,"Live","small tree",NA,130,NA,1.7,2.1,NA,NA,"Abies balsamea (L.) Mill.",NA,NA,"2018",12,"douglas","Abies balsamea (L.) Mill.","balsam fir","Pinaceae","tree","balsamea",0.608,"sw2",-2.2304,2.4435,"AbiesBelow0.35spg","conifer","Conifer",0.33,-2.3123,2.3482,1.87856,0.79034,NA,"Check",0.19528137763401,0.175783700289906,NA
"Abies","ABBA","NEON.PLA.D05.TREE.00757","TREE_052","TREE","D05",2015-08-03,"Live","small tree","Mostly shaded",130,NA,5.5,5.2,NA,NA,"Abies balsamea (L.) Mill.",NA,NA,"2015",12,"douglas","Abies balsamea (L.) Mill.","balsam fir","Pinaceae","tree","balsamea",0.608,"sw2",-2.2304,2.4435,"AbiesBelow0.35spg","conifer","Conifer",0.33,-2.3123,2.3482,1.87856,0.79034,NA,"Check",1.79007881840947,1.47795872566067,NA
"Abies","ABBA","NEON.PLA.D05.TREE.00894","TREE_057","TREE","D05",2018-10-16,"Live","small tree",NA,130,NA,2.2,1.5,NA,NA,"Abies balsamea (L.) Mill.",NA,NA,"2018",12,"douglas","Abies balsamea (L.) Mill.","balsam fir","Pinaceae","tree","balsamea",0.608,"sw2",-2.2304,2.4435,"AbiesBelow0.35spg","conifer","Conifer",0.33,-2.3123,2.3482,1.87856,0.79034,NA,"Check",0.0858216727315645,0.0797702124793076,NA
"Abies","ABBA","NEON.PLA.D05.TREE.00303","TREE_054","TREE","D05",2017-08-30,"Live","single bole tree",NA,130,NA,12.6,20.4,NA,23,"Abies balsamea (L.) Mill.",11,296,"2017",12,"douglas","Abies balsamea (L.) Mill.","balsam fir","Pinaceae","tree","balsamea",0.608,"sw2",-2.2304,2.4435,"AbiesBelow0.35spg","conifer","Conifer",0.33,-2.3123,2.3482,1.87856,0.79034,NA,"Check",170.384820733929,117.775356810534,NA
"Abies","ABBA","NEON.PLA.D05.TREE.01069","TREE_039","TREE","D05",2020-10-01,"Live","small tree","Mostly shaded",130,NA,10.4,9.6,NA,59,"Abies balsamea (L.) Mill.",9.2,105.6,"2020",12,"douglas","Abies balsamea (L.) Mill.","balsam fir","Pinaceae","tree","balsamea",0.608,"sw2",-2.2304,2.4435,"AbiesBelow0.35spg","conifer","Conifer",0.33,-2.3123,2.3482,1.87856,0.79034,NA,"Check",8.00751464181528,6.23609271983042,NA
"Abies","ABBA","NEON.PLA.D05.TREE.00349","TREE_054","TREE","D05",2018-10-09,"Live","single bole tree",NA,130,NA,11.1,12.3,NA,41,"Abies balsamea (L.) Mill.",15.9,37,"2018",12,"douglas","Abies balsamea (L.) Mill.","balsam fir","Pinaceae","tree","balsamea",0.608,"sw2",-2.2304,2.4435,"AbiesBelow0.35spg","conifer","Conifer",0.33,-2.3123,2.3482,1.87856,0.79034,NA,"Check",49.4917405274782,35.9001325582182,NA
"Abies","ABBA","NEON.PLA.D05.TREE.01094","TREE_047","TREE","D05",2016-10-19,"Live","single bole tree",NA,130,NA,12.3,13.2,NA,41,"Abies balsamea (L.) Mill.",2.9,338.1,"2016",12,"douglas","Abies balsamea (L.) Mill.","balsam fir","Pinaceae","tree","balsamea",0.608,"sw2",-2.2304,2.4435,"AbiesBelow0.35spg","conifer","Conifer",0.33,-2.3123,2.3482,1.87856,0.79034,NA,"Check",58.8128179273103,42.3752794025212,NA
"Abies","ABBA","NEON.PLA.D05.TREE.00132","TREE_050","TREE","D05",2018-08-29,"Live","single bole tree",NA,130,NA,15.1,15,NA,39,"Abies balsamea (L.) Mill.",8.8,81.6,"2018",12,"douglas","Abies balsamea (L.) Mill.","balsam fir","Pinaceae","tree","balsamea",0.608,"sw2",-2.2304,2.4435,"AbiesBelow0.35spg","conifer","Conifer",0.33,-2.3123,2.3482,1.87856,0.79034,NA,"Check",80.3764052755604,57.2108452237956,NA
"Abies","ABBA","NEON.PLA.D05.TREE.00398","TREE_054","TREE","D05",2018-10-09,"Live","single bole tree",NA,130,NA,10,12.2,NA,43,"Abies balsamea (L.) Mill.",10.2,327.6,"2018",12,"douglas","Abies balsamea (L.) Mill.","balsam fir","Pinaceae","tree","balsamea",0.608,"sw2",-2.2304,2.4435,"AbiesBelow0.35spg","conifer","Conifer",0.33,-2.3123,2.3482,1.87856,0.79034,NA,"Check",48.5143071912194,35.2185137053077,NA
"Abies","ABBA","NEON.PLA.D05.TREE.00760","TREE_052","TREE","D05",2018-08-29,"Live","small tree",NA,130,NA,3.7,3.5,NA,NA,"Abies balsamea (L.) Mill.",NA,NA,"2018",12,"douglas","Abies balsamea (L.) Mill.","balsam fir","Pinaceae","tree","balsamea",0.608,"sw2",-2.2304,2.4435,"AbiesBelow0.35spg","conifer","Conifer",0.33,-2.3123,2.3482,1.87856,0.79034,NA,"Check",0.680374847349505,0.583342792207044,NA
"Abies","ABBA","NEON.PLA.D05.TREE.01062","TREE_039","TREE","D05",2018-10-17,"Live","small tree",NA,130,NA,6.9,6.1,NA,NA,"Abies balsamea (L.) Mill.",NA,NA,"2018",12,"douglas","Abies balsamea (L.) Mill.","balsam fir","Pinaceae","tree","balsamea",0.608,"sw2",-2.2304,2.4435,"AbiesBelow0.35spg","conifer","Conifer",0.33,-2.3123,2.3482,1.87856,0.79034,NA,"Check",2.6440607869953,2.15008075996871,NA
"Abies","ABBA","NEON.PLA.D05.TREE.00770","TREE_052","TREE","D05",2015-08-03,"Live","small tree","Mostly shaded",130,NA,3.8,3.8,NA,NA,"Abies balsamea (L.) Mill.",NA,NA,"2015",12,"douglas","Abies balsamea (L.) Mill.","balsam fir","Pinaceae","tree","balsamea",0.608,"sw2",-2.2304,2.4435,"AbiesBelow0.35spg","conifer","Conifer",0.33,-2.3123,2.3482,1.87856,0.79034,NA,"Check",0.831800547428785,0.707605330600485,NA
"Abies","ABBA","NEON.PLA.D05.TREE.00099","TREE_050","TREE","D05",2017-08-30,"Dead, broken bole","single bole tree",NA,130,NA,7.3,17,NA,39,"Abies balsamea (L.) Mill.",2.3,48.1,"2017",12,"douglas","Abies balsamea (L.) Mill.","balsam fir","Pinaceae","tree","balsamea",0.608,"sw2",-2.2304,2.4435,"AbiesBelow0.35spg","conifer","Conifer",0.33,-2.3123,2.3482,1.87856,0.79034,NA,"Check",109.131852396675,76.7575363024735,NA
"Abies","ABBA","NEON.PLA.D05.TREE.00268","TREE_054","TREE","D05",2018-10-09,"Live","single bole tree",NA,140,NA,8.8,10.8,NA,41,"Abies balsamea (L.) Mill.",4,226.5,"2018",12,"douglas","Abies balsamea (L.) Mill.","balsam fir","Pinaceae","tree","balsamea",0.608,"sw2",-2.2304,2.4435,"AbiesBelow0.35spg","conifer","Conifer",0.33,-2.3123,2.3482,1.87856,0.79034,NA,"Check",36.0180779880344,26.4524883706449,NA
"Abies","ABBA","NEON.PLA.D05.TREE.00268","TREE_054","TREE","D05",2016-10-18,"Live","small tree",NA,140,NA,7.8,9.6,NA,41,"Abies balsamea (L.) Mill.",4,226.5,"2016",12,"douglas","Abies balsamea (L.) Mill.","balsam fir","Pinaceae","tree","balsamea",0.608,"sw2",-2.2304,2.4435,"AbiesBelow0.35spg","conifer","Conifer",0.33,-2.3123,2.3482,1.87856,0.79034,NA,"Check",8.00751464181528,6.23609271983042,NA
"Abies","ABBA","NEON.PLA.D05.TREE.00671","TREE_042","TREE","D05",2018-10-10,"Live","single bole tree",NA,130,NA,9.7,14.8,NA,41,"Abies balsamea (L.) Mill.",3.5,115.4,"2018",12,"douglas","Abies balsamea (L.) Mill.","balsam fir","Pinaceae","tree","balsamea",0.608,"sw2",-2.2304,2.4435,"AbiesBelow0.35spg","conifer","Conifer",0.33,-2.3123,2.3482,1.87856,0.79034,NA,"Check",77.7828924962923,55.4356864370049,NA
"Abies","ABBA","NEON.PLA.D05.TREE.00671","TREE_042","TREE","D05",2017-09-25,"Live","single bole tree",NA,130,NA,9.5,15.1,NA,41,"Abies balsamea (L.) Mill.",3.5,115.4,"2017",12,"douglas","Abies balsamea (L.) Mill.","balsam fir","Pinaceae","tree","balsamea",0.608,"sw2",-2.2304,2.4435,"AbiesBelow0.35spg","conifer","Conifer",0.33,-2.3123,2.3482,1.87856,0.79034,NA,"Check",81.6920431882359,58.1104899479983,NA
"Abies","ABBA","NEON.PLA.D05.TREE.01157","TREE_045","TREE","D05",2015-08-11,"Live","sapling","Full shade",10,NA,1.2,1.5,NA,NA,"Abies balsamea (L.) Mill.",NA,NA,"2015",12,"douglas","Abies balsamea (L.) Mill.","balsam fir","Pinaceae","tree","balsamea",0.608,"sw2",-2.2304,2.4435,"AbiesBelow0.35spg","conifer","Conifer",0.33,-2.3123,2.3482,1.87856,0.79034,1.07394332059371,"Check",0.0379333274278359,0.0363993549036406,NA
"Abies","ABBA","NEON.PLA.D05.TREE.02448","TREE_012","TREE","D05",2019-10-17,"Live","single bole tree","Mostly shaded",130,NA,9.4,10,NA,41,"Abies balsamea (L.) Mill.",2.3,260,"2019",12,"douglas","Abies balsamea (L.) Mill.","balsam fir","Pinaceae","tree","balsamea",0.608,"sw2",-2.2304,2.4435,"AbiesBelow0.35spg","conifer","Conifer",0.33,-2.3123,2.3482,1.87856,0.79034,NA,"Check",8.84744728131038,6.86346232900215,NA
"Abies","ABBA","NEON.PLA.D05.TREE.00382","TREE_051","TREE","D05",2017-09-26,"Live","single bole tree",NA,130,NA,11.3,13.3,NA,59,"Abies balsamea (L.) Mill.",9.7,145.5,"2017",12,"douglas","Abies balsamea (L.) Mill.","balsam fir","Pinaceae","tree","balsamea",0.608,"sw2",-2.2304,2.4435,"AbiesBelow0.35spg","conifer","Conifer",0.33,-2.3123,2.3482,1.87856,0.79034,NA,"Check",59.907482873306,43.1329629974291,NA
"Abies","ABBA","NEON.PLA.D05.TREE.00797","TREE_052","TREE","D05",2015-08-03,"Live","small tree","Mostly shaded",130,NA,5.2,4.4,NA,NA,"Abies balsamea (L.) Mill.",NA,NA,"2015",12,"douglas","Abies balsamea (L.) Mill.","balsam fir","Pinaceae","tree","balsamea",0.608,"sw2",-2.2304,2.4435,"AbiesBelow0.35spg","conifer","Conifer",0.33,-2.3123,2.3482,1.87856,0.79034,NA,"Check",1.19013053649351,0.998386797337864,NA
"Abies","ABBA","NEON.PLA.D05.TREE.00797","TREE_052","TREE","D05",2016-09-29,"Live","small tree",NA,130,NA,4.5,4.8,NA,NA,"Abies balsamea (L.) Mill.",NA,NA,"2016",12,"douglas","Abies balsamea (L.) Mill.","balsam fir","Pinaceae","tree","balsamea",0.608,"sw2",-2.2304,2.4435,"AbiesBelow0.35spg","conifer","Conifer",0.33,-2.3123,2.3482,1.87856,0.79034,NA,"Check",1.47207842289968,1.22471187245523,NA
"Abies","ABBA","NEON.PLA.D05.TREE.00599","TREE_054","TREE","D05",2015-07-30,"Live","single bole tree","Mostly shaded",130,NA,9.2,11.4,NA,21,"Abies balsamea (L.) Mill.",8.7,29.8,"2015",12,"douglas","Abies balsamea (L.) Mill.","balsam fir","Pinaceae","tree","balsamea",0.608,"sw2",-2.2304,2.4435,"AbiesBelow0.35spg","conifer","Conifer",0.33,-2.3123,2.3482,1.87856,0.79034,NA,"Check",41.1051835472611,30.033423589797,NA
"Abies","ABBA","NEON.PLA.D05.TREE.00110","TREE_050","TREE","D05",2017-08-30,"Live","single bole tree",NA,130,NA,15.5,15.8,NA,39,"Abies balsamea (L.) Mill.",8.2,65.1,"2017",12,"douglas","Abies balsamea (L.) Mill.","balsam fir","Pinaceae","tree","balsamea",0.608,"sw2",-2.2304,2.4435,"AbiesBelow0.35spg","conifer","Conifer",0.33,-2.3123,2.3482,1.87856,0.79034,NA,"Check",91.2574185622612,64.6349535564983,NA
"Abies","ABBA","NEON.PLA.D05.TREE.01069","TREE_039","TREE","D05",2017-10-17,"Live","small tree",NA,130,NA,8.8,9.5,NA,59,"Abies balsamea (L.) Mill.",9.2,105.6,"2017",12,"douglas","Abies balsamea (L.) Mill.","balsam fir","Pinaceae","tree","balsamea",0.608,"sw2",-2.2304,2.4435,"AbiesBelow0.35spg","conifer","Conifer",0.33,-2.3123,2.3482,1.87856,0.79034,NA,"Check",7.80522834500789,6.08462509507786,NA
"Abies","ABBA","NEON.PLA.D05.TREE.01241","TREE_039","TREE","D05",2015-08-11,"Standing dead","sapling","Mostly shaded",10,NA,0.9,2.1,NA,NA,"Abies balsamea (L.) Mill.",NA,NA,"2015",12,"douglas","Abies balsamea (L.) Mill.","balsam fir","Pinaceae","tree","balsamea",0.608,"sw2",-2.2304,2.4435,"AbiesBelow0.35spg","conifer","Conifer",0.33,-2.3123,2.3482,1.87856,0.79034,1.52384700858481,"Check",0.0891939122235964,0.0827801429316602,NA
"Abies","ABBA","NEON.PLA.D05.TREE.02687","TREE_023","TREE","D05",2018-05-08,"Live","single bole tree","Partially shaded",130,NA,9.6,13.6,NA,49,"Abies balsamea (L.) Mill.",9.1,158.2,"2018",12,"douglas","Abies balsamea (L.) Mill.","balsam fir","Pinaceae","tree","balsamea",0.608,"sw2",-2.2304,2.4435,"AbiesBelow0.35spg","conifer","Conifer",0.33,-2.3123,2.3482,1.87856,0.79034,NA,"Check",63.2633098932841,45.4524119452065,NA
"Abies","ABBA","NEON.PLA.D05.TREE.01403","TREE_039","TREE","D05",2019-10-23,"Live","small tree",NA,130,NA,1.7,1.7,NA,NA,"Abies balsamea (L.) Mill.",NA,NA,"2019",12,"douglas","Abies balsamea (L.) Mill.","balsam fir","Pinaceae","tree","balsamea",0.608,"sw2",-2.2304,2.4435,"AbiesBelow0.35spg","conifer","Conifer",0.33,-2.3123,2.3482,1.87856,0.79034,NA,"Check",0.116525217678834,0.107024550262889,NA
"Abies","ABBA","NEON.PLA.D05.TREE.01003","TREE_047","TREE","D05",2016-10-19,"Live","small tree",NA,130,NA,8.7,8.7,NA,NA,"Abies balsamea (L.) Mill.",NA,NA,"2016",12,"douglas","Abies balsamea (L.) Mill.","balsam fir","Pinaceae","tree","balsamea",0.608,"sw2",-2.2304,2.4435,"AbiesBelow0.35spg","conifer","Conifer",0.33,-2.3123,2.3482,1.87856,0.79034,NA,"Check",6.29554419855261,4.94905594684807,NA
"Abies","ABBA","NEON.PLA.D05.TREE.00030","TREE_054","TREE","D05",2022-09-07,"Live","single bole tree","Mostly shaded",130,NA,10.2,11.2,NA,21,"Abies balsamea (L.) Mill.",6.5,36.9,"2022",12,"douglas","Abies balsamea (L.) Mill.","balsam fir","Pinaceae","tree","balsamea",0.608,"sw2",-2.2304,2.4435,"AbiesBelow0.35spg","conifer","Conifer",0.33,-2.3123,2.3482,1.87856,0.79034,NA,"Check",39.3653236069096,28.8107544028986,NA
"Abies","ABBA","NEON.PLA.D05.TREE.01404","TREE_039","TREE","D05",2021-09-30,"Live","small tree","Full shade",130,NA,1.9,2.5,NA,NA,"Abies balsamea (L.) Mill.",NA,NA,"2021",12,"douglas","Abies balsamea (L.) Mill.","balsam fir","Pinaceae","tree","balsamea",0.608,"sw2",-2.2304,2.4435,"AbiesBelow0.35spg","conifer","Conifer",0.33,-2.3123,2.3482,1.87856,0.79034,NA,"Check",0.299009092374654,0.264719529773721,NA
"Abies","ABBA","NEON.PLA.D05.TREE.02461","TREE_023","TREE","D05",2018-05-08,"Live","small tree",NA,130,NA,NA,2.8,NA,NA,"Abies balsamea (L.) Mill.",NA,NA,"2018",12,"douglas","Abies balsamea (L.) Mill.","balsam fir","Pinaceae","tree","balsamea",0.608,"sw2",-2.2304,2.4435,"AbiesBelow0.35spg","conifer","Conifer",0.33,-2.3123,2.3482,1.87856,0.79034,NA,"Check",0.394410649743346,0.345429754183071,NA
"Abies","ABBA","NEON.PLA.D05.TREE.00275","TREE_056","TREE","D05",2021-09-22,"Live","single bole tree","Partially shaded",130,NA,13.5,17.5,NA,43,"Abies balsamea (L.) Mill.",8.6,335.5,"2021",12,"douglas","Abies balsamea (L.) Mill.","balsam fir","Pinaceae","tree","balsamea",0.608,"sw2",-2.2304,2.4435,"AbiesBelow0.35spg","conifer","Conifer",0.33,-2.3123,2.3482,1.87856,0.79034,NA,"Check",117.142114617425,82.1642348802333,NA
"Abies","ABBA","NEON.PLA.D05.TREE.00275","TREE_056","TREE","D05",2022-09-20,"Live","single bole tree","Partially shaded",130,NA,14.1,17.9,NA,43,"Abies balsamea (L.) Mill.",8.6,335.5,"2022",12,"douglas","Abies balsamea (L.) Mill.","balsam fir","Pinaceae","tree","balsamea",0.608,"sw2",-2.2304,2.4435,"AbiesBelow0.35spg","conifer","Conifer",0.33,-2.3123,2.3482,1.87856,0.79034,NA,"Check",123.792966080726,86.6423766729703,NA
"Abies","ABBA","NEON.PLA.D05.TREE.09899","TREE_054","TREE","D05",2022-09-07,"Standing dead","small tree","Full shade",130,NA,2.6,1.4,NA,NA,"Abies balsamea (L.) Mill.",NA,NA,"2022",12,"douglas","Abies balsamea (L.) Mill.","balsam fir","Pinaceae","tree","balsamea",0.608,"sw2",-2.2304,2.4435,"AbiesBelow0.35spg","conifer","Conifer",0.33,-2.3123,2.3482,1.87856,0.79034,NA,"Check",0.0725073175910424,0.067839260904832,NA
"Abies","ABBA","NEON.PLA.D05.TREE.01340","TREE_045","TREE","D05",2016-10-18,"Live","small tree",NA,130,NA,2.4,1.5,NA,NA,"Abies balsamea (L.) Mill.",NA,NA,"2016",12,"douglas","Abies balsamea (L.) Mill.","balsam fir","Pinaceae","tree","balsamea",0.608,"sw2",-2.2304,2.4435,"AbiesBelow0.35spg","conifer","Conifer",0.33,-2.3123,2.3482,1.87856,0.79034,NA,"Check",0.0858216727315645,0.0797702124793076,NA
"Abies","ABBA","NEON.PLA.D05.TREE.01420","TREE_041","TREE","D05",2016-10-18,"Live","small tree",NA,130,NA,3,3,NA,NA,"Abies balsamea (L.) Mill.",NA,NA,"2016",12,"douglas","Abies balsamea (L.) Mill.","balsam fir","Pinaceae","tree","balsamea",0.608,"sw2",-2.2304,2.4435,"AbiesBelow0.35spg","conifer","Conifer",0.33,-2.3123,2.3482,1.87856,0.79034,NA,"Check",0.46683538749886,0.40618079442985,NA
"Abies","ABBA","NEON.PLA.D05.TREE.01420","TREE_041","TREE","D05",2015-08-10,"Live","small tree","Full shade",130,NA,2.5,2.6,NA,NA,"Abies balsamea (L.) Mill.",NA,NA,"2015",12,"douglas","Abies balsamea (L.) Mill.","balsam fir","Pinaceae","tree","balsamea",0.608,"sw2",-2.2304,2.4435,"AbiesBelow0.35spg","conifer","Conifer",0.33,-2.3123,2.3482,1.87856,0.79034,NA,"Check",0.329082932937723,0.290257646837017,NA
"Abies","ABBA","NEON.PLA.D05.TREE.00770","TREE_052","TREE","D05",2016-09-29,"Live","small tree",NA,130,NA,3.5,3.8,NA,NA,"Abies balsamea (L.) Mill.",NA,NA,"2016",12,"douglas","Abies balsamea (L.) Mill.","balsam fir","Pinaceae","tree","balsamea",0.608,"sw2",-2.2304,2.4435,"AbiesBelow0.35spg","conifer","Conifer",0.33,-2.3123,2.3482,1.87856,0.79034,NA,"Check",0.831800547428785,0.707605330600485,NA
"Abies","ABBA","NEON.PLA.D05.TREE.02666","TREE_012","TREE","D05",2019-10-17,"Live","single bole tree","Partially shaded",130,NA,10.8,12.9,NA,41,"Abies balsamea (L.) Mill.",6.3,273.3,"2019",12,"douglas","Abies balsamea (L.) Mill.","balsam fir","Pinaceae","tree","balsamea",0.608,"sw2",-2.2304,2.4435,"AbiesBelow0.35spg","conifer","Conifer",0.33,-2.3123,2.3482,1.87856,0.79034,NA,"Check",55.60009641439,40.1483431304396,NA
"Abies","ABBA","NEON.PLA.D05.TREE.03943","TREE_004","TREE","D05",2019-10-08,"Live","small tree",NA,130,NA,2.2,1.5,NA,NA,"Abies balsamea (L.) Mill.",NA,NA,"2019",12,"douglas","Abies balsamea (L.) Mill.","balsam fir","Pinaceae","tree","balsamea",0.608,"sw2",-2.2304,2.4435,"AbiesBelow0.35spg","conifer","Conifer",0.33,-2.3123,2.3482,1.87856,0.79034,NA,"Check",0.0858216727315645,0.0797702124793076,NA
"Abies","ABBA","NEON.PLA.D05.TREE.01062","TREE_039","TREE","D05",2015-08-11,"Live","small tree","Partially shaded",130,NA,8.4,6,NA,NA,"Abies balsamea (L.) Mill.",NA,NA,"2015",12,"douglas","Abies balsamea (L.) Mill.","balsam fir","Pinaceae","tree","balsamea",0.608,"sw2",-2.2304,2.4435,"AbiesBelow0.35spg","conifer","Conifer",0.33,-2.3123,2.3482,1.87856,0.79034,NA,"Check",2.53939677571742,2.06822612897591,NA
"Abies","ABBA","NEON.PLA.D05.TREE.00444","TREE_057","TREE","D05",2016-10-18,"Live","small tree",NA,130,NA,2.3,2.1,NA,NA,"Abies balsamea (L.) Mill.",NA,NA,"2016",12,"douglas","Abies balsamea (L.) Mill.","balsam fir","Pinaceae","tree","balsamea",0.608,"sw2",-2.2304,2.4435,"AbiesBelow0.35spg","conifer","Conifer",0.33,-2.3123,2.3482,1.87856,0.79034,NA,"Check",0.19528137763401,0.175783700289906,NA
"Abies","ABBA","NEON.PLA.D05.TREE.03844","TREE_019","TREE","D05",2017-10-23,"Live","single bole tree","Mostly shaded",130,NA,10,11.1,NA,49,"Abies balsamea (L.) Mill.",10.3,142.1,"2017",12,"douglas","Abies balsamea (L.) Mill.","balsam fir","Pinaceae","tree","balsamea",0.608,"sw2",-2.2304,2.4435,"AbiesBelow0.35spg","conifer","Conifer",0.33,-2.3123,2.3482,1.87856,0.79034,NA,"Check",38.5120189145966,28.2103379109698,NA
"Abies","ABBA","NEON.PLA.D05.TREE.03648","TREE_004","TREE","D05",2018-05-01,"Dead, broken bole","single bole tree","Mostly shaded",130,NA,NA,16.5,NA,NA,"Abies balsamea (L.) Mill.",NA,NA,"2018",12,"douglas","Abies balsamea (L.) Mill.","balsam fir","Pinaceae","tree","balsamea",0.608,"sw2",-2.2304,2.4435,"AbiesBelow0.35spg","conifer","Conifer",0.33,-2.3123,2.3482,1.87856,0.79034,NA,"Check",101.454567835647,71.5610439108831,NA
"Abies","ABBA","NEON.PLA.D05.TREE.01062","TREE_039","TREE","D05",2021-09-30,"Standing dead","small tree","Mostly shaded",130,NA,8.4,6,NA,NA,"Abies balsamea (L.) Mill.",NA,NA,"2021",12,"douglas","Abies balsamea (L.) Mill.","balsam fir","Pinaceae","tree","balsamea",0.608,"sw2",-2.2304,2.4435,"AbiesBelow0.35spg","conifer","Conifer",0.33,-2.3123,2.3482,1.87856,0.79034,NA,"Check",2.53939677571742,2.06822612897591,NA
"Abies","ABBA","NEON.PLA.D05.TREE.01396","TREE_040","TREE","D05",2017-10-19,"Live","single bole tree",NA,130,NA,9.3,12.9,NA,43,"Abies balsamea (L.) Mill.",11.1,237.4,"2017",12,"douglas","Abies balsamea (L.) Mill.","balsam fir","Pinaceae","tree","balsamea",0.608,"sw2",-2.2304,2.4435,"AbiesBelow0.35spg","conifer","Conifer",0.33,-2.3123,2.3482,1.87856,0.79034,NA,"Check",55.60009641439,40.1483431304396,NA
"Abies","ABBA","NEON.PLA.D05.TREE.00729","TREE_052","TREE","D05",2015-08-03,"Live","small tree","Mostly shaded",130,NA,4.4,4.6,NA,NA,"Abies balsamea (L.) Mill.",NA,NA,"2015",12,"douglas","Abies balsamea (L.) Mill.","balsam fir","Pinaceae","tree","balsamea",0.608,"sw2",-2.2304,2.4435,"AbiesBelow0.35spg","conifer","Conifer",0.33,-2.3123,2.3482,1.87856,0.79034,NA,"Check",1.32668172024424,1.10823329763597,NA
"Abies","ABBA","NEON.PLA.D05.TREE.00344","TREE_054","TREE","D05",2018-10-09,"Live","small tree",NA,130,NA,5.2,7.3,NA,NA,"Abies balsamea (L.) Mill.",NA,NA,"2018",12,"douglas","Abies balsamea (L.) Mill.","balsam fir","Pinaceae","tree","balsamea",0.608,"sw2",-2.2304,2.4435,"AbiesBelow0.35spg","conifer","Conifer",0.33,-2.3123,2.3482,1.87856,0.79034,NA,"Check",4.10059985705231,3.27791731592345,NA
"Abies","ABBA","NEON.PLA.D05.TREE.00017","TREE_050","TREE","D05",2015-07-29,"Live","small tree","Mostly shaded",130,NA,3.9,5.7,NA,NA,"Abies balsamea (L.) Mill.",NA,NA,"2015",12,"douglas","Abies balsamea (L.) Mill.","balsam fir","Pinaceae","tree","balsamea",0.608,"sw2",-2.2304,2.4435,"AbiesBelow0.35spg","conifer","Conifer",0.33,-2.3123,2.3482,1.87856,0.79034,NA,"Check",2.24025880718396,1.83353240732249,NA
"Abies","ABBA","NEON.PLA.D05.TREE.00751","TREE_052","TREE","D05",2015-08-03,"Live","sapling","Full shade",10,NA,0.5,1,NA,NA,"Abies balsamea (L.) Mill.",NA,NA,"2015",12,"douglas","Abies balsamea (L.) Mill.","balsam fir","Pinaceae","tree","balsamea",0.608,"sw2",-2.2304,2.4435,"AbiesBelow0.35spg","conifer","Conifer",0.33,-2.3123,2.3482,1.87856,0.79034,0.704469670267665,"Check",0.0135384677160223,0.0135236370729611,NA
"Abies","ABBA","NEON.PLA.D05.TREE.08186","TREE_054","TREE","D05",2022-09-07,"Standing dead","small tree","Full shade",130,NA,3.6,2.9,NA,NA,"Abies balsamea (L.) Mill.",NA,NA,"2022",12,"douglas","Abies balsamea (L.) Mill.","balsam fir","Pinaceae","tree","balsamea",0.608,"sw2",-2.2304,2.4435,"AbiesBelow0.35spg","conifer","Conifer",0.33,-2.3123,2.3482,1.87856,0.79034,NA,"Check",0.429721904057558,0.37509928214444,NA
"Abies","ABBA","NEON.PLA.D05.TREE.00011","TREE_056","TREE","D05",2017-09-25,"Live","small tree",NA,130,NA,5.5,7,NA,NA,"Abies balsamea (L.) Mill.",NA,NA,"2017",12,"douglas","Abies balsamea (L.) Mill.","balsam fir","Pinaceae","tree","balsamea",0.608,"sw2",-2.2304,2.4435,"AbiesBelow0.35spg","conifer","Conifer",0.33,-2.3123,2.3482,1.87856,0.79034,NA,"Check",3.70096556496113,2.9703147503217,NA
"Abies","ABBA","NEON.PLA.D05.TREE.00814","TREE_052","TREE","D05",2018-08-29,"Live","single bole tree",NA,130,NA,8.7,11.2,NA,39,"Abies balsamea (L.) Mill.",6.6,132.3,"2018",12,"douglas","Abies balsamea (L.) Mill.","balsam fir","Pinaceae","tree","balsamea",0.608,"sw2",-2.2304,2.4435,"AbiesBelow0.35spg","conifer","Conifer",0.33,-2.3123,2.3482,1.87856,0.79034,NA,"Check",39.3653236069096,28.8107544028986,NA
"Abies","ABBA","NEON.PLA.D05.TREE.03459","TREE_023","TREE","D05",2019-11-04,"Live","single bole tree","Full shade",130,NA,7.5,10.6,NA,33,"Abies balsamea (L.) Mill.",9.6,267.4,"2019",12,"douglas","Abies balsamea (L.) Mill.","balsam fir","Pinaceae","tree","balsamea",0.608,"sw2",-2.2304,2.4435,"AbiesBelow0.35spg","conifer","Conifer",0.33,-2.3123,2.3482,1.87856,0.79034,NA,"Check",34.4099838934569,25.3165255279514,NA
"Abies","ABBA","NEON.PLA.D05.TREE.00559","TREE_042","TREE","D05",2016-09-28,"Live","single bole tree",NA,130,NA,11.5,14.1,NA,41,"Abies balsamea (L.) Mill.",8.6,85,"2016",12,"douglas","Abies balsamea (L.) Mill.","balsam fir","Pinaceae","tree","balsamea",0.608,"sw2",-2.2304,2.4435,"AbiesBelow0.35spg","conifer","Conifer",0.33,-2.3123,2.3482,1.87856,0.79034,NA,"Check",69.0981610409131,49.4740188081104,NA
"Abies","ABBA","NEON.PLA.D05.TREE.00559","TREE_042","TREE","D05",2015-07-27,"Live","single bole tree","Full shade",130,NA,11.1,14.5,NA,41,"Abies balsamea (L.) Mill.",8.6,85,"2015",12,"douglas","Abies balsamea (L.) Mill.","balsam fir","Pinaceae","tree","balsamea",0.608,"sw2",-2.2304,2.4435,"AbiesBelow0.35spg","conifer","Conifer",0.33,-2.3123,2.3482,1.87856,0.79034,NA,"Check",73.9864689807821,52.8329927672852,NA
"Abies","ABBA","NEON.PLA.D05.TREE.01077","TREE_039","TREE","D05",2020-10-01,"Live,  other damage","small tree","Full shade",130,NA,8.6,7.2,NA,NA,"Abies balsamea (L.) Mill.",NA,NA,"2020",12,"douglas","Abies balsamea (L.) Mill.","balsam fir","Pinaceae","tree","balsamea",0.608,"sw2",-2.2304,2.4435,"AbiesBelow0.35spg","conifer","Conifer",0.33,-2.3123,2.3482,1.87856,0.79034,NA,"Check",3.96469641906411,3.17344826370043,NA
"Abies","ABBA","NEON.PLA.D05.TREE.03411","TREE_050","TREE","D05",2021-10-06,"Live","small tree","Open grown",130,NA,2.1,1.9,NA,NA,"Abies balsamea (L.) Mill.",NA,NA,"2021",12,"douglas","Abies balsamea (L.) Mill.","balsam fir","Pinaceae","tree","balsamea",0.608,"sw2",-2.2304,2.4435,"AbiesBelow0.35spg","conifer","Conifer",0.33,-2.3123,2.3482,1.87856,0.79034,NA,"Check",0.152915816304829,0.138967248938305,NA
"Abies","ABBA","NEON.PLA.D05.TREE.00428","TREE_057","TREE","D05",2015-08-04,"Live","sapling","Full shade",10,NA,1.5,2.4,NA,NA,"Abies balsamea (L.) Mill.",NA,NA,"2015",12,"douglas","Abies balsamea (L.) Mill.","balsam fir","Pinaceae","tree","balsamea",0.608,"sw2",-2.2304,2.4435,"AbiesBelow0.35spg","conifer","Conifer",0.33,-2.3123,2.3482,1.87856,0.79034,1.75084529085287,"Check",0.125225828996725,0.114693200943635,NA
"Abies","ABBA","NEON.PLA.D05.TREE.01077","TREE_039","TREE","D05",2016-10-18,"Live","small tree",NA,130,NA,8.6,7,NA,NA,"Abies balsamea (L.) Mill.",NA,NA,"2016",12,"douglas","Abies balsamea (L.) Mill.","balsam fir","Pinaceae","tree","balsamea",0.608,"sw2",-2.2304,2.4435,"AbiesBelow0.35spg","conifer","Conifer",0.33,-2.3123,2.3482,1.87856,0.79034,NA,"Check",3.70096556496113,2.9703147503217,NA
"Abies","ABBA","NEON.PLA.D05.TREE.00712","TREE_052","TREE","D05",2016-09-29,"Live","small tree",NA,130,NA,2.1,1.9,NA,NA,"Abies balsamea (L.) Mill.",NA,NA,"2016",12,"douglas","Abies balsamea (L.) Mill.","balsam fir","Pinaceae","tree","balsamea",0.608,"sw2",-2.2304,2.4435,"AbiesBelow0.35spg","conifer","Conifer",0.33,-2.3123,2.3482,1.87856,0.79034,NA,"Check",0.152915816304829,0.138967248938305,NA
"Abies","ABBA","NEON.PLA.D05.TREE.01141","TREE_039","TREE","D05",2021-09-30,"Live","small tree","Mostly shaded",130,NA,3.7,4.5,NA,NA,"Abies balsamea (L.) Mill.",NA,NA,"2021",12,"douglas","Abies balsamea (L.) Mill.","balsam fir","Pinaceae","tree","balsamea",0.608,"sw2",-2.2304,2.4435,"AbiesBelow0.35spg","conifer","Conifer",0.33,-2.3123,2.3482,1.87856,0.79034,NA,"Check",1.25731113255729,1.05248733667272,NA
"Abies","ABBA","NEON.PLA.D05.TREE.00294","TREE_054","TREE","D05",2017-08-30,"Live","single bole tree",NA,130,NA,10.6,13.6,NA,23,"Abies balsamea (L.) Mill.",7,344.1,"2017",12,"douglas","Abies balsamea (L.) Mill.","balsam fir","Pinaceae","tree","balsamea",0.608,"sw2",-2.2304,2.4435,"AbiesBelow0.35spg","conifer","Conifer",0.33,-2.3123,2.3482,1.87856,0.79034,NA,"Check",63.2633098932841,45.4524119452065,NA
"Abies","ABBA","NEON.PLA.D05.TREE.02235","TREE_015","TREE","D05",2018-05-08,"Live","small tree",NA,130,NA,6.5,5.9,NA,NA,"Abies balsamea (L.) Mill.",NA,NA,"2018",12,"douglas","Abies balsamea (L.) Mill.","balsam fir","Pinaceae","tree","balsamea",0.608,"sw2",-2.2304,2.4435,"AbiesBelow0.35spg","conifer","Conifer",0.33,-2.3123,2.3482,1.87856,0.79034,NA,"Check",2.43722078928756,1.98819028834665,NA
"Abies","ABBA","NEON.PLA.D05.TREE.01151","TREE_039","TREE","D05",2017-10-17,"Live","small tree",NA,130,NA,3.4,3.9,NA,NA,"Abies balsamea (L.) Mill.",NA,NA,"2017",12,"douglas","Abies balsamea (L.) Mill.","balsam fir","Pinaceae","tree","balsamea",0.608,"sw2",-2.2304,2.4435,"AbiesBelow0.35spg","conifer","Conifer",0.33,-2.3123,2.3482,1.87856,0.79034,NA,"Check",0.886307349864757,0.752109656236205,NA
"Abies","ABBA","NEON.PLA.D05.TREE.00780","TREE_051","TREE","D05",2015-08-03,"Live","small tree","Full shade",130,NA,2.8,3,NA,NA,"Abies balsamea (L.) Mill.",NA,NA,"2015",12,"douglas","Abies balsamea (L.) Mill.","balsam fir","Pinaceae","tree","balsamea",0.608,"sw2",-2.2304,2.4435,"AbiesBelow0.35spg","conifer","Conifer",0.33,-2.3123,2.3482,1.87856,0.79034,NA,"Check",0.46683538749886,0.40618079442985,NA
"Abies","ABBA","NEON.PLA.D05.TREE.02145","TREE_018","TREE","D05",2018-04-25,"Live","small tree",NA,30,NA,5.6,6.7,NA,NA,"Abies balsamea (L.) Mill.",NA,NA,"2018",12,"douglas","Abies balsamea (L.) Mill.","balsam fir","Pinaceae","tree","balsamea",0.608,"sw2",-2.2304,2.4435,"AbiesBelow0.35spg","conifer","Conifer",0.33,-2.3123,2.3482,1.87856,0.79034,5.09220346551761,"Check",1.70075665513738,1.40701695898147,NA
"Abies","ABBA","NEON.PLA.D05.TREE.00490","TREE_051","TREE","D05",2018-10-09,"Live","single bole tree",NA,130,NA,11.4,17.1,NA,43,"Abies balsamea (L.) Mill.",4.7,282.4,"2018",12,"douglas","Abies balsamea (L.) Mill.","balsam fir","Pinaceae","tree","balsamea",0.608,"sw2",-2.2304,2.4435,"AbiesBelow0.35spg","conifer","Conifer",0.33,-2.3123,2.3482,1.87856,0.79034,NA,"Check",110.707127745127,77.8219906964322,NA
"Abies","ABBA","NEON.PLA.D05.TREE.00369","TREE_054","TREE","D05",2022-09-07,"Standing dead","small tree","Full shade",130,NA,5,5.3,NA,NA,"Abies balsamea (L.) Mill.",NA,NA,"2022",12,"douglas","Abies balsamea (L.) Mill.","balsam fir","Pinaceae","tree","balsamea",0.608,"sw2",-2.2304,2.4435,"AbiesBelow0.35spg","conifer","Conifer",0.33,-2.3123,2.3482,1.87856,0.79034,NA,"Check",1.87536614168729,1.54556705323716,NA
"Abies","ABBA","NEON.PLA.D05.TREE.00491","TREE_051","TREE","D05",2017-09-26,"Live","single bole tree",NA,130,NA,10.4,10.7,NA,59,"Abies balsamea (L.) Mill.",2,134.8,"2017",12,"douglas","Abies balsamea (L.) Mill.","balsam fir","Pinaceae","tree","balsamea",0.608,"sw2",-2.2304,2.4435,"AbiesBelow0.35spg","conifer","Conifer",0.33,-2.3123,2.3482,1.87856,0.79034,NA,"Check",35.2086074406931,25.8809286967081,NA
"Abies","ABBA","NEON.PLA.D05.TREE.01305","TREE_045","TREE","D05",2017-10-19,"Live","small tree",NA,130,NA,2.9,3,NA,NA,"Abies balsamea (L.) Mill.",NA,NA,"2017",12,"douglas","Abies balsamea (L.) Mill.","balsam fir","Pinaceae","tree","balsamea",0.608,"sw2",-2.2304,2.4435,"AbiesBelow0.35spg","conifer","Conifer",0.33,-2.3123,2.3482,1.87856,0.79034,NA,"Check",0.46683538749886,0.40618079442985,NA
"Abies","ABBA","NEON.PLA.D05.TREE.01015","TREE_057","TREE","D05",2015-08-04,"Live","sapling","Full shade",10,NA,0.6,1.4,NA,NA,"Abies balsamea (L.) Mill.",NA,NA,"2015",12,"douglas","Abies balsamea (L.) Mill.","balsam fir","Pinaceae","tree","balsamea",0.608,"sw2",-2.2304,2.4435,"AbiesBelow0.35spg","conifer","Conifer",0.33,-2.3123,2.3482,1.87856,0.79034,0.999590927277837,"Check",0.031833455775851,0.0307557266555746,NA
"Abies","ABBA","NEON.PLA.D05.TREE.00434","TREE_052","TREE","D05",2015-08-03,"Standing dead","single bole tree","Full shade",130,NA,6.5,13.9,NA,23,"Abies balsamea (L.) Mill.",11.6,312.1,"2015",12,"douglas","Abies balsamea (L.) Mill.","balsam fir","Pinaceae","tree","balsamea",0.608,"sw2",-2.2304,2.4435,"AbiesBelow0.35spg","conifer","Conifer",0.33,-2.3123,2.3482,1.87856,0.79034,NA,"Check",66.7277148007724,47.8418784633076,NA
"Abies","ABBA","NEON.PLA.D05.TREE.02491","TREE_015","TREE","D05",2018-05-08,"Live","small tree",NA,130,NA,4.1,5.2,NA,NA,"Abies balsamea (L.) Mill.",NA,NA,"2018",12,"douglas","Abies balsamea (L.) Mill.","balsam fir","Pinaceae","tree","balsamea",0.608,"sw2",-2.2304,2.4435,"AbiesBelow0.35spg","conifer","Conifer",0.33,-2.3123,2.3482,1.87856,0.79034,NA,"Check",1.79007881840947,1.47795872566067,NA
"Abies","ABBA","NEON.PLA.D05.TREE.00444","TREE_057","TREE","D05",2018-10-16,"Live","small tree",NA,130,NA,3,3.1,NA,NA,"Abies balsamea (L.) Mill.",NA,NA,"2018",12,"douglas","Abies balsamea (L.) Mill.","balsam fir","Pinaceae","tree","balsamea",0.608,"sw2",-2.2304,2.4435,"AbiesBelow0.35spg","conifer","Conifer",0.33,-2.3123,2.3482,1.87856,0.79034,NA,"Check",0.505778404857727,0.438691059709943,NA
"Abies","ABBA","NEON.PLA.D05.TREE.00268","TREE_054","TREE","D05",2015-07-30,"Live","small tree","Mostly shaded",130,NA,7.8,9.6,NA,41,"Abies balsamea (L.) Mill.",4,226.5,"2015",12,"douglas","Abies balsamea (L.) Mill.","balsam fir","Pinaceae","tree","balsamea",0.608,"sw2",-2.2304,2.4435,"AbiesBelow0.35spg","conifer","Conifer",0.33,-2.3123,2.3482,1.87856,0.79034,NA,"Check",8.00751464181528,6.23609271983042,NA
"Abies","ABBA","NEON.PLA.D05.TREE.03419","TREE_054","TREE","D05",2021-09-20,"Live","single bole tree","Mostly shaded",130,NA,9.4,11.5,NA,61,"Abies balsamea (L.) Mill.",6,216.2,"2021",12,"douglas","Abies balsamea (L.) Mill.","balsam fir","Pinaceae","tree","balsamea",0.608,"sw2",-2.2304,2.4435,"AbiesBelow0.35spg","conifer","Conifer",0.33,-2.3123,2.3482,1.87856,0.79034,NA,"Check",41.99182602644,30.6557212360055,NA
"Abies","ABBA","NEON.PLA.D05.TREE.03419","TREE_054","TREE","D05",2018-10-09,"Live","single bole tree",NA,130,NA,8.6,10.1,NA,61,"Abies balsamea (L.) Mill.",6,216.2,"2018",12,"douglas","Abies balsamea (L.) Mill.","balsam fir","Pinaceae","tree","balsamea",0.608,"sw2",-2.2304,2.4435,"AbiesBelow0.35spg","conifer","Conifer",0.33,-2.3123,2.3482,1.87856,0.79034,NA,"Check",30.5779850789256,22.601034561274,NA
"Abies","ABBA","NEON.PLA.D05.TREE.01062","TREE_039","TREE","D05",2020-10-01,"Live,  other damage","small tree","Mostly shaded",130,NA,8,6.1,NA,NA,"Abies balsamea (L.) Mill.",NA,NA,"2020",12,"douglas","Abies balsamea (L.) Mill.","balsam fir","Pinaceae","tree","balsamea",0.608,"sw2",-2.2304,2.4435,"AbiesBelow0.35spg","conifer","Conifer",0.33,-2.3123,2.3482,1.87856,0.79034,NA,"Check",2.6440607869953,2.15008075996871,NA
"Abies","ABBA","NEON.PLA.D05.TREE.00344","TREE_054","TREE","D05",2017-08-30,"Live","small tree",NA,130,NA,NA,7.1,NA,NA,"Abies balsamea (L.) Mill.",NA,NA,"2017",12,"douglas","Abies balsamea (L.) Mill.","balsam fir","Pinaceae","tree","balsamea",0.608,"sw2",-2.2304,2.4435,"AbiesBelow0.35spg","conifer","Conifer",0.33,-2.3123,2.3482,1.87856,0.79034,NA,"Check",3.83149054878416,3.07091721361445,NA
"Abies","ABBA","NEON.PLA.D05.TREE.00231","TREE_050","TREE","D05",2017-08-30,"Live","small tree",NA,130,NA,6,5.5,NA,NA,"Abies balsamea (L.) Mill.",NA,NA,"2017",12,"douglas","Abies balsamea (L.) Mill.","balsam fir","Pinaceae","tree","balsamea",0.608,"sw2",-2.2304,2.4435,"AbiesBelow0.35spg","conifer","Conifer",0.33,-2.3123,2.3482,1.87856,0.79034,NA,"Check",2.05302489326714,1.68602077559612,NA
"Abies","ABBA","NEON.PLA.D05.TREE.01017","TREE_039","TREE","D05",2017-10-17,"Standing dead","small tree",NA,130,NA,2.2,1.8,NA,NA,"Abies balsamea (L.) Mill.",NA,NA,"2017",12,"douglas","Abies balsamea (L.) Mill.","balsam fir","Pinaceae","tree","balsamea",0.608,"sw2",-2.2304,2.4435,"AbiesBelow0.35spg","conifer","Conifer",0.33,-2.3123,2.3482,1.87856,0.79034,NA,"Check",0.133991222565366,0.122397951916805,NA
"Abies","ABBA","NEON.PLA.D05.TREE.02309","TREE_015","TREE","D05",2019-10-24,"Live","small tree",NA,130,NA,1.9,1.5,NA,NA,"Abies balsamea (L.) Mill.",NA,NA,"2019",12,"douglas","Abies balsamea (L.) Mill.","balsam fir","Pinaceae","tree","balsamea",0.608,"sw2",-2.2304,2.4435,"AbiesBelow0.35spg","conifer","Conifer",0.33,-2.3123,2.3482,1.87856,0.79034,NA,"Check",0.0858216727315645,0.0797702124793076,NA
"Abies","ABBA","NEON.PLA.D05.TREE.02498","TREE_015","TREE","D05",2019-10-24,"Dead, broken bole","small tree",NA,130,NA,1.4,3,NA,NA,"Abies balsamea (L.) Mill.",NA,NA,"2019",12,"douglas","Abies balsamea (L.) Mill.","balsam fir","Pinaceae","tree","balsamea",0.608,"sw2",-2.2304,2.4435,"AbiesBelow0.35spg","conifer","Conifer",0.33,-2.3123,2.3482,1.87856,0.79034,NA,"Check",0.46683538749886,0.40618079442985,NA
"Abies","ABBA","NEON.PLA.D05.TREE.01059","TREE_047","TREE","D05",2018-08-28,"Live","small tree",NA,130,NA,4.2,6.2,NA,NA,"Abies balsamea (L.) Mill.",NA,NA,"2018",12,"douglas","Abies balsamea (L.) Mill.","balsam fir","Pinaceae","tree","balsamea",0.608,"sw2",-2.2304,2.4435,"AbiesBelow0.35spg","conifer","Conifer",0.33,-2.3123,2.3482,1.87856,0.79034,NA,"Check",2.75123112968026,2.2337646798732,NA
"Abies","ABBA","NEON.PLA.D05.TREE.05100","TREE_039","TREE","D05",2019-10-23,"Live","small tree",NA,130,NA,1.9,2.8,NA,NA,"Abies balsamea (L.) Mill.",NA,NA,"2019",12,"douglas","Abies balsamea (L.) Mill.","balsam fir","Pinaceae","tree","balsamea",0.608,"sw2",-2.2304,2.4435,"AbiesBelow0.35spg","conifer","Conifer",0.33,-2.3123,2.3482,1.87856,0.79034,NA,"Check",0.394410649743346,0.345429754183071,NA
"Abies","ABBA","NEON.PLA.D05.TREE.00814","TREE_052","TREE","D05",2015-08-03,"Live","single bole tree","Mostly shaded",130,NA,8.9,10.8,NA,39,"Abies balsamea (L.) Mill.",6.6,132.3,"2015",12,"douglas","Abies balsamea (L.) Mill.","balsam fir","Pinaceae","tree","balsamea",0.608,"sw2",-2.2304,2.4435,"AbiesBelow0.35spg","conifer","Conifer",0.33,-2.3123,2.3482,1.87856,0.79034,NA,"Check",36.0180779880344,26.4524883706449,NA
"Abies","ABBA","NEON.PLA.D05.TREE.03172","TREE_057","TREE","D05",2018-10-16,"Live","single bole tree",NA,130,NA,9,11.6,NA,NA,"Abies balsamea (L.) Mill.",NA,NA,"2018",12,"douglas","Abies balsamea (L.) Mill.","balsam fir","Pinaceae","tree","balsamea",0.608,"sw2",-2.2304,2.4435,"AbiesBelow0.35spg","conifer","Conifer",0.33,-2.3123,2.3482,1.87856,0.79034,NA,"Check",42.8896679772996,31.2853573373404,NA
"Abies","ABBA","NEON.PLA.D05.TREE.03460","TREE_023","TREE","D05",2018-05-08,"Live","single bole tree","Mostly shaded",130,NA,9.2,11,NA,41,"Abies balsamea (L.) Mill.",8.2,191.4,"2018",12,"douglas","Abies balsamea (L.) Mill.","balsam fir","Pinaceae","tree","balsamea",0.608,"sw2",-2.2304,2.4435,"AbiesBelow0.35spg","conifer","Conifer",0.33,-2.3123,2.3482,1.87856,0.79034,NA,"Check",37.6697392257646,27.617169967899,NA
"Abies","ABBA","NEON.PLA.D05.TREE.01336","TREE_045","TREE","D05",2016-10-18,"Live","small tree",NA,130,NA,2.6,1.7,NA,NA,"Abies balsamea (L.) Mill.",NA,NA,"2016",12,"douglas","Abies balsamea (L.) Mill.","balsam fir","Pinaceae","tree","balsamea",0.608,"sw2",-2.2304,2.4435,"AbiesBelow0.35spg","conifer","Conifer",0.33,-2.3123,2.3482,1.87856,0.79034,NA,"Check",0.116525217678834,0.107024550262889,NA
"Abies","ABBA","NEON.PLA.D05.TREE.00339","TREE_054","TREE","D05",2015-07-30,"Live","single bole tree","Partially shaded",130,NA,9,12.9,NA,21,"Abies balsamea (L.) Mill.",8,63.9,"2015",12,"douglas","Abies balsamea (L.) Mill.","balsam fir","Pinaceae","tree","balsamea",0.608,"sw2",-2.2304,2.4435,"AbiesBelow0.35spg","conifer","Conifer",0.33,-2.3123,2.3482,1.87856,0.79034,NA,"Check",55.60009641439,40.1483431304396,NA
"Abies","ABBA","NEON.PLA.D05.TREE.01224","TREE_045","TREE","D05",2016-10-18,"Live","small tree",NA,130,NA,7.3,9.3,NA,NA,"Abies balsamea (L.) Mill.",NA,NA,"2016",12,"douglas","Abies balsamea (L.) Mill.","balsam fir","Pinaceae","tree","balsamea",0.608,"sw2",-2.2304,2.4435,"AbiesBelow0.35spg","conifer","Conifer",0.33,-2.3123,2.3482,1.87856,0.79034,NA,"Check",7.40979287392518,5.78808518500588,NA
"Abies","ABBA","NEON.PLA.D05.TREE.00713","TREE_057","TREE","D05",2015-08-04,"Live","sapling","Full shade",10,NA,1.6,2.6,NA,NA,"Abies balsamea (L.) Mill.",NA,NA,"2015",12,"douglas","Abies balsamea (L.) Mill.","balsam fir","Pinaceae","tree","balsamea",0.608,"sw2",-2.2304,2.4435,"AbiesBelow0.35spg","conifer","Conifer",0.33,-2.3123,2.3482,1.87856,0.79034,1.9028179267866,"Check",0.153470576886941,0.13945170868852,NA
"Abies","ABBA","NEON.PLA.D05.TREE.01484","TREE_039","TREE","D05",2018-10-17,"Live","small tree",NA,130,NA,5.7,7.4,NA,NA,"Abies balsamea (L.) Mill.",NA,NA,"2018",12,"douglas","Abies balsamea (L.) Mill.","balsam fir","Pinaceae","tree","balsamea",0.608,"sw2",-2.2304,2.4435,"AbiesBelow0.35spg","conifer","Conifer",0.33,-2.3123,2.3482,1.87856,0.79034,NA,"Check",4.23921741555325,3.38433370076885,NA
"Abies","ABBA","NEON.PLA.D05.TREE.00349","TREE_054","TREE","D05",2015-07-30,"Live","single bole tree","Mostly shaded",130,NA,8.6,10.9,NA,41,"Abies balsamea (L.) Mill.",15.9,37,"2015",12,"douglas","Abies balsamea (L.) Mill.","balsam fir","Pinaceae","tree","balsamea",0.608,"sw2",-2.2304,2.4435,"AbiesBelow0.35spg","conifer","Conifer",0.33,-2.3123,2.3482,1.87856,0.79034,NA,"Check",36.8384403787844,27.0312277681496,NA
"Abies","ABBA","NEON.PLA.D05.TREE.01060","TREE_047","TREE","D05",2018-10-11,"Live","small tree",NA,130,NA,5.8,7.4,NA,NA,"Abies balsamea (L.) Mill.",NA,NA,"2018",12,"douglas","Abies balsamea (L.) Mill.","balsam fir","Pinaceae","tree","balsamea",0.608,"sw2",-2.2304,2.4435,"AbiesBelow0.35spg","conifer","Conifer",0.33,-2.3123,2.3482,1.87856,0.79034,NA,"Check",4.23921741555325,3.38433370076885,NA
"Abies","ABBA","NEON.PLA.D05.TREE.00713","TREE_057","TREE","D05",2017-10-17,"Live","small tree",NA,130,NA,2.7,2.4,NA,NA,"Abies balsamea (L.) Mill.",NA,NA,"2017",12,"douglas","Abies balsamea (L.) Mill.","balsam fir","Pinaceae","tree","balsamea",0.608,"sw2",-2.2304,2.4435,"AbiesBelow0.35spg","conifer","Conifer",0.33,-2.3123,2.3482,1.87856,0.79034,NA,"Check",0.27062265635465,0.240522268978321,NA
"Abies","ABBA","NEON.PLA.D05.TREE.03660","TREE_004","TREE","D05",2019-10-08,"Live","single bole tree","Partially shaded",130,NA,15.3,18.2,NA,31,"Abies balsamea (L.) Mill.",6.2,13.2,"2019",12,"douglas","Abies balsamea (L.) Mill.","balsam fir","Pinaceae","tree","balsamea",0.608,"sw2",-2.2304,2.4435,"AbiesBelow0.35spg","conifer","Conifer",0.33,-2.3123,2.3482,1.87856,0.79034,NA,"Check",128.924074992767,90.0908123057114,NA
"Abies","ABBA","NEON.PLA.D05.TREE.01340","TREE_045","TREE","D05",2015-08-11,"Live","small tree","Full shade",130,NA,2,1.3,NA,NA,"Abies balsamea (L.) Mill.",NA,NA,"2015",12,"douglas","Abies balsamea (L.) Mill.","balsam fir","Pinaceae","tree","balsamea",0.608,"sw2",-2.2304,2.4435,"AbiesBelow0.35spg","conifer","Conifer",0.33,-2.3123,2.3482,1.87856,0.79034,NA,"Check",0.060497658336138,0.0570039609933637,NA
"Abies","ABBA","NEON.PLA.D05.TREE.00227","TREE_050","TREE","D05",2017-08-30,"Live","small tree",NA,130,NA,7.2,7.1,NA,NA,"Abies balsamea (L.) Mill.",NA,NA,"2017",12,"douglas","Abies balsamea (L.) Mill.","balsam fir","Pinaceae","tree","balsamea",0.608,"sw2",-2.2304,2.4435,"AbiesBelow0.35spg","conifer","Conifer",0.33,-2.3123,2.3482,1.87856,0.79034,NA,"Check",3.83149054878416,3.07091721361445,NA
"Abies","ABBA","NEON.PLA.D05.TREE.01391","TREE_043","TREE","D05",2020-10-05,"Live","single bole tree","Mostly shaded",130,NA,9,11.5,NA,43,"Abies balsamea (L.) Mill.",4.3,339.6,"2020",12,"douglas","Abies balsamea (L.) Mill.","balsam fir","Pinaceae","tree","balsamea",0.608,"sw2",-2.2304,2.4435,"AbiesBelow0.35spg","conifer","Conifer",0.33,-2.3123,2.3482,1.87856,0.79034,NA,"Check",41.99182602644,30.6557212360055,NA
"Abies","ABBA","NEON.PLA.D05.TREE.00379","TREE_054","TREE","D05",2018-10-09,"Live","small tree",NA,130,NA,5.9,7,NA,NA,"Abies balsamea (L.) Mill.",NA,NA,"2018",12,"douglas","Abies balsamea (L.) Mill.","balsam fir","Pinaceae","tree","balsamea",0.608,"sw2",-2.2304,2.4435,"AbiesBelow0.35spg","conifer","Conifer",0.33,-2.3123,2.3482,1.87856,0.79034,NA,"Check",3.70096556496113,2.9703147503217,NA
"Abies","ABBA","NEON.PLA.D05.TREE.00888","TREE_057","TREE","D05",2017-10-17,"Live","small tree",NA,130,NA,2.2,1.3,NA,NA,"Abies balsamea (L.) Mill.",NA,NA,"2017",12,"douglas","Abies balsamea (L.) Mill.","balsam fir","Pinaceae","tree","balsamea",0.608,"sw2",-2.2304,2.4435,"AbiesBelow0.35spg","conifer","Conifer",0.33,-2.3123,2.3482,1.87856,0.79034,NA,"Check",0.060497658336138,0.0570039609933637,NA
"Abies","ABBA","NEON.PLA.D05.TREE.02491","TREE_015","TREE","D05",2019-10-24,"Live","small tree",NA,130,NA,5,5.1,NA,NA,"Abies balsamea (L.) Mill.",NA,NA,"2019",12,"douglas","Abies balsamea (L.) Mill.","balsam fir","Pinaceae","tree","balsamea",0.608,"sw2",-2.2304,2.4435,"AbiesBelow0.35spg","conifer","Conifer",0.33,-2.3123,2.3482,1.87856,0.79034,NA,"Check",1.70712651883997,1.41208078007819,NA
"Abies","ABBA","NEON.PLA.D05.TREE.00011","TREE_056","TREE","D05",2015-07-29,"Live","small tree","Full shade",130,NA,4.5,5.7,NA,NA,"Abies balsamea (L.) Mill.",NA,NA,"2015",12,"douglas","Abies balsamea (L.) Mill.","balsam fir","Pinaceae","tree","balsamea",0.608,"sw2",-2.2304,2.4435,"AbiesBelow0.35spg","conifer","Conifer",0.33,-2.3123,2.3482,1.87856,0.79034,NA,"Check",2.24025880718396,1.83353240732249,NA
"Abies","ABBA","NEON.PLA.D05.TREE.01059","TREE_047","TREE","D05",2016-10-19,"Live","small tree",NA,130,NA,3.2,5.7,NA,NA,"Abies balsamea (L.) Mill.",NA,NA,"2016",12,"douglas","Abies balsamea (L.) Mill.","balsam fir","Pinaceae","tree","balsamea",0.608,"sw2",-2.2304,2.4435,"AbiesBelow0.35spg","conifer","Conifer",0.33,-2.3123,2.3482,1.87856,0.79034,NA,"Check",2.24025880718396,1.83353240732249,NA
"Abies","ABBA","NEON.PLA.D05.TREE.01062","TREE_039","TREE","D05",2017-10-17,"Live","small tree",NA,160,NA,8.6,6.1,NA,NA,"Abies balsamea (L.) Mill.",NA,NA,"2017",12,"douglas","Abies balsamea (L.) Mill.","balsam fir","Pinaceae","tree","balsamea",0.608,"sw2",-2.2304,2.4435,"AbiesBelow0.35spg","conifer","Conifer",0.33,-2.3123,2.3482,1.87856,0.79034,NA,"Check",2.6440607869953,2.15008075996871,NA
"Abies","ABBA","NEON.PLA.D05.TREE.00294","TREE_054","TREE","D05",2016-10-18,"Live","single bole tree",NA,130,NA,10.4,13.3,NA,23,"Abies balsamea (L.) Mill.",7,344.1,"2016",12,"douglas","Abies balsamea (L.) Mill.","balsam fir","Pinaceae","tree","balsamea",0.608,"sw2",-2.2304,2.4435,"AbiesBelow0.35spg","conifer","Conifer",0.33,-2.3123,2.3482,1.87856,0.79034,NA,"Check",59.907482873306,43.1329629974291,NA
"Abies","ABBA","NEON.PLA.D05.TREE.02209","TREE_023","TREE","D05",2019-11-04,"Live","small tree",NA,130,NA,3.4,3.2,NA,NA,"Abies balsamea (L.) Mill.",NA,NA,"2019",12,"douglas","Abies balsamea (L.) Mill.","balsam fir","Pinaceae","tree","balsamea",0.608,"sw2",-2.2304,2.4435,"AbiesBelow0.35spg","conifer","Conifer",0.33,-2.3123,2.3482,1.87856,0.79034,NA,"Check",0.546577758828339,0.4726464860605,NA
"Abies","ABBA","NEON.PLA.D05.TREE.01336","TREE_045","TREE","D05",2017-10-19,"Live","small tree",NA,130,NA,2.8,2.5,NA,NA,"Abies balsamea (L.) Mill.",NA,NA,"2017",12,"douglas","Abies balsamea (L.) Mill.","balsam fir","Pinaceae","tree","balsamea",0.608,"sw2",-2.2304,2.4435,"AbiesBelow0.35spg","conifer","Conifer",0.33,-2.3123,2.3482,1.87856,0.79034,NA,"Check",0.299009092374654,0.264719529773721,NA
"Abies","ABBA","NEON.PLA.D05.TREE.01421","TREE_039","TREE","D05",2020-10-01,"Live","small tree","Mostly shaded",130,NA,2.9,3.2,NA,NA,"Abies balsamea (L.) Mill.",NA,NA,"2020",12,"douglas","Abies balsamea (L.) Mill.","balsam fir","Pinaceae","tree","balsamea",0.608,"sw2",-2.2304,2.4435,"AbiesBelow0.35spg","conifer","Conifer",0.33,-2.3123,2.3482,1.87856,0.79034,NA,"Check",0.546577758828339,0.4726464860605,NA
"Abies","ABBA","NEON.PLA.D05.TREE.01302","TREE_039","TREE","D05",2016-10-18,"Live","small tree",NA,130,NA,6.7,7.2,NA,NA,"Abies balsamea (L.) Mill.",NA,NA,"2016",12,"douglas","Abies balsamea (L.) Mill.","balsam fir","Pinaceae","tree","balsamea",0.608,"sw2",-2.2304,2.4435,"AbiesBelow0.35spg","conifer","Conifer",0.33,-2.3123,2.3482,1.87856,0.79034,NA,"Check",3.96469641906411,3.17344826370043,NA
"Abies","ABBA","NEON.PLA.D05.TREE.01141","TREE_039","TREE","D05",2017-10-17,"Live","small tree",NA,130,NA,3.3,3.6,NA,NA,"Abies balsamea (L.) Mill.",NA,NA,"2017",12,"douglas","Abies balsamea (L.) Mill.","balsam fir","Pinaceae","tree","balsamea",0.608,"sw2",-2.2304,2.4435,"AbiesBelow0.35spg","conifer","Conifer",0.33,-2.3123,2.3482,1.87856,0.79034,NA,"Check",0.72885836778549,0.623236366068985,NA
"Abies","ABBA","NEON.PLA.D05.TREE.00315","TREE_054","TREE","D05",2015-07-30,"Live","single bole tree","Full sun",130,NA,9.1,10.6,NA,23,"Abies balsamea (L.) Mill.",6.1,295.1,"2015",12,"douglas","Abies balsamea (L.) Mill.","balsam fir","Pinaceae","tree","balsamea",0.608,"sw2",-2.2304,2.4435,"AbiesBelow0.35spg","conifer","Conifer",0.33,-2.3123,2.3482,1.87856,0.79034,NA,"Check",34.4099838934569,25.3165255279514,NA
"Abies","ABBA","NEON.PLA.D05.TREE.01485","TREE_045","TREE","D05",2015-08-11,"Standing dead","single bole tree","Partially shaded",130,NA,7.9,18.4,NA,57,"Abies balsamea (L.) Mill.",3.3,121.4,"2015",12,"douglas","Abies balsamea (L.) Mill.","balsam fir","Pinaceae","tree","balsamea",0.608,"sw2",-2.2304,2.4435,"AbiesBelow0.35spg","conifer","Conifer",0.33,-2.3123,2.3482,1.87856,0.79034,NA,"Check",132.413400284121,92.432794143097,NA
"Abies","ABBA","NEON.PLA.D05.TREE.02302","TREE_015","TREE","D05",2018-05-08,"Live","small tree",NA,130,NA,NA,3.5,NA,NA,"Abies balsamea (L.) Mill.",NA,NA,"2018",12,"douglas","Abies balsamea (L.) Mill.","balsam fir","Pinaceae","tree","balsamea",0.608,"sw2",-2.2304,2.4435,"AbiesBelow0.35spg","conifer","Conifer",0.33,-2.3123,2.3482,1.87856,0.79034,NA,"Check",0.680374847349505,0.583342792207044,NA
"Abies","ABBA","NEON.PLA.D05.TREE.00386","TREE_051","TREE","D05",2017-09-26,"Live","single bole tree",NA,130,NA,15.2,18.7,NA,59,"Abies balsamea (L.) Mill.",1.1,92.7,"2017",12,"douglas","Abies balsamea (L.) Mill.","balsam fir","Pinaceae","tree","balsamea",0.608,"sw2",-2.2304,2.4435,"AbiesBelow0.35spg","conifer","Conifer",0.33,-2.3123,2.3482,1.87856,0.79034,NA,"Check",137.750934295327,96.0106323258423,NA
"Abies","ABBA","NEON.PLA.D05.TREE.02215","TREE_015","TREE","D05",2018-05-08,"Live","single bole tree","Partially shaded",130,NA,12.5,15.6,NA,NA,"Abies balsamea (L.) Mill.",NA,NA,"2018",12,"douglas","Abies balsamea (L.) Mill.","balsam fir","Pinaceae","tree","balsamea",0.608,"sw2",-2.2304,2.4435,"AbiesBelow0.35spg","conifer","Conifer",0.33,-2.3123,2.3482,1.87856,0.79034,NA,"Check",88.4605313403995,62.7301103262393,NA
"Abies","ABBA","NEON.PLA.D05.TREE.02490","TREE_015","TREE","D05",2018-05-08,"Standing dead","small tree",NA,130,NA,4.1,3.9,NA,NA,"Abies balsamea (L.) Mill.",NA,NA,"2018",12,"douglas","Abies balsamea (L.) Mill.","balsam fir","Pinaceae","tree","balsamea",0.608,"sw2",-2.2304,2.4435,"AbiesBelow0.35spg","conifer","Conifer",0.33,-2.3123,2.3482,1.87856,0.79034,NA,"Check",0.886307349864757,0.752109656236205,NA
"Abies","ABBA","NEON.PLA.D05.TREE.01388","TREE_045","TREE","D05",2018-10-17,"Live","small tree",NA,130,NA,2.7,3.9,NA,NA,"Abies balsamea (L.) Mill.",NA,NA,"2018",12,"douglas","Abies balsamea (L.) Mill.","balsam fir","Pinaceae","tree","balsamea",0.608,"sw2",-2.2304,2.4435,"AbiesBelow0.35spg","conifer","Conifer",0.33,-2.3123,2.3482,1.87856,0.79034,NA,"Check",0.886307349864757,0.752109656236205,NA
"Abies","ABBA","NEON.PLA.D05.TREE.03876","TREE_039","TREE","D05",2020-10-01,"Live","small tree","Mostly shaded",130,NA,1.8,1,NA,NA,"Abies balsamea (L.) Mill.",NA,NA,"2020",12,"douglas","Abies balsamea (L.) Mill.","balsam fir","Pinaceae","tree","balsamea",0.608,"sw2",-2.2304,2.4435,"AbiesBelow0.35spg","conifer","Conifer",0.33,-2.3123,2.3482,1.87856,0.79034,NA,"Check",0.0318652979425638,0.030785290376143,NA
"Abies","ABBA","NEON.PLA.D05.TREE.00011","TREE_056","TREE","D05",2022-09-20,"Live","small tree","Full shade",130,NA,7.8,9.6,NA,NA,"Abies balsamea (L.) Mill.",NA,NA,"2022",12,"douglas","Abies balsamea (L.) Mill.","balsam fir","Pinaceae","tree","balsamea",0.608,"sw2",-2.2304,2.4435,"AbiesBelow0.35spg","conifer","Conifer",0.33,-2.3123,2.3482,1.87856,0.79034,NA,"Check",8.00751464181528,6.23609271983042,NA
"Abies","ABBA","NEON.PLA.D05.TREE.02481","TREE_023","TREE","D05",2019-11-04,"Live","small tree",NA,130,NA,2.6,2.1,NA,NA,"Abies balsamea (L.) Mill.",NA,NA,"2019",12,"douglas","Abies balsamea (L.) Mill.","balsam fir","Pinaceae","tree","balsamea",0.608,"sw2",-2.2304,2.4435,"AbiesBelow0.35spg","conifer","Conifer",0.33,-2.3123,2.3482,1.87856,0.79034,NA,"Check",0.19528137763401,0.175783700289906,NA
"Abies","ABBA","NEON.PLA.D05.TREE.00011","TREE_056","TREE","D05",2021-09-22,"Live","small tree","Mostly shaded",130,NA,7.7,9.1,NA,NA,"Abies balsamea (L.) Mill.",NA,NA,"2021",12,"douglas","Abies balsamea (L.) Mill.","balsam fir","Pinaceae","tree","balsamea",0.608,"sw2",-2.2304,2.4435,"AbiesBelow0.35spg","conifer","Conifer",0.33,-2.3123,2.3482,1.87856,0.79034,NA,"Check",7.02644458766406,5.50001978531166,NA
"Abies","ABBA","NEON.PLA.D05.TREE.01302","TREE_039","TREE","D05",2018-10-17,"Live","small tree",NA,130,NA,7.5,8,NA,NA,"Abies balsamea (L.) Mill.",NA,NA,"2018",12,"douglas","Abies balsamea (L.) Mill.","balsam fir","Pinaceae","tree","balsamea",0.608,"sw2",-2.2304,2.4435,"AbiesBelow0.35spg","conifer","Conifer",0.33,-2.3123,2.3482,1.87856,0.79034,NA,"Check",5.12883073850477,4.06423827777494,NA
"Abies","ABBA","NEON.PLA.D05.TREE.00596","TREE_054","TREE","D05",2016-10-18,"Live","single bole tree",NA,130,NA,11.1,12.1,NA,23,"Abies balsamea (L.) Mill.",2.1,332.3,"2016",12,"douglas","Abies balsamea (L.) Mill.","balsam fir","Pinaceae","tree","balsamea",0.608,"sw2",-2.2304,2.4435,"AbiesBelow0.35spg","conifer","Conifer",0.33,-2.3123,2.3482,1.87856,0.79034,NA,"Check",47.5483707006928,34.5443858596436,NA
"Abies","ABBA","NEON.PLA.D05.TREE.05199","TREE_039","TREE","D05",2020-10-01,"Live","small tree","Mostly shaded",130,NA,2.4,2.1,NA,NA,"Abies balsamea (L.) Mill.",NA,NA,"2020",12,"douglas","Abies balsamea (L.) Mill.","balsam fir","Pinaceae","tree","balsamea",0.608,"sw2",-2.2304,2.4435,"AbiesBelow0.35spg","conifer","Conifer",0.33,-2.3123,2.3482,1.87856,0.79034,NA,"Check",0.19528137763401,0.175783700289906,NA
"Abies","ABBA","NEON.PLA.D05.TREE.00701","TREE_052","TREE","D05",2017-09-26,"Live","small tree",NA,130,NA,3.1,3.4,NA,NA,"Abies balsamea (L.) Mill.",NA,NA,"2017",12,"douglas","Abies balsamea (L.) Mill.","balsam fir","Pinaceae","tree","balsamea",0.608,"sw2",-2.2304,2.4435,"AbiesBelow0.35spg","conifer","Conifer",0.33,-2.3123,2.3482,1.87856,0.79034,NA,"Check",0.633850324948051,0.544956763911768,NA
"Abies","ABBA","NEON.PLA.D05.TREE.01421","TREE_039","TREE","D05",2018-10-17,"Live","small tree",NA,130,NA,2.4,2.1,NA,NA,"Abies balsamea (L.) Mill.",NA,NA,"2018",12,"douglas","Abies balsamea (L.) Mill.","balsam fir","Pinaceae","tree","balsamea",0.608,"sw2",-2.2304,2.4435,"AbiesBelow0.35spg","conifer","Conifer",0.33,-2.3123,2.3482,1.87856,0.79034,NA,"Check",0.19528137763401,0.175783700289906,NA
"Abies","ABBA","NEON.PLA.D05.TREE.05199","TREE_039","TREE","D05",2019-10-23,"Live","small tree",NA,130,NA,2.2,1.5,NA,NA,"Abies balsamea (L.) Mill.",NA,NA,"2019",12,"douglas","Abies balsamea (L.) Mill.","balsam fir","Pinaceae","tree","balsamea",0.608,"sw2",-2.2304,2.4435,"AbiesBelow0.35spg","conifer","Conifer",0.33,-2.3123,2.3482,1.87856,0.79034,NA,"Check",0.0858216727315645,0.0797702124793076,NA
"Abies","ABBA","NEON.PLA.D05.TREE.02217","TREE_015","TREE","D05",2019-10-24,"Live","single bole tree","Mostly shaded",130,NA,10.4,12.9,NA,NA,"Abies balsamea (L.) Mill.",NA,NA,"2019",12,"douglas","Abies balsamea (L.) Mill.","balsam fir","Pinaceae","tree","balsamea",0.608,"sw2",-2.2304,2.4435,"AbiesBelow0.35spg","conifer","Conifer",0.33,-2.3123,2.3482,1.87856,0.79034,NA,"Check",55.60009641439,40.1483431304396,NA
"Abies","ABBA","NEON.PLA.D05.TREE.01485","TREE_045","TREE","D05",2018-10-17,"Dead, broken bole","single bole tree",NA,130,NA,8.3,16,NA,57,"Abies balsamea (L.) Mill.",3.3,121.4,"2018",12,"douglas","Abies balsamea (L.) Mill.","balsam fir","Pinaceae","tree","balsamea",0.608,"sw2",-2.2304,2.4435,"AbiesBelow0.35spg","conifer","Conifer",0.33,-2.3123,2.3482,1.87856,0.79034,NA,"Check",94.1058810763383,66.5725837617076,NA
"Abies","ABBA","NEON.PLA.D05.TREE.03271","TREE_001","TREE","D05",2019-10-07,"Live","single bole tree","Mostly shaded",130,NA,12.6,13.5,NA,49,"Abies balsamea (L.) Mill.",6.7,94.2,"2019",12,"douglas","Abies balsamea (L.) Mill.","balsam fir","Pinaceae","tree","balsamea",0.608,"sw2",-2.2304,2.4435,"AbiesBelow0.35spg","conifer","Conifer",0.33,-2.3123,2.3482,1.87856,0.79034,NA,"Check",62.1326891879771,44.671509156615,NA
"Abies","ABBA","NEON.PLA.D05.TREE.01420","TREE_041","TREE","D05",2017-10-16,"Live","small tree",NA,130,NA,3.3,3.5,NA,NA,"Abies balsamea (L.) Mill.",NA,NA,"2017",12,"douglas","Abies balsamea (L.) Mill.","balsam fir","Pinaceae","tree","balsamea",0.608,"sw2",-2.2304,2.4435,"AbiesBelow0.35spg","conifer","Conifer",0.33,-2.3123,2.3482,1.87856,0.79034,NA,"Check",0.680374847349505,0.583342792207044,NA
"Acer","ACRU","NEON.PLA.D05.TREE.00825","TREE_025","TREE","D05",2017-10-18,"Live","single bole tree",NA,130,NA,21.3,38.8,NA,23,"Acer rubrum L.",11.1,31.1,"2017",316,"soft maple/birch","Acer rubrum L.","red maple","Aceraceae","tree","rubrum",0.744,"hw2",-1.9123,2.3651,"AceraceaeBelow0.50spg","hardwood","Hardwood",0.44,-2.047,2.3852,0.21103,0.95964,NA,"Check",845.755004860503,795.574083975046,NA
"Acer","ACRU","NEON.PLA.D05.TREE.00890","TREE_052","TREE","D05",2015-08-03,"Live","single bole tree","Partially shaded",130,NA,8.5,13,NA,41,"Acer rubrum L.",7,171.1,"2015",316,"soft maple/birch","Acer rubrum L.","red maple","Aceraceae","tree","rubrum",0.744,"hw2",-1.9123,2.3651,"AceraceaeBelow0.50spg","hardwood","Hardwood",0.44,-2.047,2.3852,0.21103,0.95964,NA,"Check",63.6921757480048,58.6106961109378,NA
"Acer","ACRU","NEON.PLA.D05.TREE.00244","TREE_056","TREE","D05",2022-09-20,"Live","single bole tree","Partially shaded",130,NA,21,32.3,NA,61,"Acer rubrum L.",1.2,203.4,"2022",316,"soft maple/birch","Acer rubrum L.","red maple","Aceraceae","tree","rubrum",0.744,"hw2",-1.9123,2.3651,"AceraceaeBelow0.50spg","hardwood","Hardwood",0.44,-2.047,2.3852,0.21103,0.95964,NA,"Check",548.167833853256,513.746707762267,NA
"Acer","ACRU","NEON.PLA.D05.TREE.01103","TREE_043","TREE","D05",2019-10-23,"Live","small tree",NA,130,NA,2.6,1.3,NA,NA,"Acer rubrum L.",NA,NA,"2019",316,"soft maple/birch","Acer rubrum L.","red maple","Aceraceae","tree","rubrum",0.744,"hw2",-1.9123,2.3651,"AceraceaeBelow0.50spg","hardwood","Hardwood",0.44,-2.047,2.3852,0.21103,0.95964,NA,"Check",0.136534761067149,0.119248423248435,NA
"Acer","ACRU","NEON.PLA.D05.TREE.01098","TREE_044","TREE","D05",2016-10-19,"Live","small tree",NA,130,NA,3,1.5,NA,NA,"Acer rubrum L.",NA,NA,"2016",316,"soft maple/birch","Acer rubrum L.","red maple","Aceraceae","tree","rubrum",0.744,"hw2",-1.9123,2.3651,"AceraceaeBelow0.50spg","hardwood","Hardwood",0.44,-2.047,2.3852,0.21103,0.95964,NA,"Check",0.191526666069617,0.16775977404484,NA
"Acer","ACRU","NEON.PLA.D05.TREE.01298A","TREE_045","TREE","D05",2017-10-19,"Live","multi-bole tree",NA,130,NA,NA,28.1,NA,41,"Acer rubrum L.",5.5,313.3,"2017",316,"soft maple/birch","Acer rubrum L.","red maple","Aceraceae","tree","rubrum",0.744,"hw2",-1.9123,2.3651,"AceraceaeBelow0.50spg","hardwood","Hardwood",0.44,-2.047,2.3852,0.21103,0.95964,NA,"Check",394.306539171731,368.513591214592,NA
"Acer","ACRU","NEON.PLA.D05.TREE.00048","TREE_055","TREE","D05",2017-09-14,"Live","single bole tree",NA,130,NA,24.1,35.4,NA,41,"Acer rubrum L.",9,306.7,"2017",316,"soft maple/birch","Acer rubrum L.","red maple","Aceraceae","tree","rubrum",0.744,"hw2",-1.9123,2.3651,"AceraceaeBelow0.50spg","hardwood","Hardwood",0.44,-2.047,2.3852,0.21103,0.95964,NA,"Check",680.841903544631,639.266249446735,NA
"Acer","ACRU","NEON.PLA.D05.TREE.00796","TREE_025","TREE","D05",2016-10-18,"Live","single bole tree",NA,130,NA,20.4,33.8,NA,41,"Acer rubrum L.",4.6,239,"2016",316,"soft maple/birch","Acer rubrum L.","red maple","Aceraceae","tree","rubrum",0.744,"hw2",-1.9123,2.3651,"AceraceaeBelow0.50spg","hardwood","Hardwood",0.44,-2.047,2.3852,0.21103,0.95964,NA,"Check",610.294632078827,572.494487234146,NA
"Acer","ACRU","NEON.PLA.D05.TREE.00869","TREE_052","TREE","D05",2018-08-29,"Live","single bole tree",NA,130,NA,17.1,29,NA,41,"Acer rubrum L.",10.1,230,"2018",316,"soft maple/birch","Acer rubrum L.","red maple","Aceraceae","tree","rubrum",0.744,"hw2",-1.9123,2.3651,"AceraceaeBelow0.50spg","hardwood","Hardwood",0.44,-2.047,2.3852,0.21103,0.95964,NA,"Check",424.830968017863,397.292988059821,NA
"Acer","ACRU","NEON.PLA.D05.TREE.00048","TREE_055","TREE","D05",2015-07-29,"Live","single bole tree","Full sun",130,NA,23.7,34.6,NA,41,"Acer rubrum L.",9,306.7,"2015",316,"soft maple/birch","Acer rubrum L.","red maple","Aceraceae","tree","rubrum",0.744,"hw2",-1.9123,2.3651,"AceraceaeBelow0.50spg","hardwood","Hardwood",0.44,-2.047,2.3852,0.21103,0.95964,NA,"Check",645.011627296007,605.345762143836,NA
"Acer","ACRU","NEON.PLA.D05.TREE.00739","TREE_052","TREE","D05",2017-09-26,"Live","single bole tree",NA,130,NA,12.7,20.7,NA,25,"Acer rubrum L.",9.6,329.1,"2017",316,"soft maple/birch","Acer rubrum L.","red maple","Aceraceae","tree","rubrum",0.744,"hw2",-1.9123,2.3651,"AceraceaeBelow0.50spg","hardwood","Hardwood",0.44,-2.047,2.3852,0.21103,0.95964,NA,"Check",191.381575860142,177.767212935356,NA
"Acer","ACRU","NEON.PLA.D05.TREE.02198A","TREE_003","TREE","D05",2018-04-25,"Live","multi-bole tree",NA,130,NA,NA,30.4,NA,31,"Acer rubrum L.",8.3,80.7,"2018",316,"soft maple/birch","Acer rubrum L.","red maple","Aceraceae","tree","rubrum",0.744,"hw2",-1.9123,2.3651,"AceraceaeBelow0.50spg","hardwood","Hardwood",0.44,-2.047,2.3852,0.21103,0.95964,NA,"Check",474.944622560788,444.579330161581,NA
"Acer","ACRU","NEON.PLA.D05.TREE.00278","TREE_056","TREE","D05",2016-09-28,"Live","single bole tree",NA,130,NA,16.6,20,NA,41,"Acer rubrum L.",9,60.8,"2016",316,"soft maple/birch","Acer rubrum L.","red maple","Aceraceae","tree","rubrum",0.744,"hw2",-1.9123,2.3651,"AceraceaeBelow0.50spg","hardwood","Hardwood",0.44,-2.047,2.3852,0.21103,0.95964,NA,"Check",176.426860110741,163.76305866054,NA
"Acer","ACRU","NEON.PLA.D05.TREE.00002","TREE_056","TREE","D05",2022-09-20,"Live","single bole tree","Full sun",130,NA,19.5,22.2,NA,41,"Acer rubrum L.",8.5,224.6,"2022",316,"soft maple/birch","Acer rubrum L.","red maple","Aceraceae","tree","rubrum",0.744,"hw2",-1.9123,2.3651,"AceraceaeBelow0.50spg","hardwood","Hardwood",0.44,-2.047,2.3852,0.21103,0.95964,NA,"Check",225.817753254274,210.048850991198,NA
"Acer","ACRU","NEON.PLA.D05.TREE.00739","TREE_052","TREE","D05",2016-09-29,"Live","single bole tree",NA,130,NA,12.3,20,NA,25,"Acer rubrum L.",9.6,329.1,"2016",316,"soft maple/birch","Acer rubrum L.","red maple","Aceraceae","tree","rubrum",0.744,"hw2",-1.9123,2.3651,"AceraceaeBelow0.50spg","hardwood","Hardwood",0.44,-2.047,2.3852,0.21103,0.95964,NA,"Check",176.426860110741,163.76305866054,NA
"Acer","ACRU","NEON.PLA.D05.TREE.00840","TREE_057","TREE","D05",2017-10-17,"Live","multi-bole tree",NA,130,NA,18.5,34,NA,23,"Acer rubrum L.",7.9,358.5,"2017",316,"soft maple/birch","Acer rubrum L.","red maple","Aceraceae","tree","rubrum",0.744,"hw2",-1.9123,2.3651,"AceraceaeBelow0.50spg","hardwood","Hardwood",0.44,-2.047,2.3852,0.21103,0.95964,NA,"Check",618.870026176133,580.607589492523,NA
"Acer","ACRU","NEON.PLA.D05.TREE.00273","TREE_056","TREE","D05",2022-09-20,"Live, physically damaged","single bole tree","Partially shaded",130,NA,19.3,22,NA,61,"Acer rubrum L.",9.1,236.4,"2022",316,"soft maple/birch","Acer rubrum L.","red maple","Aceraceae","tree","rubrum",0.744,"hw2",-1.9123,2.3651,"AceraceaeBelow0.50spg","hardwood","Hardwood",0.44,-2.047,2.3852,0.21103,0.95964,NA,"Check",221.035761780458,205.563391280021,NA
"Acer","ACRU","NEON.PLA.D05.TREE.01106","TREE_045","TREE","D05",2016-10-18,"Live","single bole tree",NA,130,NA,16.4,14.5,NA,43,"Acer rubrum L.",7.7,247.4,"2016",316,"soft maple/birch","Acer rubrum L.","red maple","Aceraceae","tree","rubrum",0.744,"hw2",-1.9123,2.3651,"AceraceaeBelow0.50spg","hardwood","Hardwood",0.44,-2.047,2.3852,0.21103,0.95964,NA,"Check",82.4612899714447,76.0491132550861,NA
"Acer","ACRU","NEON.PLA.D05.TREE.02913","TREE_001","TREE","D05",2017-10-25,"Live","small tree",NA,130,NA,2.3,1.1,NA,NA,"Acer rubrum L.",NA,NA,"2017",316,"soft maple/birch","Acer rubrum L.","red maple","Aceraceae","tree","rubrum",0.744,"hw2",-1.9123,2.3651,"AceraceaeBelow0.50spg","hardwood","Hardwood",0.44,-2.047,2.3852,0.21103,0.95964,NA,"Check",0.0919715809305997,0.0800580106252001,NA
"Acer","ACRU","NEON.PLA.D05.TREE.00206","TREE_025","TREE","D05",2017-10-18,"Live","multi-bole tree",NA,150,NA,18.6,26.3,NA,41,"Acer rubrum L.",13.2,110,"2017",316,"soft maple/birch","Acer rubrum L.","red maple","Aceraceae","tree","rubrum",0.744,"hw2",-1.9123,2.3651,"AceraceaeBelow0.50spg","hardwood","Hardwood",0.44,-2.047,2.3852,0.21103,0.95964,NA,"Check",337.159967273274,314.686162841566,NA
"Acer","ACRU","NEON.PLA.D05.TREE.01349","TREE_039","TREE","D05",2020-10-01,"Live","multi-bole tree","Full sun",130,NA,14.6,31,NA,43,"Acer rubrum L.",14.3,228,"2020",316,"soft maple/birch","Acer rubrum L.","red maple","Aceraceae","tree","rubrum",0.744,"hw2",-1.9123,2.3651,"AceraceaeBelow0.50spg","hardwood","Hardwood",0.44,-2.047,2.3852,0.21103,0.95964,NA,"Check",497.414228807279,465.795306011597,NA
"Acer","ACRU","NEON.PLA.D05.TREE.00556","TREE_046","TREE","D05",2022-09-19,"Live","single bole tree","Full sun",130,NA,23.1,28.7,NA,43,"Acer rubrum L.",4.4,236.1,"2022",316,"soft maple/birch","Acer rubrum L.","red maple","Aceraceae","tree","rubrum",0.744,"hw2",-1.9123,2.3651,"AceraceaeBelow0.50spg","hardwood","Hardwood",0.44,-2.047,2.3852,0.21103,0.95964,NA,"Check",414.510118266425,387.560132430688,NA
"Acer","ACRU","NEON.PLA.D05.TREE.00861A","TREE_057","TREE","D05",2018-10-16,"Live","multi-bole tree",NA,130,NA,20.5,22.4,NA,43,"Acer rubrum L.",8,255.6,"2018",316,"soft maple/birch","Acer rubrum L.","red maple","Aceraceae","tree","rubrum",0.744,"hw2",-1.9123,2.3651,"AceraceaeBelow0.50spg","hardwood","Hardwood",0.44,-2.047,2.3852,0.21103,0.95964,NA,"Check",230.65891797748,214.590636965619,NA
"Acer","ACRU","NEON.PLA.D05.TREE.01454","TREE_045","TREE","D05",2017-10-19,"Live","single bole tree",NA,130,NA,15.2,20.3,NA,23,"Acer rubrum L.",4.7,63.5,"2017",316,"soft maple/birch","Acer rubrum L.","red maple","Aceraceae","tree","rubrum",0.744,"hw2",-1.9123,2.3651,"AceraceaeBelow0.50spg","hardwood","Hardwood",0.44,-2.047,2.3852,0.21103,0.95964,NA,"Check",182.750065600249,169.683160683341,NA
"Acer","ACRU","NEON.PLA.D05.TREE.00861A","TREE_057","TREE","D05",2017-10-17,"Live","multi-bole tree",NA,130,NA,NA,22.3,NA,43,"Acer rubrum L.",8,255.6,"2017",316,"soft maple/birch","Acer rubrum L.","red maple","Aceraceae","tree","rubrum",0.744,"hw2",-1.9123,2.3651,"AceraceaeBelow0.50spg","hardwood","Hardwood",0.44,-2.047,2.3852,0.21103,0.95964,NA,"Check",228.230926803817,212.31269098717,NA
"Acer","ACRU","NEON.PLA.D05.TREE.00862","TREE_057","TREE","D05",2015-08-04,"Live, disease damaged","single bole tree","Full sun",130,NA,15.2,21.8,NA,23,"Acer rubrum L.",5.6,63.9,"2015",316,"soft maple/birch","Acer rubrum L.","red maple","Aceraceae","tree","rubrum",0.744,"hw2",-1.9123,2.3651,"AceraceaeBelow0.50spg","hardwood","Hardwood",0.44,-2.047,2.3852,0.21103,0.95964,NA,"Check",216.312748362951,201.134061819128,NA
"Acer","ACRU","NEON.PLA.D05.TREE.00540","TREE_046","TREE","D05",2017-09-25,"Live","single bole tree",NA,130,NA,18.1,51.6,NA,43,"Acer rubrum L.",6.7,265.3,"2017",316,"soft maple/birch","Acer rubrum L.","red maple","Aceraceae","tree","rubrum",0.744,"hw2",-1.9123,2.3651,"AceraceaeBelow0.50spg","hardwood","Hardwood",0.44,-2.047,2.3852,0.21103,0.95964,NA,"Check",1659.91737763063,1570.40353380439,NA
"Acer","ACRU","NEON.PLA.D05.TREE.00048","TREE_055","TREE","D05",2018-10-10,"Live","single bole tree",NA,130,NA,23.7,35.7,NA,41,"Acer rubrum L.",9,306.7,"2018",316,"soft maple/birch","Acer rubrum L.","red maple","Aceraceae","tree","rubrum",0.744,"hw2",-1.9123,2.3651,"AceraceaeBelow0.50spg","hardwood","Hardwood",0.44,-2.047,2.3852,0.21103,0.95964,NA,"Check",694.567183520838,652.264022791668,NA
"Acer","ACRU","NEON.PLA.D05.TREE.00796","TREE_025","TREE","D05",2017-10-18,"Live","single bole tree",NA,130,NA,20.8,34.2,NA,41,"Acer rubrum L.",4.6,239,"2017",316,"soft maple/birch","Acer rubrum L.","red maple","Aceraceae","tree","rubrum",0.744,"hw2",-1.9123,2.3651,"AceraceaeBelow0.50spg","hardwood","Hardwood",0.44,-2.047,2.3852,0.21103,0.95964,NA,"Check",627.514558031204,588.787069397826,NA
"Acer","ACRU","NEON.PLA.D05.TREE.00796","TREE_025","TREE","D05",2018-10-17,"Live","single bole tree",NA,130,NA,20.4,34.4,NA,41,"Acer rubrum L.",4.6,239,"2018",316,"soft maple/birch","Acer rubrum L.","red maple","Aceraceae","tree","rubrum",0.744,"hw2",-1.9123,2.3651,"AceraceaeBelow0.50spg","hardwood","Hardwood",0.44,-2.047,2.3852,0.21103,0.95964,NA,"Check",636.228375851699,597.033077083415,NA
"Acer","ACRU","NEON.PLA.D05.TREE.01385","TREE_041","TREE","D05",2022-09-07,"Live","small tree","Full shade",130,NA,10.5,7.3,NA,NA,"Acer rubrum L.",NA,NA,"2022",316,"soft maple/birch","Acer rubrum L.","red maple","Aceraceae","tree","rubrum",0.744,"hw2",-1.9123,2.3651,"AceraceaeBelow0.50spg","hardwood","Hardwood",0.44,-2.047,2.3852,0.21103,0.95964,NA,"Check",8.08352356281774,7.30924715490874,NA
"Acer","ACRU","NEON.PLA.D05.TREE.00253","TREE_056","TREE","D05",2015-07-29,"Live","single bole tree","Full sun",130,NA,17.7,26.4,NA,41,"Acer rubrum L.",4.8,73.4,"2015",316,"soft maple/birch","Acer rubrum L.","red maple","Aceraceae","tree","rubrum",0.744,"hw2",-1.9123,2.3651,"AceraceaeBelow0.50spg","hardwood","Hardwood",0.44,-2.047,2.3852,0.21103,0.95964,NA,"Check",340.199843660913,317.547634504621,NA
"Acer","ACRU","NEON.PLA.D05.TREE.00261","TREE_056","TREE","D05",2015-07-29,"Live","single bole tree","Partially shaded",130,NA,18.4,31.5,NA,61,"Acer rubrum L.",5.1,233.9,"2015",316,"soft maple/birch","Acer rubrum L.","red maple","Aceraceae","tree","rubrum",0.744,"hw2",-1.9123,2.3651,"AceraceaeBelow0.50spg","hardwood","Hardwood",0.44,-2.047,2.3852,0.21103,0.95964,NA,"Check",516.598276617291,483.915494976848,NA
"Acer","ACRU","NEON.PLA.D05.TREE.01184","TREE_039","TREE","D05",2016-10-18,"Live","small tree",NA,130,NA,10.2,8.7,NA,NA,"Acer rubrum L.",NA,NA,"2016",316,"soft maple/birch","Acer rubrum L.","red maple","Aceraceae","tree","rubrum",0.744,"hw2",-1.9123,2.3651,"AceraceaeBelow0.50spg","hardwood","Hardwood",0.44,-2.047,2.3852,0.21103,0.95964,NA,"Check",12.2408843972697,11.1074989984733,NA
"Acer","ACRU","NEON.PLA.D05.TREE.01250","TREE_043","TREE","D05",2019-10-23,"Live","small tree",NA,130,NA,2.6,1,NA,NA,"Acer rubrum L.",NA,NA,"2019",316,"soft maple/birch","Acer rubrum L.","red maple","Aceraceae","tree","rubrum",0.744,"hw2",-1.9123,2.3651,"AceraceaeBelow0.50spg","hardwood","Hardwood",0.44,-2.047,2.3852,0.21103,0.95964,NA,"Check",0.073410099398862,0.0637785969993142,NA
"Acer","ACRU","NEON.PLA.D05.TREE.00816","TREE_052","TREE","D05",2016-09-29,"Live","single bole tree",NA,130,NA,13.2,14.6,NA,39,"Acer rubrum L.",6.8,179.1,"2016",316,"soft maple/birch","Acer rubrum L.","red maple","Aceraceae","tree","rubrum",0.744,"hw2",-1.9123,2.3651,"AceraceaeBelow0.50spg","hardwood","Hardwood",0.44,-2.047,2.3852,0.21103,0.95964,NA,"Check",83.8126555997497,77.3060756087492,NA
"Acer","ACRU","NEON.PLA.D05.TREE.01119","TREE_045","TREE","D05",2017-10-19,"Live","single bole tree",NA,130,NA,19.8,32.7,NA,25,"Acer rubrum L.",4.1,288.5,"2017",316,"soft maple/birch","Acer rubrum L.","red maple","Aceraceae","tree","rubrum",0.744,"hw2",-1.9123,2.3651,"AceraceaeBelow0.50spg","hardwood","Hardwood",0.44,-2.047,2.3852,0.21103,0.95964,NA,"Check",564.359125809249,529.052164064702,NA
"Acer","ACRU","NEON.PLA.D05.TREE.01119","TREE_045","TREE","D05",2016-10-18,"Live","single bole tree",NA,130,NA,18.2,30,NA,25,"Acer rubrum L.",4.1,288.5,"2016",316,"soft maple/birch","Acer rubrum L.","red maple","Aceraceae","tree","rubrum",0.744,"hw2",-1.9123,2.3651,"AceraceaeBelow0.50spg","hardwood","Hardwood",0.44,-2.047,2.3852,0.21103,0.95964,NA,"Check",460.296997263903,430.753497416687,NA
"Acer","ACRU","NEON.PLA.D05.TREE.01120","TREE_045","TREE","D05",2016-10-18,"Live","single bole tree",NA,130,NA,19.3,28.2,NA,25,"Acer rubrum L.",7.3,314.8,"2016",316,"soft maple/birch","Acer rubrum L.","red maple","Aceraceae","tree","rubrum",0.744,"hw2",-1.9123,2.3651,"AceraceaeBelow0.50spg","hardwood","Hardwood",0.44,-2.047,2.3852,0.21103,0.95964,NA,"Check",397.633374057241,371.649342410835,NA
"Acer","ACRU","NEON.PLA.D05.TREE.00406","TREE_025","TREE","D05",2018-10-17,"Live","single bole tree",NA,130,NA,15,17.1,NA,23,"Acer rubrum L.",10.5,58.7,"2018",316,"soft maple/birch","Acer rubrum L.","red maple","Aceraceae","tree","rubrum",0.744,"hw2",-1.9123,2.3651,"AceraceaeBelow0.50spg","hardwood","Hardwood",0.44,-2.047,2.3852,0.21103,0.95964,NA,"Check",121.802937701421,112.704567836529,NA
"Acer","ACRU","NEON.PLA.D05.TREE.00644","TREE_053","TREE","D05",2018-10-09,"Live","single bole tree",NA,130,NA,23.4,46.1,NA,43,"Acer rubrum L.",4.4,307.7,"2018",316,"soft maple/birch","Acer rubrum L.","red maple","Aceraceae","tree","rubrum",0.744,"hw2",-1.9123,2.3651,"AceraceaeBelow0.50spg","hardwood","Hardwood",0.44,-2.047,2.3852,0.21103,0.95964,NA,"Check",1271.50397114099,1200.2138741411,NA
"Acer","ACRU","NEON.PLA.D05.TREE.01120","TREE_045","TREE","D05",2017-10-19,"Live","single bole tree",NA,130,NA,19.8,28.8,NA,25,"Acer rubrum L.",7.3,314.8,"2017",316,"soft maple/birch","Acer rubrum L.","red maple","Aceraceae","tree","rubrum",0.744,"hw2",-1.9123,2.3651,"AceraceaeBelow0.50spg","hardwood","Hardwood",0.44,-2.047,2.3852,0.21103,0.95964,NA,"Check",417.934126553811,390.788844086298,NA
"Acer","ACRU","NEON.PLA.D05.TREE.01349","TREE_039","TREE","D05",2019-10-23,"Live","multi-bole tree",NA,130,NA,18.4,31.1,NA,43,"Acer rubrum L.",14.3,228,"2019",316,"soft maple/birch","Acer rubrum L.","red maple","Aceraceae","tree","rubrum",0.744,"hw2",-1.9123,2.3651,"AceraceaeBelow0.50spg","hardwood","Hardwood",0.44,-2.047,2.3852,0.21103,0.95964,NA,"Check",501.217537361463,469.387235734095,NA
"Acer","ACRU","NEON.PLA.D05.TREE.01349","TREE_039","TREE","D05",2015-08-11,"Live","multi-bole tree","Full sun",130,NA,16.4,30,NA,43,"Acer rubrum L.",14.3,228,"2015",316,"soft maple/birch","Acer rubrum L.","red maple","Aceraceae","tree","rubrum",0.744,"hw2",-1.9123,2.3651,"AceraceaeBelow0.50spg","hardwood","Hardwood",0.44,-2.047,2.3852,0.21103,0.95964,NA,"Check",460.296997263903,430.753497416687,NA
"Acer","ACRU","NEON.PLA.D05.TREE.01454","TREE_045","TREE","D05",2016-10-18,"Live","single bole tree",NA,130,NA,14.2,20.2,NA,23,"Acer rubrum L.",4.7,63.5,"2016",316,"soft maple/birch","Acer rubrum L.","red maple","Aceraceae","tree","rubrum",0.744,"hw2",-1.9123,2.3651,"AceraceaeBelow0.50spg","hardwood","Hardwood",0.44,-2.047,2.3852,0.21103,0.95964,NA,"Check",180.628046955711,167.696223304836,NA
"Acer","ACRU","NEON.PLA.D05.TREE.00489","TREE_057","TREE","D05",2015-08-04,"Live","single bole tree","Partially shaded",130,NA,14.8,25.7,NA,57,"Acer rubrum L.",4.1,152.1,"2015",316,"soft maple/birch","Acer rubrum L.","red maple","Aceraceae","tree","rubrum",0.744,"hw2",-1.9123,2.3651,"AceraceaeBelow0.50spg","hardwood","Hardwood",0.44,-2.047,2.3852,0.21103,0.95964,NA,"Check",319.250430998268,297.832221806905,NA
"Acer","ACRU","NEON.PLA.D05.TREE.00816","TREE_052","TREE","D05",2015-08-03,"Live","single bole tree","Partially shaded",130,NA,11,14.5,NA,39,"Acer rubrum L.",6.8,179.1,"2015",316,"soft maple/birch","Acer rubrum L.","red maple","Aceraceae","tree","rubrum",0.744,"hw2",-1.9123,2.3651,"AceraceaeBelow0.50spg","hardwood","Hardwood",0.44,-2.047,2.3852,0.21103,0.95964,NA,"Check",82.4612899714447,76.0491132550861,NA
"Acer","ACRU","NEON.PLA.D05.TREE.02191A","TREE_016","TREE","D05",2019-10-30,"Live","multi-bole tree","Full sun",130,NA,18.8,17.2,NA,33,"Acer rubrum L.",10.1,312.2,"2019",316,"soft maple/birch","Acer rubrum L.","red maple","Aceraceae","tree","rubrum",0.744,"hw2",-1.9123,2.3651,"AceraceaeBelow0.50spg","hardwood","Hardwood",0.44,-2.047,2.3852,0.21103,0.95964,NA,"Check",123.494322539505,114.283003880533,NA
"Acer","ACRU","NEON.PLA.D05.TREE.00696","TREE_046","TREE","D05",2016-09-29,"Live","single bole tree",NA,130,NA,18.4,21.2,NA,25,"Acer rubrum L.",4.6,298.2,"2016",316,"soft maple/birch","Acer rubrum L.","red maple","Aceraceae","tree","rubrum",0.744,"hw2",-1.9123,2.3651,"AceraceaeBelow0.50spg","hardwood","Hardwood",0.44,-2.047,2.3852,0.21103,0.95964,NA,"Check",202.495607466234,188.18087823052,NA
"Acer","ACRU","NEON.PLA.D05.TREE.01475","TREE_041","TREE","D05",2018-10-10,"Live","single bole tree",NA,130,NA,23,25.2,NA,39,"Acer rubrum L.",3.6,151.2,"2018",316,"soft maple/birch","Acer rubrum L.","red maple","Aceraceae","tree","rubrum",0.744,"hw2",-1.9123,2.3651,"AceraceaeBelow0.50spg","hardwood","Hardwood",0.44,-2.047,2.3852,0.21103,0.95964,NA,"Check",304.755169539937,284.197180766992,NA
"Acer","ACRU","NEON.PLA.D05.TREE.01475","TREE_041","TREE","D05",2020-09-28,"Live","single bole tree","Partially shaded",130,NA,22,25.5,NA,39,"Acer rubrum L.",3.6,151.2,"2020",316,"soft maple/birch","Acer rubrum L.","red maple","Aceraceae","tree","rubrum",0.744,"hw2",-1.9123,2.3651,"AceraceaeBelow0.50spg","hardwood","Hardwood",0.44,-2.047,2.3852,0.21103,0.95964,NA,"Check",313.405665474538,292.333666709991,NA
"Acer","ACRU","NEON.PLA.D05.TREE.00561","TREE_042","TREE","D05",2015-07-27,"Live, physically damaged","single bole tree","Full sun",120,NA,19.9,47,NA,23,"Acer rubrum L.",0.8,15.2,"2015",316,"soft maple/birch","Acer rubrum L.","red maple","Aceraceae","tree","rubrum",0.744,"hw2",-1.9123,2.3651,"AceraceaeBelow0.50spg","hardwood","Hardwood",0.44,-2.047,2.3852,0.21103,0.95964,NA,"Check",1330.99770324082,1256.86029348205,NA
"Acer","ACRU","NEON.PLA.D05.TREE.00845","TREE_052","TREE","D05",2018-08-29,"Live","single bole tree",NA,130,NA,12,16.1,NA,23,"Acer rubrum L.",11.5,60.6,"2018",316,"soft maple/birch","Acer rubrum L.","red maple","Aceraceae","tree","rubrum",0.744,"hw2",-1.9123,2.3651,"AceraceaeBelow0.50spg","hardwood","Hardwood",0.44,-2.047,2.3852,0.21103,0.95964,NA,"Check",105.623983312216,97.6158353358129,NA
"Acer","ACRU","NEON.PLA.D05.TREE.00866","TREE_052","TREE","D05",2018-08-29,"Live","single bole tree",NA,130,NA,18,29.9,NA,25,"Acer rubrum L.",6.4,342.8,"2018",316,"soft maple/birch","Acer rubrum L.","red maple","Aceraceae","tree","rubrum",0.744,"hw2",-1.9123,2.3651,"AceraceaeBelow0.50spg","hardwood","Hardwood",0.44,-2.047,2.3852,0.21103,0.95964,NA,"Check",456.676422007491,427.33662322703,NA
"Acer","ACRU","NEON.PLA.D05.TREE.00866","TREE_052","TREE","D05",2017-09-26,"Live","single bole tree",NA,130,NA,17.9,29.6,NA,25,"Acer rubrum L.",6.4,342.8,"2017",316,"soft maple/birch","Acer rubrum L.","red maple","Aceraceae","tree","rubrum",0.744,"hw2",-1.9123,2.3651,"AceraceaeBelow0.50spg","hardwood","Hardwood",0.44,-2.047,2.3852,0.21103,0.95964,NA,"Check",445.913569098712,417.180677211083,NA
"Acer","ACRU","NEON.PLA.D05.TREE.02191A","TREE_016","TREE","D05",2017-10-24,"Live","multi-bole tree",NA,130,NA,NA,16.3,NA,33,"Acer rubrum L.",10.1,312.2,"2017",316,"soft maple/birch","Acer rubrum L.","red maple","Aceraceae","tree","rubrum",0.744,"hw2",-1.9123,2.3651,"AceraceaeBelow0.50spg","hardwood","Hardwood",0.44,-2.047,2.3852,0.21103,0.95964,NA,"Check",108.7535808179,100.533098858628,NA
"Acer","ACRU","NEON.PLA.D05.TREE.01363","TREE_040","TREE","D05",2021-10-05,"Live","small tree","Partially shaded",170,NA,10.7,9.2,NA,NA,"Acer rubrum L.",NA,NA,"2021",316,"soft maple/birch","Acer rubrum L.","red maple","Aceraceae","tree","rubrum",0.744,"hw2",-1.9123,2.3651,"AceraceaeBelow0.50spg","hardwood","Hardwood",0.44,-2.047,2.3852,0.21103,0.95964,NA,"Check",13.9704502328717,12.6911707483456,NA
"Acer","ACRU","NEON.PLA.D05.TREE.01363","TREE_040","TREE","D05",2019-10-23,"Live","small tree",NA,130,NA,10.8,9.4,NA,NA,"Acer rubrum L.",NA,NA,"2019",316,"soft maple/birch","Acer rubrum L.","red maple","Aceraceae","tree","rubrum",0.744,"hw2",-1.9123,2.3651,"AceraceaeBelow0.50spg","hardwood","Hardwood",0.44,-2.047,2.3852,0.21103,0.95964,NA,"Check",14.6994301432748,13.35917127295,NA
"Acer","ACRU","NEON.PLA.D05.TREE.01385","TREE_041","TREE","D05",2017-10-16,"Live","small tree",NA,130,NA,7,5.7,NA,NA,"Acer rubrum L.",NA,NA,"2017",316,"soft maple/birch","Acer rubrum L.","red maple","Aceraceae","tree","rubrum",0.744,"hw2",-1.9123,2.3651,"AceraceaeBelow0.50spg","hardwood","Hardwood",0.44,-2.047,2.3852,0.21103,0.95964,NA,"Check",4.5027251000565,4.05123715598455,NA
"Acer","ACRU","NEON.PLA.D05.TREE.03051","TREE_012","TREE","D05",2017-10-30,"Live","small tree",NA,130,NA,3,1.7,NA,NA,"Acer rubrum L.",NA,NA,"2017",316,"soft maple/birch","Acer rubrum L.","red maple","Aceraceae","tree","rubrum",0.744,"hw2",-1.9123,2.3651,"AceraceaeBelow0.50spg","hardwood","Hardwood",0.44,-2.047,2.3852,0.21103,0.95964,NA,"Check",0.257507899353021,0.226121432805832,NA
"Acer","ACRU","NEON.PLA.D05.TREE.03045","TREE_012","TREE","D05",2019-10-17,"Live","single bole tree","Partially shaded",120,NA,22.9,27.3,NA,NA,"Acer rubrum L.",NA,NA,"2019",316,"soft maple/birch","Acer rubrum L.","red maple","Aceraceae","tree","rubrum",0.744,"hw2",-1.9123,2.3651,"AceraceaeBelow0.50spg","hardwood","Hardwood",0.44,-2.047,2.3852,0.21103,0.95964,NA,"Check",368.27050620724,343.980910143879,NA
"Acer","ACRU","NEON.PLA.D05.TREE.00910","TREE_045","TREE","D05",2017-10-19,"Live","single bole tree",NA,130,NA,18.3,26.3,NA,43,"Acer rubrum L.",8.1,257.2,"2017",316,"soft maple/birch","Acer rubrum L.","red maple","Aceraceae","tree","rubrum",0.744,"hw2",-1.9123,2.3651,"AceraceaeBelow0.50spg","hardwood","Hardwood",0.44,-2.047,2.3852,0.21103,0.95964,NA,"Check",337.159967273274,314.686162841566,NA
"Acer","ACRU","NEON.PLA.D05.TREE.00768A","TREE_057","TREE","D05",2016-10-18,"Live","multi-bole tree",NA,130,NA,NA,17.2,NA,43,"Acer rubrum L.",9.7,205,"2016",316,"soft maple/birch","Acer rubrum L.","red maple","Aceraceae","tree","rubrum",0.744,"hw2",-1.9123,2.3651,"AceraceaeBelow0.50spg","hardwood","Hardwood",0.44,-2.047,2.3852,0.21103,0.95964,NA,"Check",123.494322539505,114.283003880533,NA
"Acer","ACRU","NEON.PLA.D05.TREE.00845","TREE_052","TREE","D05",2017-09-26,"Live","single bole tree",NA,130,NA,11.3,15.7,NA,23,"Acer rubrum L.",11.5,60.6,"2017",316,"soft maple/birch","Acer rubrum L.","red maple","Aceraceae","tree","rubrum",0.744,"hw2",-1.9123,2.3651,"AceraceaeBelow0.50spg","hardwood","Hardwood",0.44,-2.047,2.3852,0.21103,0.95964,NA,"Check",99.5224205347923,91.93037813017,NA
"Acer","ACRU","NEON.PLA.D05.TREE.01475","TREE_041","TREE","D05",2019-10-23,"Live","single bole tree",NA,130,NA,23.2,25.4,NA,39,"Acer rubrum L.",3.6,151.2,"2019",316,"soft maple/birch","Acer rubrum L.","red maple","Aceraceae","tree","rubrum",0.744,"hw2",-1.9123,2.3651,"AceraceaeBelow0.50spg","hardwood","Hardwood",0.44,-2.047,2.3852,0.21103,0.95964,NA,"Check",310.506635490611,289.606680967094,NA
"Acer","ACRU","NEON.PLA.D05.TREE.02191","TREE_016","TREE","D05",2019-10-30,"Live","multi-bole tree","Full sun",130,NA,18.8,27.2,NA,33,"Acer rubrum L.",10.1,312.2,"2019",316,"soft maple/birch","Acer rubrum L.","red maple","Aceraceae","tree","rubrum",0.744,"hw2",-1.9123,2.3651,"AceraceaeBelow0.50spg","hardwood","Hardwood",0.44,-2.047,2.3852,0.21103,0.95964,NA,"Check",365.088015750804,340.983171191053,NA
"Acer","ACRU","NEON.PLA.D05.TREE.00846","TREE_052","TREE","D05",2017-09-26,"Live","single bole tree",NA,130,NA,12.4,20.5,NA,25,"Acer rubrum L.",5.3,354.9,"2017",316,"soft maple/birch","Acer rubrum L.","red maple","Aceraceae","tree","rubrum",0.744,"hw2",-1.9123,2.3651,"AceraceaeBelow0.50spg","hardwood","Hardwood",0.44,-2.047,2.3852,0.21103,0.95964,NA,"Check",187.03708229158,173.697874825544,NA
"Acer","ACRU","NEON.PLA.D05.TREE.02182","TREE_016","TREE","D05",2019-10-30,"Live","multi-bole tree","Full sun",130,NA,22.3,42.3,NA,49,"Acer rubrum L.",5.7,118.6,"2019",316,"soft maple/birch","Acer rubrum L.","red maple","Aceraceae","tree","rubrum",0.744,"hw2",-1.9123,2.3651,"AceraceaeBelow0.50spg","hardwood","Hardwood",0.44,-2.047,2.3852,0.21103,0.95964,NA,"Check",1037.42393859743,977.566341063055,NA
"Acer","ACRU","NEON.PLA.D05.TREE.00744","TREE_025","TREE","D05",2015-08-04,"Live","sapling","Full shade",130,NA,1.6,1.3,NA,NA,"Acer rubrum L.",NA,NA,"2015",316,"soft maple/birch","Acer rubrum L.","red maple","Aceraceae","tree","rubrum",0.744,"hw2",-1.9123,2.3651,"AceraceaeBelow0.50spg","hardwood","Hardwood",0.44,-2.047,2.3852,0.21103,0.95964,NA,"Check",0.136534761067149,0.119248423248435,NA
"Acer","ACRU","NEON.PLA.D05.TREE.01150","TREE_048","TREE","D05",2021-09-23,"Live","small tree","Partially shaded",130,NA,4.4,2.7,NA,NA,"Acer rubrum L.",NA,NA,"2021",316,"soft maple/birch","Acer rubrum L.","red maple","Aceraceae","tree","rubrum",0.744,"hw2",-1.9123,2.3651,"AceraceaeBelow0.50spg","hardwood","Hardwood",0.44,-2.047,2.3852,0.21103,0.95964,NA,"Check",0.769084839980038,0.681653723993516,NA
"Acer","ACRU","NEON.PLA.D05.TREE.02181A","TREE_016","TREE","D05",2019-10-30,"Live","multi-bole tree","Full sun",130,NA,16.8,25.2,NA,49,"Acer rubrum L.",7.6,159.1,"2019",316,"soft maple/birch","Acer rubrum L.","red maple","Aceraceae","tree","rubrum",0.744,"hw2",-1.9123,2.3651,"AceraceaeBelow0.50spg","hardwood","Hardwood",0.44,-2.047,2.3852,0.21103,0.95964,NA,"Check",304.755169539937,284.197180766992,NA
"Acer","ACRU","NEON.PLA.D05.TREE.00103","TREE_055","TREE","D05",2017-09-14,"Live","single bole tree",NA,130,NA,22.4,50.1,NA,43,"Acer rubrum L.",1.3,286.9,"2017",316,"soft maple/birch","Acer rubrum L.","red maple","Aceraceae","tree","rubrum",0.744,"hw2",-1.9123,2.3651,"AceraceaeBelow0.50spg","hardwood","Hardwood",0.44,-2.047,2.3852,0.21103,0.95964,NA,"Check",1548.04958646319,1463.7002239583,NA
"Acer","ACRU","NEON.PLA.D05.TREE.01475","TREE_041","TREE","D05",2017-10-16,"Live","single bole tree",NA,130,NA,22.1,24.8,NA,39,"Acer rubrum L.",3.6,151.2,"2017",316,"soft maple/birch","Acer rubrum L.","red maple","Aceraceae","tree","rubrum",0.744,"hw2",-1.9123,2.3651,"AceraceaeBelow0.50spg","hardwood","Hardwood",0.44,-2.047,2.3852,0.21103,0.95964,NA,"Check",293.437985554954,273.555433039662,NA
"Acer","ACRU","NEON.PLA.D05.TREE.00356","TREE_057","TREE","D05",2015-08-04,"Live","single bole tree","Mostly shaded",130,NA,8.7,10.9,NA,59,"Acer rubrum L.",7.6,200.1,"2015",316,"soft maple/birch","Acer rubrum L.","red maple","Aceraceae","tree","rubrum",0.744,"hw2",-1.9123,2.3651,"AceraceaeBelow0.50spg","hardwood","Hardwood",0.44,-2.047,2.3852,0.21103,0.95964,NA,"Check",41.9871186662819,38.5007224049854,NA
"Acer","ACRU","NEON.PLA.D05.TREE.00845","TREE_052","TREE","D05",2015-08-03,"Live","single bole tree","Partially shaded",130,NA,11,15.4,NA,23,"Acer rubrum L.",11.5,60.6,"2015",316,"soft maple/birch","Acer rubrum L.","red maple","Aceraceae","tree","rubrum",0.744,"hw2",-1.9123,2.3651,"AceraceaeBelow0.50spg","hardwood","Hardwood",0.44,-2.047,2.3852,0.21103,0.95964,NA,"Check",95.0832284045763,87.7957754138068,NA
"Acer","ACRU","NEON.PLA.D05.TREE.00356","TREE_057","TREE","D05",2017-10-17,"Live","single bole tree",NA,130,NA,12.6,11.5,NA,59,"Acer rubrum L.",7.6,200.1,"2017",316,"soft maple/birch","Acer rubrum L.","red maple","Aceraceae","tree","rubrum",0.744,"hw2",-1.9123,2.3651,"AceraceaeBelow0.50spg","hardwood","Hardwood",0.44,-2.047,2.3852,0.21103,0.95964,NA,"Check",47.6601192302708,43.7497609488595,NA
"Acer","ACRU","NEON.PLA.D05.TREE.00861","TREE_057","TREE","D05",2016-10-18,"Live","multi-bole tree",NA,130,NA,20,31.6,NA,43,"Acer rubrum L.",8,255.6,"2016",316,"soft maple/birch","Acer rubrum L.","red maple","Aceraceae","tree","rubrum",0.744,"hw2",-1.9123,2.3651,"AceraceaeBelow0.50spg","hardwood","Hardwood",0.44,-2.047,2.3852,0.21103,0.95964,NA,"Check",520.485435499469,487.587793784533,NA
"Acer","ACRU","NEON.PLA.D05.TREE.01476","TREE_041","TREE","D05",2016-10-18,"Live","single bole tree",NA,130,NA,19.2,23.6,NA,39,"Acer rubrum L.",9.7,151.2,"2016",316,"soft maple/birch","Acer rubrum L.","red maple","Aceraceae","tree","rubrum",0.744,"hw2",-1.9123,2.3651,"AceraceaeBelow0.50spg","hardwood","Hardwood",0.44,-2.047,2.3852,0.21103,0.95964,NA,"Check",260.959337098024,243.035046576951,NA
"Acer","ACRU","NEON.PLA.D05.TREE.00561","TREE_042","TREE","D05",2018-10-10,"Live","single bole tree",NA,130,NA,24,47.7,NA,23,"Acer rubrum L.",0.8,15.2,"2018",316,"soft maple/birch","Acer rubrum L.","red maple","Aceraceae","tree","rubrum",0.744,"hw2",-1.9123,2.3651,"AceraceaeBelow0.50spg","hardwood","Hardwood",0.44,-2.047,2.3852,0.21103,0.95964,NA,"Check",1378.35942594045,1301.9707671588,NA
"Acer","ACRU","NEON.PLA.D05.TREE.00561","TREE_042","TREE","D05",2021-10-04,"Live, physically damaged","single bole tree","Full sun",140,NA,24.4,49,NA,23,"Acer rubrum L.",0.8,15.2,"2021",316,"soft maple/birch","Acer rubrum L.","red maple","Aceraceae","tree","rubrum",0.744,"hw2",-1.9123,2.3651,"AceraceaeBelow0.50spg","hardwood","Hardwood",0.44,-2.047,2.3852,0.21103,0.95964,NA,"Check",1468.86340534484,1388.20909572163,NA
"Acer","ACRU","NEON.PLA.D05.TREE.02196","TREE_016","TREE","D05",2017-10-24,"Live","single bole tree","Open grown",180,NA,20.1,33.2,NA,31,"Acer rubrum L.",4.6,58.4,"2017",316,"soft maple/birch","Acer rubrum L.","red maple","Aceraceae","tree","rubrum",0.744,"hw2",-1.9123,2.3651,"AceraceaeBelow0.50spg","hardwood","Hardwood",0.44,-2.047,2.3852,0.21103,0.95964,NA,"Check",584.98178590626,548.55193681647,NA
"Acer","ACRU","NEON.PLA.D05.TREE.01106","TREE_045","TREE","D05",2018-10-17,"Live","single bole tree",NA,130,NA,16.3,15.1,NA,43,"Acer rubrum L.",7.7,247.4,"2018",316,"soft maple/birch","Acer rubrum L.","red maple","Aceraceae","tree","rubrum",0.744,"hw2",-1.9123,2.3651,"AceraceaeBelow0.50spg","hardwood","Hardwood",0.44,-2.047,2.3852,0.21103,0.95964,NA,"Check",90.7605335523004,83.7712527726153,NA
"Acer","ACRU","NEON.PLA.D05.TREE.00844","TREE_052","TREE","D05",2016-09-29,"Dead, broken bole","single bole tree",NA,130,NA,NA,14.4,NA,25,"Acer rubrum L.",4.2,359.4,"2016",316,"soft maple/birch","Acer rubrum L.","red maple","Aceraceae","tree","rubrum",0.744,"hw2",-1.9123,2.3651,"AceraceaeBelow0.50spg","hardwood","Hardwood",0.44,-2.047,2.3852,0.21103,0.95964,NA,"Check",81.1225870833109,74.8041016476943,NA
"Acer","ACRU","NEON.PLA.D05.TREE.00356","TREE_057","TREE","D05",2018-10-16,"Live","single bole tree",NA,130,NA,10.5,11.6,NA,59,"Acer rubrum L.",7.6,200.1,"2018",316,"soft maple/birch","Acer rubrum L.","red maple","Aceraceae","tree","rubrum",0.744,"hw2",-1.9123,2.3651,"AceraceaeBelow0.50spg","hardwood","Hardwood",0.44,-2.047,2.3852,0.21103,0.95964,NA,"Check",48.6461251289593,44.6626400916532,NA
"Acer","ACRU","NEON.PLA.D05.TREE.00864","TREE_052","TREE","D05",2018-08-29,"Live","single bole tree",NA,130,NA,16.1,21.6,NA,41,"Acer rubrum L.",10.3,203.9,"2018",316,"soft maple/birch","Acer rubrum L.","red maple","Aceraceae","tree","rubrum",0.744,"hw2",-1.9123,2.3651,"AceraceaeBelow0.50spg","hardwood","Hardwood",0.44,-2.047,2.3852,0.21103,0.95964,NA,"Check",211.648516678749,196.760665496912,NA
"Acer","ACRU","NEON.PLA.D05.TREE.00356","TREE_057","TREE","D05",2016-10-18,"Live","single bole tree",NA,130,NA,12.8,11,NA,59,"Acer rubrum L.",7.6,200.1,"2016",316,"soft maple/birch","Acer rubrum L.","red maple","Aceraceae","tree","rubrum",0.744,"hw2",-1.9123,2.3651,"AceraceaeBelow0.50spg","hardwood","Hardwood",0.44,-2.047,2.3852,0.21103,0.95964,NA,"Check",42.903873348214,39.3485767289707,NA
"Acer","ACRU","NEON.PLA.D05.TREE.01298A","TREE_045","TREE","D05",2018-10-17,"Live","multi-bole tree",NA,130,NA,20,28.6,NA,41,"Acer rubrum L.",5.5,313.3,"2018",316,"soft maple/birch","Acer rubrum L.","red maple","Aceraceae","tree","rubrum",0.744,"hw2",-1.9123,2.3651,"AceraceaeBelow0.50spg","hardwood","Hardwood",0.44,-2.047,2.3852,0.21103,0.95964,NA,"Check",411.102357429281,384.3469665538,NA
"Acer","ACRU","NEON.PLA.D05.TREE.02536","TREE_009","TREE","D05",2019-10-16,"Live","small tree",NA,130,NA,4.2,1.4,NA,NA,"Acer rubrum L.",NA,NA,"2019",316,"soft maple/birch","Acer rubrum L.","red maple","Aceraceae","tree","rubrum",0.744,"hw2",-1.9123,2.3651,"AceraceaeBelow0.50spg","hardwood","Hardwood",0.44,-2.047,2.3852,0.21103,0.95964,NA,"Check",0.162690887876099,0.142304800931639,NA
"Acer","ACRU","NEON.PLA.D05.TREE.02989","TREE_009","TREE","D05",2017-10-26,"Live","small tree",NA,130,NA,1.7,1.2,NA,NA,"Acer rubrum L.",NA,NA,"2017",316,"soft maple/birch","Acer rubrum L.","red maple","Aceraceae","tree","rubrum",0.744,"hw2",-1.9123,2.3651,"AceraceaeBelow0.50spg","hardwood","Hardwood",0.44,-2.047,2.3852,0.21103,0.95964,NA,"Check",0.112986713722055,0.0985231002614041,NA
"Acer","ACRU","NEON.PLA.D05.TREE.00510","TREE_042","TREE","D05",2020-10-06,"Live","single bole tree","Partially shaded",130,NA,20.4,33.3,NA,59,"Acer rubrum L.",5.9,175.2,"2020",316,"soft maple/birch","Acer rubrum L.","red maple","Aceraceae","tree","rubrum",0.744,"hw2",-1.9123,2.3651,"AceraceaeBelow0.50spg","hardwood","Hardwood",0.44,-2.047,2.3852,0.21103,0.95964,NA,"Check",589.157646894467,552.50114362096,NA
"Acer","ACRU","NEON.PLA.D05.TREE.00510","TREE_042","TREE","D05",2017-09-25,"Live","single bole tree",NA,130,NA,23.7,33.3,NA,59,"Acer rubrum L.",5.9,175.2,"2017",316,"soft maple/birch","Acer rubrum L.","red maple","Aceraceae","tree","rubrum",0.744,"hw2",-1.9123,2.3651,"AceraceaeBelow0.50spg","hardwood","Hardwood",0.44,-2.047,2.3852,0.21103,0.95964,NA,"Check",589.157646894467,552.50114362096,NA
"Acer","ACRU","NEON.PLA.D05.TREE.00510","TREE_042","TREE","D05",2018-10-10,"Live","single bole tree",NA,130,NA,22.1,33.2,NA,59,"Acer rubrum L.",5.9,175.2,"2018",316,"soft maple/birch","Acer rubrum L.","red maple","Aceraceae","tree","rubrum",0.744,"hw2",-1.9123,2.3651,"AceraceaeBelow0.50spg","hardwood","Hardwood",0.44,-2.047,2.3852,0.21103,0.95964,NA,"Check",584.98178590626,548.55193681647,NA
"Acer","ACRU","NEON.PLA.D05.TREE.00941","TREE_045","TREE","D05",2018-10-17,"Live","single bole tree",NA,130,NA,17.2,23.8,NA,23,"Acer rubrum L.",6.5,67.9,"2018",316,"soft maple/birch","Acer rubrum L.","red maple","Aceraceae","tree","rubrum",0.744,"hw2",-1.9123,2.3651,"AceraceaeBelow0.50spg","hardwood","Hardwood",0.44,-2.047,2.3852,0.21103,0.95964,NA,"Check",266.220088449297,247.97651572696,NA
"Acer","ACRU","NEON.PLA.D05.TREE.00941","TREE_045","TREE","D05",2016-10-18,"Live","single bole tree",NA,130,NA,17.7,23.2,NA,23,"Acer rubrum L.",6.5,67.9,"2016",316,"soft maple/birch","Acer rubrum L.","red maple","Aceraceae","tree","rubrum",0.744,"hw2",-1.9123,2.3651,"AceraceaeBelow0.50spg","hardwood","Hardwood",0.44,-2.047,2.3852,0.21103,0.95964,NA,"Check",250.619174597079,233.324926184679,NA
"Acer","ACRU","NEON.PLA.D05.TREE.01476","TREE_041","TREE","D05",2021-09-20,"Live","single bole tree","Partially shaded",130,NA,22.5,25.7,NA,39,"Acer rubrum L.",9.7,151.2,"2021",316,"soft maple/birch","Acer rubrum L.","red maple","Aceraceae","tree","rubrum",0.744,"hw2",-1.9123,2.3651,"AceraceaeBelow0.50spg","hardwood","Hardwood",0.44,-2.047,2.3852,0.21103,0.95964,NA,"Check",319.250430998268,297.832221806905,NA
"Acer","ACRU","NEON.PLA.D05.TREE.00243","TREE_056","TREE","D05",2017-08-28,"Live","single bole tree",NA,130,NA,14.7,18.9,NA,61,"Acer rubrum L.",7.7,183,"2017",316,"soft maple/birch","Acer rubrum L.","red maple","Aceraceae","tree","rubrum",0.744,"hw2",-1.9123,2.3651,"AceraceaeBelow0.50spg","hardwood","Hardwood",0.44,-2.047,2.3852,0.21103,0.95964,NA,"Check",154.332885220857,143.09217692947,NA
"Acer","ACRU","NEON.PLA.D05.TREE.01379","TREE_041","TREE","D05",2019-10-23,"Live","single bole tree",NA,130,NA,24.2,44,NA,43,"Acer rubrum L.",8.7,299.6,"2019",316,"soft maple/birch","Acer rubrum L.","red maple","Aceraceae","tree","rubrum",0.744,"hw2",-1.9123,2.3651,"AceraceaeBelow0.50spg","hardwood","Hardwood",0.44,-2.047,2.3852,0.21103,0.95964,NA,"Check",1138.7505176826,1073.89672886012,NA
"Acer","ACRU","NEON.PLA.D05.TREE.01379","TREE_041","TREE","D05",2016-10-18,"Live","single bole tree",NA,130,NA,22.3,41.8,NA,43,"Acer rubrum L.",8.7,299.6,"2016",316,"soft maple/birch","Acer rubrum L.","red maple","Aceraceae","tree","rubrum",0.744,"hw2",-1.9123,2.3651,"AceraceaeBelow0.50spg","hardwood","Hardwood",0.44,-2.047,2.3852,0.21103,0.95964,NA,"Check",1008.65509424379,950.230274135366,NA
"Acer","ACRU","NEON.PLA.D05.TREE.01379","TREE_041","TREE","D05",2022-09-07,"Live","single bole tree","Partially shaded",130,NA,26,45.2,NA,43,"Acer rubrum L.",8.7,299.6,"2022",316,"soft maple/birch","Acer rubrum L.","red maple","Aceraceae","tree","rubrum",0.744,"hw2",-1.9123,2.3651,"AceraceaeBelow0.50spg","hardwood","Hardwood",0.44,-2.047,2.3852,0.21103,0.95964,NA,"Check",1213.57486908805,1145.07884230546,NA
"Acer","ACRU","NEON.PLA.D05.TREE.00413","TREE_025","TREE","D05",2018-10-17,"Live","single bole tree",NA,130,NA,12.7,11.5,NA,25,"Acer rubrum L.",9,316.4,"2018",316,"soft maple/birch","Acer rubrum L.","red maple","Aceraceae","tree","rubrum",0.744,"hw2",-1.9123,2.3651,"AceraceaeBelow0.50spg","hardwood","Hardwood",0.44,-2.047,2.3852,0.21103,0.95964,NA,"Check",47.6601192302708,43.7497609488595,NA
"Acer","ACRU","NEON.PLA.D05.TREE.00413","TREE_025","TREE","D05",2017-10-18,"Live","single bole tree",NA,130,NA,12,11.2,NA,25,"Acer rubrum L.",9,316.4,"2017",316,"soft maple/birch","Acer rubrum L.","red maple","Aceraceae","tree","rubrum",0.744,"hw2",-1.9123,2.3651,"AceraceaeBelow0.50spg","hardwood","Hardwood",0.44,-2.047,2.3852,0.21103,0.95964,NA,"Check",44.771764187965,41.0765559537692,NA
"Acer","ACRU","NEON.PLA.D05.TREE.01471","TREE_041","TREE","D05",2015-08-10,"Live","single bole tree","Partially shaded",130,NA,23.1,27.1,NA,21,"Acer rubrum L.",12.5,44.2,"2015",316,"soft maple/birch","Acer rubrum L.","red maple","Aceraceae","tree","rubrum",0.744,"hw2",-1.9123,2.3651,"AceraceaeBelow0.50spg","hardwood","Hardwood",0.44,-2.047,2.3852,0.21103,0.95964,NA,"Check",361.921457416631,338.000659867852,NA
"Acer","ACRU","NEON.PLA.D05.TREE.00427","TREE_057","TREE","D05",2015-08-04,"Standing dead","single bole tree","Partially shaded",130,NA,13.6,21.2,NA,59,"Acer rubrum L.",6.2,208.5,"2015",316,"soft maple/birch","Acer rubrum L.","red maple","Aceraceae","tree","rubrum",0.744,"hw2",-1.9123,2.3651,"AceraceaeBelow0.50spg","hardwood","Hardwood",0.44,-2.047,2.3852,0.21103,0.95964,NA,"Check",202.495607466234,188.18087823052,NA
"Acer","ACRU","NEON.PLA.D05.TREE.02622","TREE_060","TREE","D05",2017-10-26,"Live","small tree",NA,130,NA,4.9,3.6,NA,NA,"Acer rubrum L.",NA,NA,"2017",316,"soft maple/birch","Acer rubrum L.","red maple","Aceraceae","tree","rubrum",0.744,"hw2",-1.9123,2.3651,"AceraceaeBelow0.50spg","hardwood","Hardwood",0.44,-2.047,2.3852,0.21103,0.95964,NA,"Check",1.51868203891413,1.3538410748602,NA
"Acer","ACRU","NEON.PLA.D05.TREE.00840","TREE_057","TREE","D05",2018-10-16,"Live","multi-bole tree",NA,130,NA,20.2,34.6,NA,23,"Acer rubrum L.",7.9,358.5,"2018",316,"soft maple/birch","Acer rubrum L.","red maple","Aceraceae","tree","rubrum",0.744,"hw2",-1.9123,2.3651,"AceraceaeBelow0.50spg","hardwood","Hardwood",0.44,-2.047,2.3852,0.21103,0.95964,NA,"Check",645.011627296007,605.345762143836,NA
"Acer","ACRU","NEON.PLA.D05.TREE.00840","TREE_057","TREE","D05",2016-10-18,"Live","multi-bole tree",NA,150,NA,20.3,31.9,NA,23,"Acer rubrum L.",7.9,358.5,"2016",316,"soft maple/birch","Acer rubrum L.","red maple","Aceraceae","tree","rubrum",0.744,"hw2",-1.9123,2.3651,"AceraceaeBelow0.50spg","hardwood","Hardwood",0.44,-2.047,2.3852,0.21103,0.95964,NA,"Check",532.247961477158,498.701566918329,NA
"Acer","ACRU","NEON.PLA.D05.TREE.02623","TREE_060","TREE","D05",2019-11-05,"Live","small tree",NA,130,NA,4.1,2.6,NA,NA,"Acer rubrum L.",NA,NA,"2019",316,"soft maple/birch","Acer rubrum L.","red maple","Aceraceae","tree","rubrum",0.744,"hw2",-1.9123,2.3651,"AceraceaeBelow0.50spg","hardwood","Hardwood",0.44,-2.047,2.3852,0.21103,0.95964,NA,"Check",0.703411197330655,0.622973238818464,NA
"Acer","ACRU","NEON.PLA.D05.TREE.02630","TREE_060","TREE","D05",2017-10-26,"Live","small tree",NA,130,NA,6.6,4.6,NA,NA,"Acer rubrum L.",NA,NA,"2017",316,"soft maple/birch","Acer rubrum L.","red maple","Aceraceae","tree","rubrum",0.744,"hw2",-1.9123,2.3651,"AceraceaeBelow0.50spg","hardwood","Hardwood",0.44,-2.047,2.3852,0.21103,0.95964,NA,"Check",2.71171697548196,2.42932120774113,NA
"Acer","ACRU","NEON.PLA.D05.TREE.02630","TREE_060","TREE","D05",2019-11-05,"Live","small tree",NA,130,NA,7.5,5.7,NA,NA,"Acer rubrum L.",NA,NA,"2019",316,"soft maple/birch","Acer rubrum L.","red maple","Aceraceae","tree","rubrum",0.744,"hw2",-1.9123,2.3651,"AceraceaeBelow0.50spg","hardwood","Hardwood",0.44,-2.047,2.3852,0.21103,0.95964,NA,"Check",4.5027251000565,4.05123715598455,NA
"Acer","ACRU","NEON.PLA.D05.TREE.01303","TREE_039","TREE","D05",2019-10-23,"Live","multi-bole tree",NA,130,NA,20.5,30.3,NA,43,"Acer rubrum L.",4.6,200.1,"2019",316,"soft maple/birch","Acer rubrum L.","red maple","Aceraceae","tree","rubrum",0.744,"hw2",-1.9123,2.3651,"AceraceaeBelow0.50spg","hardwood","Hardwood",0.44,-2.047,2.3852,0.21103,0.95964,NA,"Check",471.257877531627,441.099081092904,NA
"Acer","ACRU","NEON.PLA.D05.TREE.00255","TREE_056","TREE","D05",2016-09-28,"Live","single bole tree",NA,130,NA,18.5,22.1,NA,59,"Acer rubrum L.",8,119.7,"2016",316,"soft maple/birch","Acer rubrum L.","red maple","Aceraceae","tree","rubrum",0.744,"hw2",-1.9123,2.3651,"AceraceaeBelow0.50spg","hardwood","Hardwood",0.44,-2.047,2.3852,0.21103,0.95964,NA,"Check",223.419373034474,207.799092577953,NA
"Acer","ACRU","NEON.PLA.D05.TREE.00255","TREE_056","TREE","D05",2022-09-20,"Live","single bole tree","Partially shaded",130,NA,20.5,22.3,NA,59,"Acer rubrum L.",8,119.7,"2022",316,"soft maple/birch","Acer rubrum L.","red maple","Aceraceae","tree","rubrum",0.744,"hw2",-1.9123,2.3651,"AceraceaeBelow0.50spg","hardwood","Hardwood",0.44,-2.047,2.3852,0.21103,0.95964,NA,"Check",228.230926803817,212.31269098717,NA
"Acer","ACRU","NEON.PLA.D05.TREE.00256","TREE_056","TREE","D05",2017-08-28,"Live","single bole tree",NA,130,NA,18.1,26.5,NA,41,"Acer rubrum L.",7.5,90,"2017",316,"soft maple/birch","Acer rubrum L.","red maple","Aceraceae","tree","rubrum",0.744,"hw2",-1.9123,2.3651,"AceraceaeBelow0.50spg","hardwood","Hardwood",0.44,-2.047,2.3852,0.21103,0.95964,NA,"Check",343.255479464212,320.424159692004,NA
"Acer","ACRU","NEON.PLA.D05.TREE.02983","TREE_009","TREE","D05",2019-10-16,"Live","small tree",NA,130,NA,3.3,1.4,NA,NA,"Acer rubrum L.",NA,NA,"2019",316,"soft maple/birch","Acer rubrum L.","red maple","Aceraceae","tree","rubrum",0.744,"hw2",-1.9123,2.3651,"AceraceaeBelow0.50spg","hardwood","Hardwood",0.44,-2.047,2.3852,0.21103,0.95964,NA,"Check",0.162690887876099,0.142304800931639,NA
"Acer","ACRU","NEON.PLA.D05.TREE.02983","TREE_009","TREE","D05",2017-10-26,"Live","small tree",NA,130,NA,3.1,1.1,NA,NA,"Acer rubrum L.",NA,NA,"2017",316,"soft maple/birch","Acer rubrum L.","red maple","Aceraceae","tree","rubrum",0.744,"hw2",-1.9123,2.3651,"AceraceaeBelow0.50spg","hardwood","Hardwood",0.44,-2.047,2.3852,0.21103,0.95964,NA,"Check",0.0919715809305997,0.0800580106252001,NA
"Acer","ACRU","NEON.PLA.D05.TREE.00419","TREE_025","TREE","D05",2018-10-17,"Live","single bole tree",NA,130,NA,15.5,16.9,NA,23,"Acer rubrum L.",8.1,64.7,"2018",316,"soft maple/birch","Acer rubrum L.","red maple","Aceraceae","tree","rubrum",0.744,"hw2",-1.9123,2.3651,"AceraceaeBelow0.50spg","hardwood","Hardwood",0.44,-2.047,2.3852,0.21103,0.95964,NA,"Check",118.460485257638,109.585870896434,NA
"Acer","ACRU","NEON.PLA.D05.TREE.00173","TREE_054","TREE","D05",2018-10-09,"Live","single bole tree",NA,130,NA,13.7,18.3,NA,41,"Acer rubrum L.",4.5,218.6,"2018",316,"soft maple/birch","Acer rubrum L.","red maple","Aceraceae","tree","rubrum",0.744,"hw2",-1.9123,2.3651,"AceraceaeBelow0.50spg","hardwood","Hardwood",0.44,-2.047,2.3852,0.21103,0.95964,NA,"Check",142.995290570622,132.494403652312,NA
"Acer","ACRU","NEON.PLA.D05.TREE.00173","TREE_054","TREE","D05",2017-08-30,"Live","single bole tree",NA,130,NA,14.2,17.9,NA,41,"Acer rubrum L.",4.5,218.6,"2017",316,"soft maple/birch","Acer rubrum L.","red maple","Aceraceae","tree","rubrum",0.744,"hw2",-1.9123,2.3651,"AceraceaeBelow0.50spg","hardwood","Hardwood",0.44,-2.047,2.3852,0.21103,0.95964,NA,"Check",135.712973419738,125.691018387897,NA
"Acer","ACRU","NEON.PLA.D05.TREE.00173","TREE_054","TREE","D05",2022-09-07,"Live","single bole tree","Full sun",130,NA,15.8,19.3,NA,41,"Acer rubrum L.",4.5,218.6,"2022",316,"soft maple/birch","Acer rubrum L.","red maple","Aceraceae","tree","rubrum",0.744,"hw2",-1.9123,2.3651,"AceraceaeBelow0.50spg","hardwood","Hardwood",0.44,-2.047,2.3852,0.21103,0.95964,NA,"Check",162.169901823519,150.421698758049,NA
"Acer","ACRU","NEON.PLA.D05.TREE.00173","TREE_054","TREE","D05",2015-07-30,"Live","single bole tree","Partially shaded",130,NA,9,17.3,NA,41,"Acer rubrum L.",4.5,218.6,"2015",316,"soft maple/birch","Acer rubrum L.","red maple","Aceraceae","tree","rubrum",0.744,"hw2",-1.9123,2.3651,"AceraceaeBelow0.50spg","hardwood","Hardwood",0.44,-2.047,2.3852,0.21103,0.95964,NA,"Check",125.199184705323,115.874203188382,NA
"Acer","ACRU","NEON.PLA.D05.TREE.00174","TREE_049","TREE","D05",2018-10-10,"Live","single bole tree",NA,130,NA,22.3,38.2,NA,23,"Acer rubrum L.",8.2,64.4,"2018",316,"soft maple/birch","Acer rubrum L.","red maple","Aceraceae","tree","rubrum",0.744,"hw2",-1.9123,2.3651,"AceraceaeBelow0.50spg","hardwood","Hardwood",0.44,-2.047,2.3852,0.21103,0.95964,NA,"Check",815.148477781776,766.54336483519,NA
"Acer","ACRU","NEON.PLA.D05.TREE.00288","TREE_056","TREE","D05",2022-09-20,"Live","single bole tree","Mostly shaded",130,NA,14.5,15.3,NA,61,"Acer rubrum L.",5.4,193.6,"2022",316,"soft maple/birch","Acer rubrum L.","red maple","Aceraceae","tree","rubrum",0.744,"hw2",-1.9123,2.3651,"AceraceaeBelow0.50spg","hardwood","Hardwood",0.44,-2.047,2.3852,0.21103,0.95964,NA,"Check",93.6294269387988,86.4420775807314,NA
"Acer","ACRU","NEON.PLA.D05.TREE.01363","TREE_040","TREE","D05",2015-08-10,"Live","small tree","Mostly shaded",130,NA,9.3,8.7,NA,NA,"Acer rubrum L.",NA,NA,"2015",316,"soft maple/birch","Acer rubrum L.","red maple","Aceraceae","tree","rubrum",0.744,"hw2",-1.9123,2.3651,"AceraceaeBelow0.50spg","hardwood","Hardwood",0.44,-2.047,2.3852,0.21103,0.95964,NA,"Check",12.2408843972697,11.1074989984733,NA
"Acer","ACRU","NEON.PLA.D05.TREE.01363","TREE_040","TREE","D05",2016-10-20,"Live","small tree",NA,130,NA,8.1,8.8,NA,NA,"Acer rubrum L.",NA,NA,"2016",316,"soft maple/birch","Acer rubrum L.","red maple","Aceraceae","tree","rubrum",0.744,"hw2",-1.9123,2.3651,"AceraceaeBelow0.50spg","hardwood","Hardwood",0.44,-2.047,2.3852,0.21103,0.95964,NA,"Check",12.5762678962826,11.4144510767838,NA
"Acer","ACRU","NEON.PLA.D05.TREE.01363","TREE_040","TREE","D05",2017-10-19,"Live","small tree",NA,130,NA,11,9,NA,NA,"Acer rubrum L.",NA,NA,"2017",316,"soft maple/birch","Acer rubrum L.","red maple","Aceraceae","tree","rubrum",0.744,"hw2",-1.9123,2.3651,"AceraceaeBelow0.50spg","hardwood","Hardwood",0.44,-2.047,2.3852,0.21103,0.95964,NA,"Check",13.2627862752248,12.0429863726271,NA
"Acer","ACRU","NEON.PLA.D05.TREE.00542","TREE_042","TREE","D05",2017-09-25,"Live","single bole tree",NA,130,NA,21.5,47.5,NA,41,"Acer rubrum L.",11.5,154.6,"2017",316,"soft maple/birch","Acer rubrum L.","red maple","Aceraceae","tree","rubrum",0.744,"hw2",-1.9123,2.3651,"AceraceaeBelow0.50spg","hardwood","Hardwood",0.44,-2.047,2.3852,0.21103,0.95964,NA,"Check",1364.72993684888,1288.98775950123,NA
"Acer","ACRU","NEON.PLA.D05.TREE.00175","TREE_049","TREE","D05",2016-09-28,"Live","single bole tree",NA,130,NA,20.4,48.2,NA,41,"Acer rubrum L.",1.9,173.4,"2016",316,"soft maple/birch","Acer rubrum L.","red maple","Aceraceae","tree","rubrum",0.744,"hw2",-1.9123,2.3651,"AceraceaeBelow0.50spg","hardwood","Hardwood",0.44,-2.047,2.3852,0.21103,0.95964,NA,"Check",1412.77568712372,1334.75940954523,NA
"Acer","ACRU","NEON.PLA.D05.TREE.00175","TREE_049","TREE","D05",2017-09-18,"Live","single bole tree",NA,130,NA,23,48.7,NA,41,"Acer rubrum L.",1.9,173.4,"2017",316,"soft maple/birch","Acer rubrum L.","red maple","Aceraceae","tree","rubrum",0.744,"hw2",-1.9123,2.3651,"AceraceaeBelow0.50spg","hardwood","Hardwood",0.44,-2.047,2.3852,0.21103,0.95964,NA,"Check",1447.68277956965,1368.02260554504,NA
"Acer","ACRU","NEON.PLA.D05.TREE.00175","TREE_049","TREE","D05",2018-10-10,"Live","single bole tree",NA,130,NA,21.7,48.9,NA,41,"Acer rubrum L.",1.9,173.4,"2018",316,"soft maple/birch","Acer rubrum L.","red maple","Aceraceae","tree","rubrum",0.744,"hw2",-1.9123,2.3651,"AceraceaeBelow0.50spg","hardwood","Hardwood",0.44,-2.047,2.3852,0.21103,0.95964,NA,"Check",1461.78346475353,1381.46118277512,NA
"Acer","ACRU","NEON.PLA.D05.TREE.01385","TREE_041","TREE","D05",2016-10-18,"Live","small tree",NA,130,NA,7,5.5,NA,NA,"Acer rubrum L.",NA,NA,"2016",316,"soft maple/birch","Acer rubrum L.","red maple","Aceraceae","tree","rubrum",0.744,"hw2",-1.9123,2.3651,"AceraceaeBelow0.50spg","hardwood","Hardwood",0.44,-2.047,2.3852,0.21103,0.95964,NA,"Check",4.13797258498359,3.72038640224789,NA
"Acer","ACRU","NEON.PLA.D05.TREE.01385","TREE_041","TREE","D05",2019-10-23,"Live","small tree",NA,130,NA,10.2,6.3,NA,NA,"Acer rubrum L.",NA,NA,"2019",316,"soft maple/birch","Acer rubrum L.","red maple","Aceraceae","tree","rubrum",0.744,"hw2",-1.9123,2.3651,"AceraceaeBelow0.50spg","hardwood","Hardwood",0.44,-2.047,2.3852,0.21103,0.95964,NA,"Check",5.70526925837834,5.14353903337975,NA
"Acer","ACRU","NEON.PLA.D05.TREE.01086","TREE_043","TREE","D05",2019-10-23,"Live","small tree",NA,130,NA,2.5,1,NA,NA,"Acer rubrum L.",NA,NA,"2019",316,"soft maple/birch","Acer rubrum L.","red maple","Aceraceae","tree","rubrum",0.744,"hw2",-1.9123,2.3651,"AceraceaeBelow0.50spg","hardwood","Hardwood",0.44,-2.047,2.3852,0.21103,0.95964,NA,"Check",0.073410099398862,0.0637785969993142,NA
"Acer","ACRU","NEON.PLA.D05.TREE.00126","TREE_055","TREE","D05",2018-10-10,"Live","single bole tree",NA,130,NA,23.8,50.2,NA,59,"Acer rubrum L.",7.6,136.2,"2018",316,"soft maple/birch","Acer rubrum L.","red maple","Aceraceae","tree","rubrum",0.744,"hw2",-1.9123,2.3651,"AceraceaeBelow0.50spg","hardwood","Hardwood",0.44,-2.047,2.3852,0.21103,0.95964,NA,"Check",1555.3675132934,1470.67835847495,NA
"Acer","ACRU","NEON.PLA.D05.TREE.00126","TREE_055","TREE","D05",2017-09-14,"Live","single bole tree",NA,130,NA,24.8,50.2,NA,59,"Acer rubrum L.",7.6,136.2,"2017",316,"soft maple/birch","Acer rubrum L.","red maple","Aceraceae","tree","rubrum",0.744,"hw2",-1.9123,2.3651,"AceraceaeBelow0.50spg","hardwood","Hardwood",0.44,-2.047,2.3852,0.21103,0.95964,NA,"Check",1555.3675132934,1470.67835847495,NA
"Acer","ACRU","NEON.PLA.D05.TREE.01347","TREE_040","TREE","D05",2016-10-20,"Live","single bole tree",NA,140,NA,9.2,10.8,NA,25,"Acer rubrum L.",7.3,335.5,"2016",316,"soft maple/birch","Acer rubrum L.","red maple","Aceraceae","tree","rubrum",0.744,"hw2",-1.9123,2.3651,"AceraceaeBelow0.50spg","hardwood","Hardwood",0.44,-2.047,2.3852,0.21103,0.95964,NA,"Check",41.0817737400412,37.6635747023748,NA
"Acer","ACRU","NEON.PLA.D05.TREE.01379","TREE_041","TREE","D05",2018-10-10,"Live","single bole tree",NA,130,NA,24,43.6,NA,43,"Acer rubrum L.",8.7,299.6,"2018",316,"soft maple/birch","Acer rubrum L.","red maple","Aceraceae","tree","rubrum",0.744,"hw2",-1.9123,2.3651,"AceraceaeBelow0.50spg","hardwood","Hardwood",0.44,-2.047,2.3852,0.21103,0.95964,NA,"Check",1114.41810228119,1050.75718835401,NA
"Acer","ACRU","NEON.PLA.D05.TREE.00253","TREE_056","TREE","D05",2021-09-22,"Live","single bole tree","Partially shaded",130,NA,17.3,27.3,NA,41,"Acer rubrum L.",4.8,73.4,"2021",316,"soft maple/birch","Acer rubrum L.","red maple","Aceraceae","tree","rubrum",0.744,"hw2",-1.9123,2.3651,"AceraceaeBelow0.50spg","hardwood","Hardwood",0.44,-2.047,2.3852,0.21103,0.95964,NA,"Check",368.27050620724,343.980910143879,NA
"Acer","ACRU","NEON.PLA.D05.TREE.00253","TREE_056","TREE","D05",2016-09-28,"Live","single bole tree",NA,130,NA,19.2,27.5,NA,41,"Acer rubrum L.",4.8,73.4,"2016",316,"soft maple/birch","Acer rubrum L.","red maple","Aceraceae","tree","rubrum",0.744,"hw2",-1.9123,2.3651,"AceraceaeBelow0.50spg","hardwood","Hardwood",0.44,-2.047,2.3852,0.21103,0.95964,NA,"Check",374.683368879199,350.022157052813,NA
"Acer","ACRU","NEON.PLA.D05.TREE.02430","TREE_012","TREE","D05",2017-10-30,"Live","small tree",NA,130,NA,2.5,1.1,NA,NA,"Acer rubrum L.",NA,NA,"2017",316,"soft maple/birch","Acer rubrum L.","red maple","Aceraceae","tree","rubrum",0.744,"hw2",-1.9123,2.3651,"AceraceaeBelow0.50spg","hardwood","Hardwood",0.44,-2.047,2.3852,0.21103,0.95964,NA,"Check",0.0919715809305997,0.0800580106252001,NA
"Acer","ACRU","NEON.PLA.D05.TREE.00665","TREE_054","TREE","D05",2022-09-07,"Live, physically damaged","single bole tree","Partially shaded",130,NA,16.6,27.3,NA,41,"Acer rubrum L.",2.3,247.6,"2022",316,"soft maple/birch","Acer rubrum L.","red maple","Aceraceae","tree","rubrum",0.744,"hw2",-1.9123,2.3651,"AceraceaeBelow0.50spg","hardwood","Hardwood",0.44,-2.047,2.3852,0.21103,0.95964,NA,"Check",368.27050620724,343.980910143879,NA
"Acer","ACRU","NEON.PLA.D05.TREE.00665","TREE_054","TREE","D05",2015-07-30,"Live","single bole tree","Partially shaded",130,NA,15.2,25.5,NA,41,"Acer rubrum L.",2.3,247.6,"2015",316,"soft maple/birch","Acer rubrum L.","red maple","Aceraceae","tree","rubrum",0.744,"hw2",-1.9123,2.3651,"AceraceaeBelow0.50spg","hardwood","Hardwood",0.44,-2.047,2.3852,0.21103,0.95964,NA,"Check",313.405665474538,292.333666709991,NA
"Acer","ACRU","NEON.PLA.D05.TREE.00665","TREE_054","TREE","D05",2018-10-09,"Live","single bole tree",NA,130,NA,17.6,26.5,NA,41,"Acer rubrum L.",2.3,247.6,"2018",316,"soft maple/birch","Acer rubrum L.","red maple","Aceraceae","tree","rubrum",0.744,"hw2",-1.9123,2.3651,"AceraceaeBelow0.50spg","hardwood","Hardwood",0.44,-2.047,2.3852,0.21103,0.95964,NA,"Check",343.255479464212,320.424159692004,NA
"Acer","ACRU","NEON.PLA.D05.TREE.01150","TREE_048","TREE","D05",2016-10-19,"Live","small tree",NA,130,NA,3.4,1.8,NA,NA,"Acer rubrum L.",NA,NA,"2016",316,"soft maple/birch","Acer rubrum L.","red maple","Aceraceae","tree","rubrum",0.744,"hw2",-1.9123,2.3651,"AceraceaeBelow0.50spg","hardwood","Hardwood",0.44,-2.047,2.3852,0.21103,0.95964,NA,"Check",0.29478190012753,0.259149837338503,NA
"Acer","ACRU","NEON.PLA.D05.TREE.00103","TREE_055","TREE","D05",2018-10-10,"Live","single bole tree",NA,130,NA,25.1,29.9,NA,43,"Acer rubrum L.",1.3,286.9,"2018",316,"soft maple/birch","Acer rubrum L.","red maple","Aceraceae","tree","rubrum",0.744,"hw2",-1.9123,2.3651,"AceraceaeBelow0.50spg","hardwood","Hardwood",0.44,-2.047,2.3852,0.21103,0.95964,NA,"Check",456.676422007491,427.33662322703,NA
"Acer","ACRU","NEON.PLA.D05.TREE.00851","TREE_025","TREE","D05",2016-10-18,"Live","single bole tree",NA,130,NA,18.3,29.3,NA,41,"Acer rubrum L.",2.6,257.6,"2016",316,"soft maple/birch","Acer rubrum L.","red maple","Aceraceae","tree","rubrum",0.744,"hw2",-1.9123,2.3651,"AceraceaeBelow0.50spg","hardwood","Hardwood",0.44,-2.047,2.3852,0.21103,0.95964,NA,"Check",435.298600768617,407.166316987371,NA
"Acer","ACRU","NEON.PLA.D05.TREE.00103","TREE_055","TREE","D05",2015-07-29,"Live","single bole tree","Open grown",130,NA,21.4,48.7,NA,43,"Acer rubrum L.",1.3,286.9,"2015",316,"soft maple/birch","Acer rubrum L.","red maple","Aceraceae","tree","rubrum",0.744,"hw2",-1.9123,2.3651,"AceraceaeBelow0.50spg","hardwood","Hardwood",0.44,-2.047,2.3852,0.21103,0.95964,NA,"Check",1447.68277956965,1368.02260554504,NA
"Acer","ACRU","NEON.PLA.D05.TREE.00103","TREE_055","TREE","D05",2016-09-27,"Live","single bole tree",NA,130,NA,23.1,48.9,NA,43,"Acer rubrum L.",1.3,286.9,"2016",316,"soft maple/birch","Acer rubrum L.","red maple","Aceraceae","tree","rubrum",0.744,"hw2",-1.9123,2.3651,"AceraceaeBelow0.50spg","hardwood","Hardwood",0.44,-2.047,2.3852,0.21103,0.95964,NA,"Check",1461.78346475353,1381.46118277512,NA
"Acer","ACRU","NEON.PLA.D05.TREE.00852","TREE_025","TREE","D05",2016-10-18,"Live","small tree",NA,130,NA,4.9,4.6,NA,NA,"Acer rubrum L.",NA,NA,"2016",316,"soft maple/birch","Acer rubrum L.","red maple","Aceraceae","tree","rubrum",0.744,"hw2",-1.9123,2.3651,"AceraceaeBelow0.50spg","hardwood","Hardwood",0.44,-2.047,2.3852,0.21103,0.95964,NA,"Check",2.71171697548196,2.42932120774113,NA
"Acer","ACRU","NEON.PLA.D05.TREE.00256","TREE_056","TREE","D05",2016-09-28,"Live","single bole tree",NA,130,NA,18.4,26.1,NA,41,"Acer rubrum L.",7.5,90,"2016",316,"soft maple/birch","Acer rubrum L.","red maple","Aceraceae","tree","rubrum",0.744,"hw2",-1.9123,2.3651,"AceraceaeBelow0.50spg","hardwood","Hardwood",0.44,-2.047,2.3852,0.21103,0.95964,NA,"Check",331.127405408833,309.008292076492,NA
"Acer","ACRU","NEON.PLA.D05.TREE.00173","TREE_054","TREE","D05",2021-09-20,"Live","single bole tree","Partially shaded",130,NA,13.1,19,NA,41,"Acer rubrum L.",4.5,218.6,"2021",316,"soft maple/birch","Acer rubrum L.","red maple","Aceraceae","tree","rubrum",0.744,"hw2",-1.9123,2.3651,"AceraceaeBelow0.50spg","hardwood","Hardwood",0.44,-2.047,2.3852,0.21103,0.95964,NA,"Check",156.271148463913,144.904637422097,NA
"Acer","ACRU","NEON.PLA.D05.TREE.00173","TREE_054","TREE","D05",2016-10-18,"Live","single bole tree",NA,130,NA,13,17.5,NA,41,"Acer rubrum L.",4.5,218.6,"2016",316,"soft maple/birch","Acer rubrum L.","red maple","Aceraceae","tree","rubrum",0.744,"hw2",-1.9123,2.3651,"AceraceaeBelow0.50spg","hardwood","Hardwood",0.44,-2.047,2.3852,0.21103,0.95964,NA,"Check",128.649455137339,119.095005626178,NA
"Acer","ACRU","NEON.PLA.D05.TREE.00442","TREE_025","TREE","D05",2016-10-18,"Live","multi-bole tree",NA,130,NA,18.3,27.3,NA,41,"Acer rubrum L.",6.7,97.2,"2016",316,"soft maple/birch","Acer rubrum L.","red maple","Aceraceae","tree","rubrum",0.744,"hw2",-1.9123,2.3651,"AceraceaeBelow0.50spg","hardwood","Hardwood",0.44,-2.047,2.3852,0.21103,0.95964,NA,"Check",368.27050620724,343.980910143879,NA
"Acer","ACRU","NEON.PLA.D05.TREE.00442A","TREE_025","TREE","D05",2017-10-18,"Live","multi-bole tree",NA,130,NA,NA,23.9,NA,41,"Acer rubrum L.",6.7,97.2,"2017",316,"soft maple/birch","Acer rubrum L.","red maple","Aceraceae","tree","rubrum",0.744,"hw2",-1.9123,2.3651,"AceraceaeBelow0.50spg","hardwood","Hardwood",0.44,-2.047,2.3852,0.21103,0.95964,NA,"Check",268.873213505012,250.468934849441,NA
"Acer","ACRU","NEON.PLA.D05.TREE.00696","TREE_046","TREE","D05",2021-09-21,"Live","single bole tree","Partially shaded",130,NA,19.5,23.1,NA,25,"Acer rubrum L.",4.6,298.2,"2021",316,"soft maple/birch","Acer rubrum L.","red maple","Aceraceae","tree","rubrum",0.744,"hw2",-1.9123,2.3651,"AceraceaeBelow0.50spg","hardwood","Hardwood",0.44,-2.047,2.3852,0.21103,0.95964,NA,"Check",248.071776017057,230.933261916534,NA
"Acer","ACRU","NEON.PLA.D05.TREE.00619","TREE_053","TREE","D05",2016-09-27,"Live","single bole tree",NA,130,NA,17.2,31.3,NA,43,"Acer rubrum L.",5.1,350.3,"2016",316,"soft maple/birch","Acer rubrum L.","red maple","Aceraceae","tree","rubrum",0.744,"hw2",-1.9123,2.3651,"AceraceaeBelow0.50spg","hardwood","Hardwood",0.44,-2.047,2.3852,0.21103,0.95964,NA,"Check",508.87436679866,476.619217663114,NA
"Acer","ACRU","NEON.PLA.D05.TREE.00619","TREE_053","TREE","D05",2015-07-27,"Live","single bole tree","Full sun",130,NA,18.6,32.1,NA,43,"Acer rubrum L.",5.1,350.3,"2015",316,"soft maple/birch","Acer rubrum L.","red maple","Aceraceae","tree","rubrum",0.744,"hw2",-1.9123,2.3651,"AceraceaeBelow0.50spg","hardwood","Hardwood",0.44,-2.047,2.3852,0.21103,0.95964,NA,"Check",540.174046993234,506.191675593903,NA
"Acer","ACRU","NEON.PLA.D05.TREE.00821","TREE_057","TREE","D05",2017-10-17,"Live","multi-bole tree",NA,130,NA,12.1,11.1,NA,39,"Acer rubrum L.",3.7,81,"2017",316,"soft maple/birch","Acer rubrum L.","red maple","Aceraceae","tree","rubrum",0.744,"hw2",-1.9123,2.3651,"AceraceaeBelow0.50spg","hardwood","Hardwood",0.44,-2.047,2.3852,0.21103,0.95964,NA,"Check",43.8320758928712,40.2071754050818,NA
"Acer","ACRU","NEON.PLA.D05.TREE.02442","TREE_012","TREE","D05",2017-10-30,"Live","small tree",NA,130,NA,3,1.2,NA,NA,"Acer rubrum L.",NA,NA,"2017",316,"soft maple/birch","Acer rubrum L.","red maple","Aceraceae","tree","rubrum",0.744,"hw2",-1.9123,2.3651,"AceraceaeBelow0.50spg","hardwood","Hardwood",0.44,-2.047,2.3852,0.21103,0.95964,NA,"Check",0.112986713722055,0.0985231002614041,NA
"Acer","ACRU","NEON.PLA.D05.TREE.02443","TREE_012","TREE","D05",2019-10-17,"Live","small tree",NA,130,NA,3.1,1.4,NA,NA,"Acer rubrum L.",NA,NA,"2019",316,"soft maple/birch","Acer rubrum L.","red maple","Aceraceae","tree","rubrum",0.744,"hw2",-1.9123,2.3651,"AceraceaeBelow0.50spg","hardwood","Hardwood",0.44,-2.047,2.3852,0.21103,0.95964,NA,"Check",0.162690887876099,0.142304800931639,NA
"Acer","ACRU","NEON.PLA.D05.TREE.01181","TREE_043","TREE","D05",2018-10-15,"Live","small tree",NA,130,NA,5.6,2.8,NA,NA,"Acer rubrum L.",NA,NA,"2018",316,"soft maple/birch","Acer rubrum L.","red maple","Aceraceae","tree","rubrum",0.744,"hw2",-1.9123,2.3651,"AceraceaeBelow0.50spg","hardwood","Hardwood",0.44,-2.047,2.3852,0.21103,0.95964,NA,"Check",0.838164518260904,0.743423521425579,NA
"Acer","ACRU","NEON.PLA.D05.TREE.00411","TREE_057","TREE","D05",2017-10-17,"Live","single bole tree",NA,130,NA,14.9,18.5,NA,39,"Acer rubrum L.",10.4,46.8,"2017",316,"soft maple/birch","Acer rubrum L.","red maple","Aceraceae","tree","rubrum",0.744,"hw2",-1.9123,2.3651,"AceraceaeBelow0.50spg","hardwood","Hardwood",0.44,-2.047,2.3852,0.21103,0.95964,NA,"Check",146.71905365089,135.974415969375,NA
"Acer","ACRU","NEON.PLA.D05.TREE.00411","TREE_057","TREE","D05",2015-08-04,"Live","single bole tree","Partially shaded",130,NA,12.9,18.1,NA,39,"Acer rubrum L.",10.4,46.8,"2015",316,"soft maple/birch","Acer rubrum L.","red maple","Aceraceae","tree","rubrum",0.744,"hw2",-1.9123,2.3651,"AceraceaeBelow0.50spg","hardwood","Hardwood",0.44,-2.047,2.3852,0.21103,0.95964,NA,"Check",139.326670760724,129.066678080231,NA
"Acer","ACRU","NEON.PLA.D05.TREE.01182","TREE_043","TREE","D05",2015-08-05,"Live","sapling","Full shade",10,NA,1.6,1.2,NA,NA,"Acer rubrum L.",NA,NA,"2015",316,"soft maple/birch","Acer rubrum L.","red maple","Aceraceae","tree","rubrum",0.744,"hw2",-1.9123,2.3651,"AceraceaeBelow0.50spg","hardwood","Hardwood",0.44,-2.047,2.3852,0.21103,0.95964,0.851537287154131,"Check",0.050197317694683,0.0434707120700236,NA
"Acer","ACRU","NEON.PLA.D05.TREE.01385","TREE_041","TREE","D05",2021-09-20,"Live","small tree","Full shade",130,NA,10.4,7.1,NA,NA,"Acer rubrum L.",NA,NA,"2021",316,"soft maple/birch","Acer rubrum L.","red maple","Aceraceae","tree","rubrum",0.744,"hw2",-1.9123,2.3651,"AceraceaeBelow0.50spg","hardwood","Hardwood",0.44,-2.047,2.3852,0.21103,0.95964,NA,"Check",7.56949545711669,6.84063431718492,NA
"Acer","ACRU","NEON.PLA.D05.TREE.00002","TREE_056","TREE","D05",2021-09-22,"Live","single bole tree","Full sun",130,NA,17.6,21.9,NA,41,"Acer rubrum L.",8.5,224.6,"2021",316,"soft maple/birch","Acer rubrum L.","red maple","Aceraceae","tree","rubrum",0.744,"hw2",-1.9123,2.3651,"AceraceaeBelow0.50spg","hardwood","Hardwood",0.44,-2.047,2.3852,0.21103,0.95964,NA,"Check",218.666895058173,203.341722561826,NA
"Acer","ACRU","NEON.PLA.D05.TREE.00002","TREE_056","TREE","D05",2018-10-09,"Live","single bole tree",NA,130,NA,17.9,20.7,NA,41,"Acer rubrum L.",8.5,224.6,"2018",316,"soft maple/birch","Acer rubrum L.","red maple","Aceraceae","tree","rubrum",0.744,"hw2",-1.9123,2.3651,"AceraceaeBelow0.50spg","hardwood","Hardwood",0.44,-2.047,2.3852,0.21103,0.95964,NA,"Check",191.381575860142,177.767212935356,NA
"Acer","ACRU","NEON.PLA.D05.TREE.00002","TREE_056","TREE","D05",2016-09-28,"Live","single bole tree",NA,130,NA,18,20.1,NA,41,"Acer rubrum L.",8.5,224.6,"2016",316,"soft maple/birch","Acer rubrum L.","red maple","Aceraceae","tree","rubrum",0.744,"hw2",-1.9123,2.3651,"AceraceaeBelow0.50spg","hardwood","Hardwood",0.44,-2.047,2.3852,0.21103,0.95964,NA,"Check",178.520320416773,165.722864608296,NA
"Acer","ACRU","NEON.PLA.D05.TREE.00002","TREE_056","TREE","D05",2017-09-25,"Live","single bole tree",NA,130,NA,17.4,20.2,NA,41,"Acer rubrum L.",8.5,224.6,"2017",316,"soft maple/birch","Acer rubrum L.","red maple","Aceraceae","tree","rubrum",0.744,"hw2",-1.9123,2.3651,"AceraceaeBelow0.50spg","hardwood","Hardwood",0.44,-2.047,2.3852,0.21103,0.95964,NA,"Check",180.628046955711,167.696223304836,NA
"Acer","ACRU","NEON.PLA.D05.TREE.01347","TREE_040","TREE","D05",2015-08-10,"Live","single bole tree","Mostly shaded",120,NA,9.2,10,NA,25,"Acer rubrum L.",7.3,335.5,"2015",316,"soft maple/birch","Acer rubrum L.","red maple","Aceraceae","tree","rubrum",0.744,"hw2",-1.9123,2.3651,"AceraceaeBelow0.50spg","hardwood","Hardwood",0.44,-2.047,2.3852,0.21103,0.95964,NA,"Check",17.0159347727837,15.4837076021259,NA
"Acer","ACRU","NEON.PLA.D05.TREE.01347","TREE_040","TREE","D05",2018-10-18,"Live","single bole tree",NA,130,NA,10.9,10.4,NA,25,"Acer rubrum L.",7.3,335.5,"2018",316,"soft maple/birch","Acer rubrum L.","red maple","Aceraceae","tree","rubrum",0.744,"hw2",-1.9123,2.3651,"AceraceaeBelow0.50spg","hardwood","Hardwood",0.44,-2.047,2.3852,0.21103,0.95964,NA,"Check",37.5737215879843,34.4212879530058,NA
"Acer","ACRU","NEON.PLA.D05.TREE.01471","TREE_041","TREE","D05",2019-10-23,"Live, broken bole","single bole tree",NA,130,NA,18.8,27.7,NA,21,"Acer rubrum L.",12.5,44.2,"2019",316,"soft maple/birch","Acer rubrum L.","red maple","Aceraceae","tree","rubrum",0.744,"hw2",-1.9123,2.3651,"AceraceaeBelow0.50spg","hardwood","Hardwood",0.44,-2.047,2.3852,0.21103,0.95964,NA,"Check",381.160215722697,356.124572340631,NA
"Acer","ACRU","NEON.PLA.D05.TREE.01471","TREE_041","TREE","D05",2018-10-10,"Live, broken bole","single bole tree",NA,130,NA,17.8,28,NA,21,"Acer rubrum L.",12.5,44.2,"2018",316,"soft maple/birch","Acer rubrum L.","red maple","Aceraceae","tree","rubrum",0.744,"hw2",-1.9123,2.3651,"AceraceaeBelow0.50spg","hardwood","Hardwood",0.44,-2.047,2.3852,0.21103,0.95964,NA,"Check",390.995826891003,365.393259793643,NA
"Acer","ACRU","NEON.PLA.D05.TREE.01471","TREE_041","TREE","D05",2017-10-16,"Live","single bole tree",NA,130,NA,23.4,27.4,NA,21,"Acer rubrum L.",12.5,44.2,"2017",316,"soft maple/birch","Acer rubrum L.","red maple","Aceraceae","tree","rubrum",0.744,"hw2",-1.9123,2.3651,"AceraceaeBelow0.50spg","hardwood","Hardwood",0.44,-2.047,2.3852,0.21103,0.95964,NA,"Check",371.468950146417,346.993898267045,NA
"Acer","ACRU","NEON.PLA.D05.TREE.01471","TREE_041","TREE","D05",2021-09-20,"Live, broken bole","single bole tree","Partially shaded",130,NA,20,27.8,NA,21,"Acer rubrum L.",12.5,44.2,"2021",316,"soft maple/birch","Acer rubrum L.","red maple","Aceraceae","tree","rubrum",0.744,"hw2",-1.9123,2.3651,"AceraceaeBelow0.50spg","hardwood","Hardwood",0.44,-2.047,2.3852,0.21103,0.95964,NA,"Check",384.422686209687,359.198771587479,NA
"Acer","ACRU","NEON.PLA.D05.TREE.01133","TREE_048","TREE","D05",2017-10-18,"Live","small tree",NA,130,NA,2.7,1.2,NA,NA,"Acer rubrum L.",NA,NA,"2017",316,"soft maple/birch","Acer rubrum L.","red maple","Aceraceae","tree","rubrum",0.744,"hw2",-1.9123,2.3651,"AceraceaeBelow0.50spg","hardwood","Hardwood",0.44,-2.047,2.3852,0.21103,0.95964,NA,"Check",0.112986713722055,0.0985231002614041,NA
"Acer","ACRU","NEON.PLA.D05.TREE.02054","TREE_018","TREE","D05",2019-10-30,"Live","small tree",NA,130,NA,2.8,1.5,NA,NA,"Acer rubrum L.",NA,NA,"2019",316,"soft maple/birch","Acer rubrum L.","red maple","Aceraceae","tree","rubrum",0.744,"hw2",-1.9123,2.3651,"AceraceaeBelow0.50spg","hardwood","Hardwood",0.44,-2.047,2.3852,0.21103,0.95964,NA,"Check",0.191526666069617,0.16775977404484,NA
"Acer","ACRU","NEON.PLA.D05.TREE.02980","TREE_009","TREE","D05",2019-10-16,"Live","small tree",NA,130,NA,4.2,1.6,NA,NA,"Acer rubrum L.",NA,NA,"2019",316,"soft maple/birch","Acer rubrum L.","red maple","Aceraceae","tree","rubrum",0.744,"hw2",-1.9123,2.3651,"AceraceaeBelow0.50spg","hardwood","Hardwood",0.44,-2.047,2.3852,0.21103,0.95964,NA,"Check",0.223110486445256,0.19567797440468,NA
"Acer","ACRU","NEON.PLA.D05.TREE.02980","TREE_009","TREE","D05",2017-10-26,"Live","small tree",NA,130,NA,3.3,1.2,NA,NA,"Acer rubrum L.",NA,NA,"2017",316,"soft maple/birch","Acer rubrum L.","red maple","Aceraceae","tree","rubrum",0.744,"hw2",-1.9123,2.3651,"AceraceaeBelow0.50spg","hardwood","Hardwood",0.44,-2.047,2.3852,0.21103,0.95964,NA,"Check",0.112986713722055,0.0985231002614041,NA
"Acer","ACRU","NEON.PLA.D05.TREE.02982","TREE_009","TREE","D05",2019-10-16,"Live","small tree",NA,130,NA,3.1,1.8,NA,NA,"Acer rubrum L.",NA,NA,"2019",316,"soft maple/birch","Acer rubrum L.","red maple","Aceraceae","tree","rubrum",0.744,"hw2",-1.9123,2.3651,"AceraceaeBelow0.50spg","hardwood","Hardwood",0.44,-2.047,2.3852,0.21103,0.95964,NA,"Check",0.29478190012753,0.259149837338503,NA
"Acer","ACRU","NEON.PLA.D05.TREE.00248","TREE_056","TREE","D05",2017-08-28,"Live","single bole tree",NA,130,NA,16.9,24.2,NA,43,"Acer rubrum L.",10.2,306,"2017",316,"soft maple/birch","Acer rubrum L.","red maple","Aceraceae","tree","rubrum",0.744,"hw2",-1.9123,2.3651,"AceraceaeBelow0.50spg","hardwood","Hardwood",0.44,-2.047,2.3852,0.21103,0.95964,NA,"Check",276.92386496705,258.033210787391,NA
"Acer","ACRU","NEON.PLA.D05.TREE.00489","TREE_057","TREE","D05",2017-10-17,"Live","single bole tree",NA,130,NA,20.2,26.3,NA,57,"Acer rubrum L.",4.1,152.1,"2017",316,"soft maple/birch","Acer rubrum L.","red maple","Aceraceae","tree","rubrum",0.744,"hw2",-1.9123,2.3651,"AceraceaeBelow0.50spg","hardwood","Hardwood",0.44,-2.047,2.3852,0.21103,0.95964,NA,"Check",337.159967273274,314.686162841566,NA
"Acer","ACRU","NEON.PLA.D05.TREE.00547","TREE_053","TREE","D05",2016-09-27,"Live","single bole tree",NA,130,NA,23.1,42.3,NA,43,"Acer rubrum L.",10.3,215.6,"2016",316,"soft maple/birch","Acer rubrum L.","red maple","Aceraceae","tree","rubrum",0.744,"hw2",-1.9123,2.3651,"AceraceaeBelow0.50spg","hardwood","Hardwood",0.44,-2.047,2.3852,0.21103,0.95964,NA,"Check",1037.42393859743,977.566341063055,NA
"Acer","ACRU","NEON.PLA.D05.TREE.00419","TREE_025","TREE","D05",2015-08-04,"Live","single bole tree","Full sun",130,NA,13.6,16.1,NA,23,"Acer rubrum L.",8.1,64.7,"2015",316,"soft maple/birch","Acer rubrum L.","red maple","Aceraceae","tree","rubrum",0.744,"hw2",-1.9123,2.3651,"AceraceaeBelow0.50spg","hardwood","Hardwood",0.44,-2.047,2.3852,0.21103,0.95964,NA,"Check",105.623983312216,97.6158353358129,NA
"Acer","ACRU","NEON.PLA.D05.TREE.00419","TREE_025","TREE","D05",2017-10-18,"Live","single bole tree",NA,130,NA,13.9,16.7,NA,23,"Acer rubrum L.",8.1,64.7,"2017",316,"soft maple/birch","Acer rubrum L.","red maple","Aceraceae","tree","rubrum",0.744,"hw2",-1.9123,2.3651,"AceraceaeBelow0.50spg","hardwood","Hardwood",0.44,-2.047,2.3852,0.21103,0.95964,NA,"Check",115.171596800027,106.517882043559,NA
"Acer","ACRU","NEON.PLA.D05.TREE.00419","TREE_025","TREE","D05",2016-10-18,"Live","single bole tree",NA,130,NA,14.9,16.4,NA,23,"Acer rubrum L.",8.1,64.7,"2016",316,"soft maple/birch","Acer rubrum L.","red maple","Aceraceae","tree","rubrum",0.744,"hw2",-1.9123,2.3651,"AceraceaeBelow0.50spg","hardwood","Hardwood",0.44,-2.047,2.3852,0.21103,0.95964,NA,"Check",110.338187918991,102.010468445527,NA
"Acer","ACRU","NEON.PLA.D05.TREE.01475","TREE_041","TREE","D05",2021-09-20,"Live","single bole tree","Partially shaded",130,NA,24.5,25.5,NA,39,"Acer rubrum L.",3.6,151.2,"2021",316,"soft maple/birch","Acer rubrum L.","red maple","Aceraceae","tree","rubrum",0.744,"hw2",-1.9123,2.3651,"AceraceaeBelow0.50spg","hardwood","Hardwood",0.44,-2.047,2.3852,0.21103,0.95964,NA,"Check",313.405665474538,292.333666709991,NA
"Acer","ACRU","NEON.PLA.D05.TREE.01475","TREE_041","TREE","D05",2016-10-18,"Live","single bole tree",NA,130,NA,22.4,24.5,NA,39,"Acer rubrum L.",3.6,151.2,"2016",316,"soft maple/birch","Acer rubrum L.","red maple","Aceraceae","tree","rubrum",0.744,"hw2",-1.9123,2.3651,"AceraceaeBelow0.50spg","hardwood","Hardwood",0.44,-2.047,2.3852,0.21103,0.95964,NA,"Check",285.111915832586,265.728502427983,NA
"Acer","ACRU","NEON.PLA.D05.TREE.00975","TREE_048","TREE","D05",2015-08-05,"Live","sapling","Full shade",10,NA,2.1,1.2,NA,NA,"Acer rubrum L.",NA,NA,"2015",316,"soft maple/birch","Acer rubrum L.","red maple","Aceraceae","tree","rubrum",0.744,"hw2",-1.9123,2.3651,"AceraceaeBelow0.50spg","hardwood","Hardwood",0.44,-2.047,2.3852,0.21103,0.95964,0.851537287154131,"Check",0.050197317694683,0.0434707120700236,NA
"Acer","ACRU","NEON.PLA.D05.TREE.02535","TREE_009","TREE","D05",2017-10-26,"Live","small tree",NA,130,NA,4.2,1.7,NA,NA,"Acer rubrum L.",NA,NA,"2017",316,"soft maple/birch","Acer rubrum L.","red maple","Aceraceae","tree","rubrum",0.744,"hw2",-1.9123,2.3651,"AceraceaeBelow0.50spg","hardwood","Hardwood",0.44,-2.047,2.3852,0.21103,0.95964,NA,"Check",0.257507899353021,0.226121432805832,NA
"Acer","ACRU","NEON.PLA.D05.TREE.03748","TREE_010","TREE","D05",2019-10-10,"Live","single bole tree","Full sun",130,NA,20.4,26.9,NA,31,"Acer rubrum L.",2.1,19,"2019",316,"soft maple/birch","Acer rubrum L.","red maple","Aceraceae","tree","rubrum",0.744,"hw2",-1.9123,2.3651,"AceraceaeBelow0.50spg","hardwood","Hardwood",0.44,-2.047,2.3852,0.21103,0.95964,NA,"Check",355.636051423249,332.081233703443,NA
"Acer","ACRU","NEON.PLA.D05.TREE.02537","TREE_009","TREE","D05",2017-10-26,"Live","small tree",NA,130,NA,5,2.5,NA,NA,"Acer rubrum L.",NA,NA,"2017",316,"soft maple/birch","Acer rubrum L.","red maple","Aceraceae","tree","rubrum",0.744,"hw2",-1.9123,2.3651,"AceraceaeBelow0.50spg","hardwood","Hardwood",0.44,-2.047,2.3852,0.21103,0.95964,NA,"Check",0.641096973443015,0.567337473201817,NA
"Acer","ACRU","NEON.PLA.D05.TREE.00220","TREE_055","TREE","D05",2017-09-14,"Live","small tree",NA,140,NA,2.6,1.8,NA,NA,"Acer rubrum L.",NA,NA,"2017",316,"soft maple/birch","Acer rubrum L.","red maple","Aceraceae","tree","rubrum",0.744,"hw2",-1.9123,2.3651,"AceraceaeBelow0.50spg","hardwood","Hardwood",0.44,-2.047,2.3852,0.21103,0.95964,NA,"Check",0.29478190012753,0.259149837338503,NA
"Acer","ACRU","NEON.PLA.D05.TREE.00220","TREE_055","TREE","D05",2015-07-29,"Live","small tree","Full shade",130,NA,2,1.5,NA,NA,"Acer rubrum L.",NA,NA,"2015",316,"soft maple/birch","Acer rubrum L.","red maple","Aceraceae","tree","rubrum",0.744,"hw2",-1.9123,2.3651,"AceraceaeBelow0.50spg","hardwood","Hardwood",0.44,-2.047,2.3852,0.21103,0.95964,NA,"Check",0.191526666069617,0.16775977404484,NA
"Acer","ACRU","NEON.PLA.D05.TREE.02539","TREE_009","TREE","D05",2019-10-16,"Live","small tree",NA,130,NA,5.3,2.1,NA,NA,"Acer rubrum L.",NA,NA,"2019",316,"soft maple/birch","Acer rubrum L.","red maple","Aceraceae","tree","rubrum",0.744,"hw2",-1.9123,2.3651,"AceraceaeBelow0.50spg","hardwood","Hardwood",0.44,-2.047,2.3852,0.21103,0.95964,NA,"Check",0.424459898705683,0.374310856195916,NA
"Acer","ACRU","NEON.PLA.D05.TREE.00278","TREE_056","TREE","D05",2015-07-29,"Live","single bole tree","Partially shaded",130,NA,14.3,19.5,NA,41,"Acer rubrum L.",9,60.8,"2015",316,"soft maple/birch","Acer rubrum L.","red maple","Aceraceae","tree","rubrum",0.744,"hw2",-1.9123,2.3651,"AceraceaeBelow0.50spg","hardwood","Hardwood",0.44,-2.047,2.3852,0.21103,0.95964,NA,"Check",166.172640762349,154.166406894893,NA
"Acer","ACRU","NEON.PLA.D05.TREE.00278","TREE_056","TREE","D05",2018-10-09,"Live","single bole tree",NA,130,NA,15.8,20.1,NA,41,"Acer rubrum L.",9,60.8,"2018",316,"soft maple/birch","Acer rubrum L.","red maple","Aceraceae","tree","rubrum",0.744,"hw2",-1.9123,2.3651,"AceraceaeBelow0.50spg","hardwood","Hardwood",0.44,-2.047,2.3852,0.21103,0.95964,NA,"Check",178.520320416773,165.722864608296,NA
"Acer","ACRU","NEON.PLA.D05.TREE.00510","TREE_042","TREE","D05",2021-10-04,"Live","single bole tree","Partially shaded",130,NA,22.1,33.6,NA,59,"Acer rubrum L.",5.9,175.2,"2021",316,"soft maple/birch","Acer rubrum L.","red maple","Aceraceae","tree","rubrum",0.744,"hw2",-1.9123,2.3651,"AceraceaeBelow0.50spg","hardwood","Hardwood",0.44,-2.047,2.3852,0.21103,0.95964,NA,"Check",601.788226977074,564.44761194539,NA
"Acer","ACRU","NEON.PLA.D05.TREE.00805","TREE_025","TREE","D05",2016-10-18,"Live","single bole tree",NA,130,NA,15.6,16,NA,41,"Acer rubrum L.",11.8,134,"2016",316,"soft maple/birch","Acer rubrum L.","red maple","Aceraceae","tree","rubrum",0.744,"hw2",-1.9123,2.3651,"AceraceaeBelow0.50spg","hardwood","Hardwood",0.44,-2.047,2.3852,0.21103,0.95964,NA,"Check",104.078933473252,96.1758820872883,NA
"Acer","ACRU","NEON.PLA.D05.TREE.01332","TREE_045","TREE","D05",2015-08-11,"Live,  other damage","single bole tree","Full sun",130,NA,13.7,14.8,NA,59,"Acer rubrum L.",8.9,182.5,"2015",316,"soft maple/birch","Acer rubrum L.","red maple","Aceraceae","tree","rubrum",0.744,"hw2",-1.9123,2.3651,"AceraceaeBelow0.50spg","hardwood","Hardwood",0.44,-2.047,2.3852,0.21103,0.95964,NA,"Check",86.5535021969129,79.8559791452503,NA
"Acer","ACRU","NEON.PLA.D05.TREE.00869","TREE_052","TREE","D05",2015-08-03,"Live","single bole tree","Partially shaded",130,NA,15,29,NA,41,"Acer rubrum L.",10.1,230,"2015",316,"soft maple/birch","Acer rubrum L.","red maple","Aceraceae","tree","rubrum",0.744,"hw2",-1.9123,2.3651,"AceraceaeBelow0.50spg","hardwood","Hardwood",0.44,-2.047,2.3852,0.21103,0.95964,NA,"Check",424.830968017863,397.292988059821,NA
"Acer","ACRU","NEON.PLA.D05.TREE.00869","TREE_052","TREE","D05",2016-09-29,"Live","single bole tree",NA,150,NA,15.2,28,NA,41,"Acer rubrum L.",10.1,230,"2016",316,"soft maple/birch","Acer rubrum L.","red maple","Aceraceae","tree","rubrum",0.744,"hw2",-1.9123,2.3651,"AceraceaeBelow0.50spg","hardwood","Hardwood",0.44,-2.047,2.3852,0.21103,0.95964,NA,"Check",390.995826891003,365.393259793643,NA
"Acer","ACRU","NEON.PLA.D05.TREE.00537","TREE_042","TREE","D05",2021-10-04,"Live","single bole tree","Partially shaded",130,NA,24.2,37,NA,61,"Acer rubrum L.",10,243.7,"2021",316,"soft maple/birch","Acer rubrum L.","red maple","Aceraceae","tree","rubrum",0.744,"hw2",-1.9123,2.3651,"AceraceaeBelow0.50spg","hardwood","Hardwood",0.44,-2.047,2.3852,0.21103,0.95964,NA,"Check",755.879487341962,710.352556498074,NA
"Acer","ACRU","NEON.PLA.D05.TREE.01250","TREE_043","TREE","D05",2018-10-15,"Live","small tree",NA,130,NA,2.2,1,NA,NA,"Acer rubrum L.",NA,NA,"2018",316,"soft maple/birch","Acer rubrum L.","red maple","Aceraceae","tree","rubrum",0.744,"hw2",-1.9123,2.3651,"AceraceaeBelow0.50spg","hardwood","Hardwood",0.44,-2.047,2.3852,0.21103,0.95964,NA,"Check",0.073410099398862,0.0637785969993142,NA
"Acer","ACRU","NEON.PLA.D05.TREE.02622","TREE_060","TREE","D05",2019-11-05,"Live","small tree",NA,130,NA,5,4.3,NA,NA,"Acer rubrum L.",NA,NA,"2019",316,"soft maple/birch","Acer rubrum L.","red maple","Aceraceae","tree","rubrum",0.744,"hw2",-1.9123,2.3651,"AceraceaeBelow0.50spg","hardwood","Hardwood",0.44,-2.047,2.3852,0.21103,0.95964,NA,"Check",2.31191603093239,2.06834948089564,NA
"Acer","ACRU","NEON.PLA.D05.TREE.02623","TREE_060","TREE","D05",2017-10-26,"Live","small tree",NA,130,NA,3.6,1.9,NA,NA,"Acer rubrum L.",NA,NA,"2017",316,"soft maple/birch","Acer rubrum L.","red maple","Aceraceae","tree","rubrum",0.744,"hw2",-1.9123,2.3651,"AceraceaeBelow0.50spg","hardwood","Hardwood",0.44,-2.047,2.3852,0.21103,0.95964,NA,"Check",0.334993170929283,0.294820752534051,NA
"Acer","ACRU","NEON.PLA.D05.TREE.01338","TREE_045","TREE","D05",2017-10-19,"Live","single bole tree",NA,130,NA,20.9,29.9,NA,57,"Acer rubrum L.",6.9,175.9,"2017",316,"soft maple/birch","Acer rubrum L.","red maple","Aceraceae","tree","rubrum",0.744,"hw2",-1.9123,2.3651,"AceraceaeBelow0.50spg","hardwood","Hardwood",0.44,-2.047,2.3852,0.21103,0.95964,NA,"Check",456.676422007491,427.33662322703,NA
"Acer","ACRU","NEON.PLA.D05.TREE.02214","TREE_015","TREE","D05",2018-05-08,"Live","single bole tree","Partially shaded",130,NA,17,23,NA,NA,"Acer rubrum L.",NA,NA,"2018",316,"soft maple/birch","Acer rubrum L.","red maple","Aceraceae","tree","rubrum",0.744,"hw2",-1.9123,2.3651,"AceraceaeBelow0.50spg","hardwood","Hardwood",0.44,-2.047,2.3852,0.21103,0.95964,NA,"Check",245.539386971197,228.555896450414,NA
"Acer","ACRU","NEON.PLA.D05.TREE.01338","TREE_045","TREE","D05",2018-10-17,"Live","single bole tree",NA,130,NA,19.3,30.4,NA,57,"Acer rubrum L.",6.9,175.9,"2018",316,"soft maple/birch","Acer rubrum L.","red maple","Aceraceae","tree","rubrum",0.744,"hw2",-1.9123,2.3651,"AceraceaeBelow0.50spg","hardwood","Hardwood",0.44,-2.047,2.3852,0.21103,0.95964,NA,"Check",474.944622560788,444.579330161581,NA
"Acer","ACRU","NEON.PLA.D05.TREE.00874","TREE_057","TREE","D05",2015-08-04,"Live","multi-bole tree","Mostly shaded",130,NA,12,14.3,NA,23,"Acer rubrum L.",8.5,50.5,"2015",316,"soft maple/birch","Acer rubrum L.","red maple","Aceraceae","tree","rubrum",0.744,"hw2",-1.9123,2.3651,"AceraceaeBelow0.50spg","hardwood","Hardwood",0.44,-2.047,2.3852,0.21103,0.95964,NA,"Check",79.7965149812126,73.5710089710861,NA
"Acer","ACRU","NEON.PLA.D05.TREE.00874","TREE_057","TREE","D05",2017-10-17,"Live","multi-bole tree",NA,130,NA,13.2,14.3,NA,23,"Acer rubrum L.",8.5,50.5,"2017",316,"soft maple/birch","Acer rubrum L.","red maple","Aceraceae","tree","rubrum",0.744,"hw2",-1.9123,2.3651,"AceraceaeBelow0.50spg","hardwood","Hardwood",0.44,-2.047,2.3852,0.21103,0.95964,NA,"Check",79.7965149812126,73.5710089710861,NA
"Acer","ACRU","NEON.PLA.D05.TREE.00874","TREE_057","TREE","D05",2018-10-16,"Live","multi-bole tree",NA,130,NA,12.3,14.6,NA,23,"Acer rubrum L.",8.5,50.5,"2018",316,"soft maple/birch","Acer rubrum L.","red maple","Aceraceae","tree","rubrum",0.744,"hw2",-1.9123,2.3651,"AceraceaeBelow0.50spg","hardwood","Hardwood",0.44,-2.047,2.3852,0.21103,0.95964,NA,"Check",83.8126555997497,77.3060756087492,NA
"Acer","ACRU","NEON.PLA.D05.TREE.00874","TREE_057","TREE","D05",2016-10-18,"Live","multi-bole tree",NA,130,NA,12.9,14.1,NA,23,"Acer rubrum L.",8.5,50.5,"2016",316,"soft maple/birch","Acer rubrum L.","red maple","Aceraceae","tree","rubrum",0.744,"hw2",-1.9123,2.3651,"AceraceaeBelow0.50spg","hardwood","Hardwood",0.44,-2.047,2.3852,0.21103,0.95964,NA,"Check",77.1821346109577,71.1404524660883,NA
"Acer","ACRU","NEON.PLA.D05.TREE.00874A","TREE_057","TREE","D05",2018-10-16,"Live","multi-bole tree",NA,130,NA,12.3,11.4,NA,23,"Acer rubrum L.",8.5,50.5,"2018",316,"soft maple/birch","Acer rubrum L.","red maple","Aceraceae","tree","rubrum",0.744,"hw2",-1.9123,2.3651,"AceraceaeBelow0.50spg","hardwood","Hardwood",0.44,-2.047,2.3852,0.21103,0.95964,NA,"Check",46.6857485029506,42.8478117174061,NA
"Acer","ACRU","NEON.PLA.D05.TREE.00874A","TREE_057","TREE","D05",2017-10-17,"Live","multi-bole tree",NA,130,NA,NA,11.4,NA,23,"Acer rubrum L.",8.5,50.5,"2017",316,"soft maple/birch","Acer rubrum L.","red maple","Aceraceae","tree","rubrum",0.744,"hw2",-1.9123,2.3651,"AceraceaeBelow0.50spg","hardwood","Hardwood",0.44,-2.047,2.3852,0.21103,0.95964,NA,"Check",46.6857485029506,42.8478117174061,NA
"Acer","ACRU","NEON.PLA.D05.TREE.00540","TREE_046","TREE","D05",2022-09-19,"Live","single bole tree","Full sun",130,NA,22.4,52.7,NA,43,"Acer rubrum L.",6.7,265.3,"2022",316,"soft maple/birch","Acer rubrum L.","red maple","Aceraceae","tree","rubrum",0.744,"hw2",-1.9123,2.3651,"AceraceaeBelow0.50spg","hardwood","Hardwood",0.44,-2.047,2.3852,0.21103,0.95964,NA,"Check",1744.82931118945,1651.43648410305,NA
"Acer","ACRU","NEON.PLA.D05.TREE.00200","TREE_054","TREE","D05",2022-09-07,"Live,  other damage","single bole tree","Full sun",130,NA,19.6,28.5,NA,43,"Acer rubrum L.",5.9,332.4,"2022",316,"soft maple/birch","Acer rubrum L.","red maple","Aceraceae","tree","rubrum",0.744,"hw2",-1.9123,2.3651,"AceraceaeBelow0.50spg","hardwood","Hardwood",0.44,-2.047,2.3852,0.21103,0.95964,NA,"Check",407.710823350654,381.14932556829,NA
"Acer","ACRU","NEON.PLA.D05.TREE.00200","TREE_054","TREE","D05",2015-07-30,"Live","single bole tree","Partially shaded",130,NA,16.8,27.7,NA,43,"Acer rubrum L.",5.9,332.4,"2015",316,"soft maple/birch","Acer rubrum L.","red maple","Aceraceae","tree","rubrum",0.744,"hw2",-1.9123,2.3651,"AceraceaeBelow0.50spg","hardwood","Hardwood",0.44,-2.047,2.3852,0.21103,0.95964,NA,"Check",381.160215722697,356.124572340631,NA
"Acer","ACRU","NEON.PLA.D05.TREE.03778","TREE_002","TREE","D05",2018-05-07,"Live","small tree",NA,130,NA,3.2,1.1,NA,NA,"Acer rubrum L.",NA,NA,"2018",316,"soft maple/birch","Acer rubrum L.","red maple","Aceraceae","tree","rubrum",0.744,"hw2",-1.9123,2.3651,"AceraceaeBelow0.50spg","hardwood","Hardwood",0.44,-2.047,2.3852,0.21103,0.95964,NA,"Check",0.0919715809305997,0.0800580106252001,NA
"Acer","ACRU","NEON.PLA.D05.TREE.00174","TREE_049","TREE","D05",2022-09-20,"Live","single bole tree","Partially shaded",130,NA,24.4,39.3,NA,23,"Acer rubrum L.",8.2,64.4,"2022",316,"soft maple/birch","Acer rubrum L.","red maple","Aceraceae","tree","rubrum",0.744,"hw2",-1.9123,2.3651,"AceraceaeBelow0.50spg","hardwood","Hardwood",0.44,-2.047,2.3852,0.21103,0.95964,NA,"Check",871.759087200755,820.246350371325,NA
"Acer","ACRU","NEON.PLA.D05.TREE.00174","TREE_049","TREE","D05",2016-09-28,"Live","single bole tree",NA,130,NA,20.5,37.4,NA,23,"Acer rubrum L.",8.2,64.4,"2016",316,"soft maple/birch","Acer rubrum L.","red maple","Aceraceae","tree","rubrum",0.744,"hw2",-1.9123,2.3651,"AceraceaeBelow0.50spg","hardwood","Hardwood",0.44,-2.047,2.3852,0.21103,0.95964,NA,"Check",775.349102699389,728.807009805562,NA
"Acer","ACRU","NEON.PLA.D05.TREE.00174","TREE_049","TREE","D05",2017-09-18,"Live","single bole tree",NA,130,NA,22.7,37.8,NA,23,"Acer rubrum L.",8.2,64.4,"2017",316,"soft maple/birch","Acer rubrum L.","red maple","Aceraceae","tree","rubrum",0.744,"hw2",-1.9123,2.3651,"AceraceaeBelow0.50spg","hardwood","Hardwood",0.44,-2.047,2.3852,0.21103,0.95964,NA,"Check",795.105061393905,747.536902233263,NA
"Acer","ACRU","NEON.PLA.D05.TREE.00174","TREE_049","TREE","D05",2015-07-28,"Live","single bole tree","Partially shaded",130,NA,20.3,38,NA,23,"Acer rubrum L.",8.2,64.4,"2015",316,"soft maple/birch","Acer rubrum L.","red maple","Aceraceae","tree","rubrum",0.744,"hw2",-1.9123,2.3651,"AceraceaeBelow0.50spg","hardwood","Hardwood",0.44,-2.047,2.3852,0.21103,0.95964,NA,"Check",805.090768021904,757.00549185956,NA
"Acer","ACRU","NEON.PLA.D05.TREE.00175","TREE_049","TREE","D05",2021-09-23,"Live","single bole tree","Partially shaded",130,NA,21.4,50,NA,41,"Acer rubrum L.",1.9,173.4,"2021",316,"soft maple/birch","Acer rubrum L.","red maple","Aceraceae","tree","rubrum",0.744,"hw2",-1.9123,2.3651,"AceraceaeBelow0.50spg","hardwood","Hardwood",0.44,-2.047,2.3852,0.21103,0.95964,NA,"Check",1540.75157202149,1456.74135643452,NA
"Acer","ACRU","NEON.PLA.D05.TREE.00175","TREE_049","TREE","D05",2015-07-28,"Live","single bole tree","Full sun",130,NA,19.7,48.2,NA,41,"Acer rubrum L.",1.9,173.4,"2015",316,"soft maple/birch","Acer rubrum L.","red maple","Aceraceae","tree","rubrum",0.744,"hw2",-1.9123,2.3651,"AceraceaeBelow0.50spg","hardwood","Hardwood",0.44,-2.047,2.3852,0.21103,0.95964,NA,"Check",1412.77568712372,1334.75940954523,NA
"Acer","ACRU","NEON.PLA.D05.TREE.00371","TREE_051","TREE","D05",2017-09-26,"Live","single bole tree",NA,130,NA,11.2,14.6,NA,61,"Acer rubrum L.",7.4,204.7,"2017",316,"soft maple/birch","Acer rubrum L.","red maple","Aceraceae","tree","rubrum",0.744,"hw2",-1.9123,2.3651,"AceraceaeBelow0.50spg","hardwood","Hardwood",0.44,-2.047,2.3852,0.21103,0.95964,NA,"Check",83.8126555997497,77.3060756087492,NA
"Acer","ACRU","NEON.PLA.D05.TREE.00371","TREE_051","TREE","D05",2016-09-28,"Live","single bole tree",NA,130,NA,11.4,14.6,NA,61,"Acer rubrum L.",7.4,204.7,"2016",316,"soft maple/birch","Acer rubrum L.","red maple","Aceraceae","tree","rubrum",0.744,"hw2",-1.9123,2.3651,"AceraceaeBelow0.50spg","hardwood","Hardwood",0.44,-2.047,2.3852,0.21103,0.95964,NA,"Check",83.8126555997497,77.3060756087492,NA
"Acer","ACRU","NEON.PLA.D05.TREE.00372","TREE_051","TREE","D05",2017-09-26,"Live","single bole tree",NA,130,NA,13,23.2,NA,61,"Acer rubrum L.",5.9,188.8,"2017",316,"soft maple/birch","Acer rubrum L.","red maple","Aceraceae","tree","rubrum",0.744,"hw2",-1.9123,2.3651,"AceraceaeBelow0.50spg","hardwood","Hardwood",0.44,-2.047,2.3852,0.21103,0.95964,NA,"Check",250.619174597079,233.324926184679,NA
"Acer","ACRU","NEON.PLA.D05.TREE.00176","TREE_049","TREE","D05",2021-09-23,"Live","single bole tree","Partially shaded",130,NA,22.6,32.7,NA,23,"Acer rubrum L.",9.6,13.7,"2021",316,"soft maple/birch","Acer rubrum L.","red maple","Aceraceae","tree","rubrum",0.744,"hw2",-1.9123,2.3651,"AceraceaeBelow0.50spg","hardwood","Hardwood",0.44,-2.047,2.3852,0.21103,0.95964,NA,"Check",564.359125809249,529.052164064702,NA
"Acer","ACRU","NEON.PLA.D05.TREE.00176","TREE_049","TREE","D05",2015-07-28,"Live","single bole tree","Full sun",130,NA,19.5,31.9,NA,23,"Acer rubrum L.",9.6,13.7,"2015",316,"soft maple/birch","Acer rubrum L.","red maple","Aceraceae","tree","rubrum",0.744,"hw2",-1.9123,2.3651,"AceraceaeBelow0.50spg","hardwood","Hardwood",0.44,-2.047,2.3852,0.21103,0.95964,NA,"Check",532.247961477158,498.701566918329,NA
"Acer","ACRU","NEON.PLA.D05.TREE.00176","TREE_049","TREE","D05",2016-09-28,"Live","single bole tree",NA,130,NA,18.4,31.7,NA,23,"Acer rubrum L.",9.6,13.7,"2016",316,"soft maple/birch","Acer rubrum L.","red maple","Aceraceae","tree","rubrum",0.744,"hw2",-1.9123,2.3651,"AceraceaeBelow0.50spg","hardwood","Hardwood",0.44,-2.047,2.3852,0.21103,0.95964,NA,"Check",524.389422994011,491.276225619101,NA
"Acer","ACRU","NEON.PLA.D05.TREE.00176","TREE_049","TREE","D05",2017-09-18,"Live","single bole tree",NA,130,NA,20.4,32.2,NA,23,"Acer rubrum L.",9.6,13.7,"2017",316,"soft maple/birch","Acer rubrum L.","red maple","Aceraceae","tree","rubrum",0.744,"hw2",-1.9123,2.3651,"AceraceaeBelow0.50spg","hardwood","Hardwood",0.44,-2.047,2.3852,0.21103,0.95964,NA,"Check",544.162468134684,509.961066507595,NA
"Acer","ACRU","NEON.PLA.D05.TREE.00176","TREE_049","TREE","D05",2018-10-10,"Live","single bole tree",NA,130,NA,22.1,32.2,NA,23,"Acer rubrum L.",9.6,13.7,"2018",316,"soft maple/birch","Acer rubrum L.","red maple","Aceraceae","tree","rubrum",0.744,"hw2",-1.9123,2.3651,"AceraceaeBelow0.50spg","hardwood","Hardwood",0.44,-2.047,2.3852,0.21103,0.95964,NA,"Check",544.162468134684,509.961066507595,NA
"Acer","ACRU","NEON.PLA.D05.TREE.00127","TREE_052","TREE","D05",2018-08-29,"Live","single bole tree",NA,130,NA,9.9,10.2,NA,21,"Acer rubrum L.",9.1,43.7,"2018",316,"soft maple/birch","Acer rubrum L.","red maple","Aceraceae","tree","rubrum",0.744,"hw2",-1.9123,2.3651,"AceraceaeBelow0.50spg","hardwood","Hardwood",0.44,-2.047,2.3852,0.21103,0.95964,NA,"Check",35.8871465748658,32.8633873119747,NA
"Acer","ACRU","NEON.PLA.D05.TREE.00127","TREE_052","TREE","D05",2015-08-03,"Live","single bole tree","Mostly shaded",130,NA,8.9,10.6,NA,21,"Acer rubrum L.",9.1,43.7,"2015",316,"soft maple/birch","Acer rubrum L.","red maple","Aceraceae","tree","rubrum",0.744,"hw2",-1.9123,2.3651,"AceraceaeBelow0.50spg","hardwood","Hardwood",0.44,-2.047,2.3852,0.21103,0.95964,NA,"Check",39.3051596100096,36.0212471679453,NA
"Acer","ACRU","NEON.PLA.D05.TREE.01176","TREE_043","TREE","D05",2015-08-05,"Live","sapling","Full shade",10,NA,2.1,1.1,NA,NA,"Acer rubrum L.",NA,NA,"2015",316,"soft maple/birch","Acer rubrum L.","red maple","Aceraceae","tree","rubrum",0.744,"hw2",-1.9123,2.3651,"AceraceaeBelow0.50spg","hardwood","Hardwood",0.44,-2.047,2.3852,0.21103,0.95964,0.777869901180713,"Check",0.0405265729840604,0.0350321070858799,NA
"Acer","ACRU","NEON.PLA.D05.TREE.01286","TREE_039","TREE","D05",2016-10-18,"Live","small tree",NA,130,NA,11.3,9.5,NA,NA,"Acer rubrum L.",NA,NA,"2016",316,"soft maple/birch","Acer rubrum L.","red maple","Aceraceae","tree","rubrum",0.744,"hw2",-1.9123,2.3651,"AceraceaeBelow0.50spg","hardwood","Hardwood",0.44,-2.047,2.3852,0.21103,0.95964,NA,"Check",15.0719661816849,13.700654191411,NA
"Acer","ACRU","NEON.PLA.D05.TREE.01176","TREE_043","TREE","D05",2020-10-05,"Live","small tree","Full shade",130,NA,3.1,1.3,NA,NA,"Acer rubrum L.",NA,NA,"2020",316,"soft maple/birch","Acer rubrum L.","red maple","Aceraceae","tree","rubrum",0.744,"hw2",-1.9123,2.3651,"AceraceaeBelow0.50spg","hardwood","Hardwood",0.44,-2.047,2.3852,0.21103,0.95964,NA,"Check",0.136534761067149,0.119248423248435,NA
"Acer","ACRU","NEON.PLA.D05.TREE.02232","TREE_015","TREE","D05",2019-10-24,"Live","single bole tree","Partially shaded",130,NA,13.3,22.2,NA,33,"Acer rubrum L.",9.2,312.5,"2019",316,"soft maple/birch","Acer rubrum L.","red maple","Aceraceae","tree","rubrum",0.744,"hw2",-1.9123,2.3651,"AceraceaeBelow0.50spg","hardwood","Hardwood",0.44,-2.047,2.3852,0.21103,0.95964,NA,"Check",225.817753254274,210.048850991198,NA
"Acer","ACRU","NEON.PLA.D05.TREE.02232","TREE_015","TREE","D05",2018-05-08,"Live","single bole tree","Partially shaded",130,NA,14.7,22.9,NA,33,"Acer rubrum L.",9.2,312.5,"2018",316,"soft maple/birch","Acer rubrum L.","red maple","Aceraceae","tree","rubrum",0.744,"hw2",-1.9123,2.3651,"AceraceaeBelow0.50spg","hardwood","Hardwood",0.44,-2.047,2.3852,0.21103,0.95964,NA,"Check",243.021983703914,226.192805910751,NA
"Acer","ACRU","NEON.PLA.D05.TREE.00206","TREE_025","TREE","D05",2015-08-04,"Live","multi-bole tree","Full sun",130,NA,20.4,26.2,NA,41,"Acer rubrum L.",13.2,110,"2015",316,"soft maple/birch","Acer rubrum L.","red maple","Aceraceae","tree","rubrum",0.744,"hw2",-1.9123,2.3651,"AceraceaeBelow0.50spg","hardwood","Hardwood",0.44,-2.047,2.3852,0.21103,0.95964,NA,"Check",334.135828480444,311.839722712719,NA
"Acer","ACRU","NEON.PLA.D05.TREE.00206","TREE_025","TREE","D05",2018-10-17,"Live","multi-bole tree",NA,130,NA,18.4,26.7,NA,41,"Acer rubrum L.",13.2,110,"2018",316,"soft maple/birch","Acer rubrum L.","red maple","Aceraceae","tree","rubrum",0.744,"hw2",-1.9123,2.3651,"AceraceaeBelow0.50spg","hardwood","Hardwood",0.44,-2.047,2.3852,0.21103,0.95964,NA,"Check",349.414116339438,326.222458344787,NA
"Acer","ACRU","NEON.PLA.D05.TREE.02130","TREE_018","TREE","D05",2018-04-25,"Standing dead","small tree",NA,130,NA,NA,1.7,NA,NA,"Acer rubrum L.",NA,NA,"2018",316,"soft maple/birch","Acer rubrum L.","red maple","Aceraceae","tree","rubrum",0.744,"hw2",-1.9123,2.3651,"AceraceaeBelow0.50spg","hardwood","Hardwood",0.44,-2.047,2.3852,0.21103,0.95964,NA,"Check",0.257507899353021,0.226121432805832,NA
"Acer","ACRU","NEON.PLA.D05.TREE.01081","TREE_044","TREE","D05",2018-10-16,"Live","small tree",NA,130,NA,3,1.1,NA,NA,"Acer rubrum L.",NA,NA,"2018",316,"soft maple/birch","Acer rubrum L.","red maple","Aceraceae","tree","rubrum",0.744,"hw2",-1.9123,2.3651,"AceraceaeBelow0.50spg","hardwood","Hardwood",0.44,-2.047,2.3852,0.21103,0.95964,NA,"Check",0.0919715809305997,0.0800580106252001,NA
"Acer","ACRU","NEON.PLA.D05.TREE.00248","TREE_056","TREE","D05",2018-10-09,"Live","single bole tree",NA,130,NA,17.4,24.5,NA,43,"Acer rubrum L.",10.2,306,"2018",316,"soft maple/birch","Acer rubrum L.","red maple","Aceraceae","tree","rubrum",0.744,"hw2",-1.9123,2.3651,"AceraceaeBelow0.50spg","hardwood","Hardwood",0.44,-2.047,2.3852,0.21103,0.95964,NA,"Check",285.111915832586,265.728502427983,NA
"Acer","ACRU","NEON.PLA.D05.TREE.00248","TREE_056","TREE","D05",2022-09-20,"Live, disease damaged","single bole tree","Full sun",130,NA,17.8,25,NA,43,"Acer rubrum L.",10.2,306,"2022",316,"soft maple/birch","Acer rubrum L.","red maple","Aceraceae","tree","rubrum",0.744,"hw2",-1.9123,2.3651,"AceraceaeBelow0.50spg","hardwood","Hardwood",0.44,-2.047,2.3852,0.21103,0.95964,NA,"Check",299.06567957419,278.846825210457,NA
"Acer","ACRU","NEON.PLA.D05.TREE.01303A","TREE_039","TREE","D05",2017-10-17,"Live","multi-bole tree",NA,130,NA,NA,28.7,NA,NA,"Acer rubrum L.",NA,NA,"2017",316,"soft maple/birch","Acer rubrum L.","red maple","Aceraceae","tree","rubrum",0.744,"hw2",-1.9123,2.3651,"AceraceaeBelow0.50spg","hardwood","Hardwood",0.44,-2.047,2.3852,0.21103,0.95964,NA,"Check",414.510118266425,387.560132430688,NA
"Acer","ACRU","NEON.PLA.D05.TREE.00843","TREE_057","TREE","D05",2018-10-16,"Live","single bole tree",NA,130,NA,18.2,23.1,NA,23,"Acer rubrum L.",5.2,25.4,"2018",316,"soft maple/birch","Acer rubrum L.","red maple","Aceraceae","tree","rubrum",0.744,"hw2",-1.9123,2.3651,"AceraceaeBelow0.50spg","hardwood","Hardwood",0.44,-2.047,2.3852,0.21103,0.95964,NA,"Check",248.071776017057,230.933261916534,NA
"Acer","ACRU","NEON.PLA.D05.TREE.00442A","TREE_025","TREE","D05",2016-10-18,"Live","multi-bole tree",NA,130,NA,NA,24.3,NA,41,"Acer rubrum L.",6.7,97.2,"2016",316,"soft maple/birch","Acer rubrum L.","red maple","Aceraceae","tree","rubrum",0.744,"hw2",-1.9123,2.3651,"AceraceaeBelow0.50spg","hardwood","Hardwood",0.44,-2.047,2.3852,0.21103,0.95964,NA,"Check",279.637917965113,260.583719824732,NA
"Acer","ACRU","NEON.PLA.D05.TREE.00442A","TREE_025","TREE","D05",2018-10-17,"Live","multi-bole tree",NA,130,NA,19.1,24.2,NA,41,"Acer rubrum L.",6.7,97.2,"2018",316,"soft maple/birch","Acer rubrum L.","red maple","Aceraceae","tree","rubrum",0.744,"hw2",-1.9123,2.3651,"AceraceaeBelow0.50spg","hardwood","Hardwood",0.44,-2.047,2.3852,0.21103,0.95964,NA,"Check",276.92386496705,258.033210787391,NA
"Acer","ACRU","NEON.PLA.D05.TREE.02147A","TREE_018","TREE","D05",2019-10-30,"Dead, broken bole","single bole tree","Full shade",130,NA,3.5,15.5,NA,NA,"Acer rubrum L.",NA,NA,"2019",316,"soft maple/birch","Acer rubrum L.","red maple","Aceraceae","tree","rubrum",0.744,"hw2",-1.9123,2.3651,"AceraceaeBelow0.50spg","hardwood","Hardwood",0.44,-2.047,2.3852,0.21103,0.95964,NA,"Check",96.5499740966975,89.1617044477756,NA
"Acer","ACRU","NEON.PLA.D05.TREE.00670","TREE_053","TREE","D05",2018-10-09,"Live","single bole tree",NA,130,NA,22.6,53.1,NA,41,"Acer rubrum L.",10.4,19.4,"2018",316,"soft maple/birch","Acer rubrum L.","red maple","Aceraceae","tree","rubrum",0.744,"hw2",-1.9123,2.3651,"AceraceaeBelow0.50spg","hardwood","Hardwood",0.44,-2.047,2.3852,0.21103,0.95964,NA,"Check",1776.31389923463,1681.49138750778,NA
"Acer","ACRU","NEON.PLA.D05.TREE.00670","TREE_053","TREE","D05",2017-08-30,"Live","single bole tree",NA,130,NA,22.9,52.6,NA,41,"Acer rubrum L.",10.4,19.4,"2017",316,"soft maple/birch","Acer rubrum L.","red maple","Aceraceae","tree","rubrum",0.744,"hw2",-1.9123,2.3651,"AceraceaeBelow0.50spg","hardwood","Hardwood",0.44,-2.047,2.3852,0.21103,0.95964,NA,"Check",1737.00890833961,1643.97190953497,NA
"Acer","ACRU","NEON.PLA.D05.TREE.00670","TREE_053","TREE","D05",2015-07-27,"Live","single bole tree","Full sun",130,NA,19.8,51.7,NA,41,"Acer rubrum L.",10.4,19.4,"2015",316,"soft maple/birch","Acer rubrum L.","red maple","Aceraceae","tree","rubrum",0.744,"hw2",-1.9123,2.3651,"AceraceaeBelow0.50spg","hardwood","Hardwood",0.44,-2.047,2.3852,0.21103,0.95964,NA,"Check",1667.53572035013,1577.67243972238,NA
"Acer","ACRU","NEON.PLA.D05.TREE.02443","TREE_012","TREE","D05",2017-10-30,"Live","small tree",NA,130,NA,2.5,1,NA,NA,"Acer rubrum L.",NA,NA,"2017",316,"soft maple/birch","Acer rubrum L.","red maple","Aceraceae","tree","rubrum",0.744,"hw2",-1.9123,2.3651,"AceraceaeBelow0.50spg","hardwood","Hardwood",0.44,-2.047,2.3852,0.21103,0.95964,NA,"Check",0.073410099398862,0.0637785969993142,NA
"Acer","ACRU","NEON.PLA.D05.TREE.00410C","TREE_057","TREE","D05",2017-10-17,"Live","multi-bole tree",NA,130,NA,NA,13.9,NA,41,"Acer rubrum L.",9.7,340.7,"2017",316,"soft maple/birch","Acer rubrum L.","red maple","Aceraceae","tree","rubrum",0.744,"hw2",-1.9123,2.3651,"AceraceaeBelow0.50spg","hardwood","Hardwood",0.44,-2.047,2.3852,0.21103,0.95964,NA,"Check",74.6178903742391,68.7571864656992,NA
"Acer","ACRU","NEON.PLA.D05.TREE.00410C","TREE_057","TREE","D05",2016-10-18,"Live","multi-bole tree",NA,130,NA,20.1,13.5,NA,41,"Acer rubrum L.",9.7,340.7,"2016",316,"soft maple/birch","Acer rubrum L.","red maple","Aceraceae","tree","rubrum",0.744,"hw2",-1.9123,2.3651,"AceraceaeBelow0.50spg","hardwood","Hardwood",0.44,-2.047,2.3852,0.21103,0.95964,NA,"Check",69.6387646074225,64.1314855605141,NA
"Acer","ACRU","NEON.PLA.D05.TREE.01487","TREE_045","TREE","D05",2018-10-17,"Live","single bole tree",NA,130,NA,17.3,24.5,NA,23,"Acer rubrum L.",3,14.5,"2018",316,"soft maple/birch","Acer rubrum L.","red maple","Aceraceae","tree","rubrum",0.744,"hw2",-1.9123,2.3651,"AceraceaeBelow0.50spg","hardwood","Hardwood",0.44,-2.047,2.3852,0.21103,0.95964,NA,"Check",285.111915832586,265.728502427983,NA
"Acer","ACRU","NEON.PLA.D05.TREE.01488","TREE_040","TREE","D05",2021-10-05,"Live","small tree","Partially shaded",130,NA,6.4,4.8,NA,NA,"Acer rubrum L.",NA,NA,"2021",316,"soft maple/birch","Acer rubrum L.","red maple","Aceraceae","tree","rubrum",0.744,"hw2",-1.9123,2.3651,"AceraceaeBelow0.50spg","hardwood","Hardwood",0.44,-2.047,2.3852,0.21103,0.95964,NA,"Check",2.99888258801234,2.68888086643248,NA
"Acer","ACRU","NEON.PLA.D05.TREE.01488","TREE_040","TREE","D05",2015-08-10,"Live","small tree","Partially shaded",130,NA,4.3,4.2,NA,NA,"Acer rubrum L.",NA,NA,"2015",316,"soft maple/birch","Acer rubrum L.","red maple","Aceraceae","tree","rubrum",0.744,"hw2",-1.9123,2.3651,"AceraceaeBelow0.50spg","hardwood","Hardwood",0.44,-2.047,2.3852,0.21103,0.95964,NA,"Check",2.18676799398048,1.95546104558109,NA
"Acer","ACRU","NEON.PLA.D05.TREE.01488","TREE_040","TREE","D05",2018-10-18,"Live","small tree",NA,130,NA,6,4.7,NA,NA,"Acer rubrum L.",NA,NA,"2018",316,"soft maple/birch","Acer rubrum L.","red maple","Aceraceae","tree","rubrum",0.744,"hw2",-1.9123,2.3651,"AceraceaeBelow0.50spg","hardwood","Hardwood",0.44,-2.047,2.3852,0.21103,0.95964,NA,"Check",2.85321471999804,2.55718867350785,NA
"Acer","ACRU","NEON.PLA.D05.TREE.01488","TREE_040","TREE","D05",2016-10-20,"Live","small tree",NA,130,NA,6.1,4,NA,NA,"Acer rubrum L.",NA,NA,"2016",316,"soft maple/birch","Acer rubrum L.","red maple","Aceraceae","tree","rubrum",0.744,"hw2",-1.9123,2.3651,"AceraceaeBelow0.50spg","hardwood","Hardwood",0.44,-2.047,2.3852,0.21103,0.95964,NA,"Check",1.94844386228511,1.74063796921081,NA
"Acer","ACRU","NEON.PLA.D05.TREE.00446","TREE_057","TREE","D05",2015-08-04,"Live","multi-bole tree","Full sun",130,NA,15.6,23,NA,41,"Acer rubrum L.",9.9,286.1,"2015",316,"soft maple/birch","Acer rubrum L.","red maple","Aceraceae","tree","rubrum",0.744,"hw2",-1.9123,2.3651,"AceraceaeBelow0.50spg","hardwood","Hardwood",0.44,-2.047,2.3852,0.21103,0.95964,NA,"Check",245.539386971197,228.555896450414,NA
"Acer","ACRU","NEON.PLA.D05.TREE.00446","TREE_057","TREE","D05",2016-10-18,"Live","multi-bole tree",NA,130,NA,17.9,22.9,NA,41,"Acer rubrum L.",9.9,286.1,"2016",316,"soft maple/birch","Acer rubrum L.","red maple","Aceraceae","tree","rubrum",0.744,"hw2",-1.9123,2.3651,"AceraceaeBelow0.50spg","hardwood","Hardwood",0.44,-2.047,2.3852,0.21103,0.95964,NA,"Check",243.021983703914,226.192805910751,NA
"Acer","ACRU","NEON.PLA.D05.TREE.00027","TREE_051","TREE","D05",2016-09-28,"Live","single bole tree",NA,130,NA,20.4,35.6,NA,39,"Acer rubrum L.",5.2,87.8,"2016",316,"soft maple/birch","Acer rubrum L.","red maple","Aceraceae","tree","rubrum",0.744,"hw2",-1.9123,2.3651,"AceraceaeBelow0.50spg","hardwood","Hardwood",0.44,-2.047,2.3852,0.21103,0.95964,NA,"Check",689.974519120066,647.9145467901,NA
"Acer","ACRU","NEON.PLA.D05.TREE.00027","TREE_051","TREE","D05",2017-09-26,"Live","single bole tree",NA,130,NA,19.6,35.5,NA,39,"Acer rubrum L.",5.2,87.8,"2017",316,"soft maple/birch","Acer rubrum L.","red maple","Aceraceae","tree","rubrum",0.744,"hw2",-1.9123,2.3651,"AceraceaeBelow0.50spg","hardwood","Hardwood",0.44,-2.047,2.3852,0.21103,0.95964,NA,"Check",685.399431808831,643.581961772536,NA
"Acer","ACRU","NEON.PLA.D05.TREE.00027","TREE_051","TREE","D05",2018-10-09,"Live","single bole tree",NA,130,NA,20,35.8,NA,39,"Acer rubrum L.",5.2,87.8,"2018",316,"soft maple/birch","Acer rubrum L.","red maple","Aceraceae","tree","rubrum",0.744,"hw2",-1.9123,2.3651,"AceraceaeBelow0.50spg","hardwood","Hardwood",0.44,-2.047,2.3852,0.21103,0.95964,NA,"Check",699.177443021507,656.630408037923,NA
"Acer","ACRU","NEON.PLA.D05.TREE.02430","TREE_012","TREE","D05",2019-10-17,"Live","small tree",NA,130,NA,3.2,1.3,NA,NA,"Acer rubrum L.",NA,NA,"2019",316,"soft maple/birch","Acer rubrum L.","red maple","Aceraceae","tree","rubrum",0.744,"hw2",-1.9123,2.3651,"AceraceaeBelow0.50spg","hardwood","Hardwood",0.44,-2.047,2.3852,0.21103,0.95964,NA,"Check",0.136534761067149,0.119248423248435,NA
"Acer","ACRU","NEON.PLA.D05.TREE.00446B","TREE_057","TREE","D05",2017-10-17,"Live","multi-bole tree",NA,130,NA,NA,20.6,NA,41,"Acer rubrum L.",9.9,286.1,"2017",316,"soft maple/birch","Acer rubrum L.","red maple","Aceraceae","tree","rubrum",0.744,"hw2",-1.9123,2.3651,"AceraceaeBelow0.50spg","hardwood","Hardwood",0.44,-2.047,2.3852,0.21103,0.95964,NA,"Check",189.202131680398,175.725703064047,NA
"Acer","ACRU","NEON.PLA.D05.TREE.00446B","TREE_057","TREE","D05",2016-10-18,"Live","multi-bole tree",NA,130,NA,17.9,20,NA,41,"Acer rubrum L.",9.9,286.1,"2016",316,"soft maple/birch","Acer rubrum L.","red maple","Aceraceae","tree","rubrum",0.744,"hw2",-1.9123,2.3651,"AceraceaeBelow0.50spg","hardwood","Hardwood",0.44,-2.047,2.3852,0.21103,0.95964,NA,"Check",176.426860110741,163.76305866054,NA
"Acer","ACRU","NEON.PLA.D05.TREE.00446C","TREE_057","TREE","D05",2018-10-16,"Live","multi-bole tree",NA,130,NA,15.4,9.9,NA,NA,"Acer rubrum L.",NA,NA,"2018",316,"soft maple/birch","Acer rubrum L.","red maple","Aceraceae","tree","rubrum",0.744,"hw2",-1.9123,2.3651,"AceraceaeBelow0.50spg","hardwood","Hardwood",0.44,-2.047,2.3852,0.21103,0.95964,NA,"Check",16.6162344318526,15.1169448112709,NA
"Acer","ACRU","NEON.PLA.D05.TREE.00446C","TREE_057","TREE","D05",2017-10-17,"Live","multi-bole tree",NA,130,NA,NA,9.6,NA,NA,"Acer rubrum L.",NA,NA,"2017",316,"soft maple/birch","Acer rubrum L.","red maple","Aceraceae","tree","rubrum",0.744,"hw2",-1.9123,2.3651,"AceraceaeBelow0.50spg","hardwood","Hardwood",0.44,-2.047,2.3852,0.21103,0.95964,NA,"Check",15.4498940445677,14.0471527968854,NA
"Acer","ACRU","NEON.PLA.D05.TREE.02181A","TREE_016","TREE","D05",2017-10-24,"Live","multi-bole tree",NA,130,NA,NA,23.6,NA,49,"Acer rubrum L.",7.6,159.1,"2017",316,"soft maple/birch","Acer rubrum L.","red maple","Aceraceae","tree","rubrum",0.744,"hw2",-1.9123,2.3651,"AceraceaeBelow0.50spg","hardwood","Hardwood",0.44,-2.047,2.3852,0.21103,0.95964,NA,"Check",260.959337098024,243.035046576951,NA
"Acer","ACRU","NEON.PLA.D05.TREE.02182","TREE_016","TREE","D05",2017-10-24,"Live","multi-bole tree","Full sun",130,NA,22.8,41,NA,49,"Acer rubrum L.",5.7,118.6,"2017",316,"soft maple/birch","Acer rubrum L.","red maple","Aceraceae","tree","rubrum",0.744,"hw2",-1.9123,2.3651,"AceraceaeBelow0.50spg","hardwood","Hardwood",0.44,-2.047,2.3852,0.21103,0.95964,NA,"Check",963.593278163419,907.426066594745,NA
"Acer","ACRU","NEON.PLA.D05.TREE.00768","TREE_057","TREE","D05",2015-08-04,"Live","multi-bole tree","Partially shaded",130,NA,17.4,32.5,NA,43,"Acer rubrum L.",9.7,205,"2015",316,"soft maple/birch","Acer rubrum L.","red maple","Aceraceae","tree","rubrum",0.744,"hw2",-1.9123,2.3651,"AceraceaeBelow0.50spg","hardwood","Hardwood",0.44,-2.047,2.3852,0.21103,0.95964,NA,"Check",556.22947575902,521.366818942985,NA
"Acer","ACRU","NEON.PLA.D05.TREE.00768","TREE_057","TREE","D05",2018-10-16,"Live","multi-bole tree",NA,130,NA,18.1,29.4,NA,43,"Acer rubrum L.",9.7,205,"2018",316,"soft maple/birch","Acer rubrum L.","red maple","Aceraceae","tree","rubrum",0.744,"hw2",-1.9123,2.3651,"AceraceaeBelow0.50spg","hardwood","Hardwood",0.44,-2.047,2.3852,0.21103,0.95964,NA,"Check",438.820525741208,410.488739463906,NA
"Acer","ACRU","NEON.PLA.D05.TREE.02688","TREE_023","TREE","D05",2018-05-08,"Live","single bole tree","Partially shaded",130,NA,13.2,17.9,NA,49,"Acer rubrum L.",0.7,90,"2018",316,"soft maple/birch","Acer rubrum L.","red maple","Aceraceae","tree","rubrum",0.744,"hw2",-1.9123,2.3651,"AceraceaeBelow0.50spg","hardwood","Hardwood",0.44,-2.047,2.3852,0.21103,0.95964,NA,"Check",135.712973419738,125.691018387897,NA
"Acer","ACRU","NEON.PLA.D05.TREE.02688","TREE_023","TREE","D05",2019-11-04,"Live","single bole tree","Partially shaded",130,NA,14,19,NA,49,"Acer rubrum L.",0.7,90,"2019",316,"soft maple/birch","Acer rubrum L.","red maple","Aceraceae","tree","rubrum",0.744,"hw2",-1.9123,2.3651,"AceraceaeBelow0.50spg","hardwood","Hardwood",0.44,-2.047,2.3852,0.21103,0.95964,NA,"Check",156.271148463913,144.904637422097,NA
"Acer","ACRU","NEON.PLA.D05.TREE.00768A","TREE_057","TREE","D05",2017-10-17,"Live","multi-bole tree",NA,130,NA,NA,17.5,NA,43,"Acer rubrum L.",9.7,205,"2017",316,"soft maple/birch","Acer rubrum L.","red maple","Aceraceae","tree","rubrum",0.744,"hw2",-1.9123,2.3651,"AceraceaeBelow0.50spg","hardwood","Hardwood",0.44,-2.047,2.3852,0.21103,0.95964,NA,"Check",128.649455137339,119.095005626178,NA
"Acer","ACRU","NEON.PLA.D05.TREE.02190","TREE_016","TREE","D05",2019-10-30,"Live","single bole tree","Partially shaded",130,NA,12.8,23.4,NA,33,"Acer rubrum L.",8.7,335.3,"2019",316,"soft maple/birch","Acer rubrum L.","red maple","Aceraceae","tree","rubrum",0.744,"hw2",-1.9123,2.3651,"AceraceaeBelow0.50spg","hardwood","Hardwood",0.44,-2.047,2.3852,0.21103,0.95964,NA,"Check",255.759095056401,238.151246312447,NA
"Acer","ACRU","NEON.PLA.D05.TREE.01493","TREE_016","TREE","D05",2019-10-30,"Live, physically damaged","single bole tree","Full sun",130,NA,15.1,28,NA,NA,"Acer rubrum L.",NA,NA,"2019",316,"soft maple/birch","Acer rubrum L.","red maple","Aceraceae","tree","rubrum",0.744,"hw2",-1.9123,2.3651,"AceraceaeBelow0.50spg","hardwood","Hardwood",0.44,-2.047,2.3852,0.21103,0.95964,NA,"Check",390.995826891003,365.393259793643,NA
"Acer","ACRU","NEON.PLA.D05.TREE.00442","TREE_025","TREE","D05",2018-10-17,"Live","multi-bole tree",NA,130,NA,19.1,27.9,NA,41,"Acer rubrum L.",6.7,97.2,"2018",316,"soft maple/birch","Acer rubrum L.","red maple","Aceraceae","tree","rubrum",0.744,"hw2",-1.9123,2.3651,"AceraceaeBelow0.50spg","hardwood","Hardwood",0.44,-2.047,2.3852,0.21103,0.95964,NA,"Check",387.701216243408,362.28832698708,NA
"Acer","ACRU","NEON.PLA.D05.TREE.02691","TREE_023","TREE","D05",2018-05-08,"Live","multi-bole tree","Partially shaded",130,NA,16.2,25.8,NA,51,"Acer rubrum L.",3.5,265.6,"2018",316,"soft maple/birch","Acer rubrum L.","red maple","Aceraceae","tree","rubrum",0.744,"hw2",-1.9123,2.3651,"AceraceaeBelow0.50spg","hardwood","Hardwood",0.44,-2.047,2.3852,0.21103,0.95964,NA,"Check",322.196210987341,300.603835929002,NA
"Acer","ACRU","NEON.PLA.D05.TREE.00974","TREE_045","TREE","D05",2015-08-11,"Live","single bole tree","Full sun",130,NA,18,25.1,NA,25,"Acer rubrum L.",5.7,333.9,"2015",316,"soft maple/birch","Acer rubrum L.","red maple","Aceraceae","tree","rubrum",0.744,"hw2",-1.9123,2.3651,"AceraceaeBelow0.50spg","hardwood","Hardwood",0.44,-2.047,2.3852,0.21103,0.95964,NA,"Check",301.902688790002,281.514621216081,NA
"Acer","ACRU","NEON.PLA.D05.TREE.00974","TREE_045","TREE","D05",2016-10-18,"Live","single bole tree",NA,130,NA,17,24.9,NA,25,"Acer rubrum L.",5.7,333.9,"2016",316,"soft maple/birch","Acer rubrum L.","red maple","Aceraceae","tree","rubrum",0.744,"hw2",-1.9123,2.3651,"AceraceaeBelow0.50spg","hardwood","Hardwood",0.44,-2.047,2.3852,0.21103,0.95964,NA,"Check",296.244119359332,276.193770065231,NA
"Acer","ACRU","NEON.PLA.D05.TREE.00974","TREE_045","TREE","D05",2017-10-19,"Live","single bole tree",NA,130,NA,20,25.4,NA,25,"Acer rubrum L.",5.7,333.9,"2017",316,"soft maple/birch","Acer rubrum L.","red maple","Aceraceae","tree","rubrum",0.744,"hw2",-1.9123,2.3651,"AceraceaeBelow0.50spg","hardwood","Hardwood",0.44,-2.047,2.3852,0.21103,0.95964,NA,"Check",310.506635490611,289.606680967094,NA
"Acer","ACRU","NEON.PLA.D05.TREE.00141","TREE_055","TREE","D05",2017-09-14,"Live","single bole tree",NA,140,NA,19,30,NA,41,"Acer rubrum L.",7.5,48.2,"2017",316,"soft maple/birch","Acer rubrum L.","red maple","Aceraceae","tree","rubrum",0.744,"hw2",-1.9123,2.3651,"AceraceaeBelow0.50spg","hardwood","Hardwood",0.44,-2.047,2.3852,0.21103,0.95964,NA,"Check",460.296997263903,430.753497416687,NA
"Acer","ACRU","NEON.PLA.D05.TREE.00556","TREE_046","TREE","D05",2021-09-21,"Live","single bole tree","Partially shaded",130,NA,21.6,28.6,NA,43,"Acer rubrum L.",4.4,236.1,"2021",316,"soft maple/birch","Acer rubrum L.","red maple","Aceraceae","tree","rubrum",0.744,"hw2",-1.9123,2.3651,"AceraceaeBelow0.50spg","hardwood","Hardwood",0.44,-2.047,2.3852,0.21103,0.95964,NA,"Check",411.102357429281,384.3469665538,NA
"Acer","ACRU","NEON.PLA.D05.TREE.02987","TREE_009","TREE","D05",2019-10-16,"Live","small tree",NA,130,NA,2.6,1.1,NA,NA,"Acer rubrum L.",NA,NA,"2019",316,"soft maple/birch","Acer rubrum L.","red maple","Aceraceae","tree","rubrum",0.744,"hw2",-1.9123,2.3651,"AceraceaeBelow0.50spg","hardwood","Hardwood",0.44,-2.047,2.3852,0.21103,0.95964,NA,"Check",0.0919715809305997,0.0800580106252001,NA
"Acer","ACRU","NEON.PLA.D05.TREE.00556","TREE_046","TREE","D05",2015-07-28,"Live","single bole tree","Full sun",130,NA,20,27,NA,43,"Acer rubrum L.",4.4,236.1,"2015",316,"soft maple/birch","Acer rubrum L.","red maple","Aceraceae","tree","rubrum",0.744,"hw2",-1.9123,2.3651,"AceraceaeBelow0.50spg","hardwood","Hardwood",0.44,-2.047,2.3852,0.21103,0.95964,NA,"Check",358.770809794319,335.033354584814,NA
"Acer","ACRU","NEON.PLA.D05.TREE.02536","TREE_009","TREE","D05",2017-10-26,"Live","small tree",NA,130,NA,3.7,1.2,NA,NA,"Acer rubrum L.",NA,NA,"2017",316,"soft maple/birch","Acer rubrum L.","red maple","Aceraceae","tree","rubrum",0.744,"hw2",-1.9123,2.3651,"AceraceaeBelow0.50spg","hardwood","Hardwood",0.44,-2.047,2.3852,0.21103,0.95964,NA,"Check",0.112986713722055,0.0985231002614041,NA
"Acer","ACRU","NEON.PLA.D05.TREE.02537","TREE_009","TREE","D05",2019-10-16,"Live","small tree",NA,130,NA,6.4,3.1,NA,NA,"Acer rubrum L.",NA,NA,"2019",316,"soft maple/birch","Acer rubrum L.","red maple","Aceraceae","tree","rubrum",0.744,"hw2",-1.9123,2.3651,"AceraceaeBelow0.50spg","hardwood","Hardwood",0.44,-2.047,2.3852,0.21103,0.95964,NA,"Check",1.06629004401265,0.947699984543258,NA
"Acer","ACRU","NEON.PLA.D05.TREE.02538","TREE_009","TREE","D05",2019-10-16,"Live","small tree",NA,130,NA,2.5,1.3,NA,NA,"Acer rubrum L.",NA,NA,"2019",316,"soft maple/birch","Acer rubrum L.","red maple","Aceraceae","tree","rubrum",0.744,"hw2",-1.9123,2.3651,"AceraceaeBelow0.50spg","hardwood","Hardwood",0.44,-2.047,2.3852,0.21103,0.95964,NA,"Check",0.136534761067149,0.119248423248435,NA
"Acer","ACRU","NEON.PLA.D05.TREE.00278","TREE_056","TREE","D05",2021-09-22,"Live","single bole tree","Partially shaded",130,NA,17,20.7,NA,41,"Acer rubrum L.",9,60.8,"2021",316,"soft maple/birch","Acer rubrum L.","red maple","Aceraceae","tree","rubrum",0.744,"hw2",-1.9123,2.3651,"AceraceaeBelow0.50spg","hardwood","Hardwood",0.44,-2.047,2.3852,0.21103,0.95964,NA,"Check",191.381575860142,177.767212935356,NA
"Acer","ACRU","NEON.PLA.D05.TREE.00890","TREE_052","TREE","D05",2017-09-26,"Live","single bole tree",NA,130,NA,10.9,13,NA,41,"Acer rubrum L.",7,171.1,"2017",316,"soft maple/birch","Acer rubrum L.","red maple","Aceraceae","tree","rubrum",0.744,"hw2",-1.9123,2.3651,"AceraceaeBelow0.50spg","hardwood","Hardwood",0.44,-2.047,2.3852,0.21103,0.95964,NA,"Check",63.6921757480048,58.6106961109378,NA
"Acer","ACRU","NEON.PLA.D05.TREE.02878","TREE_017","TREE","D05",2019-11-04,"Live","multi-bole tree","Full sun",130,NA,17.3,30.5,NA,51,"Acer rubrum L.",5.1,239.4,"2019",316,"soft maple/birch","Acer rubrum L.","red maple","Aceraceae","tree","rubrum",0.744,"hw2",-1.9123,2.3651,"AceraceaeBelow0.50spg","hardwood","Hardwood",0.44,-2.047,2.3852,0.21103,0.95964,NA,"Check",478.64796000839,448.075473452847,NA
"Acer","ACRU","NEON.PLA.D05.TREE.02878","TREE_017","TREE","D05",2017-10-23,"Live","multi-bole tree","Full sun",130,NA,16.7,29.8,NA,51,"Acer rubrum L.",5.1,239.4,"2017",316,"soft maple/birch","Acer rubrum L.","red maple","Aceraceae","tree","rubrum",0.744,"hw2",-1.9123,2.3651,"AceraceaeBelow0.50spg","hardwood","Hardwood",0.44,-2.047,2.3852,0.21103,0.95964,NA,"Check",453.072339008087,423.935542047903,NA
"Acer","ACRU","NEON.PLA.D05.TREE.02878A","TREE_017","TREE","D05",2017-10-23,"Live","multi-bole tree",NA,130,NA,NA,16.8,NA,51,"Acer rubrum L.",5.1,239.4,"2017",316,"soft maple/birch","Acer rubrum L.","red maple","Aceraceae","tree","rubrum",0.744,"hw2",-1.9123,2.3651,"AceraceaeBelow0.50spg","hardwood","Hardwood",0.44,-2.047,2.3852,0.21103,0.95964,NA,"Check",116.809360008971,108.045552419703,NA
"Acer","ACRU","NEON.PLA.D05.TREE.00244","TREE_056","TREE","D05",2021-09-22,"Live","single bole tree","Partially shaded",130,NA,18.4,32,NA,61,"Acer rubrum L.",1.2,203.4,"2021",316,"soft maple/birch","Acer rubrum L.","red maple","Aceraceae","tree","rubrum",0.744,"hw2",-1.9123,2.3651,"AceraceaeBelow0.50spg","hardwood","Hardwood",0.44,-2.047,2.3852,0.21103,0.95964,NA,"Check",536.20255119729,502.438515562735,NA
"Acer","ACRU","NEON.PLA.D05.TREE.02431","TREE_012","TREE","D05",2017-10-30,"Live","small tree",NA,130,NA,3.8,1.2,NA,NA,"Acer rubrum L.",NA,NA,"2017",316,"soft maple/birch","Acer rubrum L.","red maple","Aceraceae","tree","rubrum",0.744,"hw2",-1.9123,2.3651,"AceraceaeBelow0.50spg","hardwood","Hardwood",0.44,-2.047,2.3852,0.21103,0.95964,NA,"Check",0.112986713722055,0.0985231002614041,NA
"Acer","ACRU","NEON.PLA.D05.TREE.01184","TREE_039","TREE","D05",2021-09-30,"Live","single bole tree","Partially shaded",130,NA,12.7,10.4,NA,NA,"Acer rubrum L.",NA,NA,"2021",316,"soft maple/birch","Acer rubrum L.","red maple","Aceraceae","tree","rubrum",0.744,"hw2",-1.9123,2.3651,"AceraceaeBelow0.50spg","hardwood","Hardwood",0.44,-2.047,2.3852,0.21103,0.95964,NA,"Check",37.5737215879843,34.4212879530058,NA
"Acer","ACRU","NEON.PLA.D05.TREE.00537","TREE_042","TREE","D05",2020-10-06,"Live","single bole tree","Partially shaded",130,NA,21.3,36.7,NA,61,"Acer rubrum L.",10,243.7,"2020",316,"soft maple/birch","Acer rubrum L.","red maple","Aceraceae","tree","rubrum",0.744,"hw2",-1.9123,2.3651,"AceraceaeBelow0.50spg","hardwood","Hardwood",0.44,-2.047,2.3852,0.21103,0.95964,NA,"Check",741.464514005466,696.691788835749,NA
"Acer","ACRU","NEON.PLA.D05.TREE.00537","TREE_042","TREE","D05",2018-10-10,"Live","single bole tree",NA,130,NA,24.4,36.7,NA,61,"Acer rubrum L.",10,243.7,"2018",316,"soft maple/birch","Acer rubrum L.","red maple","Aceraceae","tree","rubrum",0.744,"hw2",-1.9123,2.3651,"AceraceaeBelow0.50spg","hardwood","Hardwood",0.44,-2.047,2.3852,0.21103,0.95964,NA,"Check",741.464514005466,696.691788835749,NA
"Acer","ACRU","NEON.PLA.D05.TREE.00255","TREE_056","TREE","D05",2015-07-29,"Live","single bole tree","Full sun",130,NA,17.3,22,NA,59,"Acer rubrum L.",8,119.7,"2015",316,"soft maple/birch","Acer rubrum L.","red maple","Aceraceae","tree","rubrum",0.744,"hw2",-1.9123,2.3651,"AceraceaeBelow0.50spg","hardwood","Hardwood",0.44,-2.047,2.3852,0.21103,0.95964,NA,"Check",221.035761780458,205.563391280021,NA
"Acer","ACRU","NEON.PLA.D05.TREE.00255","TREE_056","TREE","D05",2021-09-22,"Live","single bole tree","Partially shaded",130,NA,18.3,22.2,NA,59,"Acer rubrum L.",8,119.7,"2021",316,"soft maple/birch","Acer rubrum L.","red maple","Aceraceae","tree","rubrum",0.744,"hw2",-1.9123,2.3651,"AceraceaeBelow0.50spg","hardwood","Hardwood",0.44,-2.047,2.3852,0.21103,0.95964,NA,"Check",225.817753254274,210.048850991198,NA
"Acer","ACRU","NEON.PLA.D05.TREE.01338","TREE_045","TREE","D05",2015-08-11,"Live","single bole tree","Full sun",130,NA,18.8,29.4,NA,57,"Acer rubrum L.",6.9,175.9,"2015",316,"soft maple/birch","Acer rubrum L.","red maple","Aceraceae","tree","rubrum",0.744,"hw2",-1.9123,2.3651,"AceraceaeBelow0.50spg","hardwood","Hardwood",0.44,-2.047,2.3852,0.21103,0.95964,NA,"Check",438.820525741208,410.488739463906,NA
"Acer","ACRU","NEON.PLA.D05.TREE.00808A","TREE_025","TREE","D05",2017-10-18,"Live","multi-bole tree",NA,130,NA,NA,11.8,NA,25,"Acer rubrum L.",1.8,341.7,"2017",316,"soft maple/birch","Acer rubrum L.","red maple","Aceraceae","tree","rubrum",0.744,"hw2",-1.9123,2.3651,"AceraceaeBelow0.50spg","hardwood","Hardwood",0.44,-2.047,2.3852,0.21103,0.95964,NA,"Check",50.6531895911395,46.5213339715493,NA
"Acer","ACRU","NEON.PLA.D05.TREE.00808A","TREE_025","TREE","D05",2016-10-18,"Live","multi-bole tree",NA,130,NA,NA,12.2,NA,25,"Acer rubrum L.",1.8,341.7,"2016",316,"soft maple/birch","Acer rubrum L.","red maple","Aceraceae","tree","rubrum",0.744,"hw2",-1.9123,2.3651,"AceraceaeBelow0.50spg","hardwood","Hardwood",0.44,-2.047,2.3852,0.21103,0.95964,NA,"Check",54.8085481242749,50.3714744688832,NA
"Acer","ACRU","NEON.PLA.D05.TREE.00561","TREE_042","TREE","D05",2017-09-25,"Live","single bole tree",NA,150,NA,24,48.6,NA,23,"Acer rubrum L.",0.8,15.2,"2017",316,"soft maple/birch","Acer rubrum L.","red maple","Aceraceae","tree","rubrum",0.744,"hw2",-1.9123,2.3651,"AceraceaeBelow0.50spg","hardwood","Hardwood",0.44,-2.047,2.3852,0.21103,0.95964,NA,"Check",1440.66200546653,1361.33191115134,NA
"Acer","ACRU","NEON.PLA.D05.TREE.00561","TREE_042","TREE","D05",2016-09-28,"Live,  other damage","single bole tree",NA,130,NA,24.2,46.8,NA,23,"Acer rubrum L.",0.8,15.2,"2016",316,"soft maple/birch","Acer rubrum L.","red maple","Aceraceae","tree","rubrum",0.744,"hw2",-1.9123,2.3651,"AceraceaeBelow0.50spg","hardwood","Hardwood",0.44,-2.047,2.3852,0.21103,0.95964,NA,"Check",1317.64108916813,1244.14100582974,NA
"Acer","ACRU","NEON.PLA.D05.TREE.00561","TREE_042","TREE","D05",2019-10-23,"Live, insect damaged","single bole tree",NA,140,NA,18.4,48.4,NA,23,"Acer rubrum L.",0.8,15.2,"2019",316,"soft maple/birch","Acer rubrum L.","red maple","Aceraceae","tree","rubrum",0.744,"hw2",-1.9123,2.3651,"AceraceaeBelow0.50spg","hardwood","Hardwood",0.44,-2.047,2.3852,0.21103,0.95964,NA,"Check",1426.67952031721,1348.00763538865,NA
"Acer","ACRU","NEON.PLA.D05.TREE.00809","TREE_052","TREE","D05",2016-09-29,"Live","single bole tree",NA,130,NA,10.1,10.4,NA,21,"Acer rubrum L.",0.1,33.5,"2016",316,"soft maple/birch","Acer rubrum L.","red maple","Aceraceae","tree","rubrum",0.744,"hw2",-1.9123,2.3651,"AceraceaeBelow0.50spg","hardwood","Hardwood",0.44,-2.047,2.3852,0.21103,0.95964,NA,"Check",37.5737215879843,34.4212879530058,NA
"Acer","ACRU","NEON.PLA.D05.TREE.00809","TREE_052","TREE","D05",2018-08-29,"Live","single bole tree",NA,130,NA,12.9,12.7,NA,21,"Acer rubrum L.",0.1,33.5,"2018",316,"soft maple/birch","Acer rubrum L.","red maple","Aceraceae","tree","rubrum",0.744,"hw2",-1.9123,2.3651,"AceraceaeBelow0.50spg","hardwood","Hardwood",0.44,-2.047,2.3852,0.21103,0.95964,NA,"Check",60.2705067069696,55.4359929377356,NA
"Acer","ACRU","NEON.PLA.D05.TREE.01279","TREE_043","TREE","D05",2017-10-17,"Live","small tree",NA,130,NA,3,1.9,NA,NA,"Acer rubrum L.",NA,NA,"2017",316,"soft maple/birch","Acer rubrum L.","red maple","Aceraceae","tree","rubrum",0.744,"hw2",-1.9123,2.3651,"AceraceaeBelow0.50spg","hardwood","Hardwood",0.44,-2.047,2.3852,0.21103,0.95964,NA,"Check",0.334993170929283,0.294820752534051,NA
"Acer","ACRU","NEON.PLA.D05.TREE.00843","TREE_057","TREE","D05",2015-08-04,"Live","single bole tree","Partially shaded",130,NA,17.4,22.7,NA,23,"Acer rubrum L.",5.2,25.4,"2015",316,"soft maple/birch","Acer rubrum L.","red maple","Aceraceae","tree","rubrum",0.744,"hw2",-1.9123,2.3651,"AceraceaeBelow0.50spg","hardwood","Hardwood",0.44,-2.047,2.3852,0.21103,0.95964,NA,"Check",238.032039153925,221.509353788551,NA
"Acer","ACRU","NEON.PLA.D05.TREE.00820A","TREE_025","TREE","D05",2017-10-18,"Live","multi-bole tree",NA,130,NA,NA,12,NA,25,"Acer rubrum L.",4.5,282,"2017",316,"soft maple/birch","Acer rubrum L.","red maple","Aceraceae","tree","rubrum",0.744,"hw2",-1.9123,2.3651,"AceraceaeBelow0.50spg","hardwood","Hardwood",0.44,-2.047,2.3852,0.21103,0.95964,NA,"Check",52.7072341968314,48.4241831633977,NA
"Acer","ACRU","NEON.PLA.D05.TREE.00820A","TREE_025","TREE","D05",2018-10-17,"Live","multi-bole tree",NA,130,NA,18.1,13.2,NA,25,"Acer rubrum L.",4.5,282,"2018",316,"soft maple/birch","Acer rubrum L.","red maple","Aceraceae","tree","rubrum",0.744,"hw2",-1.9123,2.3651,"AceraceaeBelow0.50spg","hardwood","Hardwood",0.44,-2.047,2.3852,0.21103,0.95964,NA,"Check",66.0340701791381,60.7844002942495,NA
"Acer","ACRU","NEON.PLA.D05.TREE.02392","TREE_019","TREE","D05",2019-10-30,"Live","small tree",NA,130,NA,3.9,1.7,NA,NA,"Acer rubrum L.",NA,NA,"2019",316,"soft maple/birch","Acer rubrum L.","red maple","Aceraceae","tree","rubrum",0.744,"hw2",-1.9123,2.3651,"AceraceaeBelow0.50spg","hardwood","Hardwood",0.44,-2.047,2.3852,0.21103,0.95964,NA,"Check",0.257507899353021,0.226121432805832,NA
"Acer","ACRU","NEON.PLA.D05.TREE.00410B","TREE_057","TREE","D05",2016-10-18,"Live","multi-bole tree",NA,130,NA,20.1,14.3,NA,41,"Acer rubrum L.",9.7,340.7,"2016",316,"soft maple/birch","Acer rubrum L.","red maple","Aceraceae","tree","rubrum",0.744,"hw2",-1.9123,2.3651,"AceraceaeBelow0.50spg","hardwood","Hardwood",0.44,-2.047,2.3852,0.21103,0.95964,NA,"Check",79.7965149812126,73.5710089710861,NA
"Acer","ACRU","NEON.PLA.D05.TREE.00821","TREE_057","TREE","D05",2018-10-16,"Live","multi-bole tree",NA,130,NA,12.1,11.5,NA,39,"Acer rubrum L.",3.7,81,"2018",316,"soft maple/birch","Acer rubrum L.","red maple","Aceraceae","tree","rubrum",0.744,"hw2",-1.9123,2.3651,"AceraceaeBelow0.50spg","hardwood","Hardwood",0.44,-2.047,2.3852,0.21103,0.95964,NA,"Check",47.6601192302708,43.7497609488595,NA
"Acer","ACRU","NEON.PLA.D05.TREE.01018","TREE_043","TREE","D05",2020-10-05,"Live","small tree","Full shade",130,NA,2.7,1,NA,NA,"Acer rubrum L.",NA,NA,"2020",316,"soft maple/birch","Acer rubrum L.","red maple","Aceraceae","tree","rubrum",0.744,"hw2",-1.9123,2.3651,"AceraceaeBelow0.50spg","hardwood","Hardwood",0.44,-2.047,2.3852,0.21103,0.95964,NA,"Check",0.073410099398862,0.0637785969993142,NA
"Acer","ACRU","NEON.PLA.D05.TREE.01897","TREE_043","TREE","D05",2020-10-05,"Live","small tree","Mostly shaded",130,NA,2.4,1.3,NA,NA,"Acer rubrum L.",NA,NA,"2020",316,"soft maple/birch","Acer rubrum L.","red maple","Aceraceae","tree","rubrum",0.744,"hw2",-1.9123,2.3651,"AceraceaeBelow0.50spg","hardwood","Hardwood",0.44,-2.047,2.3852,0.21103,0.95964,NA,"Check",0.136534761067149,0.119248423248435,NA
"Acer","ACRU","NEON.PLA.D05.TREE.00319","TREE_054","TREE","D05",2017-08-30,"Live","single bole tree",NA,130,NA,15.8,25.4,NA,23,"Acer rubrum L.",4.2,358.6,"2017",316,"soft maple/birch","Acer rubrum L.","red maple","Aceraceae","tree","rubrum",0.744,"hw2",-1.9123,2.3651,"AceraceaeBelow0.50spg","hardwood","Hardwood",0.44,-2.047,2.3852,0.21103,0.95964,NA,"Check",310.506635490611,289.606680967094,NA
"Acer","ACRU","NEON.PLA.D05.TREE.00126","TREE_055","TREE","D05",2015-07-29,"Live","single bole tree","Full sun",130,NA,21.3,48.8,NA,59,"Acer rubrum L.",7.6,136.2,"2015",316,"soft maple/birch","Acer rubrum L.","red maple","Aceraceae","tree","rubrum",0.744,"hw2",-1.9123,2.3651,"AceraceaeBelow0.50spg","hardwood","Hardwood",0.44,-2.047,2.3852,0.21103,0.95964,NA,"Check",1454.72326107703,1374.73235773145,NA
"Acer","ACRU","NEON.PLA.D05.TREE.00880","TREE_025","TREE","D05",2016-10-18,"Live","single bole tree",NA,130,NA,15.4,31.5,NA,23,"Acer rubrum L.",11.2,317.2,"2016",316,"soft maple/birch","Acer rubrum L.","red maple","Aceraceae","tree","rubrum",0.744,"hw2",-1.9123,2.3651,"AceraceaeBelow0.50spg","hardwood","Hardwood",0.44,-2.047,2.3852,0.21103,0.95964,NA,"Check",516.598276617291,483.915494976848,NA
"Acer","ACRU","NEON.PLA.D05.TREE.01116","TREE_039","TREE","D05",2021-09-30,"Live","single bole tree","Partially shaded",130,NA,16.8,20,NA,41,"Acer rubrum L.",6.2,19.1,"2021",316,"soft maple/birch","Acer rubrum L.","red maple","Aceraceae","tree","rubrum",0.744,"hw2",-1.9123,2.3651,"AceraceaeBelow0.50spg","hardwood","Hardwood",0.44,-2.047,2.3852,0.21103,0.95964,NA,"Check",176.426860110741,163.76305866054,NA
"Acer","ACRU","NEON.PLA.D05.TREE.00496","TREE_051","TREE","D05",2017-09-26,"Live","single bole tree",NA,130,NA,14.3,22.7,NA,59,"Acer rubrum L.",7.3,169.6,"2017",316,"soft maple/birch","Acer rubrum L.","red maple","Aceraceae","tree","rubrum",0.744,"hw2",-1.9123,2.3651,"AceraceaeBelow0.50spg","hardwood","Hardwood",0.44,-2.047,2.3852,0.21103,0.95964,NA,"Check",238.032039153925,221.509353788551,NA
"Acer","ACRU","NEON.PLA.D05.TREE.00496","TREE_051","TREE","D05",2015-08-03,"Live","single bole tree","Full sun",130,NA,18,22.6,NA,59,"Acer rubrum L.",7.3,169.6,"2015",316,"soft maple/birch","Acer rubrum L.","red maple","Aceraceae","tree","rubrum",0.744,"hw2",-1.9123,2.3651,"AceraceaeBelow0.50spg","hardwood","Hardwood",0.44,-2.047,2.3852,0.21103,0.95964,NA,"Check",235.559450029828,219.188944133538,NA
"Acer","ACRU","NEON.PLA.D05.TREE.00496","TREE_051","TREE","D05",2016-09-28,"Live","single bole tree",NA,130,NA,17.5,22.6,NA,59,"Acer rubrum L.",7.3,169.6,"2016",316,"soft maple/birch","Acer rubrum L.","red maple","Aceraceae","tree","rubrum",0.744,"hw2",-1.9123,2.3651,"AceraceaeBelow0.50spg","hardwood","Hardwood",0.44,-2.047,2.3852,0.21103,0.95964,NA,"Check",235.559450029828,219.188944133538,NA
"Acer","ACRU","NEON.PLA.D05.TREE.01116","TREE_039","TREE","D05",2018-10-17,"Live","single bole tree",NA,130,NA,15.4,19.8,NA,41,"Acer rubrum L.",6.2,19.1,"2018",316,"soft maple/birch","Acer rubrum L.","red maple","Aceraceae","tree","rubrum",0.744,"hw2",-1.9123,2.3651,"AceraceaeBelow0.50spg","hardwood","Hardwood",0.44,-2.047,2.3852,0.21103,0.95964,NA,"Check",172.282634296685,159.884000880797,NA
"Acer","ACRU","NEON.PLA.D05.TREE.01286","TREE_039","TREE","D05",2020-10-01,"Live","single bole tree","Mostly shaded",130,NA,13.8,10.3,NA,NA,"Acer rubrum L.",NA,NA,"2020",316,"soft maple/birch","Acer rubrum L.","red maple","Aceraceae","tree","rubrum",0.744,"hw2",-1.9123,2.3651,"AceraceaeBelow0.50spg","hardwood","Hardwood",0.44,-2.047,2.3852,0.21103,0.95964,NA,"Check",36.7248459228536,33.6370998124315,NA
"Acer","ACRU","NEON.PLA.D05.TREE.02431","TREE_012","TREE","D05",2019-10-17,"Live","small tree",NA,130,NA,4.2,1.4,NA,NA,"Acer rubrum L.",NA,NA,"2019",316,"soft maple/birch","Acer rubrum L.","red maple","Aceraceae","tree","rubrum",0.744,"hw2",-1.9123,2.3651,"AceraceaeBelow0.50spg","hardwood","Hardwood",0.44,-2.047,2.3852,0.21103,0.95964,NA,"Check",0.162690887876099,0.142304800931639,NA
"Acer","ACRU","NEON.PLA.D05.TREE.00920","TREE_044","TREE","D05",2018-10-16,"Live","small tree",NA,130,NA,5.1,1.4,NA,NA,"Acer rubrum L.",NA,NA,"2018",316,"soft maple/birch","Acer rubrum L.","red maple","Aceraceae","tree","rubrum",0.744,"hw2",-1.9123,2.3651,"AceraceaeBelow0.50spg","hardwood","Hardwood",0.44,-2.047,2.3852,0.21103,0.95964,NA,"Check",0.162690887876099,0.142304800931639,NA
"Acer","ACRU","NEON.PLA.D05.TREE.00644","TREE_053","TREE","D05",2016-09-27,"Live","single bole tree",NA,130,NA,21.3,42.8,NA,43,"Acer rubrum L.",4.4,307.7,"2016",316,"soft maple/birch","Acer rubrum L.","red maple","Aceraceae","tree","rubrum",0.744,"hw2",-1.9123,2.3651,"AceraceaeBelow0.50spg","hardwood","Hardwood",0.44,-2.047,2.3852,0.21103,0.95964,NA,"Check",1066.66076408095,1005.3536833283,NA
"Acer","ACRU","NEON.PLA.D05.TREE.01286","TREE_039","TREE","D05",2017-10-17,"Live","single bole tree",NA,130,NA,9.6,9.7,NA,NA,"Acer rubrum L.",NA,NA,"2017",316,"soft maple/birch","Acer rubrum L.","red maple","Aceraceae","tree","rubrum",0.744,"hw2",-1.9123,2.3651,"AceraceaeBelow0.50spg","hardwood","Hardwood",0.44,-2.047,2.3852,0.21103,0.95964,NA,"Check",15.8332343849476,14.3986873614556,NA
"Acer","ACRU","NEON.PLA.D05.TREE.02433","TREE_012","TREE","D05",2019-10-17,"Live","small tree",NA,130,NA,4.2,2.7,NA,NA,"Acer rubrum L.",NA,NA,"2019",316,"soft maple/birch","Acer rubrum L.","red maple","Aceraceae","tree","rubrum",0.744,"hw2",-1.9123,2.3651,"AceraceaeBelow0.50spg","hardwood","Hardwood",0.44,-2.047,2.3852,0.21103,0.95964,NA,"Check",0.769084839980038,0.681653723993516,NA
"Acer","ACRU","NEON.PLA.D05.TREE.02958","TREE_009","TREE","D05",2017-10-26,"Live","small tree",NA,130,NA,4.8,2.1,NA,NA,"Acer rubrum L.",NA,NA,"2017",316,"soft maple/birch","Acer rubrum L.","red maple","Aceraceae","tree","rubrum",0.744,"hw2",-1.9123,2.3651,"AceraceaeBelow0.50spg","hardwood","Hardwood",0.44,-2.047,2.3852,0.21103,0.95964,NA,"Check",0.424459898705683,0.374310856195916,NA
"Acer","ACRU","NEON.PLA.D05.TREE.00920","TREE_044","TREE","D05",2016-10-19,"Live","small tree",NA,130,NA,5.5,2.4,NA,NA,"Acer rubrum L.",NA,NA,"2016",316,"soft maple/birch","Acer rubrum L.","red maple","Aceraceae","tree","rubrum",0.744,"hw2",-1.9123,2.3651,"AceraceaeBelow0.50spg","hardwood","Hardwood",0.44,-2.047,2.3852,0.21103,0.95964,NA,"Check",0.582094398236063,0.514700766654275,NA
"Acer","ACRU","NEON.PLA.D05.TREE.00819","TREE_025","TREE","D05",2018-10-17,"Live","single bole tree",NA,130,NA,20.5,38.2,NA,25,"Acer rubrum L.",7.2,328.9,"2018",316,"soft maple/birch","Acer rubrum L.","red maple","Aceraceae","tree","rubrum",0.744,"hw2",-1.9123,2.3651,"AceraceaeBelow0.50spg","hardwood","Hardwood",0.44,-2.047,2.3852,0.21103,0.95964,NA,"Check",815.148477781776,766.54336483519,NA
"Acer","ACRU","NEON.PLA.D05.TREE.00819","TREE_025","TREE","D05",2016-10-18,"Live","single bole tree",NA,130,NA,19.8,37.1,NA,25,"Acer rubrum L.",7.2,328.9,"2016",316,"soft maple/birch","Acer rubrum L.","red maple","Aceraceae","tree","rubrum",0.744,"hw2",-1.9123,2.3651,"AceraceaeBelow0.50spg","hardwood","Hardwood",0.44,-2.047,2.3852,0.21103,0.95964,NA,"Check",760.720107719054,714.940409541282,NA
"Acer","ACRU","NEON.PLA.D05.TREE.00819","TREE_025","TREE","D05",2017-10-18,"Live","single bole tree",NA,130,NA,21.5,38,NA,25,"Acer rubrum L.",7.2,328.9,"2017",316,"soft maple/birch","Acer rubrum L.","red maple","Aceraceae","tree","rubrum",0.744,"hw2",-1.9123,2.3651,"AceraceaeBelow0.50spg","hardwood","Hardwood",0.44,-2.047,2.3852,0.21103,0.95964,NA,"Check",805.090768021904,757.00549185956,NA
"Acer","ACRU","NEON.PLA.D05.TREE.03254","TREE_014","TREE","D05",2019-10-16,"Live","single bole tree","Mostly shaded",140,NA,9.7,12.4,NA,51,"Acer rubrum L.",3.8,188.7,"2019",316,"soft maple/birch","Acer rubrum L.","red maple","Aceraceae","tree","rubrum",0.744,"hw2",-1.9123,2.3651,"AceraceaeBelow0.50spg","hardwood","Hardwood",0.44,-2.047,2.3852,0.21103,0.95964,NA,"Check",56.9574175074409,52.3634917655404,NA
"Acer","ACRU","NEON.PLA.D05.TREE.00157","TREE_049","TREE","D05",2016-09-28,"Live","single bole tree",NA,130,NA,18.6,38.2,NA,25,"Acer rubrum L.",14.8,313.5,"2016",316,"soft maple/birch","Acer rubrum L.","red maple","Aceraceae","tree","rubrum",0.744,"hw2",-1.9123,2.3651,"AceraceaeBelow0.50spg","hardwood","Hardwood",0.44,-2.047,2.3852,0.21103,0.95964,NA,"Check",815.148477781776,766.54336483519,NA
"Acer","ACRU","NEON.PLA.D05.TREE.01389","TREE_045","TREE","D05",2018-10-17,"Live","single bole tree",NA,130,NA,19.2,24.9,NA,57,"Acer rubrum L.",12.9,176.1,"2018",316,"soft maple/birch","Acer rubrum L.","red maple","Aceraceae","tree","rubrum",0.744,"hw2",-1.9123,2.3651,"AceraceaeBelow0.50spg","hardwood","Hardwood",0.44,-2.047,2.3852,0.21103,0.95964,NA,"Check",296.244119359332,276.193770065231,NA
"Acer","ACRU","NEON.PLA.D05.TREE.00820A","TREE_025","TREE","D05",2016-10-18,"Live","multi-bole tree",NA,130,NA,NA,12,NA,25,"Acer rubrum L.",4.5,282,"2016",316,"soft maple/birch","Acer rubrum L.","red maple","Aceraceae","tree","rubrum",0.744,"hw2",-1.9123,2.3651,"AceraceaeBelow0.50spg","hardwood","Hardwood",0.44,-2.047,2.3852,0.21103,0.95964,NA,"Check",52.7072341968314,48.4241831633977,NA
"Acer","ACRU","NEON.PLA.D05.TREE.02392","TREE_019","TREE","D05",2017-10-23,"Live","small tree",NA,130,NA,4.3,1.5,NA,NA,"Acer rubrum L.",NA,NA,"2017",316,"soft maple/birch","Acer rubrum L.","red maple","Aceraceae","tree","rubrum",0.744,"hw2",-1.9123,2.3651,"AceraceaeBelow0.50spg","hardwood","Hardwood",0.44,-2.047,2.3852,0.21103,0.95964,NA,"Check",0.191526666069617,0.16775977404484,NA
"Acer","ACRU","NEON.PLA.D05.TREE.01475","TREE_041","TREE","D05",2022-09-07,"Live","single bole tree","Partially shaded",130,NA,24.5,25.7,NA,39,"Acer rubrum L.",3.6,151.2,"2022",316,"soft maple/birch","Acer rubrum L.","red maple","Aceraceae","tree","rubrum",0.744,"hw2",-1.9123,2.3651,"AceraceaeBelow0.50spg","hardwood","Hardwood",0.44,-2.047,2.3852,0.21103,0.95964,NA,"Check",319.250430998268,297.832221806905,NA
"Acer","ACRU","NEON.PLA.D05.TREE.00781A","TREE_057","TREE","D05",2017-10-17,"Live","multi-bole tree",NA,130,NA,NA,9.5,NA,25,"Acer rubrum L.",11,326,"2017",316,"soft maple/birch","Acer rubrum L.","red maple","Aceraceae","tree","rubrum",0.744,"hw2",-1.9123,2.3651,"AceraceaeBelow0.50spg","hardwood","Hardwood",0.44,-2.047,2.3852,0.21103,0.95964,NA,"Check",15.0719661816849,13.700654191411,NA
"Acer","ACRU","NEON.PLA.D05.TREE.01172","TREE_039","TREE","D05",2015-08-11,"Live","single bole tree","Full sun",130,NA,16.2,31.2,NA,41,"Acer rubrum L.",2.7,12.5,"2015",316,"soft maple/birch","Acer rubrum L.","red maple","Aceraceae","tree","rubrum",0.744,"hw2",-1.9123,2.3651,"AceraceaeBelow0.50spg","hardwood","Hardwood",0.44,-2.047,2.3852,0.21103,0.95964,NA,"Check",505.037576818146,472.995199671212,NA
"Acer","ACRU","NEON.PLA.D05.TREE.02419","TREE_012","TREE","D05",2019-10-17,"Live","small tree",NA,130,NA,2.5,1,NA,NA,"Acer rubrum L.",NA,NA,"2019",316,"soft maple/birch","Acer rubrum L.","red maple","Aceraceae","tree","rubrum",0.744,"hw2",-1.9123,2.3651,"AceraceaeBelow0.50spg","hardwood","Hardwood",0.44,-2.047,2.3852,0.21103,0.95964,NA,"Check",0.073410099398862,0.0637785969993142,NA
"Acer","ACRU","NEON.PLA.D05.TREE.00821","TREE_057","TREE","D05",2016-10-18,"Live","multi-bole tree",NA,130,NA,9.6,10.9,NA,39,"Acer rubrum L.",3.7,81,"2016",316,"soft maple/birch","Acer rubrum L.","red maple","Aceraceae","tree","rubrum",0.744,"hw2",-1.9123,2.3651,"AceraceaeBelow0.50spg","hardwood","Hardwood",0.44,-2.047,2.3852,0.21103,0.95964,NA,"Check",41.9871186662819,38.5007224049854,NA
"Acer","ACRU","NEON.PLA.D05.TREE.00472","TREE_052","TREE","D05",2015-08-03,"Live","single bole tree","Partially shaded",130,NA,10.3,14.1,NA,21,"Acer rubrum L.",11.5,45.5,"2015",316,"soft maple/birch","Acer rubrum L.","red maple","Aceraceae","tree","rubrum",0.744,"hw2",-1.9123,2.3651,"AceraceaeBelow0.50spg","hardwood","Hardwood",0.44,-2.047,2.3852,0.21103,0.95964,NA,"Check",77.1821346109577,71.1404524660883,NA
"Acer","ACRU","NEON.PLA.D05.TREE.01349B","TREE_039","TREE","D05",2017-10-17,"Live","multi-bole tree",NA,130,NA,NA,18.5,NA,NA,"Acer rubrum L.",NA,NA,"2017",316,"soft maple/birch","Acer rubrum L.","red maple","Aceraceae","tree","rubrum",0.744,"hw2",-1.9123,2.3651,"AceraceaeBelow0.50spg","hardwood","Hardwood",0.44,-2.047,2.3852,0.21103,0.95964,NA,"Check",146.71905365089,135.974415969375,NA
"Acer","ACRU","NEON.PLA.D05.TREE.00697","TREE_046","TREE","D05",2015-07-28,"Live","single bole tree","Partially shaded",130,NA,6.6,34.1,NA,25,"Acer rubrum L.",8.3,283.4,"2015",316,"soft maple/birch","Acer rubrum L.","red maple","Aceraceae","tree","rubrum",0.744,"hw2",-1.9123,2.3651,"AceraceaeBelow0.50spg","hardwood","Hardwood",0.44,-2.047,2.3852,0.21103,0.95964,NA,"Check",623.183640608034,584.689022843285,NA
"Acer","ACRU","NEON.PLA.D05.TREE.00930","TREE_048","TREE","D05",2021-09-23,"Live","small tree","Full sun",130,NA,5.4,3.4,NA,NA,"Acer rubrum L.",NA,NA,"2021",316,"soft maple/birch","Acer rubrum L.","red maple","Aceraceae","tree","rubrum",0.744,"hw2",-1.9123,2.3651,"AceraceaeBelow0.50spg","hardwood","Hardwood",0.44,-2.047,2.3852,0.21103,0.95964,NA,"Check",1.32665072535578,1.18129529535032,NA
"Acer","ACRU","NEON.PLA.D05.TREE.00930","TREE_048","TREE","D05",2018-10-16,"Live","small tree",NA,130,NA,4.9,2.9,NA,NA,"Acer rubrum L.",NA,NA,"2018",316,"soft maple/birch","Acer rubrum L.","red maple","Aceraceae","tree","rubrum",0.744,"hw2",-1.9123,2.3651,"AceraceaeBelow0.50spg","hardwood","Hardwood",0.44,-2.047,2.3852,0.21103,0.95964,NA,"Check",0.910695764919937,0.808326219230005,NA
"Acer","ACRU","NEON.PLA.D05.TREE.01370","TREE_045","TREE","D05",2015-08-11,"Live","single bole tree","Full sun",130,NA,18,33.9,NA,57,"Acer rubrum L.",8.8,179.1,"2015",316,"soft maple/birch","Acer rubrum L.","red maple","Aceraceae","tree","rubrum",0.744,"hw2",-1.9123,2.3651,"AceraceaeBelow0.50spg","hardwood","Hardwood",0.44,-2.047,2.3852,0.21103,0.95964,NA,"Check",614.573696192337,576.542750561991,NA
"Acer","ACRU","NEON.PLA.D05.TREE.00930","TREE_048","TREE","D05",2015-08-05,"Live","small tree","Mostly shaded",130,NA,4.5,2.7,NA,NA,"Acer rubrum L.",NA,NA,"2015",316,"soft maple/birch","Acer rubrum L.","red maple","Aceraceae","tree","rubrum",0.744,"hw2",-1.9123,2.3651,"AceraceaeBelow0.50spg","hardwood","Hardwood",0.44,-2.047,2.3852,0.21103,0.95964,NA,"Check",0.769084839980038,0.681653723993516,NA
"Acer","ACRU","NEON.PLA.D05.TREE.01370","TREE_045","TREE","D05",2016-10-18,"Live","single bole tree",NA,130,NA,19.9,33.6,NA,57,"Acer rubrum L.",8.8,179.1,"2016",316,"soft maple/birch","Acer rubrum L.","red maple","Aceraceae","tree","rubrum",0.744,"hw2",-1.9123,2.3651,"AceraceaeBelow0.50spg","hardwood","Hardwood",0.44,-2.047,2.3852,0.21103,0.95964,NA,"Check",601.788226977074,564.44761194539,NA
"Acer","ACRU","NEON.PLA.D05.TREE.01323","TREE_040","TREE","D05",2021-10-05,"Live, physically damaged","small tree","Full shade",130,NA,3.8,6.3,NA,NA,"Acer rubrum L.",NA,NA,"2021",316,"soft maple/birch","Acer rubrum L.","red maple","Aceraceae","tree","rubrum",0.744,"hw2",-1.9123,2.3651,"AceraceaeBelow0.50spg","hardwood","Hardwood",0.44,-2.047,2.3852,0.21103,0.95964,NA,"Check",5.70526925837834,5.14353903337975,NA
"Acer","ACRU","NEON.PLA.D05.TREE.01323","TREE_040","TREE","D05",2017-10-19,"Live","small tree",NA,130,NA,5.3,6.1,NA,NA,"Acer rubrum L.",NA,NA,"2017",316,"soft maple/birch","Acer rubrum L.","red maple","Aceraceae","tree","rubrum",0.744,"hw2",-1.9123,2.3651,"AceraceaeBelow0.50spg","hardwood","Hardwood",0.44,-2.047,2.3852,0.21103,0.95964,NA,"Check",5.28614905512824,4.76259535296569,NA
"Acer","ACRU","NEON.PLA.D05.TREE.02379","TREE_019","TREE","D05",2019-10-30,"Live","small tree",NA,130,NA,2.3,1.2,NA,NA,"Acer rubrum L.",NA,NA,"2019",316,"soft maple/birch","Acer rubrum L.","red maple","Aceraceae","tree","rubrum",0.744,"hw2",-1.9123,2.3651,"AceraceaeBelow0.50spg","hardwood","Hardwood",0.44,-2.047,2.3852,0.21103,0.95964,NA,"Check",0.112986713722055,0.0985231002614041,NA
"Acer","ACRU","NEON.PLA.D05.TREE.00825","TREE_025","TREE","D05",2018-10-17,"Live","single bole tree",NA,130,NA,21.8,39,NA,23,"Acer rubrum L.",11.1,31.1,"2018",316,"soft maple/birch","Acer rubrum L.","red maple","Aceraceae","tree","rubrum",0.744,"hw2",-1.9123,2.3651,"AceraceaeBelow0.50spg","hardwood","Hardwood",0.44,-2.047,2.3852,0.21103,0.95964,NA,"Check",856.102103879282,805.390488226658,NA
"Acer","ACRU","NEON.PLA.D05.TREE.00860","TREE_057","TREE","D05",2015-08-04,"Live","multi-bole tree","Partially shaded",130,NA,15.4,22.4,NA,23,"Acer rubrum L.",9.4,19.6,"2015",316,"soft maple/birch","Acer rubrum L.","red maple","Aceraceae","tree","rubrum",0.744,"hw2",-1.9123,2.3651,"AceraceaeBelow0.50spg","hardwood","Hardwood",0.44,-2.047,2.3852,0.21103,0.95964,NA,"Check",230.65891797748,214.590636965619,NA
"Acer","ACRU","NEON.PLA.D05.TREE.02381","TREE_019","TREE","D05",2019-10-30,"Standing dead","small tree",NA,130,NA,3.6,1.8,NA,NA,"Acer rubrum L.",NA,NA,"2019",316,"soft maple/birch","Acer rubrum L.","red maple","Aceraceae","tree","rubrum",0.744,"hw2",-1.9123,2.3651,"AceraceaeBelow0.50spg","hardwood","Hardwood",0.44,-2.047,2.3852,0.21103,0.95964,NA,"Check",0.29478190012753,0.259149837338503,NA
"Acer","ACRU","NEON.PLA.D05.TREE.01133","TREE_048","TREE","D05",2021-09-23,"Live","small tree","Mostly shaded",130,NA,2.2,1.7,NA,NA,"Acer rubrum L.",NA,NA,"2021",316,"soft maple/birch","Acer rubrum L.","red maple","Aceraceae","tree","rubrum",0.744,"hw2",-1.9123,2.3651,"AceraceaeBelow0.50spg","hardwood","Hardwood",0.44,-2.047,2.3852,0.21103,0.95964,NA,"Check",0.257507899353021,0.226121432805832,NA
"Acer","ACRU","NEON.PLA.D05.TREE.02182A","TREE_016","TREE","D05",2019-10-30,"Live","multi-bole tree","Full sun",130,NA,22.3,17.9,NA,49,"Acer rubrum L.",5.7,118.6,"2019",316,"soft maple/birch","Acer rubrum L.","red maple","Aceraceae","tree","rubrum",0.744,"hw2",-1.9123,2.3651,"AceraceaeBelow0.50spg","hardwood","Hardwood",0.44,-2.047,2.3852,0.21103,0.95964,NA,"Check",135.712973419738,125.691018387897,NA
"Acer","ACRU","NEON.PLA.D05.TREE.00861","TREE_057","TREE","D05",2017-10-17,"Live","multi-bole tree",NA,130,NA,21.1,32.4,NA,43,"Acer rubrum L.",8,255.6,"2017",316,"soft maple/birch","Acer rubrum L.","red maple","Aceraceae","tree","rubrum",0.744,"hw2",-1.9123,2.3651,"AceraceaeBelow0.50spg","hardwood","Hardwood",0.44,-2.047,2.3852,0.21103,0.95964,NA,"Check",552.190163342687,517.548618779261,NA
"Acer","ACRU","NEON.PLA.D05.TREE.00861","TREE_057","TREE","D05",2015-08-04,"Live","multi-bole tree","Partially shaded",130,NA,15.5,32,NA,43,"Acer rubrum L.",8,255.6,"2015",316,"soft maple/birch","Acer rubrum L.","red maple","Aceraceae","tree","rubrum",0.744,"hw2",-1.9123,2.3651,"AceraceaeBelow0.50spg","hardwood","Hardwood",0.44,-2.047,2.3852,0.21103,0.95964,NA,"Check",536.20255119729,502.438515562735,NA
"Acer","ACRU","NEON.PLA.D05.TREE.03070","TREE_001","TREE","D05",2017-10-25,"Live","small tree",NA,130,NA,2.6,1.1,NA,NA,"Acer rubrum L.",NA,NA,"2017",316,"soft maple/birch","Acer rubrum L.","red maple","Aceraceae","tree","rubrum",0.744,"hw2",-1.9123,2.3651,"AceraceaeBelow0.50spg","hardwood","Hardwood",0.44,-2.047,2.3852,0.21103,0.95964,NA,"Check",0.0919715809305997,0.0800580106252001,NA
"Acer","ACRU","NEON.PLA.D05.TREE.02984","TREE_009","TREE","D05",2017-10-26,"Live","small tree",NA,130,NA,2.9,1.5,NA,NA,"Acer rubrum L.",NA,NA,"2017",316,"soft maple/birch","Acer rubrum L.","red maple","Aceraceae","tree","rubrum",0.744,"hw2",-1.9123,2.3651,"AceraceaeBelow0.50spg","hardwood","Hardwood",0.44,-2.047,2.3852,0.21103,0.95964,NA,"Check",0.191526666069617,0.16775977404484,NA
"Acer","ACRU","NEON.PLA.D05.TREE.02691","TREE_023","TREE","D05",2019-11-04,"Live","multi-bole tree","Partially shaded",130,NA,15.8,26.5,NA,51,"Acer rubrum L.",3.5,265.6,"2019",316,"soft maple/birch","Acer rubrum L.","red maple","Aceraceae","tree","rubrum",0.744,"hw2",-1.9123,2.3651,"AceraceaeBelow0.50spg","hardwood","Hardwood",0.44,-2.047,2.3852,0.21103,0.95964,NA,"Check",343.255479464212,320.424159692004,NA
"Acer","ACRU","NEON.PLA.D05.TREE.01172","TREE_039","TREE","D05",2017-10-17,"Live","single bole tree",NA,130,NA,19,32.3,NA,41,"Acer rubrum L.",2.7,12.5,"2017",316,"soft maple/birch","Acer rubrum L.","red maple","Aceraceae","tree","rubrum",0.744,"hw2",-1.9123,2.3651,"AceraceaeBelow0.50spg","hardwood","Hardwood",0.44,-2.047,2.3852,0.21103,0.95964,NA,"Check",548.167833853256,513.746707762267,NA
"Acer","ACRU","NEON.PLA.D05.TREE.00781A","TREE_057","TREE","D05",2018-10-16,"Live","multi-bole tree",NA,130,NA,19.2,9.6,NA,25,"Acer rubrum L.",11,326,"2018",316,"soft maple/birch","Acer rubrum L.","red maple","Aceraceae","tree","rubrum",0.744,"hw2",-1.9123,2.3651,"AceraceaeBelow0.50spg","hardwood","Hardwood",0.44,-2.047,2.3852,0.21103,0.95964,NA,"Check",15.4498940445677,14.0471527968854,NA
"Acer","ACRU","NEON.PLA.D05.TREE.02440","TREE_012","TREE","D05",2019-10-17,"Live","small tree",NA,130,NA,2.7,1.1,NA,NA,"Acer rubrum L.",NA,NA,"2019",316,"soft maple/birch","Acer rubrum L.","red maple","Aceraceae","tree","rubrum",0.744,"hw2",-1.9123,2.3651,"AceraceaeBelow0.50spg","hardwood","Hardwood",0.44,-2.047,2.3852,0.21103,0.95964,NA,"Check",0.0919715809305997,0.0800580106252001,NA
"Acer","ACRU","NEON.PLA.D05.TREE.00410A","TREE_057","TREE","D05",2017-10-17,"Live","multi-bole tree",NA,130,NA,NA,17,NA,41,"Acer rubrum L.",9.7,340.7,"2017",316,"soft maple/birch","Acer rubrum L.","red maple","Aceraceae","tree","rubrum",0.744,"hw2",-1.9123,2.3651,"AceraceaeBelow0.50spg","hardwood","Hardwood",0.44,-2.047,2.3852,0.21103,0.95964,NA,"Check",120.12500153002,111.138866421249,NA
"Acer","ACRU","NEON.PLA.D05.TREE.00887","TREE_057","TREE","D05",2016-10-18,"Live","multi-bole tree",NA,130,NA,18.8,25.4,NA,41,"Acer rubrum L.",12.1,130.3,"2016",316,"soft maple/birch","Acer rubrum L.","red maple","Aceraceae","tree","rubrum",0.744,"hw2",-1.9123,2.3651,"AceraceaeBelow0.50spg","hardwood","Hardwood",0.44,-2.047,2.3852,0.21103,0.95964,NA,"Check",310.506635490611,289.606680967094,NA
"Acer","ACRU","NEON.PLA.D05.TREE.00482","TREE_051","TREE","D05",2015-08-03,"Live","single bole tree","Full sun",130,NA,22.6,31.6,NA,43,"Acer rubrum L.",10,329.1,"2015",316,"soft maple/birch","Acer rubrum L.","red maple","Aceraceae","tree","rubrum",0.744,"hw2",-1.9123,2.3651,"AceraceaeBelow0.50spg","hardwood","Hardwood",0.44,-2.047,2.3852,0.21103,0.95964,NA,"Check",520.485435499469,487.587793784533,NA
"Acer","ACRU","NEON.PLA.D05.TREE.03748","TREE_010","TREE","D05",2017-10-24,"Live","single bole tree","Full sun",130,NA,20.4,25.9,NA,31,"Acer rubrum L.",2.1,19,"2017",316,"soft maple/birch","Acer rubrum L.","red maple","Aceraceae","tree","rubrum",0.744,"hw2",-1.9123,2.3651,"AceraceaeBelow0.50spg","hardwood","Hardwood",0.44,-2.047,2.3852,0.21103,0.95964,NA,"Check",325.157618669216,303.390370856321,NA
"Acer","ACRU","NEON.PLA.D05.TREE.02539","TREE_009","TREE","D05",2017-10-26,"Live","small tree",NA,130,NA,4.8,1.9,NA,NA,"Acer rubrum L.",NA,NA,"2017",316,"soft maple/birch","Acer rubrum L.","red maple","Aceraceae","tree","rubrum",0.744,"hw2",-1.9123,2.3651,"AceraceaeBelow0.50spg","hardwood","Hardwood",0.44,-2.047,2.3852,0.21103,0.95964,NA,"Check",0.334993170929283,0.294820752534051,NA
"Acer","ACRU","NEON.PLA.D05.TREE.02990","TREE_009","TREE","D05",2019-10-16,"Live","small tree",NA,130,NA,2.3,1,NA,NA,"Acer rubrum L.",NA,NA,"2019",316,"soft maple/birch","Acer rubrum L.","red maple","Aceraceae","tree","rubrum",0.744,"hw2",-1.9123,2.3651,"AceraceaeBelow0.50spg","hardwood","Hardwood",0.44,-2.047,2.3852,0.21103,0.95964,NA,"Check",0.073410099398862,0.0637785969993142,NA
"Acer","ACRU","NEON.PLA.D05.TREE.01476","TREE_041","TREE","D05",2018-10-10,"Live","single bole tree",NA,130,NA,20.1,24.6,NA,39,"Acer rubrum L.",9.7,151.2,"2018",316,"soft maple/birch","Acer rubrum L.","red maple","Aceraceae","tree","rubrum",0.744,"hw2",-1.9123,2.3651,"AceraceaeBelow0.50spg","hardwood","Hardwood",0.44,-2.047,2.3852,0.21103,0.95964,NA,"Check",287.871906527003,268.322822103062,NA
"Acer","ACRU","NEON.PLA.D05.TREE.02893","TREE_001","TREE","D05",2019-10-07,"Live","small tree",NA,130,NA,4,1.8,NA,NA,"Acer rubrum L.",NA,NA,"2019",316,"soft maple/birch","Acer rubrum L.","red maple","Aceraceae","tree","rubrum",0.744,"hw2",-1.9123,2.3651,"AceraceaeBelow0.50spg","hardwood","Hardwood",0.44,-2.047,2.3852,0.21103,0.95964,NA,"Check",0.29478190012753,0.259149837338503,NA
"Acer","ACRU","NEON.PLA.D05.TREE.01476","TREE_041","TREE","D05",2022-09-07,"Live","single bole tree","Partially shaded",130,NA,21.2,26,NA,39,"Acer rubrum L.",9.7,151.2,"2022",316,"soft maple/birch","Acer rubrum L.","red maple","Aceraceae","tree","rubrum",0.744,"hw2",-1.9123,2.3651,"AceraceaeBelow0.50spg","hardwood","Hardwood",0.44,-2.047,2.3852,0.21103,0.95964,NA,"Check",328.134676131779,306.191848839517,NA
"Acer","ACRU","NEON.PLA.D05.TREE.02405","TREE_012","TREE","D05",2019-10-17,"Live","small tree",NA,130,NA,2.6,1,NA,NA,"Acer rubrum L.",NA,NA,"2019",316,"soft maple/birch","Acer rubrum L.","red maple","Aceraceae","tree","rubrum",0.744,"hw2",-1.9123,2.3651,"AceraceaeBelow0.50spg","hardwood","Hardwood",0.44,-2.047,2.3852,0.21103,0.95964,NA,"Check",0.073410099398862,0.0637785969993142,NA
"Acer","ACRU","NEON.PLA.D05.TREE.02406","TREE_012","TREE","D05",2017-10-30,"Live","small tree",NA,10,NA,2.2,1.6,NA,NA,"Acer rubrum L.",NA,NA,"2017",316,"soft maple/birch","Acer rubrum L.","red maple","Aceraceae","tree","rubrum",0.744,"hw2",-1.9123,2.3651,"AceraceaeBelow0.50spg","hardwood","Hardwood",0.44,-2.047,2.3852,0.21103,0.95964,1.14849394850273,"Check",0.101851218015152,0.0887347976709632,NA
"Acer","ACRU","NEON.PLA.D05.TREE.00255","TREE_056","TREE","D05",2017-08-28,"Live","single bole tree",NA,130,NA,18.6,22,NA,59,"Acer rubrum L.",8,119.7,"2017",316,"soft maple/birch","Acer rubrum L.","red maple","Aceraceae","tree","rubrum",0.744,"hw2",-1.9123,2.3651,"AceraceaeBelow0.50spg","hardwood","Hardwood",0.44,-2.047,2.3852,0.21103,0.95964,NA,"Check",221.035761780458,205.563391280021,NA
"Acer","ACRU","NEON.PLA.D05.TREE.02198","TREE_003","TREE","D05",2019-10-08,"Live","multi-bole tree","Partially shaded",130,NA,20.2,32.2,NA,31,"Acer rubrum L.",8.3,80.7,"2019",316,"soft maple/birch","Acer rubrum L.","red maple","Aceraceae","tree","rubrum",0.744,"hw2",-1.9123,2.3651,"AceraceaeBelow0.50spg","hardwood","Hardwood",0.44,-2.047,2.3852,0.21103,0.95964,NA,"Check",544.162468134684,509.961066507595,NA
"Acer","ACRU","NEON.PLA.D05.TREE.02200","TREE_003","TREE","D05",2018-04-25,"Live","single bole tree","Partially shaded",130,NA,21.4,25.3,NA,31,"Acer rubrum L.",6.5,34.7,"2018",316,"soft maple/birch","Acer rubrum L.","red maple","Aceraceae","tree","rubrum",0.744,"hw2",-1.9123,2.3651,"AceraceaeBelow0.50spg","hardwood","Hardwood",0.44,-2.047,2.3852,0.21103,0.95964,NA,"Check",307.623144300243,286.89452649258,NA
"Acer","ACRU","NEON.PLA.D05.TREE.00048","TREE_055","TREE","D05",2016-09-27,"Live","single bole tree",NA,130,NA,22.5,34.6,NA,41,"Acer rubrum L.",9,306.7,"2016",316,"soft maple/birch","Acer rubrum L.","red maple","Aceraceae","tree","rubrum",0.744,"hw2",-1.9123,2.3651,"AceraceaeBelow0.50spg","hardwood","Hardwood",0.44,-2.047,2.3852,0.21103,0.95964,NA,"Check",645.011627296007,605.345762143836,NA
"Acer","ACRU","NEON.PLA.D05.TREE.00009","TREE_055","TREE","D05",2015-07-29,"Live","single bole tree","Full sun",130,NA,20.3,37.2,NA,39,"Acer rubrum L.",4.2,79.3,"2015",316,"soft maple/birch","Acer rubrum L.","red maple","Aceraceae","tree","rubrum",0.744,"hw2",-1.9123,2.3651,"AceraceaeBelow0.50spg","hardwood","Hardwood",0.44,-2.047,2.3852,0.21103,0.95964,NA,"Check",765.578572045851,719.54542424264,NA
"Acer","ACRU","NEON.PLA.D05.TREE.00826","TREE_025","TREE","D05",2018-10-17,"Live","single bole tree",NA,130,NA,23,40,NA,23,"Acer rubrum L.",13.4,48.8,"2018",316,"soft maple/birch","Acer rubrum L.","red maple","Aceraceae","tree","rubrum",0.744,"hw2",-1.9123,2.3651,"AceraceaeBelow0.50spg","hardwood","Hardwood",0.44,-2.047,2.3852,0.21103,0.95964,NA,"Check",908.930648443079,855.524964384914,NA
"Acer","ACRU","NEON.PLA.D05.TREE.01120","TREE_045","TREE","D05",2015-08-11,"Live","single bole tree","Partially shaded",130,NA,17.9,27.4,NA,25,"Acer rubrum L.",7.3,314.8,"2015",316,"soft maple/birch","Acer rubrum L.","red maple","Aceraceae","tree","rubrum",0.744,"hw2",-1.9123,2.3651,"AceraceaeBelow0.50spg","hardwood","Hardwood",0.44,-2.047,2.3852,0.21103,0.95964,NA,"Check",371.468950146417,346.993898267045,NA
"Acer","ACRU","NEON.PLA.D05.TREE.00739","TREE_052","TREE","D05",2018-08-29,"Live","single bole tree",NA,130,NA,14.5,20.8,NA,25,"Acer rubrum L.",9.6,329.1,"2018",316,"soft maple/birch","Acer rubrum L.","red maple","Aceraceae","tree","rubrum",0.744,"hw2",-1.9123,2.3651,"AceraceaeBelow0.50spg","hardwood","Hardwood",0.44,-2.047,2.3852,0.21103,0.95964,NA,"Check",193.575440303986,179.822429984779,NA
"Acer","ACRU","NEON.PLA.D05.TREE.01103","TREE_043","TREE","D05",2015-08-05,"Live","sapling","Full shade",10,NA,1.8,1.2,NA,NA,"Acer rubrum L.",NA,NA,"2015",316,"soft maple/birch","Acer rubrum L.","red maple","Aceraceae","tree","rubrum",0.744,"hw2",-1.9123,2.3651,"AceraceaeBelow0.50spg","hardwood","Hardwood",0.44,-2.047,2.3852,0.21103,0.95964,0.851537287154131,"Check",0.050197317694683,0.0434707120700236,NA
"Acer","ACRU","NEON.PLA.D05.TREE.01103","TREE_043","TREE","D05",2018-10-15,"Live","small tree",NA,130,NA,2.5,1.2,NA,NA,"Acer rubrum L.",NA,NA,"2018",316,"soft maple/birch","Acer rubrum L.","red maple","Aceraceae","tree","rubrum",0.744,"hw2",-1.9123,2.3651,"AceraceaeBelow0.50spg","hardwood","Hardwood",0.44,-2.047,2.3852,0.21103,0.95964,NA,"Check",0.112986713722055,0.0985231002614041,NA
"Acer","ACRU","NEON.PLA.D05.TREE.00273","TREE_056","TREE","D05",2016-09-28,"Live","single bole tree",NA,130,NA,17.8,22.2,NA,61,"Acer rubrum L.",9.1,236.4,"2016",316,"soft maple/birch","Acer rubrum L.","red maple","Aceraceae","tree","rubrum",0.744,"hw2",-1.9123,2.3651,"AceraceaeBelow0.50spg","hardwood","Hardwood",0.44,-2.047,2.3852,0.21103,0.95964,NA,"Check",225.817753254274,210.048850991198,NA
"Acer","ACRU","NEON.PLA.D05.TREE.00830","TREE_057","TREE","D05",2017-10-17,"Live","single bole tree",NA,130,NA,20.8,25,NA,39,"Acer rubrum L.",7.5,11.3,"2017",316,"soft maple/birch","Acer rubrum L.","red maple","Aceraceae","tree","rubrum",0.744,"hw2",-1.9123,2.3651,"AceraceaeBelow0.50spg","hardwood","Hardwood",0.44,-2.047,2.3852,0.21103,0.95964,NA,"Check",299.06567957419,278.846825210457,NA
"Acer","ACRU","NEON.PLA.D05.TREE.00739","TREE_052","TREE","D05",2015-08-03,"Live","single bole tree","Partially shaded",130,NA,11,20.9,NA,25,"Acer rubrum L.",9.6,329.1,"2015",316,"soft maple/birch","Acer rubrum L.","red maple","Aceraceae","tree","rubrum",0.744,"hw2",-1.9123,2.3651,"AceraceaeBelow0.50spg","hardwood","Hardwood",0.44,-2.047,2.3852,0.21103,0.95964,NA,"Check",195.783750407091,181.891379681866,NA
"Acer","ACRU","NEON.PLA.D05.TREE.00273","TREE_056","TREE","D05",2015-07-29,"Live","single bole tree","Partially shaded",130,NA,16.8,21.5,NA,61,"Acer rubrum L.",9.1,236.4,"2015",316,"soft maple/birch","Acer rubrum L.","red maple","Aceraceae","tree","rubrum",0.744,"hw2",-1.9123,2.3651,"AceraceaeBelow0.50spg","hardwood","Hardwood",0.44,-2.047,2.3852,0.21103,0.95964,NA,"Check",209.338382322562,194.59488036101,NA
"Acer","ACRU","NEON.PLA.D05.TREE.00556","TREE_046","TREE","D05",2018-10-10,"Live","single bole tree",NA,130,NA,21.6,27.7,NA,43,"Acer rubrum L.",4.4,236.1,"2018",316,"soft maple/birch","Acer rubrum L.","red maple","Aceraceae","tree","rubrum",0.744,"hw2",-1.9123,2.3651,"AceraceaeBelow0.50spg","hardwood","Hardwood",0.44,-2.047,2.3852,0.21103,0.95964,NA,"Check",381.160215722697,356.124572340631,NA
"Acer","ACRU","NEON.PLA.D05.TREE.00278","TREE_056","TREE","D05",2017-08-28,"Live","single bole tree",NA,130,NA,13.7,19.9,NA,41,"Acer rubrum L.",9,60.8,"2017",316,"soft maple/birch","Acer rubrum L.","red maple","Aceraceae","tree","rubrum",0.744,"hw2",-1.9123,2.3651,"AceraceaeBelow0.50spg","hardwood","Hardwood",0.44,-2.047,2.3852,0.21103,0.95964,NA,"Check",174.347640083069,161.816779448945,NA
"Acer","ACRU","NEON.PLA.D05.TREE.01352","TREE_040","TREE","D05",2021-10-05,"Live, physically damaged","single bole tree","Partially shaded",130,NA,6.8,28.9,NA,25,"Acer rubrum L.",9,334.2,"2021",316,"soft maple/birch","Acer rubrum L.","red maple","Aceraceae","tree","rubrum",0.744,"hw2",-1.9123,2.3651,"AceraceaeBelow0.50spg","hardwood","Hardwood",0.44,-2.047,2.3852,0.21103,0.95964,NA,"Check",421.374402937445,394.033122363276,NA
"Acer","ACRU","NEON.PLA.D05.TREE.02198","TREE_003","TREE","D05",2018-04-25,"Live","multi-bole tree","Partially shaded",130,NA,8.5,31.3,NA,31,"Acer rubrum L.",8.3,80.7,"2018",316,"soft maple/birch","Acer rubrum L.","red maple","Aceraceae","tree","rubrum",0.744,"hw2",-1.9123,2.3651,"AceraceaeBelow0.50spg","hardwood","Hardwood",0.44,-2.047,2.3852,0.21103,0.95964,NA,"Check",508.87436679866,476.619217663114,NA
"Acer","ACRU","NEON.PLA.D05.TREE.01303A","TREE_039","TREE","D05",2019-10-23,"Live","multi-bole tree",NA,130,NA,20.5,29,NA,NA,"Acer rubrum L.",NA,NA,"2019",316,"soft maple/birch","Acer rubrum L.","red maple","Aceraceae","tree","rubrum",0.744,"hw2",-1.9123,2.3651,"AceraceaeBelow0.50spg","hardwood","Hardwood",0.44,-2.047,2.3852,0.21103,0.95964,NA,"Check",424.830968017863,397.292988059821,NA
"Acer","ACRU","NEON.PLA.D05.TREE.01120","TREE_045","TREE","D05",2018-10-17,"Live","single bole tree",NA,130,NA,19.1,29.3,NA,25,"Acer rubrum L.",7.3,314.8,"2018",316,"soft maple/birch","Acer rubrum L.","red maple","Aceraceae","tree","rubrum",0.744,"hw2",-1.9123,2.3651,"AceraceaeBelow0.50spg","hardwood","Hardwood",0.44,-2.047,2.3852,0.21103,0.95964,NA,"Check",435.298600768617,407.166316987371,NA
"Acer","ACRU","NEON.PLA.D05.TREE.02191","TREE_016","TREE","D05",2017-10-24,"Live","multi-bole tree","Full sun",130,NA,21.2,26.3,NA,33,"Acer rubrum L.",10.1,312.2,"2017",316,"soft maple/birch","Acer rubrum L.","red maple","Aceraceae","tree","rubrum",0.744,"hw2",-1.9123,2.3651,"AceraceaeBelow0.50spg","hardwood","Hardwood",0.44,-2.047,2.3852,0.21103,0.95964,NA,"Check",337.159967273274,314.686162841566,NA
"Acer","ACRU","NEON.PLA.D05.TREE.00840A","TREE_057","TREE","D05",2018-10-16,"Live","multi-bole tree",NA,130,NA,20.2,13,NA,23,"Acer rubrum L.",7.9,358.5,"2018",316,"soft maple/birch","Acer rubrum L.","red maple","Aceraceae","tree","rubrum",0.744,"hw2",-1.9123,2.3651,"AceraceaeBelow0.50spg","hardwood","Hardwood",0.44,-2.047,2.3852,0.21103,0.95964,NA,"Check",63.6921757480048,58.6106961109378,NA
"Acer","ACRU","NEON.PLA.D05.TREE.00910","TREE_045","TREE","D05",2016-10-18,"Live","single bole tree",NA,130,NA,19.6,25.8,NA,43,"Acer rubrum L.",8.1,257.2,"2016",316,"soft maple/birch","Acer rubrum L.","red maple","Aceraceae","tree","rubrum",0.744,"hw2",-1.9123,2.3651,"AceraceaeBelow0.50spg","hardwood","Hardwood",0.44,-2.047,2.3852,0.21103,0.95964,NA,"Check",322.196210987341,300.603835929002,NA
"Acer","ACRU","NEON.PLA.D05.TREE.02286","TREE_019","TREE","D05",2019-10-30,"Live","small tree",NA,130,NA,4.2,2.6,NA,NA,"Acer rubrum L.",NA,NA,"2019",316,"soft maple/birch","Acer rubrum L.","red maple","Aceraceae","tree","rubrum",0.744,"hw2",-1.9123,2.3651,"AceraceaeBelow0.50spg","hardwood","Hardwood",0.44,-2.047,2.3852,0.21103,0.95964,NA,"Check",0.703411197330655,0.622973238818464,NA
"Acer","ACRU","NEON.PLA.D05.TREE.00273","TREE_056","TREE","D05",2018-10-09,"Live","single bole tree",NA,130,NA,18.4,21.9,NA,61,"Acer rubrum L.",9.1,236.4,"2018",316,"soft maple/birch","Acer rubrum L.","red maple","Aceraceae","tree","rubrum",0.744,"hw2",-1.9123,2.3651,"AceraceaeBelow0.50spg","hardwood","Hardwood",0.44,-2.047,2.3852,0.21103,0.95964,NA,"Check",218.666895058173,203.341722561826,NA
"Acer","ACRU","NEON.PLA.D05.TREE.00846","TREE_052","TREE","D05",2018-08-29,"Live","single bole tree",NA,130,NA,13.9,20.8,NA,25,"Acer rubrum L.",5.3,354.9,"2018",316,"soft maple/birch","Acer rubrum L.","red maple","Aceraceae","tree","rubrum",0.744,"hw2",-1.9123,2.3651,"AceraceaeBelow0.50spg","hardwood","Hardwood",0.44,-2.047,2.3852,0.21103,0.95964,NA,"Check",193.575440303986,179.822429984779,NA
"Acer","ACRU","NEON.PLA.D05.TREE.01323","TREE_040","TREE","D05",2015-08-10,"Live","small tree","Full shade",130,NA,5.7,6.2,NA,NA,"Acer rubrum L.",NA,NA,"2015",316,"soft maple/birch","Acer rubrum L.","red maple","Aceraceae","tree","rubrum",0.744,"hw2",-1.9123,2.3651,"AceraceaeBelow0.50spg","hardwood","Hardwood",0.44,-2.047,2.3852,0.21103,0.95964,NA,"Check",5.49340219808071,4.95093949853855,NA
"Acer","ACRU","NEON.PLA.D05.TREE.02198A","TREE_003","TREE","D05",2019-10-08,"Live","multi-bole tree","Partially shaded",130,NA,20.2,31.2,NA,31,"Acer rubrum L.",8.3,80.7,"2019",316,"soft maple/birch","Acer rubrum L.","red maple","Aceraceae","tree","rubrum",0.744,"hw2",-1.9123,2.3651,"AceraceaeBelow0.50spg","hardwood","Hardwood",0.44,-2.047,2.3852,0.21103,0.95964,NA,"Check",505.037576818146,472.995199671212,NA
"Acer","ACRU","NEON.PLA.D05.TREE.00844","TREE_052","TREE","D05",2015-08-03,"Standing dead","single bole tree","Full shade",130,NA,2.6,14.6,NA,25,"Acer rubrum L.",4.2,359.4,"2015",316,"soft maple/birch","Acer rubrum L.","red maple","Aceraceae","tree","rubrum",0.744,"hw2",-1.9123,2.3651,"AceraceaeBelow0.50spg","hardwood","Hardwood",0.44,-2.047,2.3852,0.21103,0.95964,NA,"Check",83.8126555997497,77.3060756087492,NA
"Acer","ACRU","NEON.PLA.D05.TREE.00273","TREE_056","TREE","D05",2017-08-28,"Live","single bole tree",NA,130,NA,17.4,21.5,NA,61,"Acer rubrum L.",9.1,236.4,"2017",316,"soft maple/birch","Acer rubrum L.","red maple","Aceraceae","tree","rubrum",0.744,"hw2",-1.9123,2.3651,"AceraceaeBelow0.50spg","hardwood","Hardwood",0.44,-2.047,2.3852,0.21103,0.95964,NA,"Check",209.338382322562,194.59488036101,NA
"Acer","ACRU","NEON.PLA.D05.TREE.02200","TREE_003","TREE","D05",2019-10-08,"Live","single bole tree","Partially shaded",130,NA,20.2,26,NA,31,"Acer rubrum L.",6.5,34.7,"2019",316,"soft maple/birch","Acer rubrum L.","red maple","Aceraceae","tree","rubrum",0.744,"hw2",-1.9123,2.3651,"AceraceaeBelow0.50spg","hardwood","Hardwood",0.44,-2.047,2.3852,0.21103,0.95964,NA,"Check",328.134676131779,306.191848839517,NA
"Acer","ACRU","NEON.PLA.D05.TREE.02286","TREE_019","TREE","D05",2017-10-23,"Live","small tree",NA,130,NA,3.6,1.8,NA,NA,"Acer rubrum L.",NA,NA,"2017",316,"soft maple/birch","Acer rubrum L.","red maple","Aceraceae","tree","rubrum",0.744,"hw2",-1.9123,2.3651,"AceraceaeBelow0.50spg","hardwood","Hardwood",0.44,-2.047,2.3852,0.21103,0.95964,NA,"Check",0.29478190012753,0.259149837338503,NA
"Acer","ACRU","NEON.PLA.D05.TREE.00248","TREE_056","TREE","D05",2015-07-29,"Live, physically damaged","single bole tree","Partially shaded",130,NA,16.9,24.2,NA,43,"Acer rubrum L.",10.2,306,"2015",316,"soft maple/birch","Acer rubrum L.","red maple","Aceraceae","tree","rubrum",0.744,"hw2",-1.9123,2.3651,"AceraceaeBelow0.50spg","hardwood","Hardwood",0.44,-2.047,2.3852,0.21103,0.95964,NA,"Check",276.92386496705,258.033210787391,NA
"Acer","ACRU","NEON.PLA.D05.TREE.00009","TREE_055","TREE","D05",2017-09-14,"Live","single bole tree",NA,130,NA,22.8,37.2,NA,39,"Acer rubrum L.",4.2,79.3,"2017",316,"soft maple/birch","Acer rubrum L.","red maple","Aceraceae","tree","rubrum",0.744,"hw2",-1.9123,2.3651,"AceraceaeBelow0.50spg","hardwood","Hardwood",0.44,-2.047,2.3852,0.21103,0.95964,NA,"Check",765.578572045851,719.54542424264,NA
"Acer","ACRU","NEON.PLA.D05.TREE.01098","TREE_044","TREE","D05",2018-10-16,"Live","small tree",NA,130,NA,3.9,2,NA,NA,"Acer rubrum L.",NA,NA,"2018",316,"soft maple/birch","Acer rubrum L.","red maple","Aceraceae","tree","rubrum",0.744,"hw2",-1.9123,2.3651,"AceraceaeBelow0.50spg","hardwood","Hardwood",0.44,-2.047,2.3852,0.21103,0.95964,NA,"Check",0.378200287682932,0.333189807107002,NA
"Acer","ACRU","NEON.PLA.D05.TREE.01103","TREE_043","TREE","D05",2020-10-05,"Live","small tree","Full shade",130,NA,3.3,1.4,NA,NA,"Acer rubrum L.",NA,NA,"2020",316,"soft maple/birch","Acer rubrum L.","red maple","Aceraceae","tree","rubrum",0.744,"hw2",-1.9123,2.3651,"AceraceaeBelow0.50spg","hardwood","Hardwood",0.44,-2.047,2.3852,0.21103,0.95964,NA,"Check",0.162690887876099,0.142304800931639,NA
"Acer","ACRU","NEON.PLA.D05.TREE.00826","TREE_025","TREE","D05",2016-10-18,"Live","single bole tree",NA,130,NA,23,38.8,NA,23,"Acer rubrum L.",13.4,48.8,"2016",316,"soft maple/birch","Acer rubrum L.","red maple","Aceraceae","tree","rubrum",0.744,"hw2",-1.9123,2.3651,"AceraceaeBelow0.50spg","hardwood","Hardwood",0.44,-2.047,2.3852,0.21103,0.95964,NA,"Check",845.755004860503,795.574083975046,NA
"Acer","ACRU","NEON.PLA.D05.TREE.00826","TREE_025","TREE","D05",2015-08-04,"Live","single bole tree","Full sun",130,NA,23.6,38.5,NA,23,"Acer rubrum L.",13.4,48.8,"2015",316,"soft maple/birch","Acer rubrum L.","red maple","Aceraceae","tree","rubrum",0.744,"hw2",-1.9123,2.3651,"AceraceaeBelow0.50spg","hardwood","Hardwood",0.44,-2.047,2.3852,0.21103,0.95964,NA,"Check",830.370350326891,780.980387222989,NA
"Acer","ACRU","NEON.PLA.D05.TREE.00255","TREE_056","TREE","D05",2018-10-09,"Live","single bole tree",NA,130,NA,16.9,22.2,NA,59,"Acer rubrum L.",8,119.7,"2018",316,"soft maple/birch","Acer rubrum L.","red maple","Aceraceae","tree","rubrum",0.744,"hw2",-1.9123,2.3651,"AceraceaeBelow0.50spg","hardwood","Hardwood",0.44,-2.047,2.3852,0.21103,0.95964,NA,"Check",225.817753254274,210.048850991198,NA
"Acer","ACRU","NEON.PLA.D05.TREE.01475","TREE_041","TREE","D05",2015-08-10,"Live","single bole tree","Partially shaded",130,NA,21.9,24.2,NA,39,"Acer rubrum L.",3.6,151.2,"2015",316,"soft maple/birch","Acer rubrum L.","red maple","Aceraceae","tree","rubrum",0.744,"hw2",-1.9123,2.3651,"AceraceaeBelow0.50spg","hardwood","Hardwood",0.44,-2.047,2.3852,0.21103,0.95964,NA,"Check",276.92386496705,258.033210787391,NA
"Acer","ACRU","NEON.PLA.D05.TREE.00768A","TREE_057","TREE","D05",2018-10-16,"Live","multi-bole tree",NA,130,NA,18.1,17.8,NA,43,"Acer rubrum L.",9.7,205,"2018",316,"soft maple/birch","Acer rubrum L.","red maple","Aceraceae","tree","rubrum",0.744,"hw2",-1.9123,2.3651,"AceraceaeBelow0.50spg","hardwood","Hardwood",0.44,-2.047,2.3852,0.21103,0.95964,NA,"Check",133.926651250329,124.022643815297,NA
"Acer","ACRU","NEON.PLA.D05.TREE.03180","TREE_043","TREE","D05",2020-10-05,"Live","small tree","Mostly shaded",130,NA,3.2,1.6,NA,NA,"Acer rubrum L.",NA,NA,"2020",316,"soft maple/birch","Acer rubrum L.","red maple","Aceraceae","tree","rubrum",0.744,"hw2",-1.9123,2.3651,"AceraceaeBelow0.50spg","hardwood","Hardwood",0.44,-2.047,2.3852,0.21103,0.95964,NA,"Check",0.223110486445256,0.19567797440468,NA
"Acer","ACRU","NEON.PLA.D05.TREE.00273","TREE_056","TREE","D05",2021-09-22,"Live, physically damaged","single bole tree","Partially shaded",130,NA,17.5,22,NA,61,"Acer rubrum L.",9.1,236.4,"2021",316,"soft maple/birch","Acer rubrum L.","red maple","Aceraceae","tree","rubrum",0.744,"hw2",-1.9123,2.3651,"AceraceaeBelow0.50spg","hardwood","Hardwood",0.44,-2.047,2.3852,0.21103,0.95964,NA,"Check",221.035761780458,205.563391280021,NA
"Acer","ACRU","NEON.PLA.D05.TREE.01389","TREE_045","TREE","D05",2015-08-11,"Live","single bole tree","Partially shaded",130,NA,17.9,24,NA,57,"Acer rubrum L.",12.9,176.1,"2015",316,"soft maple/birch","Acer rubrum L.","red maple","Aceraceae","tree","rubrum",0.744,"hw2",-1.9123,2.3651,"AceraceaeBelow0.50spg","hardwood","Hardwood",0.44,-2.047,2.3852,0.21103,0.95964,NA,"Check",271.541535830182,252.975841530351,NA
"Acer","ACRU","NEON.PLA.D05.TREE.02811","TREE_010","TREE","D05",2017-10-24,"Live","small tree",NA,130,NA,2.9,1.2,NA,NA,"Acer rubrum L.",NA,NA,"2017",316,"soft maple/birch","Acer rubrum L.","red maple","Aceraceae","tree","rubrum",0.744,"hw2",-1.9123,2.3651,"AceraceaeBelow0.50spg","hardwood","Hardwood",0.44,-2.047,2.3852,0.21103,0.95964,NA,"Check",0.112986713722055,0.0985231002614041,NA
"Acer","ACRU","NEON.PLA.D05.TREE.01303A","TREE_039","TREE","D05",2021-09-30,"Live","multi-bole tree",NA,130,NA,NA,29.5,NA,NA,"Acer rubrum L.",NA,NA,"2021",316,"soft maple/birch","Acer rubrum L.","red maple","Aceraceae","tree","rubrum",0.744,"hw2",-1.9123,2.3651,"AceraceaeBelow0.50spg","hardwood","Hardwood",0.44,-2.047,2.3852,0.21103,0.95964,NA,"Check",442.358841740218,413.826852692925,NA
"Acer","ACRU","NEON.PLA.D05.TREE.00556","TREE_046","TREE","D05",2016-09-29,"Live","single bole tree",NA,130,NA,20.8,27.2,NA,43,"Acer rubrum L.",4.4,236.1,"2016",316,"soft maple/birch","Acer rubrum L.","red maple","Aceraceae","tree","rubrum",0.744,"hw2",-1.9123,2.3651,"AceraceaeBelow0.50spg","hardwood","Hardwood",0.44,-2.047,2.3852,0.21103,0.95964,NA,"Check",365.088015750804,340.983171191053,NA
"Acer","ACRU","NEON.PLA.D05.TREE.00556","TREE_046","TREE","D05",2017-09-25,"Live","single bole tree",NA,130,NA,21.1,27.3,NA,43,"Acer rubrum L.",4.4,236.1,"2017",316,"soft maple/birch","Acer rubrum L.","red maple","Aceraceae","tree","rubrum",0.744,"hw2",-1.9123,2.3651,"AceraceaeBelow0.50spg","hardwood","Hardwood",0.44,-2.047,2.3852,0.21103,0.95964,NA,"Check",368.27050620724,343.980910143879,NA
"Acer","ACRU","NEON.PLA.D05.TREE.00830","TREE_057","TREE","D05",2015-08-04,"Live","single bole tree","Partially shaded",130,NA,16.1,24.3,NA,39,"Acer rubrum L.",7.5,11.3,"2015",316,"soft maple/birch","Acer rubrum L.","red maple","Aceraceae","tree","rubrum",0.744,"hw2",-1.9123,2.3651,"AceraceaeBelow0.50spg","hardwood","Hardwood",0.44,-2.047,2.3852,0.21103,0.95964,NA,"Check",279.637917965113,260.583719824732,NA
"Acer","ACRU","NEON.PLA.D05.TREE.00432","TREE_057","TREE","D05",2017-10-17,"Live","single bole tree",NA,130,NA,18.3,21.5,NA,57,"Acer rubrum L.",5,94.7,"2017",316,"soft maple/birch","Acer rubrum L.","red maple","Aceraceae","tree","rubrum",0.744,"hw2",-1.9123,2.3651,"AceraceaeBelow0.50spg","hardwood","Hardwood",0.44,-2.047,2.3852,0.21103,0.95964,NA,"Check",209.338382322562,194.59488036101,NA
"Acer","ACRU","NEON.PLA.D05.TREE.01349A","TREE_039","TREE","D05",2017-10-17,"Live","multi-bole tree",NA,130,NA,NA,29,NA,NA,"Acer rubrum L.",NA,NA,"2017",316,"soft maple/birch","Acer rubrum L.","red maple","Aceraceae","tree","rubrum",0.744,"hw2",-1.9123,2.3651,"AceraceaeBelow0.50spg","hardwood","Hardwood",0.44,-2.047,2.3852,0.21103,0.95964,NA,"Check",424.830968017863,397.292988059821,NA
"Acer","ACRU","NEON.PLA.D05.TREE.00687","TREE_046","TREE","D05",2022-09-19,"Live","single bole tree","Full sun",140,NA,25,34.6,NA,25,"Acer rubrum L.",4.8,350,"2022",316,"soft maple/birch","Acer rubrum L.","red maple","Aceraceae","tree","rubrum",0.744,"hw2",-1.9123,2.3651,"AceraceaeBelow0.50spg","hardwood","Hardwood",0.44,-2.047,2.3852,0.21103,0.95964,NA,"Check",645.011627296007,605.345762143836,NA
"Acer","ACRU","NEON.PLA.D05.TREE.00561","TREE_042","TREE","D05",2020-10-06,"Live","single bole tree","Partially shaded",140,NA,17.2,48.5,NA,23,"Acer rubrum L.",0.8,15.2,"2020",316,"soft maple/birch","Acer rubrum L.","red maple","Aceraceae","tree","rubrum",0.744,"hw2",-1.9123,2.3651,"AceraceaeBelow0.50spg","hardwood","Hardwood",0.44,-2.047,2.3852,0.21103,0.95964,NA,"Check",1433.66092398354,1354.66025946677,NA
"Acer","ACRU","NEON.PLA.D05.TREE.00941","TREE_045","TREE","D05",2015-08-11,"Live","single bole tree","Partially shaded",130,NA,17.3,22.9,NA,23,"Acer rubrum L.",6.5,67.9,"2015",316,"soft maple/birch","Acer rubrum L.","red maple","Aceraceae","tree","rubrum",0.744,"hw2",-1.9123,2.3651,"AceraceaeBelow0.50spg","hardwood","Hardwood",0.44,-2.047,2.3852,0.21103,0.95964,NA,"Check",243.021983703914,226.192805910751,NA
"Acer","ACRU","NEON.PLA.D05.TREE.01298A","TREE_045","TREE","D05",2016-10-18,"Live","multi-bole tree",NA,130,NA,19.9,27.9,NA,41,"Acer rubrum L.",5.5,313.3,"2016",316,"soft maple/birch","Acer rubrum L.","red maple","Aceraceae","tree","rubrum",0.744,"hw2",-1.9123,2.3651,"AceraceaeBelow0.50spg","hardwood","Hardwood",0.44,-2.047,2.3852,0.21103,0.95964,NA,"Check",387.701216243408,362.28832698708,NA
"Acer","ACRU","NEON.PLA.D05.TREE.00941","TREE_045","TREE","D05",2017-10-19,"Live","single bole tree",NA,130,NA,18,23.9,NA,23,"Acer rubrum L.",6.5,67.9,"2017",316,"soft maple/birch","Acer rubrum L.","red maple","Aceraceae","tree","rubrum",0.744,"hw2",-1.9123,2.3651,"AceraceaeBelow0.50spg","hardwood","Hardwood",0.44,-2.047,2.3852,0.21103,0.95964,NA,"Check",268.873213505012,250.468934849441,NA
"Acer","ACRU","NEON.PLA.D05.TREE.00352","TREE_025","TREE","D05",2017-10-18,"Live","single bole tree",NA,130,NA,20.6,30.9,NA,23,"Acer rubrum L.",8.2,28.5,"2017",316,"soft maple/birch","Acer rubrum L.","red maple","Aceraceae","tree","rubrum",0.744,"hw2",-1.9123,2.3651,"AceraceaeBelow0.50spg","hardwood","Hardwood",0.44,-2.047,2.3852,0.21103,0.95964,NA,"Check",493.62763149416,462.219390624289,NA
"Acer","ACRU","NEON.PLA.D05.TREE.00352","TREE_025","TREE","D05",2015-08-04,"Live","single bole tree","Full sun",130,NA,16.1,30.2,NA,23,"Acer rubrum L.",8.2,28.5,"2015",316,"soft maple/birch","Acer rubrum L.","red maple","Aceraceae","tree","rubrum",0.744,"hw2",-1.9123,2.3651,"AceraceaeBelow0.50spg","hardwood","Hardwood",0.44,-2.047,2.3852,0.21103,0.95964,NA,"Check",467.587704972764,437.63470608674,NA
"Acer","ACRU","NEON.PLA.D05.TREE.01098","TREE_044","TREE","D05",2017-10-17,"Live","small tree",NA,130,NA,3.5,1.7,NA,NA,"Acer rubrum L.",NA,NA,"2017",316,"soft maple/birch","Acer rubrum L.","red maple","Aceraceae","tree","rubrum",0.744,"hw2",-1.9123,2.3651,"AceraceaeBelow0.50spg","hardwood","Hardwood",0.44,-2.047,2.3852,0.21103,0.95964,NA,"Check",0.257507899353021,0.226121432805832,NA
"Acer","ACRU","NEON.PLA.D05.TREE.00796","TREE_025","TREE","D05",2015-08-04,"Live","single bole tree","Full sun",130,NA,19.3,33.8,NA,41,"Acer rubrum L.",4.6,239,"2015",316,"soft maple/birch","Acer rubrum L.","red maple","Aceraceae","tree","rubrum",0.744,"hw2",-1.9123,2.3651,"AceraceaeBelow0.50spg","hardwood","Hardwood",0.44,-2.047,2.3852,0.21103,0.95964,NA,"Check",610.294632078827,572.494487234146,NA
"Acer","ACRU","NEON.PLA.D05.TREE.01323","TREE_040","TREE","D05",2016-10-20,"Live,  other damage","small tree",NA,130,NA,4.9,6.1,NA,NA,"Acer rubrum L.",NA,NA,"2016",316,"soft maple/birch","Acer rubrum L.","red maple","Aceraceae","tree","rubrum",0.744,"hw2",-1.9123,2.3651,"AceraceaeBelow0.50spg","hardwood","Hardwood",0.44,-2.047,2.3852,0.21103,0.95964,NA,"Check",5.28614905512824,4.76259535296569,NA
"Acer","ACRU","NEON.PLA.D05.TREE.02523","TREE_014","TREE","D05",2019-10-16,"Live","multi-bole tree","Full sun",130,NA,17,40.9,NA,49,"Acer rubrum L.",10.9,102.9,"2019",316,"soft maple/birch","Acer rubrum L.","red maple","Aceraceae","tree","rubrum",0.744,"hw2",-1.9123,2.3651,"AceraceaeBelow0.50spg","hardwood","Hardwood",0.44,-2.047,2.3852,0.21103,0.95964,NA,"Check",958.044005922309,902.155974985927,NA
"Acer","ACRU","NEON.PLA.D05.TREE.01323","TREE_040","TREE","D05",2018-10-18,"Live","small tree",NA,130,NA,4.1,6.1,NA,NA,"Acer rubrum L.",NA,NA,"2018",316,"soft maple/birch","Acer rubrum L.","red maple","Aceraceae","tree","rubrum",0.744,"hw2",-1.9123,2.3651,"AceraceaeBelow0.50spg","hardwood","Hardwood",0.44,-2.047,2.3852,0.21103,0.95964,NA,"Check",5.28614905512824,4.76259535296569,NA
"Acer","ACRU","NEON.PLA.D05.TREE.01158","TREE_045","TREE","D05",2017-10-19,"Live","single bole tree",NA,130,NA,15.3,20.4,NA,43,"Acer rubrum L.",8.8,227.7,"2017",316,"soft maple/birch","Acer rubrum L.","red maple","Aceraceae","tree","rubrum",0.744,"hw2",-1.9123,2.3651,"AceraceaeBelow0.50spg","hardwood","Hardwood",0.44,-2.047,2.3852,0.21103,0.95964,NA,"Check",184.886402141885,171.683702598181,NA
"Acer","ACRU","NEON.PLA.D05.TREE.01159","TREE_045","TREE","D05",2018-10-17,"Live","single bole tree",NA,130,NA,14.9,16.8,NA,25,"Acer rubrum L.",9.5,315.7,"2018",316,"soft maple/birch","Acer rubrum L.","red maple","Aceraceae","tree","rubrum",0.744,"hw2",-1.9123,2.3651,"AceraceaeBelow0.50spg","hardwood","Hardwood",0.44,-2.047,2.3852,0.21103,0.95964,NA,"Check",116.809360008971,108.045552419703,NA
"Acer","ACRU","NEON.PLA.D05.TREE.01159","TREE_045","TREE","D05",2017-10-19,"Live","single bole tree",NA,130,NA,13.9,16.4,NA,25,"Acer rubrum L.",9.5,315.7,"2017",316,"soft maple/birch","Acer rubrum L.","red maple","Aceraceae","tree","rubrum",0.744,"hw2",-1.9123,2.3651,"AceraceaeBelow0.50spg","hardwood","Hardwood",0.44,-2.047,2.3852,0.21103,0.95964,NA,"Check",110.338187918991,102.010468445527,NA
"Acer","ACRU","NEON.PLA.D05.TREE.00860","TREE_057","TREE","D05",2017-10-17,"Live","multi-bole tree",NA,130,NA,22.7,23.2,NA,23,"Acer rubrum L.",9.4,19.6,"2017",316,"soft maple/birch","Acer rubrum L.","red maple","Aceraceae","tree","rubrum",0.744,"hw2",-1.9123,2.3651,"AceraceaeBelow0.50spg","hardwood","Hardwood",0.44,-2.047,2.3852,0.21103,0.95964,NA,"Check",250.619174597079,233.324926184679,NA
"Acer","ACRU","NEON.PLA.D05.TREE.02456","TREE_012","TREE","D05",2019-10-17,"Live","small tree",NA,130,NA,3.2,1.8,NA,NA,"Acer rubrum L.",NA,NA,"2019",316,"soft maple/birch","Acer rubrum L.","red maple","Aceraceae","tree","rubrum",0.744,"hw2",-1.9123,2.3651,"AceraceaeBelow0.50spg","hardwood","Hardwood",0.44,-2.047,2.3852,0.21103,0.95964,NA,"Check",0.29478190012753,0.259149837338503,NA
"Acer","ACRU","NEON.PLA.D05.TREE.01278","TREE_039","TREE","D05",2016-10-18,"Live","single bole tree",NA,130,NA,20.5,25.8,NA,41,"Acer rubrum L.",1.6,142.1,"2016",316,"soft maple/birch","Acer rubrum L.","red maple","Aceraceae","tree","rubrum",0.744,"hw2",-1.9123,2.3651,"AceraceaeBelow0.50spg","hardwood","Hardwood",0.44,-2.047,2.3852,0.21103,0.95964,NA,"Check",322.196210987341,300.603835929002,NA
"Acer","ACRU","NEON.PLA.D05.TREE.02527","TREE_009","TREE","D05",2017-10-26,"Live","small tree",NA,130,NA,3.2,1,NA,NA,"Acer rubrum L.",NA,NA,"2017",316,"soft maple/birch","Acer rubrum L.","red maple","Aceraceae","tree","rubrum",0.744,"hw2",-1.9123,2.3651,"AceraceaeBelow0.50spg","hardwood","Hardwood",0.44,-2.047,2.3852,0.21103,0.95964,NA,"Check",0.073410099398862,0.0637785969993142,NA
"Acer","ACRU","NEON.PLA.D05.TREE.02528","TREE_009","TREE","D05",2019-10-16,"Live","small tree",NA,130,NA,4.2,1.6,NA,NA,"Acer rubrum L.",NA,NA,"2019",316,"soft maple/birch","Acer rubrum L.","red maple","Aceraceae","tree","rubrum",0.744,"hw2",-1.9123,2.3651,"AceraceaeBelow0.50spg","hardwood","Hardwood",0.44,-2.047,2.3852,0.21103,0.95964,NA,"Check",0.223110486445256,0.19567797440468,NA
"Acer","ACRU","NEON.PLA.D05.TREE.01538","TREE_007","TREE","D05",2019-10-09,"Live","small tree",NA,130,NA,3.2,1.3,NA,NA,"Acer rubrum L.",NA,NA,"2019",316,"soft maple/birch","Acer rubrum L.","red maple","Aceraceae","tree","rubrum",0.744,"hw2",-1.9123,2.3651,"AceraceaeBelow0.50spg","hardwood","Hardwood",0.44,-2.047,2.3852,0.21103,0.95964,NA,"Check",0.136534761067149,0.119248423248435,NA
"Acer","ACRU","NEON.PLA.D05.TREE.03998","TREE_010","TREE","D05",2019-10-10,"Live","small tree",NA,130,NA,7.7,2.7,NA,NA,"Acer rubrum L.",NA,NA,"2019",316,"soft maple/birch","Acer rubrum L.","red maple","Aceraceae","tree","rubrum",0.744,"hw2",-1.9123,2.3651,"AceraceaeBelow0.50spg","hardwood","Hardwood",0.44,-2.047,2.3852,0.21103,0.95964,NA,"Check",0.769084839980038,0.681653723993516,NA
"Acer","ACRU","NEON.PLA.D05.TREE.00862","TREE_057","TREE","D05",2018-10-16,"Live","single bole tree",NA,130,NA,20.2,22.9,NA,23,"Acer rubrum L.",5.6,63.9,"2018",316,"soft maple/birch","Acer rubrum L.","red maple","Aceraceae","tree","rubrum",0.744,"hw2",-1.9123,2.3651,"AceraceaeBelow0.50spg","hardwood","Hardwood",0.44,-2.047,2.3852,0.21103,0.95964,NA,"Check",243.021983703914,226.192805910751,NA
"Acer","ACRU","NEON.PLA.D05.TREE.00862","TREE_057","TREE","D05",2016-10-18,"Live","single bole tree",NA,130,NA,20.3,21.9,NA,23,"Acer rubrum L.",5.6,63.9,"2016",316,"soft maple/birch","Acer rubrum L.","red maple","Aceraceae","tree","rubrum",0.744,"hw2",-1.9123,2.3651,"AceraceaeBelow0.50spg","hardwood","Hardwood",0.44,-2.047,2.3852,0.21103,0.95964,NA,"Check",218.666895058173,203.341722561826,NA
"Acer","ACRU","NEON.PLA.D05.TREE.00410","TREE_057","TREE","D05",2018-10-16,"Live","multi-bole tree",NA,130,NA,20.8,25.8,NA,41,"Acer rubrum L.",9.7,340.7,"2018",316,"soft maple/birch","Acer rubrum L.","red maple","Aceraceae","tree","rubrum",0.744,"hw2",-1.9123,2.3651,"AceraceaeBelow0.50spg","hardwood","Hardwood",0.44,-2.047,2.3852,0.21103,0.95964,NA,"Check",322.196210987341,300.603835929002,NA
"Acer","ACRU","NEON.PLA.D05.TREE.00432","TREE_057","TREE","D05",2018-10-16,"Live","single bole tree",NA,130,NA,18,22.2,NA,57,"Acer rubrum L.",5,94.7,"2018",316,"soft maple/birch","Acer rubrum L.","red maple","Aceraceae","tree","rubrum",0.744,"hw2",-1.9123,2.3651,"AceraceaeBelow0.50spg","hardwood","Hardwood",0.44,-2.047,2.3852,0.21103,0.95964,NA,"Check",225.817753254274,210.048850991198,NA
"Acer","ACRU","NEON.PLA.D05.TREE.00547","TREE_053","TREE","D05",2017-08-30,"Live","single bole tree",NA,130,NA,22.6,43.6,NA,43,"Acer rubrum L.",10.3,215.6,"2017",316,"soft maple/birch","Acer rubrum L.","red maple","Aceraceae","tree","rubrum",0.744,"hw2",-1.9123,2.3651,"AceraceaeBelow0.50spg","hardwood","Hardwood",0.44,-2.047,2.3852,0.21103,0.95964,NA,"Check",1114.41810228119,1050.75718835401,NA
"Acer","ACRU","NEON.PLA.D05.TREE.00461","TREE_057","TREE","D05",2016-10-18,"Live","multi-bole tree",NA,130,NA,21.3,30.9,NA,57,"Acer rubrum L.",6.8,153.8,"2016",316,"soft maple/birch","Acer rubrum L.","red maple","Aceraceae","tree","rubrum",0.744,"hw2",-1.9123,2.3651,"AceraceaeBelow0.50spg","hardwood","Hardwood",0.44,-2.047,2.3852,0.21103,0.95964,NA,"Check",493.62763149416,462.219390624289,NA
"Acer","ACRU","NEON.PLA.D05.TREE.00410A","TREE_057","TREE","D05",2016-10-18,"Live","multi-bole tree",NA,130,NA,NA,16.5,NA,41,"Acer rubrum L.",9.7,340.7,"2016",316,"soft maple/birch","Acer rubrum L.","red maple","Aceraceae","tree","rubrum",0.744,"hw2",-1.9123,2.3651,"AceraceaeBelow0.50spg","hardwood","Hardwood",0.44,-2.047,2.3852,0.21103,0.95964,NA,"Check",111.93604001555,103.500369271358,NA
"Acer","ACRU","NEON.PLA.D05.TREE.00697","TREE_046","TREE","D05",2021-09-21,"Live","single bole tree","Full sun",130,NA,25.2,37.2,NA,25,"Acer rubrum L.",8.3,283.4,"2021",316,"soft maple/birch","Acer rubrum L.","red maple","Aceraceae","tree","rubrum",0.744,"hw2",-1.9123,2.3651,"AceraceaeBelow0.50spg","hardwood","Hardwood",0.44,-2.047,2.3852,0.21103,0.95964,NA,"Check",765.578572045851,719.54542424264,NA
"Acer","ACRU","NEON.PLA.D05.TREE.01258","TREE_043","TREE","D05",2018-10-15,"Live","small tree",NA,130,NA,2.8,1.1,NA,NA,"Acer rubrum L.",NA,NA,"2018",316,"soft maple/birch","Acer rubrum L.","red maple","Aceraceae","tree","rubrum",0.744,"hw2",-1.9123,2.3651,"AceraceaeBelow0.50spg","hardwood","Hardwood",0.44,-2.047,2.3852,0.21103,0.95964,NA,"Check",0.0919715809305997,0.0800580106252001,NA
"Acer","ACRU","NEON.PLA.D05.TREE.01258","TREE_043","TREE","D05",2019-10-23,"Live","small tree",NA,130,NA,2.9,1.3,NA,NA,"Acer rubrum L.",NA,NA,"2019",316,"soft maple/birch","Acer rubrum L.","red maple","Aceraceae","tree","rubrum",0.744,"hw2",-1.9123,2.3651,"AceraceaeBelow0.50spg","hardwood","Hardwood",0.44,-2.047,2.3852,0.21103,0.95964,NA,"Check",0.136534761067149,0.119248423248435,NA
"Acer","ACRU","NEON.PLA.D05.TREE.01181","TREE_043","TREE","D05",2019-10-23,"Live","small tree",NA,130,NA,5.9,3.2,NA,NA,"Acer rubrum L.",NA,NA,"2019",316,"soft maple/birch","Acer rubrum L.","red maple","Aceraceae","tree","rubrum",0.744,"hw2",-1.9123,2.3651,"AceraceaeBelow0.50spg","hardwood","Hardwood",0.44,-2.047,2.3852,0.21103,0.95964,NA,"Check",1.14943925767226,1.02225369660743,NA
"Acer","ACRU","NEON.PLA.D05.TREE.01181","TREE_043","TREE","D05",2015-08-05,"Live","small tree","Full shade",130,NA,4.4,1.9,NA,NA,"Acer rubrum L.",NA,NA,"2015",316,"soft maple/birch","Acer rubrum L.","red maple","Aceraceae","tree","rubrum",0.744,"hw2",-1.9123,2.3651,"AceraceaeBelow0.50spg","hardwood","Hardwood",0.44,-2.047,2.3852,0.21103,0.95964,NA,"Check",0.334993170929283,0.294820752534051,NA
"Acer","ACRU","NEON.PLA.D05.TREE.00866","TREE_052","TREE","D05",2015-08-03,"Live","single bole tree","Full sun",130,NA,16.6,29.5,NA,25,"Acer rubrum L.",6.4,342.8,"2015",316,"soft maple/birch","Acer rubrum L.","red maple","Aceraceae","tree","rubrum",0.744,"hw2",-1.9123,2.3651,"AceraceaeBelow0.50spg","hardwood","Hardwood",0.44,-2.047,2.3852,0.21103,0.95964,NA,"Check",442.358841740218,413.826852692925,NA
"Acer","ACRU","NEON.PLA.D05.TREE.00866","TREE_052","TREE","D05",2016-09-29,"Live","single bole tree",NA,130,NA,18.1,29.6,NA,25,"Acer rubrum L.",6.4,342.8,"2016",316,"soft maple/birch","Acer rubrum L.","red maple","Aceraceae","tree","rubrum",0.744,"hw2",-1.9123,2.3651,"AceraceaeBelow0.50spg","hardwood","Hardwood",0.44,-2.047,2.3852,0.21103,0.95964,NA,"Check",445.913569098712,417.180677211083,NA
"Acer","ACRU","NEON.PLA.D05.TREE.00009","TREE_055","TREE","D05",2018-10-10,"Live","single bole tree",NA,130,NA,22.2,37.8,NA,39,"Acer rubrum L.",4.2,79.3,"2018",316,"soft maple/birch","Acer rubrum L.","red maple","Aceraceae","tree","rubrum",0.744,"hw2",-1.9123,2.3651,"AceraceaeBelow0.50spg","hardwood","Hardwood",0.44,-2.047,2.3852,0.21103,0.95964,NA,"Check",795.105061393905,747.536902233263,NA
"Acer","ACRU","NEON.PLA.D05.TREE.00009","TREE_055","TREE","D05",2016-09-27,"Live","single bole tree",NA,130,NA,18.5,36.6,NA,39,"Acer rubrum L.",4.2,79.3,"2016",316,"soft maple/birch","Acer rubrum L.","red maple","Aceraceae","tree","rubrum",0.744,"hw2",-1.9123,2.3651,"AceraceaeBelow0.50spg","hardwood","Hardwood",0.44,-2.047,2.3852,0.21103,0.95964,NA,"Check",736.695093372287,692.172403794735,NA
"Acer","ACRU","NEON.PLA.D05.TREE.00864","TREE_052","TREE","D05",2017-09-26,"Live","single bole tree",NA,130,NA,16.1,21.3,NA,41,"Acer rubrum L.",10.3,203.9,"2017",316,"soft maple/birch","Acer rubrum L.","red maple","Aceraceae","tree","rubrum",0.744,"hw2",-1.9123,2.3651,"AceraceaeBelow0.50spg","hardwood","Hardwood",0.44,-2.047,2.3852,0.21103,0.95964,NA,"Check",204.76195261905,190.305011718992,NA
"Acer","ACRU","NEON.PLA.D05.TREE.00864","TREE_052","TREE","D05",2016-09-29,"Live","single bole tree",NA,130,NA,15.9,20.9,NA,41,"Acer rubrum L.",10.3,203.9,"2016",316,"soft maple/birch","Acer rubrum L.","red maple","Aceraceae","tree","rubrum",0.744,"hw2",-1.9123,2.3651,"AceraceaeBelow0.50spg","hardwood","Hardwood",0.44,-2.047,2.3852,0.21103,0.95964,NA,"Check",195.783750407091,181.891379681866,NA
"Acer","ACRU","NEON.PLA.D05.TREE.00890","TREE_052","TREE","D05",2018-08-29,"Live","single bole tree",NA,130,NA,8.7,13.5,NA,41,"Acer rubrum L.",7,171.1,"2018",316,"soft maple/birch","Acer rubrum L.","red maple","Aceraceae","tree","rubrum",0.744,"hw2",-1.9123,2.3651,"AceraceaeBelow0.50spg","hardwood","Hardwood",0.44,-2.047,2.3852,0.21103,0.95964,NA,"Check",69.6387646074225,64.1314855605141,NA
"Acer","ACRU","NEON.PLA.D05.TREE.01184","TREE_039","TREE","D05",2018-10-17,"Live","small tree",NA,130,NA,11.1,9.3,NA,NA,"Acer rubrum L.",NA,NA,"2018",316,"soft maple/birch","Acer rubrum L.","red maple","Aceraceae","tree","rubrum",0.744,"hw2",-1.9123,2.3651,"AceraceaeBelow0.50spg","hardwood","Hardwood",0.44,-2.047,2.3852,0.21103,0.95964,NA,"Check",14.3322651378158,13.0226836377951,NA
"Acer","ACRU","NEON.PLA.D05.TREE.00845","TREE_052","TREE","D05",2016-09-29,"Live","single bole tree",NA,130,NA,12.9,15.5,NA,23,"Acer rubrum L.",11.5,60.6,"2016",316,"soft maple/birch","Acer rubrum L.","red maple","Aceraceae","tree","rubrum",0.744,"hw2",-1.9123,2.3651,"AceraceaeBelow0.50spg","hardwood","Hardwood",0.44,-2.047,2.3852,0.21103,0.95964,NA,"Check",96.5499740966975,89.1617044477756,NA
"Acer","ACRU","NEON.PLA.D05.TREE.00244","TREE_056","TREE","D05",2018-10-09,"Live","single bole tree",NA,130,NA,18.1,31.5,NA,61,"Acer rubrum L.",1.2,203.4,"2018",316,"soft maple/birch","Acer rubrum L.","red maple","Aceraceae","tree","rubrum",0.744,"hw2",-1.9123,2.3651,"AceraceaeBelow0.50spg","hardwood","Hardwood",0.44,-2.047,2.3852,0.21103,0.95964,NA,"Check",516.598276617291,483.915494976848,NA
"Acer","ACRU","NEON.PLA.D05.TREE.00244","TREE_056","TREE","D05",2017-08-28,"Live","single bole tree",NA,130,NA,19.7,31,NA,61,"Acer rubrum L.",1.2,203.4,"2017",316,"soft maple/birch","Acer rubrum L.","red maple","Aceraceae","tree","rubrum",0.744,"hw2",-1.9123,2.3651,"AceraceaeBelow0.50spg","hardwood","Hardwood",0.44,-2.047,2.3852,0.21103,0.95964,NA,"Check",497.414228807279,465.795306011597,NA
"Acer","ACRU","NEON.PLA.D05.TREE.01150","TREE_048","TREE","D05",2017-10-18,"Live","small tree",NA,130,NA,3,2,NA,NA,"Acer rubrum L.",NA,NA,"2017",316,"soft maple/birch","Acer rubrum L.","red maple","Aceraceae","tree","rubrum",0.744,"hw2",-1.9123,2.3651,"AceraceaeBelow0.50spg","hardwood","Hardwood",0.44,-2.047,2.3852,0.21103,0.95964,NA,"Check",0.378200287682932,0.333189807107002,NA
"Acer","ACRU","NEON.PLA.D05.TREE.00826","TREE_025","TREE","D05",2017-10-18,"Live","single bole tree",NA,130,NA,20.1,39.6,NA,23,"Acer rubrum L.",13.4,48.8,"2017",316,"soft maple/birch","Acer rubrum L.","red maple","Aceraceae","tree","rubrum",0.744,"hw2",-1.9123,2.3651,"AceraceaeBelow0.50spg","hardwood","Hardwood",0.44,-2.047,2.3852,0.21103,0.95964,NA,"Check",887.58007940784,835.26013301204,NA
"Acer","ACRU","NEON.PLA.D05.TREE.00840","TREE_057","TREE","D05",2015-08-04,"Live","multi-bole tree","Partially shaded",130,NA,17.1,33.4,NA,23,"Acer rubrum L.",7.9,358.5,"2015",316,"soft maple/birch","Acer rubrum L.","red maple","Aceraceae","tree","rubrum",0.744,"hw2",-1.9123,2.3651,"AceraceaeBelow0.50spg","hardwood","Hardwood",0.44,-2.047,2.3852,0.21103,0.95964,NA,"Check",593.350661548729,556.466812399798,NA
"Acer","ACRU","NEON.PLA.D05.TREE.00860A","TREE_057","TREE","D05",2017-10-17,"Live","multi-bole tree",NA,130,NA,NA,13.9,NA,23,"Acer rubrum L.",9.4,19.6,"2017",316,"soft maple/birch","Acer rubrum L.","red maple","Aceraceae","tree","rubrum",0.744,"hw2",-1.9123,2.3651,"AceraceaeBelow0.50spg","hardwood","Hardwood",0.44,-2.047,2.3852,0.21103,0.95964,NA,"Check",74.6178903742391,68.7571864656992,NA
"Acer","ACRU","NEON.PLA.D05.TREE.00860A","TREE_057","TREE","D05",2018-10-16,"Live","multi-bole tree",NA,130,NA,22.8,13.9,NA,23,"Acer rubrum L.",9.4,19.6,"2018",316,"soft maple/birch","Acer rubrum L.","red maple","Aceraceae","tree","rubrum",0.744,"hw2",-1.9123,2.3651,"AceraceaeBelow0.50spg","hardwood","Hardwood",0.44,-2.047,2.3852,0.21103,0.95964,NA,"Check",74.6178903742391,68.7571864656992,NA
"Acer","ACRU","NEON.PLA.D05.TREE.00840A","TREE_057","TREE","D05",2016-10-18,"Live, physically damaged","multi-bole tree",NA,150,NA,20.3,12.1,NA,23,"Acer rubrum L.",7.9,358.5,"2016",316,"soft maple/birch","Acer rubrum L.","red maple","Aceraceae","tree","rubrum",0.744,"hw2",-1.9123,2.3651,"AceraceaeBelow0.50spg","hardwood","Hardwood",0.44,-2.047,2.3852,0.21103,0.95964,NA,"Check",53.7519645415796,49.3922557419742,NA
"Acer","ACRU","NEON.PLA.D05.TREE.01338","TREE_045","TREE","D05",2016-10-18,"Live","single bole tree",NA,130,NA,21.7,29.5,NA,57,"Acer rubrum L.",6.9,175.9,"2016",316,"soft maple/birch","Acer rubrum L.","red maple","Aceraceae","tree","rubrum",0.744,"hw2",-1.9123,2.3651,"AceraceaeBelow0.50spg","hardwood","Hardwood",0.44,-2.047,2.3852,0.21103,0.95964,NA,"Check",442.358841740218,413.826852692925,NA
"Acer","ACRU","NEON.PLA.D05.TREE.00840A","TREE_057","TREE","D05",2017-10-17,"Live","multi-bole tree",NA,130,NA,NA,12.6,NA,23,"Acer rubrum L.",7.9,358.5,"2017",316,"soft maple/birch","Acer rubrum L.","red maple","Aceraceae","tree","rubrum",0.744,"hw2",-1.9123,2.3651,"AceraceaeBelow0.50spg","hardwood","Hardwood",0.44,-2.047,2.3852,0.21103,0.95964,NA,"Check",59.1541255172171,54.4005160837898,NA
"Acer","ACRU","NEON.PLA.D05.TREE.00861A","TREE_057","TREE","D05",2016-10-18,"Live","multi-bole tree",NA,130,NA,20,22,NA,43,"Acer rubrum L.",8,255.6,"2016",316,"soft maple/birch","Acer rubrum L.","red maple","Aceraceae","tree","rubrum",0.744,"hw2",-1.9123,2.3651,"AceraceaeBelow0.50spg","hardwood","Hardwood",0.44,-2.047,2.3852,0.21103,0.95964,NA,"Check",221.035761780458,205.563391280021,NA
"Acer","ACRU","NEON.PLA.D05.TREE.00248","TREE_056","TREE","D05",2016-09-28,"Live,  other damage","single bole tree",NA,130,NA,17,24.2,NA,43,"Acer rubrum L.",10.2,306,"2016",316,"soft maple/birch","Acer rubrum L.","red maple","Aceraceae","tree","rubrum",0.744,"hw2",-1.9123,2.3651,"AceraceaeBelow0.50spg","hardwood","Hardwood",0.44,-2.047,2.3852,0.21103,0.95964,NA,"Check",276.92386496705,258.033210787391,NA
"Acer","ACRU","NEON.PLA.D05.TREE.01298","TREE_045","TREE","D05",2017-10-19,"Live","multi-bole tree",NA,130,NA,19.9,29.3,NA,41,"Acer rubrum L.",5.5,313.3,"2017",316,"soft maple/birch","Acer rubrum L.","red maple","Aceraceae","tree","rubrum",0.744,"hw2",-1.9123,2.3651,"AceraceaeBelow0.50spg","hardwood","Hardwood",0.44,-2.047,2.3852,0.21103,0.95964,NA,"Check",435.298600768617,407.166316987371,NA
"Acer","ACRU","NEON.PLA.D05.TREE.00830","TREE_057","TREE","D05",2016-10-18,"Live, physically damaged","single bole tree",NA,130,NA,20,24.1,NA,39,"Acer rubrum L.",7.5,11.3,"2016",316,"soft maple/birch","Acer rubrum L.","red maple","Aceraceae","tree","rubrum",0.744,"hw2",-1.9123,2.3651,"AceraceaeBelow0.50spg","hardwood","Hardwood",0.44,-2.047,2.3852,0.21103,0.95964,NA,"Check",274.22507860966,255.497259089589,NA
"Acer","ACRU","NEON.PLA.D05.TREE.00974","TREE_045","TREE","D05",2018-10-17,"Live","single bole tree",NA,130,NA,18.9,25.3,NA,25,"Acer rubrum L.",5.7,333.9,"2018",316,"soft maple/birch","Acer rubrum L.","red maple","Aceraceae","tree","rubrum",0.744,"hw2",-1.9123,2.3651,"AceraceaeBelow0.50spg","hardwood","Hardwood",0.44,-2.047,2.3852,0.21103,0.95964,NA,"Check",307.623144300243,286.89452649258,NA
"Acer","ACRU","NEON.PLA.D05.TREE.00540","TREE_046","TREE","D05",2018-10-10,"Live","single bole tree",NA,130,NA,20.9,52.2,NA,43,"Acer rubrum L.",6.7,265.3,"2018",316,"soft maple/birch","Acer rubrum L.","red maple","Aceraceae","tree","rubrum",0.744,"hw2",-1.9123,2.3651,"AceraceaeBelow0.50spg","hardwood","Hardwood",0.44,-2.047,2.3852,0.21103,0.95964,NA,"Check",1705.92985176185,1614.30978534284,NA
"Acer","ACRU","NEON.PLA.D05.TREE.00844","TREE_052","TREE","D05",2018-08-29,"Dead, broken bole","single bole tree",NA,130,NA,2.6,14.5,NA,25,"Acer rubrum L.",4.2,359.4,"2018",316,"soft maple/birch","Acer rubrum L.","red maple","Aceraceae","tree","rubrum",0.744,"hw2",-1.9123,2.3651,"AceraceaeBelow0.50spg","hardwood","Hardwood",0.44,-2.047,2.3852,0.21103,0.95964,NA,"Check",82.4612899714447,76.0491132550861,NA
"Acer","ACRU","NEON.PLA.D05.TREE.00844","TREE_052","TREE","D05",2017-09-26,"Dead, broken bole","single bole tree",NA,130,NA,2.7,14.4,NA,25,"Acer rubrum L.",4.2,359.4,"2017",316,"soft maple/birch","Acer rubrum L.","red maple","Aceraceae","tree","rubrum",0.744,"hw2",-1.9123,2.3651,"AceraceaeBelow0.50spg","hardwood","Hardwood",0.44,-2.047,2.3852,0.21103,0.95964,NA,"Check",81.1225870833109,74.8041016476943,NA
"Acer","ACRU","NEON.PLA.D05.TREE.00288","TREE_056","TREE","D05",2017-08-28,"Live","single bole tree",NA,130,NA,11.8,14.5,NA,61,"Acer rubrum L.",5.4,193.6,"2017",316,"soft maple/birch","Acer rubrum L.","red maple","Aceraceae","tree","rubrum",0.744,"hw2",-1.9123,2.3651,"AceraceaeBelow0.50spg","hardwood","Hardwood",0.44,-2.047,2.3852,0.21103,0.95964,NA,"Check",82.4612899714447,76.0491132550861,NA
"Acer","ACRU","NEON.PLA.D05.TREE.00288","TREE_056","TREE","D05",2016-09-28,"Live","single bole tree",NA,130,NA,12.2,14.7,NA,61,"Acer rubrum L.",5.4,193.6,"2016",316,"soft maple/birch","Acer rubrum L.","red maple","Aceraceae","tree","rubrum",0.744,"hw2",-1.9123,2.3651,"AceraceaeBelow0.50spg","hardwood","Hardwood",0.44,-2.047,2.3852,0.21103,0.95964,NA,"Check",85.1767157827489,78.5750203895561,NA
"Acer","ACRU","NEON.PLA.D05.TREE.00288","TREE_056","TREE","D05",2021-09-22,"Live","single bole tree","Partially shaded",130,NA,14,15.1,NA,61,"Acer rubrum L.",5.4,193.6,"2021",316,"soft maple/birch","Acer rubrum L.","red maple","Aceraceae","tree","rubrum",0.744,"hw2",-1.9123,2.3651,"AceraceaeBelow0.50spg","hardwood","Hardwood",0.44,-2.047,2.3852,0.21103,0.95964,NA,"Check",90.7605335523004,83.7712527726153,NA
"Acer","ACRU","NEON.PLA.D05.TREE.00846","TREE_052","TREE","D05",2015-08-03,"Live","single bole tree","Partially shaded",130,NA,13.7,20.4,NA,25,"Acer rubrum L.",5.3,354.9,"2015",316,"soft maple/birch","Acer rubrum L.","red maple","Aceraceae","tree","rubrum",0.744,"hw2",-1.9123,2.3651,"AceraceaeBelow0.50spg","hardwood","Hardwood",0.44,-2.047,2.3852,0.21103,0.95964,NA,"Check",184.886402141885,171.683702598181,NA
"Acer","ACRU","NEON.PLA.D05.TREE.00542","TREE_042","TREE","D05",2021-10-04,"Live","single bole tree","Partially shaded",130,NA,21.8,48.5,NA,41,"Acer rubrum L.",11.5,154.6,"2021",316,"soft maple/birch","Acer rubrum L.","red maple","Aceraceae","tree","rubrum",0.744,"hw2",-1.9123,2.3651,"AceraceaeBelow0.50spg","hardwood","Hardwood",0.44,-2.047,2.3852,0.21103,0.95964,NA,"Check",1433.66092398354,1354.66025946677,NA
"Acer","ACRU","NEON.PLA.D05.TREE.00846","TREE_052","TREE","D05",2016-09-29,"Live","single bole tree",NA,130,NA,15.1,20.4,NA,25,"Acer rubrum L.",5.3,354.9,"2016",316,"soft maple/birch","Acer rubrum L.","red maple","Aceraceae","tree","rubrum",0.744,"hw2",-1.9123,2.3651,"AceraceaeBelow0.50spg","hardwood","Hardwood",0.44,-2.047,2.3852,0.21103,0.95964,NA,"Check",184.886402141885,171.683702598181,NA
"Acer","ACRU","NEON.PLA.D05.TREE.00372","TREE_051","TREE","D05",2016-09-28,"Live","single bole tree",NA,130,NA,19.1,23.2,NA,61,"Acer rubrum L.",5.9,188.8,"2016",316,"soft maple/birch","Acer rubrum L.","red maple","Aceraceae","tree","rubrum",0.744,"hw2",-1.9123,2.3651,"AceraceaeBelow0.50spg","hardwood","Hardwood",0.44,-2.047,2.3852,0.21103,0.95964,NA,"Check",250.619174597079,233.324926184679,NA
"Acer","ACRU","NEON.PLA.D05.TREE.00372","TREE_051","TREE","D05",2018-10-09,"Live","single bole tree",NA,130,NA,17.4,23.4,NA,61,"Acer rubrum L.",5.9,188.8,"2018",316,"soft maple/birch","Acer rubrum L.","red maple","Aceraceae","tree","rubrum",0.744,"hw2",-1.9123,2.3651,"AceraceaeBelow0.50spg","hardwood","Hardwood",0.44,-2.047,2.3852,0.21103,0.95964,NA,"Check",255.759095056401,238.151246312447,NA
"Acer","ACRU","NEON.PLA.D05.TREE.00126","TREE_055","TREE","D05",2016-09-27,"Live","single bole tree",NA,130,NA,25.5,49.3,NA,59,"Acer rubrum L.",7.6,136.2,"2016",316,"soft maple/birch","Acer rubrum L.","red maple","Aceraceae","tree","rubrum",0.744,"hw2",-1.9123,2.3651,"AceraceaeBelow0.50spg","hardwood","Hardwood",0.44,-2.047,2.3852,0.21103,0.95964,NA,"Check",1490.22179577768,1408.56751215087,NA
"Acer","ACRU","NEON.PLA.D05.TREE.02428","TREE_012","TREE","D05",2019-10-17,"Live","small tree",NA,130,NA,3.9,1.2,NA,NA,"Acer rubrum L.",NA,NA,"2019",316,"soft maple/birch","Acer rubrum L.","red maple","Aceraceae","tree","rubrum",0.744,"hw2",-1.9123,2.3651,"AceraceaeBelow0.50spg","hardwood","Hardwood",0.44,-2.047,2.3852,0.21103,0.95964,NA,"Check",0.112986713722055,0.0985231002614041,NA
"Acer","ACRU","NEON.PLA.D05.TREE.00880","TREE_025","TREE","D05",2018-10-17,"Live","single bole tree",NA,130,NA,15.8,32.2,NA,23,"Acer rubrum L.",11.2,317.2,"2018",316,"soft maple/birch","Acer rubrum L.","red maple","Aceraceae","tree","rubrum",0.744,"hw2",-1.9123,2.3651,"AceraceaeBelow0.50spg","hardwood","Hardwood",0.44,-2.047,2.3852,0.21103,0.95964,NA,"Check",544.162468134684,509.961066507595,NA
"Acer","ACRU","NEON.PLA.D05.TREE.00880","TREE_025","TREE","D05",2017-10-18,"Live","single bole tree",NA,130,NA,16,32,NA,23,"Acer rubrum L.",11.2,317.2,"2017",316,"soft maple/birch","Acer rubrum L.","red maple","Aceraceae","tree","rubrum",0.744,"hw2",-1.9123,2.3651,"AceraceaeBelow0.50spg","hardwood","Hardwood",0.44,-2.047,2.3852,0.21103,0.95964,NA,"Check",536.20255119729,502.438515562735,NA
"Acer","ACRU","NEON.PLA.D05.TREE.01364","TREE_040","TREE","D05",2021-10-05,"Live, broken bole","single bole tree","Partially shaded",130,NA,9.6,20.9,NA,43,"Acer rubrum L.",5.9,233.1,"2021",316,"soft maple/birch","Acer rubrum L.","red maple","Aceraceae","tree","rubrum",0.744,"hw2",-1.9123,2.3651,"AceraceaeBelow0.50spg","hardwood","Hardwood",0.44,-2.047,2.3852,0.21103,0.95964,NA,"Check",195.783750407091,181.891379681866,NA
"Acer","ACRU","NEON.PLA.D05.TREE.01020","TREE_048","TREE","D05",2021-09-23,"Live","small tree","Full shade",140,NA,4.9,2.7,NA,NA,"Acer rubrum L.",NA,NA,"2021",316,"soft maple/birch","Acer rubrum L.","red maple","Aceraceae","tree","rubrum",0.744,"hw2",-1.9123,2.3651,"AceraceaeBelow0.50spg","hardwood","Hardwood",0.44,-2.047,2.3852,0.21103,0.95964,NA,"Check",0.769084839980038,0.681653723993516,NA
"Acer","ACRU","NEON.PLA.D05.TREE.00402","TREE_057","TREE","D05",2018-10-16,"Live, broken bole","small tree",NA,10,NA,2.1,1.7,NA,59,"Acer rubrum L.",12.7,212.6,"2018",316,"soft maple/birch","Acer rubrum L.","red maple","Aceraceae","tree","rubrum",0.744,"hw2",-1.9123,2.3651,"AceraceaeBelow0.50spg","hardwood","Hardwood",0.44,-2.047,2.3852,0.21103,0.95964,1.22323088488028,"Check",0.118228456153511,0.103133578592159,NA
"Acer","ACRU","NEON.PLA.D05.TREE.01020","TREE_048","TREE","D05",2015-08-05,"Live, insect damaged","small tree","Full shade",130,NA,4,1.9,NA,NA,"Acer rubrum L.",NA,NA,"2015",316,"soft maple/birch","Acer rubrum L.","red maple","Aceraceae","tree","rubrum",0.744,"hw2",-1.9123,2.3651,"AceraceaeBelow0.50spg","hardwood","Hardwood",0.44,-2.047,2.3852,0.21103,0.95964,NA,"Check",0.334993170929283,0.294820752534051,NA
"Acer","ACRU","NEON.PLA.D05.TREE.00402","TREE_057","TREE","D05",2018-10-16,"Live","single bole tree",NA,130,NA,19.3,32.9,NA,59,"Acer rubrum L.",12.7,212.6,"2018",316,"soft maple/birch","Acer rubrum L.","red maple","Aceraceae","tree","rubrum",0.744,"hw2",-1.9123,2.3651,"AceraceaeBelow0.50spg","hardwood","Hardwood",0.44,-2.047,2.3852,0.21103,0.95964,NA,"Check",572.556936505659,536.802897471007,NA
"Acer","ACRU","NEON.PLA.D05.TREE.00920","TREE_044","TREE","D05",2017-10-17,"Live","small tree",NA,130,NA,4.7,2.4,NA,NA,"Acer rubrum L.",NA,NA,"2017",316,"soft maple/birch","Acer rubrum L.","red maple","Aceraceae","tree","rubrum",0.744,"hw2",-1.9123,2.3651,"AceraceaeBelow0.50spg","hardwood","Hardwood",0.44,-2.047,2.3852,0.21103,0.95964,NA,"Check",0.582094398236063,0.514700766654275,NA
"Acer","ACRU","NEON.PLA.D05.TREE.01286","TREE_039","TREE","D05",2016-10-18,"Live","small tree",NA,130,NA,12.7,9.8,NA,NA,"Acer rubrum L.",NA,NA,"2016",316,"soft maple/birch","Acer rubrum L.","red maple","Aceraceae","tree","rubrum",0.744,"hw2",-1.9123,2.3651,"AceraceaeBelow0.50spg","hardwood","Hardwood",0.44,-2.047,2.3852,0.21103,0.95964,NA,"Check",16.2220077197027,14.7552780277859,NA
"Acer","ACRU","NEON.PLA.D05.TREE.01159","TREE_045","TREE","D05",2015-08-11,"Live","single bole tree","Full sun",130,NA,13,15.4,NA,25,"Acer rubrum L.",9.5,315.7,"2015",316,"soft maple/birch","Acer rubrum L.","red maple","Aceraceae","tree","rubrum",0.744,"hw2",-1.9123,2.3651,"AceraceaeBelow0.50spg","hardwood","Hardwood",0.44,-2.047,2.3852,0.21103,0.95964,NA,"Check",95.0832284045763,87.7957754138068,NA
"Acer","ACRU","NEON.PLA.D05.TREE.02003","TREE_019","TREE","D05",2019-10-30,"Live","small tree",NA,130,NA,2.7,1.1,NA,NA,"Acer rubrum L.",NA,NA,"2019",316,"soft maple/birch","Acer rubrum L.","red maple","Aceraceae","tree","rubrum",0.744,"hw2",-1.9123,2.3651,"AceraceaeBelow0.50spg","hardwood","Hardwood",0.44,-2.047,2.3852,0.21103,0.95964,NA,"Check",0.0919715809305997,0.0800580106252001,NA
"Acer","ACRU","NEON.PLA.D05.TREE.01110A","TREE_039","TREE","D05",2019-10-23,"Live","multi-bole tree",NA,130,NA,15.2,30,NA,NA,"Acer rubrum L.",NA,NA,"2019",316,"soft maple/birch","Acer rubrum L.","red maple","Aceraceae","tree","rubrum",0.744,"hw2",-1.9123,2.3651,"AceraceaeBelow0.50spg","hardwood","Hardwood",0.44,-2.047,2.3852,0.21103,0.95964,NA,"Check",460.296997263903,430.753497416687,NA
"Acer","ACRU","NEON.PLA.D05.TREE.03736","TREE_012","TREE","D05",2019-10-17,"Live","small tree",NA,130,NA,2.1,1,NA,NA,"Acer rubrum L.",NA,NA,"2019",316,"soft maple/birch","Acer rubrum L.","red maple","Aceraceae","tree","rubrum",0.744,"hw2",-1.9123,2.3651,"AceraceaeBelow0.50spg","hardwood","Hardwood",0.44,-2.047,2.3852,0.21103,0.95964,NA,"Check",0.073410099398862,0.0637785969993142,NA
"Acer","ACRU","NEON.PLA.D05.TREE.02182A","TREE_016","TREE","D05",2017-10-24,"Live","multi-bole tree",NA,130,NA,NA,16.8,NA,49,"Acer rubrum L.",5.7,118.6,"2017",316,"soft maple/birch","Acer rubrum L.","red maple","Aceraceae","tree","rubrum",0.744,"hw2",-1.9123,2.3651,"AceraceaeBelow0.50spg","hardwood","Hardwood",0.44,-2.047,2.3852,0.21103,0.95964,NA,"Check",116.809360008971,108.045552419703,NA
"Acer","ACRU","NEON.PLA.D05.TREE.00920","TREE_044","TREE","D05",2016-10-19,"Live","small tree",NA,130,NA,5.5,1,NA,NA,"Acer rubrum L.",NA,NA,"2016",316,"soft maple/birch","Acer rubrum L.","red maple","Aceraceae","tree","rubrum",0.744,"hw2",-1.9123,2.3651,"AceraceaeBelow0.50spg","hardwood","Hardwood",0.44,-2.047,2.3852,0.21103,0.95964,NA,"Check",0.073410099398862,0.0637785969993142,NA
"Acer","ACRU","NEON.PLA.D05.TREE.03070","TREE_001","TREE","D05",2019-10-07,"Live","small tree",NA,130,NA,2.9,1.2,NA,NA,"Acer rubrum L.",NA,NA,"2019",316,"soft maple/birch","Acer rubrum L.","red maple","Aceraceae","tree","rubrum",0.744,"hw2",-1.9123,2.3651,"AceraceaeBelow0.50spg","hardwood","Hardwood",0.44,-2.047,2.3852,0.21103,0.95964,NA,"Check",0.112986713722055,0.0985231002614041,NA
"Acer","ACRU","NEON.PLA.D05.TREE.02011","TREE_018","TREE","D05",2019-10-30,"Live","small tree",NA,130,NA,5.9,2.6,NA,NA,"Acer rubrum L.",NA,NA,"2019",316,"soft maple/birch","Acer rubrum L.","red maple","Aceraceae","tree","rubrum",0.744,"hw2",-1.9123,2.3651,"AceraceaeBelow0.50spg","hardwood","Hardwood",0.44,-2.047,2.3852,0.21103,0.95964,NA,"Check",0.703411197330655,0.622973238818464,NA
"Acer","ACRU","NEON.PLA.D05.TREE.00157","TREE_049","TREE","D05",2018-10-10,"Live","single bole tree",NA,130,NA,22.3,38.3,NA,25,"Acer rubrum L.",14.8,313.5,"2018",316,"soft maple/birch","Acer rubrum L.","red maple","Aceraceae","tree","rubrum",0.744,"hw2",-1.9123,2.3651,"AceraceaeBelow0.50spg","hardwood","Hardwood",0.44,-2.047,2.3852,0.21103,0.95964,NA,"Check",820.204377019616,771.338326420609,NA
"Acer","ACRU","NEON.PLA.D05.TREE.00540","TREE_046","TREE","D05",2015-07-28,"Live","single bole tree","Full sun",130,NA,20.3,51.4,NA,43,"Acer rubrum L.",6.7,265.3,"2015",316,"soft maple/birch","Acer rubrum L.","red maple","Aceraceae","tree","rubrum",0.744,"hw2",-1.9123,2.3651,"AceraceaeBelow0.50spg","hardwood","Hardwood",0.44,-2.047,2.3852,0.21103,0.95964,NA,"Check",1644.74106199503,1555.92416896784,NA
"Acer","ACRU","NEON.PLA.D05.TREE.01319","TREE_040","TREE","D05",2020-09-29,"Live","single bole tree","Mostly shaded",130,NA,9.5,17.6,NA,25,"Acer rubrum L.",11.2,350.5,"2020",316,"soft maple/birch","Acer rubrum L.","red maple","Aceraceae","tree","rubrum",0.744,"hw2",-1.9123,2.3651,"AceraceaeBelow0.50spg","hardwood","Hardwood",0.44,-2.047,2.3852,0.21103,0.95964,NA,"Check",130.394920201594,120.724665519295,NA
"Acer","ACRU","NEON.PLA.D05.TREE.02442","TREE_012","TREE","D05",2019-10-17,"Live","small tree",NA,130,NA,3.2,1.6,NA,NA,"Acer rubrum L.",NA,NA,"2019",316,"soft maple/birch","Acer rubrum L.","red maple","Aceraceae","tree","rubrum",0.744,"hw2",-1.9123,2.3651,"AceraceaeBelow0.50spg","hardwood","Hardwood",0.44,-2.047,2.3852,0.21103,0.95964,NA,"Check",0.223110486445256,0.19567797440468,NA
"Acer","ACRU","NEON.PLA.D05.TREE.00288","TREE_056","TREE","D05",2018-10-09,"Live","single bole tree",NA,130,NA,12.1,14.7,NA,61,"Acer rubrum L.",5.4,193.6,"2018",316,"soft maple/birch","Acer rubrum L.","red maple","Aceraceae","tree","rubrum",0.744,"hw2",-1.9123,2.3651,"AceraceaeBelow0.50spg","hardwood","Hardwood",0.44,-2.047,2.3852,0.21103,0.95964,NA,"Check",85.1767157827489,78.5750203895561,NA
"Acer","ACRU","NEON.PLA.D05.TREE.00288","TREE_056","TREE","D05",2015-07-29,"Live","single bole tree","Mostly shaded",130,NA,11.5,14.4,NA,61,"Acer rubrum L.",5.4,193.6,"2015",316,"soft maple/birch","Acer rubrum L.","red maple","Aceraceae","tree","rubrum",0.744,"hw2",-1.9123,2.3651,"AceraceaeBelow0.50spg","hardwood","Hardwood",0.44,-2.047,2.3852,0.21103,0.95964,NA,"Check",81.1225870833109,74.8041016476943,NA
"Acer","ACRU","NEON.PLA.D05.TREE.01181","TREE_043","TREE","D05",2017-10-17,"Live","small tree",NA,130,NA,4.5,2.5,NA,NA,"Acer rubrum L.",NA,NA,"2017",316,"soft maple/birch","Acer rubrum L.","red maple","Aceraceae","tree","rubrum",0.744,"hw2",-1.9123,2.3651,"AceraceaeBelow0.50spg","hardwood","Hardwood",0.44,-2.047,2.3852,0.21103,0.95964,NA,"Check",0.641096973443015,0.567337473201817,NA
"Acer","ACRU","NEON.PLA.D05.TREE.01181","TREE_043","TREE","D05",2016-10-19,"Live","small tree",NA,130,NA,4.8,2.3,NA,NA,"Acer rubrum L.",NA,NA,"2016",316,"soft maple/birch","Acer rubrum L.","red maple","Aceraceae","tree","rubrum",0.744,"hw2",-1.9123,2.3651,"AceraceaeBelow0.50spg","hardwood","Hardwood",0.44,-2.047,2.3852,0.21103,0.95964,NA,"Check",0.526354471942132,0.465016320984426,NA
"Acer","ACRU","NEON.PLA.D05.TREE.00352","TREE_025","TREE","D05",2018-10-17,"Live","single bole tree",NA,130,NA,18.8,31,NA,23,"Acer rubrum L.",8.2,28.5,"2018",316,"soft maple/birch","Acer rubrum L.","red maple","Aceraceae","tree","rubrum",0.744,"hw2",-1.9123,2.3651,"AceraceaeBelow0.50spg","hardwood","Hardwood",0.44,-2.047,2.3852,0.21103,0.95964,NA,"Check",497.414228807279,465.795306011597,NA
"Acer","ACRU","NEON.PLA.D05.TREE.00352","TREE_025","TREE","D05",2016-10-18,"Live","single bole tree",NA,130,NA,19.8,30.6,NA,23,"Acer rubrum L.",8.2,28.5,"2016",316,"soft maple/birch","Acer rubrum L.","red maple","Aceraceae","tree","rubrum",0.744,"hw2",-1.9123,2.3651,"AceraceaeBelow0.50spg","hardwood","Hardwood",0.44,-2.047,2.3852,0.21103,0.95964,NA,"Check",482.367909780962,451.587531086048,NA
"Acer","ACRU","NEON.PLA.D05.TREE.00027","TREE_051","TREE","D05",2015-08-03,"Live","single bole tree","Full sun",130,NA,17.2,35,NA,39,"Acer rubrum L.",5.2,87.8,"2015",316,"soft maple/birch","Acer rubrum L.","red maple","Aceraceae","tree","rubrum",0.744,"hw2",-1.9123,2.3651,"AceraceaeBelow0.50spg","hardwood","Hardwood",0.44,-2.047,2.3852,0.21103,0.95964,NA,"Check",662.787018974507,622.171760103474,NA
"Acer","ACRU","NEON.PLA.D05.TREE.01086","TREE_043","TREE","D05",2015-08-05,"Live","sapling","Full shade",10,NA,1.4,1.5,NA,NA,"Acer rubrum L.",NA,NA,"2015",316,"soft maple/birch","Acer rubrum L.","red maple","Aceraceae","tree","rubrum",0.744,"hw2",-1.9123,2.3651,"AceraceaeBelow0.50spg","hardwood","Hardwood",0.44,-2.047,2.3852,0.21103,0.95964,1.07394332059371,"Check",0.0869020116062528,0.0756086883879064,NA
"Acer","ACRU","NEON.PLA.D05.TREE.01086","TREE_043","TREE","D05",2020-10-05,"Live","small tree","Full shade",130,NA,3.3,1.2,NA,NA,"Acer rubrum L.",NA,NA,"2020",316,"soft maple/birch","Acer rubrum L.","red maple","Aceraceae","tree","rubrum",0.744,"hw2",-1.9123,2.3651,"AceraceaeBelow0.50spg","hardwood","Hardwood",0.44,-2.047,2.3852,0.21103,0.95964,NA,"Check",0.112986713722055,0.0985231002614041,NA
"Acer","ACRU","NEON.PLA.D05.TREE.00890","TREE_052","TREE","D05",2016-09-29,"Live","single bole tree",NA,130,NA,10,13.7,NA,41,"Acer rubrum L.",7,171.1,"2016",316,"soft maple/birch","Acer rubrum L.","red maple","Aceraceae","tree","rubrum",0.744,"hw2",-1.9123,2.3651,"AceraceaeBelow0.50spg","hardwood","Hardwood",0.44,-2.047,2.3852,0.21103,0.95964,NA,"Check",72.1035214460258,66.4209514419142,NA
"Acer","ACRU","NEON.PLA.D05.TREE.00253","TREE_056","TREE","D05",2022-09-20,"Live","single bole tree","Partially shaded",130,NA,20.8,27.4,NA,41,"Acer rubrum L.",4.8,73.4,"2022",316,"soft maple/birch","Acer rubrum L.","red maple","Aceraceae","tree","rubrum",0.744,"hw2",-1.9123,2.3651,"AceraceaeBelow0.50spg","hardwood","Hardwood",0.44,-2.047,2.3852,0.21103,0.95964,NA,"Check",371.468950146417,346.993898267045,NA
"Acer","ACRU","NEON.PLA.D05.TREE.00253","TREE_056","TREE","D05",2017-08-28,"Live","single bole tree",NA,130,NA,18.2,26.8,NA,41,"Acer rubrum L.",4.8,73.4,"2017",316,"soft maple/birch","Acer rubrum L.","red maple","Aceraceae","tree","rubrum",0.744,"hw2",-1.9123,2.3651,"AceraceaeBelow0.50spg","hardwood","Hardwood",0.44,-2.047,2.3852,0.21103,0.95964,NA,"Check",352.517160792281,329.144275535917,NA
"Acer","ACRU","NEON.PLA.D05.TREE.00244","TREE_056","TREE","D05",2015-07-29,"Live","single bole tree","Partially shaded",130,NA,18.2,30.1,NA,61,"Acer rubrum L.",1.2,203.4,"2015",316,"soft maple/birch","Acer rubrum L.","red maple","Aceraceae","tree","rubrum",0.744,"hw2",-1.9123,2.3651,"AceraceaeBelow0.50spg","hardwood","Hardwood",0.44,-2.047,2.3852,0.21103,0.95964,NA,"Check",463.934084894209,434.186184942064,NA
"Acer","ACRU","NEON.PLA.D05.TREE.00253","TREE_056","TREE","D05",2018-10-09,"Live","single bole tree",NA,130,NA,19.3,26.8,NA,41,"Acer rubrum L.",4.8,73.4,"2018",316,"soft maple/birch","Acer rubrum L.","red maple","Aceraceae","tree","rubrum",0.744,"hw2",-1.9123,2.3651,"AceraceaeBelow0.50spg","hardwood","Hardwood",0.44,-2.047,2.3852,0.21103,0.95964,NA,"Check",352.517160792281,329.144275535917,NA
"Acer","ACRU","NEON.PLA.D05.TREE.01436","TREE_041","TREE","D05",2020-09-28,"Live","single bole tree","Partially shaded",160,NA,23.1,24.3,NA,21,"Acer rubrum L.",9,15.3,"2020",316,"soft maple/birch","Acer rubrum L.","red maple","Aceraceae","tree","rubrum",0.744,"hw2",-1.9123,2.3651,"AceraceaeBelow0.50spg","hardwood","Hardwood",0.44,-2.047,2.3852,0.21103,0.95964,NA,"Check",279.637917965113,260.583719824732,NA
"Acer","ACRU","NEON.PLA.D05.TREE.01436","TREE_041","TREE","D05",2021-09-20,"Live,  other damage","single bole tree","Partially shaded",160,NA,25.7,24.5,NA,21,"Acer rubrum L.",9,15.3,"2021",316,"soft maple/birch","Acer rubrum L.","red maple","Aceraceae","tree","rubrum",0.744,"hw2",-1.9123,2.3651,"AceraceaeBelow0.50spg","hardwood","Hardwood",0.44,-2.047,2.3852,0.21103,0.95964,NA,"Check",285.111915832586,265.728502427983,NA
"Acer","ACRU","NEON.PLA.D05.TREE.01436","TREE_041","TREE","D05",2016-10-18,"Live","single bole tree",NA,130,NA,21,23.6,NA,21,"Acer rubrum L.",9,15.3,"2016",316,"soft maple/birch","Acer rubrum L.","red maple","Aceraceae","tree","rubrum",0.744,"hw2",-1.9123,2.3651,"AceraceaeBelow0.50spg","hardwood","Hardwood",0.44,-2.047,2.3852,0.21103,0.95964,NA,"Check",260.959337098024,243.035046576951,NA
"Acer","ACRU","NEON.PLA.D05.TREE.02527","TREE_009","TREE","D05",2019-10-16,"Live","small tree",NA,130,NA,4.3,1.3,NA,NA,"Acer rubrum L.",NA,NA,"2019",316,"soft maple/birch","Acer rubrum L.","red maple","Aceraceae","tree","rubrum",0.744,"hw2",-1.9123,2.3651,"AceraceaeBelow0.50spg","hardwood","Hardwood",0.44,-2.047,2.3852,0.21103,0.95964,NA,"Check",0.136534761067149,0.119248423248435,NA
"Acer","ACRU","NEON.PLA.D05.TREE.01186","TREE_045","TREE","D05",2017-10-19,"Live","single bole tree",NA,130,NA,22.5,40.1,NA,25,"Acer rubrum L.",5.2,285,"2017",316,"soft maple/birch","Acer rubrum L.","red maple","Aceraceae","tree","rubrum",0.744,"hw2",-1.9123,2.3651,"AceraceaeBelow0.50spg","hardwood","Hardwood",0.44,-2.047,2.3852,0.21103,0.95964,NA,"Check",914.3141014602,860.635295821143,NA
"Acer","ACRU","NEON.PLA.D05.TREE.01186","TREE_045","TREE","D05",2016-10-18,"Live","single bole tree",NA,130,NA,23.8,38.7,NA,25,"Acer rubrum L.",5.2,285,"2016",316,"soft maple/birch","Acer rubrum L.","red maple","Aceraceae","tree","rubrum",0.744,"hw2",-1.9123,2.3651,"AceraceaeBelow0.50spg","hardwood","Hardwood",0.44,-2.047,2.3852,0.21103,0.95964,NA,"Check",840.60867123175,790.692081122505,NA
"Acer","ACRU","NEON.PLA.D05.TREE.01186","TREE_045","TREE","D05",2018-10-17,"Live","single bole tree",NA,130,NA,22.8,39.6,NA,25,"Acer rubrum L.",5.2,285,"2018",316,"soft maple/birch","Acer rubrum L.","red maple","Aceraceae","tree","rubrum",0.744,"hw2",-1.9123,2.3651,"AceraceaeBelow0.50spg","hardwood","Hardwood",0.44,-2.047,2.3852,0.21103,0.95964,NA,"Check",887.58007940784,835.26013301204,NA
"Acer","ACRU","NEON.PLA.D05.TREE.01186","TREE_045","TREE","D05",2015-08-11,"Live","single bole tree","Full sun",130,NA,20.3,38,NA,25,"Acer rubrum L.",5.2,285,"2015",316,"soft maple/birch","Acer rubrum L.","red maple","Aceraceae","tree","rubrum",0.744,"hw2",-1.9123,2.3651,"AceraceaeBelow0.50spg","hardwood","Hardwood",0.44,-2.047,2.3852,0.21103,0.95964,NA,"Check",805.090768021904,757.00549185956,NA
"Acer","ACRU","NEON.PLA.D05.TREE.02530","TREE_009","TREE","D05",2019-10-16,"Live","small tree",NA,130,NA,5.1,1.5,NA,NA,"Acer rubrum L.",NA,NA,"2019",316,"soft maple/birch","Acer rubrum L.","red maple","Aceraceae","tree","rubrum",0.744,"hw2",-1.9123,2.3651,"AceraceaeBelow0.50spg","hardwood","Hardwood",0.44,-2.047,2.3852,0.21103,0.95964,NA,"Check",0.191526666069617,0.16775977404484,NA
"Acer","ACRU","NEON.PLA.D05.TREE.02259A","TREE_006","TREE","D05",2018-05-02,"Live,  other damage","multi-bole tree","Full sun",130,NA,14.8,16.4,NA,33,"Acer rubrum L.",12.3,322.4,"2018",316,"soft maple/birch","Acer rubrum L.","red maple","Aceraceae","tree","rubrum",0.744,"hw2",-1.9123,2.3651,"AceraceaeBelow0.50spg","hardwood","Hardwood",0.44,-2.047,2.3852,0.21103,0.95964,NA,"Check",110.338187918991,102.010468445527,NA
"Acer","ACRU","NEON.PLA.D05.TREE.00540","TREE_046","TREE","D05",2021-09-21,"Live","single bole tree","Full sun",130,NA,21.9,52.4,NA,43,"Acer rubrum L.",6.7,265.3,"2021",316,"soft maple/birch","Acer rubrum L.","red maple","Aceraceae","tree","rubrum",0.744,"hw2",-1.9123,2.3651,"AceraceaeBelow0.50spg","hardwood","Hardwood",0.44,-2.047,2.3852,0.21103,0.95964,NA,"Check",1721.42889726747,1629.1016414185,NA
"Acer","ACRU","NEON.PLA.D05.TREE.00540","TREE_046","TREE","D05",2016-09-29,"Live","single bole tree",NA,130,NA,21.1,51.6,NA,43,"Acer rubrum L.",6.7,265.3,"2016",316,"soft maple/birch","Acer rubrum L.","red maple","Aceraceae","tree","rubrum",0.744,"hw2",-1.9123,2.3651,"AceraceaeBelow0.50spg","hardwood","Hardwood",0.44,-2.047,2.3852,0.21103,0.95964,NA,"Check",1659.91737763063,1570.40353380439,NA
"Acer","ACRU","NEON.PLA.D05.TREE.00248","TREE_056","TREE","D05",2021-09-22,"Live, disease damaged","single bole tree","Partially shaded",130,NA,16.8,24.9,NA,43,"Acer rubrum L.",10.2,306,"2021",316,"soft maple/birch","Acer rubrum L.","red maple","Aceraceae","tree","rubrum",0.744,"hw2",-1.9123,2.3651,"AceraceaeBelow0.50spg","hardwood","Hardwood",0.44,-2.047,2.3852,0.21103,0.95964,NA,"Check",296.244119359332,276.193770065231,NA
"Acer","ACRU","NEON.PLA.D05.TREE.02196","TREE_016","TREE","D05",2019-10-30,"Live","single bole tree","Open grown",180,NA,17.6,34.2,NA,31,"Acer rubrum L.",4.6,58.4,"2019",316,"soft maple/birch","Acer rubrum L.","red maple","Aceraceae","tree","rubrum",0.744,"hw2",-1.9123,2.3651,"AceraceaeBelow0.50spg","hardwood","Hardwood",0.44,-2.047,2.3852,0.21103,0.95964,NA,"Check",627.514558031204,588.787069397826,NA
"Acer","ACRU","NEON.PLA.D05.TREE.01319","TREE_040","TREE","D05",2019-10-23,"Live","single bole tree",NA,130,NA,8.4,17.5,NA,25,"Acer rubrum L.",11.2,350.5,"2019",316,"soft maple/birch","Acer rubrum L.","red maple","Aceraceae","tree","rubrum",0.744,"hw2",-1.9123,2.3651,"AceraceaeBelow0.50spg","hardwood","Hardwood",0.44,-2.047,2.3852,0.21103,0.95964,NA,"Check",128.649455137339,119.095005626178,NA
"Acer","ACRU","NEON.PLA.D05.TREE.00141","TREE_055","TREE","D05",2016-09-27,"Live","single bole tree",NA,130,NA,20.7,31.4,NA,41,"Acer rubrum L.",7.5,48.2,"2016",316,"soft maple/birch","Acer rubrum L.","red maple","Aceraceae","tree","rubrum",0.744,"hw2",-1.9123,2.3651,"AceraceaeBelow0.50spg","hardwood","Hardwood",0.44,-2.047,2.3852,0.21103,0.95964,NA,"Check",512.727926884453,480.259309510907,NA
"Acer","ACRU","NEON.PLA.D05.TREE.00141","TREE_055","TREE","D05",2015-07-29,"Live","sapling","Full sun",130,NA,15.5,30.3,NA,41,"Acer rubrum L.",7.5,48.2,"2015",316,"soft maple/birch","Acer rubrum L.","red maple","Aceraceae","tree","rubrum",0.744,"hw2",-1.9123,2.3651,"AceraceaeBelow0.50spg","hardwood","Hardwood",0.44,-2.047,2.3852,0.21103,0.95964,NA,"Check",471.257877531627,441.099081092904,NA
"Acer","ACRU","NEON.PLA.D05.TREE.00141","TREE_055","TREE","D05",2018-10-10,"Live","single bole tree",NA,130,NA,22.3,31.5,NA,41,"Acer rubrum L.",7.5,48.2,"2018",316,"soft maple/birch","Acer rubrum L.","red maple","Aceraceae","tree","rubrum",0.744,"hw2",-1.9123,2.3651,"AceraceaeBelow0.50spg","hardwood","Hardwood",0.44,-2.047,2.3852,0.21103,0.95964,NA,"Check",516.598276617291,483.915494976848,NA
"Acer","ACRU","NEON.PLA.D05.TREE.01319","TREE_040","TREE","D05",2016-10-20,"Live","single bole tree",NA,130,NA,10.1,17.3,NA,25,"Acer rubrum L.",11.2,350.5,"2016",316,"soft maple/birch","Acer rubrum L.","red maple","Aceraceae","tree","rubrum",0.744,"hw2",-1.9123,2.3651,"AceraceaeBelow0.50spg","hardwood","Hardwood",0.44,-2.047,2.3852,0.21103,0.95964,NA,"Check",125.199184705323,115.874203188382,NA
"Acer","ACRU","NEON.PLA.D05.TREE.02022","TREE_018","TREE","D05",2018-04-25,"Live","small tree",NA,130,NA,5.6,3.8,NA,NA,"Acer rubrum L.",NA,NA,"2018",316,"soft maple/birch","Acer rubrum L.","red maple","Aceraceae","tree","rubrum",0.744,"hw2",-1.9123,2.3651,"AceraceaeBelow0.50spg","hardwood","Hardwood",0.44,-2.047,2.3852,0.21103,0.95964,NA,"Check",1.72584582577525,1.54019176165035,NA
"Acer","ACRU","NEON.PLA.D05.TREE.00410B","TREE_057","TREE","D05",2017-10-17,"Live","multi-bole tree",NA,130,NA,NA,14.7,NA,41,"Acer rubrum L.",9.7,340.7,"2017",316,"soft maple/birch","Acer rubrum L.","red maple","Aceraceae","tree","rubrum",0.744,"hw2",-1.9123,2.3651,"AceraceaeBelow0.50spg","hardwood","Hardwood",0.44,-2.047,2.3852,0.21103,0.95964,NA,"Check",85.1767157827489,78.5750203895561,NA
"Acer","ACRU","NEON.PLA.D05.TREE.00435","TREE_052","TREE","D05",2017-09-26,"Live","single bole tree",NA,130,NA,12.4,14.4,NA,41,"Acer rubrum L.",8.9,188.4,"2017",316,"soft maple/birch","Acer rubrum L.","red maple","Aceraceae","tree","rubrum",0.744,"hw2",-1.9123,2.3651,"AceraceaeBelow0.50spg","hardwood","Hardwood",0.44,-2.047,2.3852,0.21103,0.95964,NA,"Check",81.1225870833109,74.8041016476943,NA
"Acer","ACRU","NEON.PLA.D05.TREE.03783","TREE_002","TREE","D05",2019-10-08,"Live","small tree",NA,130,NA,2.2,1.1,NA,NA,"Acer rubrum L.",NA,NA,"2019",316,"soft maple/birch","Acer rubrum L.","red maple","Aceraceae","tree","rubrum",0.744,"hw2",-1.9123,2.3651,"AceraceaeBelow0.50spg","hardwood","Hardwood",0.44,-2.047,2.3852,0.21103,0.95964,NA,"Check",0.0919715809305997,0.0800580106252001,NA
"Acer","ACRU","NEON.PLA.D05.TREE.02089","TREE_003","TREE","D05",2019-10-08,"Live","multi-bole tree","Partially shaded",130,NA,20,27.9,NA,49,"Acer rubrum L.",8.5,157.9,"2019",316,"soft maple/birch","Acer rubrum L.","red maple","Aceraceae","tree","rubrum",0.744,"hw2",-1.9123,2.3651,"AceraceaeBelow0.50spg","hardwood","Hardwood",0.44,-2.047,2.3852,0.21103,0.95964,NA,"Check",387.701216243408,362.28832698708,NA
"Acer","ACRU","NEON.PLA.D05.TREE.01476","TREE_041","TREE","D05",2015-08-10,"Live","single bole tree","Partially shaded",130,NA,18.5,24.7,NA,39,"Acer rubrum L.",9.7,151.2,"2015",316,"soft maple/birch","Acer rubrum L.","red maple","Aceraceae","tree","rubrum",0.744,"hw2",-1.9123,2.3651,"AceraceaeBelow0.50spg","hardwood","Hardwood",0.44,-2.047,2.3852,0.21103,0.95964,NA,"Check",290.647255512912,270.931791336788,NA
"Acer","ACRU","NEON.PLA.D05.TREE.02993","TREE_060","TREE","D05",2017-10-26,"Live","small tree",NA,130,NA,2.4,1.2,NA,NA,"Acer rubrum L.",NA,NA,"2017",316,"soft maple/birch","Acer rubrum L.","red maple","Aceraceae","tree","rubrum",0.744,"hw2",-1.9123,2.3651,"AceraceaeBelow0.50spg","hardwood","Hardwood",0.44,-2.047,2.3852,0.21103,0.95964,NA,"Check",0.112986713722055,0.0985231002614041,NA
"Acer","ACRU","NEON.PLA.D05.TREE.02290","TREE_019","TREE","D05",2017-10-23,"Live","multi-bole tree","Full sun",130,NA,20.1,49.3,NA,51,"Acer rubrum L.",4.2,199.7,"2017",316,"soft maple/birch","Acer rubrum L.","red maple","Aceraceae","tree","rubrum",0.744,"hw2",-1.9123,2.3651,"AceraceaeBelow0.50spg","hardwood","Hardwood",0.44,-2.047,2.3852,0.21103,0.95964,NA,"Check",1490.22179577768,1408.56751215087,NA
"Acer","ACRU","NEON.PLA.D05.TREE.02290A","TREE_019","TREE","D05",2017-10-23,"Live","multi-bole tree",NA,130,NA,NA,27.7,NA,51,"Acer rubrum L.",4.2,199.7,"2017",316,"soft maple/birch","Acer rubrum L.","red maple","Aceraceae","tree","rubrum",0.744,"hw2",-1.9123,2.3651,"AceraceaeBelow0.50spg","hardwood","Hardwood",0.44,-2.047,2.3852,0.21103,0.95964,NA,"Check",381.160215722697,356.124572340631,NA
"Acer","ACRU","NEON.PLA.D05.TREE.02290A","TREE_019","TREE","D05",2019-10-30,"Live","multi-bole tree","Full sun",139,NA,7.6,28.6,NA,51,"Acer rubrum L.",4.2,199.7,"2019",316,"soft maple/birch","Acer rubrum L.","red maple","Aceraceae","tree","rubrum",0.744,"hw2",-1.9123,2.3651,"AceraceaeBelow0.50spg","hardwood","Hardwood",0.44,-2.047,2.3852,0.21103,0.95964,NA,"Check",411.102357429281,384.3469665538,NA
"Acer","ACRU","NEON.PLA.D05.TREE.00905","TREE_043","TREE","D05",2020-10-05,"Live","small tree","Mostly shaded",130,NA,3.7,1.8,NA,NA,"Acer rubrum L.",NA,NA,"2020",316,"soft maple/birch","Acer rubrum L.","red maple","Aceraceae","tree","rubrum",0.744,"hw2",-1.9123,2.3651,"AceraceaeBelow0.50spg","hardwood","Hardwood",0.44,-2.047,2.3852,0.21103,0.95964,NA,"Check",0.29478190012753,0.259149837338503,NA
"Acer","ACRU","NEON.PLA.D05.TREE.00905","TREE_043","TREE","D05",2019-10-23,"Live","small tree",NA,130,NA,4.7,1.6,NA,NA,"Acer rubrum L.",NA,NA,"2019",316,"soft maple/birch","Acer rubrum L.","red maple","Aceraceae","tree","rubrum",0.744,"hw2",-1.9123,2.3651,"AceraceaeBelow0.50spg","hardwood","Hardwood",0.44,-2.047,2.3852,0.21103,0.95964,NA,"Check",0.223110486445256,0.19567797440468,NA
"Acer","ACRU","NEON.PLA.D05.TREE.00905","TREE_043","TREE","D05",2016-10-19,"Live","small tree",NA,130,NA,2.3,1,NA,NA,"Acer rubrum L.",NA,NA,"2016",316,"soft maple/birch","Acer rubrum L.","red maple","Aceraceae","tree","rubrum",0.744,"hw2",-1.9123,2.3651,"AceraceaeBelow0.50spg","hardwood","Hardwood",0.44,-2.047,2.3852,0.21103,0.95964,NA,"Check",0.073410099398862,0.0637785969993142,NA
"Acer","ACRU","NEON.PLA.D05.TREE.03896","TREE_052","TREE","D05",2017-09-26,"Live","single bole tree",NA,130,NA,11.6,10.5,NA,23,"Acer rubrum L.",4.4,32.8,"2017",316,"soft maple/birch","Acer rubrum L.","red maple","Aceraceae","tree","rubrum",0.744,"hw2",-1.9123,2.3651,"AceraceaeBelow0.50spg","hardwood","Hardwood",0.44,-2.047,2.3852,0.21103,0.95964,NA,"Check",38.4338130654385,35.215990794617,NA
"Acer","ACRU","NEON.PLA.D05.TREE.00920","TREE_044","TREE","D05",2018-10-16,"Live","small tree",NA,130,NA,5.1,2.5,NA,NA,"Acer rubrum L.",NA,NA,"2018",316,"soft maple/birch","Acer rubrum L.","red maple","Aceraceae","tree","rubrum",0.744,"hw2",-1.9123,2.3651,"AceraceaeBelow0.50spg","hardwood","Hardwood",0.44,-2.047,2.3852,0.21103,0.95964,NA,"Check",0.641096973443015,0.567337473201817,NA
"Acer","ACRU","NEON.PLA.D05.TREE.02434","TREE_012","TREE","D05",2019-10-17,"Live","small tree",NA,130,NA,4.5,2,NA,NA,"Acer rubrum L.",NA,NA,"2019",316,"soft maple/birch","Acer rubrum L.","red maple","Aceraceae","tree","rubrum",0.744,"hw2",-1.9123,2.3651,"AceraceaeBelow0.50spg","hardwood","Hardwood",0.44,-2.047,2.3852,0.21103,0.95964,NA,"Check",0.378200287682932,0.333189807107002,NA
"Acer","ACRU","NEON.PLA.D05.TREE.02360","TREE_019","TREE","D05",2019-10-30,"Live","small tree",NA,130,NA,4.2,2.4,NA,NA,"Acer rubrum L.",NA,NA,"2019",316,"soft maple/birch","Acer rubrum L.","red maple","Aceraceae","tree","rubrum",0.744,"hw2",-1.9123,2.3651,"AceraceaeBelow0.50spg","hardwood","Hardwood",0.44,-2.047,2.3852,0.21103,0.95964,NA,"Check",0.582094398236063,0.514700766654275,NA
"Acer","ACRU","NEON.PLA.D05.TREE.03772","TREE_002","TREE","D05",2019-10-08,"Live","small tree",NA,130,NA,2.9,1.3,NA,NA,"Acer rubrum L.",NA,NA,"2019",316,"soft maple/birch","Acer rubrum L.","red maple","Aceraceae","tree","rubrum",0.744,"hw2",-1.9123,2.3651,"AceraceaeBelow0.50spg","hardwood","Hardwood",0.44,-2.047,2.3852,0.21103,0.95964,NA,"Check",0.136534761067149,0.119248423248435,NA
"Acer","ACRU","NEON.PLA.D05.TREE.01303","TREE_039","TREE","D05",2018-10-17,"Live","multi-bole tree",NA,130,NA,20,30,NA,43,"Acer rubrum L.",4.6,200.1,"2018",316,"soft maple/birch","Acer rubrum L.","red maple","Aceraceae","tree","rubrum",0.744,"hw2",-1.9123,2.3651,"AceraceaeBelow0.50spg","hardwood","Hardwood",0.44,-2.047,2.3852,0.21103,0.95964,NA,"Check",460.296997263903,430.753497416687,NA
"Acer","ACRU","NEON.PLA.D05.TREE.02984","TREE_009","TREE","D05",2019-10-16,"Live","small tree",NA,130,NA,3.3,2,NA,NA,"Acer rubrum L.",NA,NA,"2019",316,"soft maple/birch","Acer rubrum L.","red maple","Aceraceae","tree","rubrum",0.744,"hw2",-1.9123,2.3651,"AceraceaeBelow0.50spg","hardwood","Hardwood",0.44,-2.047,2.3852,0.21103,0.95964,NA,"Check",0.378200287682932,0.333189807107002,NA
"Acer","ACRU","NEON.PLA.D05.TREE.00461","TREE_057","TREE","D05",2017-10-17,"Live","multi-bole tree",NA,130,NA,21.3,31.6,NA,57,"Acer rubrum L.",6.8,153.8,"2017",316,"soft maple/birch","Acer rubrum L.","red maple","Aceraceae","tree","rubrum",0.744,"hw2",-1.9123,2.3651,"AceraceaeBelow0.50spg","hardwood","Hardwood",0.44,-2.047,2.3852,0.21103,0.95964,NA,"Check",520.485435499469,487.587793784533,NA
"Acer","ACRU","NEON.PLA.D05.TREE.01303","TREE_039","TREE","D05",2017-10-17,"Live","multi-bole tree",NA,130,NA,20.7,30.4,NA,43,"Acer rubrum L.",4.6,200.1,"2017",316,"soft maple/birch","Acer rubrum L.","red maple","Aceraceae","tree","rubrum",0.744,"hw2",-1.9123,2.3651,"AceraceaeBelow0.50spg","hardwood","Hardwood",0.44,-2.047,2.3852,0.21103,0.95964,NA,"Check",474.944622560788,444.579330161581,NA
"Acer","ACRU","NEON.PLA.D05.TREE.01081","TREE_044","TREE","D05",2017-10-17,"Live","small tree",NA,130,NA,2.5,1,NA,NA,"Acer rubrum L.",NA,NA,"2017",316,"soft maple/birch","Acer rubrum L.","red maple","Aceraceae","tree","rubrum",0.744,"hw2",-1.9123,2.3651,"AceraceaeBelow0.50spg","hardwood","Hardwood",0.44,-2.047,2.3852,0.21103,0.95964,NA,"Check",0.073410099398862,0.0637785969993142,NA
"Acer","ACRU","NEON.PLA.D05.TREE.00726","TREE_025","TREE","D05",2016-10-18,"Live","small tree",NA,130,NA,6,3.5,NA,NA,"Acer rubrum L.",NA,NA,"2016",316,"soft maple/birch","Acer rubrum L.","red maple","Aceraceae","tree","rubrum",0.744,"hw2",-1.9123,2.3651,"AceraceaeBelow0.50spg","hardwood","Hardwood",0.44,-2.047,2.3852,0.21103,0.95964,NA,"Check",1.42079409615594,1.26586111930169,NA
"Acer","ACRU","NEON.PLA.D05.TREE.01082","TREE_044","TREE","D05",2015-08-05,"Live","sapling","Full shade",10,NA,1.6,1.2,NA,NA,"Acer rubrum L.",NA,NA,"2015",316,"soft maple/birch","Acer rubrum L.","red maple","Aceraceae","tree","rubrum",0.744,"hw2",-1.9123,2.3651,"AceraceaeBelow0.50spg","hardwood","Hardwood",0.44,-2.047,2.3852,0.21103,0.95964,0.851537287154131,"Check",0.050197317694683,0.0434707120700236,NA
"Acer","ACRU","NEON.PLA.D05.TREE.02220B","TREE_015","TREE","D05",2018-05-08,"Dead, broken bole","multi-bole tree","Partially shaded",130,NA,3.2,11.9,NA,NA,"Acer rubrum L.",NA,NA,"2018",316,"soft maple/birch","Acer rubrum L.","red maple","Aceraceae","tree","rubrum",0.744,"hw2",-1.9123,2.3651,"AceraceaeBelow0.50spg","hardwood","Hardwood",0.44,-2.047,2.3852,0.21103,0.95964,NA,"Check",51.6743212300807,47.4672211589137,NA
"Acer","ACRU","NEON.PLA.D05.TREE.00887","TREE_057","TREE","D05",2015-08-04,"Live","multi-bole tree","Partially shaded",130,NA,16,25.2,NA,41,"Acer rubrum L.",12.1,130.3,"2015",316,"soft maple/birch","Acer rubrum L.","red maple","Aceraceae","tree","rubrum",0.744,"hw2",-1.9123,2.3651,"AceraceaeBelow0.50spg","hardwood","Hardwood",0.44,-2.047,2.3852,0.21103,0.95964,NA,"Check",304.755169539937,284.197180766992,NA
"Acer","ACRU","NEON.PLA.D05.TREE.03682","TREE_010","TREE","D05",2017-10-24,"Live","small tree",NA,130,NA,2.3,1.3,NA,NA,"Acer rubrum L.",NA,NA,"2017",316,"soft maple/birch","Acer rubrum L.","red maple","Aceraceae","tree","rubrum",0.744,"hw2",-1.9123,2.3651,"AceraceaeBelow0.50spg","hardwood","Hardwood",0.44,-2.047,2.3852,0.21103,0.95964,NA,"Check",0.136534761067149,0.119248423248435,NA
"Acer","ACRU","NEON.PLA.D05.TREE.02244A","TREE_015","TREE","D05",2019-10-24,"Live, broken bole","multi-bole tree","Full sun",140,NA,17.3,20.6,NA,NA,"Acer rubrum L.",NA,NA,"2019",316,"soft maple/birch","Acer rubrum L.","red maple","Aceraceae","tree","rubrum",0.744,"hw2",-1.9123,2.3651,"AceraceaeBelow0.50spg","hardwood","Hardwood",0.44,-2.047,2.3852,0.21103,0.95964,NA,"Check",189.202131680398,175.725703064047,NA
"Acer","ACRU","NEON.PLA.D05.TREE.00435","TREE_052","TREE","D05",2016-09-29,"Live","single bole tree",NA,130,NA,10.9,14.4,NA,41,"Acer rubrum L.",8.9,188.4,"2016",316,"soft maple/birch","Acer rubrum L.","red maple","Aceraceae","tree","rubrum",0.744,"hw2",-1.9123,2.3651,"AceraceaeBelow0.50spg","hardwood","Hardwood",0.44,-2.047,2.3852,0.21103,0.95964,NA,"Check",81.1225870833109,74.8041016476943,NA
"Acer","ACRU","NEON.PLA.D05.TREE.02245","TREE_015","TREE","D05",2018-05-08,"Live","single bole tree","Partially shaded",130,NA,16.3,27.3,NA,31,"Acer rubrum L.",9.1,65.5,"2018",316,"soft maple/birch","Acer rubrum L.","red maple","Aceraceae","tree","rubrum",0.744,"hw2",-1.9123,2.3651,"AceraceaeBelow0.50spg","hardwood","Hardwood",0.44,-2.047,2.3852,0.21103,0.95964,NA,"Check",368.27050620724,343.980910143879,NA
"Acer","ACRU","NEON.PLA.D05.TREE.03691","TREE_010","TREE","D05",2019-10-10,"Live","small tree",NA,130,NA,3.1,1.2,NA,NA,"Acer rubrum L.",NA,NA,"2019",316,"soft maple/birch","Acer rubrum L.","red maple","Aceraceae","tree","rubrum",0.744,"hw2",-1.9123,2.3651,"AceraceaeBelow0.50spg","hardwood","Hardwood",0.44,-2.047,2.3852,0.21103,0.95964,NA,"Check",0.112986713722055,0.0985231002614041,NA
"Acer","ACRU","NEON.PLA.D05.TREE.01364","TREE_040","TREE","D05",2016-10-20,"Live","single bole tree",NA,130,NA,9.2,15.4,NA,43,"Acer rubrum L.",5.9,233.1,"2016",316,"soft maple/birch","Acer rubrum L.","red maple","Aceraceae","tree","rubrum",0.744,"hw2",-1.9123,2.3651,"AceraceaeBelow0.50spg","hardwood","Hardwood",0.44,-2.047,2.3852,0.21103,0.95964,NA,"Check",95.0832284045763,87.7957754138068,NA
"Acer","ACRU","NEON.PLA.D05.TREE.00319","TREE_054","TREE","D05",2015-07-30,"Live","single bole tree","Full sun",130,NA,18.1,25.3,NA,23,"Acer rubrum L.",4.2,358.6,"2015",316,"soft maple/birch","Acer rubrum L.","red maple","Aceraceae","tree","rubrum",0.744,"hw2",-1.9123,2.3651,"AceraceaeBelow0.50spg","hardwood","Hardwood",0.44,-2.047,2.3852,0.21103,0.95964,NA,"Check",307.623144300243,286.89452649258,NA
"Acer","ACRU","NEON.PLA.D05.TREE.00319","TREE_054","TREE","D05",2018-10-09,"Live","single bole tree",NA,130,NA,14.8,25.4,NA,23,"Acer rubrum L.",4.2,358.6,"2018",316,"soft maple/birch","Acer rubrum L.","red maple","Aceraceae","tree","rubrum",0.744,"hw2",-1.9123,2.3651,"AceraceaeBelow0.50spg","hardwood","Hardwood",0.44,-2.047,2.3852,0.21103,0.95964,NA,"Check",310.506635490611,289.606680967094,NA
"Acer","ACRU","NEON.PLA.D05.TREE.01116","TREE_039","TREE","D05",2016-10-18,"Live","single bole tree",NA,130,NA,16.2,19.9,NA,41,"Acer rubrum L.",6.2,19.1,"2016",316,"soft maple/birch","Acer rubrum L.","red maple","Aceraceae","tree","rubrum",0.744,"hw2",-1.9123,2.3651,"AceraceaeBelow0.50spg","hardwood","Hardwood",0.44,-2.047,2.3852,0.21103,0.95964,NA,"Check",174.347640083069,161.816779448945,NA
"Acer","ACRU","NEON.PLA.D05.TREE.01481A","TREE_039","TREE","D05",2017-10-17,"Live","multi-bole tree",NA,150,NA,NA,11.3,NA,25,"Acer rubrum L.",20.2,286.3,"2017",316,"soft maple/birch","Acer rubrum L.","red maple","Aceraceae","tree","rubrum",0.744,"hw2",-1.9123,2.3651,"AceraceaeBelow0.50spg","hardwood","Hardwood",0.44,-2.047,2.3852,0.21103,0.95964,NA,"Check",45.7229759051063,41.9567556882336,NA
"Acer","ACRU","NEON.PLA.D05.TREE.00665","TREE_054","TREE","D05",2017-08-30,"Live","single bole tree",NA,130,NA,18.7,26.1,NA,41,"Acer rubrum L.",2.3,247.6,"2017",316,"soft maple/birch","Acer rubrum L.","red maple","Aceraceae","tree","rubrum",0.744,"hw2",-1.9123,2.3651,"AceraceaeBelow0.50spg","hardwood","Hardwood",0.44,-2.047,2.3852,0.21103,0.95964,NA,"Check",331.127405408833,309.008292076492,NA
"Acer","ACRU","NEON.PLA.D05.TREE.01481A","TREE_039","TREE","D05",2016-10-18,"Live","multi-bole tree",NA,160,NA,NA,11.1,NA,25,"Acer rubrum L.",20.2,286.3,"2016",316,"soft maple/birch","Acer rubrum L.","red maple","Aceraceae","tree","rubrum",0.744,"hw2",-1.9123,2.3651,"AceraceaeBelow0.50spg","hardwood","Hardwood",0.44,-2.047,2.3852,0.21103,0.95964,NA,"Check",43.8320758928712,40.2071754050818,NA
"Acer","ACRU","NEON.PLA.D05.TREE.02456","TREE_012","TREE","D05",2017-10-30,"Live","small tree",NA,130,NA,3,1.5,NA,NA,"Acer rubrum L.",NA,NA,"2017",316,"soft maple/birch","Acer rubrum L.","red maple","Aceraceae","tree","rubrum",0.744,"hw2",-1.9123,2.3651,"AceraceaeBelow0.50spg","hardwood","Hardwood",0.44,-2.047,2.3852,0.21103,0.95964,NA,"Check",0.191526666069617,0.16775977404484,NA
"Acer","ACRU","NEON.PLA.D05.TREE.02998","TREE_060","TREE","D05",2017-10-26,"Live","small tree",NA,130,NA,2.9,1.6,NA,NA,"Acer rubrum L.",NA,NA,"2017",316,"soft maple/birch","Acer rubrum L.","red maple","Aceraceae","tree","rubrum",0.744,"hw2",-1.9123,2.3651,"AceraceaeBelow0.50spg","hardwood","Hardwood",0.44,-2.047,2.3852,0.21103,0.95964,NA,"Check",0.223110486445256,0.19567797440468,NA
"Acer","ACRU","NEON.PLA.D05.TREE.00808","TREE_025","TREE","D05",2016-10-18,"Live","multi-bole tree",NA,130,NA,18.6,24.1,NA,25,"Acer rubrum L.",1.8,341.7,"2016",316,"soft maple/birch","Acer rubrum L.","red maple","Aceraceae","tree","rubrum",0.744,"hw2",-1.9123,2.3651,"AceraceaeBelow0.50spg","hardwood","Hardwood",0.44,-2.047,2.3852,0.21103,0.95964,NA,"Check",274.22507860966,255.497259089589,NA
"Acer","ACRU","NEON.PLA.D05.TREE.03253","TREE_009","TREE","D05",2019-10-16,"Live","small tree",NA,130,NA,7.2,2.6,NA,NA,"Acer rubrum L.",NA,NA,"2019",316,"soft maple/birch","Acer rubrum L.","red maple","Aceraceae","tree","rubrum",0.744,"hw2",-1.9123,2.3651,"AceraceaeBelow0.50spg","hardwood","Hardwood",0.44,-2.047,2.3852,0.21103,0.95964,NA,"Check",0.703411197330655,0.622973238818464,NA
"Acer","ACRU","NEON.PLA.D05.TREE.00157","TREE_049","TREE","D05",2015-07-28,"Live","single bole tree","Partially shaded",130,NA,19.7,38,NA,25,"Acer rubrum L.",14.8,313.5,"2015",316,"soft maple/birch","Acer rubrum L.","red maple","Aceraceae","tree","rubrum",0.744,"hw2",-1.9123,2.3651,"AceraceaeBelow0.50spg","hardwood","Hardwood",0.44,-2.047,2.3852,0.21103,0.95964,NA,"Check",805.090768021904,757.00549185956,NA
"Acer","ACRU","NEON.PLA.D05.TREE.02436","TREE_012","TREE","D05",2017-10-30,"Live","small tree",NA,130,NA,3.7,1.6,NA,NA,"Acer rubrum L.",NA,NA,"2017",316,"soft maple/birch","Acer rubrum L.","red maple","Aceraceae","tree","rubrum",0.744,"hw2",-1.9123,2.3651,"AceraceaeBelow0.50spg","hardwood","Hardwood",0.44,-2.047,2.3852,0.21103,0.95964,NA,"Check",0.223110486445256,0.19567797440468,NA
"Acer","ACRU","NEON.PLA.D05.TREE.02219","TREE_015","TREE","D05",2018-05-08,"Live","single bole tree","Partially shaded",130,NA,16.4,22.5,NA,51,"Acer rubrum L.",11.9,219.3,"2018",316,"soft maple/birch","Acer rubrum L.","red maple","Aceraceae","tree","rubrum",0.744,"hw2",-1.9123,2.3651,"AceraceaeBelow0.50spg","hardwood","Hardwood",0.44,-2.047,2.3852,0.21103,0.95964,NA,"Check",233.10175100057,216.882713259115,NA
"Acer","ACRU","NEON.PLA.D05.TREE.02960","TREE_009","TREE","D05",2019-10-16,"Live","small tree",NA,130,NA,4.7,2.2,NA,NA,"Acer rubrum L.",NA,NA,"2019",316,"soft maple/birch","Acer rubrum L.","red maple","Aceraceae","tree","rubrum",0.744,"hw2",-1.9123,2.3651,"AceraceaeBelow0.50spg","hardwood","Hardwood",0.44,-2.047,2.3852,0.21103,0.95964,NA,"Check",0.473826880108353,0.41823612265832,NA
"Acer","ACRU","NEON.PLA.D05.TREE.01082","TREE_044","TREE","D05",2018-10-16,"Live","small tree",NA,130,NA,2.8,1,NA,NA,"Acer rubrum L.",NA,NA,"2018",316,"soft maple/birch","Acer rubrum L.","red maple","Aceraceae","tree","rubrum",0.744,"hw2",-1.9123,2.3651,"AceraceaeBelow0.50spg","hardwood","Hardwood",0.44,-2.047,2.3852,0.21103,0.95964,NA,"Check",0.073410099398862,0.0637785969993142,NA
"Acer","ACRU","NEON.PLA.D05.TREE.02415","TREE_012","TREE","D05",2017-10-30,"Live","small tree",NA,130,NA,2.5,1.2,NA,NA,"Acer rubrum L.",NA,NA,"2017",316,"soft maple/birch","Acer rubrum L.","red maple","Aceraceae","tree","rubrum",0.744,"hw2",-1.9123,2.3651,"AceraceaeBelow0.50spg","hardwood","Hardwood",0.44,-2.047,2.3852,0.21103,0.95964,NA,"Check",0.112986713722055,0.0985231002614041,NA
"Acer","ACRU","NEON.PLA.D05.TREE.03682","TREE_010","TREE","D05",2019-10-10,"Live","small tree",NA,130,NA,3.2,1.4,NA,NA,"Acer rubrum L.",NA,NA,"2019",316,"soft maple/birch","Acer rubrum L.","red maple","Aceraceae","tree","rubrum",0.744,"hw2",-1.9123,2.3651,"AceraceaeBelow0.50spg","hardwood","Hardwood",0.44,-2.047,2.3852,0.21103,0.95964,NA,"Check",0.162690887876099,0.142304800931639,NA
"Acer","ACRU","NEON.PLA.D05.TREE.01172","TREE_039","TREE","D05",2016-10-18,"Live","single bole tree",NA,130,NA,18.7,31.8,NA,41,"Acer rubrum L.",2.7,12.5,"2016",316,"soft maple/birch","Acer rubrum L.","red maple","Aceraceae","tree","rubrum",0.744,"hw2",-1.9123,2.3651,"AceraceaeBelow0.50spg","hardwood","Hardwood",0.44,-2.047,2.3852,0.21103,0.95964,NA,"Check",528.310258524875,494.980810127429,NA
"Acer","ACRU","NEON.PLA.D05.TREE.00687","TREE_046","TREE","D05",2018-10-10,"Live","single bole tree",NA,130,NA,22.7,32.6,NA,25,"Acer rubrum L.",4.8,350,"2018",316,"soft maple/birch","Acer rubrum L.","red maple","Aceraceae","tree","rubrum",0.744,"hw2",-1.9123,2.3651,"AceraceaeBelow0.50spg","hardwood","Hardwood",0.44,-2.047,2.3852,0.21103,0.95964,NA,"Check",560.285790220796,525.201327601099,NA
"Acer","ACRU","NEON.PLA.D05.TREE.01349B","TREE_039","TREE","D05",2020-10-01,"Live","multi-bole tree",NA,130,NA,NA,19.4,NA,NA,"Acer rubrum L.",NA,NA,"2020",316,"soft maple/birch","Acer rubrum L.","red maple","Aceraceae","tree","rubrum",0.744,"hw2",-1.9123,2.3651,"AceraceaeBelow0.50spg","hardwood","Hardwood",0.44,-2.047,2.3852,0.21103,0.95964,NA,"Check",164.164229895948,152.28736834872,NA
"Acer","ACRU","NEON.PLA.D05.TREE.00435","TREE_052","TREE","D05",2018-08-29,"Live","single bole tree",NA,130,NA,10.5,14.8,NA,41,"Acer rubrum L.",8.9,188.4,"2018",316,"soft maple/birch","Acer rubrum L.","red maple","Aceraceae","tree","rubrum",0.744,"hw2",-1.9123,2.3651,"AceraceaeBelow0.50spg","hardwood","Hardwood",0.44,-2.047,2.3852,0.21103,0.95964,NA,"Check",86.5535021969129,79.8559791452503,NA
"Acer","ACRU","NEON.PLA.D05.TREE.01481","TREE_039","TREE","D05",2016-10-18,"Live","multi-bole tree",NA,160,NA,20.7,24,NA,25,"Acer rubrum L.",20.2,286.3,"2016",316,"soft maple/birch","Acer rubrum L.","red maple","Aceraceae","tree","rubrum",0.744,"hw2",-1.9123,2.3651,"AceraceaeBelow0.50spg","hardwood","Hardwood",0.44,-2.047,2.3852,0.21103,0.95964,NA,"Check",271.541535830182,252.975841530351,NA
"Acer","ACRU","NEON.PLA.D05.TREE.01481","TREE_039","TREE","D05",2019-10-23,"Live","multi-bole tree",NA,150,NA,21.6,26.3,NA,25,"Acer rubrum L.",20.2,286.3,"2019",316,"soft maple/birch","Acer rubrum L.","red maple","Aceraceae","tree","rubrum",0.744,"hw2",-1.9123,2.3651,"AceraceaeBelow0.50spg","hardwood","Hardwood",0.44,-2.047,2.3852,0.21103,0.95964,NA,"Check",337.159967273274,314.686162841566,NA
"Acer","ACRU","NEON.PLA.D05.TREE.03847","TREE_019","TREE","D05",2017-10-23,"Live","small tree",NA,130,NA,3.1,1.3,NA,NA,"Acer rubrum L.",NA,NA,"2017",316,"soft maple/birch","Acer rubrum L.","red maple","Aceraceae","tree","rubrum",0.744,"hw2",-1.9123,2.3651,"AceraceaeBelow0.50spg","hardwood","Hardwood",0.44,-2.047,2.3852,0.21103,0.95964,NA,"Check",0.136534761067149,0.119248423248435,NA
"Acer","ACRU","NEON.PLA.D05.TREE.00930","TREE_048","TREE","D05",2016-10-19,"Live","small tree",NA,130,NA,4.8,2.9,NA,NA,"Acer rubrum L.",NA,NA,"2016",316,"soft maple/birch","Acer rubrum L.","red maple","Aceraceae","tree","rubrum",0.744,"hw2",-1.9123,2.3651,"AceraceaeBelow0.50spg","hardwood","Hardwood",0.44,-2.047,2.3852,0.21103,0.95964,NA,"Check",0.910695764919937,0.808326219230005,NA
"Acer","ACRU","NEON.PLA.D05.TREE.01488","TREE_040","TREE","D05",2019-10-23,"Live","small tree",NA,130,NA,5,4.7,NA,NA,"Acer rubrum L.",NA,NA,"2019",316,"soft maple/birch","Acer rubrum L.","red maple","Aceraceae","tree","rubrum",0.744,"hw2",-1.9123,2.3651,"AceraceaeBelow0.50spg","hardwood","Hardwood",0.44,-2.047,2.3852,0.21103,0.95964,NA,"Check",2.85321471999804,2.55718867350785,NA
"Acer","ACRU","NEON.PLA.D05.TREE.02875","TREE_017","TREE","D05",2017-10-23,"Live","single bole tree","Full sun",160,NA,22,50,NA,41,"Acer rubrum L.",3.8,106.4,"2017",316,"soft maple/birch","Acer rubrum L.","red maple","Aceraceae","tree","rubrum",0.744,"hw2",-1.9123,2.3651,"AceraceaeBelow0.50spg","hardwood","Hardwood",0.44,-2.047,2.3852,0.21103,0.95964,NA,"Check",1540.75157202149,1456.74135643452,NA
"Acer","ACRU","NEON.PLA.D05.TREE.03058","TREE_012","TREE","D05",2019-10-17,"Live","small tree",NA,130,NA,2.1,1.2,NA,NA,"Acer rubrum L.",NA,NA,"2019",316,"soft maple/birch","Acer rubrum L.","red maple","Aceraceae","tree","rubrum",0.744,"hw2",-1.9123,2.3651,"AceraceaeBelow0.50spg","hardwood","Hardwood",0.44,-2.047,2.3852,0.21103,0.95964,NA,"Check",0.112986713722055,0.0985231002614041,NA
"Acer","ACRU","NEON.PLA.D05.TREE.03058","TREE_012","TREE","D05",2017-10-30,"Live","small tree",NA,130,NA,2.1,1,NA,NA,"Acer rubrum L.",NA,NA,"2017",316,"soft maple/birch","Acer rubrum L.","red maple","Aceraceae","tree","rubrum",0.744,"hw2",-1.9123,2.3651,"AceraceaeBelow0.50spg","hardwood","Hardwood",0.44,-2.047,2.3852,0.21103,0.95964,NA,"Check",0.073410099398862,0.0637785969993142,NA
"Acer","ACRU","NEON.PLA.D05.TREE.01158","TREE_045","TREE","D05",2016-10-18,"Live","single bole tree",NA,130,NA,14.8,20,NA,43,"Acer rubrum L.",8.8,227.7,"2016",316,"soft maple/birch","Acer rubrum L.","red maple","Aceraceae","tree","rubrum",0.744,"hw2",-1.9123,2.3651,"AceraceaeBelow0.50spg","hardwood","Hardwood",0.44,-2.047,2.3852,0.21103,0.95964,NA,"Check",176.426860110741,163.76305866054,NA
"Acer","ACRU","NEON.PLA.D05.TREE.01471","TREE_041","TREE","D05",2020-09-28,"Live, broken bole","single bole tree","Partially shaded",130,NA,18.8,27.7,NA,21,"Acer rubrum L.",12.5,44.2,"2020",316,"soft maple/birch","Acer rubrum L.","red maple","Aceraceae","tree","rubrum",0.744,"hw2",-1.9123,2.3651,"AceraceaeBelow0.50spg","hardwood","Hardwood",0.44,-2.047,2.3852,0.21103,0.95964,NA,"Check",381.160215722697,356.124572340631,NA
"Acer","ACRU","NEON.PLA.D05.TREE.01471","TREE_041","TREE","D05",2016-10-18,"Live","single bole tree",NA,130,NA,23.3,27,NA,21,"Acer rubrum L.",12.5,44.2,"2016",316,"soft maple/birch","Acer rubrum L.","red maple","Aceraceae","tree","rubrum",0.744,"hw2",-1.9123,2.3651,"AceraceaeBelow0.50spg","hardwood","Hardwood",0.44,-2.047,2.3852,0.21103,0.95964,NA,"Check",358.770809794319,335.033354584814,NA
"Acer","ACRU","NEON.PLA.D05.TREE.02454","TREE_012","TREE","D05",2019-10-17,"Live","small tree",NA,130,NA,1.2,1.7,NA,NA,"Acer rubrum L.",NA,NA,"2019",316,"soft maple/birch","Acer rubrum L.","red maple","Aceraceae","tree","rubrum",0.744,"hw2",-1.9123,2.3651,"AceraceaeBelow0.50spg","hardwood","Hardwood",0.44,-2.047,2.3852,0.21103,0.95964,NA,"Check",0.257507899353021,0.226121432805832,NA
"Acer","ACRU","NEON.PLA.D05.TREE.02454","TREE_012","TREE","D05",2017-10-30,"Live, physically damaged","small tree",NA,130,NA,0.8,1.5,NA,NA,"Acer rubrum L.",NA,NA,"2017",316,"soft maple/birch","Acer rubrum L.","red maple","Aceraceae","tree","rubrum",0.744,"hw2",-1.9123,2.3651,"AceraceaeBelow0.50spg","hardwood","Hardwood",0.44,-2.047,2.3852,0.21103,0.95964,NA,"Check",0.191526666069617,0.16775977404484,NA
"Acer","ACRU","NEON.PLA.D05.TREE.02381","TREE_019","TREE","D05",2019-10-30,"Live","small tree",NA,130,NA,3.4,1.6,NA,NA,"Acer rubrum L.",NA,NA,"2019",316,"soft maple/birch","Acer rubrum L.","red maple","Aceraceae","tree","rubrum",0.744,"hw2",-1.9123,2.3651,"AceraceaeBelow0.50spg","hardwood","Hardwood",0.44,-2.047,2.3852,0.21103,0.95964,NA,"Check",0.223110486445256,0.19567797440468,NA
"Acer","ACRU","NEON.PLA.D05.TREE.02998","TREE_060","TREE","D05",2019-11-05,"Live","small tree",NA,130,NA,3.4,1.9,NA,NA,"Acer rubrum L.",NA,NA,"2019",316,"soft maple/birch","Acer rubrum L.","red maple","Aceraceae","tree","rubrum",0.744,"hw2",-1.9123,2.3651,"AceraceaeBelow0.50spg","hardwood","Hardwood",0.44,-2.047,2.3852,0.21103,0.95964,NA,"Check",0.334993170929283,0.294820752534051,NA
"Acer","ACRU","NEON.PLA.D05.TREE.02003","TREE_019","TREE","D05",2017-10-23,"Live","small tree",NA,130,NA,2.6,1.1,NA,NA,"Acer rubrum L.",NA,NA,"2017",316,"soft maple/birch","Acer rubrum L.","red maple","Aceraceae","tree","rubrum",0.744,"hw2",-1.9123,2.3651,"AceraceaeBelow0.50spg","hardwood","Hardwood",0.44,-2.047,2.3852,0.21103,0.95964,NA,"Check",0.0919715809305997,0.0800580106252001,NA
"Acer","ACRU","NEON.PLA.D05.TREE.01382","TREE_040","TREE","D05",2021-10-05,"Live","single bole tree","Mostly shaded",130,NA,13.3,20.6,NA,25,"Acer rubrum L.",13.7,308.8,"2021",316,"soft maple/birch","Acer rubrum L.","red maple","Aceraceae","tree","rubrum",0.744,"hw2",-1.9123,2.3651,"AceraceaeBelow0.50spg","hardwood","Hardwood",0.44,-2.047,2.3852,0.21103,0.95964,NA,"Check",189.202131680398,175.725703064047,NA
"Acer","ACRU","NEON.PLA.D05.TREE.03998","TREE_010","TREE","D05",2017-10-24,"Live","small tree",NA,130,NA,4.3,2.4,NA,NA,"Acer rubrum L.",NA,NA,"2017",316,"soft maple/birch","Acer rubrum L.","red maple","Aceraceae","tree","rubrum",0.744,"hw2",-1.9123,2.3651,"AceraceaeBelow0.50spg","hardwood","Hardwood",0.44,-2.047,2.3852,0.21103,0.95964,NA,"Check",0.582094398236063,0.514700766654275,NA
"Acer","ACRU","NEON.PLA.D05.TREE.00206A","TREE_025","TREE","D05",2016-10-18,"Live","multi-bole tree",NA,160,NA,NA,20,NA,41,"Acer rubrum L.",13.2,110,"2016",316,"soft maple/birch","Acer rubrum L.","red maple","Aceraceae","tree","rubrum",0.744,"hw2",-1.9123,2.3651,"AceraceaeBelow0.50spg","hardwood","Hardwood",0.44,-2.047,2.3852,0.21103,0.95964,NA,"Check",176.426860110741,163.76305866054,NA
"Acer","ACRU","NEON.PLA.D05.TREE.05064","TREE_018","TREE","D05",2019-10-30,"Live","small tree",NA,130,NA,2.3,1,NA,NA,"Acer rubrum L.",NA,NA,"2019",316,"soft maple/birch","Acer rubrum L.","red maple","Aceraceae","tree","rubrum",0.744,"hw2",-1.9123,2.3651,"AceraceaeBelow0.50spg","hardwood","Hardwood",0.44,-2.047,2.3852,0.21103,0.95964,NA,"Check",0.073410099398862,0.0637785969993142,NA
"Acer","ACRU","NEON.PLA.D05.TREE.00238","TREE_056","TREE","D05",2017-08-28,"Live","single bole tree",NA,130,NA,19.3,28.7,NA,61,"Acer rubrum L.",10.8,227.5,"2017",316,"soft maple/birch","Acer rubrum L.","red maple","Aceraceae","tree","rubrum",0.744,"hw2",-1.9123,2.3651,"AceraceaeBelow0.50spg","hardwood","Hardwood",0.44,-2.047,2.3852,0.21103,0.95964,NA,"Check",414.510118266425,387.560132430688,NA
"Acer","ACRU","NEON.PLA.D05.TREE.00726","TREE_025","TREE","D05",2015-08-04,"Live","small tree","Mostly shaded",130,NA,5.4,3.5,NA,NA,"Acer rubrum L.",NA,NA,"2015",316,"soft maple/birch","Acer rubrum L.","red maple","Aceraceae","tree","rubrum",0.744,"hw2",-1.9123,2.3651,"AceraceaeBelow0.50spg","hardwood","Hardwood",0.44,-2.047,2.3852,0.21103,0.95964,NA,"Check",1.42079409615594,1.26586111930169,NA
"Acer","ACRU","NEON.PLA.D05.TREE.00461","TREE_057","TREE","D05",2018-10-16,"Live","multi-bole tree",NA,130,NA,20.7,32.1,NA,57,"Acer rubrum L.",6.8,153.8,"2018",316,"soft maple/birch","Acer rubrum L.","red maple","Aceraceae","tree","rubrum",0.744,"hw2",-1.9123,2.3651,"AceraceaeBelow0.50spg","hardwood","Hardwood",0.44,-2.047,2.3852,0.21103,0.95964,NA,"Check",540.174046993234,506.191675593903,NA
"Acer","ACRU","NEON.PLA.D05.TREE.00687","TREE_046","TREE","D05",2015-07-28,"Live","single bole tree","Full sun",130,NA,18.9,31.5,NA,25,"Acer rubrum L.",4.8,350,"2015",316,"soft maple/birch","Acer rubrum L.","red maple","Aceraceae","tree","rubrum",0.744,"hw2",-1.9123,2.3651,"AceraceaeBelow0.50spg","hardwood","Hardwood",0.44,-2.047,2.3852,0.21103,0.95964,NA,"Check",516.598276617291,483.915494976848,NA
"Acer","ACRU","NEON.PLA.D05.TREE.02021","TREE_018","TREE","D05",2018-04-25,"Live","small tree",NA,130,NA,4.6,2.3,NA,NA,"Acer rubrum L.",NA,NA,"2018",316,"soft maple/birch","Acer rubrum L.","red maple","Aceraceae","tree","rubrum",0.744,"hw2",-1.9123,2.3651,"AceraceaeBelow0.50spg","hardwood","Hardwood",0.44,-2.047,2.3852,0.21103,0.95964,NA,"Check",0.526354471942132,0.465016320984426,NA
"Acer","ACRU","NEON.PLA.D05.TREE.00924","TREE_039","TREE","D05",2020-10-01,"Live","single bole tree","Partially shaded",130,NA,18.8,40.2,NA,41,"Acer rubrum L.",14,42.5,"2020",316,"soft maple/birch","Acer rubrum L.","red maple","Aceraceae","tree","rubrum",0.744,"hw2",-1.9123,2.3651,"AceraceaeBelow0.50spg","hardwood","Hardwood",0.44,-2.047,2.3852,0.21103,0.95964,NA,"Check",919.715912275678,865.763310733405,NA
"Acer","ACRU","NEON.PLA.D05.TREE.00697","TREE_046","TREE","D05",2017-09-25,"Live","single bole tree",NA,130,NA,21.1,35.5,NA,25,"Acer rubrum L.",8.3,283.4,"2017",316,"soft maple/birch","Acer rubrum L.","red maple","Aceraceae","tree","rubrum",0.744,"hw2",-1.9123,2.3651,"AceraceaeBelow0.50spg","hardwood","Hardwood",0.44,-2.047,2.3852,0.21103,0.95964,NA,"Check",685.399431808831,643.581961772536,NA
"Acer","ACRU","NEON.PLA.D05.TREE.01258","TREE_043","TREE","D05",2015-08-05,"Live","small tree","Full shade",10,NA,1.9,1.1,NA,NA,"Acer rubrum L.",NA,NA,"2015",316,"soft maple/birch","Acer rubrum L.","red maple","Aceraceae","tree","rubrum",0.744,"hw2",-1.9123,2.3651,"AceraceaeBelow0.50spg","hardwood","Hardwood",0.44,-2.047,2.3852,0.21103,0.95964,0.777869901180713,"Check",0.0405265729840604,0.0350321070858799,NA
"Acer","ACRU","NEON.PLA.D05.TREE.00697","TREE_046","TREE","D05",2016-09-29,"Live","single bole tree",NA,130,NA,21.3,35.1,NA,25,"Acer rubrum L.",8.3,283.4,"2016",316,"soft maple/birch","Acer rubrum L.","red maple","Aceraceae","tree","rubrum",0.744,"hw2",-1.9123,2.3651,"AceraceaeBelow0.50spg","hardwood","Hardwood",0.44,-2.047,2.3852,0.21103,0.95964,NA,"Check",667.274492123819,626.420165220984,NA
"Acer","ACRU","NEON.PLA.D05.TREE.01481","TREE_039","TREE","D05",2017-10-17,"Live","multi-bole tree",NA,150,NA,21.3,24.5,NA,25,"Acer rubrum L.",20.2,286.3,"2017",316,"soft maple/birch","Acer rubrum L.","red maple","Aceraceae","tree","rubrum",0.744,"hw2",-1.9123,2.3651,"AceraceaeBelow0.50spg","hardwood","Hardwood",0.44,-2.047,2.3852,0.21103,0.95964,NA,"Check",285.111915832586,265.728502427983,NA
"Acer","ACRU","NEON.PLA.D05.TREE.01481","TREE_039","TREE","D05",2021-09-30,"Live","multi-bole tree","Partially shaded",140,NA,21.9,27,NA,25,"Acer rubrum L.",20.2,286.3,"2021",316,"soft maple/birch","Acer rubrum L.","red maple","Aceraceae","tree","rubrum",0.744,"hw2",-1.9123,2.3651,"AceraceaeBelow0.50spg","hardwood","Hardwood",0.44,-2.047,2.3852,0.21103,0.95964,NA,"Check",358.770809794319,335.033354584814,NA
"Acer","ACRU","NEON.PLA.D05.TREE.02089A","TREE_003","TREE","D05",2018-04-25,"Live","multi-bole tree",NA,130,NA,NA,22,NA,49,"Acer rubrum L.",8.5,157.9,"2018",316,"soft maple/birch","Acer rubrum L.","red maple","Aceraceae","tree","rubrum",0.744,"hw2",-1.9123,2.3651,"AceraceaeBelow0.50spg","hardwood","Hardwood",0.44,-2.047,2.3852,0.21103,0.95964,NA,"Check",221.035761780458,205.563391280021,NA
"Acer","ACRU","NEON.PLA.D05.TREE.02405","TREE_012","TREE","D05",2017-10-30,"Live","small tree",NA,130,NA,2.8,1.2,NA,NA,"Acer rubrum L.",NA,NA,"2017",316,"soft maple/birch","Acer rubrum L.","red maple","Aceraceae","tree","rubrum",0.744,"hw2",-1.9123,2.3651,"AceraceaeBelow0.50spg","hardwood","Hardwood",0.44,-2.047,2.3852,0.21103,0.95964,NA,"Check",0.112986713722055,0.0985231002614041,NA
"Acer","ACRU","NEON.PLA.D05.TREE.00710","TREE_025","TREE","D05",2017-10-18,"Live","single bole tree",NA,130,NA,15.5,25.5,NA,41,"Acer rubrum L.",7,240.9,"2017",316,"soft maple/birch","Acer rubrum L.","red maple","Aceraceae","tree","rubrum",0.744,"hw2",-1.9123,2.3651,"AceraceaeBelow0.50spg","hardwood","Hardwood",0.44,-2.047,2.3852,0.21103,0.95964,NA,"Check",313.405665474538,292.333666709991,NA
"Acer","ACRU","NEON.PLA.D05.TREE.01286","TREE_039","TREE","D05",2019-10-23,"Live","single bole tree",NA,130,NA,10.9,10.1,NA,NA,"Acer rubrum L.",NA,NA,"2019",316,"soft maple/birch","Acer rubrum L.","red maple","Aceraceae","tree","rubrum",0.744,"hw2",-1.9123,2.3651,"AceraceaeBelow0.50spg","hardwood","Hardwood",0.44,-2.047,2.3852,0.21103,0.95964,NA,"Check",35.060583804626,32.1001111568558,NA
"Acer","ACRU","NEON.PLA.D05.TREE.02524A","TREE_014","TREE","D05",2019-10-16,"Live","multi-bole tree","Full sun",130,NA,13.2,13,NA,41,"Acer rubrum L.",NA,NA,"2019",316,"soft maple/birch","Acer rubrum L.","red maple","Aceraceae","tree","rubrum",0.744,"hw2",-1.9123,2.3651,"AceraceaeBelow0.50spg","hardwood","Hardwood",0.44,-2.047,2.3852,0.21103,0.95964,NA,"Check",63.6921757480048,58.6106961109378,NA
"Acer","ACRU","NEON.PLA.D05.TREE.01110A","TREE_039","TREE","D05",2016-10-18,"Live","multi-bole tree",NA,130,NA,NA,29.7,NA,NA,"Acer rubrum L.",NA,NA,"2016",316,"soft maple/birch","Acer rubrum L.","red maple","Aceraceae","tree","rubrum",0.744,"hw2",-1.9123,2.3651,"AceraceaeBelow0.50spg","hardwood","Hardwood",0.44,-2.047,2.3852,0.21103,0.95964,NA,"Check",449.484728106042,420.550233512284,NA
"Acer","ACRU","NEON.PLA.D05.TREE.01110A","TREE_039","TREE","D05",2020-10-01,"Live","multi-bole tree",NA,130,NA,NA,29.7,NA,NA,"Acer rubrum L.",NA,NA,"2020",316,"soft maple/birch","Acer rubrum L.","red maple","Aceraceae","tree","rubrum",0.744,"hw2",-1.9123,2.3651,"AceraceaeBelow0.50spg","hardwood","Hardwood",0.44,-2.047,2.3852,0.21103,0.95964,NA,"Check",449.484728106042,420.550233512284,NA
"Acer","ACRU","NEON.PLA.D05.TREE.01110","TREE_039","TREE","D05",2020-10-01,"Live","multi-bole tree","Partially shaded",130,NA,18.1,31.4,NA,41,"Acer rubrum L.",4.2,76.3,"2020",316,"soft maple/birch","Acer rubrum L.","red maple","Aceraceae","tree","rubrum",0.744,"hw2",-1.9123,2.3651,"AceraceaeBelow0.50spg","hardwood","Hardwood",0.44,-2.047,2.3852,0.21103,0.95964,NA,"Check",512.727926884453,480.259309510907,NA
"Acer","ACRU","NEON.PLA.D05.TREE.00905","TREE_043","TREE","D05",2018-10-15,"Live","small tree",NA,130,NA,3.1,1.4,NA,NA,"Acer rubrum L.",NA,NA,"2018",316,"soft maple/birch","Acer rubrum L.","red maple","Aceraceae","tree","rubrum",0.744,"hw2",-1.9123,2.3651,"AceraceaeBelow0.50spg","hardwood","Hardwood",0.44,-2.047,2.3852,0.21103,0.95964,NA,"Check",0.162690887876099,0.142304800931639,NA
"Acer","ACRU","NEON.PLA.D05.TREE.01110","TREE_039","TREE","D05",2016-10-18,"Live","multi-bole tree",NA,130,NA,15.3,31,NA,41,"Acer rubrum L.",4.2,76.3,"2016",316,"soft maple/birch","Acer rubrum L.","red maple","Aceraceae","tree","rubrum",0.744,"hw2",-1.9123,2.3651,"AceraceaeBelow0.50spg","hardwood","Hardwood",0.44,-2.047,2.3852,0.21103,0.95964,NA,"Check",497.414228807279,465.795306011597,NA
"Acer","ACRU","NEON.PLA.D05.TREE.00924","TREE_039","TREE","D05",2016-10-18,"Live","single bole tree",NA,130,NA,15,39.1,NA,41,"Acer rubrum L.",14,42.5,"2016",316,"soft maple/birch","Acer rubrum L.","red maple","Aceraceae","tree","rubrum",0.744,"hw2",-1.9123,2.3651,"AceraceaeBelow0.50spg","hardwood","Hardwood",0.44,-2.047,2.3852,0.21103,0.95964,NA,"Check",861.302903349042,810.324924239782,NA
"Acer","ACRU","NEON.PLA.D05.TREE.01279","TREE_043","TREE","D05",2019-10-23,"Live","small tree",NA,130,NA,3.8,2.2,NA,NA,"Acer rubrum L.",NA,NA,"2019",316,"soft maple/birch","Acer rubrum L.","red maple","Aceraceae","tree","rubrum",0.744,"hw2",-1.9123,2.3651,"AceraceaeBelow0.50spg","hardwood","Hardwood",0.44,-2.047,2.3852,0.21103,0.95964,NA,"Check",0.473826880108353,0.41823612265832,NA
"Acer","ACRU","NEON.PLA.D05.TREE.01279","TREE_043","TREE","D05",2018-10-15,"Live","small tree",NA,130,NA,3.6,2,NA,NA,"Acer rubrum L.",NA,NA,"2018",316,"soft maple/birch","Acer rubrum L.","red maple","Aceraceae","tree","rubrum",0.744,"hw2",-1.9123,2.3651,"AceraceaeBelow0.50spg","hardwood","Hardwood",0.44,-2.047,2.3852,0.21103,0.95964,NA,"Check",0.378200287682932,0.333189807107002,NA
"Acer","ACRU","NEON.PLA.D05.TREE.01303","TREE_039","TREE","D05",2016-10-18,"Live","multi-bole tree",NA,130,NA,19.5,29.8,NA,43,"Acer rubrum L.",4.6,200.1,"2016",316,"soft maple/birch","Acer rubrum L.","red maple","Aceraceae","tree","rubrum",0.744,"hw2",-1.9123,2.3651,"AceraceaeBelow0.50spg","hardwood","Hardwood",0.44,-2.047,2.3852,0.21103,0.95964,NA,"Check",453.072339008087,423.935542047903,NA
"Acer","ACRU","NEON.PLA.D05.TREE.02415","TREE_012","TREE","D05",2019-10-17,"Live","small tree",NA,130,NA,2.8,1,NA,NA,"Acer rubrum L.",NA,NA,"2019",316,"soft maple/birch","Acer rubrum L.","red maple","Aceraceae","tree","rubrum",0.744,"hw2",-1.9123,2.3651,"AceraceaeBelow0.50spg","hardwood","Hardwood",0.44,-2.047,2.3852,0.21103,0.95964,NA,"Check",0.073410099398862,0.0637785969993142,NA
"Acer","ACRU","NEON.PLA.D05.TREE.01467","TREE_041","TREE","D05",2016-10-18,"Live","single bole tree",NA,130,NA,22.8,30.1,NA,41,"Acer rubrum L.",5.9,197.4,"2016",316,"soft maple/birch","Acer rubrum L.","red maple","Aceraceae","tree","rubrum",0.744,"hw2",-1.9123,2.3651,"AceraceaeBelow0.50spg","hardwood","Hardwood",0.44,-2.047,2.3852,0.21103,0.95964,NA,"Check",463.934084894209,434.186184942064,NA
"Acer","ACRU","NEON.PLA.D05.TREE.01481A","TREE_039","TREE","D05",2021-09-30,"Live","multi-bole tree",NA,140,NA,NA,12.1,NA,25,"Acer rubrum L.",20.2,286.3,"2021",316,"soft maple/birch","Acer rubrum L.","red maple","Aceraceae","tree","rubrum",0.744,"hw2",-1.9123,2.3651,"AceraceaeBelow0.50spg","hardwood","Hardwood",0.44,-2.047,2.3852,0.21103,0.95964,NA,"Check",53.7519645415796,49.3922557419742,NA
"Acer","ACRU","NEON.PLA.D05.TREE.02220","TREE_015","TREE","D05",2018-05-08,"Live","multi-bole tree","Partially shaded",130,NA,17.7,23.9,NA,51,"Acer rubrum L.",11.2,243.8,"2018",316,"soft maple/birch","Acer rubrum L.","red maple","Aceraceae","tree","rubrum",0.744,"hw2",-1.9123,2.3651,"AceraceaeBelow0.50spg","hardwood","Hardwood",0.44,-2.047,2.3852,0.21103,0.95964,NA,"Check",268.873213505012,250.468934849441,NA
"Acer","ACRU","NEON.PLA.D05.TREE.02220","TREE_015","TREE","D05",2019-10-24,"Live","multi-bole tree","Full sun",130,NA,16,24.8,NA,51,"Acer rubrum L.",11.2,243.8,"2019",316,"soft maple/birch","Acer rubrum L.","red maple","Aceraceae","tree","rubrum",0.744,"hw2",-1.9123,2.3651,"AceraceaeBelow0.50spg","hardwood","Hardwood",0.44,-2.047,2.3852,0.21103,0.95964,NA,"Check",293.437985554954,273.555433039662,NA
"Acer","ACRU","NEON.PLA.D05.TREE.02965","TREE_009","TREE","D05",2019-10-16,"Live","small tree",NA,130,NA,3,1.3,NA,NA,"Acer rubrum L.",NA,NA,"2019",316,"soft maple/birch","Acer rubrum L.","red maple","Aceraceae","tree","rubrum",0.744,"hw2",-1.9123,2.3651,"AceraceaeBelow0.50spg","hardwood","Hardwood",0.44,-2.047,2.3852,0.21103,0.95964,NA,"Check",0.136534761067149,0.119248423248435,NA
"Acer","ACRU","NEON.PLA.D05.TREE.02220A","TREE_015","TREE","D05",2019-10-24,"Live","multi-bole tree","Full sun",130,NA,16,25,NA,NA,"Acer rubrum L.",NA,NA,"2019",316,"soft maple/birch","Acer rubrum L.","red maple","Aceraceae","tree","rubrum",0.744,"hw2",-1.9123,2.3651,"AceraceaeBelow0.50spg","hardwood","Hardwood",0.44,-2.047,2.3852,0.21103,0.95964,NA,"Check",299.06567957419,278.846825210457,NA
"Acer","ACRU","NEON.PLA.D05.TREE.02222A","TREE_015","TREE","D05",2019-10-24,"Live","multi-bole tree","Partially shaded",130,NA,19.6,14.2,NA,NA,"Acer rubrum L.",NA,NA,"2019",316,"soft maple/birch","Acer rubrum L.","red maple","Aceraceae","tree","rubrum",0.744,"hw2",-1.9123,2.3651,"AceraceaeBelow0.50spg","hardwood","Hardwood",0.44,-2.047,2.3852,0.21103,0.95964,NA,"Check",78.4830415698135,72.3498032736456,NA
"Acer","ACRU","NEON.PLA.D05.TREE.03847","TREE_019","TREE","D05",2019-10-30,"Live","small tree",NA,138,NA,2.9,1.5,NA,NA,"Acer rubrum L.",NA,NA,"2019",316,"soft maple/birch","Acer rubrum L.","red maple","Aceraceae","tree","rubrum",0.744,"hw2",-1.9123,2.3651,"AceraceaeBelow0.50spg","hardwood","Hardwood",0.44,-2.047,2.3852,0.21103,0.95964,NA,"Check",0.191526666069617,0.16775977404484,NA
"Acer","ACRU","NEON.PLA.D05.TREE.01481A","TREE_039","TREE","D05",2020-10-01,"Live","multi-bole tree",NA,140,NA,NA,11.7,NA,25,"Acer rubrum L.",20.2,286.3,"2020",316,"soft maple/birch","Acer rubrum L.","red maple","Aceraceae","tree","rubrum",0.744,"hw2",-1.9123,2.3651,"AceraceaeBelow0.50spg","hardwood","Hardwood",0.44,-2.047,2.3852,0.21103,0.95964,NA,"Check",49.6438030369609,45.586485659113,NA
"Acer","ACRU","NEON.PLA.D05.TREE.01254","TREE_045","TREE","D05",2017-10-19,"Live","single bole tree",NA,130,NA,16.5,22,NA,57,"Acer rubrum L.",18.6,165.3,"2017",316,"soft maple/birch","Acer rubrum L.","red maple","Aceraceae","tree","rubrum",0.744,"hw2",-1.9123,2.3651,"AceraceaeBelow0.50spg","hardwood","Hardwood",0.44,-2.047,2.3852,0.21103,0.95964,NA,"Check",221.035761780458,205.563391280021,NA
"Acer","ACRU","NEON.PLA.D05.TREE.01481A","TREE_039","TREE","D05",2019-10-23,"Live","multi-bole tree",NA,130,NA,21.6,11.8,NA,25,"Acer rubrum L.",20.2,286.3,"2019",316,"soft maple/birch","Acer rubrum L.","red maple","Aceraceae","tree","rubrum",0.744,"hw2",-1.9123,2.3651,"AceraceaeBelow0.50spg","hardwood","Hardwood",0.44,-2.047,2.3852,0.21103,0.95964,NA,"Check",50.6531895911395,46.5213339715493,NA
"Acer","ACRU","NEON.PLA.D05.TREE.01020","TREE_048","TREE","D05",2018-10-16,"Live","small tree",NA,130,NA,4.2,2.2,NA,NA,"Acer rubrum L.",NA,NA,"2018",316,"soft maple/birch","Acer rubrum L.","red maple","Aceraceae","tree","rubrum",0.744,"hw2",-1.9123,2.3651,"AceraceaeBelow0.50spg","hardwood","Hardwood",0.44,-2.047,2.3852,0.21103,0.95964,NA,"Check",0.473826880108353,0.41823612265832,NA
"Acer","ACRU","NEON.PLA.D05.TREE.01364","TREE_040","TREE","D05",2018-10-18,"Live","single bole tree",NA,130,NA,10.9,20.5,NA,43,"Acer rubrum L.",5.9,233.1,"2018",316,"soft maple/birch","Acer rubrum L.","red maple","Aceraceae","tree","rubrum",0.744,"hw2",-1.9123,2.3651,"AceraceaeBelow0.50spg","hardwood","Hardwood",0.44,-2.047,2.3852,0.21103,0.95964,NA,"Check",187.03708229158,173.697874825544,NA
"Acer","ACRU","NEON.PLA.D05.TREE.00776","TREE_025","TREE","D05",2015-08-04,"Live","small tree","Mostly shaded",130,NA,4.2,3,NA,NA,"Acer rubrum L.",NA,NA,"2015",316,"soft maple/birch","Acer rubrum L.","red maple","Aceraceae","tree","rubrum",0.744,"hw2",-1.9123,2.3651,"AceraceaeBelow0.50spg","hardwood","Hardwood",0.44,-2.047,2.3852,0.21103,0.95964,NA,"Check",0.98672309123184,0.876404458299943,NA
"Acer","ACRU","NEON.PLA.D05.TREE.02973","TREE_009","TREE","D05",2019-10-16,"Live","small tree",NA,130,NA,3.2,1.3,NA,NA,"Acer rubrum L.",NA,NA,"2019",316,"soft maple/birch","Acer rubrum L.","red maple","Aceraceae","tree","rubrum",0.744,"hw2",-1.9123,2.3651,"AceraceaeBelow0.50spg","hardwood","Hardwood",0.44,-2.047,2.3852,0.21103,0.95964,NA,"Check",0.136534761067149,0.119248423248435,NA
"Acer","ACRU","NEON.PLA.D05.TREE.03851","TREE_019","TREE","D05",2019-10-30,"Live","small tree",NA,130,NA,2.6,1.1,NA,NA,"Acer rubrum L.",NA,NA,"2019",316,"soft maple/birch","Acer rubrum L.","red maple","Aceraceae","tree","rubrum",0.744,"hw2",-1.9123,2.3651,"AceraceaeBelow0.50spg","hardwood","Hardwood",0.44,-2.047,2.3852,0.21103,0.95964,NA,"Check",0.0919715809305997,0.0800580106252001,NA
"Acer","ACRU","NEON.PLA.D05.TREE.00726","TREE_025","TREE","D05",2017-10-18,"Live","small tree",NA,130,NA,6.8,3.7,NA,NA,"Acer rubrum L.",NA,NA,"2017",316,"soft maple/birch","Acer rubrum L.","red maple","Aceraceae","tree","rubrum",0.744,"hw2",-1.9123,2.3651,"AceraceaeBelow0.50spg","hardwood","Hardwood",0.44,-2.047,2.3852,0.21103,0.95964,NA,"Check",1.62035326926363,1.44527241499666,NA
"Acer","ACRU","NEON.PLA.D05.TREE.00924","TREE_039","TREE","D05",2021-09-30,"Live","single bole tree","Partially shaded",130,NA,18.8,40.5,NA,41,"Acer rubrum L.",14,42.5,"2021",316,"soft maple/birch","Acer rubrum L.","red maple","Aceraceae","tree","rubrum",0.744,"hw2",-1.9123,2.3651,"AceraceaeBelow0.50spg","hardwood","Hardwood",0.44,-2.047,2.3852,0.21103,0.95964,NA,"Check",936.03165839151,881.253625934062,NA
"Acer","ACRU","NEON.PLA.D05.TREE.01279","TREE_043","TREE","D05",2020-10-05,"Live","small tree","Full shade",130,NA,3.4,2.8,NA,NA,"Acer rubrum L.",NA,NA,"2020",316,"soft maple/birch","Acer rubrum L.","red maple","Aceraceae","tree","rubrum",0.744,"hw2",-1.9123,2.3651,"AceraceaeBelow0.50spg","hardwood","Hardwood",0.44,-2.047,2.3852,0.21103,0.95964,NA,"Check",0.838164518260904,0.743423521425579,NA
"Acer","ACRU","NEON.PLA.D05.TREE.00157","TREE_049","TREE","D05",2017-09-18,"Live","single bole tree",NA,130,NA,21.9,38,NA,25,"Acer rubrum L.",14.8,313.5,"2017",316,"soft maple/birch","Acer rubrum L.","red maple","Aceraceae","tree","rubrum",0.744,"hw2",-1.9123,2.3651,"AceraceaeBelow0.50spg","hardwood","Hardwood",0.44,-2.047,2.3852,0.21103,0.95964,NA,"Check",805.090768021904,757.00549185956,NA
"Acer","ACRU","NEON.PLA.D05.TREE.02010","TREE_018","TREE","D05",2019-10-30,"Live","small tree",NA,130,NA,2.8,2.4,NA,NA,"Acer rubrum L.",NA,NA,"2019",316,"soft maple/birch","Acer rubrum L.","red maple","Aceraceae","tree","rubrum",0.744,"hw2",-1.9123,2.3651,"AceraceaeBelow0.50spg","hardwood","Hardwood",0.44,-2.047,2.3852,0.21103,0.95964,NA,"Check",0.582094398236063,0.514700766654275,NA
"Acer","ACRU","NEON.PLA.D05.TREE.01467","TREE_041","TREE","D05",2019-10-23,"Live","single bole tree",NA,130,NA,22.5,31.7,NA,41,"Acer rubrum L.",5.9,197.4,"2019",316,"soft maple/birch","Acer rubrum L.","red maple","Aceraceae","tree","rubrum",0.744,"hw2",-1.9123,2.3651,"AceraceaeBelow0.50spg","hardwood","Hardwood",0.44,-2.047,2.3852,0.21103,0.95964,NA,"Check",524.389422994011,491.276225619101,NA
"Acer","ACRU","NEON.PLA.D05.TREE.01158","TREE_045","TREE","D05",2015-08-11,"Live","single bole tree","Partially shaded",130,NA,13.8,19.4,NA,43,"Acer rubrum L.",8.8,227.7,"2015",316,"soft maple/birch","Acer rubrum L.","red maple","Aceraceae","tree","rubrum",0.744,"hw2",-1.9123,2.3651,"AceraceaeBelow0.50spg","hardwood","Hardwood",0.44,-2.047,2.3852,0.21103,0.95964,NA,"Check",164.164229895948,152.28736834872,NA
"Acer","ACRU","NEON.PLA.D05.TREE.01172","TREE_039","TREE","D05",2018-10-17,"Live","single bole tree",NA,130,NA,19.1,32.3,NA,41,"Acer rubrum L.",2.7,12.5,"2018",316,"soft maple/birch","Acer rubrum L.","red maple","Aceraceae","tree","rubrum",0.744,"hw2",-1.9123,2.3651,"AceraceaeBelow0.50spg","hardwood","Hardwood",0.44,-2.047,2.3852,0.21103,0.95964,NA,"Check",548.167833853256,513.746707762267,NA
"Acer","ACRU","NEON.PLA.D05.TREE.02965","TREE_009","TREE","D05",2017-10-26,"Live","small tree",NA,130,NA,2.6,1,NA,NA,"Acer rubrum L.",NA,NA,"2017",316,"soft maple/birch","Acer rubrum L.","red maple","Aceraceae","tree","rubrum",0.744,"hw2",-1.9123,2.3651,"AceraceaeBelow0.50spg","hardwood","Hardwood",0.44,-2.047,2.3852,0.21103,0.95964,NA,"Check",0.073410099398862,0.0637785969993142,NA
"Acer","ACRU","NEON.PLA.D05.TREE.02742","TREE_010","TREE","D05",2017-10-24,"Live","small tree",NA,130,NA,7.6,4.8,NA,NA,"Acer rubrum L.",NA,NA,"2017",316,"soft maple/birch","Acer rubrum L.","red maple","Aceraceae","tree","rubrum",0.744,"hw2",-1.9123,2.3651,"AceraceaeBelow0.50spg","hardwood","Hardwood",0.44,-2.047,2.3852,0.21103,0.95964,NA,"Check",2.99888258801234,2.68888086643248,NA
"Acer","ACRU","NEON.PLA.D05.TREE.00697","TREE_046","TREE","D05",2018-10-10,"Live","single bole tree",NA,130,NA,23,36,NA,25,"Acer rubrum L.",8.3,283.4,"2018",316,"soft maple/birch","Acer rubrum L.","red maple","Aceraceae","tree","rubrum",0.744,"hw2",-1.9123,2.3651,"AceraceaeBelow0.50spg","hardwood","Hardwood",0.44,-2.047,2.3852,0.21103,0.95964,NA,"Check",708.450819204098,665.413979150264,NA
"Acer","ACRU","NEON.PLA.D05.TREE.00821A","TREE_057","TREE","D05",2018-10-16,"Live","multi-bole tree",NA,130,NA,12.1,7.7,NA,39,"Acer rubrum L.",3.7,81,"2018",316,"soft maple/birch","Acer rubrum L.","red maple","Aceraceae","tree","rubrum",0.744,"hw2",-1.9123,2.3651,"AceraceaeBelow0.50spg","hardwood","Hardwood",0.44,-2.047,2.3852,0.21103,0.95964,NA,"Check",9.17054246446606,8.30104253259685,NA
"Acer","ACRU","NEON.PLA.D05.TREE.01424","TREE_039","TREE","D05",2019-10-23,"Live","single bole tree",NA,130,NA,21.5,42.5,NA,25,"Acer rubrum L.",11.2,270.3,"2019",316,"soft maple/birch","Acer rubrum L.","red maple","Aceraceae","tree","rubrum",0.744,"hw2",-1.9123,2.3651,"AceraceaeBelow0.50spg","hardwood","Hardwood",0.44,-2.047,2.3852,0.21103,0.95964,NA,"Check",1049.06239804012,988.627009945418,NA
"Acer","ACRU","NEON.PLA.D05.TREE.01488","TREE_040","TREE","D05",2020-09-29,"Live","small tree","Partially shaded",130,NA,5.8,4.8,NA,NA,"Acer rubrum L.",NA,NA,"2020",316,"soft maple/birch","Acer rubrum L.","red maple","Aceraceae","tree","rubrum",0.744,"hw2",-1.9123,2.3651,"AceraceaeBelow0.50spg","hardwood","Hardwood",0.44,-2.047,2.3852,0.21103,0.95964,NA,"Check",2.99888258801234,2.68888086643248,NA
"Acer","ACRU","NEON.PLA.D05.TREE.03840","TREE_019","TREE","D05",2019-10-30,"Live","small tree",NA,130,NA,3.6,1,NA,NA,"Acer rubrum L.",NA,NA,"2019",316,"soft maple/birch","Acer rubrum L.","red maple","Aceraceae","tree","rubrum",0.744,"hw2",-1.9123,2.3651,"AceraceaeBelow0.50spg","hardwood","Hardwood",0.44,-2.047,2.3852,0.21103,0.95964,NA,"Check",0.073410099398862,0.0637785969993142,NA
"Acer","ACRU","NEON.PLA.D05.TREE.02219","TREE_015","TREE","D05",2019-10-24,"Live","single bole tree","Partially shaded",130,NA,15.8,22.1,NA,51,"Acer rubrum L.",11.9,219.3,"2019",316,"soft maple/birch","Acer rubrum L.","red maple","Aceraceae","tree","rubrum",0.744,"hw2",-1.9123,2.3651,"AceraceaeBelow0.50spg","hardwood","Hardwood",0.44,-2.047,2.3852,0.21103,0.95964,NA,"Check",223.419373034474,207.799092577953,NA
"Acer","ACRU","NEON.PLA.D05.TREE.03982","TREE_010","TREE","D05",2019-10-10,"Live","small tree",NA,130,NA,3.2,1.7,NA,NA,"Acer rubrum L.",NA,NA,"2019",316,"soft maple/birch","Acer rubrum L.","red maple","Aceraceae","tree","rubrum",0.744,"hw2",-1.9123,2.3651,"AceraceaeBelow0.50spg","hardwood","Hardwood",0.44,-2.047,2.3852,0.21103,0.95964,NA,"Check",0.257507899353021,0.226121432805832,NA
"Acer","ACRU","NEON.PLA.D05.TREE.02523B","TREE_014","TREE","D05",2017-10-26,"Live","multi-bole tree",NA,130,NA,NA,34.5,NA,NA,"Acer rubrum L.",NA,NA,"2017",316,"soft maple/birch","Acer rubrum L.","red maple","Aceraceae","tree","rubrum",0.744,"hw2",-1.9123,2.3651,"AceraceaeBelow0.50spg","hardwood","Hardwood",0.44,-2.047,2.3852,0.21103,0.95964,NA,"Check",640.611313163539,601.181075613022,NA
"Acer","ACRU","NEON.PLA.D05.TREE.02524","TREE_014","TREE","D05",2019-10-16,"Live","multi-bole tree","Full sun",140,NA,13.2,37.9,NA,41,"Acer rubrum L.",0.8,1,"2019",316,"soft maple/birch","Acer rubrum L.","red maple","Aceraceae","tree","rubrum",0.744,"hw2",-1.9123,2.3651,"AceraceaeBelow0.50spg","hardwood","Hardwood",0.44,-2.047,2.3852,0.21103,0.95964,NA,"Check",800.088922967534,752.262545410245,NA
"Acer","ACRU","NEON.PLA.D05.TREE.01278","TREE_039","TREE","D05",2019-10-23,"Live","single bole tree",NA,130,NA,21.7,26.7,NA,41,"Acer rubrum L.",1.6,142.1,"2019",316,"soft maple/birch","Acer rubrum L.","red maple","Aceraceae","tree","rubrum",0.744,"hw2",-1.9123,2.3651,"AceraceaeBelow0.50spg","hardwood","Hardwood",0.44,-2.047,2.3852,0.21103,0.95964,NA,"Check",349.414116339438,326.222458344787,NA
"Acer","ACRU","NEON.PLA.D05.TREE.01286","TREE_039","TREE","D05",2021-09-30,"Live","single bole tree","Mostly shaded",130,NA,11.7,10.4,NA,NA,"Acer rubrum L.",NA,NA,"2021",316,"soft maple/birch","Acer rubrum L.","red maple","Aceraceae","tree","rubrum",0.744,"hw2",-1.9123,2.3651,"AceraceaeBelow0.50spg","hardwood","Hardwood",0.44,-2.047,2.3852,0.21103,0.95964,NA,"Check",37.5737215879843,34.4212879530058,NA
"Acer","ACRU","NEON.PLA.D05.TREE.02893","TREE_001","TREE","D05",2017-10-25,"Live","small tree",NA,130,NA,3.4,1.5,NA,NA,"Acer rubrum L.",NA,NA,"2017",316,"soft maple/birch","Acer rubrum L.","red maple","Aceraceae","tree","rubrum",0.744,"hw2",-1.9123,2.3651,"AceraceaeBelow0.50spg","hardwood","Hardwood",0.44,-2.047,2.3852,0.21103,0.95964,NA,"Check",0.191526666069617,0.16775977404484,NA
"Acer","ACRU","NEON.PLA.D05.TREE.02993","TREE_060","TREE","D05",2019-11-05,"Live","small tree",NA,130,NA,2.7,1.4,NA,NA,"Acer rubrum L.",NA,NA,"2019",316,"soft maple/birch","Acer rubrum L.","red maple","Aceraceae","tree","rubrum",0.744,"hw2",-1.9123,2.3651,"AceraceaeBelow0.50spg","hardwood","Hardwood",0.44,-2.047,2.3852,0.21103,0.95964,NA,"Check",0.162690887876099,0.142304800931639,NA
"Acer","ACRU","NEON.PLA.D05.TREE.02403","TREE_012","TREE","D05",2017-10-30,"Live","small tree",NA,130,NA,3.3,1.3,NA,NA,"Acer rubrum L.",NA,NA,"2017",316,"soft maple/birch","Acer rubrum L.","red maple","Aceraceae","tree","rubrum",0.744,"hw2",-1.9123,2.3651,"AceraceaeBelow0.50spg","hardwood","Hardwood",0.44,-2.047,2.3852,0.21103,0.95964,NA,"Check",0.136534761067149,0.119248423248435,NA
"Acer","ACRU","NEON.PLA.D05.TREE.01467","TREE_041","TREE","D05",2018-10-10,"Live","single bole tree",NA,130,NA,24.6,31.2,NA,41,"Acer rubrum L.",5.9,197.4,"2018",316,"soft maple/birch","Acer rubrum L.","red maple","Aceraceae","tree","rubrum",0.744,"hw2",-1.9123,2.3651,"AceraceaeBelow0.50spg","hardwood","Hardwood",0.44,-2.047,2.3852,0.21103,0.95964,NA,"Check",505.037576818146,472.995199671212,NA
"Acer","ACRU","NEON.PLA.D05.TREE.00924","TREE_039","TREE","D05",2015-08-11,"Live","single bole tree","Full sun",130,NA,18.7,39,NA,41,"Acer rubrum L.",14,42.5,"2015",316,"soft maple/birch","Acer rubrum L.","red maple","Aceraceae","tree","rubrum",0.744,"hw2",-1.9123,2.3651,"AceraceaeBelow0.50spg","hardwood","Hardwood",0.44,-2.047,2.3852,0.21103,0.95964,NA,"Check",856.102103879282,805.390488226658,NA
"Acer","ACRU","NEON.PLA.D05.TREE.03772","TREE_002","TREE","D05",2018-05-07,"Live,  other damage","small tree",NA,130,NA,2.7,1.2,NA,NA,"Acer rubrum L.",NA,NA,"2018",316,"soft maple/birch","Acer rubrum L.","red maple","Aceraceae","tree","rubrum",0.744,"hw2",-1.9123,2.3651,"AceraceaeBelow0.50spg","hardwood","Hardwood",0.44,-2.047,2.3852,0.21103,0.95964,NA,"Check",0.112986713722055,0.0985231002614041,NA
"Acer","ACRU","NEON.PLA.D05.TREE.02098","TREE_003","TREE","D05",2018-04-25,"Live","single bole tree","Mostly shaded",130,NA,17,24.7,NA,33,"Acer rubrum L.",5.6,279,"2018",316,"soft maple/birch","Acer rubrum L.","red maple","Aceraceae","tree","rubrum",0.744,"hw2",-1.9123,2.3651,"AceraceaeBelow0.50spg","hardwood","Hardwood",0.44,-2.047,2.3852,0.21103,0.95964,NA,"Check",290.647255512912,270.931791336788,NA
"Acer","ACRU","NEON.PLA.D05.TREE.02960","TREE_009","TREE","D05",2017-10-26,"Live","small tree",NA,130,NA,3.5,1.9,NA,NA,"Acer rubrum L.",NA,NA,"2017",316,"soft maple/birch","Acer rubrum L.","red maple","Aceraceae","tree","rubrum",0.744,"hw2",-1.9123,2.3651,"AceraceaeBelow0.50spg","hardwood","Hardwood",0.44,-2.047,2.3852,0.21103,0.95964,NA,"Check",0.334993170929283,0.294820752534051,NA
"Acer","ACRU","NEON.PLA.D05.TREE.01868","TREE_060","TREE","D05",2019-11-05,"Live","single bole tree","Partially shaded",130,NA,12,10.4,NA,33,"Acer rubrum L.",13.7,329.5,"2019",316,"soft maple/birch","Acer rubrum L.","red maple","Aceraceae","tree","rubrum",0.744,"hw2",-1.9123,2.3651,"AceraceaeBelow0.50spg","hardwood","Hardwood",0.44,-2.047,2.3852,0.21103,0.95964,NA,"Check",37.5737215879843,34.4212879530058,NA
"Acer","ACRU","NEON.PLA.D05.TREE.01481","TREE_039","TREE","D05",2018-10-17,"Live","multi-bole tree",NA,150,NA,21.7,25.5,NA,25,"Acer rubrum L.",20.2,286.3,"2018",316,"soft maple/birch","Acer rubrum L.","red maple","Aceraceae","tree","rubrum",0.744,"hw2",-1.9123,2.3651,"AceraceaeBelow0.50spg","hardwood","Hardwood",0.44,-2.047,2.3852,0.21103,0.95964,NA,"Check",313.405665474538,292.333666709991,NA
"Acer","ACRU","NEON.PLA.D05.TREE.01254","TREE_045","TREE","D05",2018-10-17,"Live","single bole tree",NA,130,NA,18.1,22.5,NA,57,"Acer rubrum L.",18.6,165.3,"2018",316,"soft maple/birch","Acer rubrum L.","red maple","Aceraceae","tree","rubrum",0.744,"hw2",-1.9123,2.3651,"AceraceaeBelow0.50spg","hardwood","Hardwood",0.44,-2.047,2.3852,0.21103,0.95964,NA,"Check",233.10175100057,216.882713259115,NA
"Acer","ACRU","NEON.PLA.D05.TREE.01020","TREE_048","TREE","D05",2016-10-19,"Live","small tree",NA,130,NA,4.1,2.1,NA,NA,"Acer rubrum L.",NA,NA,"2016",316,"soft maple/birch","Acer rubrum L.","red maple","Aceraceae","tree","rubrum",0.744,"hw2",-1.9123,2.3651,"AceraceaeBelow0.50spg","hardwood","Hardwood",0.44,-2.047,2.3852,0.21103,0.95964,NA,"Check",0.424459898705683,0.374310856195916,NA
"Acer","ACRU","NEON.PLA.D05.TREE.01467","TREE_041","TREE","D05",2021-09-20,"Live","single bole tree","Full sun",130,NA,23,32.5,NA,41,"Acer rubrum L.",5.9,197.4,"2021",316,"soft maple/birch","Acer rubrum L.","red maple","Aceraceae","tree","rubrum",0.744,"hw2",-1.9123,2.3651,"AceraceaeBelow0.50spg","hardwood","Hardwood",0.44,-2.047,2.3852,0.21103,0.95964,NA,"Check",556.22947575902,521.366818942985,NA
"Acer","ACRU","NEON.PLA.D05.TREE.03030","TREE_012","TREE","D05",2017-10-30,"Live","small tree",NA,130,NA,2.3,1,NA,NA,"Acer rubrum L.",NA,NA,"2017",316,"soft maple/birch","Acer rubrum L.","red maple","Aceraceae","tree","rubrum",0.744,"hw2",-1.9123,2.3651,"AceraceaeBelow0.50spg","hardwood","Hardwood",0.44,-2.047,2.3852,0.21103,0.95964,NA,"Check",0.073410099398862,0.0637785969993142,NA
"Acer","ACRU","NEON.PLA.D05.TREE.02245","TREE_015","TREE","D05",2019-10-24,"Live","single bole tree","Full sun",130,NA,15,28.4,NA,31,"Acer rubrum L.",9.1,65.5,"2019",316,"soft maple/birch","Acer rubrum L.","red maple","Aceraceae","tree","rubrum",0.744,"hw2",-1.9123,2.3651,"AceraceaeBelow0.50spg","hardwood","Hardwood",0.44,-2.047,2.3852,0.21103,0.95964,NA,"Check",404.335495292833,377.967188541866,NA
"Acer","ACRU","NEON.PLA.D05.TREE.02973","TREE_009","TREE","D05",2017-10-26,"Live","small tree",NA,130,NA,3.1,1.4,NA,NA,"Acer rubrum L.",NA,NA,"2017",316,"soft maple/birch","Acer rubrum L.","red maple","Aceraceae","tree","rubrum",0.744,"hw2",-1.9123,2.3651,"AceraceaeBelow0.50spg","hardwood","Hardwood",0.44,-2.047,2.3852,0.21103,0.95964,NA,"Check",0.162690887876099,0.142304800931639,NA
"Acer","ACRU","NEON.PLA.D05.TREE.02244A","TREE_015","TREE","D05",2018-05-08,"Live","multi-bole tree","Partially shaded",140,NA,16.1,20.6,NA,NA,"Acer rubrum L.",NA,NA,"2018",316,"soft maple/birch","Acer rubrum L.","red maple","Aceraceae","tree","rubrum",0.744,"hw2",-1.9123,2.3651,"AceraceaeBelow0.50spg","hardwood","Hardwood",0.44,-2.047,2.3852,0.21103,0.95964,NA,"Check",189.202131680398,175.725703064047,NA
"Acer","ACRU","NEON.PLA.D05.TREE.00372","TREE_051","TREE","D05",2015-08-03,"Live","single bole tree","Partially shaded",130,NA,17,22.8,NA,61,"Acer rubrum L.",5.9,188.8,"2015",316,"soft maple/birch","Acer rubrum L.","red maple","Aceraceae","tree","rubrum",0.744,"hw2",-1.9123,2.3651,"AceraceaeBelow0.50spg","hardwood","Hardwood",0.44,-2.047,2.3852,0.21103,0.95964,NA,"Check",240.519542393953,223.843966358074,NA
"Acer","ACRU","NEON.PLA.D05.TREE.00710","TREE_025","TREE","D05",2015-08-04,"Live","single bole tree","Partially shaded",130,NA,15.7,24.8,NA,41,"Acer rubrum L.",7,240.9,"2015",316,"soft maple/birch","Acer rubrum L.","red maple","Aceraceae","tree","rubrum",0.744,"hw2",-1.9123,2.3651,"AceraceaeBelow0.50spg","hardwood","Hardwood",0.44,-2.047,2.3852,0.21103,0.95964,NA,"Check",293.437985554954,273.555433039662,NA
"Acer","ACRU","NEON.PLA.D05.TREE.00807","TREE_025","TREE","D05",2016-10-18,"Live","single bole tree",NA,130,NA,20.1,24.2,NA,25,"Acer rubrum L.",5.6,353.1,"2016",316,"soft maple/birch","Acer rubrum L.","red maple","Aceraceae","tree","rubrum",0.744,"hw2",-1.9123,2.3651,"AceraceaeBelow0.50spg","hardwood","Hardwood",0.44,-2.047,2.3852,0.21103,0.95964,NA,"Check",276.92386496705,258.033210787391,NA
"Acer","ACRU","NEON.PLA.D05.TREE.02524A","TREE_014","TREE","D05",2017-10-26,"Live","multi-bole tree",NA,130,NA,NA,11.9,NA,41,"Acer rubrum L.",NA,NA,"2017",316,"soft maple/birch","Acer rubrum L.","red maple","Aceraceae","tree","rubrum",0.744,"hw2",-1.9123,2.3651,"AceraceaeBelow0.50spg","hardwood","Hardwood",0.44,-2.047,2.3852,0.21103,0.95964,NA,"Check",51.6743212300807,47.4672211589137,NA
"Acer","ACRU","NEON.PLA.D05.TREE.02967","TREE_009","TREE","D05",2017-10-26,"Live","small tree",NA,130,NA,2.6,1.2,NA,NA,"Acer rubrum L.",NA,NA,"2017",316,"soft maple/birch","Acer rubrum L.","red maple","Aceraceae","tree","rubrum",0.744,"hw2",-1.9123,2.3651,"AceraceaeBelow0.50spg","hardwood","Hardwood",0.44,-2.047,2.3852,0.21103,0.95964,NA,"Check",0.112986713722055,0.0985231002614041,NA
"Acer","ACRU","NEON.PLA.D05.TREE.02324","TREE_019","TREE","D05",2017-10-23,"Standing dead","small tree",NA,130,NA,0.6,1.5,NA,NA,"Acer rubrum L.",NA,NA,"2017",316,"soft maple/birch","Acer rubrum L.","red maple","Aceraceae","tree","rubrum",0.744,"hw2",-1.9123,2.3651,"AceraceaeBelow0.50spg","hardwood","Hardwood",0.44,-2.047,2.3852,0.21103,0.95964,NA,"Check",0.191526666069617,0.16775977404484,NA
"Acer","ACRU","NEON.PLA.D05.TREE.02369","TREE_019","TREE","D05",2019-10-30,"Live","small tree",NA,130,NA,2.7,1.4,NA,NA,"Acer rubrum L.",NA,NA,"2019",316,"soft maple/birch","Acer rubrum L.","red maple","Aceraceae","tree","rubrum",0.744,"hw2",-1.9123,2.3651,"AceraceaeBelow0.50spg","hardwood","Hardwood",0.44,-2.047,2.3852,0.21103,0.95964,NA,"Check",0.162690887876099,0.142304800931639,NA
"Acer","ACRU","NEON.PLA.D05.TREE.03266","TREE_001","TREE","D05",2019-10-07,"Live","small tree",NA,130,NA,2.1,1,NA,NA,"Acer rubrum L.",NA,NA,"2019",316,"soft maple/birch","Acer rubrum L.","red maple","Aceraceae","tree","rubrum",0.744,"hw2",-1.9123,2.3651,"AceraceaeBelow0.50spg","hardwood","Hardwood",0.44,-2.047,2.3852,0.21103,0.95964,NA,"Check",0.073410099398862,0.0637785969993142,NA
"Acer","ACRU","NEON.PLA.D05.TREE.00319","TREE_054","TREE","D05",2016-10-18,"Live","single bole tree",NA,130,NA,14,25.1,NA,23,"Acer rubrum L.",4.2,358.6,"2016",316,"soft maple/birch","Acer rubrum L.","red maple","Aceraceae","tree","rubrum",0.744,"hw2",-1.9123,2.3651,"AceraceaeBelow0.50spg","hardwood","Hardwood",0.44,-2.047,2.3852,0.21103,0.95964,NA,"Check",301.902688790002,281.514621216081,NA
"Acer","ACRU","NEON.PLA.D05.TREE.00410","TREE_057","TREE","D05",2016-10-18,"Live","multi-bole tree",NA,130,NA,20.1,24.8,NA,41,"Acer rubrum L.",9.7,340.7,"2016",316,"soft maple/birch","Acer rubrum L.","red maple","Aceraceae","tree","rubrum",0.744,"hw2",-1.9123,2.3651,"AceraceaeBelow0.50spg","hardwood","Hardwood",0.44,-2.047,2.3852,0.21103,0.95964,NA,"Check",293.437985554954,273.555433039662,NA
"Acer","ACRU","NEON.PLA.D05.TREE.00157","TREE_049","TREE","D05",2022-09-20,"Live","single bole tree","Partially shaded",130,NA,22.5,39.7,NA,25,"Acer rubrum L.",14.8,313.5,"2022",316,"soft maple/birch","Acer rubrum L.","red maple","Aceraceae","tree","rubrum",0.744,"hw2",-1.9123,2.3651,"AceraceaeBelow0.50spg","hardwood","Hardwood",0.44,-2.047,2.3852,0.21103,0.95964,NA,"Check",892.890268773348,840.299900803865,NA
"Acer","ACRU","NEON.PLA.D05.TREE.01865","TREE_060","TREE","D05",2019-11-05,"Live","single bole tree","Partially shaded",130,NA,10.6,12,NA,31,"Acer rubrum L.",5.8,86.1,"2019",316,"soft maple/birch","Acer rubrum L.","red maple","Aceraceae","tree","rubrum",0.744,"hw2",-1.9123,2.3651,"AceraceaeBelow0.50spg","hardwood","Hardwood",0.44,-2.047,2.3852,0.21103,0.95964,NA,"Check",52.7072341968314,48.4241831633977,NA
"Acer","ACRU","NEON.PLA.D05.TREE.02098","TREE_003","TREE","D05",2019-10-08,"Live","single bole tree","Mostly shaded",130,NA,17.7,25.7,NA,33,"Acer rubrum L.",5.6,279,"2019",316,"soft maple/birch","Acer rubrum L.","red maple","Aceraceae","tree","rubrum",0.744,"hw2",-1.9123,2.3651,"AceraceaeBelow0.50spg","hardwood","Hardwood",0.44,-2.047,2.3852,0.21103,0.95964,NA,"Check",319.250430998268,297.832221806905,NA
"Acer","ACRU","NEON.PLA.D05.TREE.00807","TREE_025","TREE","D05",2018-10-17,"Live","single bole tree",NA,130,NA,19.9,25.4,NA,25,"Acer rubrum L.",5.6,353.1,"2018",316,"soft maple/birch","Acer rubrum L.","red maple","Aceraceae","tree","rubrum",0.744,"hw2",-1.9123,2.3651,"AceraceaeBelow0.50spg","hardwood","Hardwood",0.44,-2.047,2.3852,0.21103,0.95964,NA,"Check",310.506635490611,289.606680967094,NA
"Acer","ACRU","NEON.PLA.D05.TREE.01349B","TREE_039","TREE","D05",2019-10-23,"Live","multi-bole tree",NA,130,NA,18.4,19.4,NA,NA,"Acer rubrum L.",NA,NA,"2019",316,"soft maple/birch","Acer rubrum L.","red maple","Aceraceae","tree","rubrum",0.744,"hw2",-1.9123,2.3651,"AceraceaeBelow0.50spg","hardwood","Hardwood",0.44,-2.047,2.3852,0.21103,0.95964,NA,"Check",164.164229895948,152.28736834872,NA
"Acer","ACRU","NEON.PLA.D05.TREE.02963","TREE_009","TREE","D05",2019-10-16,"Live","small tree",NA,130,NA,2.6,1,NA,NA,"Acer rubrum L.",NA,NA,"2019",316,"soft maple/birch","Acer rubrum L.","red maple","Aceraceae","tree","rubrum",0.744,"hw2",-1.9123,2.3651,"AceraceaeBelow0.50spg","hardwood","Hardwood",0.44,-2.047,2.3852,0.21103,0.95964,NA,"Check",0.073410099398862,0.0637785969993142,NA
"Acer","ACRU","NEON.PLA.D05.TREE.01349B","TREE_039","TREE","D05",2016-10-18,"Live","multi-bole tree",NA,130,NA,NA,17.7,NA,NA,"Acer rubrum L.",NA,NA,"2016",316,"soft maple/birch","Acer rubrum L.","red maple","Aceraceae","tree","rubrum",0.744,"hw2",-1.9123,2.3651,"AceraceaeBelow0.50spg","hardwood","Hardwood",0.44,-2.047,2.3852,0.21103,0.95964,NA,"Check",132.15397619164,122.367202204457,NA
"Acer","ACRU","NEON.PLA.D05.TREE.00174","TREE_049","TREE","D05",2021-09-23,"Live","single bole tree","Partially shaded",130,NA,22.9,38.9,NA,23,"Acer rubrum L.",8.2,64.4,"2021",316,"soft maple/birch","Acer rubrum L.","red maple","Aceraceae","tree","rubrum",0.744,"hw2",-1.9123,2.3651,"AceraceaeBelow0.50spg","hardwood","Hardwood",0.44,-2.047,2.3852,0.21103,0.95964,NA,"Check",850.919476725088,800.473547236196,NA
"Acer","ACRU","NEON.PLA.D05.TREE.00200","TREE_054","TREE","D05",2017-08-30,"Live","single bole tree",NA,130,NA,18.7,28.2,NA,43,"Acer rubrum L.",5.9,332.4,"2017",316,"soft maple/birch","Acer rubrum L.","red maple","Aceraceae","tree","rubrum",0.744,"hw2",-1.9123,2.3651,"AceraceaeBelow0.50spg","hardwood","Hardwood",0.44,-2.047,2.3852,0.21103,0.95964,NA,"Check",397.633374057241,371.649342410835,NA
"Acer","ACRU","NEON.PLA.D05.TREE.00687","TREE_046","TREE","D05",2021-09-21,"Live","single bole tree","Full sun",130,NA,24.3,33.8,NA,25,"Acer rubrum L.",4.8,350,"2021",316,"soft maple/birch","Acer rubrum L.","red maple","Aceraceae","tree","rubrum",0.744,"hw2",-1.9123,2.3651,"AceraceaeBelow0.50spg","hardwood","Hardwood",0.44,-2.047,2.3852,0.21103,0.95964,NA,"Check",610.294632078827,572.494487234146,NA
"Acer","ACRU","NEON.PLA.D05.TREE.00877","TREE_052","TREE","D05",2016-09-29,"Live","single bole tree",NA,130,NA,9.9,11.3,NA,23,"Acer rubrum L.",7.1,5.3,"2016",316,"soft maple/birch","Acer rubrum L.","red maple","Aceraceae","tree","rubrum",0.744,"hw2",-1.9123,2.3651,"AceraceaeBelow0.50spg","hardwood","Hardwood",0.44,-2.047,2.3852,0.21103,0.95964,NA,"Check",45.7229759051063,41.9567556882336,NA
"Acer","ACRU","NEON.PLA.D05.TREE.00877","TREE_052","TREE","D05",2015-08-03,"Live","single bole tree","Partially shaded",130,NA,8.2,10.8,NA,23,"Acer rubrum L.",7.1,5.3,"2015",316,"soft maple/birch","Acer rubrum L.","red maple","Aceraceae","tree","rubrum",0.744,"hw2",-1.9123,2.3651,"AceraceaeBelow0.50spg","hardwood","Hardwood",0.44,-2.047,2.3852,0.21103,0.95964,NA,"Check",41.0817737400412,37.6635747023748,NA
"Acer","ACRU","NEON.PLA.D05.TREE.00371","TREE_051","TREE","D05",2015-08-03,"Live","single bole tree","Mostly shaded",130,NA,9.7,14.5,NA,61,"Acer rubrum L.",7.4,204.7,"2015",316,"soft maple/birch","Acer rubrum L.","red maple","Aceraceae","tree","rubrum",0.744,"hw2",-1.9123,2.3651,"AceraceaeBelow0.50spg","hardwood","Hardwood",0.44,-2.047,2.3852,0.21103,0.95964,NA,"Check",82.4612899714447,76.0491132550861,NA
"Acer","ACRU","NEON.PLA.D05.TREE.02369","TREE_019","TREE","D05",2017-10-23,"Live","small tree",NA,130,NA,2.3,1,NA,NA,"Acer rubrum L.",NA,NA,"2017",316,"soft maple/birch","Acer rubrum L.","red maple","Aceraceae","tree","rubrum",0.744,"hw2",-1.9123,2.3651,"AceraceaeBelow0.50spg","hardwood","Hardwood",0.44,-2.047,2.3852,0.21103,0.95964,NA,"Check",0.073410099398862,0.0637785969993142,NA
"Acer","ACRU","NEON.PLA.D05.TREE.02742","TREE_010","TREE","D05",2019-10-10,"Live","small tree",NA,130,NA,9.8,5.7,NA,NA,"Acer rubrum L.",NA,NA,"2019",316,"soft maple/birch","Acer rubrum L.","red maple","Aceraceae","tree","rubrum",0.744,"hw2",-1.9123,2.3651,"AceraceaeBelow0.50spg","hardwood","Hardwood",0.44,-2.047,2.3852,0.21103,0.95964,NA,"Check",4.5027251000565,4.05123715598455,NA
"Acer","ACRU","NEON.PLA.D05.TREE.01471","TREE_041","TREE","D05",2022-09-07,"Live, physically damaged","single bole tree","Partially shaded",130,NA,19.8,27.8,NA,21,"Acer rubrum L.",12.5,44.2,"2022",316,"soft maple/birch","Acer rubrum L.","red maple","Aceraceae","tree","rubrum",0.744,"hw2",-1.9123,2.3651,"AceraceaeBelow0.50spg","hardwood","Hardwood",0.44,-2.047,2.3852,0.21103,0.95964,NA,"Check",384.422686209687,359.198771587479,NA
"Acer","ACRU","NEON.PLA.D05.TREE.02222","TREE_015","TREE","D05",2018-05-08,"Live","multi-bole tree","Partially shaded",130,NA,19.2,24.7,NA,51,"Acer rubrum L.",9.8,258.3,"2018",316,"soft maple/birch","Acer rubrum L.","red maple","Aceraceae","tree","rubrum",0.744,"hw2",-1.9123,2.3651,"AceraceaeBelow0.50spg","hardwood","Hardwood",0.44,-2.047,2.3852,0.21103,0.95964,NA,"Check",290.647255512912,270.931791336788,NA
"Acer","ACRU","NEON.PLA.D05.TREE.02991","TREE_009","TREE","D05",2019-10-16,"Live","small tree",NA,130,NA,2.9,1.3,NA,NA,"Acer rubrum L.",NA,NA,"2019",316,"soft maple/birch","Acer rubrum L.","red maple","Aceraceae","tree","rubrum",0.744,"hw2",-1.9123,2.3651,"AceraceaeBelow0.50spg","hardwood","Hardwood",0.44,-2.047,2.3852,0.21103,0.95964,NA,"Check",0.136534761067149,0.119248423248435,NA
"Acer","ACRU","NEON.PLA.D05.TREE.03839","TREE_019","TREE","D05",2019-10-30,"Live","small tree",NA,130,NA,2.5,1.2,NA,NA,"Acer rubrum L.",NA,NA,"2019",316,"soft maple/birch","Acer rubrum L.","red maple","Aceraceae","tree","rubrum",0.744,"hw2",-1.9123,2.3651,"AceraceaeBelow0.50spg","hardwood","Hardwood",0.44,-2.047,2.3852,0.21103,0.95964,NA,"Check",0.112986713722055,0.0985231002614041,NA
"Acer","ACRU","NEON.PLA.D05.TREE.01424","TREE_039","TREE","D05",2015-08-11,"Live","single bole tree","Full sun",130,NA,21.9,40.4,NA,25,"Acer rubrum L.",11.2,270.3,"2015",316,"soft maple/birch","Acer rubrum L.","red maple","Aceraceae","tree","rubrum",0.744,"hw2",-1.9123,2.3651,"AceraceaeBelow0.50spg","hardwood","Hardwood",0.44,-2.047,2.3852,0.21103,0.95964,NA,"Check",930.574674079722,876.072458854994,NA
"Acer","ACRU","NEON.PLA.D05.TREE.01364","TREE_040","TREE","D05",2017-10-19,"Live","single bole tree",NA,130,NA,10.8,20.5,NA,43,"Acer rubrum L.",5.9,233.1,"2017",316,"soft maple/birch","Acer rubrum L.","red maple","Aceraceae","tree","rubrum",0.744,"hw2",-1.9123,2.3651,"AceraceaeBelow0.50spg","hardwood","Hardwood",0.44,-2.047,2.3852,0.21103,0.95964,NA,"Check",187.03708229158,173.697874825544,NA
"Acer","ACRU","NEON.PLA.D05.TREE.00402","TREE_057","TREE","D05",2015-08-04,"Live","single bole tree","Open grown",130,NA,18.9,31.1,NA,59,"Acer rubrum L.",12.7,212.6,"2015",316,"soft maple/birch","Acer rubrum L.","red maple","Aceraceae","tree","rubrum",0.744,"hw2",-1.9123,2.3651,"AceraceaeBelow0.50spg","hardwood","Hardwood",0.44,-2.047,2.3852,0.21103,0.95964,NA,"Check",501.217537361463,469.387235734095,NA
"Acer","ACRU","NEON.PLA.D05.TREE.00402","TREE_057","TREE","D05",2017-10-17,"Live","single bole tree",NA,130,NA,20.3,32.2,NA,59,"Acer rubrum L.",12.7,212.6,"2017",316,"soft maple/birch","Acer rubrum L.","red maple","Aceraceae","tree","rubrum",0.744,"hw2",-1.9123,2.3651,"AceraceaeBelow0.50spg","hardwood","Hardwood",0.44,-2.047,2.3852,0.21103,0.95964,NA,"Check",544.162468134684,509.961066507595,NA
"Acer","ACRU","NEON.PLA.D05.TREE.02244","TREE_015","TREE","D05",2018-05-08,"Live","multi-bole tree","Partially shaded",130,NA,17.4,24.8,NA,31,"Acer rubrum L.",9.3,69.8,"2018",316,"soft maple/birch","Acer rubrum L.","red maple","Aceraceae","tree","rubrum",0.744,"hw2",-1.9123,2.3651,"AceraceaeBelow0.50spg","hardwood","Hardwood",0.44,-2.047,2.3852,0.21103,0.95964,NA,"Check",293.437985554954,273.555433039662,NA
"Acer","ACRU","NEON.PLA.D05.TREE.00206","TREE_025","TREE","D05",2016-10-18,"Live","multi-bole tree",NA,160,NA,18.1,26,NA,41,"Acer rubrum L.",13.2,110,"2016",316,"soft maple/birch","Acer rubrum L.","red maple","Aceraceae","tree","rubrum",0.744,"hw2",-1.9123,2.3651,"AceraceaeBelow0.50spg","hardwood","Hardwood",0.44,-2.047,2.3852,0.21103,0.95964,NA,"Check",328.134676131779,306.191848839517,NA
"Acer","ACRU","NEON.PLA.D05.TREE.00206A","TREE_025","TREE","D05",2017-10-18,"Live","multi-bole tree",NA,150,NA,NA,20.4,NA,41,"Acer rubrum L.",13.2,110,"2017",316,"soft maple/birch","Acer rubrum L.","red maple","Aceraceae","tree","rubrum",0.744,"hw2",-1.9123,2.3651,"AceraceaeBelow0.50spg","hardwood","Hardwood",0.44,-2.047,2.3852,0.21103,0.95964,NA,"Check",184.886402141885,171.683702598181,NA
"Acer","ACRU","NEON.PLA.D05.TREE.00852","TREE_025","TREE","D05",2017-10-18,"Live","small tree",NA,130,NA,6.2,5.1,NA,NA,"Acer rubrum L.",NA,NA,"2017",316,"soft maple/birch","Acer rubrum L.","red maple","Aceraceae","tree","rubrum",0.744,"hw2",-1.9123,2.3651,"AceraceaeBelow0.50spg","hardwood","Hardwood",0.44,-2.047,2.3852,0.21103,0.95964,NA,"Check",3.46122662340612,3.10721529089661,NA
"Acer","ACRU","NEON.PLA.D05.TREE.01061","TREE_047","TREE","D05",2016-10-19,"Live","single bole tree",NA,130,NA,24.2,48.1,NA,43,"Acer rubrum L.",3.8,338.5,"2016",316,"soft maple/birch","Acer rubrum L.","red maple","Aceraceae","tree","rubrum",0.744,"hw2",-1.9123,2.3651,"AceraceaeBelow0.50spg","hardwood","Hardwood",0.44,-2.047,2.3852,0.21103,0.95964,NA,"Check",1405.85322789242,1328.16377747854,NA
"Acer","ACRU","NEON.PLA.D05.TREE.00874A","TREE_057","TREE","D05",2016-10-18,"Live","multi-bole tree",NA,130,NA,NA,11.2,NA,23,"Acer rubrum L.",8.5,50.5,"2016",316,"soft maple/birch","Acer rubrum L.","red maple","Aceraceae","tree","rubrum",0.744,"hw2",-1.9123,2.3651,"AceraceaeBelow0.50spg","hardwood","Hardwood",0.44,-2.047,2.3852,0.21103,0.95964,NA,"Check",44.771764187965,41.0765559537692,NA
"Acer","ACRU","NEON.PLA.D05.TREE.01349","TREE_039","TREE","D05",2016-10-18,"Live","multi-bole tree",NA,130,NA,19.6,29,NA,43,"Acer rubrum L.",14.3,228,"2016",316,"soft maple/birch","Acer rubrum L.","red maple","Aceraceae","tree","rubrum",0.744,"hw2",-1.9123,2.3651,"AceraceaeBelow0.50spg","hardwood","Hardwood",0.44,-2.047,2.3852,0.21103,0.95964,NA,"Check",424.830968017863,397.292988059821,NA
"Acer","ACRU","NEON.PLA.D05.TREE.01349","TREE_039","TREE","D05",2018-10-17,"Live","multi-bole tree",NA,130,NA,18.6,30.8,NA,43,"Acer rubrum L.",14.3,228,"2018",316,"soft maple/birch","Acer rubrum L.","red maple","Aceraceae","tree","rubrum",0.744,"hw2",-1.9123,2.3651,"AceraceaeBelow0.50spg","hardwood","Hardwood",0.44,-2.047,2.3852,0.21103,0.95964,NA,"Check",489.857725720367,458.659469653284,NA
"Acer","ACRU","NEON.PLA.D05.TREE.00432","TREE_057","TREE","D05",2016-10-18,"Live","single bole tree",NA,130,NA,18.4,20.5,NA,57,"Acer rubrum L.",5,94.7,"2016",316,"soft maple/birch","Acer rubrum L.","red maple","Aceraceae","tree","rubrum",0.744,"hw2",-1.9123,2.3651,"AceraceaeBelow0.50spg","hardwood","Hardwood",0.44,-2.047,2.3852,0.21103,0.95964,NA,"Check",187.03708229158,173.697874825544,NA
"Acer","ACRU","NEON.PLA.D05.TREE.00432","TREE_057","TREE","D05",2015-08-04,"Live","single bole tree","Partially shaded",130,NA,17.6,20.1,NA,57,"Acer rubrum L.",5,94.7,"2015",316,"soft maple/birch","Acer rubrum L.","red maple","Aceraceae","tree","rubrum",0.744,"hw2",-1.9123,2.3651,"AceraceaeBelow0.50spg","hardwood","Hardwood",0.44,-2.047,2.3852,0.21103,0.95964,NA,"Check",178.520320416773,165.722864608296,NA
"Acer","ACRU","NEON.PLA.D05.TREE.00200","TREE_054","TREE","D05",2016-10-18,"Live","single bole tree",NA,130,NA,19.8,27.1,NA,43,"Acer rubrum L.",5.9,332.4,"2016",316,"soft maple/birch","Acer rubrum L.","red maple","Aceraceae","tree","rubrum",0.744,"hw2",-1.9123,2.3651,"AceraceaeBelow0.50spg","hardwood","Hardwood",0.44,-2.047,2.3852,0.21103,0.95964,NA,"Check",361.921457416631,338.000659867852,NA
"Acer","ACRU","NEON.PLA.D05.TREE.01303A","TREE_039","TREE","D05",2016-10-18,"Live","multi-bole tree",NA,130,NA,NA,28,NA,NA,"Acer rubrum L.",NA,NA,"2016",316,"soft maple/birch","Acer rubrum L.","red maple","Aceraceae","tree","rubrum",0.744,"hw2",-1.9123,2.3651,"AceraceaeBelow0.50spg","hardwood","Hardwood",0.44,-2.047,2.3852,0.21103,0.95964,NA,"Check",390.995826891003,365.393259793643,NA
"Acer","ACRU","NEON.PLA.D05.TREE.01349A","TREE_039","TREE","D05",2021-09-30,"Live","multi-bole tree",NA,130,NA,NA,30.6,NA,NA,"Acer rubrum L.",NA,NA,"2021",316,"soft maple/birch","Acer rubrum L.","red maple","Aceraceae","tree","rubrum",0.744,"hw2",-1.9123,2.3651,"AceraceaeBelow0.50spg","hardwood","Hardwood",0.44,-2.047,2.3852,0.21103,0.95964,NA,"Check",482.367909780962,451.587531086048,NA
"Acer","ACRU","NEON.PLA.D05.TREE.00726","TREE_025","TREE","D05",2018-10-17,"Live","small tree",NA,130,NA,6.6,4.1,NA,NA,"Acer rubrum L.",NA,NA,"2018",316,"soft maple/birch","Acer rubrum L.","red maple","Aceraceae","tree","rubrum",0.744,"hw2",-1.9123,2.3651,"AceraceaeBelow0.50spg","hardwood","Hardwood",0.44,-2.047,2.3852,0.21103,0.95964,NA,"Check",2.06562229119758,1.84623515562988,NA
"Acer","ACRU","NEON.PLA.D05.TREE.02220B","TREE_015","TREE","D05",2019-10-24,"Dead, broken bole","multi-bole tree","Full sun",130,NA,16,12,NA,NA,"Acer rubrum L.",NA,NA,"2019",316,"soft maple/birch","Acer rubrum L.","red maple","Aceraceae","tree","rubrum",0.744,"hw2",-1.9123,2.3651,"AceraceaeBelow0.50spg","hardwood","Hardwood",0.44,-2.047,2.3852,0.21103,0.95964,NA,"Check",52.7072341968314,48.4241831633977,NA
"Acer","ACRU","NEON.PLA.D05.TREE.03779","TREE_002","TREE","D05",2019-10-08,"Live","small tree",NA,130,NA,2.7,1.6,NA,NA,"Acer rubrum L.",NA,NA,"2019",316,"soft maple/birch","Acer rubrum L.","red maple","Aceraceae","tree","rubrum",0.744,"hw2",-1.9123,2.3651,"AceraceaeBelow0.50spg","hardwood","Hardwood",0.44,-2.047,2.3852,0.21103,0.95964,NA,"Check",0.223110486445256,0.19567797440468,NA
"Acer","ACRU","NEON.PLA.D05.TREE.00924","TREE_039","TREE","D05",2019-10-23,"Live","single bole tree",NA,130,NA,17.6,40.1,NA,41,"Acer rubrum L.",14,42.5,"2019",316,"soft maple/birch","Acer rubrum L.","red maple","Aceraceae","tree","rubrum",0.744,"hw2",-1.9123,2.3651,"AceraceaeBelow0.50spg","hardwood","Hardwood",0.44,-2.047,2.3852,0.21103,0.95964,NA,"Check",914.3141014602,860.635295821143,NA
"Acer","ACRU","NEON.PLA.D05.TREE.00924","TREE_039","TREE","D05",2017-10-17,"Live","single bole tree",NA,130,NA,18.6,39.5,NA,41,"Acer rubrum L.",14,42.5,"2017",316,"soft maple/birch","Acer rubrum L.","red maple","Aceraceae","tree","rubrum",0.744,"hw2",-1.9123,2.3651,"AceraceaeBelow0.50spg","hardwood","Hardwood",0.44,-2.047,2.3852,0.21103,0.95964,NA,"Check",882.288163936102,830.237963434843,NA
"Acer","ACRU","NEON.PLA.D05.TREE.00697","TREE_046","TREE","D05",2022-09-19,"Live","single bole tree","Full sun",130,NA,25.3,37.7,NA,25,"Acer rubrum L.",8.3,283.4,"2022",316,"soft maple/birch","Acer rubrum L.","red maple","Aceraceae","tree","rubrum",0.744,"hw2",-1.9123,2.3651,"AceraceaeBelow0.50spg","hardwood","Hardwood",0.44,-2.047,2.3852,0.21103,0.95964,NA,"Check",790.139165962545,742.828544727983,NA
"Acer","ACRU","NEON.PLA.D05.TREE.00411","TREE_057","TREE","D05",2018-10-16,"Live","single bole tree",NA,130,NA,15.6,18.9,NA,39,"Acer rubrum L.",10.4,46.8,"2018",316,"soft maple/birch","Acer rubrum L.","red maple","Aceraceae","tree","rubrum",0.744,"hw2",-1.9123,2.3651,"AceraceaeBelow0.50spg","hardwood","Hardwood",0.44,-2.047,2.3852,0.21103,0.95964,NA,"Check",154.332885220857,143.09217692947,NA
"Acer","ACRU","NEON.PLA.D05.TREE.02523","TREE_014","TREE","D05",2017-10-26,"Live","multi-bole tree","Full sun",130,NA,19.3,39.7,NA,49,"Acer rubrum L.",10.9,102.9,"2017",316,"soft maple/birch","Acer rubrum L.","red maple","Aceraceae","tree","rubrum",0.744,"hw2",-1.9123,2.3651,"AceraceaeBelow0.50spg","hardwood","Hardwood",0.44,-2.047,2.3852,0.21103,0.95964,NA,"Check",892.890268773348,840.299900803865,NA
"Acer","ACRU","NEON.PLA.D05.TREE.01488","TREE_040","TREE","D05",2017-10-19,"Live","small tree",NA,130,NA,6.3,4.4,NA,NA,"Acer rubrum L.",NA,NA,"2017",316,"soft maple/birch","Acer rubrum L.","red maple","Aceraceae","tree","rubrum",0.744,"hw2",-1.9123,2.3651,"AceraceaeBelow0.50spg","hardwood","Hardwood",0.44,-2.047,2.3852,0.21103,0.95964,NA,"Check",2.44110093619711,2.18493381149799,NA
"Acer","ACRU","NEON.PLA.D05.TREE.02971","TREE_009","TREE","D05",2019-10-16,"Live","small tree",NA,130,NA,2.7,1.2,NA,NA,"Acer rubrum L.",NA,NA,"2019",316,"soft maple/birch","Acer rubrum L.","red maple","Aceraceae","tree","rubrum",0.744,"hw2",-1.9123,2.3651,"AceraceaeBelow0.50spg","hardwood","Hardwood",0.44,-2.047,2.3852,0.21103,0.95964,NA,"Check",0.112986713722055,0.0985231002614041,NA
"Acer","ACRU","NEON.PLA.D05.TREE.00413","TREE_025","TREE","D05",2016-10-18,"Live","single bole tree",NA,130,NA,11.1,11.1,NA,25,"Acer rubrum L.",9,316.4,"2016",316,"soft maple/birch","Acer rubrum L.","red maple","Aceraceae","tree","rubrum",0.744,"hw2",-1.9123,2.3651,"AceraceaeBelow0.50spg","hardwood","Hardwood",0.44,-2.047,2.3852,0.21103,0.95964,NA,"Check",43.8320758928712,40.2071754050818,NA
"Acer","ACRU","NEON.PLA.D05.TREE.00413","TREE_025","TREE","D05",2015-08-04,"Live","single bole tree","Partially shaded",130,NA,9.7,23.7,NA,25,"Acer rubrum L.",9,316.4,"2015",316,"soft maple/birch","Acer rubrum L.","red maple","Aceraceae","tree","rubrum",0.744,"hw2",-1.9123,2.3651,"AceraceaeBelow0.50spg","hardwood","Hardwood",0.44,-2.047,2.3852,0.21103,0.95964,NA,"Check",263.582137416509,245.498560782943,NA
"Acer","ACRU","NEON.PLA.D05.TREE.01436","TREE_041","TREE","D05",2022-09-07,"Live,  other damage","single bole tree","Partially shaded",160,NA,24.3,24.5,NA,21,"Acer rubrum L.",9,15.3,"2022",316,"soft maple/birch","Acer rubrum L.","red maple","Aceraceae","tree","rubrum",0.744,"hw2",-1.9123,2.3651,"AceraceaeBelow0.50spg","hardwood","Hardwood",0.44,-2.047,2.3852,0.21103,0.95964,NA,"Check",285.111915832586,265.728502427983,NA
"Acer","ACRU","NEON.PLA.D05.TREE.02524","TREE_014","TREE","D05",2017-10-26,"Live","multi-bole tree","Full sun",140,NA,17.7,36.1,NA,41,"Acer rubrum L.",0.8,1,"2017",316,"soft maple/birch","Acer rubrum L.","red maple","Aceraceae","tree","rubrum",0.744,"hw2",-1.9123,2.3651,"AceraceaeBelow0.50spg","hardwood","Hardwood",0.44,-2.047,2.3852,0.21103,0.95964,NA,"Check",713.113971747307,669.831201381175,NA
"Acer","ACRU","NEON.PLA.D05.TREE.02379","TREE_019","TREE","D05",2017-10-23,"Live","small tree",NA,130,NA,2.2,1.1,NA,NA,"Acer rubrum L.",NA,NA,"2017",316,"soft maple/birch","Acer rubrum L.","red maple","Aceraceae","tree","rubrum",0.744,"hw2",-1.9123,2.3651,"AceraceaeBelow0.50spg","hardwood","Hardwood",0.44,-2.047,2.3852,0.21103,0.95964,NA,"Check",0.0919715809305997,0.0800580106252001,NA
"Acer","ACRU","NEON.PLA.D05.TREE.01436","TREE_041","TREE","D05",2019-10-23,"Live","single bole tree",NA,130,NA,23.3,24.3,NA,21,"Acer rubrum L.",9,15.3,"2019",316,"soft maple/birch","Acer rubrum L.","red maple","Aceraceae","tree","rubrum",0.744,"hw2",-1.9123,2.3651,"AceraceaeBelow0.50spg","hardwood","Hardwood",0.44,-2.047,2.3852,0.21103,0.95964,NA,"Check",279.637917965113,260.583719824732,NA
"Acer","ACRU","NEON.PLA.D05.TREE.01278","TREE_039","TREE","D05",2021-09-30,"Live","single bole tree","Partially shaded",130,NA,21.1,27.2,NA,41,"Acer rubrum L.",1.6,142.1,"2021",316,"soft maple/birch","Acer rubrum L.","red maple","Aceraceae","tree","rubrum",0.744,"hw2",-1.9123,2.3651,"AceraceaeBelow0.50spg","hardwood","Hardwood",0.44,-2.047,2.3852,0.21103,0.95964,NA,"Check",365.088015750804,340.983171191053,NA
"Acer","ACRU","NEON.PLA.D05.TREE.01110A","TREE_039","TREE","D05",2017-10-17,"Live","multi-bole tree",NA,130,NA,NA,29.9,NA,NA,"Acer rubrum L.",NA,NA,"2017",316,"soft maple/birch","Acer rubrum L.","red maple","Aceraceae","tree","rubrum",0.744,"hw2",-1.9123,2.3651,"AceraceaeBelow0.50spg","hardwood","Hardwood",0.44,-2.047,2.3852,0.21103,0.95964,NA,"Check",456.676422007491,427.33662322703,NA
"Acer","ACRU","NEON.PLA.D05.TREE.01110A","TREE_039","TREE","D05",2021-09-30,"Live","multi-bole tree",NA,130,NA,NA,30.2,NA,NA,"Acer rubrum L.",NA,NA,"2021",316,"soft maple/birch","Acer rubrum L.","red maple","Aceraceae","tree","rubrum",0.744,"hw2",-1.9123,2.3651,"AceraceaeBelow0.50spg","hardwood","Hardwood",0.44,-2.047,2.3852,0.21103,0.95964,NA,"Check",467.587704972764,437.63470608674,NA
"Acer","ACRU","NEON.PLA.D05.TREE.03175","TREE_043","TREE","D05",2020-10-05,"Live","small tree","Full shade",130,NA,3.7,1.7,NA,NA,"Acer rubrum L.",NA,NA,"2020",316,"soft maple/birch","Acer rubrum L.","red maple","Aceraceae","tree","rubrum",0.744,"hw2",-1.9123,2.3651,"AceraceaeBelow0.50spg","hardwood","Hardwood",0.44,-2.047,2.3852,0.21103,0.95964,NA,"Check",0.257507899353021,0.226121432805832,NA
"Acer","ACRU","NEON.PLA.D05.TREE.03000","TREE_060","TREE","D05",2017-10-26,"Live","small tree",NA,130,NA,3.8,2,NA,NA,"Acer rubrum L.",NA,NA,"2017",316,"soft maple/birch","Acer rubrum L.","red maple","Aceraceae","tree","rubrum",0.744,"hw2",-1.9123,2.3651,"AceraceaeBelow0.50spg","hardwood","Hardwood",0.44,-2.047,2.3852,0.21103,0.95964,NA,"Check",0.378200287682932,0.333189807107002,NA
"Acer","ACRU","NEON.PLA.D05.TREE.01012","TREE_045","TREE","D05",2016-10-18,"Live","single bole tree",NA,130,NA,17.7,25.7,NA,57,"Acer rubrum L.",17.7,179.7,"2016",316,"soft maple/birch","Acer rubrum L.","red maple","Aceraceae","tree","rubrum",0.744,"hw2",-1.9123,2.3651,"AceraceaeBelow0.50spg","hardwood","Hardwood",0.44,-2.047,2.3852,0.21103,0.95964,NA,"Check",319.250430998268,297.832221806905,NA
"Acer","ACRU","NEON.PLA.D05.TREE.01279","TREE_043","TREE","D05",2016-10-19,"Live","small tree",NA,130,NA,3,1.5,NA,NA,"Acer rubrum L.",NA,NA,"2016",316,"soft maple/birch","Acer rubrum L.","red maple","Aceraceae","tree","rubrum",0.744,"hw2",-1.9123,2.3651,"AceraceaeBelow0.50spg","hardwood","Hardwood",0.44,-2.047,2.3852,0.21103,0.95964,NA,"Check",0.191526666069617,0.16775977404484,NA
"Acer","ACRU","NEON.PLA.D05.TREE.01279","TREE_043","TREE","D05",2015-08-05,"Live","small tree","Full shade",130,NA,2.6,1.2,NA,NA,"Acer rubrum L.",NA,NA,"2015",316,"soft maple/birch","Acer rubrum L.","red maple","Aceraceae","tree","rubrum",0.744,"hw2",-1.9123,2.3651,"AceraceaeBelow0.50spg","hardwood","Hardwood",0.44,-2.047,2.3852,0.21103,0.95964,NA,"Check",0.112986713722055,0.0985231002614041,NA
"Acer","ACRU","NEON.PLA.D05.TREE.03996","TREE_010","TREE","D05",2019-10-10,"Live","small tree",NA,130,NA,5,2.8,NA,NA,"Acer rubrum L.",NA,NA,"2019",316,"soft maple/birch","Acer rubrum L.","red maple","Aceraceae","tree","rubrum",0.744,"hw2",-1.9123,2.3651,"AceraceaeBelow0.50spg","hardwood","Hardwood",0.44,-2.047,2.3852,0.21103,0.95964,NA,"Check",0.838164518260904,0.743423521425579,NA
"Acer","ACRU","NEON.PLA.D05.TREE.02532","TREE_009","TREE","D05",2019-10-16,"Live","small tree",NA,130,NA,4.1,1.4,NA,NA,"Acer rubrum L.",NA,NA,"2019",316,"soft maple/birch","Acer rubrum L.","red maple","Aceraceae","tree","rubrum",0.744,"hw2",-1.9123,2.3651,"AceraceaeBelow0.50spg","hardwood","Hardwood",0.44,-2.047,2.3852,0.21103,0.95964,NA,"Check",0.162690887876099,0.142304800931639,NA
"Acer","ACRU","NEON.PLA.D05.TREE.01467","TREE_041","TREE","D05",2022-09-06,"Live","single bole tree","Partially shaded",130,NA,22.9,32.8,NA,41,"Acer rubrum L.",5.9,197.4,"2022",316,"soft maple/birch","Acer rubrum L.","red maple","Aceraceae","tree","rubrum",0.744,"hw2",-1.9123,2.3651,"AceraceaeBelow0.50spg","hardwood","Hardwood",0.44,-2.047,2.3852,0.21103,0.95964,NA,"Check",568.449501568482,532.919347608502,NA
"Acer","ACRU","NEON.PLA.D05.TREE.02011","TREE_018","TREE","D05",2018-04-25,"Live","small tree",NA,130,NA,5.2,2.1,NA,NA,"Acer rubrum L.",NA,NA,"2018",316,"soft maple/birch","Acer rubrum L.","red maple","Aceraceae","tree","rubrum",0.744,"hw2",-1.9123,2.3651,"AceraceaeBelow0.50spg","hardwood","Hardwood",0.44,-2.047,2.3852,0.21103,0.95964,NA,"Check",0.424459898705683,0.374310856195916,NA
"Acer","ACRU","NEON.PLA.D05.TREE.00410","TREE_057","TREE","D05",2015-08-04,"Live","multi-bole tree","Full sun",130,NA,19.7,25,NA,41,"Acer rubrum L.",9.7,340.7,"2015",316,"soft maple/birch","Acer rubrum L.","red maple","Aceraceae","tree","rubrum",0.744,"hw2",-1.9123,2.3651,"AceraceaeBelow0.50spg","hardwood","Hardwood",0.44,-2.047,2.3852,0.21103,0.95964,NA,"Check",299.06567957419,278.846825210457,NA
"Acer","ACRU","NEON.PLA.D05.TREE.01319","TREE_040","TREE","D05",2015-08-10,"Live,  other damage","single bole tree","Partially shaded",130,NA,9,17.6,NA,25,"Acer rubrum L.",11.2,350.5,"2015",316,"soft maple/birch","Acer rubrum L.","red maple","Aceraceae","tree","rubrum",0.744,"hw2",-1.9123,2.3651,"AceraceaeBelow0.50spg","hardwood","Hardwood",0.44,-2.047,2.3852,0.21103,0.95964,NA,"Check",130.394920201594,120.724665519295,NA
"Acer","ACRU","NEON.PLA.D05.TREE.02887","TREE_001","TREE","D05",2017-10-25,"Live","small tree",NA,130,NA,2.7,1.4,NA,NA,"Acer rubrum L.",NA,NA,"2017",316,"soft maple/birch","Acer rubrum L.","red maple","Aceraceae","tree","rubrum",0.744,"hw2",-1.9123,2.3651,"AceraceaeBelow0.50spg","hardwood","Hardwood",0.44,-2.047,2.3852,0.21103,0.95964,NA,"Check",0.162690887876099,0.142304800931639,NA
"Acer","ACRU","NEON.PLA.D05.TREE.02887","TREE_001","TREE","D05",2019-10-07,"Live, physically damaged","small tree",NA,130,NA,2.8,1.6,NA,NA,"Acer rubrum L.",NA,NA,"2019",316,"soft maple/birch","Acer rubrum L.","red maple","Aceraceae","tree","rubrum",0.744,"hw2",-1.9123,2.3651,"AceraceaeBelow0.50spg","hardwood","Hardwood",0.44,-2.047,2.3852,0.21103,0.95964,NA,"Check",0.223110486445256,0.19567797440468,NA
"Acer","ACRU","NEON.PLA.D05.TREE.02692","TREE_023","TREE","D05",2018-05-08,"Live","single bole tree","Partially shaded",130,NA,12.1,15.1,NA,33,"Acer rubrum L.",6.2,358.1,"2018",316,"soft maple/birch","Acer rubrum L.","red maple","Aceraceae","tree","rubrum",0.744,"hw2",-1.9123,2.3651,"AceraceaeBelow0.50spg","hardwood","Hardwood",0.44,-2.047,2.3852,0.21103,0.95964,NA,"Check",90.7605335523004,83.7712527726153,NA
"Acer","ACRU","NEON.PLA.D05.TREE.03179","TREE_043","TREE","D05",2020-10-05,"Live","small tree","Mostly shaded",130,NA,3.1,1.1,NA,NA,"Acer rubrum L.",NA,NA,"2020",316,"soft maple/birch","Acer rubrum L.","red maple","Aceraceae","tree","rubrum",0.744,"hw2",-1.9123,2.3651,"AceraceaeBelow0.50spg","hardwood","Hardwood",0.44,-2.047,2.3852,0.21103,0.95964,NA,"Check",0.0919715809305997,0.0800580106252001,NA
"Acer","ACRU","NEON.PLA.D05.TREE.00219","TREE_056","TREE","D05",2016-09-28,"Live","single bole tree",NA,130,NA,21,39.4,NA,41,"Acer rubrum L.",11.6,46,"2016",316,"soft maple/birch","Acer rubrum L.","red maple","Aceraceae","tree","rubrum",0.744,"hw2",-1.9123,2.3651,"AceraceaeBelow0.50spg","hardwood","Hardwood",0.44,-2.047,2.3852,0.21103,0.95964,NA,"Check",877.01450549662,825.233374940694,NA
"Acer","ACRU","NEON.PLA.D05.TREE.00219","TREE_056","TREE","D05",2018-10-09,"Live","single bole tree",NA,130,NA,21.5,39.9,NA,41,"Acer rubrum L.",11.6,46,"2018",316,"soft maple/birch","Acer rubrum L.","red maple","Aceraceae","tree","rubrum",0.744,"hw2",-1.9123,2.3651,"AceraceaeBelow0.50spg","hardwood","Hardwood",0.44,-2.047,2.3852,0.21103,0.95964,NA,"Check",903.565536496763,850.432299424947,NA
"Acer","ACRU","NEON.PLA.D05.TREE.02989","TREE_009","TREE","D05",2019-10-16,"Live, broken bole","small tree",NA,130,NA,0.9,1.3,NA,NA,"Acer rubrum L.",NA,NA,"2019",316,"soft maple/birch","Acer rubrum L.","red maple","Aceraceae","tree","rubrum",0.744,"hw2",-1.9123,2.3651,"AceraceaeBelow0.50spg","hardwood","Hardwood",0.44,-2.047,2.3852,0.21103,0.95964,NA,"Check",0.136534761067149,0.119248423248435,NA
"Acer","ACRU","NEON.PLA.D05.TREE.01476","TREE_041","TREE","D05",2017-10-16,"Live","single bole tree",NA,130,NA,19.1,23.9,NA,39,"Acer rubrum L.",9.7,151.2,"2017",316,"soft maple/birch","Acer rubrum L.","red maple","Aceraceae","tree","rubrum",0.744,"hw2",-1.9123,2.3651,"AceraceaeBelow0.50spg","hardwood","Hardwood",0.44,-2.047,2.3852,0.21103,0.95964,NA,"Check",268.873213505012,250.468934849441,NA
"Acer","ACRU","NEON.PLA.D05.TREE.00510","TREE_042","TREE","D05",2019-10-23,"Live","single bole tree",NA,130,NA,21.3,33.6,NA,59,"Acer rubrum L.",5.9,175.2,"2019",316,"soft maple/birch","Acer rubrum L.","red maple","Aceraceae","tree","rubrum",0.744,"hw2",-1.9123,2.3651,"AceraceaeBelow0.50spg","hardwood","Hardwood",0.44,-2.047,2.3852,0.21103,0.95964,NA,"Check",601.788226977074,564.44761194539,NA
"Acer","ACRU","NEON.PLA.D05.TREE.02540","TREE_009","TREE","D05",2019-10-16,"Live","small tree",NA,130,NA,3.8,1.7,NA,NA,"Acer rubrum L.",NA,NA,"2019",316,"soft maple/birch","Acer rubrum L.","red maple","Aceraceae","tree","rubrum",0.744,"hw2",-1.9123,2.3651,"AceraceaeBelow0.50spg","hardwood","Hardwood",0.44,-2.047,2.3852,0.21103,0.95964,NA,"Check",0.257507899353021,0.226121432805832,NA
"Acer","ACRU","NEON.PLA.D05.TREE.02540","TREE_009","TREE","D05",2017-10-26,"Live","small tree",NA,130,NA,3,1.2,NA,NA,"Acer rubrum L.",NA,NA,"2017",316,"soft maple/birch","Acer rubrum L.","red maple","Aceraceae","tree","rubrum",0.744,"hw2",-1.9123,2.3651,"AceraceaeBelow0.50spg","hardwood","Hardwood",0.44,-2.047,2.3852,0.21103,0.95964,NA,"Check",0.112986713722055,0.0985231002614041,NA
"Acer","ACRU","NEON.PLA.D05.TREE.00805","TREE_025","TREE","D05",2018-10-17,"Live","single bole tree",NA,130,NA,15.3,16.2,NA,41,"Acer rubrum L.",11.8,134,"2018",316,"soft maple/birch","Acer rubrum L.","red maple","Aceraceae","tree","rubrum",0.744,"hw2",-1.9123,2.3651,"AceraceaeBelow0.50spg","hardwood","Hardwood",0.44,-2.047,2.3852,0.21103,0.95964,NA,"Check",107.182189168625,99.0682310220663,NA
"Acer","ACRU","NEON.PLA.D05.TREE.02090","TREE_003","TREE","D05",2019-10-08,"Live","single bole tree","Full sun",130,NA,20.1,31.9,NA,49,"Acer rubrum L.",2,104.9,"2019",316,"soft maple/birch","Acer rubrum L.","red maple","Aceraceae","tree","rubrum",0.744,"hw2",-1.9123,2.3651,"AceraceaeBelow0.50spg","hardwood","Hardwood",0.44,-2.047,2.3852,0.21103,0.95964,NA,"Check",532.247961477158,498.701566918329,NA
"Acer","ACRU","NEON.PLA.D05.TREE.02092","TREE_003","TREE","D05",2019-10-08,"Live","single bole tree","Partially shaded",130,NA,18.6,21.1,NA,51,"Acer rubrum L.",9.2,259.5,"2019",316,"soft maple/birch","Acer rubrum L.","red maple","Aceraceae","tree","rubrum",0.744,"hw2",-1.9123,2.3651,"AceraceaeBelow0.50spg","hardwood","Hardwood",0.44,-2.047,2.3852,0.21103,0.95964,NA,"Check",200.243808785346,186.070578521959,NA
"Acer","ACRU","NEON.PLA.D05.TREE.02093","TREE_003","TREE","D05",2018-04-25,"Live","single bole tree","Partially shaded",130,NA,21.1,41.2,NA,51,"Acer rubrum L.",9.9,243,"2018",316,"soft maple/birch","Acer rubrum L.","red maple","Aceraceae","tree","rubrum",0.744,"hw2",-1.9123,2.3651,"AceraceaeBelow0.50spg","hardwood","Hardwood",0.44,-2.047,2.3852,0.21103,0.95964,NA,"Check",974.747360618063,918.01977249957,NA
"Acer","ACRU","NEON.PLA.D05.TREE.00393","TREE_048","TREE","D05",2017-10-18,"Live","small tree",NA,130,NA,2.6,1.4,NA,NA,"Acer rubrum L.",NA,NA,"2017",316,"soft maple/birch","Acer rubrum L.","red maple","Aceraceae","tree","rubrum",0.744,"hw2",-1.9123,2.3651,"AceraceaeBelow0.50spg","hardwood","Hardwood",0.44,-2.047,2.3852,0.21103,0.95964,NA,"Check",0.162690887876099,0.142304800931639,NA
"Acer","ACRU","NEON.PLA.D05.TREE.00710","TREE_025","TREE","D05",2018-10-17,"Live","single bole tree",NA,130,NA,16.8,26.2,NA,41,"Acer rubrum L.",7,240.9,"2018",316,"soft maple/birch","Acer rubrum L.","red maple","Aceraceae","tree","rubrum",0.744,"hw2",-1.9123,2.3651,"AceraceaeBelow0.50spg","hardwood","Hardwood",0.44,-2.047,2.3852,0.21103,0.95964,NA,"Check",334.135828480444,311.839722712719,NA
"Acer","ACRU","NEON.PLA.D05.TREE.01278","TREE_039","TREE","D05",2015-08-11,"Live","single bole tree","Full sun",130,NA,20,25.8,NA,41,"Acer rubrum L.",1.6,142.1,"2015",316,"soft maple/birch","Acer rubrum L.","red maple","Aceraceae","tree","rubrum",0.744,"hw2",-1.9123,2.3651,"AceraceaeBelow0.50spg","hardwood","Hardwood",0.44,-2.047,2.3852,0.21103,0.95964,NA,"Check",322.196210987341,300.603835929002,NA
"Acer","ACRU","NEON.PLA.D05.TREE.00537","TREE_042","TREE","D05",2015-07-27,"Live","single bole tree","Partially shaded",130,NA,18.4,36.1,NA,61,"Acer rubrum L.",10,243.7,"2015",316,"soft maple/birch","Acer rubrum L.","red maple","Aceraceae","tree","rubrum",0.744,"hw2",-1.9123,2.3651,"AceraceaeBelow0.50spg","hardwood","Hardwood",0.44,-2.047,2.3852,0.21103,0.95964,NA,"Check",713.113971747307,669.831201381175,NA
"Acer","ACRU","NEON.PLA.D05.TREE.00808","TREE_025","TREE","D05",2018-10-17,"Live","multi-bole tree",NA,130,NA,17.1,25.3,NA,25,"Acer rubrum L.",1.8,341.7,"2018",316,"soft maple/birch","Acer rubrum L.","red maple","Aceraceae","tree","rubrum",0.744,"hw2",-1.9123,2.3651,"AceraceaeBelow0.50spg","hardwood","Hardwood",0.44,-2.047,2.3852,0.21103,0.95964,NA,"Check",307.623144300243,286.89452649258,NA
"Acer","ACRU","NEON.PLA.D05.TREE.00808A","TREE_025","TREE","D05",2018-10-17,"Live","multi-bole tree",NA,130,NA,17.1,11.8,NA,25,"Acer rubrum L.",1.8,341.7,"2018",316,"soft maple/birch","Acer rubrum L.","red maple","Aceraceae","tree","rubrum",0.744,"hw2",-1.9123,2.3651,"AceraceaeBelow0.50spg","hardwood","Hardwood",0.44,-2.047,2.3852,0.21103,0.95964,NA,"Check",50.6531895911395,46.5213339715493,NA
"Acer","ACRU","NEON.PLA.D05.TREE.01278","TREE_039","TREE","D05",2018-10-17,"Live","single bole tree",NA,130,NA,21.2,26.2,NA,41,"Acer rubrum L.",1.6,142.1,"2018",316,"soft maple/birch","Acer rubrum L.","red maple","Aceraceae","tree","rubrum",0.744,"hw2",-1.9123,2.3651,"AceraceaeBelow0.50spg","hardwood","Hardwood",0.44,-2.047,2.3852,0.21103,0.95964,NA,"Check",334.135828480444,311.839722712719,NA
"Acer","ACRU","NEON.PLA.D05.TREE.01012","TREE_045","TREE","D05",2017-10-19,"Live","single bole tree",NA,130,NA,19.4,25.9,NA,57,"Acer rubrum L.",17.7,179.7,"2017",316,"soft maple/birch","Acer rubrum L.","red maple","Aceraceae","tree","rubrum",0.744,"hw2",-1.9123,2.3651,"AceraceaeBelow0.50spg","hardwood","Hardwood",0.44,-2.047,2.3852,0.21103,0.95964,NA,"Check",325.157618669216,303.390370856321,NA
"Acer","ACRU","NEON.PLA.D05.TREE.01012","TREE_045","TREE","D05",2018-10-17,"Live","single bole tree",NA,130,NA,19.4,26.5,NA,57,"Acer rubrum L.",17.7,179.7,"2018",316,"soft maple/birch","Acer rubrum L.","red maple","Aceraceae","tree","rubrum",0.744,"hw2",-1.9123,2.3651,"AceraceaeBelow0.50spg","hardwood","Hardwood",0.44,-2.047,2.3852,0.21103,0.95964,NA,"Check",343.255479464212,320.424159692004,NA
"Acer","ACRU","NEON.PLA.D05.TREE.01454","TREE_045","TREE","D05",2018-10-17,"Live","single bole tree",NA,130,NA,14.9,21.7,NA,23,"Acer rubrum L.",4.7,63.5,"2018",316,"soft maple/birch","Acer rubrum L.","red maple","Aceraceae","tree","rubrum",0.744,"hw2",-1.9123,2.3651,"AceraceaeBelow0.50spg","hardwood","Hardwood",0.44,-2.047,2.3852,0.21103,0.95964,NA,"Check",213.973297118974,198.94038437852,NA
"Acer","ACRU","NEON.PLA.D05.TREE.01454","TREE_045","TREE","D05",2015-08-11,"Live,  other damage","single bole tree","Partially shaded",130,NA,14,19.8,NA,23,"Acer rubrum L.",4.7,63.5,"2015",316,"soft maple/birch","Acer rubrum L.","red maple","Aceraceae","tree","rubrum",0.744,"hw2",-1.9123,2.3651,"AceraceaeBelow0.50spg","hardwood","Hardwood",0.44,-2.047,2.3852,0.21103,0.95964,NA,"Check",172.282634296685,159.884000880797,NA
"Acer","ACRU","NEON.PLA.D05.TREE.00489","TREE_057","TREE","D05",2016-10-18,"Live","single bole tree",NA,130,NA,15.8,25.7,NA,57,"Acer rubrum L.",4.1,152.1,"2016",316,"soft maple/birch","Acer rubrum L.","red maple","Aceraceae","tree","rubrum",0.744,"hw2",-1.9123,2.3651,"AceraceaeBelow0.50spg","hardwood","Hardwood",0.44,-2.047,2.3852,0.21103,0.95964,NA,"Check",319.250430998268,297.832221806905,NA
"Acer","ACRU","NEON.PLA.D05.TREE.00489","TREE_057","TREE","D05",2018-10-16,"Live","single bole tree",NA,130,NA,20.4,27.2,NA,57,"Acer rubrum L.",4.1,152.1,"2018",316,"soft maple/birch","Acer rubrum L.","red maple","Aceraceae","tree","rubrum",0.744,"hw2",-1.9123,2.3651,"AceraceaeBelow0.50spg","hardwood","Hardwood",0.44,-2.047,2.3852,0.21103,0.95964,NA,"Check",365.088015750804,340.983171191053,NA
"Acer","ACRU","NEON.PLA.D05.TREE.02913","TREE_001","TREE","D05",2019-10-07,"Live","small tree",NA,130,NA,2.8,1.9,NA,NA,"Acer rubrum L.",NA,NA,"2019",316,"soft maple/birch","Acer rubrum L.","red maple","Aceraceae","tree","rubrum",0.744,"hw2",-1.9123,2.3651,"AceraceaeBelow0.50spg","hardwood","Hardwood",0.44,-2.047,2.3852,0.21103,0.95964,NA,"Check",0.334993170929283,0.294820752534051,NA
"Acer","ACRU","NEON.PLA.D05.TREE.03777","TREE_002","TREE","D05",2018-05-07,"Live","small tree",NA,130,NA,3.3,1.4,NA,NA,"Acer rubrum L.",NA,NA,"2018",316,"soft maple/birch","Acer rubrum L.","red maple","Aceraceae","tree","rubrum",0.744,"hw2",-1.9123,2.3651,"AceraceaeBelow0.50spg","hardwood","Hardwood",0.44,-2.047,2.3852,0.21103,0.95964,NA,"Check",0.162690887876099,0.142304800931639,NA
"Acer","ACRU","NEON.PLA.D05.TREE.03777","TREE_002","TREE","D05",2019-10-08,"Live","small tree",NA,130,NA,3.5,2.2,NA,NA,"Acer rubrum L.",NA,NA,"2019",316,"soft maple/birch","Acer rubrum L.","red maple","Aceraceae","tree","rubrum",0.744,"hw2",-1.9123,2.3651,"AceraceaeBelow0.50spg","hardwood","Hardwood",0.44,-2.047,2.3852,0.21103,0.95964,NA,"Check",0.473826880108353,0.41823612265832,NA
"Acer","ACRU","NEON.PLA.D05.TREE.00910","TREE_045","TREE","D05",2015-08-11,"Live","single bole tree","Full sun",130,NA,19.2,25.4,NA,43,"Acer rubrum L.",8.1,257.2,"2015",316,"soft maple/birch","Acer rubrum L.","red maple","Aceraceae","tree","rubrum",0.744,"hw2",-1.9123,2.3651,"AceraceaeBelow0.50spg","hardwood","Hardwood",0.44,-2.047,2.3852,0.21103,0.95964,NA,"Check",310.506635490611,289.606680967094,NA
"Acer","ACRU","NEON.PLA.D05.TREE.00910","TREE_045","TREE","D05",2018-10-17,"Live","single bole tree",NA,130,NA,19.7,26.5,NA,43,"Acer rubrum L.",8.1,257.2,"2018",316,"soft maple/birch","Acer rubrum L.","red maple","Aceraceae","tree","rubrum",0.744,"hw2",-1.9123,2.3651,"AceraceaeBelow0.50spg","hardwood","Hardwood",0.44,-2.047,2.3852,0.21103,0.95964,NA,"Check",343.255479464212,320.424159692004,NA
"Acer","ACRU","NEON.PLA.D05.TREE.01363","TREE_040","TREE","D05",2018-10-18,"Live","small tree",NA,130,NA,10.9,9.2,NA,NA,"Acer rubrum L.",NA,NA,"2018",316,"soft maple/birch","Acer rubrum L.","red maple","Aceraceae","tree","rubrum",0.744,"hw2",-1.9123,2.3651,"AceraceaeBelow0.50spg","hardwood","Hardwood",0.44,-2.047,2.3852,0.21103,0.95964,NA,"Check",13.9704502328717,12.6911707483456,NA
"Acer","ACRU","NEON.PLA.D05.TREE.01363","TREE_040","TREE","D05",2020-09-29,"Live","small tree","Partially shaded",170,NA,11,9.2,NA,NA,"Acer rubrum L.",NA,NA,"2020",316,"soft maple/birch","Acer rubrum L.","red maple","Aceraceae","tree","rubrum",0.744,"hw2",-1.9123,2.3651,"AceraceaeBelow0.50spg","hardwood","Hardwood",0.44,-2.047,2.3852,0.21103,0.95964,NA,"Check",13.9704502328717,12.6911707483456,NA
"Acer","ACRU","NEON.PLA.D05.TREE.01364","TREE_040","TREE","D05",2019-10-23,"Live, broken bole","single bole tree",NA,130,NA,9.2,20.6,NA,43,"Acer rubrum L.",5.9,233.1,"2019",316,"soft maple/birch","Acer rubrum L.","red maple","Aceraceae","tree","rubrum",0.744,"hw2",-1.9123,2.3651,"AceraceaeBelow0.50spg","hardwood","Hardwood",0.44,-2.047,2.3852,0.21103,0.95964,NA,"Check",189.202131680398,175.725703064047,NA
"Acer","ACRU","NEON.PLA.D05.TREE.00319","TREE_054","TREE","D05",2021-09-20,"Live","single bole tree","Partially shaded",130,NA,15.4,25.9,NA,23,"Acer rubrum L.",4.2,358.6,"2021",316,"soft maple/birch","Acer rubrum L.","red maple","Aceraceae","tree","rubrum",0.744,"hw2",-1.9123,2.3651,"AceraceaeBelow0.50spg","hardwood","Hardwood",0.44,-2.047,2.3852,0.21103,0.95964,NA,"Check",325.157618669216,303.390370856321,NA
"Acer","ACRU","NEON.PLA.D05.TREE.00691","TREE_053","TREE","D05",2016-09-27,"Live","single bole tree",NA,130,NA,20.6,34.9,NA,41,"Acer rubrum L.",2.2,177.5,"2016",316,"soft maple/birch","Acer rubrum L.","red maple","Aceraceae","tree","rubrum",0.744,"hw2",-1.9123,2.3651,"AceraceaeBelow0.50spg","hardwood","Hardwood",0.44,-2.047,2.3852,0.21103,0.95964,NA,"Check",658.317014172241,617.940135737992,NA
"Acer","ACRU","NEON.PLA.D05.TREE.00691","TREE_053","TREE","D05",2018-10-09,"Live","single bole tree",NA,130,NA,21.4,35.7,NA,41,"Acer rubrum L.",2.2,177.5,"2018",316,"soft maple/birch","Acer rubrum L.","red maple","Aceraceae","tree","rubrum",0.744,"hw2",-1.9123,2.3651,"AceraceaeBelow0.50spg","hardwood","Hardwood",0.44,-2.047,2.3852,0.21103,0.95964,NA,"Check",694.567183520838,652.264022791668,NA
"Acer","ACRU","NEON.PLA.D05.TREE.01385","TREE_041","TREE","D05",2015-08-10,"Live","small tree","Mostly shaded",130,NA,6.8,5.4,NA,NA,"Acer rubrum L.",NA,NA,"2015",316,"soft maple/birch","Acer rubrum L.","red maple","Aceraceae","tree","rubrum",0.744,"hw2",-1.9123,2.3651,"AceraceaeBelow0.50spg","hardwood","Hardwood",0.44,-2.047,2.3852,0.21103,0.95964,NA,"Check",3.96223557950312,3.56107038249228,NA
"Acer","ACRU","NEON.PLA.D05.TREE.01385","TREE_041","TREE","D05",2020-09-28,"Live","small tree","Mostly shaded",130,NA,9.5,6.8,NA,NA,"Acer rubrum L.",NA,NA,"2020",316,"soft maple/birch","Acer rubrum L.","red maple","Aceraceae","tree","rubrum",0.744,"hw2",-1.9123,2.3651,"AceraceaeBelow0.50spg","hardwood","Hardwood",0.44,-2.047,2.3852,0.21103,0.95964,NA,"Check",6.8347501242057,6.17127955320834,NA
"Acer","ACRU","NEON.PLA.D05.TREE.01116","TREE_039","TREE","D05",2020-10-01,"Live","single bole tree","Partially shaded",130,NA,16.8,19.8,NA,41,"Acer rubrum L.",6.2,19.1,"2020",316,"soft maple/birch","Acer rubrum L.","red maple","Aceraceae","tree","rubrum",0.744,"hw2",-1.9123,2.3651,"AceraceaeBelow0.50spg","hardwood","Hardwood",0.44,-2.047,2.3852,0.21103,0.95964,NA,"Check",172.282634296685,159.884000880797,NA
"Acer","ACRU","NEON.PLA.D05.TREE.00816","TREE_052","TREE","D05",2018-08-29,"Live","single bole tree",NA,130,NA,13.1,14.5,NA,39,"Acer rubrum L.",6.8,179.1,"2018",316,"soft maple/birch","Acer rubrum L.","red maple","Aceraceae","tree","rubrum",0.744,"hw2",-1.9123,2.3651,"AceraceaeBelow0.50spg","hardwood","Hardwood",0.44,-2.047,2.3852,0.21103,0.95964,NA,"Check",82.4612899714447,76.0491132550861,NA
"Acer","ACRU","NEON.PLA.D05.TREE.00816","TREE_052","TREE","D05",2017-09-26,"Live","single bole tree",NA,130,NA,13.4,14.3,NA,39,"Acer rubrum L.",6.8,179.1,"2017",316,"soft maple/birch","Acer rubrum L.","red maple","Aceraceae","tree","rubrum",0.744,"hw2",-1.9123,2.3651,"AceraceaeBelow0.50spg","hardwood","Hardwood",0.44,-2.047,2.3852,0.21103,0.95964,NA,"Check",79.7965149812126,73.5710089710861,NA
"Acer","ACRU","NEON.PLA.D05.TREE.00496","TREE_051","TREE","D05",2018-10-09,"Live","single bole tree",NA,130,NA,18.2,23.1,NA,59,"Acer rubrum L.",7.3,169.6,"2018",316,"soft maple/birch","Acer rubrum L.","red maple","Aceraceae","tree","rubrum",0.744,"hw2",-1.9123,2.3651,"AceraceaeBelow0.50spg","hardwood","Hardwood",0.44,-2.047,2.3852,0.21103,0.95964,NA,"Check",248.071776017057,230.933261916534,NA
"Acer","ACRU","NEON.PLA.D05.TREE.00261","TREE_056","TREE","D05",2021-09-22,"Live","single bole tree","Partially shaded",130,NA,17.1,32.6,NA,61,"Acer rubrum L.",5.1,233.9,"2021",316,"soft maple/birch","Acer rubrum L.","red maple","Aceraceae","tree","rubrum",0.744,"hw2",-1.9123,2.3651,"AceraceaeBelow0.50spg","hardwood","Hardwood",0.44,-2.047,2.3852,0.21103,0.95964,NA,"Check",560.285790220796,525.201327601099,NA
"Acer","ACRU","NEON.PLA.D05.TREE.00406","TREE_025","TREE","D05",2016-10-18,"Live","single bole tree",NA,130,NA,13.8,16.3,NA,23,"Acer rubrum L.",10.5,58.7,"2016",316,"soft maple/birch","Acer rubrum L.","red maple","Aceraceae","tree","rubrum",0.744,"hw2",-1.9123,2.3651,"AceraceaeBelow0.50spg","hardwood","Hardwood",0.44,-2.047,2.3852,0.21103,0.95964,NA,"Check",108.7535808179,100.533098858628,NA
"Acer","ACRU","NEON.PLA.D05.TREE.00406","TREE_025","TREE","D05",2015-08-04,"Live","single bole tree","Full sun",130,NA,11.9,16.2,NA,23,"Acer rubrum L.",10.5,58.7,"2015",316,"soft maple/birch","Acer rubrum L.","red maple","Aceraceae","tree","rubrum",0.744,"hw2",-1.9123,2.3651,"AceraceaeBelow0.50spg","hardwood","Hardwood",0.44,-2.047,2.3852,0.21103,0.95964,NA,"Check",107.182189168625,99.0682310220663,NA
"Acer","ACRU","NEON.PLA.D05.TREE.00406","TREE_025","TREE","D05",2017-10-18,"Live","single bole tree",NA,130,NA,15,16.6,NA,23,"Acer rubrum L.",10.5,58.7,"2017",316,"soft maple/birch","Acer rubrum L.","red maple","Aceraceae","tree","rubrum",0.744,"hw2",-1.9123,2.3651,"AceraceaeBelow0.50spg","hardwood","Hardwood",0.44,-2.047,2.3852,0.21103,0.95964,NA,"Check",113.547166537072,105.002830714372,NA
"Acer","ACRU","NEON.PLA.D05.TREE.01150","TREE_048","TREE","D05",2018-10-16,"Live","small tree",NA,130,NA,3.7,2.1,NA,NA,"Acer rubrum L.",NA,NA,"2018",316,"soft maple/birch","Acer rubrum L.","red maple","Aceraceae","tree","rubrum",0.744,"hw2",-1.9123,2.3651,"AceraceaeBelow0.50spg","hardwood","Hardwood",0.44,-2.047,2.3852,0.21103,0.95964,NA,"Check",0.424459898705683,0.374310856195916,NA
"Acer","ACRU","NEON.PLA.D05.TREE.00920","TREE_044","TREE","D05",2016-10-19,"Live","small tree",NA,130,NA,5.5,1.1,NA,NA,"Acer rubrum L.",NA,NA,"2016",316,"soft maple/birch","Acer rubrum L.","red maple","Aceraceae","tree","rubrum",0.744,"hw2",-1.9123,2.3651,"AceraceaeBelow0.50spg","hardwood","Hardwood",0.44,-2.047,2.3852,0.21103,0.95964,NA,"Check",0.0919715809305997,0.0800580106252001,NA
"Acer","ACRU","NEON.PLA.D05.TREE.02360","TREE_019","TREE","D05",2017-10-23,"Live","small tree",NA,130,NA,5.2,2,NA,NA,"Acer rubrum L.",NA,NA,"2017",316,"soft maple/birch","Acer rubrum L.","red maple","Aceraceae","tree","rubrum",0.744,"hw2",-1.9123,2.3651,"AceraceaeBelow0.50spg","hardwood","Hardwood",0.44,-2.047,2.3852,0.21103,0.95964,NA,"Check",0.378200287682932,0.333189807107002,NA
"Acer","ACRU","NEON.PLA.D05.TREE.01349","TREE_039","TREE","D05",2017-10-17,"Live","multi-bole tree",NA,130,NA,18.3,30.3,NA,43,"Acer rubrum L.",14.3,228,"2017",316,"soft maple/birch","Acer rubrum L.","red maple","Aceraceae","tree","rubrum",0.744,"hw2",-1.9123,2.3651,"AceraceaeBelow0.50spg","hardwood","Hardwood",0.44,-2.047,2.3852,0.21103,0.95964,NA,"Check",471.257877531627,441.099081092904,NA
"Acer","ACRU","NEON.PLA.D05.TREE.00442","TREE_025","TREE","D05",2017-10-18,"Live","multi-bole tree",NA,130,NA,18.4,27.5,NA,41,"Acer rubrum L.",6.7,97.2,"2017",316,"soft maple/birch","Acer rubrum L.","red maple","Aceraceae","tree","rubrum",0.744,"hw2",-1.9123,2.3651,"AceraceaeBelow0.50spg","hardwood","Hardwood",0.44,-2.047,2.3852,0.21103,0.95964,NA,"Check",374.683368879199,350.022157052813,NA
"Acer","ACRU","NEON.PLA.D05.TREE.00442","TREE_025","TREE","D05",2015-08-04,"Live","multi-bole tree","Full sun",130,NA,20.4,26.9,NA,41,"Acer rubrum L.",6.7,97.2,"2015",316,"soft maple/birch","Acer rubrum L.","red maple","Aceraceae","tree","rubrum",0.744,"hw2",-1.9123,2.3651,"AceraceaeBelow0.50spg","hardwood","Hardwood",0.44,-2.047,2.3852,0.21103,0.95964,NA,"Check",355.636051423249,332.081233703443,NA
"Acer","ACRU","NEON.PLA.D05.TREE.00820","TREE_025","TREE","D05",2016-10-18,"Live","multi-bole tree",NA,130,NA,20.2,28,NA,25,"Acer rubrum L.",4.5,282,"2016",316,"soft maple/birch","Acer rubrum L.","red maple","Aceraceae","tree","rubrum",0.744,"hw2",-1.9123,2.3651,"AceraceaeBelow0.50spg","hardwood","Hardwood",0.44,-2.047,2.3852,0.21103,0.95964,NA,"Check",390.995826891003,365.393259793643,NA
"Acer","ACRU","NEON.PLA.D05.TREE.00820","TREE_025","TREE","D05",2017-10-18,"Live","multi-bole tree",NA,130,NA,20.3,28.4,NA,25,"Acer rubrum L.",4.5,282,"2017",316,"soft maple/birch","Acer rubrum L.","red maple","Aceraceae","tree","rubrum",0.744,"hw2",-1.9123,2.3651,"AceraceaeBelow0.50spg","hardwood","Hardwood",0.44,-2.047,2.3852,0.21103,0.95964,NA,"Check",404.335495292833,377.967188541866,NA
"Acer","ACRU","NEON.PLA.D05.TREE.00820","TREE_025","TREE","D05",2015-08-04,"Live","multi-bole tree","Full sun",130,NA,11.2,28.1,NA,25,"Acer rubrum L.",4.5,282,"2015",316,"soft maple/birch","Acer rubrum L.","red maple","Aceraceae","tree","rubrum",0.744,"hw2",-1.9123,2.3651,"AceraceaeBelow0.50spg","hardwood","Hardwood",0.44,-2.047,2.3852,0.21103,0.95964,NA,"Check",394.306539171731,368.513591214592,NA
"Acer","ACRU","NEON.PLA.D05.TREE.00820","TREE_025","TREE","D05",2018-10-17,"Live","multi-bole tree",NA,130,NA,18.1,28.5,NA,25,"Acer rubrum L.",4.5,282,"2018",316,"soft maple/birch","Acer rubrum L.","red maple","Aceraceae","tree","rubrum",0.744,"hw2",-1.9123,2.3651,"AceraceaeBelow0.50spg","hardwood","Hardwood",0.44,-2.047,2.3852,0.21103,0.95964,NA,"Check",407.710823350654,381.14932556829,NA
"Acer","ACRU","NEON.PLA.D05.TREE.00238","TREE_056","TREE","D05",2015-07-29,"Live","single bole tree","Full sun",130,NA,16.2,28.5,NA,61,"Acer rubrum L.",10.8,227.5,"2015",316,"soft maple/birch","Acer rubrum L.","red maple","Aceraceae","tree","rubrum",0.744,"hw2",-1.9123,2.3651,"AceraceaeBelow0.50spg","hardwood","Hardwood",0.44,-2.047,2.3852,0.21103,0.95964,NA,"Check",407.710823350654,381.14932556829,NA
"Acer","ACRU","NEON.PLA.D05.TREE.00238","TREE_056","TREE","D05",2018-10-09,"Live","single bole tree",NA,130,NA,18.4,29,NA,61,"Acer rubrum L.",10.8,227.5,"2018",316,"soft maple/birch","Acer rubrum L.","red maple","Aceraceae","tree","rubrum",0.744,"hw2",-1.9123,2.3651,"AceraceaeBelow0.50spg","hardwood","Hardwood",0.44,-2.047,2.3852,0.21103,0.95964,NA,"Check",424.830968017863,397.292988059821,NA
"Acer","ACRU","NEON.PLA.D05.TREE.00238","TREE_056","TREE","D05",2022-09-20,"Live, physically damaged","single bole tree","Partially shaded",130,NA,20.6,29.8,NA,61,"Acer rubrum L.",10.8,227.5,"2022",316,"soft maple/birch","Acer rubrum L.","red maple","Aceraceae","tree","rubrum",0.744,"hw2",-1.9123,2.3651,"AceraceaeBelow0.50spg","hardwood","Hardwood",0.44,-2.047,2.3852,0.21103,0.95964,NA,"Check",453.072339008087,423.935542047903,NA
"Acer","ACRU","NEON.PLA.D05.TREE.00238","TREE_056","TREE","D05",2016-09-28,"Live","single bole tree",NA,130,NA,19.8,28.9,NA,61,"Acer rubrum L.",10.8,227.5,"2016",316,"soft maple/birch","Acer rubrum L.","red maple","Aceraceae","tree","rubrum",0.744,"hw2",-1.9123,2.3651,"AceraceaeBelow0.50spg","hardwood","Hardwood",0.44,-2.047,2.3852,0.21103,0.95964,NA,"Check",421.374402937445,394.033122363276,NA
"Acer","ACRU","NEON.PLA.D05.TREE.00238","TREE_056","TREE","D05",2021-09-22,"Live","single bole tree","Partially shaded",130,NA,17,29.5,NA,61,"Acer rubrum L.",10.8,227.5,"2021",316,"soft maple/birch","Acer rubrum L.","red maple","Aceraceae","tree","rubrum",0.744,"hw2",-1.9123,2.3651,"AceraceaeBelow0.50spg","hardwood","Hardwood",0.44,-2.047,2.3852,0.21103,0.95964,NA,"Check",442.358841740218,413.826852692925,NA
"Acer","ACRU","NEON.PLA.D05.TREE.03843","TREE_019","TREE","D05",2019-10-30,"Live","small tree",NA,130,NA,2.3,1,NA,NA,"Acer rubrum L.",NA,NA,"2019",316,"soft maple/birch","Acer rubrum L.","red maple","Aceraceae","tree","rubrum",0.744,"hw2",-1.9123,2.3651,"AceraceaeBelow0.50spg","hardwood","Hardwood",0.44,-2.047,2.3852,0.21103,0.95964,NA,"Check",0.073410099398862,0.0637785969993142,NA
"Acer","ACRU","NEON.PLA.D05.TREE.02024","TREE_018","TREE","D05",2018-04-25,"Live","small tree",NA,130,NA,8.1,5.9,NA,NA,"Acer rubrum L.",NA,NA,"2018",316,"soft maple/birch","Acer rubrum L.","red maple","Aceraceae","tree","rubrum",0.744,"hw2",-1.9123,2.3651,"AceraceaeBelow0.50spg","hardwood","Hardwood",0.44,-2.047,2.3852,0.21103,0.95964,NA,"Check",4.88537499094676,4.39856667534191,NA
"Acer","ACRU","NEON.PLA.D05.TREE.00502","TREE_046","TREE","D05",2021-09-21,"Live","single bole tree","Full sun",130,NA,22.8,27,NA,43,"Acer rubrum L.",10.1,217.6,"2021",316,"soft maple/birch","Acer rubrum L.","red maple","Aceraceae","tree","rubrum",0.744,"hw2",-1.9123,2.3651,"AceraceaeBelow0.50spg","hardwood","Hardwood",0.44,-2.047,2.3852,0.21103,0.95964,NA,"Check",358.770809794319,335.033354584814,NA
"Acer","ACRU","NEON.PLA.D05.TREE.00502","TREE_046","TREE","D05",2022-09-19,"Live","single bole tree","Full sun",130,NA,22.4,27.2,NA,43,"Acer rubrum L.",10.1,217.6,"2022",316,"soft maple/birch","Acer rubrum L.","red maple","Aceraceae","tree","rubrum",0.744,"hw2",-1.9123,2.3651,"AceraceaeBelow0.50spg","hardwood","Hardwood",0.44,-2.047,2.3852,0.21103,0.95964,NA,"Check",365.088015750804,340.983171191053,NA
"Acer","ACRU","NEON.PLA.D05.TREE.00410C","TREE_057","TREE","D05",2018-10-16,"Live","multi-bole tree",NA,130,NA,20.8,14.2,NA,41,"Acer rubrum L.",9.7,340.7,"2018",316,"soft maple/birch","Acer rubrum L.","red maple","Aceraceae","tree","rubrum",0.744,"hw2",-1.9123,2.3651,"AceraceaeBelow0.50spg","hardwood","Hardwood",0.44,-2.047,2.3852,0.21103,0.95964,NA,"Check",78.4830415698135,72.3498032736456,NA
"Acer","ACRU","NEON.PLA.D05.TREE.00502","TREE_046","TREE","D05",2017-09-25,"Live","single bole tree",NA,130,NA,20.2,26.4,NA,43,"Acer rubrum L.",10.1,217.6,"2017",316,"soft maple/birch","Acer rubrum L.","red maple","Aceraceae","tree","rubrum",0.744,"hw2",-1.9123,2.3651,"AceraceaeBelow0.50spg","hardwood","Hardwood",0.44,-2.047,2.3852,0.21103,0.95964,NA,"Check",340.199843660913,317.547634504621,NA
"Acer","ACRU","NEON.PLA.D05.TREE.00502","TREE_046","TREE","D05",2015-07-28,"Live","single bole tree","Full sun",130,NA,18.7,25.8,NA,43,"Acer rubrum L.",10.1,217.6,"2015",316,"soft maple/birch","Acer rubrum L.","red maple","Aceraceae","tree","rubrum",0.744,"hw2",-1.9123,2.3651,"AceraceaeBelow0.50spg","hardwood","Hardwood",0.44,-2.047,2.3852,0.21103,0.95964,NA,"Check",322.196210987341,300.603835929002,NA
"Acer","ACRU","NEON.PLA.D05.TREE.02969","TREE_009","TREE","D05",2017-10-26,"Live","small tree",NA,130,NA,4,1.4,NA,NA,"Acer rubrum L.",NA,NA,"2017",316,"soft maple/birch","Acer rubrum L.","red maple","Aceraceae","tree","rubrum",0.744,"hw2",-1.9123,2.3651,"AceraceaeBelow0.50spg","hardwood","Hardwood",0.44,-2.047,2.3852,0.21103,0.95964,NA,"Check",0.162690887876099,0.142304800931639,NA
"Acer","ACRU","NEON.PLA.D05.TREE.01370","TREE_045","TREE","D05",2017-10-19,"Live","single bole tree",NA,130,NA,20,34,NA,57,"Acer rubrum L.",8.8,179.1,"2017",316,"soft maple/birch","Acer rubrum L.","red maple","Aceraceae","tree","rubrum",0.744,"hw2",-1.9123,2.3651,"AceraceaeBelow0.50spg","hardwood","Hardwood",0.44,-2.047,2.3852,0.21103,0.95964,NA,"Check",618.870026176133,580.607589492523,NA
"Acer","ACRU","NEON.PLA.D05.TREE.00243","TREE_056","TREE","D05",2016-09-28,"Live","single bole tree",NA,130,NA,15,19,NA,61,"Acer rubrum L.",7.7,183,"2016",316,"soft maple/birch","Acer rubrum L.","red maple","Aceraceae","tree","rubrum",0.744,"hw2",-1.9123,2.3651,"AceraceaeBelow0.50spg","hardwood","Hardwood",0.44,-2.047,2.3852,0.21103,0.95964,NA,"Check",156.271148463913,144.904637422097,NA
"Acer","ACRU","NEON.PLA.D05.TREE.00243","TREE_056","TREE","D05",2021-09-22,"Live","single bole tree","Partially shaded",130,NA,13.7,19.7,NA,61,"Acer rubrum L.",7.7,183,"2021",316,"soft maple/birch","Acer rubrum L.","red maple","Aceraceae","tree","rubrum",0.744,"hw2",-1.9123,2.3651,"AceraceaeBelow0.50spg","hardwood","Hardwood",0.44,-2.047,2.3852,0.21103,0.95964,NA,"Check",170.231816631313,157.964696782648,NA
"Acer","ACRU","NEON.PLA.D05.TREE.00243","TREE_056","TREE","D05",2018-10-09,"Live","single bole tree",NA,130,NA,14.8,13.2,NA,61,"Acer rubrum L.",7.7,183,"2018",316,"soft maple/birch","Acer rubrum L.","red maple","Aceraceae","tree","rubrum",0.744,"hw2",-1.9123,2.3651,"AceraceaeBelow0.50spg","hardwood","Hardwood",0.44,-2.047,2.3852,0.21103,0.95964,NA,"Check",66.0340701791381,60.7844002942495,NA
"Acer","ACRU","NEON.PLA.D05.TREE.00243","TREE_056","TREE","D05",2022-09-20,"Live","single bole tree","Partially shaded",130,NA,16.9,20,NA,61,"Acer rubrum L.",7.7,183,"2022",316,"soft maple/birch","Acer rubrum L.","red maple","Aceraceae","tree","rubrum",0.744,"hw2",-1.9123,2.3651,"AceraceaeBelow0.50spg","hardwood","Hardwood",0.44,-2.047,2.3852,0.21103,0.95964,NA,"Check",176.426860110741,163.76305866054,NA
"Acer","ACRU","NEON.PLA.D05.TREE.00243","TREE_056","TREE","D05",2015-07-29,"Live","single bole tree","Partially shaded",130,NA,14.9,18.6,NA,61,"Acer rubrum L.",7.7,183,"2015",316,"soft maple/birch","Acer rubrum L.","red maple","Aceraceae","tree","rubrum",0.744,"hw2",-1.9123,2.3651,"AceraceaeBelow0.50spg","hardwood","Hardwood",0.44,-2.047,2.3852,0.21103,0.95964,NA,"Check",148.601682499622,137.734098272502,NA
"Acer","ACRU","NEON.PLA.D05.TREE.00244","TREE_056","TREE","D05",2016-09-28,"Live","single bole tree",NA,130,NA,18.3,31.4,NA,61,"Acer rubrum L.",1.2,203.4,"2016",316,"soft maple/birch","Acer rubrum L.","red maple","Aceraceae","tree","rubrum",0.744,"hw2",-1.9123,2.3651,"AceraceaeBelow0.50spg","hardwood","Hardwood",0.44,-2.047,2.3852,0.21103,0.95964,NA,"Check",512.727926884453,480.259309510907,NA
"Acer","ACRU","NEON.PLA.D05.TREE.00732","TREE_051","TREE","D05",2015-08-03,"Live","single bole tree","Partially shaded",130,NA,13.3,19.5,NA,59,"Acer rubrum L.",5.9,256.6,"2015",316,"soft maple/birch","Acer rubrum L.","red maple","Aceraceae","tree","rubrum",0.744,"hw2",-1.9123,2.3651,"AceraceaeBelow0.50spg","hardwood","Hardwood",0.44,-2.047,2.3852,0.21103,0.95964,NA,"Check",166.172640762349,154.166406894893,NA
"Acer","ACRU","NEON.PLA.D05.TREE.00825","TREE_025","TREE","D05",2015-08-04,"Live","single bole tree","Full sun",130,NA,18.9,37.4,NA,23,"Acer rubrum L.",11.1,31.1,"2015",316,"soft maple/birch","Acer rubrum L.","red maple","Aceraceae","tree","rubrum",0.744,"hw2",-1.9123,2.3651,"AceraceaeBelow0.50spg","hardwood","Hardwood",0.44,-2.047,2.3852,0.21103,0.95964,NA,"Check",775.349102699389,728.807009805562,NA
"Acer","ACRU","NEON.PLA.D05.TREE.00825","TREE_025","TREE","D05",2016-10-18,"Live","single bole tree",NA,130,NA,20.6,37.9,NA,23,"Acer rubrum L.",11.1,31.1,"2016",316,"soft maple/birch","Acer rubrum L.","red maple","Aceraceae","tree","rubrum",0.744,"hw2",-1.9123,2.3651,"AceraceaeBelow0.50spg","hardwood","Hardwood",0.44,-2.047,2.3852,0.21103,0.95964,NA,"Check",800.088922967534,752.262545410245,NA
"Acer","ACRU","NEON.PLA.D05.TREE.02976","TREE_009","TREE","D05",2017-10-26,"Live","small tree",NA,130,NA,3.3,1.4,NA,NA,"Acer rubrum L.",NA,NA,"2017",316,"soft maple/birch","Acer rubrum L.","red maple","Aceraceae","tree","rubrum",0.744,"hw2",-1.9123,2.3651,"AceraceaeBelow0.50spg","hardwood","Hardwood",0.44,-2.047,2.3852,0.21103,0.95964,NA,"Check",0.162690887876099,0.142304800931639,NA
"Acer","ACRU","NEON.PLA.D05.TREE.02976","TREE_009","TREE","D05",2019-10-16,"Live","small tree",NA,130,NA,4.2,1.8,NA,NA,"Acer rubrum L.",NA,NA,"2019",316,"soft maple/birch","Acer rubrum L.","red maple","Aceraceae","tree","rubrum",0.744,"hw2",-1.9123,2.3651,"AceraceaeBelow0.50spg","hardwood","Hardwood",0.44,-2.047,2.3852,0.21103,0.95964,NA,"Check",0.29478190012753,0.259149837338503,NA
"Acer","ACRU","NEON.PLA.D05.TREE.02381","TREE_019","TREE","D05",2017-10-23,"Live","small tree",NA,130,NA,3.7,1.5,NA,NA,"Acer rubrum L.",NA,NA,"2017",316,"soft maple/birch","Acer rubrum L.","red maple","Aceraceae","tree","rubrum",0.744,"hw2",-1.9123,2.3651,"AceraceaeBelow0.50spg","hardwood","Hardwood",0.44,-2.047,2.3852,0.21103,0.95964,NA,"Check",0.191526666069617,0.16775977404484,NA
"Acer","ACRU","NEON.PLA.D05.TREE.01133","TREE_048","TREE","D05",2018-10-16,"Live","small tree",NA,130,NA,3.1,1.2,NA,NA,"Acer rubrum L.",NA,NA,"2018",316,"soft maple/birch","Acer rubrum L.","red maple","Aceraceae","tree","rubrum",0.744,"hw2",-1.9123,2.3651,"AceraceaeBelow0.50spg","hardwood","Hardwood",0.44,-2.047,2.3852,0.21103,0.95964,NA,"Check",0.112986713722055,0.0985231002614041,NA
"Acer","ACRU","NEON.PLA.D05.TREE.02385","TREE_019","TREE","D05",2019-10-30,"Live, broken bole","small tree",NA,130,NA,2.2,1,NA,NA,"Acer rubrum L.",NA,NA,"2019",316,"soft maple/birch","Acer rubrum L.","red maple","Aceraceae","tree","rubrum",0.744,"hw2",-1.9123,2.3651,"AceraceaeBelow0.50spg","hardwood","Hardwood",0.44,-2.047,2.3852,0.21103,0.95964,NA,"Check",0.073410099398862,0.0637785969993142,NA
"Acer","ACRU","NEON.PLA.D05.TREE.02386","TREE_019","TREE","D05",2017-10-23,"Live","small tree",NA,130,NA,4.7,2.3,NA,NA,"Acer rubrum L.",NA,NA,"2017",316,"soft maple/birch","Acer rubrum L.","red maple","Aceraceae","tree","rubrum",0.744,"hw2",-1.9123,2.3651,"AceraceaeBelow0.50spg","hardwood","Hardwood",0.44,-2.047,2.3852,0.21103,0.95964,NA,"Check",0.526354471942132,0.465016320984426,NA
"Acer","ACRU","NEON.PLA.D05.TREE.02386","TREE_019","TREE","D05",2019-10-30,"Live","small tree",NA,130,NA,5.6,2.7,NA,NA,"Acer rubrum L.",NA,NA,"2019",316,"soft maple/birch","Acer rubrum L.","red maple","Aceraceae","tree","rubrum",0.744,"hw2",-1.9123,2.3651,"AceraceaeBelow0.50spg","hardwood","Hardwood",0.44,-2.047,2.3852,0.21103,0.95964,NA,"Check",0.769084839980038,0.681653723993516,NA
"Acer","ACRU","NEON.PLA.D05.TREE.02982","TREE_009","TREE","D05",2017-10-26,"Live","small tree",NA,130,NA,2.6,1.2,NA,NA,"Acer rubrum L.",NA,NA,"2017",316,"soft maple/birch","Acer rubrum L.","red maple","Aceraceae","tree","rubrum",0.744,"hw2",-1.9123,2.3651,"AceraceaeBelow0.50spg","hardwood","Hardwood",0.44,-2.047,2.3852,0.21103,0.95964,NA,"Check",0.112986713722055,0.0985231002614041,NA
"Acer","ACRU","NEON.PLA.D05.TREE.01298","TREE_045","TREE","D05",2018-10-17,"Live","multi-bole tree",NA,130,NA,20,29.9,NA,41,"Acer rubrum L.",5.5,313.3,"2018",316,"soft maple/birch","Acer rubrum L.","red maple","Aceraceae","tree","rubrum",0.744,"hw2",-1.9123,2.3651,"AceraceaeBelow0.50spg","hardwood","Hardwood",0.44,-2.047,2.3852,0.21103,0.95964,NA,"Check",456.676422007491,427.33662322703,NA
"Acer","ACRU","NEON.PLA.D05.TREE.01298","TREE_045","TREE","D05",2015-08-11,"Live","multi-bole tree","Full sun",130,NA,16.7,28.9,NA,41,"Acer rubrum L.",5.5,313.3,"2015",316,"soft maple/birch","Acer rubrum L.","red maple","Aceraceae","tree","rubrum",0.744,"hw2",-1.9123,2.3651,"AceraceaeBelow0.50spg","hardwood","Hardwood",0.44,-2.047,2.3852,0.21103,0.95964,NA,"Check",421.374402937445,394.033122363276,NA
"Acer","ACRU","NEON.PLA.D05.TREE.01298","TREE_045","TREE","D05",2016-10-18,"Live","multi-bole tree",NA,130,NA,19.9,28.7,NA,41,"Acer rubrum L.",5.5,313.3,"2016",316,"soft maple/birch","Acer rubrum L.","red maple","Aceraceae","tree","rubrum",0.744,"hw2",-1.9123,2.3651,"AceraceaeBelow0.50spg","hardwood","Hardwood",0.44,-2.047,2.3852,0.21103,0.95964,NA,"Check",414.510118266425,387.560132430688,NA
"Acer","ACRU","NEON.PLA.D05.TREE.00830","TREE_057","TREE","D05",2018-10-16,"Live","single bole tree",NA,130,NA,20.6,25.1,NA,39,"Acer rubrum L.",7.5,11.3,"2018",316,"soft maple/birch","Acer rubrum L.","red maple","Aceraceae","tree","rubrum",0.744,"hw2",-1.9123,2.3651,"AceraceaeBelow0.50spg","hardwood","Hardwood",0.44,-2.047,2.3852,0.21103,0.95964,NA,"Check",301.902688790002,281.514621216081,NA
"Acer","ACRU","NEON.PLA.D05.TREE.02986","TREE_009","TREE","D05",2017-10-26,"Live","small tree",NA,130,NA,3.2,1.5,NA,NA,"Acer rubrum L.",NA,NA,"2017",316,"soft maple/birch","Acer rubrum L.","red maple","Aceraceae","tree","rubrum",0.744,"hw2",-1.9123,2.3651,"AceraceaeBelow0.50spg","hardwood","Hardwood",0.44,-2.047,2.3852,0.21103,0.95964,NA,"Check",0.191526666069617,0.16775977404484,NA
"Acer","ACRU","NEON.PLA.D05.TREE.02986","TREE_009","TREE","D05",2019-10-16,"Live","small tree",NA,130,NA,3.6,1.9,NA,NA,"Acer rubrum L.",NA,NA,"2019",316,"soft maple/birch","Acer rubrum L.","red maple","Aceraceae","tree","rubrum",0.744,"hw2",-1.9123,2.3651,"AceraceaeBelow0.50spg","hardwood","Hardwood",0.44,-2.047,2.3852,0.21103,0.95964,NA,"Check",0.334993170929283,0.294820752534051,NA
"Acer","ACRU","NEON.PLA.D05.TREE.01106","TREE_045","TREE","D05",2015-08-11,"Live","single bole tree","Mostly shaded",130,NA,13,14.2,NA,43,"Acer rubrum L.",7.7,247.4,"2015",316,"soft maple/birch","Acer rubrum L.","red maple","Aceraceae","tree","rubrum",0.744,"hw2",-1.9123,2.3651,"AceraceaeBelow0.50spg","hardwood","Hardwood",0.44,-2.047,2.3852,0.21103,0.95964,NA,"Check",78.4830415698135,72.3498032736456,NA
"Acer","ACRU","NEON.PLA.D05.TREE.02535","TREE_009","TREE","D05",2019-10-16,"Live","small tree",NA,130,NA,5.4,2.1,NA,NA,"Acer rubrum L.",NA,NA,"2019",316,"soft maple/birch","Acer rubrum L.","red maple","Aceraceae","tree","rubrum",0.744,"hw2",-1.9123,2.3651,"AceraceaeBelow0.50spg","hardwood","Hardwood",0.44,-2.047,2.3852,0.21103,0.95964,NA,"Check",0.424459898705683,0.374310856195916,NA
"Acer","ACRU","NEON.PLA.D05.TREE.01144","TREE_048","TREE","D05",2021-09-23,"Live","small tree","Mostly shaded",130,NA,3.2,1.4,NA,NA,"Acer rubrum L.",NA,NA,"2021",316,"soft maple/birch","Acer rubrum L.","red maple","Aceraceae","tree","rubrum",0.744,"hw2",-1.9123,2.3651,"AceraceaeBelow0.50spg","hardwood","Hardwood",0.44,-2.047,2.3852,0.21103,0.95964,NA,"Check",0.162690887876099,0.142304800931639,NA
"Acer","ACRU","NEON.PLA.D05.TREE.00482","TREE_051","TREE","D05",2016-09-28,"Live","single bole tree",NA,130,NA,22.1,31.7,NA,43,"Acer rubrum L.",10,329.1,"2016",316,"soft maple/birch","Acer rubrum L.","red maple","Aceraceae","tree","rubrum",0.744,"hw2",-1.9123,2.3651,"AceraceaeBelow0.50spg","hardwood","Hardwood",0.44,-2.047,2.3852,0.21103,0.95964,NA,"Check",524.389422994011,491.276225619101,NA
"Acer","ACRU","NEON.PLA.D05.TREE.00219","TREE_056","TREE","D05",2015-07-29,"Live, disease damaged","single bole tree","Full sun",130,NA,16.7,38.3,NA,41,"Acer rubrum L.",11.6,46,"2015",316,"soft maple/birch","Acer rubrum L.","red maple","Aceraceae","tree","rubrum",0.744,"hw2",-1.9123,2.3651,"AceraceaeBelow0.50spg","hardwood","Hardwood",0.44,-2.047,2.3852,0.21103,0.95964,NA,"Check",820.204377019616,771.338326420609,NA
"Acer","ACRU","NEON.PLA.D05.TREE.02088","TREE_003","TREE","D05",2018-04-25,"Live","single bole tree","Partially shaded",130,NA,19.5,28.7,NA,49,"Acer rubrum L.",12.3,136.9,"2018",316,"soft maple/birch","Acer rubrum L.","red maple","Aceraceae","tree","rubrum",0.744,"hw2",-1.9123,2.3651,"AceraceaeBelow0.50spg","hardwood","Hardwood",0.44,-2.047,2.3852,0.21103,0.95964,NA,"Check",414.510118266425,387.560132430688,NA
"Acer","ACRU","NEON.PLA.D05.TREE.00510","TREE_042","TREE","D05",2015-07-27,"Live","single bole tree","Full sun",130,NA,21.5,33.4,NA,59,"Acer rubrum L.",5.9,175.2,"2015",316,"soft maple/birch","Acer rubrum L.","red maple","Aceraceae","tree","rubrum",0.744,"hw2",-1.9123,2.3651,"AceraceaeBelow0.50spg","hardwood","Hardwood",0.44,-2.047,2.3852,0.21103,0.95964,NA,"Check",593.350661548729,556.466812399798,NA
"Acer","ACRU","NEON.PLA.D05.TREE.00510","TREE_042","TREE","D05",2016-09-28,"Live","single bole tree",NA,130,NA,21.1,33.2,NA,59,"Acer rubrum L.",5.9,175.2,"2016",316,"soft maple/birch","Acer rubrum L.","red maple","Aceraceae","tree","rubrum",0.744,"hw2",-1.9123,2.3651,"AceraceaeBelow0.50spg","hardwood","Hardwood",0.44,-2.047,2.3852,0.21103,0.95964,NA,"Check",584.98178590626,548.55193681647,NA
"Acer","ACRU","NEON.PLA.D05.TREE.01379","TREE_041","TREE","D05",2020-09-28,"Live","single bole tree","Partially shaded",130,NA,24,44.5,NA,43,"Acer rubrum L.",8.7,299.6,"2020",316,"soft maple/birch","Acer rubrum L.","red maple","Aceraceae","tree","rubrum",0.744,"hw2",-1.9123,2.3651,"AceraceaeBelow0.50spg","hardwood","Hardwood",0.44,-2.047,2.3852,0.21103,0.95964,NA,"Check",1169.59344127077,1103.23363436069,NA
"Acer","ACRU","NEON.PLA.D05.TREE.00805","TREE_025","TREE","D05",2017-10-18,"Live","single bole tree",NA,130,NA,15.1,16,NA,41,"Acer rubrum L.",11.8,134,"2017",316,"soft maple/birch","Acer rubrum L.","red maple","Aceraceae","tree","rubrum",0.744,"hw2",-1.9123,2.3651,"AceraceaeBelow0.50spg","hardwood","Hardwood",0.44,-2.047,2.3852,0.21103,0.95964,NA,"Check",104.078933473252,96.1758820872883,NA
"Acer","ACRU","NEON.PLA.D05.TREE.02090","TREE_003","TREE","D05",2018-04-25,"Live","single bole tree","Partially shaded",130,NA,21,31,NA,49,"Acer rubrum L.",2,104.9,"2018",316,"soft maple/birch","Acer rubrum L.","red maple","Aceraceae","tree","rubrum",0.744,"hw2",-1.9123,2.3651,"AceraceaeBelow0.50spg","hardwood","Hardwood",0.44,-2.047,2.3852,0.21103,0.95964,NA,"Check",497.414228807279,465.795306011597,NA
"Acer","ACRU","NEON.PLA.D05.TREE.02091","TREE_003","TREE","D05",2019-10-08,"Live","single bole tree","Partially shaded",130,NA,17.6,25.8,NA,49,"Acer rubrum L.",4,107.7,"2019",316,"soft maple/birch","Acer rubrum L.","red maple","Aceraceae","tree","rubrum",0.744,"hw2",-1.9123,2.3651,"AceraceaeBelow0.50spg","hardwood","Hardwood",0.44,-2.047,2.3852,0.21103,0.95964,NA,"Check",322.196210987341,300.603835929002,NA
"Acer","ACRU","NEON.PLA.D05.TREE.02091","TREE_003","TREE","D05",2018-04-25,"Live","single bole tree","Partially shaded",130,NA,16,24.6,NA,49,"Acer rubrum L.",4,107.7,"2018",316,"soft maple/birch","Acer rubrum L.","red maple","Aceraceae","tree","rubrum",0.744,"hw2",-1.9123,2.3651,"AceraceaeBelow0.50spg","hardwood","Hardwood",0.44,-2.047,2.3852,0.21103,0.95964,NA,"Check",287.871906527003,268.322822103062,NA
"Acer","ACRU","NEON.PLA.D05.TREE.02092","TREE_003","TREE","D05",2018-04-25,"Live","single bole tree","Mostly shaded",130,NA,16.7,20.1,NA,51,"Acer rubrum L.",9.2,259.5,"2018",316,"soft maple/birch","Acer rubrum L.","red maple","Aceraceae","tree","rubrum",0.744,"hw2",-1.9123,2.3651,"AceraceaeBelow0.50spg","hardwood","Hardwood",0.44,-2.047,2.3852,0.21103,0.95964,NA,"Check",178.520320416773,165.722864608296,NA
"Acer","ACRU","NEON.PLA.D05.TREE.02406","TREE_012","TREE","D05",2017-10-30,"Live","small tree",NA,10,NA,2.2,3.1,NA,NA,"Acer rubrum L.",NA,NA,"2017",316,"soft maple/birch","Acer rubrum L.","red maple","Aceraceae","tree","rubrum",0.744,"hw2",-1.9123,2.3651,"AceraceaeBelow0.50spg","hardwood","Hardwood",0.44,-2.047,2.3852,0.21103,0.95964,2.284726605629,"Check",0.518125146824587,0.457684693546566,NA
"Acer","ACRU","NEON.PLA.D05.TREE.02093","TREE_003","TREE","D05",2019-10-08,"Live","single bole tree","Full sun",130,NA,21.5,41.7,NA,51,"Acer rubrum L.",9.9,243,"2019",316,"soft maple/birch","Acer rubrum L.","red maple","Aceraceae","tree","rubrum",0.744,"hw2",-1.9123,2.3651,"AceraceaeBelow0.50spg","hardwood","Hardwood",0.44,-2.047,2.3852,0.21103,0.95964,NA,"Check",1002.95730497825,944.817032575164,NA
"Acer","ACRU","NEON.PLA.D05.TREE.02998","TREE_060","TREE","D05",2019-11-05,"Live","small tree",NA,130,NA,3.4,1,NA,NA,"Acer rubrum L.",NA,NA,"2019",316,"soft maple/birch","Acer rubrum L.","red maple","Aceraceae","tree","rubrum",0.744,"hw2",-1.9123,2.3651,"AceraceaeBelow0.50spg","hardwood","Hardwood",0.44,-2.047,2.3852,0.21103,0.95964,NA,"Check",0.073410099398862,0.0637785969993142,NA
"Acer","ACRU","NEON.PLA.D05.TREE.02999","TREE_060","TREE","D05",2017-10-26,"Live","small tree",NA,130,NA,2.8,1.3,NA,NA,"Acer rubrum L.",NA,NA,"2017",316,"soft maple/birch","Acer rubrum L.","red maple","Aceraceae","tree","rubrum",0.744,"hw2",-1.9123,2.3651,"AceraceaeBelow0.50spg","hardwood","Hardwood",0.44,-2.047,2.3852,0.21103,0.95964,NA,"Check",0.136534761067149,0.119248423248435,NA
"Acer","ACRU","NEON.PLA.D05.TREE.02096","TREE_003","TREE","D05",2019-10-08,"Live","single bole tree","Full sun",130,NA,23,41.7,NA,51,"Acer rubrum L.",9.9,197.5,"2019",316,"soft maple/birch","Acer rubrum L.","red maple","Aceraceae","tree","rubrum",0.744,"hw2",-1.9123,2.3651,"AceraceaeBelow0.50spg","hardwood","Hardwood",0.44,-2.047,2.3852,0.21103,0.95964,NA,"Check",1002.95730497825,944.817032575164,NA
"Acer","ACRU","NEON.PLA.D05.TREE.02097","TREE_003","TREE","D05",2018-04-25,"Live","multi-bole tree","Partially shaded",130,NA,22.9,34.2,NA,33,"Acer rubrum L.",4.5,288.2,"2018",316,"soft maple/birch","Acer rubrum L.","red maple","Aceraceae","tree","rubrum",0.744,"hw2",-1.9123,2.3651,"AceraceaeBelow0.50spg","hardwood","Hardwood",0.44,-2.047,2.3852,0.21103,0.95964,NA,"Check",627.514558031204,588.787069397826,NA
"Acer","ACRU","NEON.PLA.D05.TREE.02097","TREE_003","TREE","D05",2018-04-25,"Live, broken bole","multi-bole tree",NA,130,NA,NA,10.3,NA,33,"Acer rubrum L.",4.5,288.2,"2018",316,"soft maple/birch","Acer rubrum L.","red maple","Aceraceae","tree","rubrum",0.744,"hw2",-1.9123,2.3651,"AceraceaeBelow0.50spg","hardwood","Hardwood",0.44,-2.047,2.3852,0.21103,0.95964,NA,"Check",36.7248459228536,33.6370998124315,NA
"Acer","ACRU","NEON.PLA.D05.TREE.01382","TREE_040","TREE","D05",2016-10-20,"Live","single bole tree",NA,130,NA,11.9,19.4,NA,25,"Acer rubrum L.",13.7,308.8,"2016",316,"soft maple/birch","Acer rubrum L.","red maple","Aceraceae","tree","rubrum",0.744,"hw2",-1.9123,2.3651,"AceraceaeBelow0.50spg","hardwood","Hardwood",0.44,-2.047,2.3852,0.21103,0.95964,NA,"Check",164.164229895948,152.28736834872,NA
"Acer","ACRU","NEON.PLA.D05.TREE.01382","TREE_040","TREE","D05",2020-09-29,"Live","single bole tree","Partially shaded",130,NA,13.1,20.3,NA,25,"Acer rubrum L.",13.7,308.8,"2020",316,"soft maple/birch","Acer rubrum L.","red maple","Aceraceae","tree","rubrum",0.744,"hw2",-1.9123,2.3651,"AceraceaeBelow0.50spg","hardwood","Hardwood",0.44,-2.047,2.3852,0.21103,0.95964,NA,"Check",182.750065600249,169.683160683341,NA
"Acer","ACRU","NEON.PLA.D05.TREE.00841","TREE_025","TREE","D05",2015-08-04,"Standing dead","sapling","Full shade",10,NA,2.6,1.5,NA,NA,"Acer rubrum L.",NA,NA,"2015",316,"soft maple/birch","Acer rubrum L.","red maple","Aceraceae","tree","rubrum",0.744,"hw2",-1.9123,2.3651,"AceraceaeBelow0.50spg","hardwood","Hardwood",0.44,-2.047,2.3852,0.21103,0.95964,1.07394332059371,"Check",0.0869020116062528,0.0756086883879064,NA
"Acer","ACRU","NEON.PLA.D05.TREE.01382","TREE_040","TREE","D05",2018-10-18,"Live","single bole tree",NA,130,NA,10.8,19.6,NA,25,"Acer rubrum L.",13.7,308.8,"2018",316,"soft maple/birch","Acer rubrum L.","red maple","Aceraceae","tree","rubrum",0.744,"hw2",-1.9123,2.3651,"AceraceaeBelow0.50spg","hardwood","Hardwood",0.44,-2.047,2.3852,0.21103,0.95964,NA,"Check",168.195160882787,156.058840899651,NA
"Acer","ACRU","NEON.PLA.D05.TREE.01382","TREE_040","TREE","D05",2019-10-23,"Live","single bole tree",NA,130,NA,9.6,20.4,NA,25,"Acer rubrum L.",13.7,308.8,"2019",316,"soft maple/birch","Acer rubrum L.","red maple","Aceraceae","tree","rubrum",0.744,"hw2",-1.9123,2.3651,"AceraceaeBelow0.50spg","hardwood","Hardwood",0.44,-2.047,2.3852,0.21103,0.95964,NA,"Check",184.886402141885,171.683702598181,NA
"Acer","ACRU","NEON.PLA.D05.TREE.00256","TREE_056","TREE","D05",2015-07-29,"Live","single bole tree","Partially shaded",130,NA,16.6,25.1,NA,41,"Acer rubrum L.",7.5,90,"2015",316,"soft maple/birch","Acer rubrum L.","red maple","Aceraceae","tree","rubrum",0.744,"hw2",-1.9123,2.3651,"AceraceaeBelow0.50spg","hardwood","Hardwood",0.44,-2.047,2.3852,0.21103,0.95964,NA,"Check",301.902688790002,281.514621216081,NA
"Acer","ACRU","NEON.PLA.D05.TREE.00256","TREE_056","TREE","D05",2018-10-09,"Live","single bole tree",NA,130,NA,18.4,26.2,NA,41,"Acer rubrum L.",7.5,90,"2018",316,"soft maple/birch","Acer rubrum L.","red maple","Aceraceae","tree","rubrum",0.744,"hw2",-1.9123,2.3651,"AceraceaeBelow0.50spg","hardwood","Hardwood",0.44,-2.047,2.3852,0.21103,0.95964,NA,"Check",334.135828480444,311.839722712719,NA
"Acer","ACRU","NEON.PLA.D05.TREE.00256","TREE_056","TREE","D05",2021-09-22,"Live","single bole tree","Partially shaded",130,NA,16.3,26.8,NA,41,"Acer rubrum L.",7.5,90,"2021",316,"soft maple/birch","Acer rubrum L.","red maple","Aceraceae","tree","rubrum",0.744,"hw2",-1.9123,2.3651,"AceraceaeBelow0.50spg","hardwood","Hardwood",0.44,-2.047,2.3852,0.21103,0.95964,NA,"Check",352.517160792281,329.144275535917,NA
"Acer","ACRU","NEON.PLA.D05.TREE.01303A","TREE_039","TREE","D05",2018-10-17,"Live","multi-bole tree",NA,130,NA,20,28.7,NA,NA,"Acer rubrum L.",NA,NA,"2018",316,"soft maple/birch","Acer rubrum L.","red maple","Aceraceae","tree","rubrum",0.744,"hw2",-1.9123,2.3651,"AceraceaeBelow0.50spg","hardwood","Hardwood",0.44,-2.047,2.3852,0.21103,0.95964,NA,"Check",414.510118266425,387.560132430688,NA
"Acer","ACRU","NEON.PLA.D05.TREE.01303A","TREE_039","TREE","D05",2020-10-01,"Live","multi-bole tree",NA,130,NA,NA,29,NA,NA,"Acer rubrum L.",NA,NA,"2020",316,"soft maple/birch","Acer rubrum L.","red maple","Aceraceae","tree","rubrum",0.744,"hw2",-1.9123,2.3651,"AceraceaeBelow0.50spg","hardwood","Hardwood",0.44,-2.047,2.3852,0.21103,0.95964,NA,"Check",424.830968017863,397.292988059821,NA
"Acer","ACRU","NEON.PLA.D05.TREE.01144","TREE_048","TREE","D05",2015-08-05,"Live","sapling","Full shade",10,NA,2.8,1.4,NA,NA,"Acer rubrum L.",NA,NA,"2015",316,"soft maple/birch","Acer rubrum L.","red maple","Aceraceae","tree","rubrum",0.744,"hw2",-1.9123,2.3651,"AceraceaeBelow0.50spg","hardwood","Hardwood",0.44,-2.047,2.3852,0.21103,0.95964,0.999590927277837,"Check",0.073339095112048,0.0637163845605965,NA
"Acer","ACRU","NEON.PLA.D05.TREE.01144","TREE_048","TREE","D05",2018-10-16,"Live","small tree",NA,130,NA,2.9,1.1,NA,NA,"Acer rubrum L.",NA,NA,"2018",316,"soft maple/birch","Acer rubrum L.","red maple","Aceraceae","tree","rubrum",0.744,"hw2",-1.9123,2.3651,"AceraceaeBelow0.50spg","hardwood","Hardwood",0.44,-2.047,2.3852,0.21103,0.95964,NA,"Check",0.0919715809305997,0.0800580106252001,NA
"Acer","ACRU","NEON.PLA.D05.TREE.02114","TREE_019","TREE","D05",2019-10-30,"Live","small tree",NA,130,NA,2.9,1,NA,NA,"Acer rubrum L.",NA,NA,"2019",316,"soft maple/birch","Acer rubrum L.","red maple","Aceraceae","tree","rubrum",0.744,"hw2",-1.9123,2.3651,"AceraceaeBelow0.50spg","hardwood","Hardwood",0.44,-2.047,2.3852,0.21103,0.95964,NA,"Check",0.073410099398862,0.0637785969993142,NA
"Acer","ACRU","NEON.PLA.D05.TREE.02114","TREE_019","TREE","D05",2017-10-23,"Live","small tree",NA,130,NA,2.8,1,NA,NA,"Acer rubrum L.",NA,NA,"2017",316,"soft maple/birch","Acer rubrum L.","red maple","Aceraceae","tree","rubrum",0.744,"hw2",-1.9123,2.3651,"AceraceaeBelow0.50spg","hardwood","Hardwood",0.44,-2.047,2.3852,0.21103,0.95964,NA,"Check",0.073410099398862,0.0637785969993142,NA
"Acer","ACRU","NEON.PLA.D05.TREE.02117","TREE_019","TREE","D05",2019-10-30,"Live","small tree",NA,130,NA,2.8,1,NA,NA,"Acer rubrum L.",NA,NA,"2019",316,"soft maple/birch","Acer rubrum L.","red maple","Aceraceae","tree","rubrum",0.744,"hw2",-1.9123,2.3651,"AceraceaeBelow0.50spg","hardwood","Hardwood",0.44,-2.047,2.3852,0.21103,0.95964,NA,"Check",0.073410099398862,0.0637785969993142,NA
"Acer","ACRU","NEON.PLA.D05.TREE.00691","TREE_053","TREE","D05",2017-08-30,"Live","single bole tree",NA,130,NA,20.2,35.4,NA,41,"Acer rubrum L.",2.2,177.5,"2017",316,"soft maple/birch","Acer rubrum L.","red maple","Aceraceae","tree","rubrum",0.744,"hw2",-1.9123,2.3651,"AceraceaeBelow0.50spg","hardwood","Hardwood",0.44,-2.047,2.3852,0.21103,0.95964,NA,"Check",680.841903544631,639.266249446735,NA
"Acer","ACRU","NEON.PLA.D05.TREE.00691","TREE_053","TREE","D05",2015-07-27,"Live","single bole tree","Open grown",130,NA,20.7,34.9,NA,41,"Acer rubrum L.",2.2,177.5,"2015",316,"soft maple/birch","Acer rubrum L.","red maple","Aceraceae","tree","rubrum",0.744,"hw2",-1.9123,2.3651,"AceraceaeBelow0.50spg","hardwood","Hardwood",0.44,-2.047,2.3852,0.21103,0.95964,NA,"Check",658.317014172241,617.940135737992,NA
"Acer","ACRU","NEON.PLA.D05.TREE.01385","TREE_041","TREE","D05",2018-10-10,"Live","small tree",NA,130,NA,7.8,6,NA,NA,"Acer rubrum L.",NA,NA,"2018",316,"soft maple/birch","Acer rubrum L.","red maple","Aceraceae","tree","rubrum",0.744,"hw2",-1.9123,2.3651,"AceraceaeBelow0.50spg","hardwood","Hardwood",0.44,-2.047,2.3852,0.21103,0.95964,NA,"Check",5.08348251838845,4.57848002538868,NA
"Acer","ACRU","NEON.PLA.D05.TREE.00261","TREE_056","TREE","D05",2016-09-28,"Live","single bole tree",NA,130,NA,18.8,32.3,NA,61,"Acer rubrum L.",5.1,233.9,"2016",316,"soft maple/birch","Acer rubrum L.","red maple","Aceraceae","tree","rubrum",0.744,"hw2",-1.9123,2.3651,"AceraceaeBelow0.50spg","hardwood","Hardwood",0.44,-2.047,2.3852,0.21103,0.95964,NA,"Check",548.167833853256,513.746707762267,NA
"Acer","ACRU","NEON.PLA.D05.TREE.00261","TREE_056","TREE","D05",2017-08-28,"Live","single bole tree",NA,130,NA,19.3,32,NA,61,"Acer rubrum L.",5.1,233.9,"2017",316,"soft maple/birch","Acer rubrum L.","red maple","Aceraceae","tree","rubrum",0.744,"hw2",-1.9123,2.3651,"AceraceaeBelow0.50spg","hardwood","Hardwood",0.44,-2.047,2.3852,0.21103,0.95964,NA,"Check",536.20255119729,502.438515562735,NA
"Acer","ACRU","NEON.PLA.D05.TREE.00261","TREE_056","TREE","D05",2022-09-20,"Live","single bole tree","Partially shaded",130,NA,20.4,32.8,NA,61,"Acer rubrum L.",5.1,233.9,"2022",316,"soft maple/birch","Acer rubrum L.","red maple","Aceraceae","tree","rubrum",0.744,"hw2",-1.9123,2.3651,"AceraceaeBelow0.50spg","hardwood","Hardwood",0.44,-2.047,2.3852,0.21103,0.95964,NA,"Check",568.449501568482,532.919347608502,NA
"Acer","ACRU","NEON.PLA.D05.TREE.01286","TREE_039","TREE","D05",2018-10-17,"Live","single bole tree",NA,130,NA,12.4,10,NA,NA,"Acer rubrum L.",NA,NA,"2018",316,"soft maple/birch","Acer rubrum L.","red maple","Aceraceae","tree","rubrum",0.744,"hw2",-1.9123,2.3651,"AceraceaeBelow0.50spg","hardwood","Hardwood",0.44,-2.047,2.3852,0.21103,0.95964,NA,"Check",17.0159347727837,15.4837076021259,NA
"Acer","ACRU","NEON.PLA.D05.TREE.00261","TREE_056","TREE","D05",2018-10-09,"Live","single bole tree",NA,130,NA,18.9,32.2,NA,61,"Acer rubrum L.",5.1,233.9,"2018",316,"soft maple/birch","Acer rubrum L.","red maple","Aceraceae","tree","rubrum",0.744,"hw2",-1.9123,2.3651,"AceraceaeBelow0.50spg","hardwood","Hardwood",0.44,-2.047,2.3852,0.21103,0.95964,NA,"Check",544.162468134684,509.961066507595,NA
"Acer","ACRU","NEON.PLA.D05.TREE.00851","TREE_025","TREE","D05",2018-10-17,"Live","single bole tree",NA,130,NA,20.1,30.2,NA,41,"Acer rubrum L.",2.6,257.6,"2018",316,"soft maple/birch","Acer rubrum L.","red maple","Aceraceae","tree","rubrum",0.744,"hw2",-1.9123,2.3651,"AceraceaeBelow0.50spg","hardwood","Hardwood",0.44,-2.047,2.3852,0.21103,0.95964,NA,"Check",467.587704972764,437.63470608674,NA
"Acer","ACRU","NEON.PLA.D05.TREE.01150","TREE_048","TREE","D05",2015-08-05,"Live","small tree","Mostly shaded",130,NA,3.3,1.6,NA,NA,"Acer rubrum L.",NA,NA,"2015",316,"soft maple/birch","Acer rubrum L.","red maple","Aceraceae","tree","rubrum",0.744,"hw2",-1.9123,2.3651,"AceraceaeBelow0.50spg","hardwood","Hardwood",0.44,-2.047,2.3852,0.21103,0.95964,NA,"Check",0.223110486445256,0.19567797440468,NA
"Acer","ACRU","NEON.PLA.D05.TREE.00644","TREE_053","TREE","D05",2017-08-30,"Live","single bole tree",NA,130,NA,21.7,44.7,NA,43,"Acer rubrum L.",4.4,307.7,"2017",316,"soft maple/birch","Acer rubrum L.","red maple","Aceraceae","tree","rubrum",0.744,"hw2",-1.9123,2.3651,"AceraceaeBelow0.50spg","hardwood","Hardwood",0.44,-2.047,2.3852,0.21103,0.95964,NA,"Check",1182.06398423603,1115.09713429879,NA
"Acer","ACRU","NEON.PLA.D05.TREE.00851","TREE_025","TREE","D05",2015-08-04,"Live","single bole tree","Full sun",130,NA,17.8,28.8,NA,41,"Acer rubrum L.",2.6,257.6,"2015",316,"soft maple/birch","Acer rubrum L.","red maple","Aceraceae","tree","rubrum",0.744,"hw2",-1.9123,2.3651,"AceraceaeBelow0.50spg","hardwood","Hardwood",0.44,-2.047,2.3852,0.21103,0.95964,NA,"Check",417.934126553811,390.788844086298,NA
"Acer","ACRU","NEON.PLA.D05.TREE.00851","TREE_025","TREE","D05",2017-10-18,"Live","single bole tree",NA,130,NA,17.5,30,NA,41,"Acer rubrum L.",2.6,257.6,"2017",316,"soft maple/birch","Acer rubrum L.","red maple","Aceraceae","tree","rubrum",0.744,"hw2",-1.9123,2.3651,"AceraceaeBelow0.50spg","hardwood","Hardwood",0.44,-2.047,2.3852,0.21103,0.95964,NA,"Check",460.296997263903,430.753497416687,NA
"Acer","ACRU","NEON.PLA.D05.TREE.00852","TREE_025","TREE","D05",2015-08-04,"Live","small tree","Mostly shaded",130,NA,4.8,4.2,NA,NA,"Acer rubrum L.",NA,NA,"2015",316,"soft maple/birch","Acer rubrum L.","red maple","Aceraceae","tree","rubrum",0.744,"hw2",-1.9123,2.3651,"AceraceaeBelow0.50spg","hardwood","Hardwood",0.44,-2.047,2.3852,0.21103,0.95964,NA,"Check",2.18676799398048,1.95546104558109,NA
"Acer","ACRU","NEON.PLA.D05.TREE.00852","TREE_025","TREE","D05",2018-10-17,"Live","small tree",NA,130,NA,6.5,5.2,NA,NA,"Acer rubrum L.",NA,NA,"2018",316,"soft maple/birch","Acer rubrum L.","red maple","Aceraceae","tree","rubrum",0.744,"hw2",-1.9123,2.3651,"AceraceaeBelow0.50spg","hardwood","Hardwood",0.44,-2.047,2.3852,0.21103,0.95964,NA,"Check",3.62389261652428,3.25451394418382,NA
"Acer","ACRU","NEON.PLA.D05.TREE.01389","TREE_045","TREE","D05",2017-10-19,"Live","single bole tree",NA,130,NA,14.6,24.3,NA,57,"Acer rubrum L.",12.9,176.1,"2017",316,"soft maple/birch","Acer rubrum L.","red maple","Aceraceae","tree","rubrum",0.744,"hw2",-1.9123,2.3651,"AceraceaeBelow0.50spg","hardwood","Hardwood",0.44,-2.047,2.3852,0.21103,0.95964,NA,"Check",279.637917965113,260.583719824732,NA
"Acer","ACRU","NEON.PLA.D05.TREE.01061","TREE_047","TREE","D05",2017-10-16,"Live","single bole tree",NA,130,NA,23.9,48.5,NA,43,"Acer rubrum L.",3.8,338.5,"2017",316,"soft maple/birch","Acer rubrum L.","red maple","Aceraceae","tree","rubrum",0.744,"hw2",-1.9123,2.3651,"AceraceaeBelow0.50spg","hardwood","Hardwood",0.44,-2.047,2.3852,0.21103,0.95964,NA,"Check",1433.66092398354,1354.66025946677,NA
"Acer","ACRU","NEON.PLA.D05.TREE.01061","TREE_047","TREE","D05",2018-10-11,"Live","single bole tree",NA,130,NA,20.6,49.2,NA,43,"Acer rubrum L.",3.8,338.5,"2018",316,"soft maple/birch","Acer rubrum L.","red maple","Aceraceae","tree","rubrum",0.744,"hw2",-1.9123,2.3651,"AceraceaeBelow0.50spg","hardwood","Hardwood",0.44,-2.047,2.3852,0.21103,0.95964,NA,"Check",1483.08255615895,1401.76224541106,NA
"Acer","ACRU","NEON.PLA.D05.TREE.01061","TREE_047","TREE","D05",2015-08-06,"Live","single bole tree","Full sun",130,NA,20.6,47.6,NA,43,"Acer rubrum L.",3.8,338.5,"2015",316,"soft maple/birch","Acer rubrum L.","red maple","Aceraceae","tree","rubrum",0.744,"hw2",-1.9123,2.3651,"AceraceaeBelow0.50spg","hardwood","Hardwood",0.44,-2.047,2.3852,0.21103,0.95964,NA,"Check",1371.53490954217,1295.46981792372,NA
"Acer","ACRU","NEON.PLA.D05.TREE.01319","TREE_040","TREE","D05",2021-10-05,"Live","single bole tree","Partially shaded",130,NA,9.8,18,NA,25,"Acer rubrum L.",11.2,350.5,"2021",316,"soft maple/birch","Acer rubrum L.","red maple","Aceraceae","tree","rubrum",0.744,"hw2",-1.9123,2.3651,"AceraceaeBelow0.50spg","hardwood","Hardwood",0.44,-2.047,2.3852,0.21103,0.95964,NA,"Check",137.512970642103,127.37235386167,NA
"Acer","ACRU","NEON.PLA.D05.TREE.03051","TREE_012","TREE","D05",2019-10-17,"Live","small tree",NA,130,NA,2.9,1.6,NA,NA,"Acer rubrum L.",NA,NA,"2019",316,"soft maple/birch","Acer rubrum L.","red maple","Aceraceae","tree","rubrum",0.744,"hw2",-1.9123,2.3651,"AceraceaeBelow0.50spg","hardwood","Hardwood",0.44,-2.047,2.3852,0.21103,0.95964,NA,"Check",0.223110486445256,0.19567797440468,NA
"Acer","ACRU","NEON.PLA.D05.TREE.00472","TREE_052","TREE","D05",2016-09-29,"Live","single bole tree",NA,130,NA,11.6,14.5,NA,21,"Acer rubrum L.",11.5,45.5,"2016",316,"soft maple/birch","Acer rubrum L.","red maple","Aceraceae","tree","rubrum",0.744,"hw2",-1.9123,2.3651,"AceraceaeBelow0.50spg","hardwood","Hardwood",0.44,-2.047,2.3852,0.21103,0.95964,NA,"Check",82.4612899714447,76.0491132550861,NA
"Acer","ACRU","NEON.PLA.D05.TREE.01349B","TREE_039","TREE","D05",2018-10-17,"Live","multi-bole tree",NA,130,NA,18.5,18.7,NA,NA,"Acer rubrum L.",NA,NA,"2018",316,"soft maple/birch","Acer rubrum L.","red maple","Aceraceae","tree","rubrum",0.744,"hw2",-1.9123,2.3651,"AceraceaeBelow0.50spg","hardwood","Hardwood",0.44,-2.047,2.3852,0.21103,0.95964,NA,"Check",150.498179276106,139.506934417525,NA
"Acer","ACRU","NEON.PLA.D05.TREE.01350","TREE_040","TREE","D05",2015-08-10,"Live,  other damage","small tree","Partially shaded",130,NA,12,17.4,NA,25,"Acer rubrum L.",6.2,346,"2015",316,"soft maple/birch","Acer rubrum L.","red maple","Aceraceae","tree","rubrum",0.744,"hw2",-1.9123,2.3651,"AceraceaeBelow0.50spg","hardwood","Hardwood",0.44,-2.047,2.3852,0.21103,0.95964,NA,"Check",126.91755275432,117.478194293021,NA
"Acer","ACRU","NEON.PLA.D05.TREE.01323","TREE_040","TREE","D05",2020-09-29,"Live","small tree","Mostly shaded",130,NA,5.7,6.2,NA,NA,"Acer rubrum L.",NA,NA,"2020",316,"soft maple/birch","Acer rubrum L.","red maple","Aceraceae","tree","rubrum",0.744,"hw2",-1.9123,2.3651,"AceraceaeBelow0.50spg","hardwood","Hardwood",0.44,-2.047,2.3852,0.21103,0.95964,NA,"Check",5.49340219808071,4.95093949853855,NA
"Acer","ACRU","NEON.PLA.D05.TREE.01323","TREE_040","TREE","D05",2019-10-23,"Live","small tree",NA,130,NA,5,6.2,NA,NA,"Acer rubrum L.",NA,NA,"2019",316,"soft maple/birch","Acer rubrum L.","red maple","Aceraceae","tree","rubrum",0.744,"hw2",-1.9123,2.3651,"AceraceaeBelow0.50spg","hardwood","Hardwood",0.44,-2.047,2.3852,0.21103,0.95964,NA,"Check",5.49340219808071,4.95093949853855,NA
"Acer","ACRU","NEON.PLA.D05.TREE.00446","TREE_057","TREE","D05",2018-10-16,"Live","multi-bole tree",NA,130,NA,15.4,23.8,NA,41,"Acer rubrum L.",9.9,286.1,"2018",316,"soft maple/birch","Acer rubrum L.","red maple","Aceraceae","tree","rubrum",0.744,"hw2",-1.9123,2.3651,"AceraceaeBelow0.50spg","hardwood","Hardwood",0.44,-2.047,2.3852,0.21103,0.95964,NA,"Check",266.220088449297,247.97651572696,NA
"Acer","ACRU","NEON.PLA.D05.TREE.00446","TREE_057","TREE","D05",2017-10-17,"Live","multi-bole tree",NA,130,NA,17.6,24,NA,41,"Acer rubrum L.",9.9,286.1,"2017",316,"soft maple/birch","Acer rubrum L.","red maple","Aceraceae","tree","rubrum",0.744,"hw2",-1.9123,2.3651,"AceraceaeBelow0.50spg","hardwood","Hardwood",0.44,-2.047,2.3852,0.21103,0.95964,NA,"Check",271.541535830182,252.975841530351,NA
"Acer","ACRU","NEON.PLA.D05.TREE.00446A","TREE_057","TREE","D05",2018-10-16,"Live","multi-bole tree",NA,130,NA,15.4,20.4,NA,41,"Acer rubrum L.",9.9,286.1,"2018",316,"soft maple/birch","Acer rubrum L.","red maple","Aceraceae","tree","rubrum",0.744,"hw2",-1.9123,2.3651,"AceraceaeBelow0.50spg","hardwood","Hardwood",0.44,-2.047,2.3852,0.21103,0.95964,NA,"Check",184.886402141885,171.683702598181,NA
"Acer","ACRU","NEON.PLA.D05.TREE.00446A","TREE_057","TREE","D05",2016-10-18,"Live","multi-bole tree",NA,130,NA,17.9,19.8,NA,41,"Acer rubrum L.",9.9,286.1,"2016",316,"soft maple/birch","Acer rubrum L.","red maple","Aceraceae","tree","rubrum",0.744,"hw2",-1.9123,2.3651,"AceraceaeBelow0.50spg","hardwood","Hardwood",0.44,-2.047,2.3852,0.21103,0.95964,NA,"Check",172.282634296685,159.884000880797,NA
"Acer","ACRU","NEON.PLA.D05.TREE.00446A","TREE_057","TREE","D05",2017-10-17,"Live","multi-bole tree",NA,130,NA,NA,20.2,NA,41,"Acer rubrum L.",9.9,286.1,"2017",316,"soft maple/birch","Acer rubrum L.","red maple","Aceraceae","tree","rubrum",0.744,"hw2",-1.9123,2.3651,"AceraceaeBelow0.50spg","hardwood","Hardwood",0.44,-2.047,2.3852,0.21103,0.95964,NA,"Check",180.628046955711,167.696223304836,NA
"Acer","ACRU","NEON.PLA.D05.TREE.00446B","TREE_057","TREE","D05",2018-10-16,"Live","multi-bole tree",NA,130,NA,15.4,20.9,NA,41,"Acer rubrum L.",9.9,286.1,"2018",316,"soft maple/birch","Acer rubrum L.","red maple","Aceraceae","tree","rubrum",0.744,"hw2",-1.9123,2.3651,"AceraceaeBelow0.50spg","hardwood","Hardwood",0.44,-2.047,2.3852,0.21103,0.95964,NA,"Check",195.783750407091,181.891379681866,NA
"Acer","ACRU","NEON.PLA.D05.TREE.01159","TREE_045","TREE","D05",2016-10-18,"Live","single bole tree",NA,130,NA,13.7,15.8,NA,25,"Acer rubrum L.",9.5,315.7,"2016",316,"soft maple/birch","Acer rubrum L.","red maple","Aceraceae","tree","rubrum",0.744,"hw2",-1.9123,2.3651,"AceraceaeBelow0.50spg","hardwood","Hardwood",0.44,-2.047,2.3852,0.21103,0.95964,NA,"Check",101.028182156511,93.333183483556,NA
"Acer","ACRU","NEON.PLA.D05.TREE.02181","TREE_016","TREE","D05",2017-10-24,"Live","multi-bole tree","Full sun",130,NA,20.5,30.8,NA,49,"Acer rubrum L.",7.6,159.1,"2017",316,"soft maple/birch","Acer rubrum L.","red maple","Aceraceae","tree","rubrum",0.744,"hw2",-1.9123,2.3651,"AceraceaeBelow0.50spg","hardwood","Hardwood",0.44,-2.047,2.3852,0.21103,0.95964,NA,"Check",489.857725720367,458.659469653284,NA
"Acer","ACRU","NEON.PLA.D05.TREE.02181","TREE_016","TREE","D05",2019-10-30,"Live","multi-bole tree","Full sun",130,NA,16.8,31.9,NA,49,"Acer rubrum L.",7.6,159.1,"2019",316,"soft maple/birch","Acer rubrum L.","red maple","Aceraceae","tree","rubrum",0.744,"hw2",-1.9123,2.3651,"AceraceaeBelow0.50spg","hardwood","Hardwood",0.44,-2.047,2.3852,0.21103,0.95964,NA,"Check",532.247961477158,498.701566918329,NA
"Acer","ACRU","NEON.PLA.D05.TREE.00860","TREE_057","TREE","D05",2018-10-16,"Live","multi-bole tree",NA,130,NA,22.8,23.2,NA,23,"Acer rubrum L.",9.4,19.6,"2018",316,"soft maple/birch","Acer rubrum L.","red maple","Aceraceae","tree","rubrum",0.744,"hw2",-1.9123,2.3651,"AceraceaeBelow0.50spg","hardwood","Hardwood",0.44,-2.047,2.3852,0.21103,0.95964,NA,"Check",250.619174597079,233.324926184679,NA
"Acer","ACRU","NEON.PLA.D05.TREE.00860","TREE_057","TREE","D05",2016-10-18,"Live","multi-bole tree",NA,130,NA,20.2,22.3,NA,23,"Acer rubrum L.",9.4,19.6,"2016",316,"soft maple/birch","Acer rubrum L.","red maple","Aceraceae","tree","rubrum",0.744,"hw2",-1.9123,2.3651,"AceraceaeBelow0.50spg","hardwood","Hardwood",0.44,-2.047,2.3852,0.21103,0.95964,NA,"Check",228.230926803817,212.31269098717,NA
"Acer","ACRU","NEON.PLA.D05.TREE.01352","TREE_040","TREE","D05",2020-09-29,"Live,  other damage","single bole tree","Partially shaded",130,NA,12.9,28.1,NA,25,"Acer rubrum L.",9,334.2,"2020",316,"soft maple/birch","Acer rubrum L.","red maple","Aceraceae","tree","rubrum",0.744,"hw2",-1.9123,2.3651,"AceraceaeBelow0.50spg","hardwood","Hardwood",0.44,-2.047,2.3852,0.21103,0.95964,NA,"Check",394.306539171731,368.513591214592,NA
"Acer","ACRU","NEON.PLA.D05.TREE.00860A","TREE_057","TREE","D05",2016-10-18,"Live","multi-bole tree",NA,130,NA,NA,13.5,NA,23,"Acer rubrum L.",9.4,19.6,"2016",316,"soft maple/birch","Acer rubrum L.","red maple","Aceraceae","tree","rubrum",0.744,"hw2",-1.9123,2.3651,"AceraceaeBelow0.50spg","hardwood","Hardwood",0.44,-2.047,2.3852,0.21103,0.95964,NA,"Check",69.6387646074225,64.1314855605141,NA
"Acer","ACRU","NEON.PLA.D05.TREE.00861","TREE_057","TREE","D05",2018-10-16,"Live","multi-bole tree",NA,130,NA,20.5,32.3,NA,43,"Acer rubrum L.",8,255.6,"2018",316,"soft maple/birch","Acer rubrum L.","red maple","Aceraceae","tree","rubrum",0.744,"hw2",-1.9123,2.3651,"AceraceaeBelow0.50spg","hardwood","Hardwood",0.44,-2.047,2.3852,0.21103,0.95964,NA,"Check",548.167833853256,513.746707762267,NA
"Acer","ACRU","NEON.PLA.D05.TREE.00768","TREE_057","TREE","D05",2016-10-18,"Live, physically damaged","multi-bole tree",NA,130,NA,17.7,28,NA,43,"Acer rubrum L.",9.7,205,"2016",316,"soft maple/birch","Acer rubrum L.","red maple","Aceraceae","tree","rubrum",0.744,"hw2",-1.9123,2.3651,"AceraceaeBelow0.50spg","hardwood","Hardwood",0.44,-2.047,2.3852,0.21103,0.95964,NA,"Check",390.995826891003,365.393259793643,NA
"Acer","ACRU","NEON.PLA.D05.TREE.00768","TREE_057","TREE","D05",2017-10-17,"Live","multi-bole tree",NA,130,NA,19,28.7,NA,43,"Acer rubrum L.",9.7,205,"2017",316,"soft maple/birch","Acer rubrum L.","red maple","Aceraceae","tree","rubrum",0.744,"hw2",-1.9123,2.3651,"AceraceaeBelow0.50spg","hardwood","Hardwood",0.44,-2.047,2.3852,0.21103,0.95964,NA,"Check",414.510118266425,387.560132430688,NA
"Acer","ACRU","NEON.PLA.D05.TREE.02190","TREE_016","TREE","D05",2017-10-24,"Live","single bole tree","Full sun",130,NA,15.9,21.7,NA,33,"Acer rubrum L.",8.7,335.3,"2017",316,"soft maple/birch","Acer rubrum L.","red maple","Aceraceae","tree","rubrum",0.744,"hw2",-1.9123,2.3651,"AceraceaeBelow0.50spg","hardwood","Hardwood",0.44,-2.047,2.3852,0.21103,0.95964,NA,"Check",213.973297118974,198.94038437852,NA
"Acer","ACRU","NEON.PLA.D05.TREE.00862","TREE_057","TREE","D05",2017-10-17,"Live","single bole tree",NA,130,NA,20.7,22.5,NA,23,"Acer rubrum L.",5.6,63.9,"2017",316,"soft maple/birch","Acer rubrum L.","red maple","Aceraceae","tree","rubrum",0.744,"hw2",-1.9123,2.3651,"AceraceaeBelow0.50spg","hardwood","Hardwood",0.44,-2.047,2.3852,0.21103,0.95964,NA,"Check",233.10175100057,216.882713259115,NA
"Acer","ACRU","NEON.PLA.D05.TREE.02692","TREE_023","TREE","D05",2019-11-04,"Live","single bole tree","Partially shaded",130,NA,12.6,16.6,NA,33,"Acer rubrum L.",6.2,358.1,"2019",316,"soft maple/birch","Acer rubrum L.","red maple","Aceraceae","tree","rubrum",0.744,"hw2",-1.9123,2.3651,"AceraceaeBelow0.50spg","hardwood","Hardwood",0.44,-2.047,2.3852,0.21103,0.95964,NA,"Check",113.547166537072,105.002830714372,NA
"Acer","ACRU","NEON.PLA.D05.TREE.00781A","TREE_057","TREE","D05",2016-10-18,"Live","multi-bole tree",NA,130,NA,19.1,9.5,NA,25,"Acer rubrum L.",11,326,"2016",316,"soft maple/birch","Acer rubrum L.","red maple","Aceraceae","tree","rubrum",0.744,"hw2",-1.9123,2.3651,"AceraceaeBelow0.50spg","hardwood","Hardwood",0.44,-2.047,2.3852,0.21103,0.95964,NA,"Check",15.0719661816849,13.700654191411,NA
"Acer","ACRU","NEON.PLA.D05.TREE.01172","TREE_039","TREE","D05",2021-09-30,"Live","single bole tree","Partially shaded",130,NA,19.4,32.7,NA,41,"Acer rubrum L.",2.7,12.5,"2021",316,"soft maple/birch","Acer rubrum L.","red maple","Aceraceae","tree","rubrum",0.744,"hw2",-1.9123,2.3651,"AceraceaeBelow0.50spg","hardwood","Hardwood",0.44,-2.047,2.3852,0.21103,0.95964,NA,"Check",564.359125809249,529.052164064702,NA
"Acer","ACRU","NEON.PLA.D05.TREE.02746","TREE_007","TREE","D05",2019-10-09,"Live","small tree",NA,130,NA,4.9,4,NA,NA,"Acer rubrum L.",NA,NA,"2019",316,"soft maple/birch","Acer rubrum L.","red maple","Aceraceae","tree","rubrum",0.744,"hw2",-1.9123,2.3651,"AceraceaeBelow0.50spg","hardwood","Hardwood",0.44,-2.047,2.3852,0.21103,0.95964,NA,"Check",1.94844386228511,1.74063796921081,NA
"Acer","ACRU","NEON.PLA.D05.TREE.00219","TREE_056","TREE","D05",2021-09-22,"Live, physically damaged","single bole tree","Partially shaded",130,NA,20.2,20.8,NA,41,"Acer rubrum L.",11.6,46,"2021",316,"soft maple/birch","Acer rubrum L.","red maple","Aceraceae","tree","rubrum",0.744,"hw2",-1.9123,2.3651,"AceraceaeBelow0.50spg","hardwood","Hardwood",0.44,-2.047,2.3852,0.21103,0.95964,NA,"Check",193.575440303986,179.822429984779,NA
"Acer","ACRU","NEON.PLA.D05.TREE.00219","TREE_056","TREE","D05",2017-08-28,"Live","single bole tree",NA,130,NA,21.4,39.4,NA,41,"Acer rubrum L.",11.6,46,"2017",316,"soft maple/birch","Acer rubrum L.","red maple","Aceraceae","tree","rubrum",0.744,"hw2",-1.9123,2.3651,"AceraceaeBelow0.50spg","hardwood","Hardwood",0.44,-2.047,2.3852,0.21103,0.95964,NA,"Check",877.01450549662,825.233374940694,NA
"Acer","ACRU","NEON.PLA.D05.TREE.00482","TREE_051","TREE","D05",2017-09-26,"Live","single bole tree",NA,130,NA,22.1,31.8,NA,43,"Acer rubrum L.",10,329.1,"2017",316,"soft maple/birch","Acer rubrum L.","red maple","Aceraceae","tree","rubrum",0.744,"hw2",-1.9123,2.3651,"AceraceaeBelow0.50spg","hardwood","Hardwood",0.44,-2.047,2.3852,0.21103,0.95964,NA,"Check",528.310258524875,494.980810127429,NA
"Acer","ACRU","NEON.PLA.D05.TREE.02889","TREE_001","TREE","D05",2017-10-25,"Live","small tree",NA,130,NA,3,1.3,NA,NA,"Acer rubrum L.",NA,NA,"2017",316,"soft maple/birch","Acer rubrum L.","red maple","Aceraceae","tree","rubrum",0.744,"hw2",-1.9123,2.3651,"AceraceaeBelow0.50spg","hardwood","Hardwood",0.44,-2.047,2.3852,0.21103,0.95964,NA,"Check",0.136534761067149,0.119248423248435,NA
"Acer","ACRU","NEON.PLA.D05.TREE.00220","TREE_055","TREE","D05",2016-09-27,"Live","small tree",NA,130,NA,2.4,1.9,NA,NA,"Acer rubrum L.",NA,NA,"2016",316,"soft maple/birch","Acer rubrum L.","red maple","Aceraceae","tree","rubrum",0.744,"hw2",-1.9123,2.3651,"AceraceaeBelow0.50spg","hardwood","Hardwood",0.44,-2.047,2.3852,0.21103,0.95964,NA,"Check",0.334993170929283,0.294820752534051,NA
"Acer","ACRU","NEON.PLA.D05.TREE.01379","TREE_041","TREE","D05",2021-09-20,"Live","single bole tree","Partially shaded",130,NA,24.6,44.6,NA,43,"Acer rubrum L.",8.7,299.6,"2021",316,"soft maple/birch","Acer rubrum L.","red maple","Aceraceae","tree","rubrum",0.744,"hw2",-1.9123,2.3651,"AceraceaeBelow0.50spg","hardwood","Hardwood",0.44,-2.047,2.3852,0.21103,0.95964,NA,"Check",1175.81917041627,1109.15617283247,NA
"Acer","ACRU","NEON.PLA.D05.TREE.02290","TREE_019","TREE","D05",2019-10-30,"Live","multi-bole tree","Full sun",139,NA,7.6,50.9,NA,51,"Acer rubrum L.",4.2,199.7,"2019",316,"soft maple/birch","Acer rubrum L.","red maple","Aceraceae","tree","rubrum",0.744,"hw2",-1.9123,2.3651,"AceraceaeBelow0.50spg","hardwood","Hardwood",0.44,-2.047,2.3852,0.21103,0.95964,NA,"Check",1607.1517638346,1520.06601720201,NA
"Acer","ACRU","NEON.PLA.D05.TREE.00805","TREE_025","TREE","D05",2015-08-04,"Live","single bole tree","Partially shaded",130,NA,15,15.9,NA,41,"Acer rubrum L.",11.8,134,"2015",316,"soft maple/birch","Acer rubrum L.","red maple","Aceraceae","tree","rubrum",0.744,"hw2",-1.9123,2.3651,"AceraceaeBelow0.50spg","hardwood","Hardwood",0.44,-2.047,2.3852,0.21103,0.95964,NA,"Check",102.54700975866,94.7483414502329,NA
"Acer","ACRU","NEON.PLA.D05.TREE.01332","TREE_045","TREE","D05",2016-10-18,"Live","single bole tree",NA,130,NA,14,14.8,NA,59,"Acer rubrum L.",8.9,182.5,"2016",316,"soft maple/birch","Acer rubrum L.","red maple","Aceraceae","tree","rubrum",0.744,"hw2",-1.9123,2.3651,"AceraceaeBelow0.50spg","hardwood","Hardwood",0.44,-2.047,2.3852,0.21103,0.95964,NA,"Check",86.5535021969129,79.8559791452503,NA
"Acer","ACRU","NEON.PLA.D05.TREE.01332","TREE_045","TREE","D05",2017-10-19,"Live","single bole tree",NA,130,NA,14.1,15,NA,59,"Acer rubrum L.",8.9,182.5,"2017",316,"soft maple/birch","Acer rubrum L.","red maple","Aceraceae","tree","rubrum",0.744,"hw2",-1.9123,2.3651,"AceraceaeBelow0.50spg","hardwood","Hardwood",0.44,-2.047,2.3852,0.21103,0.95964,NA,"Check",89.3453797435221,82.4540641153566,NA
"Acer","ACRU","NEON.PLA.D05.TREE.00393","TREE_048","TREE","D05",2018-10-16,"Live","small tree",NA,130,NA,3,1.4,NA,NA,"Acer rubrum L.",NA,NA,"2018",316,"soft maple/birch","Acer rubrum L.","red maple","Aceraceae","tree","rubrum",0.744,"hw2",-1.9123,2.3651,"AceraceaeBelow0.50spg","hardwood","Hardwood",0.44,-2.047,2.3852,0.21103,0.95964,NA,"Check",0.162690887876099,0.142304800931639,NA
"Acer","ACRU","NEON.PLA.D05.TREE.01332","TREE_045","TREE","D05",2018-10-17,"Live","single bole tree",NA,130,NA,14.4,15.2,NA,59,"Acer rubrum L.",8.9,182.5,"2018",316,"soft maple/birch","Acer rubrum L.","red maple","Aceraceae","tree","rubrum",0.744,"hw2",-1.9123,2.3651,"AceraceaeBelow0.50spg","hardwood","Hardwood",0.44,-2.047,2.3852,0.21103,0.95964,NA,"Check",92.1885389478405,85.1005802932459,NA
"Acer","ACRU","NEON.PLA.D05.TREE.01250","TREE_043","TREE","D05",2015-08-05,"Live","sapling","Full shade",10,NA,1.5,1,NA,NA,"Acer rubrum L.",NA,NA,"2015",316,"soft maple/birch","Acer rubrum L.","red maple","Aceraceae","tree","rubrum",0.744,"hw2",-1.9123,2.3651,"AceraceaeBelow0.50spg","hardwood","Hardwood",0.44,-2.047,2.3852,0.21103,0.95964,0.704469670267665,"Check",0.0320578902637797,0.0276564300325305,NA
"Acer","ACRU","NEON.PLA.D05.TREE.00537","TREE_042","TREE","D05",2016-09-28,"Live","single bole tree",NA,130,NA,20.7,35.6,NA,61,"Acer rubrum L.",10,243.7,"2016",316,"soft maple/birch","Acer rubrum L.","red maple","Aceraceae","tree","rubrum",0.744,"hw2",-1.9123,2.3651,"AceraceaeBelow0.50spg","hardwood","Hardwood",0.44,-2.047,2.3852,0.21103,0.95964,NA,"Check",689.974519120066,647.9145467901,NA
"Acer","ACRU","NEON.PLA.D05.TREE.00776","TREE_025","TREE","D05",2017-10-18,"Live","small tree",NA,130,NA,4.5,2.9,NA,NA,"Acer rubrum L.",NA,NA,"2017",316,"soft maple/birch","Acer rubrum L.","red maple","Aceraceae","tree","rubrum",0.744,"hw2",-1.9123,2.3651,"AceraceaeBelow0.50spg","hardwood","Hardwood",0.44,-2.047,2.3852,0.21103,0.95964,NA,"Check",0.910695764919937,0.808326219230005,NA
"Acer","ACRU","NEON.PLA.D05.TREE.00776","TREE_025","TREE","D05",2018-10-17,"Live","small tree",NA,130,NA,5.4,3.1,NA,NA,"Acer rubrum L.",NA,NA,"2018",316,"soft maple/birch","Acer rubrum L.","red maple","Aceraceae","tree","rubrum",0.744,"hw2",-1.9123,2.3651,"AceraceaeBelow0.50spg","hardwood","Hardwood",0.44,-2.047,2.3852,0.21103,0.95964,NA,"Check",1.06629004401265,0.947699984543258,NA
"Acer","ACRU","NEON.PLA.D05.TREE.00777","TREE_052","TREE","D05",2015-08-03,"Live","single bole tree","Mostly shaded",130,NA,3.6,10.3,NA,23,"Acer rubrum L.",5,26.2,"2015",316,"soft maple/birch","Acer rubrum L.","red maple","Aceraceae","tree","rubrum",0.744,"hw2",-1.9123,2.3651,"AceraceaeBelow0.50spg","hardwood","Hardwood",0.44,-2.047,2.3852,0.21103,0.95964,NA,"Check",36.7248459228536,33.6370998124315,NA
"Acer","ACRU","NEON.PLA.D05.TREE.02214","TREE_015","TREE","D05",2019-10-24,"Live","single bole tree","Partially shaded",130,NA,17.8,24.1,NA,NA,"Acer rubrum L.",NA,NA,"2019",316,"soft maple/birch","Acer rubrum L.","red maple","Aceraceae","tree","rubrum",0.744,"hw2",-1.9123,2.3651,"AceraceaeBelow0.50spg","hardwood","Hardwood",0.44,-2.047,2.3852,0.21103,0.95964,NA,"Check",274.22507860966,255.497259089589,NA
"Acer","ACRU","NEON.PLA.D05.TREE.05160","TREE_040","TREE","D05",2021-10-05,"Live","small tree","Full sun",130,NA,8.6,9.4,NA,NA,"Acer rubrum L.",NA,NA,"2021",316,"soft maple/birch","Acer rubrum L.","red maple","Aceraceae","tree","rubrum",0.744,"hw2",-1.9123,2.3651,"AceraceaeBelow0.50spg","hardwood","Hardwood",0.44,-2.047,2.3852,0.21103,0.95964,NA,"Check",14.6994301432748,13.35917127295,NA
"Acer","ACRU","NEON.PLA.D05.TREE.01278","TREE_039","TREE","D05",2020-10-01,"Live","single bole tree","Full sun",130,NA,15.1,26.9,NA,41,"Acer rubrum L.",1.6,142.1,"2020",316,"soft maple/birch","Acer rubrum L.","red maple","Aceraceae","tree","rubrum",0.744,"hw2",-1.9123,2.3651,"AceraceaeBelow0.50spg","hardwood","Hardwood",0.44,-2.047,2.3852,0.21103,0.95964,NA,"Check",355.636051423249,332.081233703443,NA
"Acer","ACRU","NEON.PLA.D05.TREE.01081","TREE_044","TREE","D05",2015-08-05,"Live","sapling","Full shade",10,NA,1.7,1,NA,NA,"Acer rubrum L.",NA,NA,"2015",316,"soft maple/birch","Acer rubrum L.","red maple","Aceraceae","tree","rubrum",0.744,"hw2",-1.9123,2.3651,"AceraceaeBelow0.50spg","hardwood","Hardwood",0.44,-2.047,2.3852,0.21103,0.95964,0.704469670267665,"Check",0.0320578902637797,0.0276564300325305,NA
"Acer","ACRU","NEON.PLA.D05.TREE.00781","TREE_057","TREE","D05",2016-10-18,"Live, physically damaged","multi-bole tree",NA,130,NA,19.1,15.2,NA,25,"Acer rubrum L.",11,326,"2016",316,"soft maple/birch","Acer rubrum L.","red maple","Aceraceae","tree","rubrum",0.744,"hw2",-1.9123,2.3651,"AceraceaeBelow0.50spg","hardwood","Hardwood",0.44,-2.047,2.3852,0.21103,0.95964,NA,"Check",92.1885389478405,85.1005802932459,NA
"Acer","ACRU","NEON.PLA.D05.TREE.00781","TREE_057","TREE","D05",2018-10-16,"Live","multi-bole tree",NA,130,NA,19.2,15.4,NA,25,"Acer rubrum L.",11,326,"2018",316,"soft maple/birch","Acer rubrum L.","red maple","Aceraceae","tree","rubrum",0.744,"hw2",-1.9123,2.3651,"AceraceaeBelow0.50spg","hardwood","Hardwood",0.44,-2.047,2.3852,0.21103,0.95964,NA,"Check",95.0832284045763,87.7957754138068,NA
"Acer","ACRU","NEON.PLA.D05.TREE.00781","TREE_057","TREE","D05",2017-10-17,"Live","multi-bole tree",NA,130,NA,19,16.5,NA,25,"Acer rubrum L.",11,326,"2017",316,"soft maple/birch","Acer rubrum L.","red maple","Aceraceae","tree","rubrum",0.744,"hw2",-1.9123,2.3651,"AceraceaeBelow0.50spg","hardwood","Hardwood",0.44,-2.047,2.3852,0.21103,0.95964,NA,"Check",111.93604001555,103.500369271358,NA
"Acer","ACRU","NEON.PLA.D05.TREE.00781","TREE_057","TREE","D05",2015-08-04,"Live, disease damaged","single bole tree","Partially shaded",130,NA,16.4,15.2,NA,25,"Acer rubrum L.",11,326,"2015",316,"soft maple/birch","Acer rubrum L.","red maple","Aceraceae","tree","rubrum",0.744,"hw2",-1.9123,2.3651,"AceraceaeBelow0.50spg","hardwood","Hardwood",0.44,-2.047,2.3852,0.21103,0.95964,NA,"Check",92.1885389478405,85.1005802932459,NA
"Acer","ACRU","NEON.PLA.D05.TREE.00200","TREE_054","TREE","D05",2021-09-20,"Live","single bole tree","Partially shaded",130,NA,17.6,28.4,NA,43,"Acer rubrum L.",5.9,332.4,"2021",316,"soft maple/birch","Acer rubrum L.","red maple","Aceraceae","tree","rubrum",0.744,"hw2",-1.9123,2.3651,"AceraceaeBelow0.50spg","hardwood","Hardwood",0.44,-2.047,2.3852,0.21103,0.95964,NA,"Check",404.335495292833,377.967188541866,NA
"Acer","ACRU","NEON.PLA.D05.TREE.00200","TREE_054","TREE","D05",2018-10-09,"Live","single bole tree",NA,130,NA,18,28.2,NA,43,"Acer rubrum L.",5.9,332.4,"2018",316,"soft maple/birch","Acer rubrum L.","red maple","Aceraceae","tree","rubrum",0.744,"hw2",-1.9123,2.3651,"AceraceaeBelow0.50spg","hardwood","Hardwood",0.44,-2.047,2.3852,0.21103,0.95964,NA,"Check",397.633374057241,371.649342410835,NA
"Acer","ACRU","NEON.PLA.D05.TREE.01349A","TREE_039","TREE","D05",2018-10-17,"Live","multi-bole tree",NA,130,NA,18.6,29,NA,NA,"Acer rubrum L.",NA,NA,"2018",316,"soft maple/birch","Acer rubrum L.","red maple","Aceraceae","tree","rubrum",0.744,"hw2",-1.9123,2.3651,"AceraceaeBelow0.50spg","hardwood","Hardwood",0.44,-2.047,2.3852,0.21103,0.95964,NA,"Check",424.830968017863,397.292988059821,NA
"Acer","ACRU","NEON.PLA.D05.TREE.00696","TREE_046","TREE","D05",2017-09-25,"Live","single bole tree",NA,130,NA,17.6,22.1,NA,25,"Acer rubrum L.",4.6,298.2,"2017",316,"soft maple/birch","Acer rubrum L.","red maple","Aceraceae","tree","rubrum",0.744,"hw2",-1.9123,2.3651,"AceraceaeBelow0.50spg","hardwood","Hardwood",0.44,-2.047,2.3852,0.21103,0.95964,NA,"Check",223.419373034474,207.799092577953,NA
"Acer","ACRU","NEON.PLA.D05.TREE.00619","TREE_053","TREE","D05",2017-08-30,"Live","single bole tree",NA,130,NA,22.4,32.9,NA,43,"Acer rubrum L.",5.1,350.3,"2017",316,"soft maple/birch","Acer rubrum L.","red maple","Aceraceae","tree","rubrum",0.744,"hw2",-1.9123,2.3651,"AceraceaeBelow0.50spg","hardwood","Hardwood",0.44,-2.047,2.3852,0.21103,0.95964,NA,"Check",572.556936505659,536.802897471007,NA
"Acer","ACRU","NEON.PLA.D05.TREE.02222","TREE_015","TREE","D05",2019-10-24,"Live","multi-bole tree","Partially shaded",130,NA,19.6,24.9,NA,51,"Acer rubrum L.",9.8,258.3,"2019",316,"soft maple/birch","Acer rubrum L.","red maple","Aceraceae","tree","rubrum",0.744,"hw2",-1.9123,2.3651,"AceraceaeBelow0.50spg","hardwood","Hardwood",0.44,-2.047,2.3852,0.21103,0.95964,NA,"Check",296.244119359332,276.193770065231,NA
"Acer","ACRU","NEON.PLA.D05.TREE.00542","TREE_042","TREE","D05",2018-10-10,"Live","single bole tree",NA,130,NA,22.2,47.6,NA,41,"Acer rubrum L.",11.5,154.6,"2018",316,"soft maple/birch","Acer rubrum L.","red maple","Aceraceae","tree","rubrum",0.744,"hw2",-1.9123,2.3651,"AceraceaeBelow0.50spg","hardwood","Hardwood",0.44,-2.047,2.3852,0.21103,0.95964,NA,"Check",1371.53490954217,1295.46981792372,NA
"Acer","ACRU","NEON.PLA.D05.TREE.00542","TREE_042","TREE","D05",2015-07-27,"Live","single bole tree","Full sun",130,NA,19.8,47,NA,41,"Acer rubrum L.",11.5,154.6,"2015",316,"soft maple/birch","Acer rubrum L.","red maple","Aceraceae","tree","rubrum",0.744,"hw2",-1.9123,2.3651,"AceraceaeBelow0.50spg","hardwood","Hardwood",0.44,-2.047,2.3852,0.21103,0.95964,NA,"Check",1330.99770324082,1256.86029348205,NA
"Acer","ACRU","NEON.PLA.D05.TREE.00542","TREE_042","TREE","D05",2016-09-28,"Live","single bole tree",NA,130,NA,18.1,47,NA,41,"Acer rubrum L.",11.5,154.6,"2016",316,"soft maple/birch","Acer rubrum L.","red maple","Aceraceae","tree","rubrum",0.744,"hw2",-1.9123,2.3651,"AceraceaeBelow0.50spg","hardwood","Hardwood",0.44,-2.047,2.3852,0.21103,0.95964,NA,"Check",1330.99770324082,1256.86029348205,NA
"Acer","ACRU","NEON.PLA.D05.TREE.00877","TREE_052","TREE","D05",2018-08-29,"Live","single bole tree",NA,130,NA,9.8,11.5,NA,23,"Acer rubrum L.",7.1,5.3,"2018",316,"soft maple/birch","Acer rubrum L.","red maple","Aceraceae","tree","rubrum",0.744,"hw2",-1.9123,2.3651,"AceraceaeBelow0.50spg","hardwood","Hardwood",0.44,-2.047,2.3852,0.21103,0.95964,NA,"Check",47.6601192302708,43.7497609488595,NA
"Acer","ACRU","NEON.PLA.D05.TREE.01424","TREE_039","TREE","D05",2020-10-01,"Live","single bole tree","Full sun",130,NA,20.5,42.9,NA,25,"Acer rubrum L.",11.2,270.3,"2020",316,"soft maple/birch","Acer rubrum L.","red maple","Aceraceae","tree","rubrum",0.744,"hw2",-1.9123,2.3651,"AceraceaeBelow0.50spg","hardwood","Hardwood",0.44,-2.047,2.3852,0.21103,0.95964,NA,"Check",1072.56446424333,1010.96548524857,NA
"Acer","ACRU","NEON.PLA.D05.TREE.00542","TREE_042","TREE","D05",2020-10-06,"Live","single bole tree","Partially shaded",130,NA,19.9,48,NA,41,"Acer rubrum L.",11.5,154.6,"2020",316,"soft maple/birch","Acer rubrum L.","red maple","Aceraceae","tree","rubrum",0.744,"hw2",-1.9123,2.3651,"AceraceaeBelow0.50spg","hardwood","Hardwood",0.44,-2.047,2.3852,0.21103,0.95964,NA,"Check",1398.95038706938,1321.5871124154,NA
"Acer","ACRU","NEON.PLA.D05.TREE.00542","TREE_042","TREE","D05",2019-10-23,"Live","single bole tree",NA,130,NA,19,47.8,NA,41,"Acer rubrum L.",11.5,154.6,"2019",316,"soft maple/birch","Acer rubrum L.","red maple","Aceraceae","tree","rubrum",0.744,"hw2",-1.9123,2.3651,"AceraceaeBelow0.50spg","hardwood","Hardwood",0.44,-2.047,2.3852,0.21103,0.95964,NA,"Check",1385.20350102409,1308.49062248388,NA
"Acer","ACRU","NEON.PLA.D05.TREE.01086","TREE_043","TREE","D05",2018-10-15,"Live","small tree",NA,130,NA,2.2,1.8,NA,NA,"Acer rubrum L.",NA,NA,"2018",316,"soft maple/birch","Acer rubrum L.","red maple","Aceraceae","tree","rubrum",0.744,"hw2",-1.9123,2.3651,"AceraceaeBelow0.50spg","hardwood","Hardwood",0.44,-2.047,2.3852,0.21103,0.95964,NA,"Check",0.29478190012753,0.259149837338503,NA
"Acer","ACRU","NEON.PLA.D05.TREE.01347","TREE_040","TREE","D05",2017-10-19,"Live","single bole tree",NA,130,NA,11.2,10.6,NA,25,"Acer rubrum L.",7.3,335.5,"2017",316,"soft maple/birch","Acer rubrum L.","red maple","Aceraceae","tree","rubrum",0.744,"hw2",-1.9123,2.3651,"AceraceaeBelow0.50spg","hardwood","Hardwood",0.44,-2.047,2.3852,0.21103,0.95964,NA,"Check",39.3051596100096,36.0212471679453,NA
"Acer","ACRU","NEON.PLA.D05.TREE.00880","TREE_025","TREE","D05",2015-08-04,"Live","single bole tree","Full sun",130,NA,15.9,31.5,NA,23,"Acer rubrum L.",11.2,317.2,"2015",316,"soft maple/birch","Acer rubrum L.","red maple","Aceraceae","tree","rubrum",0.744,"hw2",-1.9123,2.3651,"AceraceaeBelow0.50spg","hardwood","Hardwood",0.44,-2.047,2.3852,0.21103,0.95964,NA,"Check",516.598276617291,483.915494976848,NA
"Acer","ACRU","NEON.PLA.D05.TREE.00127","TREE_052","TREE","D05",2017-09-26,"Live","single bole tree",NA,130,NA,10.6,10,NA,21,"Acer rubrum L.",9.1,43.7,"2017",316,"soft maple/birch","Acer rubrum L.","red maple","Aceraceae","tree","rubrum",0.744,"hw2",-1.9123,2.3651,"AceraceaeBelow0.50spg","hardwood","Hardwood",0.44,-2.047,2.3852,0.21103,0.95964,NA,"Check",17.0159347727837,15.4837076021259,NA
"Acer","ACRU","NEON.PLA.D05.TREE.01176","TREE_043","TREE","D05",2018-10-15,"Live","small tree",NA,130,NA,3,1,NA,NA,"Acer rubrum L.",NA,NA,"2018",316,"soft maple/birch","Acer rubrum L.","red maple","Aceraceae","tree","rubrum",0.744,"hw2",-1.9123,2.3651,"AceraceaeBelow0.50spg","hardwood","Hardwood",0.44,-2.047,2.3852,0.21103,0.95964,NA,"Check",0.073410099398862,0.0637785969993142,NA
"Acer","ACRU","NEON.PLA.D05.TREE.00665","TREE_054","TREE","D05",2021-09-20,"Live","single bole tree","Partially shaded",130,NA,16.9,27.3,NA,41,"Acer rubrum L.",2.3,247.6,"2021",316,"soft maple/birch","Acer rubrum L.","red maple","Aceraceae","tree","rubrum",0.744,"hw2",-1.9123,2.3651,"AceraceaeBelow0.50spg","hardwood","Hardwood",0.44,-2.047,2.3852,0.21103,0.95964,NA,"Check",368.27050620724,343.980910143879,NA
"Acer","ACRU","NEON.PLA.D05.TREE.01119","TREE_045","TREE","D05",2015-08-11,"Live","single bole tree","Partially shaded",130,NA,18,30.7,NA,25,"Acer rubrum L.",4.1,288.5,"2015",316,"soft maple/birch","Acer rubrum L.","red maple","Aceraceae","tree","rubrum",0.744,"hw2",-1.9123,2.3651,"AceraceaeBelow0.50spg","hardwood","Hardwood",0.44,-2.047,2.3852,0.21103,0.95964,NA,"Check",486.104491743636,455.115523140017,NA
"Acer","ACRU","NEON.PLA.D05.TREE.01119","TREE_045","TREE","D05",2018-10-17,"Live","single bole tree",NA,130,NA,18.9,30.8,NA,25,"Acer rubrum L.",4.1,288.5,"2018",316,"soft maple/birch","Acer rubrum L.","red maple","Aceraceae","tree","rubrum",0.744,"hw2",-1.9123,2.3651,"AceraceaeBelow0.50spg","hardwood","Hardwood",0.44,-2.047,2.3852,0.21103,0.95964,NA,"Check",489.857725720367,458.659469653284,NA
"Acer","ACRU","NEON.PLA.D05.TREE.01176","TREE_043","TREE","D05",2019-10-23,"Live","small tree",NA,130,NA,3.1,1.2,NA,NA,"Acer rubrum L.",NA,NA,"2019",316,"soft maple/birch","Acer rubrum L.","red maple","Aceraceae","tree","rubrum",0.744,"hw2",-1.9123,2.3651,"AceraceaeBelow0.50spg","hardwood","Hardwood",0.44,-2.047,2.3852,0.21103,0.95964,NA,"Check",0.112986713722055,0.0985231002614041,NA
"Acer","ACRU","NEON.PLA.D05.TREE.00644","TREE_053","TREE","D05",2015-07-27,"Live","single bole tree","Open grown",130,NA,22.4,44,NA,43,"Acer rubrum L.",4.4,307.7,"2015",316,"soft maple/birch","Acer rubrum L.","red maple","Aceraceae","tree","rubrum",0.744,"hw2",-1.9123,2.3651,"AceraceaeBelow0.50spg","hardwood","Hardwood",0.44,-2.047,2.3852,0.21103,0.95964,NA,"Check",1138.7505176826,1073.89672886012,NA
"Acer","ACRU","NEON.PLA.D05.TREE.00920","TREE_044","TREE","D05",2016-10-19,"Live","small tree",NA,130,NA,5.5,1.9,NA,NA,"Acer rubrum L.",NA,NA,"2016",316,"soft maple/birch","Acer rubrum L.","red maple","Aceraceae","tree","rubrum",0.744,"hw2",-1.9123,2.3651,"AceraceaeBelow0.50spg","hardwood","Hardwood",0.44,-2.047,2.3852,0.21103,0.95964,NA,"Check",0.334993170929283,0.294820752534051,NA
"Acer","ACRU","NEON.PLA.D05.TREE.02237","TREE_015","TREE","D05",2019-10-24,"Live","single bole tree","Partially shaded",130,NA,9.7,12.6,NA,33,"Acer rubrum L.",3.2,320.7,"2019",316,"soft maple/birch","Acer rubrum L.","red maple","Aceraceae","tree","rubrum",0.744,"hw2",-1.9123,2.3651,"AceraceaeBelow0.50spg","hardwood","Hardwood",0.44,-2.047,2.3852,0.21103,0.95964,NA,"Check",59.1541255172171,54.4005160837898,NA
"Acer","ACRU","NEON.PLA.D05.TREE.02237","TREE_015","TREE","D05",2018-05-08,"Live","single bole tree","Partially shaded",130,NA,8.8,12.7,NA,33,"Acer rubrum L.",3.2,320.7,"2018",316,"soft maple/birch","Acer rubrum L.","red maple","Aceraceae","tree","rubrum",0.744,"hw2",-1.9123,2.3651,"AceraceaeBelow0.50spg","hardwood","Hardwood",0.44,-2.047,2.3852,0.21103,0.95964,NA,"Check",60.2705067069696,55.4359929377356,NA
"Acer","ACRU","NEON.PLA.D05.TREE.01349","TREE_039","TREE","D05",2021-09-30,"Live","multi-bole tree","Partially shaded",130,NA,19.7,30.6,NA,43,"Acer rubrum L.",14.3,228,"2021",316,"soft maple/birch","Acer rubrum L.","red maple","Aceraceae","tree","rubrum",0.744,"hw2",-1.9123,2.3651,"AceraceaeBelow0.50spg","hardwood","Hardwood",0.44,-2.047,2.3852,0.21103,0.95964,NA,"Check",482.367909780962,451.587531086048,NA
"Acer","ACRU","NEON.PLA.D05.TREE.02811","TREE_010","TREE","D05",2019-10-10,"Live","small tree",NA,130,NA,2.9,1.2,NA,NA,"Acer rubrum L.",NA,NA,"2019",316,"soft maple/birch","Acer rubrum L.","red maple","Aceraceae","tree","rubrum",0.744,"hw2",-1.9123,2.3651,"AceraceaeBelow0.50spg","hardwood","Hardwood",0.44,-2.047,2.3852,0.21103,0.95964,NA,"Check",0.112986713722055,0.0985231002614041,NA
"Acer","ACRU","NEON.PLA.D05.TREE.00547","TREE_053","TREE","D05",2018-10-09,"Live","single bole tree",NA,130,NA,22.8,43.5,NA,43,"Acer rubrum L.",10.3,215.6,"2018",316,"soft maple/birch","Acer rubrum L.","red maple","Aceraceae","tree","rubrum",0.744,"hw2",-1.9123,2.3651,"AceraceaeBelow0.50spg","hardwood","Hardwood",0.44,-2.047,2.3852,0.21103,0.95964,NA,"Check",1108.38235629538,1045.01800043095,NA
"Acer","ACRU","NEON.PLA.D05.TREE.00696","TREE_046","TREE","D05",2018-10-10,"Live","single bole tree",NA,130,NA,17.4,22.5,NA,25,"Acer rubrum L.",4.6,298.2,"2018",316,"soft maple/birch","Acer rubrum L.","red maple","Aceraceae","tree","rubrum",0.744,"hw2",-1.9123,2.3651,"AceraceaeBelow0.50spg","hardwood","Hardwood",0.44,-2.047,2.3852,0.21103,0.95964,NA,"Check",233.10175100057,216.882713259115,NA
"Acer","ACRU","NEON.PLA.D05.TREE.00547","TREE_053","TREE","D05",2015-07-27,"Live","single bole tree","Full sun",130,NA,19.2,42.8,NA,43,"Acer rubrum L.",10.3,215.6,"2015",316,"soft maple/birch","Acer rubrum L.","red maple","Aceraceae","tree","rubrum",0.744,"hw2",-1.9123,2.3651,"AceraceaeBelow0.50spg","hardwood","Hardwood",0.44,-2.047,2.3852,0.21103,0.95964,NA,"Check",1066.66076408095,1005.3536833283,NA
"Acer","ACRU","NEON.PLA.D05.TREE.00696","TREE_046","TREE","D05",2015-07-28,"Live","single bole tree","Partially shaded",130,NA,17.1,21.6,NA,25,"Acer rubrum L.",4.6,298.2,"2015",316,"soft maple/birch","Acer rubrum L.","red maple","Aceraceae","tree","rubrum",0.744,"hw2",-1.9123,2.3651,"AceraceaeBelow0.50spg","hardwood","Hardwood",0.44,-2.047,2.3852,0.21103,0.95964,NA,"Check",211.648516678749,196.760665496912,NA
"Acer","ACRU","NEON.PLA.D05.TREE.00696","TREE_046","TREE","D05",2022-09-19,"Live","single bole tree","Partially shaded",130,NA,19.2,23.5,NA,25,"Acer rubrum L.",4.6,298.2,"2022",316,"soft maple/birch","Acer rubrum L.","red maple","Aceraceae","tree","rubrum",0.744,"hw2",-1.9123,2.3651,"AceraceaeBelow0.50spg","hardwood","Hardwood",0.44,-2.047,2.3852,0.21103,0.95964,NA,"Check",258.351664122691,240.585949607662,NA
"Acer","ACRU","NEON.PLA.D05.TREE.00619","TREE_053","TREE","D05",2018-10-09,"Live","single bole tree",NA,130,NA,22.5,33.1,NA,43,"Acer rubrum L.",5.1,350.3,"2018",316,"soft maple/birch","Acer rubrum L.","red maple","Aceraceae","tree","rubrum",0.744,"hw2",-1.9123,2.3651,"AceraceaeBelow0.50spg","hardwood","Hardwood",0.44,-2.047,2.3852,0.21103,0.95964,NA,"Check",580.823059758909,544.619172926199,NA
"Acer","ACRU","NEON.PLA.D05.TREE.00670","TREE_053","TREE","D05",2016-09-27,"Live","single bole tree",NA,130,NA,22.9,51.5,NA,41,"Acer rubrum L.",10.4,19.4,"2016",316,"soft maple/birch","Acer rubrum L.","red maple","Aceraceae","tree","rubrum",0.744,"hw2",-1.9123,2.3651,"AceraceaeBelow0.50spg","hardwood","Hardwood",0.44,-2.047,2.3852,0.21103,0.95964,NA,"Check",1652.3191629291,1563.15411507157,NA
"Acer","ACRU","NEON.PLA.D05.TREE.01487","TREE_045","TREE","D05",2016-10-18,"Live,  other damage","single bole tree",NA,130,NA,17.1,23.2,NA,23,"Acer rubrum L.",3,14.5,"2016",316,"soft maple/birch","Acer rubrum L.","red maple","Aceraceae","tree","rubrum",0.744,"hw2",-1.9123,2.3651,"AceraceaeBelow0.50spg","hardwood","Hardwood",0.44,-2.047,2.3852,0.21103,0.95964,NA,"Check",250.619174597079,233.324926184679,NA
"Acer","ACRU","NEON.PLA.D05.TREE.01487","TREE_045","TREE","D05",2017-10-19,"Live","single bole tree",NA,130,NA,17.4,24,NA,23,"Acer rubrum L.",3,14.5,"2017",316,"soft maple/birch","Acer rubrum L.","red maple","Aceraceae","tree","rubrum",0.744,"hw2",-1.9123,2.3651,"AceraceaeBelow0.50spg","hardwood","Hardwood",0.44,-2.047,2.3852,0.21103,0.95964,NA,"Check",271.541535830182,252.975841530351,NA
"Acer","ACRU","NEON.PLA.D05.TREE.01181","TREE_043","TREE","D05",2020-10-05,"Live","small tree","Mostly shaded",130,NA,6,3.7,NA,NA,"Acer rubrum L.",NA,NA,"2020",316,"soft maple/birch","Acer rubrum L.","red maple","Aceraceae","tree","rubrum",0.744,"hw2",-1.9123,2.3651,"AceraceaeBelow0.50spg","hardwood","Hardwood",0.44,-2.047,2.3852,0.21103,0.95964,NA,"Check",1.62035326926363,1.44527241499666,NA
"Acer","ACRU","NEON.PLA.D05.TREE.00472","TREE_052","TREE","D05",2017-09-26,"Live","single bole tree",NA,130,NA,12.9,14.8,NA,21,"Acer rubrum L.",11.5,45.5,"2017",316,"soft maple/birch","Acer rubrum L.","red maple","Aceraceae","tree","rubrum",0.744,"hw2",-1.9123,2.3651,"AceraceaeBelow0.50spg","hardwood","Hardwood",0.44,-2.047,2.3852,0.21103,0.95964,NA,"Check",86.5535021969129,79.8559791452503,NA
"Acer","ACRU","NEON.PLA.D05.TREE.00473","TREE_052","TREE","D05",2016-09-29,"Live","single bole tree",NA,140,NA,11.7,17,NA,41,"Acer rubrum L.",3.8,258.4,"2016",316,"soft maple/birch","Acer rubrum L.","red maple","Aceraceae","tree","rubrum",0.744,"hw2",-1.9123,2.3651,"AceraceaeBelow0.50spg","hardwood","Hardwood",0.44,-2.047,2.3852,0.21103,0.95964,NA,"Check",120.12500153002,111.138866421249,NA
"Acer","ACRU","NEON.PLA.D05.TREE.00473","TREE_052","TREE","D05",2015-08-03,"Live","single bole tree","Mostly shaded",130,NA,10.1,17.3,NA,41,"Acer rubrum L.",3.8,258.4,"2015",316,"soft maple/birch","Acer rubrum L.","red maple","Aceraceae","tree","rubrum",0.744,"hw2",-1.9123,2.3651,"AceraceaeBelow0.50spg","hardwood","Hardwood",0.44,-2.047,2.3852,0.21103,0.95964,NA,"Check",125.199184705323,115.874203188382,NA
"Acer","ACRU","NEON.PLA.D05.TREE.00473","TREE_052","TREE","D05",2018-08-29,"Live","single bole tree",NA,130,NA,13,17.7,NA,41,"Acer rubrum L.",3.8,258.4,"2018",316,"soft maple/birch","Acer rubrum L.","red maple","Aceraceae","tree","rubrum",0.744,"hw2",-1.9123,2.3651,"AceraceaeBelow0.50spg","hardwood","Hardwood",0.44,-2.047,2.3852,0.21103,0.95964,NA,"Check",132.15397619164,122.367202204457,NA
"Acer","ACRU","NEON.PLA.D05.TREE.01350","TREE_040","TREE","D05",2019-10-23,"Live","small tree",NA,130,NA,11.1,17.3,NA,25,"Acer rubrum L.",6.2,346,"2019",316,"soft maple/birch","Acer rubrum L.","red maple","Aceraceae","tree","rubrum",0.744,"hw2",-1.9123,2.3651,"AceraceaeBelow0.50spg","hardwood","Hardwood",0.44,-2.047,2.3852,0.21103,0.95964,NA,"Check",125.199184705323,115.874203188382,NA
"Acer","ACRU","NEON.PLA.D05.TREE.02875","TREE_017","TREE","D05",2019-11-04,"Live","single bole tree","Full sun",150,NA,22.3,51.8,NA,41,"Acer rubrum L.",3.8,106.4,"2019",316,"soft maple/birch","Acer rubrum L.","red maple","Aceraceae","tree","rubrum",0.744,"hw2",-1.9123,2.3651,"AceraceaeBelow0.50spg","hardwood","Hardwood",0.44,-2.047,2.3852,0.21103,0.95964,NA,"Check",1675.17420532059,1584.9608473643,NA
"Acer","ACRU","NEON.PLA.D05.TREE.01657","TREE_056","TREE","D05",2022-09-20,"Live","single bole tree","Partially shaded",130,NA,21.6,23.9,NA,41,"Acer rubrum L.",5.8,52.6,"2022",316,"soft maple/birch","Acer rubrum L.","red maple","Aceraceae","tree","rubrum",0.744,"hw2",-1.9123,2.3651,"AceraceaeBelow0.50spg","hardwood","Hardwood",0.44,-2.047,2.3852,0.21103,0.95964,NA,"Check",268.873213505012,250.468934849441,NA
"Acer","ACRU","NEON.PLA.D05.TREE.01657","TREE_056","TREE","D05",2021-09-22,"Live","single bole tree","Partially shaded",130,NA,18.9,23.6,NA,41,"Acer rubrum L.",5.8,52.6,"2021",316,"soft maple/birch","Acer rubrum L.","red maple","Aceraceae","tree","rubrum",0.744,"hw2",-1.9123,2.3651,"AceraceaeBelow0.50spg","hardwood","Hardwood",0.44,-2.047,2.3852,0.21103,0.95964,NA,"Check",260.959337098024,243.035046576951,NA
"Acer","ACRU","NEON.PLA.D05.TREE.02523A","TREE_014","TREE","D05",2019-10-16,"Live","multi-bole tree","Full sun",130,NA,17,35.5,NA,NA,"Acer rubrum L.",NA,NA,"2019",316,"soft maple/birch","Acer rubrum L.","red maple","Aceraceae","tree","rubrum",0.744,"hw2",-1.9123,2.3651,"AceraceaeBelow0.50spg","hardwood","Hardwood",0.44,-2.047,2.3852,0.21103,0.95964,NA,"Check",685.399431808831,643.581961772536,NA
"Acer","ACRU","NEON.PLA.D05.TREE.01184","TREE_039","TREE","D05",2019-10-23,"Live, physically damaged","small tree",NA,130,NA,11.6,9.7,NA,NA,"Acer rubrum L.",NA,NA,"2019",316,"soft maple/birch","Acer rubrum L.","red maple","Aceraceae","tree","rubrum",0.744,"hw2",-1.9123,2.3651,"AceraceaeBelow0.50spg","hardwood","Hardwood",0.44,-2.047,2.3852,0.21103,0.95964,NA,"Check",15.8332343849476,14.3986873614556,NA
"Acer","ACRU","NEON.PLA.D05.TREE.01184","TREE_039","TREE","D05",2015-08-11,"Live","single bole tree","Mostly shaded",130,NA,7.7,8.4,NA,NA,"Acer rubrum L.",NA,NA,"2015",316,"soft maple/birch","Acer rubrum L.","red maple","Aceraceae","tree","rubrum",0.744,"hw2",-1.9123,2.3651,"AceraceaeBelow0.50spg","hardwood","Hardwood",0.44,-2.047,2.3852,0.21103,0.95964,NA,"Check",11.2659741805508,10.2156478699183,NA
"Acer","ACRU","NEON.PLA.D05.TREE.01184","TREE_039","TREE","D05",2017-10-17,"Live","small tree",NA,130,NA,10.8,9,NA,NA,"Acer rubrum L.",NA,NA,"2017",316,"soft maple/birch","Acer rubrum L.","red maple","Aceraceae","tree","rubrum",0.744,"hw2",-1.9123,2.3651,"AceraceaeBelow0.50spg","hardwood","Hardwood",0.44,-2.047,2.3852,0.21103,0.95964,NA,"Check",13.2627862752248,12.0429863726271,NA
"Acer","ACRU","NEON.PLA.D05.TREE.01184","TREE_039","TREE","D05",2020-10-01,"Live","single bole tree","Partially shaded",130,NA,8.5,10,NA,NA,"Acer rubrum L.",NA,NA,"2020",316,"soft maple/birch","Acer rubrum L.","red maple","Aceraceae","tree","rubrum",0.744,"hw2",-1.9123,2.3651,"AceraceaeBelow0.50spg","hardwood","Hardwood",0.44,-2.047,2.3852,0.21103,0.95964,NA,"Check",17.0159347727837,15.4837076021259,NA
"Acer","ACRU","NEON.PLA.D05.TREE.01436","TREE_041","TREE","D05",2018-10-10,"Live","single bole tree",NA,130,NA,23.1,24.1,NA,21,"Acer rubrum L.",9,15.3,"2018",316,"soft maple/birch","Acer rubrum L.","red maple","Aceraceae","tree","rubrum",0.744,"hw2",-1.9123,2.3651,"AceraceaeBelow0.50spg","hardwood","Hardwood",0.44,-2.047,2.3852,0.21103,0.95964,NA,"Check",274.22507860966,255.497259089589,NA
"Acer","ACRU","NEON.PLA.D05.TREE.02880","TREE_017","TREE","D05",2017-10-23,"Live","single bole tree","Full sun",130,NA,20.1,30,NA,49,"Acer rubrum L.",1.9,91.6,"2017",316,"soft maple/birch","Acer rubrum L.","red maple","Aceraceae","tree","rubrum",0.744,"hw2",-1.9123,2.3651,"AceraceaeBelow0.50spg","hardwood","Hardwood",0.44,-2.047,2.3852,0.21103,0.95964,NA,"Check",460.296997263903,430.753497416687,NA
"Acer","ACRU","NEON.PLA.D05.TREE.02880","TREE_017","TREE","D05",2019-11-04,"Live","multi-bole tree","Full sun",130,NA,20.2,31.3,NA,49,"Acer rubrum L.",1.9,91.6,"2019",316,"soft maple/birch","Acer rubrum L.","red maple","Aceraceae","tree","rubrum",0.744,"hw2",-1.9123,2.3651,"AceraceaeBelow0.50spg","hardwood","Hardwood",0.44,-2.047,2.3852,0.21103,0.95964,NA,"Check",508.87436679866,476.619217663114,NA
"Acer","ACRU","NEON.PLA.D05.TREE.02882","TREE_017","TREE","D05",2019-11-04,"Live","single bole tree","Partially shaded",130,NA,15,18.8,NA,49,"Acer rubrum L.",2.1,179.8,"2019",316,"soft maple/birch","Acer rubrum L.","red maple","Aceraceae","tree","rubrum",0.744,"hw2",-1.9123,2.3651,"AceraceaeBelow0.50spg","hardwood","Hardwood",0.44,-2.047,2.3852,0.21103,0.95964,NA,"Check",152.408571155501,141.292951600813,NA
"Acer","ACRU","NEON.PLA.D05.TREE.02882","TREE_017","TREE","D05",2017-10-23,"Live","single bole tree","Full sun",130,NA,16,17.9,NA,49,"Acer rubrum L.",2.1,179.8,"2017",316,"soft maple/birch","Acer rubrum L.","red maple","Aceraceae","tree","rubrum",0.744,"hw2",-1.9123,2.3651,"AceraceaeBelow0.50spg","hardwood","Hardwood",0.44,-2.047,2.3852,0.21103,0.95964,NA,"Check",135.712973419738,125.691018387897,NA
"Acer","ACRU","NEON.PLA.D05.TREE.03175","TREE_043","TREE","D05",2019-10-23,"Live","small tree",NA,130,NA,2.7,1.6,NA,NA,"Acer rubrum L.",NA,NA,"2019",316,"soft maple/birch","Acer rubrum L.","red maple","Aceraceae","tree","rubrum",0.744,"hw2",-1.9123,2.3651,"AceraceaeBelow0.50spg","hardwood","Hardwood",0.44,-2.047,2.3852,0.21103,0.95964,NA,"Check",0.223110486445256,0.19567797440468,NA
"Acer","ACRU","NEON.PLA.D05.TREE.02259","TREE_006","TREE","D05",2019-10-09,"Live","single bole tree","Partially shaded",130,NA,21.9,30,NA,33,"Acer rubrum L.",12.3,322.4,"2019",316,"soft maple/birch","Acer rubrum L.","red maple","Aceraceae","tree","rubrum",0.744,"hw2",-1.9123,2.3651,"AceraceaeBelow0.50spg","hardwood","Hardwood",0.44,-2.047,2.3852,0.21103,0.95964,NA,"Check",460.296997263903,430.753497416687,NA
"Acer","ACRU","NEON.PLA.D05.TREE.02259","TREE_006","TREE","D05",2018-05-02,"Live,  other damage","multi-bole tree","Partially shaded",130,NA,20.8,29,NA,33,"Acer rubrum L.",12.3,322.4,"2018",316,"soft maple/birch","Acer rubrum L.","red maple","Aceraceae","tree","rubrum",0.744,"hw2",-1.9123,2.3651,"AceraceaeBelow0.50spg","hardwood","Hardwood",0.44,-2.047,2.3852,0.21103,0.95964,NA,"Check",424.830968017863,397.292988059821,NA
"Acer","ACRU","NEON.PLA.D05.TREE.01105","TREE_044","TREE","D05",2016-10-19,"Live","small tree",NA,130,NA,7.6,5,NA,NA,"Acer rubrum L.",NA,NA,"2016",316,"soft maple/birch","Acer rubrum L.","red maple","Aceraceae","tree","rubrum",0.744,"hw2",-1.9123,2.3651,"AceraceaeBelow0.50spg","hardwood","Hardwood",0.44,-2.047,2.3852,0.21103,0.95964,NA,"Check",3.30285698799318,2.96386361811502,NA
"Acer","ACRU","NEON.PLA.D05.TREE.01105","TREE_044","TREE","D05",2016-10-19,"Live","small tree",NA,130,NA,7.6,1.2,NA,NA,"Acer rubrum L.",NA,NA,"2016",316,"soft maple/birch","Acer rubrum L.","red maple","Aceraceae","tree","rubrum",0.744,"hw2",-1.9123,2.3651,"AceraceaeBelow0.50spg","hardwood","Hardwood",0.44,-2.047,2.3852,0.21103,0.95964,NA,"Check",0.112986713722055,0.0985231002614041,NA
"Acer","ACRU","NEON.PLA.D05.TREE.01105","TREE_044","TREE","D05",2018-10-16,"Live","small tree",NA,130,NA,7.8,5.4,NA,NA,"Acer rubrum L.",NA,NA,"2018",316,"soft maple/birch","Acer rubrum L.","red maple","Aceraceae","tree","rubrum",0.744,"hw2",-1.9123,2.3651,"AceraceaeBelow0.50spg","hardwood","Hardwood",0.44,-2.047,2.3852,0.21103,0.95964,NA,"Check",3.96223557950312,3.56107038249228,NA
"Acer","ACRU","NEON.PLA.D05.TREE.01105","TREE_044","TREE","D05",2017-10-17,"Live","small tree",NA,130,NA,7.4,5.3,NA,NA,"Acer rubrum L.",NA,NA,"2017",316,"soft maple/birch","Acer rubrum L.","red maple","Aceraceae","tree","rubrum",0.744,"hw2",-1.9123,2.3651,"AceraceaeBelow0.50spg","hardwood","Hardwood",0.44,-2.047,2.3852,0.21103,0.95964,NA,"Check",3.79088553601174,3.40578921262394,NA
"Acer","ACRU","NEON.PLA.D05.TREE.02886","TREE_001","TREE","D05",2017-10-25,"Live","small tree",NA,130,NA,2.9,1,NA,NA,"Acer rubrum L.",NA,NA,"2017",316,"soft maple/birch","Acer rubrum L.","red maple","Aceraceae","tree","rubrum",0.744,"hw2",-1.9123,2.3651,"AceraceaeBelow0.50spg","hardwood","Hardwood",0.44,-2.047,2.3852,0.21103,0.95964,NA,"Check",0.073410099398862,0.0637785969993142,NA
"Acer","ACRU","NEON.PLA.D05.TREE.02886","TREE_001","TREE","D05",2019-10-07,"Live, physically damaged","small tree",NA,130,NA,3.1,2,NA,NA,"Acer rubrum L.",NA,NA,"2019",316,"soft maple/birch","Acer rubrum L.","red maple","Aceraceae","tree","rubrum",0.744,"hw2",-1.9123,2.3651,"AceraceaeBelow0.50spg","hardwood","Hardwood",0.44,-2.047,2.3852,0.21103,0.95964,NA,"Check",0.378200287682932,0.333189807107002,NA
"Acer","ACRU","NEON.PLA.D05.TREE.01106","TREE_045","TREE","D05",2017-10-19,"Live","single bole tree",NA,130,NA,14.6,14.9,NA,43,"Acer rubrum L.",7.7,247.4,"2017",316,"soft maple/birch","Acer rubrum L.","red maple","Aceraceae","tree","rubrum",0.744,"hw2",-1.9123,2.3651,"AceraceaeBelow0.50spg","hardwood","Hardwood",0.44,-2.047,2.3852,0.21103,0.95964,NA,"Check",87.9430463821923,81.1489832919047,NA
"Acer","ACRU","NEON.PLA.D05.TREE.01144","TREE_048","TREE","D05",2017-10-18,"Live","small tree",NA,130,NA,2.9,1,NA,NA,"Acer rubrum L.",NA,NA,"2017",316,"soft maple/birch","Acer rubrum L.","red maple","Aceraceae","tree","rubrum",0.744,"hw2",-1.9123,2.3651,"AceraceaeBelow0.50spg","hardwood","Hardwood",0.44,-2.047,2.3852,0.21103,0.95964,NA,"Check",0.073410099398862,0.0637785969993142,NA
"Acer","ACRU","NEON.PLA.D05.TREE.00821","TREE_057","TREE","D05",2015-08-04,"Live","single bole tree","Partially shaded",130,NA,8.1,10.7,NA,39,"Acer rubrum L.",3.7,81,"2015",316,"soft maple/birch","Acer rubrum L.","red maple","Aceraceae","tree","rubrum",0.744,"hw2",-1.9123,2.3651,"AceraceaeBelow0.50spg","hardwood","Hardwood",0.44,-2.047,2.3852,0.21103,0.95964,NA,"Check",40.1878002398362,36.8370956769622,NA
"Acer","ACRU","NEON.PLA.D05.TREE.03778","TREE_002","TREE","D05",2019-10-08,"Live","small tree",NA,130,NA,3.4,1.4,NA,NA,"Acer rubrum L.",NA,NA,"2019",316,"soft maple/birch","Acer rubrum L.","red maple","Aceraceae","tree","rubrum",0.744,"hw2",-1.9123,2.3651,"AceraceaeBelow0.50spg","hardwood","Hardwood",0.44,-2.047,2.3852,0.21103,0.95964,NA,"Check",0.162690887876099,0.142304800931639,NA
"Acer","ACRU","NEON.PLA.D05.TREE.02888","TREE_001","TREE","D05",2019-10-07,"Live, physically damaged","small tree",NA,130,NA,2.4,1,NA,NA,"Acer rubrum L.",NA,NA,"2019",316,"soft maple/birch","Acer rubrum L.","red maple","Aceraceae","tree","rubrum",0.744,"hw2",-1.9123,2.3651,"AceraceaeBelow0.50spg","hardwood","Hardwood",0.44,-2.047,2.3852,0.21103,0.95964,NA,"Check",0.073410099398862,0.0637785969993142,NA
"Acer","ACRU","NEON.PLA.D05.TREE.00482","TREE_051","TREE","D05",2018-10-09,"Live","single bole tree",NA,130,NA,23.8,32.4,NA,43,"Acer rubrum L.",10,329.1,"2018",316,"soft maple/birch","Acer rubrum L.","red maple","Aceraceae","tree","rubrum",0.744,"hw2",-1.9123,2.3651,"AceraceaeBelow0.50spg","hardwood","Hardwood",0.44,-2.047,2.3852,0.21103,0.95964,NA,"Check",552.190163342687,517.548618779261,NA
"Acer","ACRU","NEON.PLA.D05.TREE.02889","TREE_001","TREE","D05",2019-10-07,"Live, physically damaged","small tree",NA,130,NA,3,1.7,NA,NA,"Acer rubrum L.",NA,NA,"2019",316,"soft maple/birch","Acer rubrum L.","red maple","Aceraceae","tree","rubrum",0.744,"hw2",-1.9123,2.3651,"AceraceaeBelow0.50spg","hardwood","Hardwood",0.44,-2.047,2.3852,0.21103,0.95964,NA,"Check",0.257507899353021,0.226121432805832,NA
"Acer","ACRU","NEON.PLA.D05.TREE.01476","TREE_041","TREE","D05",2019-10-23,"Live","single bole tree",NA,130,NA,20.1,25.1,NA,39,"Acer rubrum L.",9.7,151.2,"2019",316,"soft maple/birch","Acer rubrum L.","red maple","Aceraceae","tree","rubrum",0.744,"hw2",-1.9123,2.3651,"AceraceaeBelow0.50spg","hardwood","Hardwood",0.44,-2.047,2.3852,0.21103,0.95964,NA,"Check",301.902688790002,281.514621216081,NA
"Acer","ACRU","NEON.PLA.D05.TREE.01476","TREE_041","TREE","D05",2020-09-28,"Live","single bole tree","Partially shaded",130,NA,19.3,26,NA,39,"Acer rubrum L.",9.7,151.2,"2020",316,"soft maple/birch","Acer rubrum L.","red maple","Aceraceae","tree","rubrum",0.744,"hw2",-1.9123,2.3651,"AceraceaeBelow0.50spg","hardwood","Hardwood",0.44,-2.047,2.3852,0.21103,0.95964,NA,"Check",328.134676131779,306.191848839517,NA
"Acer","ACRU","NEON.PLA.D05.TREE.02089","TREE_003","TREE","D05",2018-04-25,"Live","multi-bole tree","Partially shaded",130,NA,19.2,26.5,NA,49,"Acer rubrum L.",8.5,157.9,"2018",316,"soft maple/birch","Acer rubrum L.","red maple","Aceraceae","tree","rubrum",0.744,"hw2",-1.9123,2.3651,"AceraceaeBelow0.50spg","hardwood","Hardwood",0.44,-2.047,2.3852,0.21103,0.95964,NA,"Check",343.255479464212,320.424159692004,NA
"Acer","ACRU","NEON.PLA.D05.TREE.00220","TREE_055","TREE","D05",2018-10-10,"Live","small tree",NA,130,NA,2.8,2.2,NA,NA,"Acer rubrum L.",NA,NA,"2018",316,"soft maple/birch","Acer rubrum L.","red maple","Aceraceae","tree","rubrum",0.744,"hw2",-1.9123,2.3651,"AceraceaeBelow0.50spg","hardwood","Hardwood",0.44,-2.047,2.3852,0.21103,0.95964,NA,"Check",0.473826880108353,0.41823612265832,NA
"Acer","ACRU","NEON.PLA.D05.TREE.01379","TREE_041","TREE","D05",2015-08-10,"Live","single bole tree","Full sun",130,NA,19.9,41.1,NA,43,"Acer rubrum L.",8.7,299.6,"2015",316,"soft maple/birch","Acer rubrum L.","red maple","Aceraceae","tree","rubrum",0.744,"hw2",-1.9123,2.3651,"AceraceaeBelow0.50spg","hardwood","Hardwood",0.44,-2.047,2.3852,0.21103,0.95964,NA,"Check",969.161057572778,912.713993517974,NA
"Acer","ACRU","NEON.PLA.D05.TREE.01379","TREE_041","TREE","D05",2017-10-16,"Live","single bole tree",NA,130,NA,22.5,42.5,NA,43,"Acer rubrum L.",8.7,299.6,"2017",316,"soft maple/birch","Acer rubrum L.","red maple","Aceraceae","tree","rubrum",0.744,"hw2",-1.9123,2.3651,"AceraceaeBelow0.50spg","hardwood","Hardwood",0.44,-2.047,2.3852,0.21103,0.95964,NA,"Check",1049.06239804012,988.627009945418,NA
"Acer","ACRU","NEON.PLA.D05.TREE.01110","TREE_039","TREE","D05",2019-10-23,"Live","multi-bole tree",NA,130,NA,15.2,31.4,NA,41,"Acer rubrum L.",4.2,76.3,"2019",316,"soft maple/birch","Acer rubrum L.","red maple","Aceraceae","tree","rubrum",0.744,"hw2",-1.9123,2.3651,"AceraceaeBelow0.50spg","hardwood","Hardwood",0.44,-2.047,2.3852,0.21103,0.95964,NA,"Check",512.727926884453,480.259309510907,NA
"Acer","ACRU","NEON.PLA.D05.TREE.01110","TREE_039","TREE","D05",2021-09-30,"Live","multi-bole tree","Partially shaded",130,NA,18,31.8,NA,41,"Acer rubrum L.",4.2,76.3,"2021",316,"soft maple/birch","Acer rubrum L.","red maple","Aceraceae","tree","rubrum",0.744,"hw2",-1.9123,2.3651,"AceraceaeBelow0.50spg","hardwood","Hardwood",0.44,-2.047,2.3852,0.21103,0.95964,NA,"Check",528.310258524875,494.980810127429,NA
"Acer","ACRU","NEON.PLA.D05.TREE.00393","TREE_048","TREE","D05",2021-09-23,"Standing dead","small tree","Mostly shaded",130,NA,3,1.4,NA,NA,"Acer rubrum L.",NA,NA,"2021",316,"soft maple/birch","Acer rubrum L.","red maple","Aceraceae","tree","rubrum",0.744,"hw2",-1.9123,2.3651,"AceraceaeBelow0.50spg","hardwood","Hardwood",0.44,-2.047,2.3852,0.21103,0.95964,NA,"Check",0.162690887876099,0.142304800931639,NA
"Acer","ACRU","NEON.PLA.D05.TREE.00710","TREE_025","TREE","D05",2016-10-18,"Live","single bole tree",NA,130,NA,15.2,25.3,NA,41,"Acer rubrum L.",7,240.9,"2016",316,"soft maple/birch","Acer rubrum L.","red maple","Aceraceae","tree","rubrum",0.744,"hw2",-1.9123,2.3651,"AceraceaeBelow0.50spg","hardwood","Hardwood",0.44,-2.047,2.3852,0.21103,0.95964,NA,"Check",307.623144300243,286.89452649258,NA
"Acer","ACRU","NEON.PLA.D05.TREE.00807","TREE_025","TREE","D05",2017-10-18,"Live","single bole tree",NA,130,NA,20.3,24.7,NA,25,"Acer rubrum L.",5.6,353.1,"2017",316,"soft maple/birch","Acer rubrum L.","red maple","Aceraceae","tree","rubrum",0.744,"hw2",-1.9123,2.3651,"AceraceaeBelow0.50spg","hardwood","Hardwood",0.44,-2.047,2.3852,0.21103,0.95964,NA,"Check",290.647255512912,270.931791336788,NA
"Acer","ACRU","NEON.PLA.D05.TREE.00807","TREE_025","TREE","D05",2015-08-04,"Live","single bole tree","Full sun",130,NA,20.3,23.6,NA,25,"Acer rubrum L.",5.6,353.1,"2015",316,"soft maple/birch","Acer rubrum L.","red maple","Aceraceae","tree","rubrum",0.744,"hw2",-1.9123,2.3651,"AceraceaeBelow0.50spg","hardwood","Hardwood",0.44,-2.047,2.3852,0.21103,0.95964,NA,"Check",260.959337098024,243.035046576951,NA
"Acer","ACRU","NEON.PLA.D05.TREE.01278","TREE_039","TREE","D05",2017-10-17,"Live","single bole tree",NA,130,NA,19.9,26.3,NA,41,"Acer rubrum L.",1.6,142.1,"2017",316,"soft maple/birch","Acer rubrum L.","red maple","Aceraceae","tree","rubrum",0.744,"hw2",-1.9123,2.3651,"AceraceaeBelow0.50spg","hardwood","Hardwood",0.44,-2.047,2.3852,0.21103,0.95964,NA,"Check",337.159967273274,314.686162841566,NA
"Acer","ACRU","NEON.PLA.D05.TREE.00808","TREE_025","TREE","D05",2015-08-04,"Live","multi-bole tree","Full sun",130,NA,16.2,23.8,NA,25,"Acer rubrum L.",1.8,341.7,"2015",316,"soft maple/birch","Acer rubrum L.","red maple","Aceraceae","tree","rubrum",0.744,"hw2",-1.9123,2.3651,"AceraceaeBelow0.50spg","hardwood","Hardwood",0.44,-2.047,2.3852,0.21103,0.95964,NA,"Check",266.220088449297,247.97651572696,NA
"Acer","ACRU","NEON.PLA.D05.TREE.00808","TREE_025","TREE","D05",2017-10-18,"Live","multi-bole tree",NA,130,NA,17.5,25.1,NA,25,"Acer rubrum L.",1.8,341.7,"2017",316,"soft maple/birch","Acer rubrum L.","red maple","Aceraceae","tree","rubrum",0.744,"hw2",-1.9123,2.3651,"AceraceaeBelow0.50spg","hardwood","Hardwood",0.44,-2.047,2.3852,0.21103,0.95964,NA,"Check",301.902688790002,281.514621216081,NA
"Acer","ACRU","NEON.PLA.D05.TREE.01110A","TREE_039","TREE","D05",2018-10-17,"Live","multi-bole tree",NA,130,NA,15.2,29.9,NA,NA,"Acer rubrum L.",NA,NA,"2018",316,"soft maple/birch","Acer rubrum L.","red maple","Aceraceae","tree","rubrum",0.744,"hw2",-1.9123,2.3651,"AceraceaeBelow0.50spg","hardwood","Hardwood",0.44,-2.047,2.3852,0.21103,0.95964,NA,"Check",456.676422007491,427.33662322703,NA
"Acer","ACRU","NEON.PLA.D05.TREE.02410","TREE_012","TREE","D05",2017-10-30,"Live","small tree",NA,130,NA,2.9,1.2,NA,NA,"Acer rubrum L.",NA,NA,"2017",316,"soft maple/birch","Acer rubrum L.","red maple","Aceraceae","tree","rubrum",0.744,"hw2",-1.9123,2.3651,"AceraceaeBelow0.50spg","hardwood","Hardwood",0.44,-2.047,2.3852,0.21103,0.95964,NA,"Check",0.112986713722055,0.0985231002614041,NA
"Acer","ACRU","NEON.PLA.D05.TREE.00809","TREE_052","TREE","D05",2017-09-26,"Live","single bole tree",NA,130,NA,12.1,12.5,NA,21,"Acer rubrum L.",0.1,33.5,"2017",316,"soft maple/birch","Acer rubrum L.","red maple","Aceraceae","tree","rubrum",0.744,"hw2",-1.9123,2.3651,"AceraceaeBelow0.50spg","hardwood","Hardwood",0.44,-2.047,2.3852,0.21103,0.95964,NA,"Check",58.0497740994192,53.3763605917409,NA
"Acer","ACRU","NEON.PLA.D05.TREE.00809","TREE_052","TREE","D05",2015-08-03,"Live","single bole tree","Mostly shaded",130,NA,10.1,12.9,NA,21,"Acer rubrum L.",0.1,33.5,"2015",316,"soft maple/birch","Acer rubrum L.","red maple","Aceraceae","tree","rubrum",0.744,"hw2",-1.9123,2.3651,"AceraceaeBelow0.50spg","hardwood","Hardwood",0.44,-2.047,2.3852,0.21103,0.95964,NA,"Check",62.5394973108711,57.5410486732171,NA
"Acer","ACSA3","NEON.PLA.D05.TREE.00539","TREE_042","TREE","D05",2016-09-28,"Live, physically damaged","small tree",NA,130,NA,5.8,8.4,NA,NA,"Acer saccharum Marshall",NA,NA,"2016",318,"hard maple/oak/hickory/beech","Acer saccharum Marshall","sugar maple","Aceraceae","tree","saccharum",0.841,"hw4",-2.0127,2.4342,"AceraceaeAbove0.50spg","hardwood","Hardwood",0.56,-1.8011,2.3852,0.21103,0.95964,NA,"Check",15.5852777858815,17.498731642492,NA
"Acer","ACSA3","NEON.PLA.D05.TREE.00068","TREE_049","TREE","D05",2017-09-18,"Live","single bole tree",NA,130,NA,15.9,25,NA,23,"Acer saccharum Marshall",4,82.4,"2017",318,"hard maple/oak/hickory/beech","Acer saccharum Marshall","sugar maple","Aceraceae","tree","saccharum",0.841,"hw4",-2.0127,2.4342,"AceraceaeAbove0.50spg","hardwood","Hardwood",0.56,-1.8011,2.3852,0.21103,0.95964,NA,"Check",337.878895145991,356.581425919562,NA
"Acer","ACSA3","NEON.PLA.D05.TREE.00148","TREE_049","TREE","D05",2018-10-10,"Dead, broken bole","single bole tree",NA,130,NA,5.4,13.5,NA,23,"Acer saccharum Marshall",4.5,74.6,"2018",318,"hard maple/oak/hickory/beech","Acer saccharum Marshall","sugar maple","Aceraceae","tree","saccharum",0.841,"hw4",-2.0127,2.4342,"AceraceaeAbove0.50spg","hardwood","Hardwood",0.56,-1.8011,2.3852,0.21103,0.95964,NA,"Check",75.3969808404766,82.0095281710613,NA
"Acer","ACSA3","NEON.PLA.D05.TREE.00562","TREE_053","TREE","D05",2017-08-30,"Live","single bole tree",NA,130,NA,21.1,33.1,NA,41,"Acer saccharum Marshall",9.5,62.8,"2017",318,"hard maple/oak/hickory/beech","Acer saccharum Marshall","sugar maple","Aceraceae","tree","saccharum",0.841,"hw4",-2.0127,2.4342,"AceraceaeAbove0.50spg","hardwood","Hardwood",0.56,-1.8011,2.3852,0.21103,0.95964,NA,"Check",669.053425695804,696.443580157621,NA
"Acer","ACSA3","NEON.PLA.D05.TREE.00714","TREE_051","TREE","D05",2017-09-26,"Live","single bole tree",NA,130,NA,12,16.7,NA,59,"Acer saccharum Marshall",9.4,210.8,"2017",318,"hard maple/oak/hickory/beech","Acer saccharum Marshall","sugar maple","Aceraceae","tree","saccharum",0.841,"hw4",-2.0127,2.4342,"AceraceaeAbove0.50spg","hardwood","Hardwood",0.56,-1.8011,2.3852,0.21103,0.95964,NA,"Check",126.541194682436,136.21205203379,NA
"Acer","ACSA3","NEON.PLA.D05.TREE.00715","TREE_051","TREE","D05",2018-10-09,"Standing dead","single bole tree",NA,130,NA,13.2,14.2,NA,59,"Acer saccharum Marshall",11.4,218.5,"2018",318,"hard maple/oak/hickory/beech","Acer saccharum Marshall","sugar maple","Aceraceae","tree","saccharum",0.841,"hw4",-2.0127,2.4342,"AceraceaeAbove0.50spg","hardwood","Hardwood",0.56,-1.8011,2.3852,0.21103,0.95964,NA,"Check",85.2699059892735,92.518880201864,NA
"Acer","ACSA3","NEON.PLA.D05.TREE.00563","TREE_046","TREE","D05",2017-09-25,"Live","single bole tree",NA,130,NA,12.2,19.4,NA,57,"Acer saccharum Marshall",8.9,135.5,"2017",318,"hard maple/oak/hickory/beech","Acer saccharum Marshall","sugar maple","Aceraceae","tree","saccharum",0.841,"hw4",-2.0127,2.4342,"AceraceaeAbove0.50spg","hardwood","Hardwood",0.56,-1.8011,2.3852,0.21103,0.95964,NA,"Check",182.2478725238,194.740775385697,NA
"Acer","ACSA3","NEON.PLA.D05.TREE.00150","TREE_051","TREE","D05",2015-08-03,"Live","single bole tree","Full sun",130,NA,18,21.6,NA,59,"Acer saccharum Marshall",7.3,94.6,"2015",318,"hard maple/oak/hickory/beech","Acer saccharum Marshall","sugar maple","Aceraceae","tree","saccharum",0.841,"hw4",-2.0127,2.4342,"AceraceaeAbove0.50spg","hardwood","Hardwood",0.56,-1.8011,2.3852,0.21103,0.95964,NA,"Check",236.713385786854,251.611968738814,NA
"Acer","ACSA3","NEON.PLA.D05.TREE.00715","TREE_051","TREE","D05",2017-09-26,"Live","single bole tree",NA,130,NA,13.2,14,NA,59,"Acer saccharum Marshall",11.4,218.5,"2017",318,"hard maple/oak/hickory/beech","Acer saccharum Marshall","sugar maple","Aceraceae","tree","saccharum",0.841,"hw4",-2.0127,2.4342,"AceraceaeAbove0.50spg","hardwood","Hardwood",0.56,-1.8011,2.3852,0.21103,0.95964,NA,"Check",82.3759356969086,89.4410315345985,NA
"Acer","ACSA3","NEON.PLA.D05.TREE.00015","TREE_055","TREE","D05",2015-07-29,"Live","single bole tree","Mostly shaded",130,NA,14.7,18,NA,41,"Acer saccharum Marshall",8.9,277.9,"2015",318,"hard maple/oak/hickory/beech","Acer saccharum Marshall","sugar maple","Aceraceae","tree","saccharum",0.841,"hw4",-2.0127,2.4342,"AceraceaeAbove0.50spg","hardwood","Hardwood",0.56,-1.8011,2.3852,0.21103,0.95964,NA,"Check",151.872739961301,162.880160204249,NA
"Acer","ACSA3","NEON.PLA.D05.TREE.00016","TREE_055","TREE","D05",2015-07-29,"Live","small tree","Mostly shaded",130,NA,8.4,7,NA,NA,"Acer saccharum Marshall",NA,NA,"2015",318,"hard maple/oak/hickory/beech","Acer saccharum Marshall","sugar maple","Aceraceae","tree","saccharum",0.841,"hw4",-2.0127,2.4342,"AceraceaeAbove0.50spg","hardwood","Hardwood",0.56,-1.8011,2.3852,0.21103,0.95964,NA,"Check",9.99934512588625,11.3277449701088,NA
"Acer","ACSA3","NEON.PLA.D05.TREE.00150","TREE_051","TREE","D05",2016-09-28,"Live, physically damaged","single bole tree",NA,130,NA,18.5,21.7,NA,59,"Acer saccharum Marshall",7.3,94.6,"2016",318,"hard maple/oak/hickory/beech","Acer saccharum Marshall","sugar maple","Aceraceae","tree","saccharum",0.841,"hw4",-2.0127,2.4342,"AceraceaeAbove0.50spg","hardwood","Hardwood",0.56,-1.8011,2.3852,0.21103,0.95964,NA,"Check",239.389876346729,254.399331536726,NA
"Acer","ACSA3","NEON.PLA.D05.TREE.00515","TREE_042","TREE","D05",2018-10-10,"Live","single bole tree",NA,130,NA,13.3,11.7,NA,25,"Acer saccharum Marshall",8.2,325.2,"2018",318,"hard maple/oak/hickory/beech","Acer saccharum Marshall","sugar maple","Aceraceae","tree","saccharum",0.841,"hw4",-2.0127,2.4342,"AceraceaeAbove0.50spg","hardwood","Hardwood",0.56,-1.8011,2.3852,0.21103,0.95964,NA,"Check",53.2198346547136,58.2947073064923,NA
"Acer","ACSA3","NEON.PLA.D05.TREE.00123","TREE_049","TREE","D05",2016-09-28,"Live,  other damage","single bole tree",NA,130,NA,21.1,41.9,NA,25,"Acer saccharum Marshall",3.9,274,"2016",318,"hard maple/oak/hickory/beech","Acer saccharum Marshall","sugar maple","Aceraceae","tree","saccharum",0.841,"hw4",-2.0127,2.4342,"AceraceaeAbove0.50spg","hardwood","Hardwood",0.56,-1.8011,2.3852,0.21103,0.95964,NA,"Check",1187.6510881103,1222.07285128276,NA
"Acer","ACSA3","NEON.PLA.D05.TREE.00151","TREE_049","TREE","D05",2016-09-28,"Live","small tree",NA,130,NA,11.4,9.4,NA,21,"Acer saccharum Marshall",3.9,32.5,"2016",318,"hard maple/oak/hickory/beech","Acer saccharum Marshall","sugar maple","Aceraceae","tree","saccharum",0.841,"hw4",-2.0127,2.4342,"AceraceaeAbove0.50spg","hardwood","Hardwood",0.56,-1.8011,2.3852,0.21103,0.95964,NA,"Check",20.4937639897056,22.8833800898533,NA
"Acer","ACSA3","NEON.PLA.D05.TREE.00277","TREE_056","TREE","D05",2015-07-29,"Live","small tree","Mostly shaded",130,NA,11.8,7.6,NA,NA,"Acer saccharum Marshall",NA,NA,"2015",318,"hard maple/oak/hickory/beech","Acer saccharum Marshall","sugar maple","Aceraceae","tree","saccharum",0.841,"hw4",-2.0127,2.4342,"AceraceaeAbove0.50spg","hardwood","Hardwood",0.56,-1.8011,2.3852,0.21103,0.95964,NA,"Check",12.2154748973687,13.7826331933335,NA
"Acer","ACSA3","NEON.PLA.D05.TREE.02087","TREE_003","TREE","D05",2018-04-25,"Live","single bole tree","Mostly shaded",130,NA,16.5,21,NA,49,"Acer saccharum Marshall",1.2,164.9,"2018",318,"hard maple/oak/hickory/beech","Acer saccharum Marshall","sugar maple","Aceraceae","tree","saccharum",0.841,"hw4",-2.0127,2.4342,"AceraceaeAbove0.50spg","hardwood","Hardwood",0.56,-1.8011,2.3852,0.21103,0.95964,NA,"Check",221.025154853372,235.260854683632,NA
"Acer","ACSA3","NEON.PLA.D05.TREE.00525","TREE_042","TREE","D05",2021-10-04,"Live","small tree","Full shade",130,NA,11.4,9.2,NA,NA,"Acer saccharum Marshall",NA,NA,"2021",318,"hard maple/oak/hickory/beech","Acer saccharum Marshall","sugar maple","Aceraceae","tree","saccharum",0.841,"hw4",-2.0127,2.4342,"AceraceaeAbove0.50spg","hardwood","Hardwood",0.56,-1.8011,2.3852,0.21103,0.95964,NA,"Check",19.448505702819,21.7391392090064,NA
"Acer","ACSA3","NEON.PLA.D05.TREE.00564","TREE_042","TREE","D05",2016-09-28,"Live","single bole tree",NA,130,NA,23.2,31.8,NA,59,"Acer saccharum Marshall",9.8,162.8,"2016",318,"hard maple/oak/hickory/beech","Acer saccharum Marshall","sugar maple","Aceraceae","tree","saccharum",0.841,"hw4",-2.0127,2.4342,"AceraceaeAbove0.50spg","hardwood","Hardwood",0.56,-1.8011,2.3852,0.21103,0.95964,NA,"Check",606.88107093587,632.967447073664,NA
"Acer","ACSA3","NEON.PLA.D05.TREE.00080","TREE_049","TREE","D05",2021-09-23,"Live","single bole tree","Mostly shaded",130,NA,14.9,13.6,NA,39,"Acer saccharum Marshall",7.9,148.5,"2021",318,"hard maple/oak/hickory/beech","Acer saccharum Marshall","sugar maple","Aceraceae","tree","saccharum",0.841,"hw4",-2.0127,2.4342,"AceraceaeAbove0.50spg","hardwood","Hardwood",0.56,-1.8011,2.3852,0.21103,0.95964,NA,"Check",76.7637013300187,83.465925410037,NA
"Acer","ACSA3","NEON.PLA.D05.TREE.00151","TREE_049","TREE","D05",2021-09-23,"Live","small tree",NA,130,NA,NA,5.2,NA,21,"Acer saccharum Marshall",3.9,32.5,"2021",318,"hard maple/oak/hickory/beech","Acer saccharum Marshall","sugar maple","Aceraceae","tree","saccharum",0.841,"hw4",-2.0127,2.4342,"AceraceaeAbove0.50spg","hardwood","Hardwood",0.56,-1.8011,2.3852,0.21103,0.95964,NA,"Check",4.84986051631252,5.57476793064877,NA
"Acer","ACSA3","NEON.PLA.D05.TREE.00151","TREE_049","TREE","D05",2022-09-20,"Live","multi-bole tree","Full shade",130,NA,12.3,10,NA,21,"Acer saccharum Marshall",3.9,32.5,"2022",318,"hard maple/oak/hickory/beech","Acer saccharum Marshall","sugar maple","Aceraceae","tree","saccharum",0.841,"hw4",-2.0127,2.4342,"AceraceaeAbove0.50spg","hardwood","Hardwood",0.56,-1.8011,2.3852,0.21103,0.95964,NA,"Check",23.8250548555454,26.5225708257094,NA
"Acer","ACSA3","NEON.PLA.D05.TREE.00151","TREE_049","TREE","D05",2018-10-10,"Live","small tree",NA,130,NA,11,9.8,NA,21,"Acer saccharum Marshall",3.9,32.5,"2018",318,"hard maple/oak/hickory/beech","Acer saccharum Marshall","sugar maple","Aceraceae","tree","saccharum",0.841,"hw4",-2.0127,2.4342,"AceraceaeAbove0.50spg","hardwood","Hardwood",0.56,-1.8011,2.3852,0.21103,0.95964,NA,"Check",22.6817428653426,25.2748189646291,NA
"Acer","ACSA3","NEON.PLA.D05.TREE.00203","TREE_054","TREE","D05",2017-08-30,"Live","single bole tree",NA,130,NA,18,35.6,NA,43,"Acer saccharum Marshall",9.3,339.9,"2017",318,"hard maple/oak/hickory/beech","Acer saccharum Marshall","sugar maple","Aceraceae","tree","saccharum",0.841,"hw4",-2.0127,2.4342,"AceraceaeAbove0.50spg","hardwood","Hardwood",0.56,-1.8011,2.3852,0.21103,0.95964,NA,"Check",798.794528344378,828.53477996054,NA
"Acer","ACSA3","NEON.PLA.D05.TREE.00260","TREE_056","TREE","D05",2021-09-22,"Live","single bole tree","Full shade",130,NA,14,14.5,NA,59,"Acer saccharum Marshall",12.4,134.3,"2021",318,"hard maple/oak/hickory/beech","Acer saccharum Marshall","sugar maple","Aceraceae","tree","saccharum",0.841,"hw4",-2.0127,2.4342,"AceraceaeAbove0.50spg","hardwood","Hardwood",0.56,-1.8011,2.3852,0.21103,0.95964,NA,"Check",89.7216986652856,97.2494530785856,NA
"Acer","ACSA3","NEON.PLA.D05.TREE.00204","TREE_054","TREE","D05",2021-09-20,"Live","single bole tree","Partially shaded",130,NA,18.5,28.3,NA,43,"Acer saccharum Marshall",10.5,325.5,"2021",318,"hard maple/oak/hickory/beech","Acer saccharum Marshall","sugar maple","Aceraceae","tree","saccharum",0.841,"hw4",-2.0127,2.4342,"AceraceaeAbove0.50spg","hardwood","Hardwood",0.56,-1.8011,2.3852,0.21103,0.95964,NA,"Check",456.913550167974,479.28431290368,NA
"Acer","ACSA3","NEON.PLA.D05.TREE.00047","TREE_054","TREE","D05",2017-08-30,"Live","single bole tree",NA,130,NA,15.7,28.2,NA,39,"Acer saccharum Marshall",9,140.7,"2017",318,"hard maple/oak/hickory/beech","Acer saccharum Marshall","sugar maple","Aceraceae","tree","saccharum",0.841,"hw4",-2.0127,2.4342,"AceraceaeAbove0.50spg","hardwood","Hardwood",0.56,-1.8011,2.3852,0.21103,0.95964,NA,"Check",452.993401300533,475.254657674165,NA
"Acer","ACSA3","NEON.PLA.D05.TREE.00347","TREE_054","TREE","D05",2015-07-30,"Live","single bole tree","Partially shaded",130,NA,15.9,22.5,NA,59,"Acer saccharum Marshall",4.2,145.2,"2015",318,"hard maple/oak/hickory/beech","Acer saccharum Marshall","sugar maple","Aceraceae","tree","saccharum",0.841,"hw4",-2.0127,2.4342,"AceraceaeAbove0.50spg","hardwood","Hardwood",0.56,-1.8011,2.3852,0.21103,0.95964,NA,"Check",261.443700450106,277.343473761518,NA
"Acer","ACSA3","NEON.PLA.D05.TREE.00567","TREE_053","TREE","D05",2017-08-30,"Live","single bole tree",NA,130,NA,13.7,14.4,NA,59,"Acer saccharum Marshall",11.6,108.2,"2017",318,"hard maple/oak/hickory/beech","Acer saccharum Marshall","sugar maple","Aceraceae","tree","saccharum",0.841,"hw4",-2.0127,2.4342,"AceraceaeAbove0.50spg","hardwood","Hardwood",0.56,-1.8011,2.3852,0.21103,0.95964,NA,"Check",88.2229294629901,95.6573674813582,NA
"Acer","ACSA3","NEON.PLA.D05.TREE.00512","TREE_042","TREE","D05",2020-10-06,"Live","single bole tree","Partially shaded",130,NA,19.5,41.5,NA,43,"Acer saccharum Marshall",6.2,301.4,"2020",318,"hard maple/oak/hickory/beech","Acer saccharum Marshall","sugar maple","Aceraceae","tree","saccharum",0.841,"hw4",-2.0127,2.4342,"AceraceaeAbove0.50spg","hardwood","Hardwood",0.56,-1.8011,2.3852,0.21103,0.95964,NA,"Check",1160.24090652773,1194.42952165674,NA
"Acer","ACSA3","NEON.PLA.D05.TREE.00643","TREE_053","TREE","D05",2017-08-30,"Live","single bole tree",NA,130,NA,18.3,27.7,NA,25,"Acer saccharum Marshall",6.9,330.4,"2017",318,"hard maple/oak/hickory/beech","Acer saccharum Marshall","sugar maple","Aceraceae","tree","saccharum",0.841,"hw4",-2.0127,2.4342,"AceraceaeAbove0.50spg","hardwood","Hardwood",0.56,-1.8011,2.3852,0.21103,0.95964,NA,"Check",433.690341328293,455.402021214959,NA
"Acer","ACSA3","NEON.PLA.D05.TREE.01463","TREE_041","TREE","D05",2018-10-10,"Live","single bole tree",NA,130,NA,20.6,20.7,NA,21,"Acer saccharum Marshall",2.4,78.1,"2018",318,"hard maple/oak/hickory/beech","Acer saccharum Marshall","sugar maple","Aceraceae","tree","saccharum",0.841,"hw4",-2.0127,2.4342,"AceraceaeAbove0.50spg","hardwood","Hardwood",0.56,-1.8011,2.3852,0.21103,0.95964,NA,"Check",213.417737335723,227.323679308143,NA
"Acer","ACSA3","NEON.PLA.D05.TREE.00178","TREE_049","TREE","D05",2021-09-23,"Live","single bole tree","Partially shaded",140,NA,23.1,41.8,NA,21,"Acer saccharum Marshall",6.8,73.6,"2021",318,"hard maple/oak/hickory/beech","Acer saccharum Marshall","sugar maple","Aceraceae","tree","saccharum",0.841,"hw4",-2.0127,2.4342,"AceraceaeAbove0.50spg","hardwood","Hardwood",0.56,-1.8011,2.3852,0.21103,0.95964,NA,"Check",1180.76317831735,1215.12757352498,NA
"Acer","ACSA3","NEON.PLA.D05.TREE.00568","TREE_053","TREE","D05",2018-10-09,"Live","single bole tree",NA,140,NA,17.9,22,NA,41,"Acer saccharum Marshall",10.6,107,"2018",318,"hard maple/oak/hickory/beech","Acer saccharum Marshall","sugar maple","Aceraceae","tree","saccharum",0.841,"hw4",-2.0127,2.4342,"AceraceaeAbove0.50spg","hardwood","Hardwood",0.56,-1.8011,2.3852,0.21103,0.95964,NA,"Check",247.525978457426,262.868645264899,NA
"Acer","ACSA3","NEON.PLA.D05.TREE.00347","TREE_054","TREE","D05",2018-10-09,"Live","single bole tree",NA,130,NA,14.5,22.8,NA,59,"Acer saccharum Marshall",4.2,145.2,"2018",318,"hard maple/oak/hickory/beech","Acer saccharum Marshall","sugar maple","Aceraceae","tree","saccharum",0.841,"hw4",-2.0127,2.4342,"AceraceaeAbove0.50spg","hardwood","Hardwood",0.56,-1.8011,2.3852,0.21103,0.95964,NA,"Check",270.010405362331,286.245327151243,NA
"Acer","ACSA3","NEON.PLA.D05.TREE.00569","TREE_053","TREE","D05",2015-07-27,"Live","single bole tree","Full sun",130,NA,18.6,39.3,NA,59,"Acer saccharum Marshall",19.8,90.7,"2015",318,"hard maple/oak/hickory/beech","Acer saccharum Marshall","sugar maple","Aceraceae","tree","saccharum",0.841,"hw4",-2.0127,2.4342,"AceraceaeAbove0.50spg","hardwood","Hardwood",0.56,-1.8011,2.3852,0.21103,0.95964,NA,"Check",1016.16876725431,1048.90781166318,NA
"Acer","ACSA3","NEON.PLA.D05.TREE.00569","TREE_053","TREE","D05",2018-10-09,"Live","single bole tree",NA,130,NA,19.4,39.9,NA,59,"Acer saccharum Marshall",19.8,90.7,"2018",318,"hard maple/oak/hickory/beech","Acer saccharum Marshall","sugar maple","Aceraceae","tree","saccharum",0.841,"hw4",-2.0127,2.4342,"AceraceaeAbove0.50spg","hardwood","Hardwood",0.56,-1.8011,2.3852,0.21103,0.95964,NA,"Check",1054.34736975553,1087.50874874809,NA
"Acer","ACSA3","NEON.PLA.D05.TREE.00545","TREE_046","TREE","D05",2015-07-28,"Live","single bole tree","Full sun",130,NA,20.7,42.9,NA,59,"Acer saccharum Marshall",6.5,253.8,"2015",318,"hard maple/oak/hickory/beech","Acer saccharum Marshall","sugar maple","Aceraceae","tree","saccharum",0.841,"hw4",-2.0127,2.4342,"AceraceaeAbove0.50spg","hardwood","Hardwood",0.56,-1.8011,2.3852,0.21103,0.95964,NA,"Check",1257.83315174203,1292.79404208142,NA
"Acer","ACSA3","NEON.PLA.D05.TREE.01465","TREE_041","TREE","D05",2017-10-16,"Live","single bole tree",NA,130,NA,22.5,31.3,NA,23,"Acer saccharum Marshall",10.9,308.3,"2017",318,"hard maple/oak/hickory/beech","Acer saccharum Marshall","sugar maple","Aceraceae","tree","saccharum",0.841,"hw4",-2.0127,2.4342,"AceraceaeAbove0.50spg","hardwood","Hardwood",0.56,-1.8011,2.3852,0.21103,0.95964,NA,"Check",583.91485329537,609.487162447371,NA
"Acer","ACSA3","NEON.PLA.D05.TREE.00645","TREE_053","TREE","D05",2015-07-27,"Live","single bole tree","Mostly shaded",130,NA,13.9,17.5,NA,43,"Acer saccharum Marshall",8.4,180.5,"2015",318,"hard maple/oak/hickory/beech","Acer saccharum Marshall","sugar maple","Aceraceae","tree","saccharum",0.841,"hw4",-2.0127,2.4342,"AceraceaeAbove0.50spg","hardwood","Hardwood",0.56,-1.8011,2.3852,0.21103,0.95964,NA,"Check",141.807341212963,152.295321612607,NA
"Acer","ACSA3","NEON.PLA.D05.TREE.00130","TREE_055","TREE","D05",2017-09-14,"Live","single bole tree",NA,130,NA,21.9,28.9,NA,59,"Acer saccharum Marshall",7.8,22.8,"2017",318,"hard maple/oak/hickory/beech","Acer saccharum Marshall","sugar maple","Aceraceae","tree","saccharum",0.841,"hw4",-2.0127,2.4342,"AceraceaeAbove0.50spg","hardwood","Hardwood",0.56,-1.8011,2.3852,0.21103,0.95964,NA,"Check",480.853769724272,503.878401792058,NA
"Acer","ACSA3","NEON.PLA.D05.TREE.00130","TREE_055","TREE","D05",2018-10-10,"Live","single bole tree",NA,130,NA,21.5,29.4,NA,59,"Acer saccharum Marshall",7.8,22.8,"2018",318,"hard maple/oak/hickory/beech","Acer saccharum Marshall","sugar maple","Aceraceae","tree","saccharum",0.841,"hw4",-2.0127,2.4342,"AceraceaeAbove0.50spg","hardwood","Hardwood",0.56,-1.8011,2.3852,0.21103,0.95964,NA,"Check",501.35640544884,524.921379081473,NA
"Acer","ACSA3","NEON.PLA.D05.TREE.00131","TREE_055","TREE","D05",2015-07-29,"Live","single bole tree","Full sun",130,NA,23.5,39.2,NA,57,"Acer saccharum Marshall",9.6,144.2,"2015",318,"hard maple/oak/hickory/beech","Acer saccharum Marshall","sugar maple","Aceraceae","tree","saccharum",0.841,"hw4",-2.0127,2.4342,"AceraceaeAbove0.50spg","hardwood","Hardwood",0.56,-1.8011,2.3852,0.21103,0.95964,NA,"Check",1009.88620689951,1042.55298410064,NA
"Acer","ACSA3","NEON.PLA.D05.TREE.00023","TREE_049","TREE","D05",2021-09-23,"Live","single bole tree","Partially shaded",130,NA,22.3,38.6,NA,23,"Acer saccharum Marshall",9.5,326.5,"2021",318,"hard maple/oak/hickory/beech","Acer saccharum Marshall","sugar maple","Aceraceae","tree","saccharum",0.841,"hw4",-2.0127,2.4342,"AceraceaeAbove0.50spg","hardwood","Hardwood",0.56,-1.8011,2.3852,0.21103,0.95964,NA,"Check",972.671774124112,1004.89398748343,NA
"Acer","ACSA3","NEON.PLA.D05.TREE.00618","TREE_042","TREE","D05",2016-09-28,"Live","single bole tree",NA,130,NA,13.4,15.5,NA,61,"Acer saccharum Marshall",8,191.9,"2016",318,"hard maple/oak/hickory/beech","Acer saccharum Marshall","sugar maple","Aceraceae","tree","saccharum",0.841,"hw4",-2.0127,2.4342,"AceraceaeAbove0.50spg","hardwood","Hardwood",0.56,-1.8011,2.3852,0.21103,0.95964,NA,"Check",105.536069580076,114.017463478061,NA
"Acer","ACSA3","NEON.PLA.D05.TREE.00618","TREE_042","TREE","D05",2020-10-06,"Live","single bole tree","Mostly shaded",130,NA,11.6,15.4,NA,61,"Acer saccharum Marshall",8,191.9,"2020",318,"hard maple/oak/hickory/beech","Acer saccharum Marshall","sugar maple","Aceraceae","tree","saccharum",0.841,"hw4",-2.0127,2.4342,"AceraceaeAbove0.50spg","hardwood","Hardwood",0.56,-1.8011,2.3852,0.21103,0.95964,NA,"Check",103.886337354745,112.270752098901,NA
"Acer","ACSA3","NEON.PLA.D05.TREE.00618","TREE_042","TREE","D05",2019-10-23,"Live","single bole tree",NA,130,NA,12.3,15.6,NA,61,"Acer saccharum Marshall",8,191.9,"2019",318,"hard maple/oak/hickory/beech","Acer saccharum Marshall","sugar maple","Aceraceae","tree","saccharum",0.841,"hw4",-2.0127,2.4342,"AceraceaeAbove0.50spg","hardwood","Hardwood",0.56,-1.8011,2.3852,0.21103,0.95964,NA,"Check",107.201137488513,115.7798548156,NA
"Acer","ACSA3","NEON.PLA.D05.TREE.00208","TREE_051","TREE","D05",2018-10-09,"Live","single bole tree",NA,130,NA,13,15.6,NA,59,"Acer saccharum Marshall",5.7,117.7,"2018",318,"hard maple/oak/hickory/beech","Acer saccharum Marshall","sugar maple","Aceraceae","tree","saccharum",0.841,"hw4",-2.0127,2.4342,"AceraceaeAbove0.50spg","hardwood","Hardwood",0.56,-1.8011,2.3852,0.21103,0.95964,NA,"Check",107.201137488513,115.7798548156,NA
"Acer","ACSA3","NEON.PLA.D05.TREE.00180A","TREE_049","TREE","D05",2022-09-20,"Live","multi-bole tree",NA,130,NA,NA,16.7,NA,NA,"Acer saccharum Marshall",NA,NA,"2022",318,"hard maple/oak/hickory/beech","Acer saccharum Marshall","sugar maple","Aceraceae","tree","saccharum",0.841,"hw4",-2.0127,2.4342,"AceraceaeAbove0.50spg","hardwood","Hardwood",0.56,-1.8011,2.3852,0.21103,0.95964,NA,"Check",126.541194682436,136.21205203379,NA
"Acer","ACSA3","NEON.PLA.D05.TREE.00180A","TREE_049","TREE","D05",2021-09-23,"Live","multi-bole tree",NA,130,NA,NA,16.4,NA,NA,"Acer saccharum Marshall",NA,NA,"2021",318,"hard maple/oak/hickory/beech","Acer saccharum Marshall","sugar maple","Aceraceae","tree","saccharum",0.841,"hw4",-2.0127,2.4342,"AceraceaeAbove0.50spg","hardwood","Hardwood",0.56,-1.8011,2.3852,0.21103,0.95964,NA,"Check",121.078878936372,130.448099129603,NA
"Acer","ACSA3","NEON.PLA.D05.TREE.00107","TREE_056","TREE","D05",2017-09-25,"Live","single bole tree",NA,130,NA,18.5,31.1,NA,39,"Acer saccharum Marshall",4.4,119.2,"2017",318,"hard maple/oak/hickory/beech","Acer saccharum Marshall","sugar maple","Aceraceae","tree","saccharum",0.841,"hw4",-2.0127,2.4342,"AceraceaeAbove0.50spg","hardwood","Hardwood",0.56,-1.8011,2.3852,0.21103,0.95964,NA,"Check",574.874222539862,600.239108694105,NA
"Acer","ACSA3","NEON.PLA.D05.TREE.00107","TREE_056","TREE","D05",2015-07-29,"Live","single bole tree","Partially shaded",130,NA,17.6,31.3,NA,39,"Acer saccharum Marshall",4.4,119.2,"2015",318,"hard maple/oak/hickory/beech","Acer saccharum Marshall","sugar maple","Aceraceae","tree","saccharum",0.841,"hw4",-2.0127,2.4342,"AceraceaeAbove0.50spg","hardwood","Hardwood",0.56,-1.8011,2.3852,0.21103,0.95964,NA,"Check",583.91485329537,609.487162447371,NA
"Acer","ACSA3","NEON.PLA.D05.TREE.00025","TREE_049","TREE","D05",2016-09-28,"Live","single bole tree",NA,130,NA,14.6,13.4,NA,25,"Acer saccharum Marshall",7,302.1,"2016",318,"hard maple/oak/hickory/beech","Acer saccharum Marshall","sugar maple","Aceraceae","tree","saccharum",0.841,"hw4",-2.0127,2.4342,"AceraceaeAbove0.50spg","hardwood","Hardwood",0.56,-1.8011,2.3852,0.21103,0.95964,NA,"Check",74.0447031678835,80.5679982829085,NA
"Acer","ACSA3","NEON.PLA.D05.TREE.00597","TREE_046","TREE","D05",2015-07-28,"Live","single bole tree","Full sun",130,NA,20.3,26.7,NA,59,"Acer saccharum Marshall",3.1,214,"2015",318,"hard maple/oak/hickory/beech","Acer saccharum Marshall","sugar maple","Aceraceae","tree","saccharum",0.841,"hw4",-2.0127,2.4342,"AceraceaeAbove0.50spg","hardwood","Hardwood",0.56,-1.8011,2.3852,0.21103,0.95964,NA,"Check",396.560276481515,417.16404436656,NA
"Acer","ACSA3","NEON.PLA.D05.TREE.00181","TREE_055","TREE","D05",2017-09-14,"Live","single bole tree",NA,130,NA,22.3,34.2,NA,41,"Acer saccharum Marshall",11.9,113.1,"2017",318,"hard maple/oak/hickory/beech","Acer saccharum Marshall","sugar maple","Aceraceae","tree","saccharum",0.841,"hw4",-2.0127,2.4342,"AceraceaeAbove0.50spg","hardwood","Hardwood",0.56,-1.8011,2.3852,0.21103,0.95964,NA,"Check",724.472397822734,752.924235771446,NA
"Acer","ACSA3","NEON.PLA.D05.TREE.00557","TREE_046","TREE","D05",2018-10-10,"Live","single bole tree",NA,130,NA,19.8,29.3,NA,43,"Acer saccharum Marshall",8.3,263.4,"2018",318,"hard maple/oak/hickory/beech","Acer saccharum Marshall","sugar maple","Aceraceae","tree","saccharum",0.841,"hw4",-2.0127,2.4342,"AceraceaeAbove0.50spg","hardwood","Hardwood",0.56,-1.8011,2.3852,0.21103,0.95964,NA,"Check",497.215498893679,520.672759276331,NA
"Acer","ACSA3","NEON.PLA.D05.TREE.00151","TREE_049","TREE","D05",2017-09-18,"Live","small tree",NA,130,NA,10.9,9.1,NA,21,"Acer saccharum Marshall",3.9,32.5,"2017",318,"hard maple/oak/hickory/beech","Acer saccharum Marshall","sugar maple","Aceraceae","tree","saccharum",0.841,"hw4",-2.0127,2.4342,"AceraceaeAbove0.50spg","hardwood","Hardwood",0.56,-1.8011,2.3852,0.21103,0.95964,NA,"Check",18.9379282335194,21.1797654730535,NA
"Acer","ACSA3","NEON.PLA.D05.TREE.00016","TREE_055","TREE","D05",2018-10-10,"Live","small tree",NA,130,NA,11,7.8,NA,NA,"Acer saccharum Marshall",NA,NA,"2018",318,"hard maple/oak/hickory/beech","Acer saccharum Marshall","sugar maple","Aceraceae","tree","saccharum",0.841,"hw4",-2.0127,2.4342,"AceraceaeAbove0.50spg","hardwood","Hardwood",0.56,-1.8011,2.3852,0.21103,0.95964,NA,"Check",13.012795090781,14.6635682250601,NA
"Acer","ACSA3","NEON.PLA.D05.TREE.00080","TREE_049","TREE","D05",2015-07-28,"Live","single bole tree","Mostly shaded",130,NA,11.9,12.1,NA,39,"Acer saccharum Marshall",7.9,148.5,"2015",318,"hard maple/oak/hickory/beech","Acer saccharum Marshall","sugar maple","Aceraceae","tree","saccharum",0.841,"hw4",-2.0127,2.4342,"AceraceaeAbove0.50spg","hardwood","Hardwood",0.56,-1.8011,2.3852,0.21103,0.95964,NA,"Check",57.7579332767949,63.161418347023,NA
"Acer","ACSA3","NEON.PLA.D05.TREE.00657","TREE_046","TREE","D05",2021-09-21,"Live","single bole tree","Full shade",130,NA,14.1,14.1,NA,25,"Acer saccharum Marshall",7.5,344.7,"2021",318,"hard maple/oak/hickory/beech","Acer saccharum Marshall","sugar maple","Aceraceae","tree","saccharum",0.841,"hw4",-2.0127,2.4342,"AceraceaeAbove0.50spg","hardwood","Hardwood",0.56,-1.8011,2.3852,0.21103,0.95964,NA,"Check",83.8155617894535,90.9723966259068,NA
"Acer","ACSA3","NEON.PLA.D05.TREE.00525","TREE_042","TREE","D05",2019-10-23,"Live","small tree",NA,130,NA,6.7,9.3,NA,NA,"Acer saccharum Marshall",NA,NA,"2019",318,"hard maple/oak/hickory/beech","Acer saccharum Marshall","sugar maple","Aceraceae","tree","saccharum",0.841,"hw4",-2.0127,2.4342,"AceraceaeAbove0.50spg","hardwood","Hardwood",0.56,-1.8011,2.3852,0.21103,0.95964,NA,"Check",19.9671050400866,22.3069989436384,NA
"Acer","ACSA3","NEON.PLA.D05.TREE.00525","TREE_042","TREE","D05",2018-10-10,"Live","small tree",NA,130,NA,11.2,9,NA,NA,"Acer saccharum Marshall",NA,NA,"2018",318,"hard maple/oak/hickory/beech","Acer saccharum Marshall","sugar maple","Aceraceae","tree","saccharum",0.841,"hw4",-2.0127,2.4342,"AceraceaeAbove0.50spg","hardwood","Hardwood",0.56,-1.8011,2.3852,0.21103,0.95964,NA,"Check",18.4353346549484,20.6288420854189,NA
"Acer","ACSA3","NEON.PLA.D05.TREE.00183","TREE_055","TREE","D05",2017-09-14,"Live","small tree",NA,140,NA,4.7,3.6,NA,NA,"Acer saccharum Marshall",NA,NA,"2017",318,"hard maple/oak/hickory/beech","Acer saccharum Marshall","sugar maple","Aceraceae","tree","saccharum",0.841,"hw4",-2.0127,2.4342,"AceraceaeAbove0.50spg","hardwood","Hardwood",0.56,-1.8011,2.3852,0.21103,0.95964,NA,"Check",1.9814606707525,2.31904055006851,NA
"Acer","ACSA3","NEON.PLA.D05.TREE.00650","TREE_053","TREE","D05",2018-10-09,"Live","single bole tree",NA,130,NA,17.7,15.3,NA,23,"Acer saccharum Marshall",10.5,20.6,"2018",318,"hard maple/oak/hickory/beech","Acer saccharum Marshall","sugar maple","Aceraceae","tree","saccharum",0.841,"hw4",-2.0127,2.4342,"AceraceaeAbove0.50spg","hardwood","Hardwood",0.56,-1.8011,2.3852,0.21103,0.95964,NA,"Check",102.251897773976,110.539681633179,NA
"Acer","ACSA3","NEON.PLA.D05.TREE.00650","TREE_053","TREE","D05",2017-08-30,"Live","single bole tree",NA,130,NA,17.1,15,NA,23,"Acer saccharum Marshall",10.5,20.6,"2017",318,"hard maple/oak/hickory/beech","Acer saccharum Marshall","sugar maple","Aceraceae","tree","saccharum",0.841,"hw4",-2.0127,2.4342,"AceraceaeAbove0.50spg","hardwood","Hardwood",0.56,-1.8011,2.3852,0.21103,0.95964,NA,"Check",97.4399021275532,105.439922914404,NA
"Acer","ACSA3","NEON.PLA.D05.TREE.00301","TREE_054","TREE","D05",2017-08-30,"Live","single bole tree",NA,130,NA,12.8,20,NA,39,"Acer saccharum Marshall",1.4,114.9,"2017",318,"hard maple/oak/hickory/beech","Acer saccharum Marshall","sugar maple","Aceraceae","tree","saccharum",0.841,"hw4",-2.0127,2.4342,"AceraceaeAbove0.50spg","hardwood","Hardwood",0.56,-1.8011,2.3852,0.21103,0.95964,NA,"Check",196.273972149929,209.415563279415,NA
"Acer","ACSA3","NEON.PLA.D05.TREE.00699","TREE_056","TREE","D05",2015-07-29,"Live","single bole tree","Mostly shaded",130,NA,11.1,10,NA,39,"Acer saccharum Marshall",8.5,125.9,"2015",318,"hard maple/oak/hickory/beech","Acer saccharum Marshall","sugar maple","Aceraceae","tree","saccharum",0.841,"hw4",-2.0127,2.4342,"AceraceaeAbove0.50spg","hardwood","Hardwood",0.56,-1.8011,2.3852,0.21103,0.95964,NA,"Check",23.8250548555454,26.5225708257094,NA
"Acer","ACSA3","NEON.PLA.D05.TREE.00673","TREE_042","TREE","D05",2017-09-25,"Dead, broken bole","single bole tree",NA,130,NA,3.6,13.5,NA,41,"Acer saccharum Marshall",10.1,122.9,"2017",318,"hard maple/oak/hickory/beech","Acer saccharum Marshall","sugar maple","Aceraceae","tree","saccharum",0.841,"hw4",-2.0127,2.4342,"AceraceaeAbove0.50spg","hardwood","Hardwood",0.56,-1.8011,2.3852,0.21103,0.95964,NA,"Check",75.3969808404766,82.0095281710613,NA
"Acer","ACSA3","NEON.PLA.D05.TREE.00163","TREE_055","TREE","D05",2018-10-10,"Live","small tree",NA,130,NA,9.6,8.2,NA,NA,"Acer saccharum Marshall",NA,NA,"2018",318,"hard maple/oak/hickory/beech","Acer saccharum Marshall","sugar maple","Aceraceae","tree","saccharum",0.841,"hw4",-2.0127,2.4342,"AceraceaeAbove0.50spg","hardwood","Hardwood",0.56,-1.8011,2.3852,0.21103,0.95964,NA,"Check",14.6973686878025,16.5213076528975,NA
"Acer","ACSA3","NEON.PLA.D05.TREE.00020","TREE_049","TREE","D05",2015-07-28,"Live","small tree","Mostly shaded",130,NA,7.7,6.3,NA,NA,"Acer saccharum Marshall",NA,NA,"2015",318,"hard maple/oak/hickory/beech","Acer saccharum Marshall","sugar maple","Aceraceae","tree","saccharum",0.841,"hw4",-2.0127,2.4342,"AceraceaeAbove0.50spg","hardwood","Hardwood",0.56,-1.8011,2.3852,0.21103,0.95964,NA,"Check",7.73728643412267,8.81054343139914,NA
"Acer","ACSA3","NEON.PLA.D05.TREE.00699","TREE_056","TREE","D05",2021-09-22,"Live","single bole tree","Partially shaded",130,NA,10.7,10.4,NA,39,"Acer saccharum Marshall",8.5,125.9,"2021",318,"hard maple/oak/hickory/beech","Acer saccharum Marshall","sugar maple","Aceraceae","tree","saccharum",0.841,"hw4",-2.0127,2.4342,"AceraceaeAbove0.50spg","hardwood","Hardwood",0.56,-1.8011,2.3852,0.21103,0.95964,NA,"Check",39.9537962737662,44.0169685669077,NA
"Acer","ACSA3","NEON.PLA.D05.TREE.00626","TREE_053","TREE","D05",2016-09-27,"Live","single bole tree",NA,130,NA,16.7,22,NA,41,"Acer saccharum Marshall",5.8,163.1,"2016",318,"hard maple/oak/hickory/beech","Acer saccharum Marshall","sugar maple","Aceraceae","tree","saccharum",0.841,"hw4",-2.0127,2.4342,"AceraceaeAbove0.50spg","hardwood","Hardwood",0.56,-1.8011,2.3852,0.21103,0.95964,NA,"Check",247.525978457426,262.868645264899,NA
"Acer","ACSA3","NEON.PLA.D05.TREE.00003","TREE_049","TREE","D05",2021-09-23,"Live","single bole tree","Partially shaded",130,NA,20.9,31.6,NA,43,"Acer saccharum Marshall",10.8,239.3,"2021",318,"hard maple/oak/hickory/beech","Acer saccharum Marshall","sugar maple","Aceraceae","tree","saccharum",0.841,"hw4",-2.0127,2.4342,"AceraceaeAbove0.50spg","hardwood","Hardwood",0.56,-1.8011,2.3852,0.21103,0.95964,NA,"Check",597.631930100211,623.513467070818,NA
"Acer","ACSA3","NEON.PLA.D05.TREE.00003","TREE_049","TREE","D05",2022-09-20,"Live","single bole tree","Partially shaded",130,NA,23.8,31.9,NA,43,"Acer saccharum Marshall",10.8,239.3,"2022",318,"hard maple/oak/hickory/beech","Acer saccharum Marshall","sugar maple","Aceraceae","tree","saccharum",0.841,"hw4",-2.0127,2.4342,"AceraceaeAbove0.50spg","hardwood","Hardwood",0.56,-1.8011,2.3852,0.21103,0.95964,NA,"Check",611.537054295855,637.725445523162,NA
"Acer","ACSA3","NEON.PLA.D05.TREE.00505","TREE_053","TREE","D05",2016-09-27,"Dead, broken bole","single bole tree",NA,130,NA,NA,17.3,NA,23,"Acer saccharum Marshall",2.2,23,"2016",318,"hard maple/oak/hickory/beech","Acer saccharum Marshall","sugar maple","Aceraceae","tree","saccharum",0.841,"hw4",-2.0127,2.4342,"AceraceaeAbove0.50spg","hardwood","Hardwood",0.56,-1.8011,2.3852,0.21103,0.95964,NA,"Check",137.894619407093,148.176650636138,NA
"Acer","ACSA3","NEON.PLA.D05.TREE.02881","TREE_017","TREE","D05",2019-11-04,"Live","single bole tree","Partially shaded",130,NA,15.1,25.1,NA,49,"Acer saccharum Marshall",4.8,123.7,"2019",318,"hard maple/oak/hickory/beech","Acer saccharum Marshall","sugar maple","Aceraceae","tree","saccharum",0.841,"hw4",-2.0127,2.4342,"AceraceaeAbove0.50spg","hardwood","Hardwood",0.56,-1.8011,2.3852,0.21103,0.95964,NA,"Check",341.178196464547,359.992927926194,NA
"Acer","ACSA3","NEON.PLA.D05.TREE.00626","TREE_053","TREE","D05",2015-07-27,"Live","single bole tree","Partially shaded",130,NA,15.9,21.5,NA,41,"Acer saccharum Marshall",5.8,163.1,"2015",318,"hard maple/oak/hickory/beech","Acer saccharum Marshall","sugar maple","Aceraceae","tree","saccharum",0.841,"hw4",-2.0127,2.4342,"AceraceaeAbove0.50spg","hardwood","Hardwood",0.56,-1.8011,2.3852,0.21103,0.95964,NA,"Check",234.054607777448,248.842424020446,NA
"Acer","ACSA3","NEON.PLA.D05.TREE.00085","TREE_055","TREE","D05",2016-09-27,"Live,  other damage","single bole tree",NA,130,NA,10.7,12.7,NA,39,"Acer saccharum Marshall",9.7,49,"2016",318,"hard maple/oak/hickory/beech","Acer saccharum Marshall","sugar maple","Aceraceae","tree","saccharum",0.841,"hw4",-2.0127,2.4342,"AceraceaeAbove0.50spg","hardwood","Hardwood",0.56,-1.8011,2.3852,0.21103,0.95964,NA,"Check",64.9792229900794,70.8899783746337,NA
"Acer","ACSA3","NEON.PLA.D05.TREE.00059","TREE_054","TREE","D05",2016-10-18,"Live","single bole tree",NA,130,NA,10,13.1,NA,43,"Acer saccharum Marshall",8.9,345.3,"2016",318,"hard maple/oak/hickory/beech","Acer saccharum Marshall","sugar maple","Aceraceae","tree","saccharum",0.841,"hw4",-2.0127,2.4342,"AceraceaeAbove0.50spg","hardwood","Hardwood",0.56,-1.8011,2.3852,0.21103,0.95964,NA,"Check",70.0740605611761,76.3321865560422,NA
"Acer","ACSA3","NEON.PLA.D05.TREE.00675","TREE_046","TREE","D05",2021-09-21,"Live","single bole tree","Mostly shaded",130,NA,13.4,10.5,NA,41,"Acer saccharum Marshall",4.1,121.9,"2021",318,"hard maple/oak/hickory/beech","Acer saccharum Marshall","sugar maple","Aceraceae","tree","saccharum",0.841,"hw4",-2.0127,2.4342,"AceraceaeAbove0.50spg","hardwood","Hardwood",0.56,-1.8011,2.3852,0.21103,0.95964,NA,"Check",40.8954026050941,45.0332120627057,NA
"Acer","ACSA3","NEON.PLA.D05.TREE.01442","TREE_041","TREE","D05",2016-10-18,"Live","single bole tree",NA,130,NA,23,30.3,NA,21,"Acer saccharum Marshall",6.9,82.6,"2016",318,"hard maple/oak/hickory/beech","Acer saccharum Marshall","sugar maple","Aceraceae","tree","saccharum",0.841,"hw4",-2.0127,2.4342,"AceraceaeAbove0.50spg","hardwood","Hardwood",0.56,-1.8011,2.3852,0.21103,0.95964,NA,"Check",539.539372585647,564.065017377211,NA
"Acer","ACSA3","NEON.PLA.D05.TREE.00578","TREE_046","TREE","D05",2017-09-25,"Live","single bole tree",NA,130,NA,11.2,10.4,NA,41,"Acer saccharum Marshall",5.3,169.6,"2017",318,"hard maple/oak/hickory/beech","Acer saccharum Marshall","sugar maple","Aceraceae","tree","saccharum",0.841,"hw4",-2.0127,2.4342,"AceraceaeAbove0.50spg","hardwood","Hardwood",0.56,-1.8011,2.3852,0.21103,0.95964,NA,"Check",39.9537962737662,44.0169685669077,NA
"Acer","ACSA3","NEON.PLA.D05.TREE.01070","TREE_041","TREE","D05",2021-09-20,"Live","single bole tree","Mostly shaded",150,NA,23,27.1,NA,43,"Acer saccharum Marshall",6.8,297.3,"2021",318,"hard maple/oak/hickory/beech","Acer saccharum Marshall","sugar maple","Aceraceae","tree","saccharum",0.841,"hw4",-2.0127,2.4342,"AceraceaeAbove0.50spg","hardwood","Hardwood",0.56,-1.8011,2.3852,0.21103,0.95964,NA,"Check",411.177502333111,432.225675033119,NA
"Acer","ACSA3","NEON.PLA.D05.TREE.01070","TREE_041","TREE","D05",2022-09-07,"Live","single bole tree","Partially shaded",150,NA,23,27.1,NA,43,"Acer saccharum Marshall",6.8,297.3,"2022",318,"hard maple/oak/hickory/beech","Acer saccharum Marshall","sugar maple","Aceraceae","tree","saccharum",0.841,"hw4",-2.0127,2.4342,"AceraceaeAbove0.50spg","hardwood","Hardwood",0.56,-1.8011,2.3852,0.21103,0.95964,NA,"Check",411.177502333111,432.225675033119,NA
"Acer","ACSA3","NEON.PLA.D05.TREE.01070","TREE_041","TREE","D05",2015-08-10,"Live","single bole tree","Full sun",130,NA,21.3,24.9,NA,43,"Acer saccharum Marshall",6.8,297.3,"2015",318,"hard maple/oak/hickory/beech","Acer saccharum Marshall","sugar maple","Aceraceae","tree","saccharum",0.841,"hw4",-2.0127,2.4342,"AceraceaeAbove0.50spg","hardwood","Hardwood",0.56,-1.8011,2.3852,0.21103,0.95964,NA,"Check",334.598467085662,353.188774107896,NA
"Acer","ACSA3","NEON.PLA.D05.TREE.00579","TREE_046","TREE","D05",2015-07-28,"Live","single bole tree","Full sun",130,NA,17.3,21.3,NA,39,"Acer saccharum Marshall",4.3,62,"2015",318,"hard maple/oak/hickory/beech","Acer saccharum Marshall","sugar maple","Aceraceae","tree","saccharum",0.841,"hw4",-2.0127,2.4342,"AceraceaeAbove0.50spg","hardwood","Hardwood",0.56,-1.8011,2.3852,0.21103,0.95964,NA,"Check",228.790046706794,243.356661447306,NA
"Acer","ACSA3","NEON.PLA.D05.TREE.00579","TREE_046","TREE","D05",2018-10-10,"Live","single bole tree",NA,130,NA,18.3,22.8,NA,39,"Acer saccharum Marshall",4.3,62,"2018",318,"hard maple/oak/hickory/beech","Acer saccharum Marshall","sugar maple","Aceraceae","tree","saccharum",0.841,"hw4",-2.0127,2.4342,"AceraceaeAbove0.50spg","hardwood","Hardwood",0.56,-1.8011,2.3852,0.21103,0.95964,NA,"Check",270.010405362331,286.245327151243,NA
"Acer","ACSA3","NEON.PLA.D05.TREE.00114","TREE_049","TREE","D05",2017-09-18,"Live","single bole tree",NA,130,NA,16.1,21.6,NA,23,"Acer saccharum Marshall",10.9,60.8,"2017",318,"hard maple/oak/hickory/beech","Acer saccharum Marshall","sugar maple","Aceraceae","tree","saccharum",0.841,"hw4",-2.0127,2.4342,"AceraceaeAbove0.50spg","hardwood","Hardwood",0.56,-1.8011,2.3852,0.21103,0.95964,NA,"Check",236.713385786854,251.611968738814,NA
"Acer","ACSA3","NEON.PLA.D05.TREE.00032","TREE_055","TREE","D05",2017-09-14,"Live","single bole tree",NA,130,NA,19.6,22.8,NA,59,"Acer saccharum Marshall",7.2,150.4,"2017",318,"hard maple/oak/hickory/beech","Acer saccharum Marshall","sugar maple","Aceraceae","tree","saccharum",0.841,"hw4",-2.0127,2.4342,"AceraceaeAbove0.50spg","hardwood","Hardwood",0.56,-1.8011,2.3852,0.21103,0.95964,NA,"Check",270.010405362331,286.245327151243,NA
"Acer","ACSA3","NEON.PLA.D05.TREE.00335","TREE_054","TREE","D05",2015-07-30,"Live","single bole tree","Partially shaded",130,NA,15.1,20.1,NA,21,"Acer saccharum Marshall",6,17.6,"2015",318,"hard maple/oak/hickory/beech","Acer saccharum Marshall","sugar maple","Aceraceae","tree","saccharum",0.841,"hw4",-2.0127,2.4342,"AceraceaeAbove0.50spg","hardwood","Hardwood",0.56,-1.8011,2.3852,0.21103,0.95964,NA,"Check",198.671394082478,211.921707643257,NA
"Acer","ACSA3","NEON.PLA.D05.TREE.00580","TREE_046","TREE","D05",2021-09-21,"Live","single bole tree","Mostly shaded",130,NA,18,23.5,NA,41,"Acer saccharum Marshall",10.9,288.8,"2021",318,"hard maple/oak/hickory/beech","Acer saccharum Marshall","sugar maple","Aceraceae","tree","saccharum",0.841,"hw4",-2.0127,2.4342,"AceraceaeAbove0.50spg","hardwood","Hardwood",0.56,-1.8011,2.3852,0.21103,0.95964,NA,"Check",290.635651259067,307.654501364913,NA
"Acer","ACSA3","NEON.PLA.D05.TREE.00580","TREE_046","TREE","D05",2022-09-19,"Live","single bole tree","Partially shaded",130,NA,18.3,23.8,NA,41,"Acer saccharum Marshall",10.9,288.8,"2022",318,"hard maple/oak/hickory/beech","Acer saccharum Marshall","sugar maple","Aceraceae","tree","saccharum",0.841,"hw4",-2.0127,2.4342,"AceraceaeAbove0.50spg","hardwood","Hardwood",0.56,-1.8011,2.3852,0.21103,0.95964,NA,"Check",299.749954011571,317.105348091186,NA
"Acer","ACSA3","NEON.PLA.D05.TREE.00580","TREE_046","TREE","D05",2016-09-29,"Live","single bole tree",NA,130,NA,17.3,22.4,NA,41,"Acer saccharum Marshall",10.9,288.8,"2016",318,"hard maple/oak/hickory/beech","Acer saccharum Marshall","sugar maple","Aceraceae","tree","saccharum",0.841,"hw4",-2.0127,2.4342,"AceraceaeAbove0.50spg","hardwood","Hardwood",0.56,-1.8011,2.3852,0.21103,0.95964,NA,"Check",258.624237055752,274.412431486123,NA
"Acer","ACSA3","NEON.PLA.D05.TREE.00306","TREE_054","TREE","D05",2018-10-09,"Live","single bole tree",NA,130,NA,13.6,19.1,NA,23,"Acer saccharum Marshall",8.1,300,"2018",318,"hard maple/oak/hickory/beech","Acer saccharum Marshall","sugar maple","Aceraceae","tree","saccharum",0.841,"hw4",-2.0127,2.4342,"AceraceaeAbove0.50spg","hardwood","Hardwood",0.56,-1.8011,2.3852,0.21103,0.95964,NA,"Check",175.463552835106,187.634630440587,NA
"Acer","ACSA3","NEON.PLA.D05.TREE.00630","TREE_042","TREE","D05",2015-07-27,"Live","single bole tree","Full shade",130,NA,14.7,13.3,NA,41,"Acer saccharum Marshall",12.8,45.4,"2015",318,"hard maple/oak/hickory/beech","Acer saccharum Marshall","sugar maple","Aceraceae","tree","saccharum",0.841,"hw4",-2.0127,2.4342,"AceraceaeAbove0.50spg","hardwood","Hardwood",0.56,-1.8011,2.3852,0.21103,0.95964,NA,"Check",72.7068217618969,79.141293226848,NA
"Acer","ACSA3","NEON.PLA.D05.TREE.00656","TREE_046","TREE","D05",2017-09-25,"Live","small tree",NA,135,NA,7.2,8.7,NA,NA,"Acer saccharum Marshall",NA,NA,"2017",318,"hard maple/oak/hickory/beech","Acer saccharum Marshall","sugar maple","Aceraceae","tree","saccharum",0.841,"hw4",-2.0127,2.4342,"AceraceaeAbove0.50spg","hardwood","Hardwood",0.56,-1.8011,2.3852,0.21103,0.95964,NA,"Check",16.9750739131465,19.0264138573022,NA
"Acer","ACSA3","NEON.PLA.D05.TREE.00656","TREE_046","TREE","D05",2015-07-28,"Live","single bole tree","Full shade",130,NA,6.7,8.7,NA,NA,"Acer saccharum Marshall",NA,NA,"2015",318,"hard maple/oak/hickory/beech","Acer saccharum Marshall","sugar maple","Aceraceae","tree","saccharum",0.841,"hw4",-2.0127,2.4342,"AceraceaeAbove0.50spg","hardwood","Hardwood",0.56,-1.8011,2.3852,0.21103,0.95964,NA,"Check",16.9750739131465,19.0264138573022,NA
"Acer","ACSA3","NEON.PLA.D05.TREE.00621","TREE_053","TREE","D05",2018-10-09,"Live","small tree",NA,130,NA,6.1,5.2,NA,NA,"Acer saccharum Marshall",NA,NA,"2018",318,"hard maple/oak/hickory/beech","Acer saccharum Marshall","sugar maple","Aceraceae","tree","saccharum",0.841,"hw4",-2.0127,2.4342,"AceraceaeAbove0.50spg","hardwood","Hardwood",0.56,-1.8011,2.3852,0.21103,0.95964,NA,"Check",4.84986051631252,5.57476793064877,NA
"Acer","ACSA3","NEON.PLA.D05.TREE.00259","TREE_056","TREE","D05",2016-09-28,"Live","single bole tree",NA,130,NA,15.5,16.7,NA,59,"Acer saccharum Marshall",3.3,151.2,"2016",318,"hard maple/oak/hickory/beech","Acer saccharum Marshall","sugar maple","Aceraceae","tree","saccharum",0.841,"hw4",-2.0127,2.4342,"AceraceaeAbove0.50spg","hardwood","Hardwood",0.56,-1.8011,2.3852,0.21103,0.95964,NA,"Check",126.541194682436,136.21205203379,NA
"Acer","ACSA3","NEON.PLA.D05.TREE.00590","TREE_053","TREE","D05",2016-09-27,"Live","single bole tree",NA,130,NA,18.7,24.1,NA,41,"Acer saccharum Marshall",6.4,28.2,"2016",318,"hard maple/oak/hickory/beech","Acer saccharum Marshall","sugar maple","Aceraceae","tree","saccharum",0.841,"hw4",-2.0127,2.4342,"AceraceaeAbove0.50spg","hardwood","Hardwood",0.56,-1.8011,2.3852,0.21103,0.95964,NA,"Check",309.030526146624,326.722661790911,NA
"Acer","ACSA3","NEON.PLA.D05.TREE.00590","TREE_053","TREE","D05",2015-07-27,"Live","single bole tree","Partially shaded",130,NA,17.6,21.6,NA,41,"Acer saccharum Marshall",6.4,28.2,"2015",318,"hard maple/oak/hickory/beech","Acer saccharum Marshall","sugar maple","Aceraceae","tree","saccharum",0.841,"hw4",-2.0127,2.4342,"AceraceaeAbove0.50spg","hardwood","Hardwood",0.56,-1.8011,2.3852,0.21103,0.95964,NA,"Check",236.713385786854,251.611968738814,NA
"Acer","ACSA3","NEON.PLA.D05.TREE.01384","TREE_041","TREE","D05",2017-10-16,"Live","single bole tree",NA,130,NA,16.2,18.6,NA,41,"Acer saccharum Marshall",11.9,34.6,"2017",318,"hard maple/oak/hickory/beech","Acer saccharum Marshall","sugar maple","Aceraceae","tree","saccharum",0.841,"hw4",-2.0127,2.4342,"AceraceaeAbove0.50spg","hardwood","Hardwood",0.56,-1.8011,2.3852,0.21103,0.95964,NA,"Check",164.491668217104,176.130465615616,NA
"Acer","ACSA3","NEON.PLA.D05.TREE.00657","TREE_046","TREE","D05",2018-10-10,"Live","single bole tree",NA,130,NA,13.8,13.6,NA,25,"Acer saccharum Marshall",7.5,344.7,"2018",318,"hard maple/oak/hickory/beech","Acer saccharum Marshall","sugar maple","Aceraceae","tree","saccharum",0.841,"hw4",-2.0127,2.4342,"AceraceaeAbove0.50spg","hardwood","Hardwood",0.56,-1.8011,2.3852,0.21103,0.95964,NA,"Check",76.7637013300187,83.465925410037,NA
"Acer","ACSA3","NEON.PLA.D05.TREE.00558","TREE_053","TREE","D05",2017-08-30,"Live","single bole tree",NA,130,NA,12.8,15.4,NA,59,"Acer saccharum Marshall",16.1,93.9,"2017",318,"hard maple/oak/hickory/beech","Acer saccharum Marshall","sugar maple","Aceraceae","tree","saccharum",0.841,"hw4",-2.0127,2.4342,"AceraceaeAbove0.50spg","hardwood","Hardwood",0.56,-1.8011,2.3852,0.21103,0.95964,NA,"Check",103.886337354745,112.270752098901,NA
"Acer","ACSA3","NEON.PLA.D05.TREE.01477","TREE_041","TREE","D05",2020-09-28,"Live, physically damaged","single bole tree","Partially shaded",130,NA,22.7,39.7,NA,39,"Acer saccharum Marshall",3.7,103.9,"2020",318,"hard maple/oak/hickory/beech","Acer saccharum Marshall","sugar maple","Aceraceae","tree","saccharum",0.841,"hw4",-2.0127,2.4342,"AceraceaeAbove0.50spg","hardwood","Hardwood",0.56,-1.8011,2.3852,0.21103,0.95964,NA,"Check",1041.52895449994,1074.55172423987,NA
"Acer","ACSA3","NEON.PLA.D05.TREE.00091","TREE_050","TREE","D05",2018-08-29,"Live","single bole tree",NA,130,NA,14.7,16.4,NA,39,"Acer saccharum Marshall",3.9,8.6,"2018",318,"hard maple/oak/hickory/beech","Acer saccharum Marshall","sugar maple","Aceraceae","tree","saccharum",0.841,"hw4",-2.0127,2.4342,"AceraceaeAbove0.50spg","hardwood","Hardwood",0.56,-1.8011,2.3852,0.21103,0.95964,NA,"Check",121.078878936372,130.448099129603,NA
"Acer","ACSA3","NEON.PLA.D05.TREE.01075","TREE_047","TREE","D05",2017-10-16,"Live","single bole tree",NA,130,NA,19,28.5,NA,57,"Acer saccharum Marshall",6.9,109.1,"2017",318,"hard maple/oak/hickory/beech","Acer saccharum Marshall","sugar maple","Aceraceae","tree","saccharum",0.841,"hw4",-2.0127,2.4342,"AceraceaeAbove0.50spg","hardwood","Hardwood",0.56,-1.8011,2.3852,0.21103,0.95964,NA,"Check",464.813629858453,487.402967191192,NA
"Acer","ACSA3","NEON.PLA.D05.TREE.00583","TREE_053","TREE","D05",2017-08-30,"Live","single bole tree",NA,130,NA,20.1,28,NA,59,"Acer saccharum Marshall",16.2,108.1,"2017",318,"hard maple/oak/hickory/beech","Acer saccharum Marshall","sugar maple","Aceraceae","tree","saccharum",0.841,"hw4",-2.0127,2.4342,"AceraceaeAbove0.50spg","hardwood","Hardwood",0.56,-1.8011,2.3852,0.21103,0.95964,NA,"Check",445.212732575779,467.254556333132,NA
"Acer","ACSA3","NEON.PLA.D05.TREE.01416","TREE_041","TREE","D05",2017-10-16,"Live","single bole tree",NA,130,NA,21.4,28.5,NA,41,"Acer saccharum Marshall",6.1,240.3,"2017",318,"hard maple/oak/hickory/beech","Acer saccharum Marshall","sugar maple","Aceraceae","tree","saccharum",0.841,"hw4",-2.0127,2.4342,"AceraceaeAbove0.50spg","hardwood","Hardwood",0.56,-1.8011,2.3852,0.21103,0.95964,NA,"Check",464.813629858453,487.402967191192,NA
"Acer","ACSA3","NEON.PLA.D05.TREE.00583","TREE_053","TREE","D05",2015-07-27,"Live","single bole tree","Full sun",130,NA,19.7,27.7,NA,59,"Acer saccharum Marshall",16.2,108.1,"2015",318,"hard maple/oak/hickory/beech","Acer saccharum Marshall","sugar maple","Aceraceae","tree","saccharum",0.841,"hw4",-2.0127,2.4342,"AceraceaeAbove0.50spg","hardwood","Hardwood",0.56,-1.8011,2.3852,0.21103,0.95964,NA,"Check",433.690341328293,455.402021214959,NA
"Acer","ACSA3","NEON.PLA.D05.TREE.00195","TREE_056","TREE","D05",2022-09-20,"Live","single bole tree","Mostly shaded",130,NA,13.9,13.8,NA,39,"Acer saccharum Marshall",8.3,140.9,"2022",318,"hard maple/oak/hickory/beech","Acer saccharum Marshall","sugar maple","Aceraceae","tree","saccharum",0.841,"hw4",-2.0127,2.4342,"AceraceaeAbove0.50spg","hardwood","Hardwood",0.56,-1.8011,2.3852,0.21103,0.95964,NA,"Check",79.540655990085,86.4234910516761,NA
"Acer","ACSA3","NEON.PLA.D05.TREE.00659","TREE_042","TREE","D05",2018-10-10,"Live","single bole tree",NA,130,NA,23.2,30.2,NA,41,"Acer saccharum Marshall",8.8,70.7,"2018",318,"hard maple/oak/hickory/beech","Acer saccharum Marshall","sugar maple","Aceraceae","tree","saccharum",0.841,"hw4",-2.0127,2.4342,"AceraceaeAbove0.50spg","hardwood","Hardwood",0.56,-1.8011,2.3852,0.21103,0.95964,NA,"Check",535.21514825495,559.634872695859,NA
"Acer","ACRU","NEON.PLA.D05.TREE.00776","TREE_025","TREE","D05",2016-10-18,"Live","small tree",NA,130,NA,5.4,3,NA,NA,"Acer rubrum L.",NA,NA,"2016",316,"soft maple/birch","Acer rubrum L.","red maple","Aceraceae","tree","rubrum",0.744,"hw2",-1.9123,2.3651,"AceraceaeBelow0.50spg","hardwood","Hardwood",0.44,-2.047,2.3852,0.21103,0.95964,NA,"Check",0.98672309123184,0.876404458299943,NA
"Acer","ACRU","NEON.PLA.D05.TREE.02410","TREE_012","TREE","D05",2019-10-17,"Live","small tree",NA,130,NA,2.9,1,NA,NA,"Acer rubrum L.",NA,NA,"2019",316,"soft maple/birch","Acer rubrum L.","red maple","Aceraceae","tree","rubrum",0.744,"hw2",-1.9123,2.3651,"AceraceaeBelow0.50spg","hardwood","Hardwood",0.44,-2.047,2.3852,0.21103,0.95964,NA,"Check",0.073410099398862,0.0637785969993142,NA
"Acer","ACRU","NEON.PLA.D05.TREE.02096","TREE_003","TREE","D05",2018-04-25,"Live","single bole tree","Partially shaded",130,NA,21,41.5,NA,51,"Acer rubrum L.",9.9,197.5,"2018",316,"soft maple/birch","Acer rubrum L.","red maple","Aceraceae","tree","rubrum",0.744,"hw2",-1.9123,2.3651,"AceraceaeBelow0.50spg","hardwood","Hardwood",0.44,-2.047,2.3852,0.21103,0.95964,NA,"Check",991.617575865524,934.044388859332,NA
"Acer","ACRU","NEON.PLA.D05.TREE.03000","TREE_060","TREE","D05",2019-11-05,"Live","small tree",NA,130,NA,4,2.6,NA,NA,"Acer rubrum L.",NA,NA,"2019",316,"soft maple/birch","Acer rubrum L.","red maple","Aceraceae","tree","rubrum",0.744,"hw2",-1.9123,2.3651,"AceraceaeBelow0.50spg","hardwood","Hardwood",0.44,-2.047,2.3852,0.21103,0.95964,NA,"Check",0.703411197330655,0.622973238818464,NA
"Acer","ACRU","NEON.PLA.D05.TREE.02097","TREE_003","TREE","D05",2019-10-08,"Live","single bole tree","Full sun",130,NA,23.5,35.9,NA,33,"Acer rubrum L.",4.5,288.2,"2019",316,"soft maple/birch","Acer rubrum L.","red maple","Aceraceae","tree","rubrum",0.744,"hw2",-1.9123,2.3651,"AceraceaeBelow0.50spg","hardwood","Hardwood",0.44,-2.047,2.3852,0.21103,0.95964,NA,"Check",703.805315600428,661.013720758129,NA
"Acer","ACRU","NEON.PLA.D05.TREE.01303","TREE_039","TREE","D05",2015-08-11,"Live","single bole tree","Full sun",130,NA,20.6,30.5,NA,43,"Acer rubrum L.",4.6,200.1,"2015",316,"soft maple/birch","Acer rubrum L.","red maple","Aceraceae","tree","rubrum",0.744,"hw2",-1.9123,2.3651,"AceraceaeBelow0.50spg","hardwood","Hardwood",0.44,-2.047,2.3852,0.21103,0.95964,NA,"Check",478.64796000839,448.075473452847,NA
"Acer","ACRU","NEON.PLA.D05.TREE.01303","TREE_039","TREE","D05",2020-10-01,"Live","multi-bole tree","Full sun",130,NA,17,30.3,NA,43,"Acer rubrum L.",4.6,200.1,"2020",316,"soft maple/birch","Acer rubrum L.","red maple","Aceraceae","tree","rubrum",0.744,"hw2",-1.9123,2.3651,"AceraceaeBelow0.50spg","hardwood","Hardwood",0.44,-2.047,2.3852,0.21103,0.95964,NA,"Check",471.257877531627,441.099081092904,NA
"Acer","ACRU","NEON.PLA.D05.TREE.01303","TREE_039","TREE","D05",2021-09-30,"Live","multi-bole tree","Full sun",130,NA,21.4,30.5,NA,43,"Acer rubrum L.",4.6,200.1,"2021",316,"soft maple/birch","Acer rubrum L.","red maple","Aceraceae","tree","rubrum",0.744,"hw2",-1.9123,2.3651,"AceraceaeBelow0.50spg","hardwood","Hardwood",0.44,-2.047,2.3852,0.21103,0.95964,NA,"Check",478.64796000839,448.075473452847,NA
"Acer","ACRU","NEON.PLA.D05.TREE.01382","TREE_040","TREE","D05",2015-08-10,"Live","single bole tree","Partially shaded",130,NA,11,19.3,NA,25,"Acer rubrum L.",13.7,308.8,"2015",316,"soft maple/birch","Acer rubrum L.","red maple","Aceraceae","tree","rubrum",0.744,"hw2",-1.9123,2.3651,"AceraceaeBelow0.50spg","hardwood","Hardwood",0.44,-2.047,2.3852,0.21103,0.95964,NA,"Check",162.169901823519,150.421698758049,NA
"Acer","ACRU","NEON.PLA.D05.TREE.01382","TREE_040","TREE","D05",2017-10-19,"Live","single bole tree",NA,130,NA,12.2,19.7,NA,25,"Acer rubrum L.",13.7,308.8,"2017",316,"soft maple/birch","Acer rubrum L.","red maple","Aceraceae","tree","rubrum",0.744,"hw2",-1.9123,2.3651,"AceraceaeBelow0.50spg","hardwood","Hardwood",0.44,-2.047,2.3852,0.21103,0.95964,NA,"Check",170.231816631313,157.964696782648,NA
"Acer","ACRU","NEON.PLA.D05.TREE.00843","TREE_057","TREE","D05",2016-10-18,"Live","single bole tree",NA,130,NA,18.5,22.4,NA,23,"Acer rubrum L.",5.2,25.4,"2016",316,"soft maple/birch","Acer rubrum L.","red maple","Aceraceae","tree","rubrum",0.744,"hw2",-1.9123,2.3651,"AceraceaeBelow0.50spg","hardwood","Hardwood",0.44,-2.047,2.3852,0.21103,0.95964,NA,"Check",230.65891797748,214.590636965619,NA
"Acer","ACRU","NEON.PLA.D05.TREE.01172","TREE_039","TREE","D05",2020-10-01,"Live","single bole tree","Partially shaded",130,NA,19,32.3,NA,41,"Acer rubrum L.",2.7,12.5,"2020",316,"soft maple/birch","Acer rubrum L.","red maple","Aceraceae","tree","rubrum",0.744,"hw2",-1.9123,2.3651,"AceraceaeBelow0.50spg","hardwood","Hardwood",0.44,-2.047,2.3852,0.21103,0.95964,NA,"Check",548.167833853256,513.746707762267,NA
"Acer","ACRU","NEON.PLA.D05.TREE.00843","TREE_057","TREE","D05",2017-10-17,"Live","single bole tree",NA,130,NA,18.7,23.2,NA,23,"Acer rubrum L.",5.2,25.4,"2017",316,"soft maple/birch","Acer rubrum L.","red maple","Aceraceae","tree","rubrum",0.744,"hw2",-1.9123,2.3651,"AceraceaeBelow0.50spg","hardwood","Hardwood",0.44,-2.047,2.3852,0.21103,0.95964,NA,"Check",250.619174597079,233.324926184679,NA
"Acer","ACRU","NEON.PLA.D05.TREE.02147A","TREE_018","TREE","D05",2018-04-25,"Dead, broken bole","single bole tree","Full shade",130,NA,3.7,15.3,NA,NA,"Acer rubrum L.",NA,NA,"2018",316,"soft maple/birch","Acer rubrum L.","red maple","Aceraceae","tree","rubrum",0.744,"hw2",-1.9123,2.3651,"AceraceaeBelow0.50spg","hardwood","Hardwood",0.44,-2.047,2.3852,0.21103,0.95964,NA,"Check",93.6294269387988,86.4420775807314,NA
"Acer","ACRU","NEON.PLA.D05.TREE.00461A","TREE_057","TREE","D05",2016-10-18,"Live","multi-bole tree",NA,130,NA,NA,18.2,NA,57,"Acer rubrum L.",6.8,153.8,"2016",316,"soft maple/birch","Acer rubrum L.","red maple","Aceraceae","tree","rubrum",0.744,"hw2",-1.9123,2.3651,"AceraceaeBelow0.50spg","hardwood","Hardwood",0.44,-2.047,2.3852,0.21103,0.95964,NA,"Check",141.154101520861,130.774018792252,NA
"Acer","ACRU","NEON.PLA.D05.TREE.00461A","TREE_057","TREE","D05",2017-10-17,"Live","multi-bole tree",NA,130,NA,NA,18.5,NA,57,"Acer rubrum L.",6.8,153.8,"2017",316,"soft maple/birch","Acer rubrum L.","red maple","Aceraceae","tree","rubrum",0.744,"hw2",-1.9123,2.3651,"AceraceaeBelow0.50spg","hardwood","Hardwood",0.44,-2.047,2.3852,0.21103,0.95964,NA,"Check",146.71905365089,135.974415969375,NA
"Acer","ACRU","NEON.PLA.D05.TREE.01487","TREE_045","TREE","D05",2015-08-11,"Live","single bole tree","Partially shaded",130,NA,12.5,22.6,NA,23,"Acer rubrum L.",3,14.5,"2015",316,"soft maple/birch","Acer rubrum L.","red maple","Aceraceae","tree","rubrum",0.744,"hw2",-1.9123,2.3651,"AceraceaeBelow0.50spg","hardwood","Hardwood",0.44,-2.047,2.3852,0.21103,0.95964,NA,"Check",235.559450029828,219.188944133538,NA
"Acer","ACRU","NEON.PLA.D05.TREE.02422","TREE_012","TREE","D05",2019-10-17,"Live","small tree",NA,130,NA,4,1.5,NA,NA,"Acer rubrum L.",NA,NA,"2019",316,"soft maple/birch","Acer rubrum L.","red maple","Aceraceae","tree","rubrum",0.744,"hw2",-1.9123,2.3651,"AceraceaeBelow0.50spg","hardwood","Hardwood",0.44,-2.047,2.3852,0.21103,0.95964,NA,"Check",0.191526666069617,0.16775977404484,NA
"Acer","ACRU","NEON.PLA.D05.TREE.02422","TREE_012","TREE","D05",2017-10-30,"Live","small tree",NA,130,NA,2.9,1.4,NA,NA,"Acer rubrum L.",NA,NA,"2017",316,"soft maple/birch","Acer rubrum L.","red maple","Aceraceae","tree","rubrum",0.744,"hw2",-1.9123,2.3651,"AceraceaeBelow0.50spg","hardwood","Hardwood",0.44,-2.047,2.3852,0.21103,0.95964,NA,"Check",0.162690887876099,0.142304800931639,NA
"Acer","ACRU","NEON.PLA.D05.TREE.02424","TREE_012","TREE","D05",2017-10-30,"Live","small tree",NA,130,NA,2.6,1.1,NA,NA,"Acer rubrum L.",NA,NA,"2017",316,"soft maple/birch","Acer rubrum L.","red maple","Aceraceae","tree","rubrum",0.744,"hw2",-1.9123,2.3651,"AceraceaeBelow0.50spg","hardwood","Hardwood",0.44,-2.047,2.3852,0.21103,0.95964,NA,"Check",0.0919715809305997,0.0800580106252001,NA
"Acer","ACRU","NEON.PLA.D05.TREE.02424","TREE_012","TREE","D05",2019-10-17,"Live","small tree",NA,130,NA,2.7,1.1,NA,NA,"Acer rubrum L.",NA,NA,"2019",316,"soft maple/birch","Acer rubrum L.","red maple","Aceraceae","tree","rubrum",0.744,"hw2",-1.9123,2.3651,"AceraceaeBelow0.50spg","hardwood","Hardwood",0.44,-2.047,2.3852,0.21103,0.95964,NA,"Check",0.0919715809305997,0.0800580106252001,NA
"Acer","ACRU","NEON.PLA.D05.TREE.01481","TREE_039","TREE","D05",2020-10-01,"Live","multi-bole tree","Partially shaded",140,NA,15.3,26.4,NA,25,"Acer rubrum L.",20.2,286.3,"2020",316,"soft maple/birch","Acer rubrum L.","red maple","Aceraceae","tree","rubrum",0.744,"hw2",-1.9123,2.3651,"AceraceaeBelow0.50spg","hardwood","Hardwood",0.44,-2.047,2.3852,0.21103,0.95964,NA,"Check",340.199843660913,317.547634504621,NA
"Acer","ACRU","NEON.PLA.D05.TREE.01481A","TREE_039","TREE","D05",2018-10-17,"Live","multi-bole tree",NA,150,NA,21.7,11.6,NA,25,"Acer rubrum L.",20.2,286.3,"2018",316,"soft maple/birch","Acer rubrum L.","red maple","Aceraceae","tree","rubrum",0.744,"hw2",-1.9123,2.3651,"AceraceaeBelow0.50spg","hardwood","Hardwood",0.44,-2.047,2.3852,0.21103,0.95964,NA,"Check",48.6461251289593,44.6626400916532,NA
"Acer","ACRU","NEON.PLA.D05.TREE.01347","TREE_040","TREE","D05",2019-10-23,"Live","single bole tree",NA,110,NA,11.1,10.7,NA,25,"Acer rubrum L.",7.3,335.5,"2019",316,"soft maple/birch","Acer rubrum L.","red maple","Aceraceae","tree","rubrum",0.744,"hw2",-1.9123,2.3651,"AceraceaeBelow0.50spg","hardwood","Hardwood",0.44,-2.047,2.3852,0.21103,0.95964,NA,"Check",40.1878002398362,36.8370956769622,NA
"Acer","ACRU","NEON.PLA.D05.TREE.02428","TREE_012","TREE","D05",2017-10-30,"Live","small tree",NA,130,NA,3.1,1,NA,NA,"Acer rubrum L.",NA,NA,"2017",316,"soft maple/birch","Acer rubrum L.","red maple","Aceraceae","tree","rubrum",0.744,"hw2",-1.9123,2.3651,"AceraceaeBelow0.50spg","hardwood","Hardwood",0.44,-2.047,2.3852,0.21103,0.95964,NA,"Check",0.073410099398862,0.0637785969993142,NA
"Acer","ACRU","NEON.PLA.D05.TREE.02429","TREE_012","TREE","D05",2019-10-17,"Live, broken bole","small tree",NA,130,NA,1.5,1.1,NA,NA,"Acer rubrum L.",NA,NA,"2019",316,"soft maple/birch","Acer rubrum L.","red maple","Aceraceae","tree","rubrum",0.744,"hw2",-1.9123,2.3651,"AceraceaeBelow0.50spg","hardwood","Hardwood",0.44,-2.047,2.3852,0.21103,0.95964,NA,"Check",0.0919715809305997,0.0800580106252001,NA
"Acer","ACRU","NEON.PLA.D05.TREE.00665","TREE_054","TREE","D05",2016-10-18,"Live","single bole tree",NA,130,NA,16.6,25.8,NA,41,"Acer rubrum L.",2.3,247.6,"2016",316,"soft maple/birch","Acer rubrum L.","red maple","Aceraceae","tree","rubrum",0.744,"hw2",-1.9123,2.3651,"AceraceaeBelow0.50spg","hardwood","Hardwood",0.44,-2.047,2.3852,0.21103,0.95964,NA,"Check",322.196210987341,300.603835929002,NA
"Acer","ACRU","NEON.PLA.D05.TREE.02121","TREE_019","TREE","D05",2017-10-23,"Live","single bole tree","Partially shaded",130,NA,15,17.7,NA,31,"Acer rubrum L.",5.8,22,"2017",316,"soft maple/birch","Acer rubrum L.","red maple","Aceraceae","tree","rubrum",0.744,"hw2",-1.9123,2.3651,"AceraceaeBelow0.50spg","hardwood","Hardwood",0.44,-2.047,2.3852,0.21103,0.95964,NA,"Check",132.15397619164,122.367202204457,NA
"Acer","ACRU","NEON.PLA.D05.TREE.02121","TREE_019","TREE","D05",2019-10-30,"Live","single bole tree","Full sun",130,NA,15.7,19.3,NA,31,"Acer rubrum L.",5.8,22,"2019",316,"soft maple/birch","Acer rubrum L.","red maple","Aceraceae","tree","rubrum",0.744,"hw2",-1.9123,2.3651,"AceraceaeBelow0.50spg","hardwood","Hardwood",0.44,-2.047,2.3852,0.21103,0.95964,NA,"Check",162.169901823519,150.421698758049,NA
"Acer","ACRU","NEON.PLA.D05.TREE.00920","TREE_044","TREE","D05",2018-10-16,"Live","small tree",NA,130,NA,5.1,1,NA,NA,"Acer rubrum L.",NA,NA,"2018",316,"soft maple/birch","Acer rubrum L.","red maple","Aceraceae","tree","rubrum",0.744,"hw2",-1.9123,2.3651,"AceraceaeBelow0.50spg","hardwood","Hardwood",0.44,-2.047,2.3852,0.21103,0.95964,NA,"Check",0.073410099398862,0.0637785969993142,NA
"Acer","ACRU","NEON.PLA.D05.TREE.03896","TREE_052","TREE","D05",2018-08-29,"Live","single bole tree",NA,130,NA,8.7,10.6,NA,23,"Acer rubrum L.",4.4,32.8,"2018",316,"soft maple/birch","Acer rubrum L.","red maple","Aceraceae","tree","rubrum",0.744,"hw2",-1.9123,2.3651,"AceraceaeBelow0.50spg","hardwood","Hardwood",0.44,-2.047,2.3852,0.21103,0.95964,NA,"Check",39.3051596100096,36.0212471679453,NA
"Acer","ACRU","NEON.PLA.D05.TREE.00920","TREE_044","TREE","D05",2018-10-16,"Live","small tree",NA,130,NA,5.1,1.8,NA,NA,"Acer rubrum L.",NA,NA,"2018",316,"soft maple/birch","Acer rubrum L.","red maple","Aceraceae","tree","rubrum",0.744,"hw2",-1.9123,2.3651,"AceraceaeBelow0.50spg","hardwood","Hardwood",0.44,-2.047,2.3852,0.21103,0.95964,NA,"Check",0.29478190012753,0.259149837338503,NA
"Acer","ACRU","NEON.PLA.D05.TREE.02433","TREE_012","TREE","D05",2017-10-30,"Live","small tree",NA,130,NA,3.8,2.6,NA,NA,"Acer rubrum L.",NA,NA,"2017",316,"soft maple/birch","Acer rubrum L.","red maple","Aceraceae","tree","rubrum",0.744,"hw2",-1.9123,2.3651,"AceraceaeBelow0.50spg","hardwood","Hardwood",0.44,-2.047,2.3852,0.21103,0.95964,NA,"Check",0.703411197330655,0.622973238818464,NA
"Acer","ACRU","NEON.PLA.D05.TREE.02434","TREE_012","TREE","D05",2017-10-30,"Live","small tree",NA,130,NA,3.7,1.6,NA,NA,"Acer rubrum L.",NA,NA,"2017",316,"soft maple/birch","Acer rubrum L.","red maple","Aceraceae","tree","rubrum",0.744,"hw2",-1.9123,2.3651,"AceraceaeBelow0.50spg","hardwood","Hardwood",0.44,-2.047,2.3852,0.21103,0.95964,NA,"Check",0.223110486445256,0.19567797440468,NA
"Acer","ACRU","NEON.PLA.D05.TREE.02806","TREE_010","TREE","D05",2019-10-10,"Live","small tree",NA,130,NA,6.6,3.7,NA,NA,"Acer rubrum L.",NA,NA,"2019",316,"soft maple/birch","Acer rubrum L.","red maple","Aceraceae","tree","rubrum",0.744,"hw2",-1.9123,2.3651,"AceraceaeBelow0.50spg","hardwood","Hardwood",0.44,-2.047,2.3852,0.21103,0.95964,NA,"Check",1.62035326926363,1.44527241499666,NA
"Acer","ACRU","NEON.PLA.D05.TREE.02436","TREE_012","TREE","D05",2019-10-17,"Live","small tree",NA,130,NA,4.5,1.5,NA,NA,"Acer rubrum L.",NA,NA,"2019",316,"soft maple/birch","Acer rubrum L.","red maple","Aceraceae","tree","rubrum",0.744,"hw2",-1.9123,2.3651,"AceraceaeBelow0.50spg","hardwood","Hardwood",0.44,-2.047,2.3852,0.21103,0.95964,NA,"Check",0.191526666069617,0.16775977404484,NA
"Acer","ACRU","NEON.PLA.D05.TREE.01389","TREE_045","TREE","D05",2016-10-18,"Live","single bole tree",NA,130,NA,18.2,24.1,NA,57,"Acer rubrum L.",12.9,176.1,"2016",316,"soft maple/birch","Acer rubrum L.","red maple","Aceraceae","tree","rubrum",0.744,"hw2",-1.9123,2.3651,"AceraceaeBelow0.50spg","hardwood","Hardwood",0.44,-2.047,2.3852,0.21103,0.95964,NA,"Check",274.22507860966,255.497259089589,NA
"Acer","ACSA3","NEON.PLA.D05.TREE.00180","TREE_049","TREE","D05",2016-09-28,"Live","multi-bole tree",NA,130,NA,13.9,19.5,NA,41,"Acer saccharum Marshall",7.4,220,"2016",318,"hard maple/oak/hickory/beech","Acer saccharum Marshall","sugar maple","Aceraceae","tree","saccharum",0.841,"hw4",-2.0127,2.4342,"AceraceaeAbove0.50spg","hardwood","Hardwood",0.56,-1.8011,2.3852,0.21103,0.95964,NA,"Check",184.543072605388,197.143636682921,NA
"Acer","ACSA3","NEON.PLA.D05.TREE.00050","TREE_055","TREE","D05",2017-09-14,"Live","single bole tree",NA,130,NA,14.5,14.4,NA,57,"Acer saccharum Marshall",7.8,98.3,"2017",318,"hard maple/oak/hickory/beech","Acer saccharum Marshall","sugar maple","Aceraceae","tree","saccharum",0.841,"hw4",-2.0127,2.4342,"AceraceaeAbove0.50spg","hardwood","Hardwood",0.56,-1.8011,2.3852,0.21103,0.95964,NA,"Check",88.2229294629901,95.6573674813582,NA
"Acer","ACRU","NEON.PLA.D05.TREE.01319","TREE_040","TREE","D05",2017-10-19,"Live","single bole tree",NA,130,NA,10.7,17.5,NA,25,"Acer rubrum L.",11.2,350.5,"2017",316,"soft maple/birch","Acer rubrum L.","red maple","Aceraceae","tree","rubrum",0.744,"hw2",-1.9123,2.3651,"AceraceaeBelow0.50spg","hardwood","Hardwood",0.44,-2.047,2.3852,0.21103,0.95964,NA,"Check",128.649455137339,119.095005626178,NA
"Acer","ACRU","NEON.PLA.D05.TREE.01172","TREE_039","TREE","D05",2019-10-23,"Live","single bole tree",NA,130,NA,18.3,32.4,NA,41,"Acer rubrum L.",2.7,12.5,"2019",316,"soft maple/birch","Acer rubrum L.","red maple","Aceraceae","tree","rubrum",0.744,"hw2",-1.9123,2.3651,"AceraceaeBelow0.50spg","hardwood","Hardwood",0.44,-2.047,2.3852,0.21103,0.95964,NA,"Check",552.190163342687,517.548618779261,NA
"Acer","ACRU","NEON.PLA.D05.TREE.02691A","TREE_023","TREE","D05",2018-05-08,"Live","multi-bole tree",NA,130,NA,NA,9.5,NA,NA,"Acer rubrum L.",NA,NA,"2018",316,"soft maple/birch","Acer rubrum L.","red maple","Aceraceae","tree","rubrum",0.744,"hw2",-1.9123,2.3651,"AceraceaeBelow0.50spg","hardwood","Hardwood",0.44,-2.047,2.3852,0.21103,0.95964,NA,"Check",15.0719661816849,13.700654191411,NA
"Acer","ACSA3","NEON.PLA.D05.TREE.00266","TREE_054","TREE","D05",2016-10-18,"Live","single bole tree",NA,130,NA,14.3,20.5,NA,39,"Acer saccharum Marshall",6,104.1,"2016",318,"hard maple/oak/hickory/beech","Acer saccharum Marshall","sugar maple","Aceraceae","tree","saccharum",0.841,"hw4",-2.0127,2.4342,"AceraceaeAbove0.50spg","hardwood","Hardwood",0.56,-1.8011,2.3852,0.21103,0.95964,NA,"Check",208.433127390352,222.119924936364,NA
"Acer","ACSA3","NEON.PLA.D05.TREE.00107","TREE_056","TREE","D05",2018-10-09,"Live","single bole tree",NA,130,NA,19.8,31.4,NA,39,"Acer saccharum Marshall",4.4,119.2,"2018",318,"hard maple/oak/hickory/beech","Acer saccharum Marshall","sugar maple","Aceraceae","tree","saccharum",0.841,"hw4",-2.0127,2.4342,"AceraceaeAbove0.50spg","hardwood","Hardwood",0.56,-1.8011,2.3852,0.21103,0.95964,NA,"Check",588.466365968363,614.142008851252,NA
"Acer","ACSA3","NEON.PLA.D05.TREE.00107","TREE_056","TREE","D05",2022-09-20,"Live,  other damage","single bole tree","Full sun",130,NA,20.2,31.3,NA,39,"Acer saccharum Marshall",4.4,119.2,"2022",318,"hard maple/oak/hickory/beech","Acer saccharum Marshall","sugar maple","Aceraceae","tree","saccharum",0.841,"hw4",-2.0127,2.4342,"AceraceaeAbove0.50spg","hardwood","Hardwood",0.56,-1.8011,2.3852,0.21103,0.95964,NA,"Check",583.91485329537,609.487162447371,NA
"Acer","ACSA3","NEON.PLA.D05.TREE.00181","TREE_055","TREE","D05",2015-07-29,"Live","single bole tree","Full sun",130,NA,20.7,33.8,NA,41,"Acer saccharum Marshall",11.9,113.1,"2015",318,"hard maple/oak/hickory/beech","Acer saccharum Marshall","sugar maple","Aceraceae","tree","saccharum",0.841,"hw4",-2.0127,2.4342,"AceraceaeAbove0.50spg","hardwood","Hardwood",0.56,-1.8011,2.3852,0.21103,0.95964,NA,"Check",704.01924006238,732.089742943881,NA
"Acer","ACSA3","NEON.PLA.D05.TREE.00025","TREE_049","TREE","D05",2021-09-23,"Live","single bole tree","Mostly shaded",130,NA,17.5,13.6,NA,25,"Acer saccharum Marshall",7,302.1,"2021",318,"hard maple/oak/hickory/beech","Acer saccharum Marshall","sugar maple","Aceraceae","tree","saccharum",0.841,"hw4",-2.0127,2.4342,"AceraceaeAbove0.50spg","hardwood","Hardwood",0.56,-1.8011,2.3852,0.21103,0.95964,NA,"Check",76.7637013300187,83.465925410037,NA
"Acer","ACRU","NEON.PLA.D05.TREE.00410B","TREE_057","TREE","D05",2018-10-16,"Live","multi-bole tree",NA,130,NA,20.8,15.1,NA,41,"Acer rubrum L.",9.7,340.7,"2018",316,"soft maple/birch","Acer rubrum L.","red maple","Aceraceae","tree","rubrum",0.744,"hw2",-1.9123,2.3651,"AceraceaeBelow0.50spg","hardwood","Hardwood",0.44,-2.047,2.3852,0.21103,0.95964,NA,"Check",90.7605335523004,83.7712527726153,NA
"Acer","ACRU","NEON.PLA.D05.TREE.01424","TREE_039","TREE","D05",2017-10-17,"Live","single bole tree",NA,130,NA,21.2,41.1,NA,25,"Acer rubrum L.",11.2,270.3,"2017",316,"soft maple/birch","Acer rubrum L.","red maple","Aceraceae","tree","rubrum",0.744,"hw2",-1.9123,2.3651,"AceraceaeBelow0.50spg","hardwood","Hardwood",0.44,-2.047,2.3852,0.21103,0.95964,NA,"Check",969.161057572778,912.713993517974,NA
"Acer","ACRU","NEON.PLA.D05.TREE.00877","TREE_052","TREE","D05",2017-09-26,"Live","single bole tree",NA,130,NA,10.3,11.5,NA,23,"Acer rubrum L.",7.1,5.3,"2017",316,"soft maple/birch","Acer rubrum L.","red maple","Aceraceae","tree","rubrum",0.744,"hw2",-1.9123,2.3651,"AceraceaeBelow0.50spg","hardwood","Hardwood",0.44,-2.047,2.3852,0.21103,0.95964,NA,"Check",47.6601192302708,43.7497609488595,NA
"Acer","ACRU","NEON.PLA.D05.TREE.01350","TREE_040","TREE","D05",2018-10-18,"Live","single bole tree",NA,130,NA,12.3,17.5,NA,25,"Acer rubrum L.",6.2,346,"2018",316,"soft maple/birch","Acer rubrum L.","red maple","Aceraceae","tree","rubrum",0.744,"hw2",-1.9123,2.3651,"AceraceaeBelow0.50spg","hardwood","Hardwood",0.44,-2.047,2.3852,0.21103,0.95964,NA,"Check",128.649455137339,119.095005626178,NA
"Acer","ACRU","NEON.PLA.D05.TREE.02446","TREE_012","TREE","D05",2017-10-30,"Live","small tree",NA,130,NA,3.2,1.5,NA,NA,"Acer rubrum L.",NA,NA,"2017",316,"soft maple/birch","Acer rubrum L.","red maple","Aceraceae","tree","rubrum",0.744,"hw2",-1.9123,2.3651,"AceraceaeBelow0.50spg","hardwood","Hardwood",0.44,-2.047,2.3852,0.21103,0.95964,NA,"Check",0.191526666069617,0.16775977404484,NA
"Acer","ACRU","NEON.PLA.D05.TREE.02446","TREE_012","TREE","D05",2019-10-17,"Live","small tree",NA,130,NA,3.3,1.5,NA,NA,"Acer rubrum L.",NA,NA,"2019",316,"soft maple/birch","Acer rubrum L.","red maple","Aceraceae","tree","rubrum",0.744,"hw2",-1.9123,2.3651,"AceraceaeBelow0.50spg","hardwood","Hardwood",0.44,-2.047,2.3852,0.21103,0.95964,NA,"Check",0.191526666069617,0.16775977404484,NA
"Acer","ACSA3","NEON.PLA.D05.TREE.00161","TREE_049","TREE","D05",2016-09-28,"Live, physically damaged","single bole tree",NA,130,NA,12.8,16.5,NA,21,"Acer saccharum Marshall",9.2,73,"2016",318,"hard maple/oak/hickory/beech","Acer saccharum Marshall","sugar maple","Aceraceae","tree","saccharum",0.841,"hw4",-2.0127,2.4342,"AceraceaeAbove0.50spg","hardwood","Hardwood",0.56,-1.8011,2.3852,0.21103,0.95964,NA,"Check",122.883879358667,132.353342126551,NA
"Acer","ACSA3","NEON.PLA.D05.TREE.00574","TREE_046","TREE","D05",2016-09-29,"Live","single bole tree",NA,130,NA,21.8,25.2,NA,57,"Acer saccharum Marshall",9.1,115,"2016",318,"hard maple/oak/hickory/beech","Acer saccharum Marshall","sugar maple","Aceraceae","tree","saccharum",0.841,"hw4",-2.0127,2.4342,"AceraceaeAbove0.50spg","hardwood","Hardwood",0.56,-1.8011,2.3852,0.21103,0.95964,NA,"Check",344.496403783439,363.42330913658,NA
"Acer","ACSA3","NEON.PLA.D05.TREE.00699","TREE_056","TREE","D05",2018-10-09,"Live","single bole tree",NA,130,NA,10.7,10.3,NA,39,"Acer saccharum Marshall",8.5,125.9,"2018",318,"hard maple/oak/hickory/beech","Acer saccharum Marshall","sugar maple","Aceraceae","tree","saccharum",0.841,"hw4",-2.0127,2.4342,"AceraceaeAbove0.50spg","hardwood","Hardwood",0.56,-1.8011,2.3852,0.21103,0.95964,NA,"Check",39.0250859870374,43.0141709731242,NA
"Acer","ACSA3","NEON.PLA.D05.TREE.00184","TREE_049","TREE","D05",2017-09-18,"Live","single bole tree",NA,130,NA,22.1,37.1,NA,41,"Acer saccharum Marshall",10.8,148.5,"2017",318,"hard maple/oak/hickory/beech","Acer saccharum Marshall","sugar maple","Aceraceae","tree","saccharum",0.841,"hw4",-2.0127,2.4342,"AceraceaeAbove0.50spg","hardwood","Hardwood",0.56,-1.8011,2.3852,0.21103,0.95964,NA,"Check",883.213028983085,914.245555743148,NA
"Acer","ACSA3","NEON.PLA.D05.TREE.00623","TREE_053","TREE","D05",2015-07-27,"Live, disease damaged","single bole tree","Partially shaded",130,NA,21,34.6,NA,43,"Acer saccharum Marshall",8,291.5,"2015",318,"hard maple/oak/hickory/beech","Acer saccharum Marshall","sugar maple","Aceraceae","tree","saccharum",0.841,"hw4",-2.0127,2.4342,"AceraceaeAbove0.50spg","hardwood","Hardwood",0.56,-1.8011,2.3852,0.21103,0.95964,NA,"Check",745.271538275624,774.099023278098,NA
"Acer","ACSA3","NEON.PLA.D05.TREE.00057","TREE_049","TREE","D05",2021-09-23,"Live","single bole tree","Partially shaded",130,NA,21.2,26.6,NA,25,"Acer saccharum Marshall",4.7,355.8,"2021",318,"hard maple/oak/hickory/beech","Acer saccharum Marshall","sugar maple","Aceraceae","tree","saccharum",0.841,"hw4",-2.0127,2.4342,"AceraceaeAbove0.50spg","hardwood","Hardwood",0.56,-1.8011,2.3852,0.21103,0.95964,NA,"Check",392.954599175849,413.44704125015,NA
"Acer","ACSA3","NEON.PLA.D05.TREE.00504","TREE_042","TREE","D05",2015-07-27,"Live","single bole tree","Partially shaded",130,NA,18.7,27.1,NA,41,"Acer saccharum Marshall",6.7,59.5,"2015",318,"hard maple/oak/hickory/beech","Acer saccharum Marshall","sugar maple","Aceraceae","tree","saccharum",0.841,"hw4",-2.0127,2.4342,"AceraceaeAbove0.50spg","hardwood","Hardwood",0.56,-1.8011,2.3852,0.21103,0.95964,NA,"Check",411.177502333111,432.225675033119,NA
"Acer","ACSA3","NEON.PLA.D05.TREE.00651","TREE_053","TREE","D05",2016-09-27,"Live","small tree",NA,130,NA,13.1,9.8,NA,NA,"Acer saccharum Marshall",NA,NA,"2016",318,"hard maple/oak/hickory/beech","Acer saccharum Marshall","sugar maple","Aceraceae","tree","saccharum",0.841,"hw4",-2.0127,2.4342,"AceraceaeAbove0.50spg","hardwood","Hardwood",0.56,-1.8011,2.3852,0.21103,0.95964,NA,"Check",22.6817428653426,25.2748189646291,NA
"Acer","ACSA3","NEON.PLA.D05.TREE.00504","TREE_042","TREE","D05",2016-09-28,"Live","single bole tree",NA,130,NA,18.1,26.8,NA,41,"Acer saccharum Marshall",6.7,59.5,"2016",318,"hard maple/oak/hickory/beech","Acer saccharum Marshall","sugar maple","Aceraceae","tree","saccharum",0.841,"hw4",-2.0127,2.4342,"AceraceaeAbove0.50spg","hardwood","Hardwood",0.56,-1.8011,2.3852,0.21103,0.95964,NA,"Check",400.185373935279,420.900381473869,NA
"Acer","ACSA3","NEON.PLA.D05.TREE.00674","TREE_053","TREE","D05",2017-08-30,"Live","single bole tree",NA,130,NA,20.9,43.3,NA,59,"Acer saccharum Marshall",15.8,114,"2017",318,"hard maple/oak/hickory/beech","Acer saccharum Marshall","sugar maple","Aceraceae","tree","saccharum",0.841,"hw4",-2.0127,2.4342,"AceraceaeAbove0.50spg","hardwood","Hardwood",0.56,-1.8011,2.3852,0.21103,0.95964,NA,"Check",1286.57270527723,1321.73119150785,NA
"Acer","ACSA3","NEON.PLA.D05.TREE.00029","TREE_056","TREE","D05",2018-10-09,"Live","single bole tree",NA,130,NA,20.7,36.1,NA,39,"Acer saccharum Marshall",10,178.6,"2018",318,"hard maple/oak/hickory/beech","Acer saccharum Marshall","sugar maple","Aceraceae","tree","saccharum",0.841,"hw4",-2.0127,2.4342,"AceraceaeAbove0.50spg","hardwood","Hardwood",0.56,-1.8011,2.3852,0.21103,0.95964,NA,"Check",826.379484876598,856.561177390648,NA
"Acer","ACSA3","NEON.PLA.D05.TREE.00355","TREE_054","TREE","D05",2015-07-30,"Live","single bole tree","Partially shaded",130,NA,16.4,25.2,NA,41,"Acer saccharum Marshall",8.3,51.6,"2015",318,"hard maple/oak/hickory/beech","Acer saccharum Marshall","sugar maple","Aceraceae","tree","saccharum",0.841,"hw4",-2.0127,2.4342,"AceraceaeAbove0.50spg","hardwood","Hardwood",0.56,-1.8011,2.3852,0.21103,0.95964,NA,"Check",344.496403783439,363.42330913658,NA
"Acer","ACSA3","NEON.PLA.D05.TREE.00653","TREE_046","TREE","D05",2022-09-19,"Dead, broken bole","single bole tree","Mostly shaded",130,NA,17,29,NA,23,"Acer saccharum Marshall",7.6,81.5,"2022",318,"hard maple/oak/hickory/beech","Acer saccharum Marshall","sugar maple","Aceraceae","tree","saccharum",0.841,"hw4",-2.0127,2.4342,"AceraceaeAbove0.50spg","hardwood","Hardwood",0.56,-1.8011,2.3852,0.21103,0.95964,NA,"Check",484.913977561186,508.047025757933,NA
"Acer","ACSA3","NEON.PLA.D05.TREE.00085","TREE_055","TREE","D05",2015-07-29,"Live, insect damaged","single bole tree","Mostly shaded",110,NA,9.1,12,NA,39,"Acer saccharum Marshall",9.7,49,"2015",318,"hard maple/oak/hickory/beech","Acer saccharum Marshall","sugar maple","Aceraceae","tree","saccharum",0.841,"hw4",-2.0127,2.4342,"AceraceaeAbove0.50spg","hardwood","Hardwood",0.56,-1.8011,2.3852,0.21103,0.95964,NA,"Check",56.6028743174732,61.9234745396948,NA
"Acer","ACSA3","NEON.PLA.D05.TREE.02881","TREE_017","TREE","D05",2017-10-23,"Live","single bole tree","Partially shaded",140,NA,15.8,22.5,NA,49,"Acer saccharum Marshall",4.8,123.7,"2017",318,"hard maple/oak/hickory/beech","Acer saccharum Marshall","sugar maple","Aceraceae","tree","saccharum",0.841,"hw4",-2.0127,2.4342,"AceraceaeAbove0.50spg","hardwood","Hardwood",0.56,-1.8011,2.3852,0.21103,0.95964,NA,"Check",261.443700450106,277.343473761518,NA
"Acer","ACSA3","NEON.PLA.D05.TREE.00058","TREE_049","TREE","D05",2016-09-28,"Live, physically damaged","small tree",NA,130,NA,6.6,6.2,NA,NA,"Acer saccharum Marshall",NA,NA,"2016",318,"hard maple/oak/hickory/beech","Acer saccharum Marshall","sugar maple","Aceraceae","tree","saccharum",0.841,"hw4",-2.0127,2.4342,"AceraceaeAbove0.50spg","hardwood","Hardwood",0.56,-1.8011,2.3852,0.21103,0.95964,NA,"Check",7.44172744467372,8.48063311953538,NA
"Acer","ACSA3","NEON.PLA.D05.TREE.00059","TREE_054","TREE","D05",2018-10-09,"Live","single bole tree",NA,130,NA,11,13.6,NA,43,"Acer saccharum Marshall",8.9,345.3,"2018",318,"hard maple/oak/hickory/beech","Acer saccharum Marshall","sugar maple","Aceraceae","tree","saccharum",0.841,"hw4",-2.0127,2.4342,"AceraceaeAbove0.50spg","hardwood","Hardwood",0.56,-1.8011,2.3852,0.21103,0.95964,NA,"Check",76.7637013300187,83.465925410037,NA
"Acer","ACSA3","NEON.PLA.D05.TREE.00554","TREE_046","TREE","D05",2015-07-28,"Live","single bole tree","Full shade",130,NA,3.7,3.3,NA,NA,"Acer saccharum Marshall",NA,NA,"2015",318,"hard maple/oak/hickory/beech","Acer saccharum Marshall","sugar maple","Aceraceae","tree","saccharum",0.841,"hw4",-2.0127,2.4342,"AceraceaeAbove0.50spg","hardwood","Hardwood",0.56,-1.8011,2.3852,0.21103,0.95964,NA,"Check",1.60324739041871,1.88440855499941,NA
"Acer","ACSA3","NEON.PLA.D05.TREE.01070","TREE_041","TREE","D05",2017-10-16,"Live","single bole tree",NA,130,NA,18.5,26,NA,43,"Acer saccharum Marshall",6.8,297.3,"2017",318,"hard maple/oak/hickory/beech","Acer saccharum Marshall","sugar maple","Aceraceae","tree","saccharum",0.841,"hw4",-2.0127,2.4342,"AceraceaeAbove0.50spg","hardwood","Hardwood",0.56,-1.8011,2.3852,0.21103,0.95964,NA,"Check",371.726583279994,391.549467998202,NA
"Acer","ACSA3","NEON.PLA.D05.TREE.00554","TREE_046","TREE","D05",2021-09-21,"Live","small tree","Full shade",130,NA,6.1,4.4,NA,NA,"Acer saccharum Marshall",NA,NA,"2021",318,"hard maple/oak/hickory/beech","Acer saccharum Marshall","sugar maple","Aceraceae","tree","saccharum",0.841,"hw4",-2.0127,2.4342,"AceraceaeAbove0.50spg","hardwood","Hardwood",0.56,-1.8011,2.3852,0.21103,0.95964,NA,"Check",3.22943400789303,3.7426476431902,NA
"Acer","ACSA3","NEON.PLA.D05.TREE.00554","TREE_046","TREE","D05",2016-09-29,"Live","small tree",NA,130,NA,4.9,3.5,NA,NA,"Acer saccharum Marshall",NA,NA,"2016",318,"hard maple/oak/hickory/beech","Acer saccharum Marshall","sugar maple","Aceraceae","tree","saccharum",0.841,"hw4",-2.0127,2.4342,"AceraceaeAbove0.50spg","hardwood","Hardwood",0.56,-1.8011,2.3852,0.21103,0.95964,NA,"Check",1.85013893546048,2.16833668362358,NA
"Acer","ACSA3","NEON.PLA.D05.TREE.01442","TREE_041","TREE","D05",2018-10-10,"Live","single bole tree",NA,130,NA,22.7,31,NA,21,"Acer saccharum Marshall",6.9,82.6,"2018",318,"hard maple/oak/hickory/beech","Acer saccharum Marshall","sugar maple","Aceraceae","tree","saccharum",0.841,"hw4",-2.0127,2.4342,"AceraceaeAbove0.50spg","hardwood","Hardwood",0.56,-1.8011,2.3852,0.21103,0.95964,NA,"Check",570.385046622497,595.645850652581,NA
"Acer","ACSA3","NEON.PLA.D05.TREE.01070","TREE_041","TREE","D05",2019-10-23,"Live","single bole tree",NA,130,NA,22,26.9,NA,43,"Acer saccharum Marshall",6.8,297.3,"2019",318,"hard maple/oak/hickory/beech","Acer saccharum Marshall","sugar maple","Aceraceae","tree","saccharum",0.841,"hw4",-2.0127,2.4342,"AceraceaeAbove0.50spg","hardwood","Hardwood",0.56,-1.8011,2.3852,0.21103,0.95964,NA,"Check",403.829923085164,424.656080433153,NA
"Acer","ACSA3","NEON.PLA.D05.TREE.00032","TREE_055","TREE","D05",2015-07-29,"Live","single bole tree","Partially shaded",130,NA,15.3,22.1,NA,59,"Acer saccharum Marshall",7.2,150.4,"2015",318,"hard maple/oak/hickory/beech","Acer saccharum Marshall","sugar maple","Aceraceae","tree","saccharum",0.841,"hw4",-2.0127,2.4342,"AceraceaeAbove0.50spg","hardwood","Hardwood",0.56,-1.8011,2.3852,0.21103,0.95964,NA,"Check",250.273673887103,265.727596791943,NA
"Acer","ACSA3","NEON.PLA.D05.TREE.00480","TREE_051","TREE","D05",2016-09-28,"Live,  other damage","single bole tree",NA,130,NA,17.1,22.9,NA,43,"Acer saccharum Marshall",7.9,326.2,"2016",318,"hard maple/oak/hickory/beech","Acer saccharum Marshall","sugar maple","Aceraceae","tree","saccharum",0.841,"hw4",-2.0127,2.4342,"AceraceaeAbove0.50spg","hardwood","Hardwood",0.56,-1.8011,2.3852,0.21103,0.95964,NA,"Check",272.902194116997,289.248956675509,NA
"Acer","ACSA3","NEON.PLA.D05.TREE.00508","TREE_053","TREE","D05",2016-09-27,"Live","single bole tree",NA,130,NA,12.5,14.5,NA,41,"Acer saccharum Marshall",14.4,1.8,"2016",318,"hard maple/oak/hickory/beech","Acer saccharum Marshall","sugar maple","Aceraceae","tree","saccharum",0.841,"hw4",-2.0127,2.4342,"AceraceaeAbove0.50spg","hardwood","Hardwood",0.56,-1.8011,2.3852,0.21103,0.95964,NA,"Check",89.7216986652856,97.2494530785856,NA
"Acer","ACSA3","NEON.PLA.D05.TREE.00190","TREE_055","TREE","D05",2016-09-27,"Live","single bole tree",NA,130,NA,22.9,38.6,NA,41,"Acer saccharum Marshall",1.4,63.8,"2016",318,"hard maple/oak/hickory/beech","Acer saccharum Marshall","sugar maple","Aceraceae","tree","saccharum",0.841,"hw4",-2.0127,2.4342,"AceraceaeAbove0.50spg","hardwood","Hardwood",0.56,-1.8011,2.3852,0.21103,0.95964,NA,"Check",972.671774124112,1004.89398748343,NA
"Acer","ACSA3","NEON.PLA.D05.TREE.00114","TREE_049","TREE","D05",2018-10-10,"Live","single bole tree",NA,130,NA,20.5,21.5,NA,23,"Acer saccharum Marshall",10.9,60.8,"2018",318,"hard maple/oak/hickory/beech","Acer saccharum Marshall","sugar maple","Aceraceae","tree","saccharum",0.841,"hw4",-2.0127,2.4342,"AceraceaeAbove0.50spg","hardwood","Hardwood",0.56,-1.8011,2.3852,0.21103,0.95964,NA,"Check",234.054607777448,248.842424020446,NA
"Acer","ACSA3","NEON.PLA.D05.TREE.00603","TREE_046","TREE","D05",2018-10-10,"Live","small tree",NA,130,NA,8.8,5.4,NA,NA,"Acer saccharum Marshall",NA,NA,"2018",318,"hard maple/oak/hickory/beech","Acer saccharum Marshall","sugar maple","Aceraceae","tree","saccharum",0.841,"hw4",-2.0127,2.4342,"AceraceaeAbove0.50spg","hardwood","Hardwood",0.56,-1.8011,2.3852,0.21103,0.95964,NA,"Check",5.31651201147292,6.09987890897784,NA
"Acer","ACSA3","NEON.PLA.D05.TREE.00603","TREE_046","TREE","D05",2016-09-29,"Live","small tree",NA,130,NA,8.5,5.3,NA,NA,"Acer saccharum Marshall",NA,NA,"2016",318,"hard maple/oak/hickory/beech","Acer saccharum Marshall","sugar maple","Aceraceae","tree","saccharum",0.841,"hw4",-2.0127,2.4342,"AceraceaeAbove0.50spg","hardwood","Hardwood",0.56,-1.8011,2.3852,0.21103,0.95964,NA,"Check",5.08002946215458,5.83389249722419,NA
"Acer","ACSA3","NEON.PLA.D05.TREE.00656","TREE_046","TREE","D05",2018-10-10,"Live","small tree",NA,130,NA,12.4,8.9,NA,NA,"Acer saccharum Marshall",NA,NA,"2018",318,"hard maple/oak/hickory/beech","Acer saccharum Marshall","sugar maple","Aceraceae","tree","saccharum",0.841,"hw4",-2.0127,2.4342,"AceraceaeAbove0.50spg","hardwood","Hardwood",0.56,-1.8011,2.3852,0.21103,0.95964,NA,"Check",17.9406867529904,20.0863331540566,NA
"Acer","ACSA3","NEON.PLA.D05.TREE.00509","TREE_042","TREE","D05",2015-07-27,"Live","single bole tree","Full shade",130,NA,8.8,7.4,NA,NA,"Acer saccharum Marshall",NA,NA,"2015",318,"hard maple/oak/hickory/beech","Acer saccharum Marshall","sugar maple","Aceraceae","tree","saccharum",0.841,"hw4",-2.0127,2.4342,"AceraceaeAbove0.50spg","hardwood","Hardwood",0.56,-1.8011,2.3852,0.21103,0.95964,NA,"Check",11.4476873921887,12.9332334169856,NA
"Acer","ACSA3","NEON.PLA.D05.TREE.00630","TREE_042","TREE","D05",2019-10-23,"Live","single bole tree",NA,130,NA,16.6,13.5,NA,41,"Acer saccharum Marshall",12.8,45.4,"2019",318,"hard maple/oak/hickory/beech","Acer saccharum Marshall","sugar maple","Aceraceae","tree","saccharum",0.841,"hw4",-2.0127,2.4342,"AceraceaeAbove0.50spg","hardwood","Hardwood",0.56,-1.8011,2.3852,0.21103,0.95964,NA,"Check",75.3969808404766,82.0095281710613,NA
"Acer","ACSA3","NEON.PLA.D05.TREE.00525","TREE_042","TREE","D05",2015-07-27,"Live","single bole tree","Full shade",130,NA,10.4,9.2,NA,NA,"Acer saccharum Marshall",NA,NA,"2015",318,"hard maple/oak/hickory/beech","Acer saccharum Marshall","sugar maple","Aceraceae","tree","saccharum",0.841,"hw4",-2.0127,2.4342,"AceraceaeAbove0.50spg","hardwood","Hardwood",0.56,-1.8011,2.3852,0.21103,0.95964,NA,"Check",19.448505702819,21.7391392090064,NA
"Acer","ACSA3","NEON.PLA.D05.TREE.00183","TREE_055","TREE","D05",2018-10-10,"Live","small tree",NA,130,NA,4.5,3.9,NA,NA,"Acer saccharum Marshall",NA,NA,"2018",318,"hard maple/oak/hickory/beech","Acer saccharum Marshall","sugar maple","Aceraceae","tree","saccharum",0.841,"hw4",-2.0127,2.4342,"AceraceaeAbove0.50spg","hardwood","Hardwood",0.56,-1.8011,2.3852,0.21103,0.95964,NA,"Check",2.40770556006677,2.80687400529547,NA
"Acer","ACSA3","NEON.PLA.D05.TREE.01236A","TREE_041","TREE","D05",2022-09-07,"Live","multi-bole tree",NA,130,NA,NA,39.3,NA,43,"Acer saccharum Marshall",10.6,330.2,"2022",318,"hard maple/oak/hickory/beech","Acer saccharum Marshall","sugar maple","Aceraceae","tree","saccharum",0.841,"hw4",-2.0127,2.4342,"AceraceaeAbove0.50spg","hardwood","Hardwood",0.56,-1.8011,2.3852,0.21103,0.95964,NA,"Check",1016.16876725431,1048.90781166318,NA
"Acer","ACRU","NEON.PLA.D05.TREE.01258","TREE_043","TREE","D05",2020-10-05,"Live","small tree","Full shade",130,NA,4.1,1.5,NA,NA,"Acer rubrum L.",NA,NA,"2020",316,"soft maple/birch","Acer rubrum L.","red maple","Aceraceae","tree","rubrum",0.744,"hw2",-1.9123,2.3651,"AceraceaeBelow0.50spg","hardwood","Hardwood",0.44,-2.047,2.3852,0.21103,0.95964,NA,"Check",0.191526666069617,0.16775977404484,NA
"Acer","ACRU","NEON.PLA.D05.TREE.02088","TREE_003","TREE","D05",2019-10-08,"Live","single bole tree","Partially shaded",130,NA,22.8,29.4,NA,49,"Acer rubrum L.",12.3,136.9,"2019",316,"soft maple/birch","Acer rubrum L.","red maple","Aceraceae","tree","rubrum",0.744,"hw2",-1.9123,2.3651,"AceraceaeBelow0.50spg","hardwood","Hardwood",0.44,-2.047,2.3852,0.21103,0.95964,NA,"Check",438.820525741208,410.488739463906,NA
"Acer","ACRU","NEON.PLA.D05.TREE.01424","TREE_039","TREE","D05",2016-10-18,"Live","single bole tree",NA,130,NA,22.9,40.6,NA,25,"Acer rubrum L.",11.2,270.3,"2016",316,"soft maple/birch","Acer rubrum L.","red maple","Aceraceae","tree","rubrum",0.744,"hw2",-1.9123,2.3651,"AceraceaeBelow0.50spg","hardwood","Hardwood",0.44,-2.047,2.3852,0.21103,0.95964,NA,"Check",941.507067148315,886.452544228853,NA
"Acer","ACRU","NEON.PLA.D05.TREE.02089A","TREE_003","TREE","D05",2019-10-08,"Live","multi-bole tree","Partially shaded",130,NA,20,23,NA,49,"Acer rubrum L.",8.5,157.9,"2019",316,"soft maple/birch","Acer rubrum L.","red maple","Aceraceae","tree","rubrum",0.744,"hw2",-1.9123,2.3651,"AceraceaeBelow0.50spg","hardwood","Hardwood",0.44,-2.047,2.3852,0.21103,0.95964,NA,"Check",245.539386971197,228.555896450414,NA
"Acer","ACRU","NEON.PLA.D05.TREE.03180","TREE_043","TREE","D05",2019-10-23,"Live","small tree",NA,130,NA,2.6,1.3,NA,NA,"Acer rubrum L.",NA,NA,"2019",316,"soft maple/birch","Acer rubrum L.","red maple","Aceraceae","tree","rubrum",0.744,"hw2",-1.9123,2.3651,"AceraceaeBelow0.50spg","hardwood","Hardwood",0.44,-2.047,2.3852,0.21103,0.95964,NA,"Check",0.136534761067149,0.119248423248435,NA
"Acer","ACRU","NEON.PLA.D05.TREE.01110","TREE_039","TREE","D05",2017-10-17,"Live","multi-bole tree",NA,130,NA,14.8,31.3,NA,41,"Acer rubrum L.",4.2,76.3,"2017",316,"soft maple/birch","Acer rubrum L.","red maple","Aceraceae","tree","rubrum",0.744,"hw2",-1.9123,2.3651,"AceraceaeBelow0.50spg","hardwood","Hardwood",0.44,-2.047,2.3852,0.21103,0.95964,NA,"Check",508.87436679866,476.619217663114,NA
"Acer","ACRU","NEON.PLA.D05.TREE.01110","TREE_039","TREE","D05",2018-10-17,"Live","multi-bole tree",NA,130,NA,15.2,31.2,NA,41,"Acer rubrum L.",4.2,76.3,"2018",316,"soft maple/birch","Acer rubrum L.","red maple","Aceraceae","tree","rubrum",0.744,"hw2",-1.9123,2.3651,"AceraceaeBelow0.50spg","hardwood","Hardwood",0.44,-2.047,2.3852,0.21103,0.95964,NA,"Check",505.037576818146,472.995199671212,NA
"Acer","ACRU","NEON.PLA.D05.TREE.02994","TREE_060","TREE","D05",2019-11-05,"Live","small tree",NA,130,NA,2.7,1.2,NA,NA,"Acer rubrum L.",NA,NA,"2019",316,"soft maple/birch","Acer rubrum L.","red maple","Aceraceae","tree","rubrum",0.744,"hw2",-1.9123,2.3651,"AceraceaeBelow0.50spg","hardwood","Hardwood",0.44,-2.047,2.3852,0.21103,0.95964,NA,"Check",0.112986713722055,0.0985231002614041,NA
"Acer","ACRU","NEON.PLA.D05.TREE.02994","TREE_060","TREE","D05",2017-10-26,"Live","small tree",NA,130,NA,2.3,1,NA,NA,"Acer rubrum L.",NA,NA,"2017",316,"soft maple/birch","Acer rubrum L.","red maple","Aceraceae","tree","rubrum",0.744,"hw2",-1.9123,2.3651,"AceraceaeBelow0.50spg","hardwood","Hardwood",0.44,-2.047,2.3852,0.21103,0.95964,NA,"Check",0.073410099398862,0.0637785969993142,NA
"Acer","ACRU","NEON.PLA.D05.TREE.00537","TREE_042","TREE","D05",2017-09-25,"Live","single bole tree",NA,130,NA,21.3,36.3,NA,61,"Acer rubrum L.",10,243.7,"2017",316,"soft maple/birch","Acer rubrum L.","red maple","Aceraceae","tree","rubrum",0.744,"hw2",-1.9123,2.3651,"AceraceaeBelow0.50spg","hardwood","Hardwood",0.44,-2.047,2.3852,0.21103,0.95964,NA,"Check",722.493295153798,678.716609871843,NA
"Acer","ACRU","NEON.PLA.D05.TREE.00537","TREE_042","TREE","D05",2019-10-23,"Live","single bole tree",NA,130,NA,21,36.8,NA,61,"Acer rubrum L.",10,243.7,"2019",316,"soft maple/birch","Acer rubrum L.","red maple","Aceraceae","tree","rubrum",0.744,"hw2",-1.9123,2.3651,"AceraceaeBelow0.50spg","hardwood","Hardwood",0.44,-2.047,2.3852,0.21103,0.95964,NA,"Check",746.251708105751,701.228264023176,NA
"Acer","ACRU","NEON.PLA.D05.TREE.00393","TREE_048","TREE","D05",2015-08-05,"Live","small tree","Mostly shaded",130,NA,2.9,1.4,NA,NA,"Acer rubrum L.",NA,NA,"2015",316,"soft maple/birch","Acer rubrum L.","red maple","Aceraceae","tree","rubrum",0.744,"hw2",-1.9123,2.3651,"AceraceaeBelow0.50spg","hardwood","Hardwood",0.44,-2.047,2.3852,0.21103,0.95964,NA,"Check",0.162690887876099,0.142304800931639,NA
"Acer","ACRU","NEON.PLA.D05.TREE.01250","TREE_043","TREE","D05",2020-10-05,"Live","small tree","Full shade",130,NA,3.2,1.5,NA,NA,"Acer rubrum L.",NA,NA,"2020",316,"soft maple/birch","Acer rubrum L.","red maple","Aceraceae","tree","rubrum",0.744,"hw2",-1.9123,2.3651,"AceraceaeBelow0.50spg","hardwood","Hardwood",0.44,-2.047,2.3852,0.21103,0.95964,NA,"Check",0.191526666069617,0.16775977404484,NA
"Acer","ACRU","NEON.PLA.D05.TREE.01286","TREE_039","TREE","D05",2015-08-11,"Live","multi-bole tree","Partially shaded",130,NA,8,9.7,NA,NA,"Acer rubrum L.",NA,NA,"2015",316,"soft maple/birch","Acer rubrum L.","red maple","Aceraceae","tree","rubrum",0.744,"hw2",-1.9123,2.3651,"AceraceaeBelow0.50spg","hardwood","Hardwood",0.44,-2.047,2.3852,0.21103,0.95964,NA,"Check",15.8332343849476,14.3986873614556,NA
"Acer","ACRU","NEON.PLA.D05.TREE.02999","TREE_060","TREE","D05",2019-11-05,"Live","small tree",NA,130,NA,2.8,1.7,NA,NA,"Acer rubrum L.",NA,NA,"2019",316,"soft maple/birch","Acer rubrum L.","red maple","Aceraceae","tree","rubrum",0.744,"hw2",-1.9123,2.3651,"AceraceaeBelow0.50spg","hardwood","Hardwood",0.44,-2.047,2.3852,0.21103,0.95964,NA,"Check",0.257507899353021,0.226121432805832,NA
"Acer","ACRU","NEON.PLA.D05.TREE.00920","TREE_044","TREE","D05",2016-10-19,"Live","small tree",NA,130,NA,5.5,1.4,NA,NA,"Acer rubrum L.",NA,NA,"2016",316,"soft maple/birch","Acer rubrum L.","red maple","Aceraceae","tree","rubrum",0.744,"hw2",-1.9123,2.3651,"AceraceaeBelow0.50spg","hardwood","Hardwood",0.44,-2.047,2.3852,0.21103,0.95964,NA,"Check",0.162690887876099,0.142304800931639,NA
"Acer","ACRU","NEON.PLA.D05.TREE.02958","TREE_009","TREE","D05",2019-10-16,"Live","small tree",NA,130,NA,4.9,2.4,NA,NA,"Acer rubrum L.",NA,NA,"2019",316,"soft maple/birch","Acer rubrum L.","red maple","Aceraceae","tree","rubrum",0.744,"hw2",-1.9123,2.3651,"AceraceaeBelow0.50spg","hardwood","Hardwood",0.44,-2.047,2.3852,0.21103,0.95964,NA,"Check",0.582094398236063,0.514700766654275,NA
"Acer","ACRU","NEON.PLA.D05.TREE.01012","TREE_045","TREE","D05",2015-08-11,"Live","single bole tree","Full sun",130,NA,18,26.8,NA,57,"Acer rubrum L.",17.7,179.7,"2015",316,"soft maple/birch","Acer rubrum L.","red maple","Aceraceae","tree","rubrum",0.744,"hw2",-1.9123,2.3651,"AceraceaeBelow0.50spg","hardwood","Hardwood",0.44,-2.047,2.3852,0.21103,0.95964,NA,"Check",352.517160792281,329.144275535917,NA
"Acer","ACRU","NEON.PLA.D05.TREE.02806","TREE_010","TREE","D05",2017-10-24,"Live","small tree",NA,130,NA,6.3,3.4,NA,NA,"Acer rubrum L.",NA,NA,"2017",316,"soft maple/birch","Acer rubrum L.","red maple","Aceraceae","tree","rubrum",0.744,"hw2",-1.9123,2.3651,"AceraceaeBelow0.50spg","hardwood","Hardwood",0.44,-2.047,2.3852,0.21103,0.95964,NA,"Check",1.32665072535578,1.18129529535032,NA
"Acer","ACRU","NEON.PLA.D05.TREE.00206A","TREE_025","TREE","D05",2018-10-17,"Live","multi-bole tree",NA,130,NA,18.4,20.4,NA,41,"Acer rubrum L.",13.2,110,"2018",316,"soft maple/birch","Acer rubrum L.","red maple","Aceraceae","tree","rubrum",0.744,"hw2",-1.9123,2.3651,"AceraceaeBelow0.50spg","hardwood","Hardwood",0.44,-2.047,2.3852,0.21103,0.95964,NA,"Check",184.886402141885,171.683702598181,NA
"Acer","ACRU","NEON.PLA.D05.TREE.01254","TREE_045","TREE","D05",2015-08-11,"Live","single bole tree","Partially shaded",130,NA,16.6,22,NA,57,"Acer rubrum L.",18.6,165.3,"2015",316,"soft maple/birch","Acer rubrum L.","red maple","Aceraceae","tree","rubrum",0.744,"hw2",-1.9123,2.3651,"AceraceaeBelow0.50spg","hardwood","Hardwood",0.44,-2.047,2.3852,0.21103,0.95964,NA,"Check",221.035761780458,205.563391280021,NA
"Acer","ACRU","NEON.PLA.D05.TREE.01254","TREE_045","TREE","D05",2016-10-18,"Live","single bole tree",NA,130,NA,17.1,21.7,NA,57,"Acer rubrum L.",18.6,165.3,"2016",316,"soft maple/birch","Acer rubrum L.","red maple","Aceraceae","tree","rubrum",0.744,"hw2",-1.9123,2.3651,"AceraceaeBelow0.50spg","hardwood","Hardwood",0.44,-2.047,2.3852,0.21103,0.95964,NA,"Check",213.973297118974,198.94038437852,NA
"Acer","ACRU","NEON.PLA.D05.TREE.00461","TREE_057","TREE","D05",2015-08-04,"Live","multi-bole tree","Full sun",130,NA,15.5,31,NA,57,"Acer rubrum L.",6.8,153.8,"2015",316,"soft maple/birch","Acer rubrum L.","red maple","Aceraceae","tree","rubrum",0.744,"hw2",-1.9123,2.3651,"AceraceaeBelow0.50spg","hardwood","Hardwood",0.44,-2.047,2.3852,0.21103,0.95964,NA,"Check",497.414228807279,465.795306011597,NA
"Acer","ACRU","NEON.PLA.D05.TREE.00410","TREE_057","TREE","D05",2017-10-17,"Live","multi-bole tree",NA,130,NA,19.8,25.3,NA,41,"Acer rubrum L.",9.7,340.7,"2017",316,"soft maple/birch","Acer rubrum L.","red maple","Aceraceae","tree","rubrum",0.744,"hw2",-1.9123,2.3651,"AceraceaeBelow0.50spg","hardwood","Hardwood",0.44,-2.047,2.3852,0.21103,0.95964,NA,"Check",307.623144300243,286.89452649258,NA
"Acer","ACRU","NEON.PLA.D05.TREE.00410A","TREE_057","TREE","D05",2018-10-16,"Live","multi-bole tree",NA,130,NA,20.8,17.3,NA,41,"Acer rubrum L.",9.7,340.7,"2018",316,"soft maple/birch","Acer rubrum L.","red maple","Aceraceae","tree","rubrum",0.744,"hw2",-1.9123,2.3651,"AceraceaeBelow0.50spg","hardwood","Hardwood",0.44,-2.047,2.3852,0.21103,0.95964,NA,"Check",125.199184705323,115.874203188382,NA
"Acer","ACRU","NEON.PLA.D05.TREE.00461A","TREE_057","TREE","D05",2018-10-16,"Live","multi-bole tree",NA,130,NA,20.7,18.8,NA,57,"Acer rubrum L.",6.8,153.8,"2018",316,"soft maple/birch","Acer rubrum L.","red maple","Aceraceae","tree","rubrum",0.744,"hw2",-1.9123,2.3651,"AceraceaeBelow0.50spg","hardwood","Hardwood",0.44,-2.047,2.3852,0.21103,0.95964,NA,"Check",152.408571155501,141.292951600813,NA
"Acer","ACRU","NEON.PLA.D05.TREE.00472","TREE_052","TREE","D05",2018-08-29,"Live","single bole tree",NA,130,NA,12.6,14.8,NA,21,"Acer rubrum L.",11.5,45.5,"2018",316,"soft maple/birch","Acer rubrum L.","red maple","Aceraceae","tree","rubrum",0.744,"hw2",-1.9123,2.3651,"AceraceaeBelow0.50spg","hardwood","Hardwood",0.44,-2.047,2.3852,0.21103,0.95964,NA,"Check",86.5535021969129,79.8559791452503,NA
"Acer","ACRU","NEON.PLA.D05.TREE.00887","TREE_057","TREE","D05",2017-10-17,"Live","multi-bole tree",NA,130,NA,19.1,25.8,NA,41,"Acer rubrum L.",12.1,130.3,"2017",316,"soft maple/birch","Acer rubrum L.","red maple","Aceraceae","tree","rubrum",0.744,"hw2",-1.9123,2.3651,"AceraceaeBelow0.50spg","hardwood","Hardwood",0.44,-2.047,2.3852,0.21103,0.95964,NA,"Check",322.196210987341,300.603835929002,NA
"Acer","ACRU","NEON.PLA.D05.TREE.03779","TREE_002","TREE","D05",2018-05-07,"Live, broken bole","small tree",NA,130,NA,1.3,1.3,NA,NA,"Acer rubrum L.",NA,NA,"2018",316,"soft maple/birch","Acer rubrum L.","red maple","Aceraceae","tree","rubrum",0.744,"hw2",-1.9123,2.3651,"AceraceaeBelow0.50spg","hardwood","Hardwood",0.44,-2.047,2.3852,0.21103,0.95964,NA,"Check",0.136534761067149,0.119248423248435,NA
"Acer","ACRU","NEON.PLA.D05.TREE.00435","TREE_052","TREE","D05",2015-08-03,"Live,  other damage","single bole tree","Mostly shaded",130,NA,7.5,14.5,NA,41,"Acer rubrum L.",8.9,188.4,"2015",316,"soft maple/birch","Acer rubrum L.","red maple","Aceraceae","tree","rubrum",0.744,"hw2",-1.9123,2.3651,"AceraceaeBelow0.50spg","hardwood","Hardwood",0.44,-2.047,2.3852,0.21103,0.95964,NA,"Check",82.4612899714447,76.0491132550861,NA
"Acer","ACRU","NEON.PLA.D05.TREE.01258","TREE_043","TREE","D05",2017-10-17,"Live","small tree",NA,130,NA,2.7,1.2,NA,NA,"Acer rubrum L.",NA,NA,"2017",316,"soft maple/birch","Acer rubrum L.","red maple","Aceraceae","tree","rubrum",0.744,"hw2",-1.9123,2.3651,"AceraceaeBelow0.50spg","hardwood","Hardwood",0.44,-2.047,2.3852,0.21103,0.95964,NA,"Check",0.112986713722055,0.0985231002614041,NA
"Acer","ACRU","NEON.PLA.D05.TREE.02969","TREE_009","TREE","D05",2019-10-16,"Live","small tree",NA,130,NA,4.9,1.7,NA,NA,"Acer rubrum L.",NA,NA,"2019",316,"soft maple/birch","Acer rubrum L.","red maple","Aceraceae","tree","rubrum",0.744,"hw2",-1.9123,2.3651,"AceraceaeBelow0.50spg","hardwood","Hardwood",0.44,-2.047,2.3852,0.21103,0.95964,NA,"Check",0.257507899353021,0.226121432805832,NA
"Acer","ACSA3","NEON.PLA.D05.TREE.00574","TREE_046","TREE","D05",2018-10-10,"Live","single bole tree",NA,130,NA,21,25.7,NA,57,"Acer saccharum Marshall",9.1,115,"2018",318,"hard maple/oak/hickory/beech","Acer saccharum Marshall","sugar maple","Aceraceae","tree","saccharum",0.841,"hw4",-2.0127,2.4342,"AceraceaeAbove0.50spg","hardwood","Hardwood",0.56,-1.8011,2.3852,0.21103,0.95964,NA,"Check",361.372171221535,380.859413610118,NA
"Acer","ACSA3","NEON.PLA.D05.TREE.00045","TREE_050","TREE","D05",2017-08-30,"Live","single bole tree",NA,130,NA,10.6,12.4,NA,39,"Acer saccharum Marshall",11,70.2,"2017",318,"hard maple/oak/hickory/beech","Acer saccharum Marshall","sugar maple","Aceraceae","tree","saccharum",0.841,"hw4",-2.0127,2.4342,"AceraceaeAbove0.50spg","hardwood","Hardwood",0.56,-1.8011,2.3852,0.21103,0.95964,NA,"Check",61.3059409130086,66.9609508582042,NA
"Acer","ACSA3","NEON.PLA.D05.TREE.00045","TREE_050","TREE","D05",2021-10-06,"Live, physically damaged","single bole tree","Partially shaded",130,NA,10.8,15.3,NA,39,"Acer saccharum Marshall",11,70.2,"2021",318,"hard maple/oak/hickory/beech","Acer saccharum Marshall","sugar maple","Aceraceae","tree","saccharum",0.841,"hw4",-2.0127,2.4342,"AceraceaeAbove0.50spg","hardwood","Hardwood",0.56,-1.8011,2.3852,0.21103,0.95964,NA,"Check",102.251897773976,110.539681633179,NA
"Acer","ACSA3","NEON.PLA.D05.TREE.00101","TREE_054","TREE","D05",2016-10-18,"Dead, broken bole","single bole tree",NA,130,NA,12.9,19.9,NA,39,"Acer saccharum Marshall",1.8,112.3,"2016",318,"hard maple/oak/hickory/beech","Acer saccharum Marshall","sugar maple","Aceraceae","tree","saccharum",0.841,"hw4",-2.0127,2.4342,"AceraceaeAbove0.50spg","hardwood","Hardwood",0.56,-1.8011,2.3852,0.21103,0.95964,NA,"Check",193.893680655657,206.926716522833,NA
"Acer","ACSA3","NEON.PLA.D05.TREE.00543","TREE_042","TREE","D05",2021-10-04,"Live","single bole tree","Full shade",130,NA,14.1,19.3,NA,23,"Acer saccharum Marshall",6.3,51.1,"2021",318,"hard maple/oak/hickory/beech","Acer saccharum Marshall","sugar maple","Aceraceae","tree","saccharum",0.841,"hw4",-2.0127,2.4342,"AceraceaeAbove0.50spg","hardwood","Hardwood",0.56,-1.8011,2.3852,0.21103,0.95964,NA,"Check",179.969577814821,192.355009930292,NA
"Acer","ACSA3","NEON.PLA.D05.TREE.00543","TREE_042","TREE","D05",2015-07-27,"Live","single bole tree","Mostly shaded",130,NA,12.6,19,NA,23,"Acer saccharum Marshall",6.3,51.1,"2015",318,"hard maple/oak/hickory/beech","Acer saccharum Marshall","sugar maple","Aceraceae","tree","saccharum",0.841,"hw4",-2.0127,2.4342,"AceraceaeAbove0.50spg","hardwood","Hardwood",0.56,-1.8011,2.3852,0.21103,0.95964,NA,"Check",173.235746445548,185.299948082001,NA
"Acer","ACSA3","NEON.PLA.D05.TREE.00204","TREE_054","TREE","D05",2022-09-07,"Live","single bole tree","Partially shaded",130,NA,18.7,28.4,NA,43,"Acer saccharum Marshall",10.5,325.5,"2022",318,"hard maple/oak/hickory/beech","Acer saccharum Marshall","sugar maple","Aceraceae","tree","saccharum",0.841,"hw4",-2.0127,2.4342,"AceraceaeAbove0.50spg","hardwood","Hardwood",0.56,-1.8011,2.3852,0.21103,0.95964,NA,"Check",460.85361617797,483.333740448169,NA
"Acer","ACSA3","NEON.PLA.D05.TREE.01089","TREE_047","TREE","D05",2018-08-28,"Live","small tree",NA,130,NA,5.2,4.9,NA,NA,"Acer saccharum Marshall",NA,NA,"2018",318,"hard maple/oak/hickory/beech","Acer saccharum Marshall","sugar maple","Aceraceae","tree","saccharum",0.841,"hw4",-2.0127,2.4342,"AceraceaeAbove0.50spg","hardwood","Hardwood",0.56,-1.8011,2.3852,0.21103,0.95964,NA,"Check",4.19671239175815,4.83806064468839,NA
"Acer","ACSA3","NEON.PLA.D05.TREE.00153","TREE_055","TREE","D05",2016-09-27,"Live,  other damage","single bole tree",NA,130,NA,21.2,31,NA,59,"Acer saccharum Marshall",5.1,230.2,"2016",318,"hard maple/oak/hickory/beech","Acer saccharum Marshall","sugar maple","Aceraceae","tree","saccharum",0.841,"hw4",-2.0127,2.4342,"AceraceaeAbove0.50spg","hardwood","Hardwood",0.56,-1.8011,2.3852,0.21103,0.95964,NA,"Check",570.385046622497,595.645850652581,NA
"Acer","ACSA3","NEON.PLA.D05.TREE.00615","TREE_042","TREE","D05",2020-10-06,"Live","single bole tree","Mostly shaded",130,NA,14.2,14,NA,61,"Acer saccharum Marshall",16.2,220.9,"2020",318,"hard maple/oak/hickory/beech","Acer saccharum Marshall","sugar maple","Aceraceae","tree","saccharum",0.841,"hw4",-2.0127,2.4342,"AceraceaeAbove0.50spg","hardwood","Hardwood",0.56,-1.8011,2.3852,0.21103,0.95964,NA,"Check",82.3759356969086,89.4410315345985,NA
"Acer","ACSA3","NEON.PLA.D05.TREE.00153","TREE_055","TREE","D05",2015-07-29,"Live, disease damaged","single bole tree","Open grown",10,NA,21,31.5,NA,59,"Acer saccharum Marshall",5.1,230.2,"2015",318,"hard maple/oak/hickory/beech","Acer saccharum Marshall","sugar maple","Aceraceae","tree","saccharum",0.841,"hw4",-2.0127,2.4342,"AceraceaeAbove0.50spg","hardwood","Hardwood",0.56,-1.8011,2.3852,0.21103,0.95964,NA,"Check",0.27062265635465,0.240522268978321,NA
"Acer","ACSA3","NEON.PLA.D05.TREE.00518","TREE_053","TREE","D05",2017-08-30,"Live","single bole tree",NA,130,NA,14.9,11.9,NA,43,"Acer saccharum Marshall",10.5,330.9,"2017",318,"hard maple/oak/hickory/beech","Acer saccharum Marshall","sugar maple","Aceraceae","tree","saccharum",0.841,"hw4",-2.0127,2.4342,"AceraceaeAbove0.50spg","hardwood","Hardwood",0.56,-1.8011,2.3852,0.21103,0.95964,NA,"Check",55.4615381144916,60.6997386199753,NA
"Acer","ACSA3","NEON.PLA.D05.TREE.00568","TREE_053","TREE","D05",2015-07-27,"Live","single bole tree","Partially shaded",130,NA,17.5,21.4,NA,41,"Acer saccharum Marshall",10.6,107,"2015",318,"hard maple/oak/hickory/beech","Acer saccharum Marshall","sugar maple","Aceraceae","tree","saccharum",0.841,"hw4",-2.0127,2.4342,"AceraceaeAbove0.50spg","hardwood","Hardwood",0.56,-1.8011,2.3852,0.21103,0.95964,NA,"Check",231.413506666186,246.090665560645,NA
"Acer","ACSA3","NEON.PLA.D05.TREE.00593","TREE_042","TREE","D05",2018-10-10,"Live","single bole tree",NA,130,NA,23.6,32.9,NA,41,"Acer saccharum Marshall",13.1,178.6,"2018",318,"hard maple/oak/hickory/beech","Acer saccharum Marshall","sugar maple","Aceraceae","tree","saccharum",0.841,"hw4",-2.0127,2.4342,"AceraceaeAbove0.50spg","hardwood","Hardwood",0.56,-1.8011,2.3852,0.21103,0.95964,NA,"Check",659.255483871026,686.448348384447,NA
"Acer","ACSA3","NEON.PLA.D05.TREE.00593","TREE_042","TREE","D05",2019-10-23,"Live","single bole tree",NA,130,NA,17.1,33.8,NA,41,"Acer saccharum Marshall",13.1,178.6,"2019",318,"hard maple/oak/hickory/beech","Acer saccharum Marshall","sugar maple","Aceraceae","tree","saccharum",0.841,"hw4",-2.0127,2.4342,"AceraceaeAbove0.50spg","hardwood","Hardwood",0.56,-1.8011,2.3852,0.21103,0.95964,NA,"Check",704.01924006238,732.089742943881,NA
"Acer","ACSA3","NEON.PLA.D05.TREE.01465","TREE_041","TREE","D05",2016-10-18,"Live, physically damaged","single bole tree",NA,130,NA,22.3,31.2,NA,23,"Acer saccharum Marshall",10.9,308.3,"2016",318,"hard maple/oak/hickory/beech","Acer saccharum Marshall","sugar maple","Aceraceae","tree","saccharum",0.841,"hw4",-2.0127,2.4342,"AceraceaeAbove0.50spg","hardwood","Hardwood",0.56,-1.8011,2.3852,0.21103,0.95964,NA,"Check",579.384148449605,604.852870835354,NA
"Acer","ACSA3","NEON.PLA.D05.TREE.01465","TREE_041","TREE","D05",2019-10-23,"Live","single bole tree",NA,130,NA,21.8,31.7,NA,23,"Acer saccharum Marshall",10.9,308.3,"2019",318,"hard maple/oak/hickory/beech","Acer saccharum Marshall","sugar maple","Aceraceae","tree","saccharum",0.841,"hw4",-2.0127,2.4342,"AceraceaeAbove0.50spg","hardwood","Hardwood",0.56,-1.8011,2.3852,0.21103,0.95964,NA,"Check",602.246039081618,628.23012928128,NA
"Acer","ACSA3","NEON.PLA.D05.TREE.01643","TREE_056","TREE","D05",2022-09-20,"Live","single bole tree","Full sun",130,NA,22.2,57.5,NA,23,"Acer saccharum Marshall",3.9,357,"2022",318,"hard maple/oak/hickory/beech","Acer saccharum Marshall","sugar maple","Aceraceae","tree","saccharum",0.841,"hw4",-2.0127,2.4342,"AceraceaeAbove0.50spg","hardwood","Hardwood",0.56,-1.8011,2.3852,0.21103,0.95964,NA,"Check",2566.13183103906,2599.87191023156,NA
"Acer","ACSA3","NEON.PLA.D05.TREE.01643","TREE_056","TREE","D05",2021-09-22,"Live","single bole tree","Full sun",130,NA,20.9,57.3,NA,23,"Acer saccharum Marshall",3.9,357,"2021",318,"hard maple/oak/hickory/beech","Acer saccharum Marshall","sugar maple","Aceraceae","tree","saccharum",0.841,"hw4",-2.0127,2.4342,"AceraceaeAbove0.50spg","hardwood","Hardwood",0.56,-1.8011,2.3852,0.21103,0.95964,NA,"Check",2544.45911589285,2578.35440706481,NA
"Acer","ACSA3","NEON.PLA.D05.TREE.00617","TREE_046","TREE","D05",2021-09-21,"Live","single bole tree","Full sun",130,NA,24.3,55.5,NA,39,"Acer saccharum Marshall",14.1,45,"2021",318,"hard maple/oak/hickory/beech","Acer saccharum Marshall","sugar maple","Aceraceae","tree","saccharum",0.841,"hw4",-2.0127,2.4342,"AceraceaeAbove0.50spg","hardwood","Hardwood",0.56,-1.8011,2.3852,0.21103,0.95964,NA,"Check",2354.25486088453,2389.35033376794,NA
"Acer","ACSA3","NEON.PLA.D05.TREE.00617","TREE_046","TREE","D05",2018-10-10,"Live","single bole tree",NA,130,NA,24,55,NA,39,"Acer saccharum Marshall",14.1,45,"2018",318,"hard maple/oak/hickory/beech","Acer saccharum Marshall","sugar maple","Aceraceae","tree","saccharum",0.841,"hw4",-2.0127,2.4342,"AceraceaeAbove0.50spg","hardwood","Hardwood",0.56,-1.8011,2.3852,0.21103,0.95964,NA,"Check",2302.95978921611,2338.32727600101,NA
"Acer","ACSA3","NEON.PLA.D05.TREE.00617","TREE_046","TREE","D05",2017-09-25,"Live","single bole tree",NA,130,NA,22.4,54.9,NA,39,"Acer saccharum Marshall",14.1,45,"2017",318,"hard maple/oak/hickory/beech","Acer saccharum Marshall","sugar maple","Aceraceae","tree","saccharum",0.841,"hw4",-2.0127,2.4342,"AceraceaeAbove0.50spg","hardwood","Hardwood",0.56,-1.8011,2.3852,0.21103,0.95964,NA,"Check",2292.78059355349,2328.19935524001,NA
"Acer","ACSA3","NEON.PLA.D05.TREE.00104","TREE_049","TREE","D05",2015-07-28,"Live","single bole tree","Partially shaded",130,NA,18.4,21.4,NA,25,"Acer saccharum Marshall",7.2,307.3,"2015",318,"hard maple/oak/hickory/beech","Acer saccharum Marshall","sugar maple","Aceraceae","tree","saccharum",0.841,"hw4",-2.0127,2.4342,"AceraceaeAbove0.50spg","hardwood","Hardwood",0.56,-1.8011,2.3852,0.21103,0.95964,NA,"Check",231.413506666186,246.090665560645,NA
"Acer","ACSA3","NEON.PLA.D05.TREE.00546","TREE_053","TREE","D05",2016-09-27,"Live","single bole tree",NA,130,NA,14.4,13,NA,41,"Acer saccharum Marshall",12.4,51.5,"2016",318,"hard maple/oak/hickory/beech","Acer saccharum Marshall","sugar maple","Aceraceae","tree","saccharum",0.841,"hw4",-2.0127,2.4342,"AceraceaeAbove0.50spg","hardwood","Hardwood",0.56,-1.8011,2.3852,0.21103,0.95964,NA,"Check",68.7790866715438,74.9496989166102,NA
"Acer","ACSA3","NEON.PLA.D05.TREE.00105","TREE_055","TREE","D05",2018-10-10,"Live","small tree",NA,130,NA,9.5,5.5,NA,NA,"Acer saccharum Marshall",NA,NA,"2018",318,"hard maple/oak/hickory/beech","Acer saccharum Marshall","sugar maple","Aceraceae","tree","saccharum",0.841,"hw4",-2.0127,2.4342,"AceraceaeAbove0.50spg","hardwood","Hardwood",0.56,-1.8011,2.3852,0.21103,0.95964,NA,"Check",5.55935961646649,6.37277675271249,NA
"Acer","ACSA3","NEON.PLA.D05.TREE.00180","TREE_049","TREE","D05",2018-10-10,"Live","multi-bole tree",NA,130,NA,18.7,19.9,NA,41,"Acer saccharum Marshall",7.4,220,"2018",318,"hard maple/oak/hickory/beech","Acer saccharum Marshall","sugar maple","Aceraceae","tree","saccharum",0.841,"hw4",-2.0127,2.4342,"AceraceaeAbove0.50spg","hardwood","Hardwood",0.56,-1.8011,2.3852,0.21103,0.95964,NA,"Check",193.893680655657,206.926716522833,NA
"Acer","ACSA3","NEON.PLA.D05.TREE.00051","TREE_049","TREE","D05",2017-09-18,"Live","single bole tree",NA,130,NA,21.4,24.6,NA,21,"Acer saccharum Marshall",8.2,83,"2017",318,"hard maple/oak/hickory/beech","Acer saccharum Marshall","sugar maple","Aceraceae","tree","saccharum",0.841,"hw4",-2.0127,2.4342,"AceraceaeAbove0.50spg","hardwood","Hardwood",0.56,-1.8011,2.3852,0.21103,0.95964,NA,"Check",324.870093917349,343.123628680578,NA
"Acer","ACSA3","NEON.PLA.D05.TREE.00208","TREE_051","TREE","D05",2016-09-28,"Live, physically damaged","single bole tree",NA,130,NA,13.1,15.5,NA,59,"Acer saccharum Marshall",5.7,117.7,"2016",318,"hard maple/oak/hickory/beech","Acer saccharum Marshall","sugar maple","Aceraceae","tree","saccharum",0.841,"hw4",-2.0127,2.4342,"AceraceaeAbove0.50spg","hardwood","Hardwood",0.56,-1.8011,2.3852,0.21103,0.95964,NA,"Check",105.536069580076,114.017463478061,NA
"Acer","ACSA3","NEON.PLA.D05.TREE.01266","TREE_047","TREE","D05",2018-08-28,"Live","single bole tree",NA,130,NA,18.8,25.3,NA,57,"Acer saccharum Marshall",5.2,106.6,"2018",318,"hard maple/oak/hickory/beech","Acer saccharum Marshall","sugar maple","Aceraceae","tree","saccharum",0.841,"hw4",-2.0127,2.4342,"AceraceaeAbove0.50spg","hardwood","Hardwood",0.56,-1.8011,2.3852,0.21103,0.95964,NA,"Check",347.83354977105,366.872598488547,NA
"Acer","ACSA3","NEON.PLA.D05.TREE.01095","TREE_047","TREE","D05",2016-10-19,"Dead, broken bole","small tree",NA,130,NA,NA,7.1,NA,NA,"Acer saccharum Marshall",NA,NA,"2016",318,"hard maple/oak/hickory/beech","Acer saccharum Marshall","sugar maple","Aceraceae","tree","saccharum",0.841,"hw4",-2.0127,2.4342,"AceraceaeAbove0.50spg","hardwood","Hardwood",0.56,-1.8011,2.3852,0.21103,0.95964,NA,"Check",10.3506347044822,11.7175558227026,NA
"Acer","ACSA3","NEON.PLA.D05.TREE.00024","TREE_049","TREE","D05",2022-09-20,"Live","single bole tree","Mostly shaded",130,NA,14.6,14,NA,43,"Acer saccharum Marshall",1.7,198.6,"2022",318,"hard maple/oak/hickory/beech","Acer saccharum Marshall","sugar maple","Aceraceae","tree","saccharum",0.841,"hw4",-2.0127,2.4342,"AceraceaeAbove0.50spg","hardwood","Hardwood",0.56,-1.8011,2.3852,0.21103,0.95964,NA,"Check",82.3759356969086,89.4410315345985,NA
"Acer","ACSA3","NEON.PLA.D05.TREE.00181","TREE_055","TREE","D05",2016-09-27,"Live","single bole tree",NA,130,NA,25.1,33.5,NA,41,"Acer saccharum Marshall",11.9,113.1,"2016",318,"hard maple/oak/hickory/beech","Acer saccharum Marshall","sugar maple","Aceraceae","tree","saccharum",0.841,"hw4",-2.0127,2.4342,"AceraceaeAbove0.50spg","hardwood","Hardwood",0.56,-1.8011,2.3852,0.21103,0.95964,NA,"Check",688.905362834101,716.686266511086,NA
"Acer","ACSA3","NEON.PLA.D05.TREE.00025","TREE_049","TREE","D05",2017-09-18,"Live","single bole tree",NA,130,NA,15,13.4,NA,25,"Acer saccharum Marshall",7,302.1,"2017",318,"hard maple/oak/hickory/beech","Acer saccharum Marshall","sugar maple","Aceraceae","tree","saccharum",0.841,"hw4",-2.0127,2.4342,"AceraceaeAbove0.50spg","hardwood","Hardwood",0.56,-1.8011,2.3852,0.21103,0.95964,NA,"Check",74.0447031678835,80.5679982829085,NA
"Acer","ACSA3","NEON.PLA.D05.TREE.00597","TREE_046","TREE","D05",2017-09-25,"Live","single bole tree",NA,130,NA,19.8,27.3,NA,59,"Acer saccharum Marshall",3.1,214,"2017",318,"hard maple/oak/hickory/beech","Acer saccharum Marshall","sugar maple","Aceraceae","tree","saccharum",0.841,"hw4",-2.0127,2.4342,"AceraceaeAbove0.50spg","hardwood","Hardwood",0.56,-1.8011,2.3852,0.21103,0.95964,NA,"Check",418.603265285804,439.873049785089,NA
"Acer","ACSA3","NEON.PLA.D05.TREE.01479","TREE_041","TREE","D05",2022-09-06,"Live","single bole tree","Full sun",140,NA,21.5,27,NA,23,"Acer saccharum Marshall",7.6,339.6,"2022",318,"hard maple/oak/hickory/beech","Acer saccharum Marshall","sugar maple","Aceraceae","tree","saccharum",0.841,"hw4",-2.0127,2.4342,"AceraceaeAbove0.50spg","hardwood","Hardwood",0.56,-1.8011,2.3852,0.21103,0.95964,NA,"Check",407.49395541266,428.431169041645,NA
"Acer","ACSA3","NEON.PLA.D05.TREE.00492","TREE_051","TREE","D05",2015-08-03,"Live","single bole tree","Partially shaded",130,NA,14.3,17,NA,59,"Acer saccharum Marshall",2.8,149.3,"2015",318,"hard maple/oak/hickory/beech","Acer saccharum Marshall","sugar maple","Aceraceae","tree","saccharum",0.841,"hw4",-2.0127,2.4342,"AceraceaeAbove0.50spg","hardwood","Hardwood",0.56,-1.8011,2.3852,0.21103,0.95964,NA,"Check",132.146072699293,142.121236035814,NA
"Acer","ACSA3","NEON.PLA.D05.TREE.00525","TREE_042","TREE","D05",2016-09-28,"Live","small tree",NA,130,NA,10.4,9.4,NA,NA,"Acer saccharum Marshall",NA,NA,"2016",318,"hard maple/oak/hickory/beech","Acer saccharum Marshall","sugar maple","Aceraceae","tree","saccharum",0.841,"hw4",-2.0127,2.4342,"AceraceaeAbove0.50spg","hardwood","Hardwood",0.56,-1.8011,2.3852,0.21103,0.95964,NA,"Check",20.4937639897056,22.8833800898533,NA
"Acer","ACSA3","NEON.PLA.D05.TREE.00648","TREE_042","TREE","D05",2015-07-27,"Live","single bole tree","Mostly shaded",130,NA,14.8,19.6,NA,61,"Acer saccharum Marshall",3,224.8,"2015",318,"hard maple/oak/hickory/beech","Acer saccharum Marshall","sugar maple","Aceraceae","tree","saccharum",0.841,"hw4",-2.0127,2.4342,"AceraceaeAbove0.50spg","hardwood","Hardwood",0.56,-1.8011,2.3852,0.21103,0.95964,NA,"Check",186.855215841316,199.563627713359,NA
"Acer","ACSA3","NEON.PLA.D05.TREE.00209","TREE_054","TREE","D05",2016-10-18,"Live","single bole tree",NA,130,NA,9.9,17,NA,43,"Acer saccharum Marshall",2.4,292.7,"2016",318,"hard maple/oak/hickory/beech","Acer saccharum Marshall","sugar maple","Aceraceae","tree","saccharum",0.841,"hw4",-2.0127,2.4342,"AceraceaeAbove0.50spg","hardwood","Hardwood",0.56,-1.8011,2.3852,0.21103,0.95964,NA,"Check",132.146072699293,142.121236035814,NA
"Acer","ACSA3","NEON.PLA.D05.TREE.00564","TREE_042","TREE","D05",2017-09-25,"Live","single bole tree",NA,130,NA,20.2,32.7,NA,59,"Acer saccharum Marshall",9.8,162.8,"2017",318,"hard maple/oak/hickory/beech","Acer saccharum Marshall","sugar maple","Aceraceae","tree","saccharum",0.841,"hw4",-2.0127,2.4342,"AceraceaeAbove0.50spg","hardwood","Hardwood",0.56,-1.8011,2.3852,0.21103,0.95964,NA,"Check",649.542594646238,676.536929927892,NA
"Acer","ACSA3","NEON.PLA.D05.TREE.00493","TREE_051","TREE","D05",2017-09-26,"Live","single bole tree",NA,130,NA,13.3,23.8,NA,43,"Acer saccharum Marshall",6.1,283.2,"2017",318,"hard maple/oak/hickory/beech","Acer saccharum Marshall","sugar maple","Aceraceae","tree","saccharum",0.841,"hw4",-2.0127,2.4342,"AceraceaeAbove0.50spg","hardwood","Hardwood",0.56,-1.8011,2.3852,0.21103,0.95964,NA,"Check",299.749954011571,317.105348091186,NA
"Acer","ACSA3","NEON.PLA.D05.TREE.00503","TREE_042","TREE","D05",2021-10-04,"Live","single bole tree","Mostly shaded",130,NA,21.5,21.9,NA,41,"Acer saccharum Marshall",3.3,82.3,"2021",318,"hard maple/oak/hickory/beech","Acer saccharum Marshall","sugar maple","Aceraceae","tree","saccharum",0.841,"hw4",-2.0127,2.4342,"AceraceaeAbove0.50spg","hardwood","Hardwood",0.56,-1.8011,2.3852,0.21103,0.95964,NA,"Check",244.79613726152,260.027638203559,NA
"Acer","ACSA3","NEON.PLA.D05.TREE.00026","TREE_054","TREE","D05",2018-10-09,"Live","single bole tree",NA,130,NA,10.6,22.8,NA,39,"Acer saccharum Marshall",10,158.6,"2018",318,"hard maple/oak/hickory/beech","Acer saccharum Marshall","sugar maple","Aceraceae","tree","saccharum",0.841,"hw4",-2.0127,2.4342,"AceraceaeAbove0.50spg","hardwood","Hardwood",0.56,-1.8011,2.3852,0.21103,0.95964,NA,"Check",270.010405362331,286.245327151243,NA
"Acer","ACSA3","NEON.PLA.D05.TREE.00184","TREE_049","TREE","D05",2018-10-10,"Live","single bole tree",NA,130,NA,21.9,37.6,NA,41,"Acer saccharum Marshall",10.8,148.5,"2018",318,"hard maple/oak/hickory/beech","Acer saccharum Marshall","sugar maple","Aceraceae","tree","saccharum",0.841,"hw4",-2.0127,2.4342,"AceraceaeAbove0.50spg","hardwood","Hardwood",0.56,-1.8011,2.3852,0.21103,0.95964,NA,"Check",912.468221843803,943.909281105939,NA
"Acer","ACSA3","NEON.PLA.D05.TREE.00329","TREE_051","TREE","D05",2018-10-09,"Live","single bole tree",NA,130,NA,11.5,12.3,NA,57,"Acer saccharum Marshall",6.2,97.7,"2018",318,"hard maple/oak/hickory/beech","Acer saccharum Marshall","sugar maple","Aceraceae","tree","saccharum",0.841,"hw4",-2.0127,2.4342,"AceraceaeAbove0.50spg","hardwood","Hardwood",0.56,-1.8011,2.3852,0.21103,0.95964,NA,"Check",60.1094173824626,65.6801113592681,NA
"Acer","ACSA3","NEON.PLA.D05.TREE.00301","TREE_054","TREE","D05",2018-10-09,"Live","single bole tree",NA,130,NA,13.3,19.8,NA,39,"Acer saccharum Marshall",1.4,114.9,"2018",318,"hard maple/oak/hickory/beech","Acer saccharum Marshall","sugar maple","Aceraceae","tree","saccharum",0.841,"hw4",-2.0127,2.4342,"AceraceaeAbove0.50spg","hardwood","Hardwood",0.56,-1.8011,2.3852,0.21103,0.95964,NA,"Check",191.530482356647,204.455134006888,NA
"Acer","ACSA3","NEON.PLA.D05.TREE.00184","TREE_049","TREE","D05",2016-09-28,"Live","single bole tree",NA,130,NA,19.7,36.8,NA,41,"Acer saccharum Marshall",10.8,148.5,"2016",318,"hard maple/oak/hickory/beech","Acer saccharum Marshall","sugar maple","Aceraceae","tree","saccharum",0.841,"hw4",-2.0127,2.4342,"AceraceaeAbove0.50spg","hardwood","Hardwood",0.56,-1.8011,2.3852,0.21103,0.95964,NA,"Check",865.928944291763,896.710852245725,NA
"Acer","ACSA3","NEON.PLA.D05.TREE.00672","TREE_042","TREE","D05",2020-10-06,"Live","single bole tree","Partially shaded",130,NA,21.1,39.8,NA,41,"Acer saccharum Marshall",11.4,144.7,"2020",318,"hard maple/oak/hickory/beech","Acer saccharum Marshall","sugar maple","Aceraceae","tree","saccharum",0.841,"hw4",-2.0127,2.4342,"AceraceaeAbove0.50spg","hardwood","Hardwood",0.56,-1.8011,2.3852,0.21103,0.95964,NA,"Check",1047.92661429059,1081.01896258817,NA
"Acer","ACSA3","NEON.PLA.D05.TREE.00673","TREE_042","TREE","D05",2018-10-10,"Dead, broken bole","single bole tree",NA,130,NA,3.3,13.5,NA,41,"Acer saccharum Marshall",10.1,122.9,"2018",318,"hard maple/oak/hickory/beech","Acer saccharum Marshall","sugar maple","Aceraceae","tree","saccharum",0.841,"hw4",-2.0127,2.4342,"AceraceaeAbove0.50spg","hardwood","Hardwood",0.56,-1.8011,2.3852,0.21103,0.95964,NA,"Check",75.3969808404766,82.0095281710613,NA
"Acer","ACSA3","NEON.PLA.D05.TREE.00553","TREE_046","TREE","D05",2017-09-25,"Live","small tree",NA,130,NA,8.7,7.2,NA,NA,"Acer saccharum Marshall",NA,NA,"2017",318,"hard maple/oak/hickory/beech","Acer saccharum Marshall","sugar maple","Aceraceae","tree","saccharum",0.841,"hw4",-2.0127,2.4342,"AceraceaeAbove0.50spg","hardwood","Hardwood",0.56,-1.8011,2.3852,0.21103,0.95964,NA,"Check",10.7090925554156,12.1150465815194,NA
"Acer","ACSA3","NEON.PLA.D05.TREE.00383","TREE_051","TREE","D05",2018-10-09,"Live","single bole tree",NA,130,NA,20.5,27.6,NA,61,"Acer saccharum Marshall",9.6,189.4,"2018",318,"hard maple/oak/hickory/beech","Acer saccharum Marshall","sugar maple","Aceraceae","tree","saccharum",0.841,"hw4",-2.0127,2.4342,"AceraceaeAbove0.50spg","hardwood","Hardwood",0.56,-1.8011,2.3852,0.21103,0.95964,NA,"Check",429.889050784339,451.490432022694,NA
"Acer","ACSA3","NEON.PLA.D05.TREE.00058","TREE_049","TREE","D05",2018-10-10,"Live","small tree",NA,130,NA,6.8,5.9,NA,NA,"Acer saccharum Marshall",NA,NA,"2018",318,"hard maple/oak/hickory/beech","Acer saccharum Marshall","sugar maple","Aceraceae","tree","saccharum",0.841,"hw4",-2.0127,2.4342,"AceraceaeAbove0.50spg","hardwood","Hardwood",0.56,-1.8011,2.3852,0.21103,0.95964,NA,"Check",6.59541117827534,7.53445487192896,NA
"Acer","ACSA3","NEON.PLA.D05.TREE.00553","TREE_046","TREE","D05",2016-09-29,"Live","small tree",NA,130,NA,8.3,7,NA,NA,"Acer saccharum Marshall",NA,NA,"2016",318,"hard maple/oak/hickory/beech","Acer saccharum Marshall","sugar maple","Aceraceae","tree","saccharum",0.841,"hw4",-2.0127,2.4342,"AceraceaeAbove0.50spg","hardwood","Hardwood",0.56,-1.8011,2.3852,0.21103,0.95964,NA,"Check",9.99934512588625,11.3277449701088,NA
"Acer","ACSA3","NEON.PLA.D05.TREE.01002","TREE_047","TREE","D05",2018-08-28,"Dead, broken bole","single bole tree",NA,130,NA,6.4,32.9,NA,39,"Acer saccharum Marshall",4.6,52.7,"2018",318,"hard maple/oak/hickory/beech","Acer saccharum Marshall","sugar maple","Aceraceae","tree","saccharum",0.841,"hw4",-2.0127,2.4342,"AceraceaeAbove0.50spg","hardwood","Hardwood",0.56,-1.8011,2.3852,0.21103,0.95964,NA,"Check",659.255483871026,686.448348384447,NA
"Acer","ACSA3","NEON.PLA.D05.TREE.00029","TREE_056","TREE","D05",2021-09-22,"Live","single bole tree","Full sun",130,NA,20.7,36.3,NA,39,"Acer saccharum Marshall",10,178.6,"2021",318,"hard maple/oak/hickory/beech","Acer saccharum Marshall","sugar maple","Aceraceae","tree","saccharum",0.841,"hw4",-2.0127,2.4342,"AceraceaeAbove0.50spg","hardwood","Hardwood",0.56,-1.8011,2.3852,0.21103,0.95964,NA,"Check",837.568244040865,867.92358622241,NA
"Acer","ACSA3","NEON.PLA.D05.TREE.00553","TREE_046","TREE","D05",2021-09-21,"Live","small tree","Full shade",140,NA,9.6,7.3,NA,NA,"Acer saccharum Marshall",NA,NA,"2021",318,"hard maple/oak/hickory/beech","Acer saccharum Marshall","sugar maple","Aceraceae","tree","saccharum",0.841,"hw4",-2.0127,2.4342,"AceraceaeAbove0.50spg","hardwood","Hardwood",0.56,-1.8011,2.3852,0.21103,0.95964,NA,"Check",11.0747623436148,12.5202587345466,NA
"Acer","ACSA3","NEON.PLA.D05.TREE.00085","TREE_055","TREE","D05",2018-10-10,"Live","single bole tree",NA,140,NA,11.1,13.2,NA,39,"Acer saccharum Marshall",9.7,49,"2018",318,"hard maple/oak/hickory/beech","Acer saccharum Marshall","sugar maple","Aceraceae","tree","saccharum",0.841,"hw4",-2.0127,2.4342,"AceraceaeAbove0.50spg","hardwood","Hardwood",0.56,-1.8011,2.3852,0.21103,0.95964,NA,"Check",71.3832898751995,77.7293702886172,NA
"Acer","ACSA3","NEON.PLA.D05.TREE.00553","TREE_046","TREE","D05",2018-10-10,"Live","small tree",NA,130,NA,10.5,7.5,NA,NA,"Acer saccharum Marshall",NA,NA,"2018",318,"hard maple/oak/hickory/beech","Acer saccharum Marshall","sugar maple","Aceraceae","tree","saccharum",0.841,"hw4",-2.0127,2.4342,"AceraceaeAbove0.50spg","hardwood","Hardwood",0.56,-1.8011,2.3852,0.21103,0.95964,NA,"Check",11.8279106897301,13.3540114190238,NA
"Acer","ACSA3","NEON.PLA.D05.TREE.00058","TREE_049","TREE","D05",2022-09-20,"Live","small tree","Full shade",140,NA,8.2,6,NA,NA,"Acer saccharum Marshall",NA,NA,"2022",318,"hard maple/oak/hickory/beech","Acer saccharum Marshall","sugar maple","Aceraceae","tree","saccharum",0.841,"hw4",-2.0127,2.4342,"AceraceaeAbove0.50spg","hardwood","Hardwood",0.56,-1.8011,2.3852,0.21103,0.95964,NA,"Check",6.87083758902683,7.8426345851942,NA
"Acer","ACSA3","NEON.PLA.D05.TREE.00554","TREE_046","TREE","D05",2018-10-10,"Live","small tree",NA,130,NA,4.9,3.5,NA,NA,"Acer saccharum Marshall",NA,NA,"2018",318,"hard maple/oak/hickory/beech","Acer saccharum Marshall","sugar maple","Aceraceae","tree","saccharum",0.841,"hw4",-2.0127,2.4342,"AceraceaeAbove0.50spg","hardwood","Hardwood",0.56,-1.8011,2.3852,0.21103,0.95964,NA,"Check",1.85013893546048,2.16833668362358,NA
"Acer","ACSA3","NEON.PLA.D05.TREE.00059","TREE_054","TREE","D05",2017-08-30,"Live","single bole tree",NA,130,NA,11,13.5,NA,43,"Acer saccharum Marshall",8.9,345.3,"2017",318,"hard maple/oak/hickory/beech","Acer saccharum Marshall","sugar maple","Aceraceae","tree","saccharum",0.841,"hw4",-2.0127,2.4342,"AceraceaeAbove0.50spg","hardwood","Hardwood",0.56,-1.8011,2.3852,0.21103,0.95964,NA,"Check",75.3969808404766,82.0095281710613,NA
"Acer","ACSA3","NEON.PLA.D05.TREE.00627","TREE_053","TREE","D05",2015-07-27,"Live","single bole tree","Partially shaded",130,NA,16.9,18.2,NA,23,"Acer saccharum Marshall",9.3,23.2,"2015",318,"hard maple/oak/hickory/beech","Acer saccharum Marshall","sugar maple","Aceraceae","tree","saccharum",0.841,"hw4",-2.0127,2.4342,"AceraceaeAbove0.50spg","hardwood","Hardwood",0.56,-1.8011,2.3852,0.21103,0.95964,NA,"Check",156.01317273853,167.23011301627,NA
"Acer","ACSA3","NEON.PLA.D05.TREE.00554","TREE_046","TREE","D05",2017-09-25,"Live","small tree",NA,130,NA,5.4,3.5,NA,NA,"Acer saccharum Marshall",NA,NA,"2017",318,"hard maple/oak/hickory/beech","Acer saccharum Marshall","sugar maple","Aceraceae","tree","saccharum",0.841,"hw4",-2.0127,2.4342,"AceraceaeAbove0.50spg","hardwood","Hardwood",0.56,-1.8011,2.3852,0.21103,0.95964,NA,"Check",1.85013893546048,2.16833668362358,NA
"Acer","ACSA3","NEON.PLA.D05.TREE.01442","TREE_041","TREE","D05",2022-09-07,"Live","single bole tree","Full sun",130,NA,24.5,31.4,NA,21,"Acer saccharum Marshall",6.9,82.6,"2022",318,"hard maple/oak/hickory/beech","Acer saccharum Marshall","sugar maple","Aceraceae","tree","saccharum",0.841,"hw4",-2.0127,2.4342,"AceraceaeAbove0.50spg","hardwood","Hardwood",0.56,-1.8011,2.3852,0.21103,0.95964,NA,"Check",588.466365968363,614.142008851252,NA
"Acer","ACSA3","NEON.PLA.D05.TREE.00480","TREE_051","TREE","D05",2015-08-03,"Live","single bole tree","Partially shaded",130,NA,16.5,23.1,NA,43,"Acer saccharum Marshall",7.9,326.2,"2015",318,"hard maple/oak/hickory/beech","Acer saccharum Marshall","sugar maple","Aceraceae","tree","saccharum",0.841,"hw4",-2.0127,2.4342,"AceraceaeAbove0.50spg","hardwood","Hardwood",0.56,-1.8011,2.3852,0.21103,0.95964,NA,"Check",278.740309372215,295.310917613293,NA
"Acer","ACSA3","NEON.PLA.D05.TREE.00480","TREE_051","TREE","D05",2017-09-26,"Live, broken bole","single bole tree",NA,130,NA,8.5,23,NA,43,"Acer saccharum Marshall",7.9,326.2,"2017",318,"hard maple/oak/hickory/beech","Acer saccharum Marshall","sugar maple","Aceraceae","tree","saccharum",0.841,"hw4",-2.0127,2.4342,"AceraceaeAbove0.50spg","hardwood","Hardwood",0.56,-1.8011,2.3852,0.21103,0.95964,NA,"Check",275.812150651963,292.270809958485,NA
"Acer","ACSA3","NEON.PLA.D05.TREE.00655","TREE_042","TREE","D05",2019-10-23,"Live","single bole tree",NA,130,NA,14.7,27.4,NA,25,"Acer saccharum Marshall",6,295.8,"2019",318,"hard maple/oak/hickory/beech","Acer saccharum Marshall","sugar maple","Aceraceae","tree","saccharum",0.841,"hw4",-2.0127,2.4342,"AceraceaeAbove0.50spg","hardwood","Hardwood",0.56,-1.8011,2.3852,0.21103,0.95964,NA,"Check",422.345543821426,443.725973699236,NA
"Acer","ACSA3","NEON.PLA.D05.TREE.01070","TREE_041","TREE","D05",2020-09-28,"Live","single bole tree","Partially shaded",130,NA,19.4,27.3,NA,43,"Acer saccharum Marshall",6.8,297.3,"2020",318,"hard maple/oak/hickory/beech","Acer saccharum Marshall","sugar maple","Aceraceae","tree","saccharum",0.841,"hw4",-2.0127,2.4342,"AceraceaeAbove0.50spg","hardwood","Hardwood",0.56,-1.8011,2.3852,0.21103,0.95964,NA,"Check",418.603265285804,439.873049785089,NA
"Acer","ACSA3","NEON.PLA.D05.TREE.00655","TREE_042","TREE","D05",2015-07-27,"Live","single bole tree","Partially shaded",130,NA,18.5,27.3,NA,25,"Acer saccharum Marshall",6,295.8,"2015",318,"hard maple/oak/hickory/beech","Acer saccharum Marshall","sugar maple","Aceraceae","tree","saccharum",0.841,"hw4",-2.0127,2.4342,"AceraceaeAbove0.50spg","hardwood","Hardwood",0.56,-1.8011,2.3852,0.21103,0.95964,NA,"Check",418.603265285804,439.873049785089,NA
"Acer","ACSA3","NEON.PLA.D05.TREE.00389","TREE_054","TREE","D05",2021-09-20,"Live","single bole tree","Mostly shaded",130,NA,15,16.9,NA,43,"Acer saccharum Marshall",9.1,354.6,"2021",318,"hard maple/oak/hickory/beech","Acer saccharum Marshall","sugar maple","Aceraceae","tree","saccharum",0.841,"hw4",-2.0127,2.4342,"AceraceaeAbove0.50spg","hardwood","Hardwood",0.56,-1.8011,2.3852,0.21103,0.95964,NA,"Check",130.26187124802,140.135309324017,NA
"Acer","ACSA3","NEON.PLA.D05.TREE.00389","TREE_054","TREE","D05",2017-08-30,"Live","single bole tree",NA,130,NA,9.3,17.1,NA,43,"Acer saccharum Marshall",9.1,354.6,"2017",318,"hard maple/oak/hickory/beech","Acer saccharum Marshall","sugar maple","Aceraceae","tree","saccharum",0.841,"hw4",-2.0127,2.4342,"AceraceaeAbove0.50spg","hardwood","Hardwood",0.56,-1.8011,2.3852,0.21103,0.95964,NA,"Check",134.046237428919,144.123410680634,NA
"Acer","ACSA3","NEON.PLA.D05.TREE.00481","TREE_051","TREE","D05",2018-10-09,"Live","single bole tree",NA,130,NA,18.5,29.3,NA,41,"Acer saccharum Marshall",10.4,64.9,"2018",318,"hard maple/oak/hickory/beech","Acer saccharum Marshall","sugar maple","Aceraceae","tree","saccharum",0.841,"hw4",-2.0127,2.4342,"AceraceaeAbove0.50spg","hardwood","Hardwood",0.56,-1.8011,2.3852,0.21103,0.95964,NA,"Check",497.215498893679,520.672759276331,NA
"Acer","ACSA3","NEON.PLA.D05.TREE.00532","TREE_046","TREE","D05",2018-10-10,"Live","single bole tree",NA,130,NA,21.2,28.8,NA,23,"Acer saccharum Marshall",10.3,19.9,"2018",318,"hard maple/oak/hickory/beech","Acer saccharum Marshall","sugar maple","Aceraceae","tree","saccharum",0.841,"hw4",-2.0127,2.4342,"AceraceaeAbove0.50spg","hardwood","Hardwood",0.56,-1.8011,2.3852,0.21103,0.95964,NA,"Check",476.813661292737,499.729710577046,NA
"Acer","ACSA3","NEON.PLA.D05.TREE.00630","TREE_042","TREE","D05",2021-10-04,"Live","single bole tree","Mostly shaded",130,NA,18.2,13.3,NA,41,"Acer saccharum Marshall",12.8,45.4,"2021",318,"hard maple/oak/hickory/beech","Acer saccharum Marshall","sugar maple","Aceraceae","tree","saccharum",0.841,"hw4",-2.0127,2.4342,"AceraceaeAbove0.50spg","hardwood","Hardwood",0.56,-1.8011,2.3852,0.21103,0.95964,NA,"Check",72.7068217618969,79.141293226848,NA
"Acer","ACSA3","NEON.PLA.D05.TREE.00501","TREE_042","TREE","D05",2020-10-06,"Live","single bole tree","Partially shaded",130,NA,18.3,32.6,NA,43,"Acer saccharum Marshall",10,201.2,"2020",318,"hard maple/oak/hickory/beech","Acer saccharum Marshall","sugar maple","Aceraceae","tree","saccharum",0.841,"hw4",-2.0127,2.4342,"AceraceaeAbove0.50spg","hardwood","Hardwood",0.56,-1.8011,2.3852,0.21103,0.95964,NA,"Check",644.717974512454,671.612589275499,NA
"Acer","ACSA3","NEON.PLA.D05.TREE.00597","TREE_046","TREE","D05",2018-10-10,"Live","single bole tree",NA,130,NA,22.5,27.9,NA,59,"Acer saccharum Marshall",3.1,214,"2018",318,"hard maple/oak/hickory/beech","Acer saccharum Marshall","sugar maple","Aceraceae","tree","saccharum",0.841,"hw4",-2.0127,2.4342,"AceraceaeAbove0.50spg","hardwood","Hardwood",0.56,-1.8011,2.3852,0.21103,0.95964,NA,"Check",441.352151355765,463.284056160812,NA
"Acer","ACSA3","NEON.PLA.D05.TREE.02083","TREE_003","TREE","D05",2019-10-08,"Live","single bole tree","Mostly shaded",130,NA,15.6,22.7,NA,51,"Acer saccharum Marshall",11.1,253.6,"2019",318,"hard maple/oak/hickory/beech","Acer saccharum Marshall","sugar maple","Aceraceae","tree","saccharum",0.841,"hw4",-2.0127,2.4342,"AceraceaeAbove0.50spg","hardwood","Hardwood",0.56,-1.8011,2.3852,0.21103,0.95964,NA,"Check",267.136749897871,283.259890690269,NA
"Acer","ACSA3","NEON.PLA.D05.TREE.00589","TREE_046","TREE","D05",2016-09-29,"Live","single bole tree",NA,130,NA,20.9,22.5,NA,25,"Acer saccharum Marshall",10.8,318.3,"2016",318,"hard maple/oak/hickory/beech","Acer saccharum Marshall","sugar maple","Aceraceae","tree","saccharum",0.841,"hw4",-2.0127,2.4342,"AceraceaeAbove0.50spg","hardwood","Hardwood",0.56,-1.8011,2.3852,0.21103,0.95964,NA,"Check",261.443700450106,277.343473761518,NA
"Acer","ACSA3","NEON.PLA.D05.TREE.00590","TREE_053","TREE","D05",2017-08-30,"Live","single bole tree",NA,130,NA,17.7,23.2,NA,41,"Acer saccharum Marshall",6.4,28.2,"2017",318,"hard maple/oak/hickory/beech","Acer saccharum Marshall","sugar maple","Aceraceae","tree","saccharum",0.841,"hw4",-2.0127,2.4342,"AceraceaeAbove0.50spg","hardwood","Hardwood",0.56,-1.8011,2.3852,0.21103,0.95964,NA,"Check",281.686704598202,298.36931017133,NA
"Acer","ACSA3","NEON.PLA.D05.TREE.00574","TREE_046","TREE","D05",2015-07-28,"Live","single bole tree","Full sun",130,NA,20.7,25.1,NA,57,"Acer saccharum Marshall",9.1,115,"2015",318,"hard maple/oak/hickory/beech","Acer saccharum Marshall","sugar maple","Aceraceae","tree","saccharum",0.841,"hw4",-2.0127,2.4342,"AceraceaeAbove0.50spg","hardwood","Hardwood",0.56,-1.8011,2.3852,0.21103,0.95964,NA,"Check",341.178196464547,359.992927926194,NA
"Acer","ACSA3","NEON.PLA.D05.TREE.00209","TREE_054","TREE","D05",2017-08-30,"Live","single bole tree",NA,130,NA,11.4,17.2,NA,43,"Acer saccharum Marshall",2.4,292.7,"2017",318,"hard maple/oak/hickory/beech","Acer saccharum Marshall","sugar maple","Aceraceae","tree","saccharum",0.841,"hw4",-2.0127,2.4342,"AceraceaeAbove0.50spg","hardwood","Hardwood",0.56,-1.8011,2.3852,0.21103,0.95964,NA,"Check",135.962406141479,146.141870008148,NA
"Acer","ACSA3","NEON.PLA.D05.TREE.00151","TREE_049","TREE","D05",2021-09-23,"Live","small tree","Full shade",130,NA,11.6,9.9,NA,21,"Acer saccharum Marshall",3.9,32.5,"2021",318,"hard maple/oak/hickory/beech","Acer saccharum Marshall","sugar maple","Aceraceae","tree","saccharum",0.841,"hw4",-2.0127,2.4342,"AceraceaeAbove0.50spg","hardwood","Hardwood",0.56,-1.8011,2.3852,0.21103,0.95964,NA,"Check",23.2492581602743,25.8943303327572,NA
"Acer","ACSA3","NEON.PLA.D05.TREE.00657","TREE_046","TREE","D05",2016-09-29,"Live","small tree",NA,130,NA,12.8,13,NA,25,"Acer saccharum Marshall",7.5,344.7,"2016",318,"hard maple/oak/hickory/beech","Acer saccharum Marshall","sugar maple","Aceraceae","tree","saccharum",0.841,"hw4",-2.0127,2.4342,"AceraceaeAbove0.50spg","hardwood","Hardwood",0.56,-1.8011,2.3852,0.21103,0.95964,NA,"Check",68.7790866715438,74.9496989166102,NA
"Acer","ACSA3","NEON.PLA.D05.TREE.00565","TREE_042","TREE","D05",2016-09-28,"Live, physically damaged","single bole tree",NA,140,NA,15.3,12.4,NA,61,"Acer saccharum Marshall",8.9,254.9,"2016",318,"hard maple/oak/hickory/beech","Acer saccharum Marshall","sugar maple","Aceraceae","tree","saccharum",0.841,"hw4",-2.0127,2.4342,"AceraceaeAbove0.50spg","hardwood","Hardwood",0.56,-1.8011,2.3852,0.21103,0.95964,NA,"Check",61.3059409130086,66.9609508582042,NA
"Acer","ACSA3","NEON.PLA.D05.TREE.00657","TREE_046","TREE","D05",2015-07-28,"Live","single bole tree","Mostly shaded",130,NA,16.7,12.8,NA,25,"Acer saccharum Marshall",7.5,344.7,"2015",318,"hard maple/oak/hickory/beech","Acer saccharum Marshall","sugar maple","Aceraceae","tree","saccharum",0.841,"hw4",-2.0127,2.4342,"AceraceaeAbove0.50spg","hardwood","Hardwood",0.56,-1.8011,2.3852,0.21103,0.95964,NA,"Check",66.2317155494387,72.2286384505297,NA
"Acer","ACSA3","NEON.PLA.D05.TREE.00010","TREE_055","TREE","D05",2017-09-14,"Live","small tree",NA,130,NA,7.2,4.4,NA,NA,"Acer saccharum Marshall",NA,NA,"2017",318,"hard maple/oak/hickory/beech","Acer saccharum Marshall","sugar maple","Aceraceae","tree","saccharum",0.841,"hw4",-2.0127,2.4342,"AceraceaeAbove0.50spg","hardwood","Hardwood",0.56,-1.8011,2.3852,0.21103,0.95964,NA,"Check",3.22943400789303,3.7426476431902,NA
"Acer","ACSA3","NEON.PLA.D05.TREE.00558","TREE_053","TREE","D05",2015-07-27,"Live","single bole tree","Mostly shaded",130,NA,12.8,15.3,NA,59,"Acer saccharum Marshall",16.1,93.9,"2015",318,"hard maple/oak/hickory/beech","Acer saccharum Marshall","sugar maple","Aceraceae","tree","saccharum",0.841,"hw4",-2.0127,2.4342,"AceraceaeAbove0.50spg","hardwood","Hardwood",0.56,-1.8011,2.3852,0.21103,0.95964,NA,"Check",102.251897773976,110.539681633179,NA
"Acer","ACSA3","NEON.PLA.D05.TREE.01416","TREE_041","TREE","D05",2016-10-18,"Live","single bole tree",NA,130,NA,20.7,28.5,NA,41,"Acer saccharum Marshall",6.1,240.3,"2016",318,"hard maple/oak/hickory/beech","Acer saccharum Marshall","sugar maple","Aceraceae","tree","saccharum",0.841,"hw4",-2.0127,2.4342,"AceraceaeAbove0.50spg","hardwood","Hardwood",0.56,-1.8011,2.3852,0.21103,0.95964,NA,"Check",464.813629858453,487.402967191192,NA
"Acer","ACSA3","NEON.PLA.D05.TREE.00252","TREE_056","TREE","D05",2022-09-20,"Live","single bole tree","Partially shaded",130,NA,20.6,32.1,NA,59,"Acer saccharum Marshall",9.7,173.2,"2022",318,"hard maple/oak/hickory/beech","Acer saccharum Marshall","sugar maple","Aceraceae","tree","saccharum",0.841,"hw4",-2.0127,2.4342,"AceraceaeAbove0.50spg","hardwood","Hardwood",0.56,-1.8011,2.3852,0.21103,0.95964,NA,"Check",620.911989810331,647.30358445235,NA
"Acer","ACSA3","NEON.PLA.D05.TREE.00682","TREE_046","TREE","D05",2015-07-28,"Live","small tree","Full shade",145,NA,4.7,4.2,NA,NA,"Acer saccharum Marshall",NA,NA,"2015",318,"hard maple/oak/hickory/beech","Acer saccharum Marshall","sugar maple","Aceraceae","tree","saccharum",0.841,"hw4",-2.0127,2.4342,"AceraceaeAbove0.50spg","hardwood","Hardwood",0.56,-1.8011,2.3852,0.21103,0.95964,NA,"Check",2.88368177001701,3.34957591625015,NA
"Acer","ACSA3","NEON.PLA.D05.TREE.00682","TREE_046","TREE","D05",2018-10-10,"Live","small tree",NA,130,NA,5.8,4.2,NA,NA,"Acer saccharum Marshall",NA,NA,"2018",318,"hard maple/oak/hickory/beech","Acer saccharum Marshall","sugar maple","Aceraceae","tree","saccharum",0.841,"hw4",-2.0127,2.4342,"AceraceaeAbove0.50spg","hardwood","Hardwood",0.56,-1.8011,2.3852,0.21103,0.95964,NA,"Check",2.88368177001701,3.34957591625015,NA
"Acer","ACSA3","NEON.PLA.D05.TREE.00311","TREE_051","TREE","D05",2018-10-09,"Standing dead","small tree",NA,130,NA,9.5,7.8,NA,NA,"Acer saccharum Marshall",NA,NA,"2018",318,"hard maple/oak/hickory/beech","Acer saccharum Marshall","sugar maple","Aceraceae","tree","saccharum",0.841,"hw4",-2.0127,2.4342,"AceraceaeAbove0.50spg","hardwood","Hardwood",0.56,-1.8011,2.3852,0.21103,0.95964,NA,"Check",13.012795090781,14.6635682250601,NA
"Acer","ACSA3","NEON.PLA.D05.TREE.00394","TREE_051","TREE","D05",2017-09-26,"Live","single bole tree",NA,130,NA,13,15.5,NA,59,"Acer saccharum Marshall",5.3,171.4,"2017",318,"hard maple/oak/hickory/beech","Acer saccharum Marshall","sugar maple","Aceraceae","tree","saccharum",0.841,"hw4",-2.0127,2.4342,"AceraceaeAbove0.50spg","hardwood","Hardwood",0.56,-1.8011,2.3852,0.21103,0.95964,NA,"Check",105.536069580076,114.017463478061,NA
"Acer","ACSA3","NEON.PLA.D05.TREE.01478","TREE_041","TREE","D05",2021-09-20,"Live","multi-bole tree","Full sun",130,NA,25.8,32.7,NA,39,"Acer saccharum Marshall",8,124.8,"2021",318,"hard maple/oak/hickory/beech","Acer saccharum Marshall","sugar maple","Aceraceae","tree","saccharum",0.841,"hw4",-2.0127,2.4342,"AceraceaeAbove0.50spg","hardwood","Hardwood",0.56,-1.8011,2.3852,0.21103,0.95964,NA,"Check",649.542594646238,676.536929927892,NA
"Acer","ACSA3","NEON.PLA.D05.TREE.01478","TREE_041","TREE","D05",2015-08-10,"Live","multi-bole tree","Full sun",130,NA,24.3,31.7,NA,39,"Acer saccharum Marshall",8,124.8,"2015",318,"hard maple/oak/hickory/beech","Acer saccharum Marshall","sugar maple","Aceraceae","tree","saccharum",0.841,"hw4",-2.0127,2.4342,"AceraceaeAbove0.50spg","hardwood","Hardwood",0.56,-1.8011,2.3852,0.21103,0.95964,NA,"Check",602.246039081618,628.23012928128,NA
"Acer","ACSA3","NEON.PLA.D05.TREE.01453","TREE_041","TREE","D05",2016-10-18,"Live","single bole tree",NA,130,NA,22,23.5,NA,41,"Acer saccharum Marshall",9.4,233.6,"2016",318,"hard maple/oak/hickory/beech","Acer saccharum Marshall","sugar maple","Aceraceae","tree","saccharum",0.841,"hw4",-2.0127,2.4342,"AceraceaeAbove0.50spg","hardwood","Hardwood",0.56,-1.8011,2.3852,0.21103,0.95964,NA,"Check",290.635651259067,307.654501364913,NA
"Acer","ACSA3","NEON.PLA.D05.TREE.00560","TREE_042","TREE","D05",2020-10-06,"Live","single bole tree","Partially shaded",130,NA,17.8,35.9,NA,25,"Acer saccharum Marshall",5.9,337.6,"2020",318,"hard maple/oak/hickory/beech","Acer saccharum Marshall","sugar maple","Aceraceae","tree","saccharum",0.841,"hw4",-2.0127,2.4342,"AceraceaeAbove0.50spg","hardwood","Hardwood",0.56,-1.8011,2.3852,0.21103,0.95964,NA,"Check",815.279276171603,845.285632792961,NA
"Acer","ACSA3","NEON.PLA.D05.TREE.01359","TREE_041","TREE","D05",2020-09-28,"Live","single bole tree","Partially shaded",130,NA,17.8,20,NA,41,"Acer saccharum Marshall",3.5,45.6,"2020",318,"hard maple/oak/hickory/beech","Acer saccharum Marshall","sugar maple","Aceraceae","tree","saccharum",0.841,"hw4",-2.0127,2.4342,"AceraceaeAbove0.50spg","hardwood","Hardwood",0.56,-1.8011,2.3852,0.21103,0.95964,NA,"Check",196.273972149929,209.415563279415,NA
"Acer","ACSA3","NEON.PLA.D05.TREE.00660","TREE_042","TREE","D05",2016-09-28,"Live","single bole tree",NA,130,NA,15.5,13.2,NA,43,"Acer saccharum Marshall",9.4,288.3,"2016",318,"hard maple/oak/hickory/beech","Acer saccharum Marshall","sugar maple","Aceraceae","tree","saccharum",0.841,"hw4",-2.0127,2.4342,"AceraceaeAbove0.50spg","hardwood","Hardwood",0.56,-1.8011,2.3852,0.21103,0.95964,NA,"Check",71.3832898751995,77.7293702886172,NA
"Acer","ACSA3","NEON.PLA.D05.TREE.00660","TREE_042","TREE","D05",2015-07-27,"Live","single bole tree","Mostly shaded",130,NA,11.8,13.4,NA,43,"Acer saccharum Marshall",9.4,288.3,"2015",318,"hard maple/oak/hickory/beech","Acer saccharum Marshall","sugar maple","Aceraceae","tree","saccharum",0.841,"hw4",-2.0127,2.4342,"AceraceaeAbove0.50spg","hardwood","Hardwood",0.56,-1.8011,2.3852,0.21103,0.95964,NA,"Check",74.0447031678835,80.5679982829085,NA
"Acer","ACSA3","NEON.PLA.D05.TREE.00148","TREE_049","TREE","D05",2016-09-28,"Dead, broken bole","single bole tree",NA,130,NA,NA,13.5,NA,23,"Acer saccharum Marshall",4.5,74.6,"2016",318,"hard maple/oak/hickory/beech","Acer saccharum Marshall","sugar maple","Aceraceae","tree","saccharum",0.841,"hw4",-2.0127,2.4342,"AceraceaeAbove0.50spg","hardwood","Hardwood",0.56,-1.8011,2.3852,0.21103,0.95964,NA,"Check",75.3969808404766,82.0095281710613,NA
"Acer","ACSA3","NEON.PLA.D05.TREE.00121","TREE_050","TREE","D05",2017-08-30,"Live","single bole tree",NA,130,NA,10.8,14.3,NA,41,"Acer saccharum Marshall",1.3,331.3,"2017",318,"hard maple/oak/hickory/beech","Acer saccharum Marshall","sugar maple","Aceraceae","tree","saccharum",0.841,"hw4",-2.0127,2.4342,"AceraceaeAbove0.50spg","hardwood","Hardwood",0.56,-1.8011,2.3852,0.21103,0.95964,NA,"Check",86.7390135294007,94.0805234753916,NA
"Acer","ACSA3","NEON.PLA.D05.TREE.00539","TREE_042","TREE","D05",2021-10-04,"Live","small tree","Full shade",130,NA,5.6,8.1,NA,NA,"Acer saccharum Marshall",NA,NA,"2021",318,"hard maple/oak/hickory/beech","Acer saccharum Marshall","sugar maple","Aceraceae","tree","saccharum",0.841,"hw4",-2.0127,2.4342,"AceraceaeAbove0.50spg","hardwood","Hardwood",0.56,-1.8011,2.3852,0.21103,0.95964,NA,"Check",14.2648806435313,16.0447917579938,NA
"Acer","ACSA3","NEON.PLA.D05.TREE.01360","TREE_041","TREE","D05",2020-09-28,"Dead, broken bole","single bole tree",NA,130,NA,6.8,28.9,NA,41,"Acer saccharum Marshall",8.7,1.5,"2020",318,"hard maple/oak/hickory/beech","Acer saccharum Marshall","sugar maple","Aceraceae","tree","saccharum",0.841,"hw4",-2.0127,2.4342,"AceraceaeAbove0.50spg","hardwood","Hardwood",0.56,-1.8011,2.3852,0.21103,0.95964,NA,"Check",480.853769724272,503.878401792058,NA
"Acer","ACSA3","NEON.PLA.D05.TREE.00587","TREE_053","TREE","D05",2017-08-30,"Live","single bole tree",NA,130,NA,16,13.3,NA,23,"Acer saccharum Marshall",7.3,16.1,"2017",318,"hard maple/oak/hickory/beech","Acer saccharum Marshall","sugar maple","Aceraceae","tree","saccharum",0.841,"hw4",-2.0127,2.4342,"AceraceaeAbove0.50spg","hardwood","Hardwood",0.56,-1.8011,2.3852,0.21103,0.95964,NA,"Check",72.7068217618969,79.141293226848,NA
"Acer","ACSA3","NEON.PLA.D05.TREE.00661","TREE_042","TREE","D05",2016-09-28,"Live","single bole tree",NA,130,NA,17.7,15.6,NA,43,"Acer saccharum Marshall",5.9,261.4,"2016",318,"hard maple/oak/hickory/beech","Acer saccharum Marshall","sugar maple","Aceraceae","tree","saccharum",0.841,"hw4",-2.0127,2.4342,"AceraceaeAbove0.50spg","hardwood","Hardwood",0.56,-1.8011,2.3852,0.21103,0.95964,NA,"Check",107.201137488513,115.7798548156,NA
"Acer","ACSA3","NEON.PLA.D05.TREE.00014","TREE_049","TREE","D05",2022-09-20,"Live","single bole tree","Partially shaded",140,NA,20.9,27.6,NA,21,"Acer saccharum Marshall",4,40.6,"2022",318,"hard maple/oak/hickory/beech","Acer saccharum Marshall","sugar maple","Aceraceae","tree","saccharum",0.841,"hw4",-2.0127,2.4342,"AceraceaeAbove0.50spg","hardwood","Hardwood",0.56,-1.8011,2.3852,0.21103,0.95964,NA,"Check",429.889050784339,451.490432022694,NA
"Acer","ACSA3","NEON.PLA.D05.TREE.00661","TREE_042","TREE","D05",2018-10-10,"Live","single bole tree",NA,130,NA,15.7,15.6,NA,43,"Acer saccharum Marshall",5.9,261.4,"2018",318,"hard maple/oak/hickory/beech","Acer saccharum Marshall","sugar maple","Aceraceae","tree","saccharum",0.841,"hw4",-2.0127,2.4342,"AceraceaeAbove0.50spg","hardwood","Hardwood",0.56,-1.8011,2.3852,0.21103,0.95964,NA,"Check",107.201137488513,115.7798548156,NA
"Acer","ACSA3","NEON.PLA.D05.TREE.00661","TREE_042","TREE","D05",2020-10-06,"Live","single bole tree","Partially shaded",130,NA,17.4,15.7,NA,43,"Acer saccharum Marshall",5.9,261.4,"2020",318,"hard maple/oak/hickory/beech","Acer saccharum Marshall","sugar maple","Aceraceae","tree","saccharum",0.841,"hw4",-2.0127,2.4342,"AceraceaeAbove0.50spg","hardwood","Hardwood",0.56,-1.8011,2.3852,0.21103,0.95964,NA,"Check",108.88158396178,117.557965001896,NA
"Acer","ACSA3","NEON.PLA.D05.TREE.00015","TREE_055","TREE","D05",2016-09-27,"Live","single bole tree",NA,130,NA,15.2,18.6,NA,41,"Acer saccharum Marshall",8.9,277.9,"2016",318,"hard maple/oak/hickory/beech","Acer saccharum Marshall","sugar maple","Aceraceae","tree","saccharum",0.841,"hw4",-2.0127,2.4342,"AceraceaeAbove0.50spg","hardwood","Hardwood",0.56,-1.8011,2.3852,0.21103,0.95964,NA,"Check",164.491668217104,176.130465615616,NA
"Acer","ACSA3","NEON.PLA.D05.TREE.01479","TREE_041","TREE","D05",2018-10-10,"Live","single bole tree",NA,130,NA,20.6,27.3,NA,23,"Acer saccharum Marshall",7.6,339.6,"2018",318,"hard maple/oak/hickory/beech","Acer saccharum Marshall","sugar maple","Aceraceae","tree","saccharum",0.841,"hw4",-2.0127,2.4342,"AceraceaeAbove0.50spg","hardwood","Hardwood",0.56,-1.8011,2.3852,0.21103,0.95964,NA,"Check",418.603265285804,439.873049785089,NA
"Acer","ACSA3","NEON.PLA.D05.TREE.00043","TREE_055","TREE","D05",2017-09-14,"Live","single bole tree",NA,130,NA,19.4,36.4,NA,43,"Acer saccharum Marshall",6.7,328.7,"2017",318,"hard maple/oak/hickory/beech","Acer saccharum Marshall","sugar maple","Aceraceae","tree","saccharum",0.841,"hw4",-2.0127,2.4342,"AceraceaeAbove0.50spg","hardwood","Hardwood",0.56,-1.8011,2.3852,0.21103,0.95964,NA,"Check",843.195896533465,873.637422581942,NA
"Acer","ACSA3","NEON.PLA.D05.TREE.01479","TREE_041","TREE","D05",2020-09-28,"Live","single bole tree","Partially shaded",130,NA,20.8,26.9,NA,23,"Acer saccharum Marshall",7.6,339.6,"2020",318,"hard maple/oak/hickory/beech","Acer saccharum Marshall","sugar maple","Aceraceae","tree","saccharum",0.841,"hw4",-2.0127,2.4342,"AceraceaeAbove0.50spg","hardwood","Hardwood",0.56,-1.8011,2.3852,0.21103,0.95964,NA,"Check",403.829923085164,424.656080433153,NA
"Acer","ACSA3","NEON.PLA.D05.TREE.00249","TREE_056","TREE","D05",2017-08-28,"Live","single bole tree",NA,130,NA,15.6,20.9,NA,59,"Acer saccharum Marshall",4.3,115.7,"2017",318,"hard maple/oak/hickory/beech","Acer saccharum Marshall","sugar maple","Aceraceae","tree","saccharum",0.841,"hw4",-2.0127,2.4342,"AceraceaeAbove0.50spg","hardwood","Hardwood",0.56,-1.8011,2.3852,0.21103,0.95964,NA,"Check",218.471900135497,232.597546988332,NA
"Acer","ACSA3","NEON.PLA.D05.TREE.00509","TREE_042","TREE","D05",2018-10-10,"Live","small tree",NA,130,NA,7.9,7.7,NA,NA,"Acer saccharum Marshall",NA,NA,"2018",318,"hard maple/oak/hickory/beech","Acer saccharum Marshall","sugar maple","Aceraceae","tree","saccharum",0.841,"hw4",-2.0127,2.4342,"AceraceaeAbove0.50spg","hardwood","Hardwood",0.56,-1.8011,2.3852,0.21103,0.95964,NA,"Check",12.6104223555827,14.2191388623095,NA
"Acer","ACSA3","NEON.PLA.D05.TREE.00662","TREE_042","TREE","D05",2019-10-23,"Live","single bole tree",NA,150,NA,18.3,19.8,NA,43,"Acer saccharum Marshall",9.1,242.4,"2019",318,"hard maple/oak/hickory/beech","Acer saccharum Marshall","sugar maple","Aceraceae","tree","saccharum",0.841,"hw4",-2.0127,2.4342,"AceraceaeAbove0.50spg","hardwood","Hardwood",0.56,-1.8011,2.3852,0.21103,0.95964,NA,"Check",191.530482356647,204.455134006888,NA
"Acer","ACSA3","NEON.PLA.D05.TREE.00597","TREE_046","TREE","D05",2022-09-19,"Live","single bole tree","Full sun",130,NA,23.5,28.1,NA,59,"Acer saccharum Marshall",3.1,214,"2022",318,"hard maple/oak/hickory/beech","Acer saccharum Marshall","sugar maple","Aceraceae","tree","saccharum",0.841,"hw4",-2.0127,2.4342,"AceraceaeAbove0.50spg","hardwood","Hardwood",0.56,-1.8011,2.3852,0.21103,0.95964,NA,"Check",449.093138986623,471.244747817592,NA
"Acer","ACSA3","NEON.PLA.D05.TREE.01236A","TREE_041","TREE","D05",2016-10-18,"Live","multi-bole tree",NA,130,NA,NA,37.7,NA,43,"Acer saccharum Marshall",10.6,330.2,"2016",318,"hard maple/oak/hickory/beech","Acer saccharum Marshall","sugar maple","Aceraceae","tree","saccharum",0.841,"hw4",-2.0127,2.4342,"AceraceaeAbove0.50spg","hardwood","Hardwood",0.56,-1.8011,2.3852,0.21103,0.95964,NA,"Check",918.386753419542,949.908113506199,NA
"Acer","ACSA3","NEON.PLA.D05.TREE.00590","TREE_053","TREE","D05",2018-10-09,"Live","single bole tree",NA,130,NA,12.5,25.2,NA,41,"Acer saccharum Marshall",6.4,28.2,"2018",318,"hard maple/oak/hickory/beech","Acer saccharum Marshall","sugar maple","Aceraceae","tree","saccharum",0.841,"hw4",-2.0127,2.4342,"AceraceaeAbove0.50spg","hardwood","Hardwood",0.56,-1.8011,2.3852,0.21103,0.95964,NA,"Check",344.496403783439,363.42330913658,NA
"Acer","ACSA3","NEON.PLA.D05.TREE.00663","TREE_054","TREE","D05",2018-10-09,"Live","single bole tree",NA,130,NA,19.7,32.9,NA,41,"Acer saccharum Marshall",12.4,41.6,"2018",318,"hard maple/oak/hickory/beech","Acer saccharum Marshall","sugar maple","Aceraceae","tree","saccharum",0.841,"hw4",-2.0127,2.4342,"AceraceaeAbove0.50spg","hardwood","Hardwood",0.56,-1.8011,2.3852,0.21103,0.95964,NA,"Check",659.255483871026,686.448348384447,NA
"Acer","ACSA3","NEON.PLA.D05.TREE.00550","TREE_053","TREE","D05",2017-08-30,"Live","single bole tree",NA,130,NA,11,10.9,NA,23,"Acer saccharum Marshall",6.7,2.1,"2017",318,"hard maple/oak/hickory/beech","Acer saccharum Marshall","sugar maple","Aceraceae","tree","saccharum",0.841,"hw4",-2.0127,2.4342,"AceraceaeAbove0.50spg","hardwood","Hardwood",0.56,-1.8011,2.3852,0.21103,0.95964,NA,"Check",44.7918579876139,49.2336338552228,NA
"Acer","ACSA3","NEON.PLA.D05.TREE.00493","TREE_051","TREE","D05",2016-09-28,"Live, physically damaged","single bole tree",NA,130,NA,17.2,23.6,NA,43,"Acer saccharum Marshall",6.1,283.2,"2016",318,"hard maple/oak/hickory/beech","Acer saccharum Marshall","sugar maple","Aceraceae","tree","saccharum",0.841,"hw4",-2.0127,2.4342,"AceraceaeAbove0.50spg","hardwood","Hardwood",0.56,-1.8011,2.3852,0.21103,0.95964,NA,"Check",293.655334041744,310.786337235253,NA
"Acer","ACSA3","NEON.PLA.D05.TREE.00503","TREE_042","TREE","D05",2017-09-25,"Live","single bole tree",NA,130,NA,20.8,21.5,NA,41,"Acer saccharum Marshall",3.3,82.3,"2017",318,"hard maple/oak/hickory/beech","Acer saccharum Marshall","sugar maple","Aceraceae","tree","saccharum",0.841,"hw4",-2.0127,2.4342,"AceraceaeAbove0.50spg","hardwood","Hardwood",0.56,-1.8011,2.3852,0.21103,0.95964,NA,"Check",234.054607777448,248.842424020446,NA
"Acer","ACSA3","NEON.PLA.D05.TREE.00543","TREE_042","TREE","D05",2019-10-23,"Live","single bole tree",NA,130,NA,16,18.8,NA,23,"Acer saccharum Marshall",6.3,51.1,"2019",318,"hard maple/oak/hickory/beech","Acer saccharum Marshall","sugar maple","Aceraceae","tree","saccharum",0.841,"hw4",-2.0127,2.4342,"AceraceaeAbove0.50spg","hardwood","Hardwood",0.56,-1.8011,2.3852,0.21103,0.95964,NA,"Check",168.830354723253,180.681426500646,NA
"Acer","ACSA3","NEON.PLA.D05.TREE.00101","TREE_055","TREE","D05",2015-07-29,"Live","single bole tree","Mostly shaded",130,NA,7.7,10.8,NA,39,"Acer saccharum Marshall",1.8,112.3,"2015",318,"hard maple/oak/hickory/beech","Acer saccharum Marshall","sugar maple","Aceraceae","tree","saccharum",0.841,"hw4",-2.0127,2.4342,"AceraceaeAbove0.50spg","hardwood","Hardwood",0.56,-1.8011,2.3852,0.21103,0.95964,NA,"Check",43.7981333852721,48.1631130727936,NA
"Acer","ACSA3","NEON.PLA.D05.TREE.00101","TREE_054","TREE","D05",2015-07-30,"Live","single bole tree","Full sun",120,NA,13.5,19.3,NA,39,"Acer saccharum Marshall",1.8,112.3,"2015",318,"hard maple/oak/hickory/beech","Acer saccharum Marshall","sugar maple","Aceraceae","tree","saccharum",0.841,"hw4",-2.0127,2.4342,"AceraceaeAbove0.50spg","hardwood","Hardwood",0.56,-1.8011,2.3852,0.21103,0.95964,NA,"Check",179.969577814821,192.355009930292,NA
"Acer","ACSA3","NEON.PLA.D05.TREE.00543","TREE_042","TREE","D05",2018-10-10,"Live","single bole tree",NA,130,NA,15.3,18.9,NA,23,"Acer saccharum Marshall",6.3,51.1,"2018",318,"hard maple/oak/hickory/beech","Acer saccharum Marshall","sugar maple","Aceraceae","tree","saccharum",0.841,"hw4",-2.0127,2.4342,"AceraceaeAbove0.50spg","hardwood","Hardwood",0.56,-1.8011,2.3852,0.21103,0.95964,NA,"Check",171.024693189124,182.982224914825,NA
"Acer","ACSA3","NEON.PLA.D05.TREE.00346","TREE_054","TREE","D05",2016-10-18,"Live, physically damaged","single bole tree",NA,130,NA,13.6,16.5,NA,59,"Acer saccharum Marshall",1.4,166.2,"2016",318,"hard maple/oak/hickory/beech","Acer saccharum Marshall","sugar maple","Aceraceae","tree","saccharum",0.841,"hw4",-2.0127,2.4342,"AceraceaeAbove0.50spg","hardwood","Hardwood",0.56,-1.8011,2.3852,0.21103,0.95964,NA,"Check",122.883879358667,132.353342126551,NA
"Acer","ACSA3","NEON.PLA.D05.TREE.00592","TREE_046","TREE","D05",2016-09-29,"Live,  other damage","small tree",NA,130,NA,6.5,6.2,NA,NA,"Acer saccharum Marshall",NA,NA,"2016",318,"hard maple/oak/hickory/beech","Acer saccharum Marshall","sugar maple","Aceraceae","tree","saccharum",0.841,"hw4",-2.0127,2.4342,"AceraceaeAbove0.50spg","hardwood","Hardwood",0.56,-1.8011,2.3852,0.21103,0.95964,NA,"Check",7.44172744467372,8.48063311953538,NA
"Acer","ACSA3","NEON.PLA.D05.TREE.00567","TREE_053","TREE","D05",2015-07-27,"Live, disease damaged","single bole tree","Mostly shaded",130,NA,14.6,14.1,NA,59,"Acer saccharum Marshall",11.6,108.2,"2015",318,"hard maple/oak/hickory/beech","Acer saccharum Marshall","sugar maple","Aceraceae","tree","saccharum",0.841,"hw4",-2.0127,2.4342,"AceraceaeAbove0.50spg","hardwood","Hardwood",0.56,-1.8011,2.3852,0.21103,0.95964,NA,"Check",83.8155617894535,90.9723966259068,NA
"Acer","ACSA3","NEON.PLA.D05.TREE.00346","TREE_054","TREE","D05",2021-09-20,"Live, broken bole","single bole tree","Mostly shaded",130,NA,13.5,16.8,NA,59,"Acer saccharum Marshall",1.4,166.2,"2021",318,"hard maple/oak/hickory/beech","Acer saccharum Marshall","sugar maple","Aceraceae","tree","saccharum",0.841,"hw4",-2.0127,2.4342,"AceraceaeAbove0.50spg","hardwood","Hardwood",0.56,-1.8011,2.3852,0.21103,0.95964,NA,"Check",128.393592234816,138.165593662423,NA
"Acer","ACSA3","NEON.PLA.D05.TREE.01463","TREE_041","TREE","D05",2021-09-20,"Live","single bole tree","Mostly shaded",130,NA,23,20.5,NA,21,"Acer saccharum Marshall",2.4,78.1,"2021",318,"hard maple/oak/hickory/beech","Acer saccharum Marshall","sugar maple","Aceraceae","tree","saccharum",0.841,"hw4",-2.0127,2.4342,"AceraceaeAbove0.50spg","hardwood","Hardwood",0.56,-1.8011,2.3852,0.21103,0.95964,NA,"Check",208.433127390352,222.119924936364,NA
"Acer","ACSA3","NEON.PLA.D05.TREE.00347","TREE_054","TREE","D05",2016-10-18,"Live","single bole tree",NA,130,NA,16,22.5,NA,59,"Acer saccharum Marshall",4.2,145.2,"2016",318,"hard maple/oak/hickory/beech","Acer saccharum Marshall","sugar maple","Aceraceae","tree","saccharum",0.841,"hw4",-2.0127,2.4342,"AceraceaeAbove0.50spg","hardwood","Hardwood",0.56,-1.8011,2.3852,0.21103,0.95964,NA,"Check",261.443700450106,277.343473761518,NA
"Acer","ACSA3","NEON.PLA.D05.TREE.00643","TREE_053","TREE","D05",2016-09-27,"Live","single bole tree",NA,130,NA,19.1,27.5,NA,25,"Acer saccharum Marshall",6.9,330.4,"2016",318,"hard maple/oak/hickory/beech","Acer saccharum Marshall","sugar maple","Aceraceae","tree","saccharum",0.841,"hw4",-2.0127,2.4342,"AceraceaeAbove0.50spg","hardwood","Hardwood",0.56,-1.8011,2.3852,0.21103,0.95964,NA,"Check",426.10746195751,447.598425304405,NA
"Acer","ACSA3","NEON.PLA.D05.TREE.01463","TREE_041","TREE","D05",2015-08-10,"Live","single bole tree","Mostly shaded",130,NA,20.8,20.2,NA,21,"Acer saccharum Marshall",2.4,78.1,"2015",318,"hard maple/oak/hickory/beech","Acer saccharum Marshall","sugar maple","Aceraceae","tree","saccharum",0.841,"hw4",-2.0127,2.4342,"AceraceaeAbove0.50spg","hardwood","Hardwood",0.56,-1.8011,2.3852,0.21103,0.95964,NA,"Check",201.085983591102,214.445182878565,NA
"Acer","ACSA3","NEON.PLA.D05.TREE.00022","TREE_049","TREE","D05",2021-09-23,"Live","single bole tree","Partially shaded",130,NA,22,35.2,NA,41,"Acer saccharum Marshall",5.4,263,"2021",318,"hard maple/oak/hickory/beech","Acer saccharum Marshall","sugar maple","Aceraceae","tree","saccharum",0.841,"hw4",-2.0127,2.4342,"AceraceaeAbove0.50spg","hardwood","Hardwood",0.56,-1.8011,2.3852,0.21103,0.95964,NA,"Check",777.122794277803,806.502595855017,NA
"Acer","ACSA3","NEON.PLA.D05.TREE.00264","TREE_056","TREE","D05",2016-09-28,"Live,  other damage","single bole tree",NA,130,NA,17.2,20.3,NA,59,"Acer saccharum Marshall",9.7,156.9,"2016",318,"hard maple/oak/hickory/beech","Acer saccharum Marshall","sugar maple","Aceraceae","tree","saccharum",0.841,"hw4",-2.0127,2.4342,"AceraceaeAbove0.50spg","hardwood","Hardwood",0.56,-1.8011,2.3852,0.21103,0.95964,NA,"Check",203.517777709207,216.986022147958,NA
"Acer","ACSA3","NEON.PLA.D05.TREE.00569","TREE_053","TREE","D05",2017-08-30,"Live","single bole tree",NA,130,NA,18.3,39.4,NA,59,"Acer saccharum Marshall",19.8,90.7,"2017",318,"hard maple/oak/hickory/beech","Acer saccharum Marshall","sugar maple","Aceraceae","tree","saccharum",0.841,"hw4",-2.0127,2.4342,"AceraceaeAbove0.50spg","hardwood","Hardwood",0.56,-1.8011,2.3852,0.21103,0.95964,NA,"Check",1022.47429685095,1055.28507749971,NA
"Acer","ACSA3","NEON.PLA.D05.TREE.00264","TREE_056","TREE","D05",2017-08-28,"Live","single bole tree",NA,130,NA,16.9,20,NA,59,"Acer saccharum Marshall",9.7,156.9,"2017",318,"hard maple/oak/hickory/beech","Acer saccharum Marshall","sugar maple","Aceraceae","tree","saccharum",0.841,"hw4",-2.0127,2.4342,"AceraceaeAbove0.50spg","hardwood","Hardwood",0.56,-1.8011,2.3852,0.21103,0.95964,NA,"Check",196.273972149929,209.415563279415,NA
"Acer","ACSA3","NEON.PLA.D05.TREE.00645","TREE_053","TREE","D05",2016-09-27,"Live","single bole tree",NA,130,NA,16,17.4,NA,43,"Acer saccharum Marshall",8.4,180.5,"2016",318,"hard maple/oak/hickory/beech","Acer saccharum Marshall","sugar maple","Aceraceae","tree","saccharum",0.841,"hw4",-2.0127,2.4342,"AceraceaeAbove0.50spg","hardwood","Hardwood",0.56,-1.8011,2.3852,0.21103,0.95964,NA,"Check",139.84291766264,150.227789051729,NA
"Acer","ACSA3","NEON.PLA.D05.TREE.00645","TREE_053","TREE","D05",2017-08-30,"Live","single bole tree",NA,130,NA,14.2,17.6,NA,43,"Acer saccharum Marshall",8.4,180.5,"2017",318,"hard maple/oak/hickory/beech","Acer saccharum Marshall","sugar maple","Aceraceae","tree","saccharum",0.841,"hw4",-2.0127,2.4342,"AceraceaeAbove0.50spg","hardwood","Hardwood",0.56,-1.8011,2.3852,0.21103,0.95964,NA,"Check",143.787930232059,154.379284548219,NA
"Acer","ACSA3","NEON.PLA.D05.TREE.00323","TREE_051","TREE","D05",2016-09-28,"Live, physically damaged","single bole tree",NA,130,NA,13.9,16.2,NA,39,"Acer saccharum Marshall",9.1,85.2,"2016",318,"hard maple/oak/hickory/beech","Acer saccharum Marshall","sugar maple","Aceraceae","tree","saccharum",0.841,"hw4",-2.0127,2.4342,"AceraceaeAbove0.50spg","hardwood","Hardwood",0.56,-1.8011,2.3852,0.21103,0.95964,NA,"Check",117.515984879206,126.685649207285,NA
"Acer","ACSA3","NEON.PLA.D05.TREE.00618","TREE_042","TREE","D05",2015-07-27,"Live","single bole tree","Mostly shaded",130,NA,13.4,15.7,NA,61,"Acer saccharum Marshall",8,191.9,"2015",318,"hard maple/oak/hickory/beech","Acer saccharum Marshall","sugar maple","Aceraceae","tree","saccharum",0.841,"hw4",-2.0127,2.4342,"AceraceaeAbove0.50spg","hardwood","Hardwood",0.56,-1.8011,2.3852,0.21103,0.95964,NA,"Check",108.88158396178,117.557965001896,NA
"Acer","ACSA3","NEON.PLA.D05.TREE.00105","TREE_055","TREE","D05",2015-07-29,"Live","small tree","Mostly shaded",130,NA,9.5,5.4,NA,NA,"Acer saccharum Marshall",NA,NA,"2015",318,"hard maple/oak/hickory/beech","Acer saccharum Marshall","sugar maple","Aceraceae","tree","saccharum",0.841,"hw4",-2.0127,2.4342,"AceraceaeAbove0.50spg","hardwood","Hardwood",0.56,-1.8011,2.3852,0.21103,0.95964,NA,"Check",5.31651201147292,6.09987890897784,NA
"Acer","ACSA3","NEON.PLA.D05.TREE.01093","TREE_047","TREE","D05",2015-08-06,"Live","single bole tree","Full sun",120,NA,18.6,35.2,NA,41,"Acer saccharum Marshall",8.9,70.7,"2015",318,"hard maple/oak/hickory/beech","Acer saccharum Marshall","sugar maple","Aceraceae","tree","saccharum",0.841,"hw4",-2.0127,2.4342,"AceraceaeAbove0.50spg","hardwood","Hardwood",0.56,-1.8011,2.3852,0.21103,0.95964,NA,"Check",777.122794277803,806.502595855017,NA
"Acer","ACSA3","NEON.PLA.D05.TREE.00546","TREE_053","TREE","D05",2017-08-30,"Live","single bole tree",NA,130,NA,14.4,13.3,NA,41,"Acer saccharum Marshall",12.4,51.5,"2017",318,"hard maple/oak/hickory/beech","Acer saccharum Marshall","sugar maple","Aceraceae","tree","saccharum",0.841,"hw4",-2.0127,2.4342,"AceraceaeAbove0.50spg","hardwood","Hardwood",0.56,-1.8011,2.3852,0.21103,0.95964,NA,"Check",72.7068217618969,79.141293226848,NA
"Acer","ACSA3","NEON.PLA.D05.TREE.00180","TREE_049","TREE","D05",2017-09-18,"Live","multi-bole tree",NA,130,NA,20.3,19.6,NA,41,"Acer saccharum Marshall",7.4,220,"2017",318,"hard maple/oak/hickory/beech","Acer saccharum Marshall","sugar maple","Aceraceae","tree","saccharum",0.841,"hw4",-2.0127,2.4342,"AceraceaeAbove0.50spg","hardwood","Hardwood",0.56,-1.8011,2.3852,0.21103,0.95964,NA,"Check",186.855215841316,199.563627713359,NA
"Acer","ACSA3","NEON.PLA.D05.TREE.00180A","TREE_049","TREE","D05",2017-09-18,"Live","multi-bole tree",NA,130,NA,NA,16,NA,NA,"Acer saccharum Marshall",NA,NA,"2017",318,"hard maple/oak/hickory/beech","Acer saccharum Marshall","sugar maple","Aceraceae","tree","saccharum",0.841,"hw4",-2.0127,2.4342,"AceraceaeAbove0.50spg","hardwood","Hardwood",0.56,-1.8011,2.3852,0.21103,0.95964,NA,"Check",114.015621268283,122.986995271951,NA
"Acer","ACSA3","NEON.PLA.D05.TREE.00350","TREE_054","TREE","D05",2015-07-30,"Live, disease damaged","single bole tree","Open grown",130,NA,20.1,30.1,NA,59,"Acer saccharum Marshall",7.8,112.7,"2015",318,"hard maple/oak/hickory/beech","Acer saccharum Marshall","sugar maple","Aceraceae","tree","saccharum",0.841,"hw4",-2.0127,2.4342,"AceraceaeAbove0.50spg","hardwood","Hardwood",0.56,-1.8011,2.3852,0.21103,0.95964,NA,"Check",530.911411019648,555.225001483755,NA
"Acer","ACSA3","NEON.PLA.D05.TREE.00350","TREE_054","TREE","D05",2021-09-20,"Live","single bole tree","Full sun",130,NA,20.7,31.2,NA,59,"Acer saccharum Marshall",7.8,112.7,"2021",318,"hard maple/oak/hickory/beech","Acer saccharum Marshall","sugar maple","Aceraceae","tree","saccharum",0.841,"hw4",-2.0127,2.4342,"AceraceaeAbove0.50spg","hardwood","Hardwood",0.56,-1.8011,2.3852,0.21103,0.95964,NA,"Check",579.384148449605,604.852870835354,NA
"Acer","ACSA3","NEON.PLA.D05.TREE.00107","TREE_056","TREE","D05",2016-09-28,"Live","single bole tree",NA,130,NA,19.1,31.4,NA,39,"Acer saccharum Marshall",4.4,119.2,"2016",318,"hard maple/oak/hickory/beech","Acer saccharum Marshall","sugar maple","Aceraceae","tree","saccharum",0.841,"hw4",-2.0127,2.4342,"AceraceaeAbove0.50spg","hardwood","Hardwood",0.56,-1.8011,2.3852,0.21103,0.95964,NA,"Check",588.466365968363,614.142008851252,NA
"Acer","ACSA3","NEON.PLA.D05.TREE.00025","TREE_049","TREE","D05",2015-07-28,"Live","single bole tree","Mostly shaded",130,NA,16,13.5,NA,25,"Acer saccharum Marshall",7,302.1,"2015",318,"hard maple/oak/hickory/beech","Acer saccharum Marshall","sugar maple","Aceraceae","tree","saccharum",0.841,"hw4",-2.0127,2.4342,"AceraceaeAbove0.50spg","hardwood","Hardwood",0.56,-1.8011,2.3852,0.21103,0.95964,NA,"Check",75.3969808404766,82.0095281710613,NA
"Acer","ACSA3","NEON.PLA.D05.TREE.00180A","TREE_049","TREE","D05",2016-09-28,"Live","multi-bole tree",NA,130,NA,NA,15.8,NA,NA,"Acer saccharum Marshall",NA,NA,"2016",318,"hard maple/oak/hickory/beech","Acer saccharum Marshall","sugar maple","Aceraceae","tree","saccharum",0.841,"hw4",-2.0127,2.4342,"AceraceaeAbove0.50spg","hardwood","Hardwood",0.56,-1.8011,2.3852,0.21103,0.95964,NA,"Check",110.57745172635,119.351832774356,NA
"Acer","ACSA3","NEON.PLA.D05.TREE.00043","TREE_055","TREE","D05",2018-10-10,"Live","single bole tree",NA,130,NA,20,36.7,NA,43,"Acer saccharum Marshall",6.7,328.7,"2018",318,"hard maple/oak/hickory/beech","Acer saccharum Marshall","sugar maple","Aceraceae","tree","saccharum",0.841,"hw4",-2.0127,2.4342,"AceraceaeAbove0.50spg","hardwood","Hardwood",0.56,-1.8011,2.3852,0.21103,0.95964,NA,"Check",860.212263802861,890.909736203753,NA
"Acer","ACSA3","NEON.PLA.D05.TREE.00098","TREE_056","TREE","D05",2018-10-09,"Live","single bole tree",NA,130,NA,19.1,55.4,NA,23,"Acer saccharum Marshall",3.9,355.9,"2018",318,"hard maple/oak/hickory/beech","Acer saccharum Marshall","sugar maple","Aceraceae","tree","saccharum",0.841,"hw4",-2.0127,2.4342,"AceraceaeAbove0.50spg","hardwood","Hardwood",0.56,-1.8011,2.3852,0.21103,0.95964,NA,"Check",2343.94256430568,2379.09453552863,NA
"Acer","ACSA3","NEON.PLA.D05.TREE.00181","TREE_055","TREE","D05",2018-10-10,"Live","single bole tree",NA,130,NA,23.7,34.9,NA,41,"Acer saccharum Marshall",11.9,113.1,"2018",318,"hard maple/oak/hickory/beech","Acer saccharum Marshall","sugar maple","Aceraceae","tree","saccharum",0.841,"hw4",-2.0127,2.4342,"AceraceaeAbove0.50spg","hardwood","Hardwood",0.56,-1.8011,2.3852,0.21103,0.95964,NA,"Check",761.098998686613,790.20435168332,NA
"Acer","ACSA3","NEON.PLA.D05.TREE.01217","TREE_047","TREE","D05",2017-10-16,"Live","single bole tree",NA,130,NA,13.9,12.8,NA,41,"Acer saccharum Marshall",7.2,297.9,"2017",318,"hard maple/oak/hickory/beech","Acer saccharum Marshall","sugar maple","Aceraceae","tree","saccharum",0.841,"hw4",-2.0127,2.4342,"AceraceaeAbove0.50spg","hardwood","Hardwood",0.56,-1.8011,2.3852,0.21103,0.95964,NA,"Check",66.2317155494387,72.2286384505297,NA
"Acer","ACSA3","NEON.PLA.D05.TREE.00589","TREE_046","TREE","D05",2022-09-19,"Live","single bole tree","Partially shaded",130,NA,20.2,23.8,NA,25,"Acer saccharum Marshall",10.8,318.3,"2022",318,"hard maple/oak/hickory/beech","Acer saccharum Marshall","sugar maple","Aceraceae","tree","saccharum",0.841,"hw4",-2.0127,2.4342,"AceraceaeAbove0.50spg","hardwood","Hardwood",0.56,-1.8011,2.3852,0.21103,0.95964,NA,"Check",299.749954011571,317.105348091186,NA
"Acer","ACSA3","NEON.PLA.D05.TREE.00648","TREE_042","TREE","D05",2018-10-10,"Live","single bole tree",NA,130,NA,18.8,20,NA,61,"Acer saccharum Marshall",3,224.8,"2018",318,"hard maple/oak/hickory/beech","Acer saccharum Marshall","sugar maple","Aceraceae","tree","saccharum",0.841,"hw4",-2.0127,2.4342,"AceraceaeAbove0.50spg","hardwood","Hardwood",0.56,-1.8011,2.3852,0.21103,0.95964,NA,"Check",196.273972149929,209.415563279415,NA
"Acer","ACSA3","NEON.PLA.D05.TREE.00134","TREE_055","TREE","D05",2015-07-29,"Live","small tree","Mostly shaded",130,NA,9.1,7.3,NA,NA,"Acer saccharum Marshall",NA,NA,"2015",318,"hard maple/oak/hickory/beech","Acer saccharum Marshall","sugar maple","Aceraceae","tree","saccharum",0.841,"hw4",-2.0127,2.4342,"AceraceaeAbove0.50spg","hardwood","Hardwood",0.56,-1.8011,2.3852,0.21103,0.95964,NA,"Check",11.0747623436148,12.5202587345466,NA
"Acer","ACSA3","NEON.PLA.D05.TREE.00663","TREE_054","TREE","D05",2015-07-30,"Live","single bole tree","Full sun",130,NA,20.1,32,NA,41,"Acer saccharum Marshall",12.4,41.6,"2015",318,"hard maple/oak/hickory/beech","Acer saccharum Marshall","sugar maple","Aceraceae","tree","saccharum",0.841,"hw4",-2.0127,2.4342,"AceraceaeAbove0.50spg","hardwood","Hardwood",0.56,-1.8011,2.3852,0.21103,0.95964,NA,"Check",616.214017743563,642.504149656533,NA
"Acer","ACSA3","NEON.PLA.D05.TREE.00241","TREE_054","TREE","D05",2021-09-20,"Live","single bole tree","Partially shaded",130,NA,13,17.8,NA,NA,"Acer saccharum Marshall",NA,NA,"2021",318,"hard maple/oak/hickory/beech","Acer saccharum Marshall","sugar maple","Aceraceae","tree","saccharum",0.841,"hw4",-2.0127,2.4342,"AceraceaeAbove0.50spg","hardwood","Hardwood",0.56,-1.8011,2.3852,0.21103,0.95964,NA,"Check",147.797764725291,158.596645827309,NA
"Acer","ACSA3","NEON.PLA.D05.TREE.00259","TREE_056","TREE","D05",2018-10-09,"Live","single bole tree",NA,130,NA,14.8,16.7,NA,59,"Acer saccharum Marshall",3.3,151.2,"2018",318,"hard maple/oak/hickory/beech","Acer saccharum Marshall","sugar maple","Aceraceae","tree","saccharum",0.841,"hw4",-2.0127,2.4342,"AceraceaeAbove0.50spg","hardwood","Hardwood",0.56,-1.8011,2.3852,0.21103,0.95964,NA,"Check",126.541194682436,136.21205203379,NA
"Acer","ACSA3","NEON.PLA.D05.TREE.00574","TREE_046","TREE","D05",2021-09-21,"Live","single bole tree","Full sun",130,NA,22,25.7,NA,57,"Acer saccharum Marshall",9.1,115,"2021",318,"hard maple/oak/hickory/beech","Acer saccharum Marshall","sugar maple","Aceraceae","tree","saccharum",0.841,"hw4",-2.0127,2.4342,"AceraceaeAbove0.50spg","hardwood","Hardwood",0.56,-1.8011,2.3852,0.21103,0.95964,NA,"Check",361.372171221535,380.859413610118,NA
"Acer","ACSA3","NEON.PLA.D05.TREE.00184","TREE_049","TREE","D05",2021-09-23,"Live","single bole tree","Partially shaded",130,NA,22.4,38.4,NA,41,"Acer saccharum Marshall",10.8,148.5,"2021",318,"hard maple/oak/hickory/beech","Acer saccharum Marshall","sugar maple","Aceraceae","tree","saccharum",0.841,"hw4",-2.0127,2.4342,"AceraceaeAbove0.50spg","hardwood","Hardwood",0.56,-1.8011,2.3852,0.21103,0.95964,NA,"Check",960.449561564297,992.519492952463,NA
"Acer","ACSA3","NEON.PLA.D05.TREE.00575","TREE_049","TREE","D05",2021-09-23,"Live","single bole tree","Mostly shaded",130,NA,16.5,18.3,NA,21,"Acer saccharum Marshall",10,56.2,"2021",318,"hard maple/oak/hickory/beech","Acer saccharum Marshall","sugar maple","Aceraceae","tree","saccharum",0.841,"hw4",-2.0127,2.4342,"AceraceaeAbove0.50spg","hardwood","Hardwood",0.56,-1.8011,2.3852,0.21103,0.95964,NA,"Check",158.108034160774,169.430092471183,NA
"Acer","ACSA3","NEON.PLA.D05.TREE.00623","TREE_053","TREE","D05",2017-08-30,"Live","single bole tree",NA,130,NA,18.6,34.5,NA,43,"Acer saccharum Marshall",8,291.5,"2017",318,"hard maple/oak/hickory/beech","Acer saccharum Marshall","sugar maple","Aceraceae","tree","saccharum",0.841,"hw4",-2.0127,2.4342,"AceraceaeAbove0.50spg","hardwood","Hardwood",0.56,-1.8011,2.3852,0.21103,0.95964,NA,"Check",740.03922131569,768.773340044858,NA
"Acer","ACSA3","NEON.PLA.D05.TREE.00672","TREE_042","TREE","D05",2015-07-27,"Live","single bole tree","Partially shaded",130,NA,18.5,38.2,NA,41,"Acer saccharum Marshall",11.4,144.7,"2015",318,"hard maple/oak/hickory/beech","Acer saccharum Marshall","sugar maple","Aceraceae","tree","saccharum",0.841,"hw4",-2.0127,2.4342,"AceraceaeAbove0.50spg","hardwood","Hardwood",0.56,-1.8011,2.3852,0.21103,0.95964,NA,"Check",948.318306363151,980.233954092231,NA
"Acer","ACSA3","NEON.PLA.D05.TREE.00673","TREE_042","TREE","D05",2015-07-27,"Standing dead","single bole tree","Full shade",130,NA,3.2,13.8,NA,41,"Acer saccharum Marshall",10.1,122.9,"2015",318,"hard maple/oak/hickory/beech","Acer saccharum Marshall","sugar maple","Aceraceae","tree","saccharum",0.841,"hw4",-2.0127,2.4342,"AceraceaeAbove0.50spg","hardwood","Hardwood",0.56,-1.8011,2.3852,0.21103,0.95964,NA,"Check",79.540655990085,86.4234910516761,NA
"Acer","ACSA3","NEON.PLA.D05.TREE.00575","TREE_049","TREE","D05",2018-10-10,"Live","single bole tree",NA,130,NA,16.9,17.9,NA,21,"Acer saccharum Marshall",10,56.2,"2018",318,"hard maple/oak/hickory/beech","Acer saccharum Marshall","sugar maple","Aceraceae","tree","saccharum",0.841,"hw4",-2.0127,2.4342,"AceraceaeAbove0.50spg","hardwood","Hardwood",0.56,-1.8011,2.3852,0.21103,0.95964,NA,"Check",149.827089903606,160.730115999031,NA
"Acer","ACSA3","NEON.PLA.D05.TREE.00003","TREE_049","TREE","D05",2018-10-10,"Live","single bole tree",NA,130,NA,22.5,31.1,NA,43,"Acer saccharum Marshall",10.8,239.3,"2018",318,"hard maple/oak/hickory/beech","Acer saccharum Marshall","sugar maple","Aceraceae","tree","saccharum",0.841,"hw4",-2.0127,2.4342,"AceraceaeAbove0.50spg","hardwood","Hardwood",0.56,-1.8011,2.3852,0.21103,0.95964,NA,"Check",574.874222539862,600.239108694105,NA
"Acer","ACSA3","NEON.PLA.D05.TREE.01036","TREE_041","TREE","D05",2020-09-28,"Live","small tree","Mostly shaded",130,NA,10,8.9,NA,NA,"Acer saccharum Marshall",NA,NA,"2020",318,"hard maple/oak/hickory/beech","Acer saccharum Marshall","sugar maple","Aceraceae","tree","saccharum",0.841,"hw4",-2.0127,2.4342,"AceraceaeAbove0.50spg","hardwood","Hardwood",0.56,-1.8011,2.3852,0.21103,0.95964,NA,"Check",17.9406867529904,20.0863331540566,NA
"Acer","ACSA3","NEON.PLA.D05.TREE.00653","TREE_046","TREE","D05",2017-09-25,"Live","single bole tree",NA,130,NA,17,29,NA,23,"Acer saccharum Marshall",7.6,81.5,"2017",318,"hard maple/oak/hickory/beech","Acer saccharum Marshall","sugar maple","Aceraceae","tree","saccharum",0.841,"hw4",-2.0127,2.4342,"AceraceaeAbove0.50spg","hardwood","Hardwood",0.56,-1.8011,2.3852,0.21103,0.95964,NA,"Check",484.913977561186,508.047025757933,NA
"Acer","ACSA3","NEON.PLA.D05.TREE.00653","TREE_046","TREE","D05",2015-07-28,"Live,  other damage","single bole tree","Partially shaded",130,NA,13.7,29.3,NA,23,"Acer saccharum Marshall",7.6,81.5,"2015",318,"hard maple/oak/hickory/beech","Acer saccharum Marshall","sugar maple","Aceraceae","tree","saccharum",0.841,"hw4",-2.0127,2.4342,"AceraceaeAbove0.50spg","hardwood","Hardwood",0.56,-1.8011,2.3852,0.21103,0.95964,NA,"Check",497.215498893679,520.672759276331,NA
"Acer","ACSA3","NEON.PLA.D05.TREE.00553","TREE_046","TREE","D05",2015-07-28,"Live","small tree","Mostly shaded",130,NA,7,7,NA,NA,"Acer saccharum Marshall",NA,NA,"2015",318,"hard maple/oak/hickory/beech","Acer saccharum Marshall","sugar maple","Aceraceae","tree","saccharum",0.841,"hw4",-2.0127,2.4342,"AceraceaeAbove0.50spg","hardwood","Hardwood",0.56,-1.8011,2.3852,0.21103,0.95964,NA,"Check",9.99934512588625,11.3277449701088,NA
"Acer","ACSA3","NEON.PLA.D05.TREE.00505","TREE_053","TREE","D05",2017-08-30,"Dead, broken bole","single bole tree",NA,130,NA,2.2,17,NA,23,"Acer saccharum Marshall",2.2,23,"2017",318,"hard maple/oak/hickory/beech","Acer saccharum Marshall","sugar maple","Aceraceae","tree","saccharum",0.841,"hw4",-2.0127,2.4342,"AceraceaeAbove0.50spg","hardwood","Hardwood",0.56,-1.8011,2.3852,0.21103,0.95964,NA,"Check",132.146072699293,142.121236035814,NA
"Acer","ACSA3","NEON.PLA.D05.TREE.01478","TREE_041","TREE","D05",2017-10-16,"Live","multi-bole tree",NA,130,NA,24.4,31.9,NA,39,"Acer saccharum Marshall",8,124.8,"2017",318,"hard maple/oak/hickory/beech","Acer saccharum Marshall","sugar maple","Aceraceae","tree","saccharum",0.841,"hw4",-2.0127,2.4342,"AceraceaeAbove0.50spg","hardwood","Hardwood",0.56,-1.8011,2.3852,0.21103,0.95964,NA,"Check",611.537054295855,637.725445523162,NA
"Acer","ACSA3","NEON.PLA.D05.TREE.01036","TREE_041","TREE","D05",2022-09-07,"Live","small tree","Full shade",130,NA,11.4,9.3,NA,NA,"Acer saccharum Marshall",NA,NA,"2022",318,"hard maple/oak/hickory/beech","Acer saccharum Marshall","sugar maple","Aceraceae","tree","saccharum",0.841,"hw4",-2.0127,2.4342,"AceraceaeAbove0.50spg","hardwood","Hardwood",0.56,-1.8011,2.3852,0.21103,0.95964,NA,"Check",19.9671050400866,22.3069989436384,NA
"Acer","ACSA3","NEON.PLA.D05.TREE.01478","TREE_041","TREE","D05",2022-09-07,"Live","multi-bole tree","Full sun",130,NA,25.4,32.8,NA,39,"Acer saccharum Marshall",8,124.8,"2022",318,"hard maple/oak/hickory/beech","Acer saccharum Marshall","sugar maple","Aceraceae","tree","saccharum",0.841,"hw4",-2.0127,2.4342,"AceraceaeAbove0.50spg","hardwood","Hardwood",0.56,-1.8011,2.3852,0.21103,0.95964,NA,"Check",654.388421720799,681.482174763655,NA
"Acer","ACSA3","NEON.PLA.D05.TREE.00139","TREE_055","TREE","D05",2016-09-27,"Live","multi-bole tree",NA,130,NA,12,10.8,NA,61,"Acer saccharum Marshall",1.7,268.2,"2016",318,"hard maple/oak/hickory/beech","Acer saccharum Marshall","sugar maple","Aceraceae","tree","saccharum",0.841,"hw4",-2.0127,2.4342,"AceraceaeAbove0.50spg","hardwood","Hardwood",0.56,-1.8011,2.3852,0.21103,0.95964,NA,"Check",43.7981333852721,48.1631130727936,NA
"Acer","ACSA3","NEON.PLA.D05.TREE.00675","TREE_046","TREE","D05",2018-10-10,"Live","single bole tree",NA,130,NA,11.4,10.2,NA,41,"Acer saccharum Marshall",4.1,121.9,"2018",318,"hard maple/oak/hickory/beech","Acer saccharum Marshall","sugar maple","Aceraceae","tree","saccharum",0.841,"hw4",-2.0127,2.4342,"AceraceaeAbove0.50spg","hardwood","Hardwood",0.56,-1.8011,2.3852,0.21103,0.95964,NA,"Check",38.1092177562497,42.0247693313574,NA
"Acer","ACSA3","NEON.PLA.D05.TREE.00675","TREE_046","TREE","D05",2022-09-19,"Live","single bole tree","Mostly shaded",130,NA,13.8,10.8,NA,41,"Acer saccharum Marshall",4.1,121.9,"2022",318,"hard maple/oak/hickory/beech","Acer saccharum Marshall","sugar maple","Aceraceae","tree","saccharum",0.841,"hw4",-2.0127,2.4342,"AceraceaeAbove0.50spg","hardwood","Hardwood",0.56,-1.8011,2.3852,0.21103,0.95964,NA,"Check",43.7981333852721,48.1631130727936,NA
"Acer","ACSA3","NEON.PLA.D05.TREE.00627","TREE_053","TREE","D05",2017-08-30,"Live","single bole tree",NA,130,NA,18.4,19.2,NA,23,"Acer saccharum Marshall",9.3,23.2,"2017",318,"hard maple/oak/hickory/beech","Acer saccharum Marshall","sugar maple","Aceraceae","tree","saccharum",0.841,"hw4",-2.0127,2.4342,"AceraceaeAbove0.50spg","hardwood","Hardwood",0.56,-1.8011,2.3852,0.21103,0.95964,NA,"Check",177.708150586367,189.986306317738,NA
"Acer","ACSA3","NEON.PLA.D05.TREE.01442","TREE_041","TREE","D05",2021-09-20,"Live","single bole tree","Full sun",130,NA,26.8,31.2,NA,21,"Acer saccharum Marshall",6.9,82.6,"2021",318,"hard maple/oak/hickory/beech","Acer saccharum Marshall","sugar maple","Aceraceae","tree","saccharum",0.841,"hw4",-2.0127,2.4342,"AceraceaeAbove0.50spg","hardwood","Hardwood",0.56,-1.8011,2.3852,0.21103,0.95964,NA,"Check",579.384148449605,604.852870835354,NA
"Acer","ACSA3","NEON.PLA.D05.TREE.01442","TREE_041","TREE","D05",2017-10-16,"Live","single bole tree",NA,130,NA,22.1,30.7,NA,21,"Acer saccharum Marshall",6.9,82.6,"2017",318,"hard maple/oak/hickory/beech","Acer saccharum Marshall","sugar maple","Aceraceae","tree","saccharum",0.841,"hw4",-2.0127,2.4342,"AceraceaeAbove0.50spg","hardwood","Hardwood",0.56,-1.8011,2.3852,0.21103,0.95964,NA,"Check",557.041728596041,581.988846661286,NA
"Acer","ACSA3","NEON.PLA.D05.TREE.00610","TREE_046","TREE","D05",2016-09-29,"Live","single bole tree",NA,130,NA,18.3,29.9,NA,41,"Acer saccharum Marshall",5.2,126.5,"2016",318,"hard maple/oak/hickory/beech","Acer saccharum Marshall","sugar maple","Aceraceae","tree","saccharum",0.841,"hw4",-2.0127,2.4342,"AceraceaeAbove0.50spg","hardwood","Hardwood",0.56,-1.8011,2.3852,0.21103,0.95964,NA,"Check",522.365279847923,546.465975873807,NA
"Acer","ACSA3","NEON.PLA.D05.TREE.01070","TREE_041","TREE","D05",2018-10-10,"Live","single bole tree",NA,130,NA,22,26.4,NA,43,"Acer saccharum Marshall",6.8,297.3,"2018",318,"hard maple/oak/hickory/beech","Acer saccharum Marshall","sugar maple","Aceraceae","tree","saccharum",0.841,"hw4",-2.0127,2.4342,"AceraceaeAbove0.50spg","hardwood","Hardwood",0.56,-1.8011,2.3852,0.21103,0.95964,NA,"Check",385.801378481692,406.070925224203,NA
"Acer","ACSA3","NEON.PLA.D05.TREE.00555","TREE_042","TREE","D05",2019-10-23,"Live","single bole tree",NA,125,NA,18.9,30,NA,41,"Acer saccharum Marshall",5.9,92.1,"2019",318,"hard maple/oak/hickory/beech","Acer saccharum Marshall","sugar maple","Aceraceae","tree","saccharum",0.841,"hw4",-2.0127,2.4342,"AceraceaeAbove0.50spg","hardwood","Hardwood",0.56,-1.8011,2.3852,0.21103,0.95964,NA,"Check",526.628131396782,550.83537785576,NA
"Acer","ACSA3","NEON.PLA.D05.TREE.00190","TREE_055","TREE","D05",2015-07-29,"Live","small tree","Full sun",130,NA,22,39.5,NA,41,"Acer saccharum Marshall",1.4,63.8,"2015",318,"hard maple/oak/hickory/beech","Acer saccharum Marshall","sugar maple","Aceraceae","tree","saccharum",0.841,"hw4",-2.0127,2.4342,"AceraceaeAbove0.50spg","hardwood","Hardwood",0.56,-1.8011,2.3852,0.21103,0.95964,NA,"Check",1028.80282104842,1061.68480358602,NA
"Acer","ACSA3","NEON.PLA.D05.TREE.00166","TREE_049","TREE","D05",2016-09-28,"Live,  other damage","small tree",NA,130,NA,9.6,8.7,NA,NA,"Acer saccharum Marshall",NA,NA,"2016",318,"hard maple/oak/hickory/beech","Acer saccharum Marshall","sugar maple","Aceraceae","tree","saccharum",0.841,"hw4",-2.0127,2.4342,"AceraceaeAbove0.50spg","hardwood","Hardwood",0.56,-1.8011,2.3852,0.21103,0.95964,NA,"Check",16.9750739131465,19.0264138573022,NA
"Acer","ACSA3","NEON.PLA.D05.TREE.00655","TREE_042","TREE","D05",2018-10-10,"Live","single bole tree",NA,130,NA,19.6,27,NA,25,"Acer saccharum Marshall",6,295.8,"2018",318,"hard maple/oak/hickory/beech","Acer saccharum Marshall","sugar maple","Aceraceae","tree","saccharum",0.841,"hw4",-2.0127,2.4342,"AceraceaeAbove0.50spg","hardwood","Hardwood",0.56,-1.8011,2.3852,0.21103,0.95964,NA,"Check",407.49395541266,428.431169041645,NA
"Acer","ACSA3","NEON.PLA.D05.TREE.00655","TREE_042","TREE","D05",2020-10-06,"Live","single bole tree","Partially shaded",130,NA,19.2,27.2,NA,25,"Acer saccharum Marshall",6,295.8,"2020",318,"hard maple/oak/hickory/beech","Acer saccharum Marshall","sugar maple","Aceraceae","tree","saccharum",0.841,"hw4",-2.0127,2.4342,"AceraceaeAbove0.50spg","hardwood","Hardwood",0.56,-1.8011,2.3852,0.21103,0.95964,NA,"Check",414.880595196093,436.039626078269,NA
"Acer","ACSA3","NEON.PLA.D05.TREE.00509","TREE_042","TREE","D05",2021-10-04,"Live,  other damage","small tree","Full shade",130,NA,8.1,7.5,NA,NA,"Acer saccharum Marshall",NA,NA,"2021",318,"hard maple/oak/hickory/beech","Acer saccharum Marshall","sugar maple","Aceraceae","tree","saccharum",0.841,"hw4",-2.0127,2.4342,"AceraceaeAbove0.50spg","hardwood","Hardwood",0.56,-1.8011,2.3852,0.21103,0.95964,NA,"Check",11.8279106897301,13.3540114190238,NA
"Acer","ACSA3","NEON.PLA.D05.TREE.00209","TREE_054","TREE","D05",2015-07-30,"Live","single bole tree","Mostly shaded",130,NA,11.5,16.8,NA,43,"Acer saccharum Marshall",2.4,292.7,"2015",318,"hard maple/oak/hickory/beech","Acer saccharum Marshall","sugar maple","Aceraceae","tree","saccharum",0.841,"hw4",-2.0127,2.4342,"AceraceaeAbove0.50spg","hardwood","Hardwood",0.56,-1.8011,2.3852,0.21103,0.95964,NA,"Check",128.393592234816,138.165593662423,NA
"Acer","ACSA3","NEON.PLA.D05.TREE.00524","TREE_053","TREE","D05",2016-09-27,"Live","single bole tree",NA,130,NA,11.9,11.4,NA,43,"Acer saccharum Marshall",6.2,269.1,"2016",318,"hard maple/oak/hickory/beech","Acer saccharum Marshall","sugar maple","Aceraceae","tree","saccharum",0.841,"hw4",-2.0127,2.4342,"AceraceaeAbove0.50spg","hardwood","Hardwood",0.56,-1.8011,2.3852,0.21103,0.95964,NA,"Check",49.958948076216,54.7925686017552,NA
"Acer","ACSA3","NEON.PLA.D05.TREE.00630","TREE_042","TREE","D05",2017-09-25,"Live","small tree",NA,130,NA,17.3,12.8,NA,41,"Acer saccharum Marshall",12.8,45.4,"2017",318,"hard maple/oak/hickory/beech","Acer saccharum Marshall","sugar maple","Aceraceae","tree","saccharum",0.841,"hw4",-2.0127,2.4342,"AceraceaeAbove0.50spg","hardwood","Hardwood",0.56,-1.8011,2.3852,0.21103,0.95964,NA,"Check",66.2317155494387,72.2286384505297,NA
"Acer","ACSA3","NEON.PLA.D05.TREE.00098","TREE_056","TREE","D05",2015-07-29,"Live","single bole tree","Open grown",130,NA,21.8,54.7,NA,23,"Acer saccharum Marshall",3.9,355.9,"2015",318,"hard maple/oak/hickory/beech","Acer saccharum Marshall","sugar maple","Aceraceae","tree","saccharum",0.841,"hw4",-2.0127,2.4342,"AceraceaeAbove0.50spg","hardwood","Hardwood",0.56,-1.8011,2.3852,0.21103,0.95964,NA,"Check",2272.50185308326,2308.02006145288,NA
"Acer","ACSA3","NEON.PLA.D05.TREE.01236A","TREE_041","TREE","D05",2019-10-23,"Live","multi-bole tree",NA,130,NA,25.3,39.1,NA,43,"Acer saccharum Marshall",10.6,330.2,"2019",318,"hard maple/oak/hickory/beech","Acer saccharum Marshall","sugar maple","Aceraceae","tree","saccharum",0.841,"hw4",-2.0127,2.4342,"AceraceaeAbove0.50spg","hardwood","Hardwood",0.56,-1.8011,2.3852,0.21103,0.95964,NA,"Check",1003.62659039102,1036.22057280194,NA
"Acer","ACSA3","NEON.PLA.D05.TREE.00688","TREE_046","TREE","D05",2022-09-19,"Live","single bole tree","Mostly shaded",130,NA,18.5,18.7,NA,25,"Acer saccharum Marshall",10.7,331.2,"2022",318,"hard maple/oak/hickory/beech","Acer saccharum Marshall","sugar maple","Aceraceae","tree","saccharum",0.841,"hw4",-2.0127,2.4342,"AceraceaeAbove0.50spg","hardwood","Hardwood",0.56,-1.8011,2.3852,0.21103,0.95964,NA,"Check",166.652692590398,178.397518288841,NA
"Acer","ACSA3","NEON.PLA.D05.TREE.00492","TREE_051","TREE","D05",2017-09-26,"Live","single bole tree",NA,140,NA,14,15.5,NA,59,"Acer saccharum Marshall",2.8,149.3,"2017",318,"hard maple/oak/hickory/beech","Acer saccharum Marshall","sugar maple","Aceraceae","tree","saccharum",0.841,"hw4",-2.0127,2.4342,"AceraceaeAbove0.50spg","hardwood","Hardwood",0.56,-1.8011,2.3852,0.21103,0.95964,NA,"Check",105.536069580076,114.017463478061,NA
"Acer","ACSA3","NEON.PLA.D05.TREE.00648","TREE_042","TREE","D05",2016-09-28,"Live, physically damaged","single bole tree",NA,130,NA,17.4,19.7,NA,61,"Acer saccharum Marshall",3,224.8,"2016",318,"hard maple/oak/hickory/beech","Acer saccharum Marshall","sugar maple","Aceraceae","tree","saccharum",0.841,"hw4",-2.0127,2.4342,"AceraceaeAbove0.50spg","hardwood","Hardwood",0.56,-1.8011,2.3852,0.21103,0.95964,NA,"Check",189.184339903845,202.000782261715,NA
"Acer","ACSA3","NEON.PLA.D05.TREE.00663","TREE_054","TREE","D05",2017-08-30,"Live","single bole tree",NA,130,NA,19.8,32.6,NA,41,"Acer saccharum Marshall",12.4,41.6,"2017",318,"hard maple/oak/hickory/beech","Acer saccharum Marshall","sugar maple","Aceraceae","tree","saccharum",0.841,"hw4",-2.0127,2.4342,"AceraceaeAbove0.50spg","hardwood","Hardwood",0.56,-1.8011,2.3852,0.21103,0.95964,NA,"Check",644.717974512454,671.612589275499,NA
"Acer","ACSA3","NEON.PLA.D05.TREE.00241","TREE_054","TREE","D05",2017-08-30,"Live","single bole tree",NA,130,NA,13.9,17.6,NA,NA,"Acer saccharum Marshall",NA,NA,"2017",318,"hard maple/oak/hickory/beech","Acer saccharum Marshall","sugar maple","Aceraceae","tree","saccharum",0.841,"hw4",-2.0127,2.4342,"AceraceaeAbove0.50spg","hardwood","Hardwood",0.56,-1.8011,2.3852,0.21103,0.95964,NA,"Check",143.787930232059,154.379284548219,NA
"Acer","ACSA3","NEON.PLA.D05.TREE.00260","TREE_056","TREE","D05",2022-09-20,"Live,  other damage","single bole tree","Partially shaded",130,NA,14.9,14.8,NA,59,"Acer saccharum Marshall",12.4,134.3,"2022",318,"hard maple/oak/hickory/beech","Acer saccharum Marshall","sugar maple","Aceraceae","tree","saccharum",0.841,"hw4",-2.0127,2.4342,"AceraceaeAbove0.50spg","hardwood","Hardwood",0.56,-1.8011,2.3852,0.21103,0.95964,NA,"Check",94.3075720084885,102.117565406473,NA
"Acer","ACSA3","NEON.PLA.D05.TREE.00663","TREE_054","TREE","D05",2022-09-07,"Live,  other damage","single bole tree","Full sun",130,NA,20.5,33.5,NA,41,"Acer saccharum Marshall",12.4,41.6,"2022",318,"hard maple/oak/hickory/beech","Acer saccharum Marshall","sugar maple","Aceraceae","tree","saccharum",0.841,"hw4",-2.0127,2.4342,"AceraceaeAbove0.50spg","hardwood","Hardwood",0.56,-1.8011,2.3852,0.21103,0.95964,NA,"Check",688.905362834101,716.686266511086,NA
"Acer","ACSA3","NEON.PLA.D05.TREE.00091","TREE_050","TREE","D05",2021-10-06,"Live","single bole tree","Mostly shaded",130,NA,14.7,17.2,NA,39,"Acer saccharum Marshall",3.9,8.6,"2021",318,"hard maple/oak/hickory/beech","Acer saccharum Marshall","sugar maple","Aceraceae","tree","saccharum",0.841,"hw4",-2.0127,2.4342,"AceraceaeAbove0.50spg","hardwood","Hardwood",0.56,-1.8011,2.3852,0.21103,0.95964,NA,"Check",135.962406141479,146.141870008148,NA
"Acer","ACSA3","NEON.PLA.D05.TREE.00010","TREE_055","TREE","D05",2018-10-10,"Live","small tree",NA,130,NA,7.1,4.5,NA,NA,"Acer saccharum Marshall",NA,NA,"2018",318,"hard maple/oak/hickory/beech","Acer saccharum Marshall","sugar maple","Aceraceae","tree","saccharum",0.841,"hw4",-2.0127,2.4342,"AceraceaeAbove0.50spg","hardwood","Hardwood",0.56,-1.8011,2.3852,0.21103,0.95964,NA,"Check",3.41101642197202,3.94873605934139,NA
"Acer","ACSA3","NEON.PLA.D05.TREE.00010","TREE_055","TREE","D05",2016-09-27,"Live, physically damaged","small tree",NA,130,NA,7.1,4.4,NA,NA,"Acer saccharum Marshall",NA,NA,"2016",318,"hard maple/oak/hickory/beech","Acer saccharum Marshall","sugar maple","Aceraceae","tree","saccharum",0.841,"hw4",-2.0127,2.4342,"AceraceaeAbove0.50spg","hardwood","Hardwood",0.56,-1.8011,2.3852,0.21103,0.95964,NA,"Check",3.22943400789303,3.7426476431902,NA
"Acer","ACSA3","NEON.PLA.D05.TREE.00558","TREE_053","TREE","D05",2018-10-09,"Live","single bole tree",NA,130,NA,13.2,15.5,NA,59,"Acer saccharum Marshall",16.1,93.9,"2018",318,"hard maple/oak/hickory/beech","Acer saccharum Marshall","sugar maple","Aceraceae","tree","saccharum",0.841,"hw4",-2.0127,2.4342,"AceraceaeAbove0.50spg","hardwood","Hardwood",0.56,-1.8011,2.3852,0.21103,0.95964,NA,"Check",105.536069580076,114.017463478061,NA
"Acer","ACSA3","NEON.PLA.D05.TREE.00743","TREE_051","TREE","D05",2017-09-26,"Live","small tree",NA,130,NA,9.3,7.3,NA,NA,"Acer saccharum Marshall",NA,NA,"2017",318,"hard maple/oak/hickory/beech","Acer saccharum Marshall","sugar maple","Aceraceae","tree","saccharum",0.841,"hw4",-2.0127,2.4342,"AceraceaeAbove0.50spg","hardwood","Hardwood",0.56,-1.8011,2.3852,0.21103,0.95964,NA,"Check",11.0747623436148,12.5202587345466,NA
"Acer","ACSA3","NEON.PLA.D05.TREE.01477","TREE_041","TREE","D05",2015-08-10,"Live","single bole tree","Partially shaded",130,NA,22.2,38,NA,39,"Acer saccharum Marshall",3.7,103.9,"2015",318,"hard maple/oak/hickory/beech","Acer saccharum Marshall","sugar maple","Aceraceae","tree","saccharum",0.841,"hw4",-2.0127,2.4342,"AceraceaeAbove0.50spg","hardwood","Hardwood",0.56,-1.8011,2.3852,0.21103,0.95964,NA,"Check",936.277802519961,968.037192148383,NA
"Acer","ACSA3","NEON.PLA.D05.TREE.00311","TREE_051","TREE","D05",2015-08-03,"Live, disease damaged","small tree","Partially shaded",130,NA,8.3,7.9,NA,NA,"Acer saccharum Marshall",NA,NA,"2015",318,"hard maple/oak/hickory/beech","Acer saccharum Marshall","sugar maple","Aceraceae","tree","saccharum",0.841,"hw4",-2.0127,2.4342,"AceraceaeAbove0.50spg","hardwood","Hardwood",0.56,-1.8011,2.3852,0.21103,0.95964,NA,"Check",13.4226348216678,15.1159607641599,NA
"Acer","ACSA3","NEON.PLA.D05.TREE.01223","TREE_047","TREE","D05",2018-08-28,"Live","single bole tree",NA,130,NA,18.4,20.5,NA,57,"Acer saccharum Marshall",13,141,"2018",318,"hard maple/oak/hickory/beech","Acer saccharum Marshall","sugar maple","Aceraceae","tree","saccharum",0.841,"hw4",-2.0127,2.4342,"AceraceaeAbove0.50spg","hardwood","Hardwood",0.56,-1.8011,2.3852,0.21103,0.95964,NA,"Check",208.433127390352,222.119924936364,NA
"Acer","ACSA3","NEON.PLA.D05.TREE.01223","TREE_047","TREE","D05",2015-08-06,"Live","single bole tree","Full sun",130,NA,17.3,18.8,NA,57,"Acer saccharum Marshall",13,141,"2015",318,"hard maple/oak/hickory/beech","Acer saccharum Marshall","sugar maple","Aceraceae","tree","saccharum",0.841,"hw4",-2.0127,2.4342,"AceraceaeAbove0.50spg","hardwood","Hardwood",0.56,-1.8011,2.3852,0.21103,0.95964,NA,"Check",168.830354723253,180.681426500646,NA
"Acer","ACSA3","NEON.PLA.D05.TREE.00394","TREE_051","TREE","D05",2018-10-09,"Live","single bole tree",NA,130,NA,13.8,15.7,NA,59,"Acer saccharum Marshall",5.3,171.4,"2018",318,"hard maple/oak/hickory/beech","Acer saccharum Marshall","sugar maple","Aceraceae","tree","saccharum",0.841,"hw4",-2.0127,2.4342,"AceraceaeAbove0.50spg","hardwood","Hardwood",0.56,-1.8011,2.3852,0.21103,0.95964,NA,"Check",108.88158396178,117.557965001896,NA
"Acer","ACSA3","NEON.PLA.D05.TREE.00066","TREE_056","TREE","D05",2018-10-09,"Live","single bole tree",NA,130,NA,11.5,11.6,NA,21,"Acer saccharum Marshall",3.2,11.2,"2018",318,"hard maple/oak/hickory/beech","Acer saccharum Marshall","sugar maple","Aceraceae","tree","saccharum",0.841,"hw4",-2.0127,2.4342,"AceraceaeAbove0.50spg","hardwood","Hardwood",0.56,-1.8011,2.3852,0.21103,0.95964,NA,"Check",52.1193671403053,57.1133197489124,NA
"Acer","ACSA3","NEON.PLA.D05.TREE.00568","TREE_053","TREE","D05",2016-09-27,"Live","single bole tree",NA,130,NA,19.2,21.4,NA,41,"Acer saccharum Marshall",10.6,107,"2016",318,"hard maple/oak/hickory/beech","Acer saccharum Marshall","sugar maple","Aceraceae","tree","saccharum",0.841,"hw4",-2.0127,2.4342,"AceraceaeAbove0.50spg","hardwood","Hardwood",0.56,-1.8011,2.3852,0.21103,0.95964,NA,"Check",231.413506666186,246.090665560645,NA
"Acer","ACSA3","NEON.PLA.D05.TREE.00512","TREE_042","TREE","D05",2018-10-10,"Live","single bole tree",NA,130,NA,23.4,41.6,NA,43,"Acer saccharum Marshall",6.2,301.4,"2018",318,"hard maple/oak/hickory/beech","Acer saccharum Marshall","sugar maple","Aceraceae","tree","saccharum",0.841,"hw4",-2.0127,2.4342,"AceraceaeAbove0.50spg","hardwood","Hardwood",0.56,-1.8011,2.3852,0.21103,0.95964,NA,"Check",1167.05811206631,1201.30592991787,NA
"Acer","ACSA3","NEON.PLA.D05.TREE.00264","TREE_056","TREE","D05",2018-10-09,"Live","single bole tree",NA,130,NA,14.5,20.3,NA,59,"Acer saccharum Marshall",9.7,156.9,"2018",318,"hard maple/oak/hickory/beech","Acer saccharum Marshall","sugar maple","Aceraceae","tree","saccharum",0.841,"hw4",-2.0127,2.4342,"AceraceaeAbove0.50spg","hardwood","Hardwood",0.56,-1.8011,2.3852,0.21103,0.95964,NA,"Check",203.517777709207,216.986022147958,NA
"Acer","ACSA3","NEON.PLA.D05.TREE.01360","TREE_041","TREE","D05",2018-10-10,"Dead, broken bole","single bole tree",NA,130,NA,6.8,29.5,NA,41,"Acer saccharum Marshall",8.7,1.5,"2018",318,"hard maple/oak/hickory/beech","Acer saccharum Marshall","sugar maple","Aceraceae","tree","saccharum",0.841,"hw4",-2.0127,2.4342,"AceraceaeAbove0.50spg","hardwood","Hardwood",0.56,-1.8011,2.3852,0.21103,0.95964,NA,"Check",505.517561666095,529.190063776686,NA
"Acer","ACSA3","NEON.PLA.D05.TREE.01360","TREE_041","TREE","D05",2017-10-16,"Dead, broken bole","single bole tree",NA,130,NA,6.6,29.4,NA,41,"Acer saccharum Marshall",8.7,1.5,"2017",318,"hard maple/oak/hickory/beech","Acer saccharum Marshall","sugar maple","Aceraceae","tree","saccharum",0.841,"hw4",-2.0127,2.4342,"AceraceaeAbove0.50spg","hardwood","Hardwood",0.56,-1.8011,2.3852,0.21103,0.95964,NA,"Check",501.35640544884,524.921379081473,NA
"Acer","ACSA3","NEON.PLA.D05.TREE.00660","TREE_042","TREE","D05",2021-10-04,"Live","single bole tree","Full shade",130,NA,13.1,13.4,NA,43,"Acer saccharum Marshall",9.4,288.3,"2021",318,"hard maple/oak/hickory/beech","Acer saccharum Marshall","sugar maple","Aceraceae","tree","saccharum",0.841,"hw4",-2.0127,2.4342,"AceraceaeAbove0.50spg","hardwood","Hardwood",0.56,-1.8011,2.3852,0.21103,0.95964,NA,"Check",74.0447031678835,80.5679982829085,NA
"Acer","ACSA3","NEON.PLA.D05.TREE.00148","TREE_049","TREE","D05",2015-07-28,"Standing dead","single bole tree","Full shade",130,NA,7.2,13.8,NA,23,"Acer saccharum Marshall",4.5,74.6,"2015",318,"hard maple/oak/hickory/beech","Acer saccharum Marshall","sugar maple","Aceraceae","tree","saccharum",0.841,"hw4",-2.0127,2.4342,"AceraceaeAbove0.50spg","hardwood","Hardwood",0.56,-1.8011,2.3852,0.21103,0.95964,NA,"Check",79.540655990085,86.4234910516761,NA
"Acer","ACSA3","NEON.PLA.D05.TREE.00635","TREE_046","TREE","D05",2016-09-29,"Live","single bole tree",NA,130,NA,20,29.4,NA,41,"Acer saccharum Marshall",4.6,298.8,"2016",318,"hard maple/oak/hickory/beech","Acer saccharum Marshall","sugar maple","Aceraceae","tree","saccharum",0.841,"hw4",-2.0127,2.4342,"AceraceaeAbove0.50spg","hardwood","Hardwood",0.56,-1.8011,2.3852,0.21103,0.95964,NA,"Check",501.35640544884,524.921379081473,NA
"Acer","ACSA3","NEON.PLA.D05.TREE.00587","TREE_053","TREE","D05",2018-10-09,"Live","single bole tree",NA,130,NA,14.8,13.9,NA,23,"Acer saccharum Marshall",7.3,16.1,"2018",318,"hard maple/oak/hickory/beech","Acer saccharum Marshall","sugar maple","Aceraceae","tree","saccharum",0.841,"hw4",-2.0127,2.4342,"AceraceaeAbove0.50spg","hardwood","Hardwood",0.56,-1.8011,2.3852,0.21103,0.95964,NA,"Check",80.9509822967284,87.9247435349206,NA
"Acer","ACSA3","NEON.PLA.D05.TREE.00667","TREE_053","TREE","D05",2018-10-09,"Live","small tree",NA,130,NA,4.4,3.5,NA,NA,"Acer saccharum Marshall",NA,NA,"2018",318,"hard maple/oak/hickory/beech","Acer saccharum Marshall","sugar maple","Aceraceae","tree","saccharum",0.841,"hw4",-2.0127,2.4342,"AceraceaeAbove0.50spg","hardwood","Hardwood",0.56,-1.8011,2.3852,0.21103,0.95964,NA,"Check",1.85013893546048,2.16833668362358,NA
"Acer","ACSA3","NEON.PLA.D05.TREE.01478A","TREE_041","TREE","D05",2021-09-20,"Live","multi-bole tree",NA,130,NA,NA,27,NA,39,"Acer saccharum Marshall",8,124.8,"2021",318,"hard maple/oak/hickory/beech","Acer saccharum Marshall","sugar maple","Aceraceae","tree","saccharum",0.841,"hw4",-2.0127,2.4342,"AceraceaeAbove0.50spg","hardwood","Hardwood",0.56,-1.8011,2.3852,0.21103,0.95964,NA,"Check",407.49395541266,428.431169041645,NA
"Acer","ACSA3","NEON.PLA.D05.TREE.00610","TREE_046","TREE","D05",2017-09-25,"Live","single bole tree",NA,130,NA,15.5,30,NA,41,"Acer saccharum Marshall",5.2,126.5,"2017",318,"hard maple/oak/hickory/beech","Acer saccharum Marshall","sugar maple","Aceraceae","tree","saccharum",0.841,"hw4",-2.0127,2.4342,"AceraceaeAbove0.50spg","hardwood","Hardwood",0.56,-1.8011,2.3852,0.21103,0.95964,NA,"Check",526.628131396782,550.83537785576,NA
"Acer","ACSA3","NEON.PLA.D05.TREE.00661","TREE_042","TREE","D05",2021-10-04,"Live","single bole tree","Full shade",140,NA,15.8,15.7,NA,43,"Acer saccharum Marshall",5.9,261.4,"2021",318,"hard maple/oak/hickory/beech","Acer saccharum Marshall","sugar maple","Aceraceae","tree","saccharum",0.841,"hw4",-2.0127,2.4342,"AceraceaeAbove0.50spg","hardwood","Hardwood",0.56,-1.8011,2.3852,0.21103,0.95964,NA,"Check",108.88158396178,117.557965001896,NA
"Acer","ACSA3","NEON.PLA.D05.TREE.00014","TREE_049","TREE","D05",2018-10-10,"Live","single bole tree",NA,130,NA,20.7,27.3,NA,21,"Acer saccharum Marshall",4,40.6,"2018",318,"hard maple/oak/hickory/beech","Acer saccharum Marshall","sugar maple","Aceraceae","tree","saccharum",0.841,"hw4",-2.0127,2.4342,"AceraceaeAbove0.50spg","hardwood","Hardwood",0.56,-1.8011,2.3852,0.21103,0.95964,NA,"Check",418.603265285804,439.873049785089,NA
"Acer","ACSA3","NEON.PLA.D05.TREE.01479","TREE_041","TREE","D05",2015-08-10,"Live","single bole tree","Partially shaded",130,NA,20.4,26.4,NA,23,"Acer saccharum Marshall",7.6,339.6,"2015",318,"hard maple/oak/hickory/beech","Acer saccharum Marshall","sugar maple","Aceraceae","tree","saccharum",0.841,"hw4",-2.0127,2.4342,"AceraceaeAbove0.50spg","hardwood","Hardwood",0.56,-1.8011,2.3852,0.21103,0.95964,NA,"Check",385.801378481692,406.070925224203,NA
"Acer","ACSA3","NEON.PLA.D05.TREE.01479","TREE_041","TREE","D05",2016-10-18,"Live","single bole tree",NA,130,NA,21.4,26.1,NA,23,"Acer saccharum Marshall",7.6,339.6,"2016",318,"hard maple/oak/hickory/beech","Acer saccharum Marshall","sugar maple","Aceraceae","tree","saccharum",0.841,"hw4",-2.0127,2.4342,"AceraceaeAbove0.50spg","hardwood","Hardwood",0.56,-1.8011,2.3852,0.21103,0.95964,NA,"Check",375.216405981196,395.151055876078,NA
"Acer","ACSA3","NEON.PLA.D05.TREE.00515","TREE_042","TREE","D05",2021-10-04,"Live","single bole tree","Mostly shaded",130,NA,13.7,11.9,NA,25,"Acer saccharum Marshall",8.2,325.2,"2021",318,"hard maple/oak/hickory/beech","Acer saccharum Marshall","sugar maple","Aceraceae","tree","saccharum",0.841,"hw4",-2.0127,2.4342,"AceraceaeAbove0.50spg","hardwood","Hardwood",0.56,-1.8011,2.3852,0.21103,0.95964,NA,"Check",55.4615381144916,60.6997386199753,NA
"Acer","ACSA3","NEON.PLA.D05.TREE.01071","TREE_047","TREE","D05",2016-10-19,"Live, physically damaged","single bole tree",NA,130,NA,19.4,44.3,NA,61,"Acer saccharum Marshall",7.7,192.1,"2016",318,"hard maple/oak/hickory/beech","Acer saccharum Marshall","sugar maple","Aceraceae","tree","saccharum",0.841,"hw4",-2.0127,2.4342,"AceraceaeAbove0.50spg","hardwood","Hardwood",0.56,-1.8011,2.3852,0.21103,0.95964,NA,"Check",1360.10189793798,1395.70738493016,NA
"Acer","ACSA3","NEON.PLA.D05.TREE.01217","TREE_047","TREE","D05",2018-08-28,"Live","single bole tree",NA,130,NA,15.2,13.8,NA,41,"Acer saccharum Marshall",7.2,297.9,"2018",318,"hard maple/oak/hickory/beech","Acer saccharum Marshall","sugar maple","Aceraceae","tree","saccharum",0.841,"hw4",-2.0127,2.4342,"AceraceaeAbove0.50spg","hardwood","Hardwood",0.56,-1.8011,2.3852,0.21103,0.95964,NA,"Check",79.540655990085,86.4234910516761,NA
"Acer","ACSA3","NEON.PLA.D05.TREE.00123","TREE_049","TREE","D05",2017-09-18,"Live,  other damage","single bole tree",NA,130,NA,21.1,42.6,NA,25,"Acer saccharum Marshall",3.9,274,"2017",318,"hard maple/oak/hickory/beech","Acer saccharum Marshall","sugar maple","Aceraceae","tree","saccharum",0.841,"hw4",-2.0127,2.4342,"AceraceaeAbove0.50spg","hardwood","Hardwood",0.56,-1.8011,2.3852,0.21103,0.95964,NA,"Check",1236.52910305327,1271.33494464771,NA
"Acer","ACSA3","NEON.PLA.D05.TREE.01266","TREE_047","TREE","D05",2017-10-16,"Live","single bole tree",NA,130,NA,19.4,24.6,NA,57,"Acer saccharum Marshall",5.2,106.6,"2017",318,"hard maple/oak/hickory/beech","Acer saccharum Marshall","sugar maple","Aceraceae","tree","saccharum",0.841,"hw4",-2.0127,2.4342,"AceraceaeAbove0.50spg","hardwood","Hardwood",0.56,-1.8011,2.3852,0.21103,0.95964,NA,"Check",324.870093917349,343.123628680578,NA
"Acer","ACSA3","NEON.PLA.D05.TREE.00343","TREE_054","TREE","D05",2022-09-07,"Live","single bole tree","Partially shaded",130,NA,16,24.2,NA,61,"Acer saccharum Marshall",5.7,265.8,"2022",318,"hard maple/oak/hickory/beech","Acer saccharum Marshall","sugar maple","Aceraceae","tree","saccharum",0.841,"hw4",-2.0127,2.4342,"AceraceaeAbove0.50spg","hardwood","Hardwood",0.56,-1.8011,2.3852,0.21103,0.95964,NA,"Check",312.161155858729,329.965565029214,NA
"Acer","ACSA3","NEON.PLA.D05.TREE.00134","TREE_055","TREE","D05",2018-10-10,"Live","small tree",NA,130,NA,11.1,8,NA,NA,"Acer saccharum Marshall",NA,NA,"2018",318,"hard maple/oak/hickory/beech","Acer saccharum Marshall","sugar maple","Aceraceae","tree","saccharum",0.841,"hw4",-2.0127,2.4342,"AceraceaeAbove0.50spg","hardwood","Hardwood",0.56,-1.8011,2.3852,0.21103,0.95964,NA,"Check",13.8399829653975,15.5763556521787,NA
"Acer","ACSA3","NEON.PLA.D05.TREE.00525","TREE_042","TREE","D05",2020-10-06,"Live","small tree","Full shade",130,NA,11.1,9.1,NA,NA,"Acer saccharum Marshall",NA,NA,"2020",318,"hard maple/oak/hickory/beech","Acer saccharum Marshall","sugar maple","Aceraceae","tree","saccharum",0.841,"hw4",-2.0127,2.4342,"AceraceaeAbove0.50spg","hardwood","Hardwood",0.56,-1.8011,2.3852,0.21103,0.95964,NA,"Check",18.9379282335194,21.1797654730535,NA
"Acer","ACSA3","NEON.PLA.D05.TREE.00125","TREE_049","TREE","D05",2018-10-10,"Live","single bole tree",NA,130,NA,21.9,36.7,NA,43,"Acer saccharum Marshall",4.1,197.4,"2018",318,"hard maple/oak/hickory/beech","Acer saccharum Marshall","sugar maple","Aceraceae","tree","saccharum",0.841,"hw4",-2.0127,2.4342,"AceraceaeAbove0.50spg","hardwood","Hardwood",0.56,-1.8011,2.3852,0.21103,0.95964,NA,"Check",860.212263802861,890.909736203753,NA
"Acer","ACSA3","NEON.PLA.D05.TREE.00161","TREE_049","TREE","D05",2015-07-28,"Live","single bole tree","Mostly shaded",130,NA,13.6,16.6,NA,21,"Acer saccharum Marshall",9.2,73,"2015",318,"hard maple/oak/hickory/beech","Acer saccharum Marshall","sugar maple","Aceraceae","tree","saccharum",0.841,"hw4",-2.0127,2.4342,"AceraceaeAbove0.50spg","hardwood","Hardwood",0.56,-1.8011,2.3852,0.21103,0.95964,NA,"Check",124.704637475395,134.274647285162,NA
"Acer","ACSA3","NEON.PLA.D05.TREE.00688","TREE_046","TREE","D05",2021-09-21,"Live","single bole tree","Mostly shaded",130,NA,18.3,18.5,NA,25,"Acer saccharum Marshall",10.7,331.2,"2021",318,"hard maple/oak/hickory/beech","Acer saccharum Marshall","sugar maple","Aceraceae","tree","saccharum",0.841,"hw4",-2.0127,2.4342,"AceraceaeAbove0.50spg","hardwood","Hardwood",0.56,-1.8011,2.3852,0.21103,0.95964,NA,"Check",162.347242913026,173.88023370302,NA
"Acer","ACSA3","NEON.PLA.D05.TREE.00648","TREE_042","TREE","D05",2019-10-23,"Live","single bole tree",NA,130,NA,18.8,20.6,NA,61,"Acer saccharum Marshall",3,224.8,"2019",318,"hard maple/oak/hickory/beech","Acer saccharum Marshall","sugar maple","Aceraceae","tree","saccharum",0.841,"hw4",-2.0127,2.4342,"AceraceaeAbove0.50spg","hardwood","Hardwood",0.56,-1.8011,2.3852,0.21103,0.95964,NA,"Check",210.916756505452,224.713054279902,NA
"Acer","ACSA3","NEON.PLA.D05.TREE.00161","TREE_049","TREE","D05",2018-10-10,"Live","single bole tree",NA,130,NA,14.9,16.5,NA,21,"Acer saccharum Marshall",9.2,73,"2018",318,"hard maple/oak/hickory/beech","Acer saccharum Marshall","sugar maple","Aceraceae","tree","saccharum",0.841,"hw4",-2.0127,2.4342,"AceraceaeAbove0.50spg","hardwood","Hardwood",0.56,-1.8011,2.3852,0.21103,0.95964,NA,"Check",122.883879358667,132.353342126551,NA
"Acer","ACSA3","NEON.PLA.D05.TREE.00203","TREE_054","TREE","D05",2015-07-30,"Live","single bole tree","Full sun",130,NA,20.7,35.1,NA,43,"Acer saccharum Marshall",9.3,339.9,"2015",318,"hard maple/oak/hickory/beech","Acer saccharum Marshall","sugar maple","Aceraceae","tree","saccharum",0.841,"hw4",-2.0127,2.4342,"AceraceaeAbove0.50spg","hardwood","Hardwood",0.56,-1.8011,2.3852,0.21103,0.95964,NA,"Check",771.75966886271,801.048373316355,NA
"Acer","ACSA3","NEON.PLA.D05.TREE.00615","TREE_042","TREE","D05",2015-07-27,"Live","single bole tree","Mostly shaded",130,NA,13.2,14.5,NA,61,"Acer saccharum Marshall",16.2,220.9,"2015",318,"hard maple/oak/hickory/beech","Acer saccharum Marshall","sugar maple","Aceraceae","tree","saccharum",0.841,"hw4",-2.0127,2.4342,"AceraceaeAbove0.50spg","hardwood","Hardwood",0.56,-1.8011,2.3852,0.21103,0.95964,NA,"Check",89.7216986652856,97.2494530785856,NA
"Acer","ACSA3","NEON.PLA.D05.TREE.00101","TREE_055","TREE","D05",2016-09-27,"Live","single bole tree",NA,130,NA,10.6,10.9,NA,39,"Acer saccharum Marshall",1.8,112.3,"2016",318,"hard maple/oak/hickory/beech","Acer saccharum Marshall","sugar maple","Aceraceae","tree","saccharum",0.841,"hw4",-2.0127,2.4342,"AceraceaeAbove0.50spg","hardwood","Hardwood",0.56,-1.8011,2.3852,0.21103,0.95964,NA,"Check",44.7918579876139,49.2336338552228,NA
"Acer","ACSA3","NEON.PLA.D05.TREE.00615","TREE_042","TREE","D05",2018-10-10,"Live","single bole tree",NA,130,NA,13.3,14.1,NA,61,"Acer saccharum Marshall",16.2,220.9,"2018",318,"hard maple/oak/hickory/beech","Acer saccharum Marshall","sugar maple","Aceraceae","tree","saccharum",0.841,"hw4",-2.0127,2.4342,"AceraceaeAbove0.50spg","hardwood","Hardwood",0.56,-1.8011,2.3852,0.21103,0.95964,NA,"Check",83.8155617894535,90.9723966259068,NA
"Acer","ACSA3","NEON.PLA.D05.TREE.00615","TREE_042","TREE","D05",2021-10-04,"Live","single bole tree","Full shade",130,NA,13.2,14,NA,61,"Acer saccharum Marshall",16.2,220.9,"2021",318,"hard maple/oak/hickory/beech","Acer saccharum Marshall","sugar maple","Aceraceae","tree","saccharum",0.841,"hw4",-2.0127,2.4342,"AceraceaeAbove0.50spg","hardwood","Hardwood",0.56,-1.8011,2.3852,0.21103,0.95964,NA,"Check",82.3759356969086,89.4410315345985,NA
"Acer","ACSA3","NEON.PLA.D05.TREE.00019","TREE_055","TREE","D05",2015-07-29,"Live","single bole tree","Partially shaded",130,NA,11.5,13.8,NA,39,"Acer saccharum Marshall",4.6,51.1,"2015",318,"hard maple/oak/hickory/beech","Acer saccharum Marshall","sugar maple","Aceraceae","tree","saccharum",0.841,"hw4",-2.0127,2.4342,"AceraceaeAbove0.50spg","hardwood","Hardwood",0.56,-1.8011,2.3852,0.21103,0.95964,NA,"Check",79.540655990085,86.4234910516761,NA
"Acer","ACSA3","NEON.PLA.D05.TREE.00152","TREE_055","TREE","D05",2018-10-10,"Live","small tree",NA,130,NA,6.2,5.7,NA,NA,"Acer saccharum Marshall",NA,NA,"2018",318,"hard maple/oak/hickory/beech","Acer saccharum Marshall","sugar maple","Aceraceae","tree","saccharum",0.841,"hw4",-2.0127,2.4342,"AceraceaeAbove0.50spg","hardwood","Hardwood",0.56,-1.8011,2.3852,0.21103,0.95964,NA,"Check",6.06435313558522,6.93950229249957,NA
"Acer","ACSA3","NEON.PLA.D05.TREE.01386","TREE_041","TREE","D05",2020-09-28,"Live","single bole tree","Partially shaded",140,NA,19.3,17.9,NA,59,"Acer saccharum Marshall",3.4,149,"2020",318,"hard maple/oak/hickory/beech","Acer saccharum Marshall","sugar maple","Aceraceae","tree","saccharum",0.841,"hw4",-2.0127,2.4342,"AceraceaeAbove0.50spg","hardwood","Hardwood",0.56,-1.8011,2.3852,0.21103,0.95964,NA,"Check",149.827089903606,160.730115999031,NA
"Acer","ACSA3","NEON.PLA.D05.TREE.01463","TREE_041","TREE","D05",2022-09-07,"Live","single bole tree","Partially shaded",130,NA,22,20.7,NA,21,"Acer saccharum Marshall",2.4,78.1,"2022",318,"hard maple/oak/hickory/beech","Acer saccharum Marshall","sugar maple","Aceraceae","tree","saccharum",0.841,"hw4",-2.0127,2.4342,"AceraceaeAbove0.50spg","hardwood","Hardwood",0.56,-1.8011,2.3852,0.21103,0.95964,NA,"Check",213.417737335723,227.323679308143,NA
"Acer","ACSA3","NEON.PLA.D05.TREE.01386","TREE_041","TREE","D05",2022-09-07,"Live","single bole tree","Partially shaded",130,NA,20.2,18.2,NA,59,"Acer saccharum Marshall",3.4,149,"2022",318,"hard maple/oak/hickory/beech","Acer saccharum Marshall","sugar maple","Aceraceae","tree","saccharum",0.841,"hw4",-2.0127,2.4342,"AceraceaeAbove0.50spg","hardwood","Hardwood",0.56,-1.8011,2.3852,0.21103,0.95964,NA,"Check",156.01317273853,167.23011301627,NA
"Acer","ACSA3","NEON.PLA.D05.TREE.00518","TREE_053","TREE","D05",2016-09-27,"Live","single bole tree",NA,130,NA,12.6,11.9,NA,43,"Acer saccharum Marshall",10.5,330.9,"2016",318,"hard maple/oak/hickory/beech","Acer saccharum Marshall","sugar maple","Aceraceae","tree","saccharum",0.841,"hw4",-2.0127,2.4342,"AceraceaeAbove0.50spg","hardwood","Hardwood",0.56,-1.8011,2.3852,0.21103,0.95964,NA,"Check",55.4615381144916,60.6997386199753,NA
"Acer","ACSA3","NEON.PLA.D05.TREE.01036","TREE_041","TREE","D05",2017-10-16,"Live","small tree",NA,130,NA,9.8,8.1,NA,NA,"Acer saccharum Marshall",NA,NA,"2017",318,"hard maple/oak/hickory/beech","Acer saccharum Marshall","sugar maple","Aceraceae","tree","saccharum",0.841,"hw4",-2.0127,2.4342,"AceraceaeAbove0.50spg","hardwood","Hardwood",0.56,-1.8011,2.3852,0.21103,0.95964,NA,"Check",14.2648806435313,16.0447917579938,NA
"Acer","ACSA3","NEON.PLA.D05.TREE.00593","TREE_042","TREE","D05",2020-10-06,"Live","single bole tree","Partially shaded",130,NA,21.6,33.3,NA,41,"Acer saccharum Marshall",13.1,178.6,"2020",318,"hard maple/oak/hickory/beech","Acer saccharum Marshall","sugar maple","Aceraceae","tree","saccharum",0.841,"hw4",-2.0127,2.4342,"AceraceaeAbove0.50spg","hardwood","Hardwood",0.56,-1.8011,2.3852,0.21103,0.95964,NA,"Check",678.936644233985,706.522821143323,NA
"Acer","ACSA3","NEON.PLA.D05.TREE.01453","TREE_041","TREE","D05",2019-10-23,"Live","single bole tree",NA,130,NA,21.8,24.4,NA,41,"Acer saccharum Marshall",9.4,233.6,"2019",318,"hard maple/oak/hickory/beech","Acer saccharum Marshall","sugar maple","Aceraceae","tree","saccharum",0.841,"hw4",-2.0127,2.4342,"AceraceaeAbove0.50spg","hardwood","Hardwood",0.56,-1.8011,2.3852,0.21103,0.95964,NA,"Check",318.478274464284,336.507247640343,NA
"Acer","ACSA3","NEON.PLA.D05.TREE.00569","TREE_053","TREE","D05",2016-09-27,"Live","single bole tree",NA,130,NA,20,39,NA,59,"Acer saccharum Marshall",19.8,90.7,"2016",318,"hard maple/oak/hickory/beech","Acer saccharum Marshall","sugar maple","Aceraceae","tree","saccharum",0.841,"hw4",-2.0127,2.4342,"AceraceaeAbove0.50spg","hardwood","Hardwood",0.56,-1.8011,2.3852,0.21103,0.95964,NA,"Check",997.389892296648,1029.91055572235,NA
"Acer","ACSA3","NEON.PLA.D05.TREE.00521","TREE_053","TREE","D05",2017-08-30,"Live","single bole tree",NA,130,NA,19.9,33.3,NA,41,"Acer saccharum Marshall",11.1,124.5,"2017",318,"hard maple/oak/hickory/beech","Acer saccharum Marshall","sugar maple","Aceraceae","tree","saccharum",0.841,"hw4",-2.0127,2.4342,"AceraceaeAbove0.50spg","hardwood","Hardwood",0.56,-1.8011,2.3852,0.21103,0.95964,NA,"Check",678.936644233985,706.522821143323,NA
"Acer","ACSA3","NEON.PLA.D05.TREE.00521","TREE_053","TREE","D05",2018-10-09,"Live","single bole tree",NA,130,NA,19.8,33.4,NA,41,"Acer saccharum Marshall",11.1,124.5,"2018",318,"hard maple/oak/hickory/beech","Acer saccharum Marshall","sugar maple","Aceraceae","tree","saccharum",0.841,"hw4",-2.0127,2.4342,"AceraceaeAbove0.50spg","hardwood","Hardwood",0.56,-1.8011,2.3852,0.21103,0.95964,NA,"Check",683.910302096699,711.594006109533,NA
"Acer","ACSA3","NEON.PLA.D05.TREE.00264","TREE_056","TREE","D05",2015-07-29,"Live","single bole tree","Mostly shaded",130,NA,11.9,19.3,NA,59,"Acer saccharum Marshall",9.7,156.9,"2015",318,"hard maple/oak/hickory/beech","Acer saccharum Marshall","sugar maple","Aceraceae","tree","saccharum",0.841,"hw4",-2.0127,2.4342,"AceraceaeAbove0.50spg","hardwood","Hardwood",0.56,-1.8011,2.3852,0.21103,0.95964,NA,"Check",179.969577814821,192.355009930292,NA
"Acer","ACSA3","NEON.PLA.D05.TREE.00521","TREE_053","TREE","D05",2016-09-27,"Live","single bole tree",NA,130,NA,19.8,33,NA,41,"Acer saccharum Marshall",11.1,124.5,"2016",318,"hard maple/oak/hickory/beech","Acer saccharum Marshall","sugar maple","Aceraceae","tree","saccharum",0.841,"hw4",-2.0127,2.4342,"AceraceaeAbove0.50spg","hardwood","Hardwood",0.56,-1.8011,2.3852,0.21103,0.95964,NA,"Check",664.143809183316,691.435475345855,NA
"Acer","ACSA3","NEON.PLA.D05.TREE.00050","TREE_055","TREE","D05",2016-09-27,"Live","single bole tree",NA,130,NA,12.2,14.1,NA,57,"Acer saccharum Marshall",7.8,98.3,"2016",318,"hard maple/oak/hickory/beech","Acer saccharum Marshall","sugar maple","Aceraceae","tree","saccharum",0.841,"hw4",-2.0127,2.4342,"AceraceaeAbove0.50spg","hardwood","Hardwood",0.56,-1.8011,2.3852,0.21103,0.95964,NA,"Check",83.8155617894535,90.9723966259068,NA
"Acer","ACSA3","NEON.PLA.D05.TREE.00610","TREE_046","TREE","D05",2018-10-10,"Live","single bole tree",NA,130,NA,18.4,30.1,NA,41,"Acer saccharum Marshall",5.2,126.5,"2018",318,"hard maple/oak/hickory/beech","Acer saccharum Marshall","sugar maple","Aceraceae","tree","saccharum",0.841,"hw4",-2.0127,2.4342,"AceraceaeAbove0.50spg","hardwood","Hardwood",0.56,-1.8011,2.3852,0.21103,0.95964,NA,"Check",530.911411019648,555.225001483755,NA
"Acer","ACSA3","NEON.PLA.D05.TREE.00668","TREE_053","TREE","D05",2018-10-09,"Live","single bole tree",NA,140,NA,10.8,10.5,NA,41,"Acer saccharum Marshall",13.5,38.8,"2018",318,"hard maple/oak/hickory/beech","Acer saccharum Marshall","sugar maple","Aceraceae","tree","saccharum",0.841,"hw4",-2.0127,2.4342,"AceraceaeAbove0.50spg","hardwood","Hardwood",0.56,-1.8011,2.3852,0.21103,0.95964,NA,"Check",40.8954026050941,45.0332120627057,NA
"Acer","ACSA3","NEON.PLA.D05.TREE.01093","TREE_047","TREE","D05",2018-10-11,"Live","single bole tree",NA,170,NA,19.6,33.1,NA,41,"Acer saccharum Marshall",8.9,70.7,"2018",318,"hard maple/oak/hickory/beech","Acer saccharum Marshall","sugar maple","Aceraceae","tree","saccharum",0.841,"hw4",-2.0127,2.4342,"AceraceaeAbove0.50spg","hardwood","Hardwood",0.56,-1.8011,2.3852,0.21103,0.95964,NA,"Check",669.053425695804,696.443580157621,NA
"Acer","ACSA3","NEON.PLA.D05.TREE.00051","TREE_049","TREE","D05",2015-07-28,"Live","single bole tree","Partially shaded",150,NA,15.7,24.3,NA,21,"Acer saccharum Marshall",8.2,83,"2015",318,"hard maple/oak/hickory/beech","Acer saccharum Marshall","sugar maple","Aceraceae","tree","saccharum",0.841,"hw4",-2.0127,2.4342,"AceraceaeAbove0.50spg","hardwood","Hardwood",0.56,-1.8011,2.3852,0.21103,0.95964,NA,"Check",315.310394181632,333.227083781201,NA
"Acer","ACSA3","NEON.PLA.D05.TREE.01093","TREE_047","TREE","D05",2017-10-16,"Live","single bole tree",NA,180,NA,19.7,32.8,NA,41,"Acer saccharum Marshall",8.9,70.7,"2017",318,"hard maple/oak/hickory/beech","Acer saccharum Marshall","sugar maple","Aceraceae","tree","saccharum",0.841,"hw4",-2.0127,2.4342,"AceraceaeAbove0.50spg","hardwood","Hardwood",0.56,-1.8011,2.3852,0.21103,0.95964,NA,"Check",654.388421720799,681.482174763655,NA
"Acer","ACSA3","NEON.PLA.D05.TREE.00051","TREE_049","TREE","D05",2021-09-23,"Live","single bole tree","Partially shaded",140,NA,20.9,25.2,NA,21,"Acer saccharum Marshall",8.2,83,"2021",318,"hard maple/oak/hickory/beech","Acer saccharum Marshall","sugar maple","Aceraceae","tree","saccharum",0.841,"hw4",-2.0127,2.4342,"AceraceaeAbove0.50spg","hardwood","Hardwood",0.56,-1.8011,2.3852,0.21103,0.95964,NA,"Check",344.496403783439,363.42330913658,NA
"Acer","ACSA3","NEON.PLA.D05.TREE.01266","TREE_047","TREE","D05",2016-10-19,"Live","single bole tree",NA,130,NA,18.9,24.5,NA,57,"Acer saccharum Marshall",5.2,106.6,"2016",318,"hard maple/oak/hickory/beech","Acer saccharum Marshall","sugar maple","Aceraceae","tree","saccharum",0.841,"hw4",-2.0127,2.4342,"AceraceaeAbove0.50spg","hardwood","Hardwood",0.56,-1.8011,2.3852,0.21103,0.95964,NA,"Check",321.66482997808,339.806086125333,NA
"Acer","ACSA3","NEON.PLA.D05.TREE.00350","TREE_054","TREE","D05",2017-08-30,"Live","single bole tree",NA,130,NA,18.9,30.9,NA,59,"Acer saccharum Marshall",7.8,112.7,"2017",318,"hard maple/oak/hickory/beech","Acer saccharum Marshall","sugar maple","Aceraceae","tree","saccharum",0.841,"hw4",-2.0127,2.4342,"AceraceaeAbove0.50spg","hardwood","Hardwood",0.56,-1.8011,2.3852,0.21103,0.95964,NA,"Check",565.916591701159,591.073071289533,NA
"Acer","ACSA3","NEON.PLA.D05.TREE.00123","TREE_049","TREE","D05",2018-10-10,"Live","single bole tree",NA,130,NA,20.9,43,NA,25,"Acer saccharum Marshall",3.9,274,"2018",318,"hard maple/oak/hickory/beech","Acer saccharum Marshall","sugar maple","Aceraceae","tree","saccharum",0.841,"hw4",-2.0127,2.4342,"AceraceaeAbove0.50spg","hardwood","Hardwood",0.56,-1.8011,2.3852,0.21103,0.95964,NA,"Check",1264.98218950684,1299.99346426988,NA
"Acer","ACSA3","NEON.PLA.D05.TREE.00098","TREE_056","TREE","D05",2017-09-25,"Live","single bole tree",NA,135,NA,19.3,55.3,NA,23,"Acer saccharum Marshall",3.9,355.9,"2017",318,"hard maple/oak/hickory/beech","Acer saccharum Marshall","sugar maple","Aceraceae","tree","saccharum",0.841,"hw4",-2.0127,2.4342,"AceraceaeAbove0.50spg","hardwood","Hardwood",0.56,-1.8011,2.3852,0.21103,0.95964,NA,"Check",2333.65692976729,2368.86434845971,NA
"Acer","ACSA3","NEON.PLA.D05.TREE.00208","TREE_051","TREE","D05",2017-09-26,"Live","single bole tree",NA,130,NA,12.8,15.5,NA,59,"Acer saccharum Marshall",5.7,117.7,"2017",318,"hard maple/oak/hickory/beech","Acer saccharum Marshall","sugar maple","Aceraceae","tree","saccharum",0.841,"hw4",-2.0127,2.4342,"AceraceaeAbove0.50spg","hardwood","Hardwood",0.56,-1.8011,2.3852,0.21103,0.95964,NA,"Check",105.536069580076,114.017463478061,NA
"Acer","ACSA3","NEON.PLA.D05.TREE.01217","TREE_047","TREE","D05",2015-08-06,"Live","single bole tree","Partially shaded",130,NA,11.5,11.4,NA,41,"Acer saccharum Marshall",7.2,297.9,"2015",318,"hard maple/oak/hickory/beech","Acer saccharum Marshall","sugar maple","Aceraceae","tree","saccharum",0.841,"hw4",-2.0127,2.4342,"AceraceaeAbove0.50spg","hardwood","Hardwood",0.56,-1.8011,2.3852,0.21103,0.95964,NA,"Check",49.958948076216,54.7925686017552,NA
"Acer","ACSA3","NEON.PLA.D05.TREE.00573","TREE_042","TREE","D05",2018-10-10,"Live","single bole tree",NA,130,NA,20.2,52.8,NA,43,"Acer saccharum Marshall",4.6,208.8,"2018",318,"hard maple/oak/hickory/beech","Acer saccharum Marshall","sugar maple","Aceraceae","tree","saccharum",0.841,"hw4",-2.0127,2.4342,"AceraceaeAbove0.50spg","hardwood","Hardwood",0.56,-1.8011,2.3852,0.21103,0.95964,NA,"Check",2085.11969536004,2121.38083327027,NA
"Acer","ACSA3","NEON.PLA.D05.TREE.00343","TREE_054","TREE","D05",2021-09-20,"Live","single bole tree","Partially shaded",130,NA,15.7,23.9,NA,61,"Acer saccharum Marshall",5.7,265.8,"2021",318,"hard maple/oak/hickory/beech","Acer saccharum Marshall","sugar maple","Aceraceae","tree","saccharum",0.841,"hw4",-2.0127,2.4342,"AceraceaeAbove0.50spg","hardwood","Hardwood",0.56,-1.8011,2.3852,0.21103,0.95964,NA,"Check",302.824958768172,320.292583104577,NA
"Acer","ACSA3","NEON.PLA.D05.TREE.00492","TREE_051","TREE","D05",2018-10-09,"Live","single bole tree",NA,130,NA,14.1,15.6,NA,59,"Acer saccharum Marshall",2.8,149.3,"2018",318,"hard maple/oak/hickory/beech","Acer saccharum Marshall","sugar maple","Aceraceae","tree","saccharum",0.841,"hw4",-2.0127,2.4342,"AceraceaeAbove0.50spg","hardwood","Hardwood",0.56,-1.8011,2.3852,0.21103,0.95964,NA,"Check",107.201137488513,115.7798548156,NA
"Acer","ACSA3","NEON.PLA.D05.TREE.00241","TREE_054","TREE","D05",2016-10-18,"Live","single bole tree",NA,130,NA,14.8,17.5,NA,NA,"Acer saccharum Marshall",NA,NA,"2016",318,"hard maple/oak/hickory/beech","Acer saccharum Marshall","sugar maple","Aceraceae","tree","saccharum",0.841,"hw4",-2.0127,2.4342,"AceraceaeAbove0.50spg","hardwood","Hardwood",0.56,-1.8011,2.3852,0.21103,0.95964,NA,"Check",141.807341212963,152.295321612607,NA
"Acer","ACSA3","NEON.PLA.D05.TREE.00125","TREE_049","TREE","D05",2022-09-20,"Live","single bole tree","Partially shaded",130,NA,23.9,37.6,NA,43,"Acer saccharum Marshall",4.1,197.4,"2022",318,"hard maple/oak/hickory/beech","Acer saccharum Marshall","sugar maple","Aceraceae","tree","saccharum",0.841,"hw4",-2.0127,2.4342,"AceraceaeAbove0.50spg","hardwood","Hardwood",0.56,-1.8011,2.3852,0.21103,0.95964,NA,"Check",912.468221843803,943.909281105939,NA
"Acer","ACSA3","NEON.PLA.D05.TREE.00549","TREE_053","TREE","D05",2018-10-09,"Live","single bole tree",NA,130,NA,18.9,27.9,NA,23,"Acer saccharum Marshall",11.8,58.7,"2018",318,"hard maple/oak/hickory/beech","Acer saccharum Marshall","sugar maple","Aceraceae","tree","saccharum",0.841,"hw4",-2.0127,2.4342,"AceraceaeAbove0.50spg","hardwood","Hardwood",0.56,-1.8011,2.3852,0.21103,0.95964,NA,"Check",441.352151355765,463.284056160812,NA
"Acer","ACSA3","NEON.PLA.D05.TREE.00203","TREE_054","TREE","D05",2021-09-20,"Live","single bole tree","Partially shaded",130,NA,19.5,36.3,NA,43,"Acer saccharum Marshall",9.3,339.9,"2021",318,"hard maple/oak/hickory/beech","Acer saccharum Marshall","sugar maple","Aceraceae","tree","saccharum",0.841,"hw4",-2.0127,2.4342,"AceraceaeAbove0.50spg","hardwood","Hardwood",0.56,-1.8011,2.3852,0.21103,0.95964,NA,"Check",837.568244040865,867.92358622241,NA
"Acer","ACSA3","NEON.PLA.D05.TREE.00203","TREE_054","TREE","D05",2018-10-09,"Live","single bole tree",NA,130,NA,19.4,36.3,NA,43,"Acer saccharum Marshall",9.3,339.9,"2018",318,"hard maple/oak/hickory/beech","Acer saccharum Marshall","sugar maple","Aceraceae","tree","saccharum",0.841,"hw4",-2.0127,2.4342,"AceraceaeAbove0.50spg","hardwood","Hardwood",0.56,-1.8011,2.3852,0.21103,0.95964,NA,"Check",837.568244040865,867.92358622241,NA
"Acer","ACSA3","NEON.PLA.D05.TREE.01470","TREE_041","TREE","D05",2015-08-10,"Live","single bole tree","Partially shaded",130,NA,18.3,19.6,NA,23,"Acer saccharum Marshall",5.3,304,"2015",318,"hard maple/oak/hickory/beech","Acer saccharum Marshall","sugar maple","Aceraceae","tree","saccharum",0.841,"hw4",-2.0127,2.4342,"AceraceaeAbove0.50spg","hardwood","Hardwood",0.56,-1.8011,2.3852,0.21103,0.95964,NA,"Check",186.855215841316,199.563627713359,NA
"Acer","ACSA3","NEON.PLA.D05.TREE.00184","TREE_049","TREE","D05",2015-07-28,"Live","single bole tree","Partially shaded",130,NA,19.2,37.5,NA,41,"Acer saccharum Marshall",10.8,148.5,"2015",318,"hard maple/oak/hickory/beech","Acer saccharum Marshall","sugar maple","Aceraceae","tree","saccharum",0.841,"hw4",-2.0127,2.4342,"AceraceaeAbove0.50spg","hardwood","Hardwood",0.56,-1.8011,2.3852,0.21103,0.95964,NA,"Check",906.572222695023,937.932508008849,NA
"Acer","ACSA3","NEON.PLA.D05.TREE.00672","TREE_042","TREE","D05",2016-09-28,"Live","single bole tree",NA,130,NA,21.7,38.3,NA,41,"Acer saccharum Marshall",11.4,144.7,"2016",318,"hard maple/oak/hickory/beech","Acer saccharum Marshall","sugar maple","Aceraceae","tree","saccharum",0.841,"hw4",-2.0127,2.4342,"AceraceaeAbove0.50spg","hardwood","Hardwood",0.56,-1.8011,2.3852,0.21103,0.95964,NA,"Check",954.37257715467,986.365615222201,NA
"Acer","ACSA3","NEON.PLA.D05.TREE.00329","TREE_051","TREE","D05",2016-09-28,"Live, physically damaged","single bole tree",NA,130,NA,11.7,12.1,NA,57,"Acer saccharum Marshall",6.2,97.7,"2016",318,"hard maple/oak/hickory/beech","Acer saccharum Marshall","sugar maple","Aceraceae","tree","saccharum",0.841,"hw4",-2.0127,2.4342,"AceraceaeAbove0.50spg","hardwood","Hardwood",0.56,-1.8011,2.3852,0.21103,0.95964,NA,"Check",57.7579332767949,63.161418347023,NA
"Acer","ACSA3","NEON.PLA.D05.TREE.00057","TREE_049","TREE","D05",2022-09-20,"Live","single bole tree","Partially shaded",130,NA,22.8,27.5,NA,25,"Acer saccharum Marshall",4.7,355.8,"2022",318,"hard maple/oak/hickory/beech","Acer saccharum Marshall","sugar maple","Aceraceae","tree","saccharum",0.841,"hw4",-2.0127,2.4342,"AceraceaeAbove0.50spg","hardwood","Hardwood",0.56,-1.8011,2.3852,0.21103,0.95964,NA,"Check",426.10746195751,447.598425304405,NA
"Acer","ACSA3","NEON.PLA.D05.TREE.00329","TREE_051","TREE","D05",2015-08-03,"Live","single bole tree","Full sun",130,NA,9.5,12,NA,57,"Acer saccharum Marshall",6.2,97.7,"2015",318,"hard maple/oak/hickory/beech","Acer saccharum Marshall","sugar maple","Aceraceae","tree","saccharum",0.841,"hw4",-2.0127,2.4342,"AceraceaeAbove0.50spg","hardwood","Hardwood",0.56,-1.8011,2.3852,0.21103,0.95964,NA,"Check",56.6028743174732,61.9234745396948,NA
"Acer","ACSA3","NEON.PLA.D05.TREE.00383","TREE_051","TREE","D05",2016-09-28,"Live","single bole tree",NA,130,NA,21.9,27.3,NA,61,"Acer saccharum Marshall",9.6,189.4,"2016",318,"hard maple/oak/hickory/beech","Acer saccharum Marshall","sugar maple","Aceraceae","tree","saccharum",0.841,"hw4",-2.0127,2.4342,"AceraceaeAbove0.50spg","hardwood","Hardwood",0.56,-1.8011,2.3852,0.21103,0.95964,NA,"Check",418.603265285804,439.873049785089,NA
"Acer","ACSA3","NEON.PLA.D05.TREE.00699","TREE_056","TREE","D05",2017-09-25,"Live","single bole tree",NA,135,NA,10.6,10.5,NA,39,"Acer saccharum Marshall",8.5,125.9,"2017",318,"hard maple/oak/hickory/beech","Acer saccharum Marshall","sugar maple","Aceraceae","tree","saccharum",0.841,"hw4",-2.0127,2.4342,"AceraceaeAbove0.50spg","hardwood","Hardwood",0.56,-1.8011,2.3852,0.21103,0.95964,NA,"Check",40.8954026050941,45.0332120627057,NA
"Acer","ACSA3","NEON.PLA.D05.TREE.00673","TREE_042","TREE","D05",2016-09-28,"Dead, broken bole","single bole tree",NA,130,NA,NA,13.4,NA,41,"Acer saccharum Marshall",10.1,122.9,"2016",318,"hard maple/oak/hickory/beech","Acer saccharum Marshall","sugar maple","Aceraceae","tree","saccharum",0.841,"hw4",-2.0127,2.4342,"AceraceaeAbove0.50spg","hardwood","Hardwood",0.56,-1.8011,2.3852,0.21103,0.95964,NA,"Check",74.0447031678835,80.5679982829085,NA
"Acer","ACSA3","NEON.PLA.D05.TREE.00355","TREE_054","TREE","D05",2018-10-09,"Live","single bole tree",NA,130,NA,16.6,25.8,NA,41,"Acer saccharum Marshall",8.3,51.6,"2018",318,"hard maple/oak/hickory/beech","Acer saccharum Marshall","sugar maple","Aceraceae","tree","saccharum",0.841,"hw4",-2.0127,2.4342,"AceraceaeAbove0.50spg","hardwood","Hardwood",0.56,-1.8011,2.3852,0.21103,0.95964,NA,"Check",364.804498029941,384.403675285001,NA
"Acer","ACSA3","NEON.PLA.D05.TREE.00504","TREE_042","TREE","D05",2020-10-06,"Live","single bole tree","Partially shaded",130,NA,20.3,27.5,NA,41,"Acer saccharum Marshall",6.7,59.5,"2020",318,"hard maple/oak/hickory/beech","Acer saccharum Marshall","sugar maple","Aceraceae","tree","saccharum",0.841,"hw4",-2.0127,2.4342,"AceraceaeAbove0.50spg","hardwood","Hardwood",0.56,-1.8011,2.3852,0.21103,0.95964,NA,"Check",426.10746195751,447.598425304405,NA
"Acer","ACSA3","NEON.PLA.D05.TREE.00512","TREE_042","TREE","D05",2015-07-27,"Live","single bole tree","Partially shaded",130,NA,22,41.1,NA,43,"Acer saccharum Marshall",6.2,301.4,"2015",318,"hard maple/oak/hickory/beech","Acer saccharum Marshall","sugar maple","Aceraceae","tree","saccharum",0.841,"hw4",-2.0127,2.4342,"AceraceaeAbove0.50spg","hardwood","Hardwood",0.56,-1.8011,2.3852,0.21103,0.95964,NA,"Check",1133.2070274531,1167.15281595816,NA
"Acer","ACSA3","NEON.PLA.D05.TREE.00066","TREE_056","TREE","D05",2016-09-28,"Live","single bole tree",NA,130,NA,11.4,11.5,NA,21,"Acer saccharum Marshall",3.2,11.2,"2016",318,"hard maple/oak/hickory/beech","Acer saccharum Marshall","sugar maple","Aceraceae","tree","saccharum",0.841,"hw4",-2.0127,2.4342,"AceraceaeAbove0.50spg","hardwood","Hardwood",0.56,-1.8011,2.3852,0.21103,0.95964,NA,"Check",51.0324218606327,55.9459557447358,NA
"Acer","ACSA3","NEON.PLA.D05.TREE.01463","TREE_041","TREE","D05",2020-09-28,"Live","single bole tree","Partially shaded",130,NA,18.5,20.7,NA,21,"Acer saccharum Marshall",2.4,78.1,"2020",318,"hard maple/oak/hickory/beech","Acer saccharum Marshall","sugar maple","Aceraceae","tree","saccharum",0.841,"hw4",-2.0127,2.4342,"AceraceaeAbove0.50spg","hardwood","Hardwood",0.56,-1.8011,2.3852,0.21103,0.95964,NA,"Check",213.417737335723,227.323679308143,NA
"Acer","ACSA3","NEON.PLA.D05.TREE.01453","TREE_041","TREE","D05",2017-10-16,"Live","single bole tree",NA,130,NA,19.5,23.8,NA,41,"Acer saccharum Marshall",9.4,233.6,"2017",318,"hard maple/oak/hickory/beech","Acer saccharum Marshall","sugar maple","Aceraceae","tree","saccharum",0.841,"hw4",-2.0127,2.4342,"AceraceaeAbove0.50spg","hardwood","Hardwood",0.56,-1.8011,2.3852,0.21103,0.95964,NA,"Check",299.749954011571,317.105348091186,NA
"Acer","ACSA3","NEON.PLA.D05.TREE.00513","TREE_042","TREE","D05",2015-07-27,"Live","single bole tree","Mostly shaded",130,NA,12.4,10.5,NA,59,"Acer saccharum Marshall",4.2,138.5,"2015",318,"hard maple/oak/hickory/beech","Acer saccharum Marshall","sugar maple","Aceraceae","tree","saccharum",0.841,"hw4",-2.0127,2.4342,"AceraceaeAbove0.50spg","hardwood","Hardwood",0.56,-1.8011,2.3852,0.21103,0.95964,NA,"Check",40.8954026050941,45.0332120627057,NA
"Acer","ACSA3","NEON.PLA.D05.TREE.00139","TREE_055","TREE","D05",2017-09-14,"Live","single bole tree",NA,130,NA,9.3,10.7,NA,61,"Acer saccharum Marshall",1.7,268.2,"2017",318,"hard maple/oak/hickory/beech","Acer saccharum Marshall","sugar maple","Aceraceae","tree","saccharum",0.841,"hw4",-2.0127,2.4342,"AceraceaeAbove0.50spg","hardwood","Hardwood",0.56,-1.8011,2.3852,0.21103,0.95964,NA,"Check",42.8175178958638,47.1062350927348,NA
"Acer","ACSA3","NEON.PLA.D05.TREE.00627","TREE_053","TREE","D05",2016-09-27,"Live","single bole tree",NA,130,NA,17.1,18.3,NA,23,"Acer saccharum Marshall",9.3,23.2,"2016",318,"hard maple/oak/hickory/beech","Acer saccharum Marshall","sugar maple","Aceraceae","tree","saccharum",0.841,"hw4",-2.0127,2.4342,"AceraceaeAbove0.50spg","hardwood","Hardwood",0.56,-1.8011,2.3852,0.21103,0.95964,NA,"Check",158.108034160774,169.430092471183,NA
"Acer","ACSA3","NEON.PLA.D05.TREE.00627","TREE_053","TREE","D05",2018-10-09,"Live","single bole tree",NA,140,NA,18.4,18.8,NA,23,"Acer saccharum Marshall",9.3,23.2,"2018",318,"hard maple/oak/hickory/beech","Acer saccharum Marshall","sugar maple","Aceraceae","tree","saccharum",0.841,"hw4",-2.0127,2.4342,"AceraceaeAbove0.50spg","hardwood","Hardwood",0.56,-1.8011,2.3852,0.21103,0.95964,NA,"Check",168.830354723253,180.681426500646,NA
"Acer","ACSA3","NEON.PLA.D05.TREE.00148","TREE_049","TREE","D05",2017-09-18,"Dead, broken bole","single bole tree",NA,130,NA,5.2,13.4,NA,23,"Acer saccharum Marshall",4.5,74.6,"2017",318,"hard maple/oak/hickory/beech","Acer saccharum Marshall","sugar maple","Aceraceae","tree","saccharum",0.841,"hw4",-2.0127,2.4342,"AceraceaeAbove0.50spg","hardwood","Hardwood",0.56,-1.8011,2.3852,0.21103,0.95964,NA,"Check",74.0447031678835,80.5679982829085,NA
"Acer","ACSA3","NEON.PLA.D05.TREE.00667","TREE_053","TREE","D05",2015-07-27,"Live","small tree","Full shade",130,NA,4,3.6,NA,NA,"Acer saccharum Marshall",NA,NA,"2015",318,"hard maple/oak/hickory/beech","Acer saccharum Marshall","sugar maple","Aceraceae","tree","saccharum",0.841,"hw4",-2.0127,2.4342,"AceraceaeAbove0.50spg","hardwood","Hardwood",0.56,-1.8011,2.3852,0.21103,0.95964,NA,"Check",1.9814606707525,2.31904055006851,NA
"Acer","ACSA3","NEON.PLA.D05.TREE.01360","TREE_041","TREE","D05",2016-10-18,"Dead, broken bole","single bole tree",NA,130,NA,13.3,29.7,NA,41,"Acer saccharum Marshall",8.7,1.5,"2016",318,"hard maple/oak/hickory/beech","Acer saccharum Marshall","sugar maple","Aceraceae","tree","saccharum",0.841,"hw4",-2.0127,2.4342,"AceraceaeAbove0.50spg","hardwood","Hardwood",0.56,-1.8011,2.3852,0.21103,0.95964,NA,"Check",513.900742539396,537.787732829428,NA
"Acer","ACSA3","NEON.PLA.D05.TREE.00555","TREE_042","TREE","D05",2021-10-04,"Live","single bole tree","Partially shaded",130,NA,22.3,30.2,NA,41,"Acer saccharum Marshall",5.9,92.1,"2021",318,"hard maple/oak/hickory/beech","Acer saccharum Marshall","sugar maple","Aceraceae","tree","saccharum",0.841,"hw4",-2.0127,2.4342,"AceraceaeAbove0.50spg","hardwood","Hardwood",0.56,-1.8011,2.3852,0.21103,0.95964,NA,"Check",535.21514825495,559.634872695859,NA
"Acer","ACSA3","NEON.PLA.D05.TREE.00508","TREE_053","TREE","D05",2017-08-30,"Live","single bole tree",NA,130,NA,13.9,14.5,NA,41,"Acer saccharum Marshall",14.4,1.8,"2017",318,"hard maple/oak/hickory/beech","Acer saccharum Marshall","sugar maple","Aceraceae","tree","saccharum",0.841,"hw4",-2.0127,2.4342,"AceraceaeAbove0.50spg","hardwood","Hardwood",0.56,-1.8011,2.3852,0.21103,0.95964,NA,"Check",89.7216986652856,97.2494530785856,NA
"Acer","ACSA3","NEON.PLA.D05.TREE.00114","TREE_049","TREE","D05",2016-09-28,"Live","single bole tree",NA,130,NA,15.1,21.3,NA,23,"Acer saccharum Marshall",10.9,60.8,"2016",318,"hard maple/oak/hickory/beech","Acer saccharum Marshall","sugar maple","Aceraceae","tree","saccharum",0.841,"hw4",-2.0127,2.4342,"AceraceaeAbove0.50spg","hardwood","Hardwood",0.56,-1.8011,2.3852,0.21103,0.95964,NA,"Check",228.790046706794,243.356661447306,NA
"Acer","ACSA3","NEON.PLA.D05.TREE.01071","TREE_047","TREE","D05",2017-10-16,"Live","single bole tree",NA,130,NA,19.6,44.8,NA,61,"Acer saccharum Marshall",7.7,192.1,"2017",318,"hard maple/oak/hickory/beech","Acer saccharum Marshall","sugar maple","Aceraceae","tree","saccharum",0.841,"hw4",-2.0127,2.4342,"AceraceaeAbove0.50spg","hardwood","Hardwood",0.56,-1.8011,2.3852,0.21103,0.95964,NA,"Check",1397.77232653927,1433.5753593891,NA
"Acer","ACSA3","NEON.PLA.D05.TREE.00190","TREE_055","TREE","D05",2018-10-10,"Live","single bole tree",NA,130,NA,23.2,40.7,NA,41,"Acer saccharum Marshall",1.4,63.8,"2018",318,"hard maple/oak/hickory/beech","Acer saccharum Marshall","sugar maple","Aceraceae","tree","saccharum",0.841,"hw4",-2.0127,2.4342,"AceraceaeAbove0.50spg","hardwood","Hardwood",0.56,-1.8011,2.3852,0.21103,0.95964,NA,"Check",1106.54787170786,1140.24136892907,NA
"Acer","ACSA3","NEON.PLA.D05.TREE.00190","TREE_055","TREE","D05",2017-09-14,"Live","single bole tree",NA,130,NA,22.9,40.1,NA,41,"Acer saccharum Marshall",1.4,63.8,"2017",318,"hard maple/oak/hickory/beech","Acer saccharum Marshall","sugar maple","Aceraceae","tree","saccharum",0.841,"hw4",-2.0127,2.4342,"AceraceaeAbove0.50spg","hardwood","Hardwood",0.56,-1.8011,2.3852,0.21103,0.95964,NA,"Check",1067.25826838648,1100.5560516925,NA
"Acer","ACSA3","NEON.PLA.D05.TREE.00208","TREE_051","TREE","D05",2015-08-03,"Live","single bole tree","Partially shaded",130,NA,12.3,15.6,NA,59,"Acer saccharum Marshall",5.7,117.7,"2015",318,"hard maple/oak/hickory/beech","Acer saccharum Marshall","sugar maple","Aceraceae","tree","saccharum",0.841,"hw4",-2.0127,2.4342,"AceraceaeAbove0.50spg","hardwood","Hardwood",0.56,-1.8011,2.3852,0.21103,0.95964,NA,"Check",107.201137488513,115.7798548156,NA
"Acer","ACSA3","NEON.PLA.D05.TREE.01236A","TREE_041","TREE","D05",2017-10-16,"Live","multi-bole tree",NA,130,NA,NA,37.9,NA,43,"Acer saccharum Marshall",10.6,330.2,"2017",318,"hard maple/oak/hickory/beech","Acer saccharum Marshall","sugar maple","Aceraceae","tree","saccharum",0.841,"hw4",-2.0127,2.4342,"AceraceaeAbove0.50spg","hardwood","Hardwood",0.56,-1.8011,2.3852,0.21103,0.95964,NA,"Check",930.291517815402,961.972046501915,NA
"Acer","ACSA3","NEON.PLA.D05.TREE.00603","TREE_046","TREE","D05",2022-09-19,"Live","small tree","Partially shaded",130,NA,10.9,6.4,NA,NA,"Acer saccharum Marshall",NA,NA,"2022",318,"hard maple/oak/hickory/beech","Acer saccharum Marshall","sugar maple","Aceraceae","tree","saccharum",0.841,"hw4",-2.0127,2.4342,"AceraceaeAbove0.50spg","hardwood","Hardwood",0.56,-1.8011,2.3852,0.21103,0.95964,NA,"Check",8.03965110023287,9.14778801035288,NA
"Acer","ACSA3","NEON.PLA.D05.TREE.00514","TREE_042","TREE","D05",2020-10-06,"Live","small tree","Full shade",130,NA,4.7,5.6,NA,NA,"Acer saccharum Marshall",NA,NA,"2020",318,"hard maple/oak/hickory/beech","Acer saccharum Marshall","sugar maple","Aceraceae","tree","saccharum",0.841,"hw4",-2.0127,2.4342,"AceraceaeAbove0.50spg","hardwood","Hardwood",0.56,-1.8011,2.3852,0.21103,0.95964,NA,"Check",5.80862319295711,6.65263505378437,NA
"Acer","ACSA3","NEON.PLA.D05.TREE.02083","TREE_003","TREE","D05",2018-04-25,"Live","single bole tree","Mostly shaded",130,NA,13.9,21.9,NA,51,"Acer saccharum Marshall",11.1,253.6,"2018",318,"hard maple/oak/hickory/beech","Acer saccharum Marshall","sugar maple","Aceraceae","tree","saccharum",0.841,"hw4",-2.0127,2.4342,"AceraceaeAbove0.50spg","hardwood","Hardwood",0.56,-1.8011,2.3852,0.21103,0.95964,NA,"Check",244.79613726152,260.027638203559,NA
"Acer","ACSA3","NEON.PLA.D05.TREE.00159","TREE_055","TREE","D05",2017-09-14,"Live","single bole tree",NA,130,NA,20.5,40,NA,59,"Acer saccharum Marshall",6.9,194.9,"2017",318,"hard maple/oak/hickory/beech","Acer saccharum Marshall","sugar maple","Aceraceae","tree","saccharum",0.841,"hw4",-2.0127,2.4342,"AceraceaeAbove0.50spg","hardwood","Hardwood",0.56,-1.8011,2.3852,0.21103,0.95964,NA,"Check",1060.79124607324,1094.02110452544,NA
"Acer","ACSA3","NEON.PLA.D05.TREE.00648","TREE_042","TREE","D05",2017-09-25,"Live","single bole tree",NA,130,NA,19.1,19.8,NA,61,"Acer saccharum Marshall",3,224.8,"2017",318,"hard maple/oak/hickory/beech","Acer saccharum Marshall","sugar maple","Aceraceae","tree","saccharum",0.841,"hw4",-2.0127,2.4342,"AceraceaeAbove0.50spg","hardwood","Hardwood",0.56,-1.8011,2.3852,0.21103,0.95964,NA,"Check",191.530482356647,204.455134006888,NA
"Acer","ACSA3","NEON.PLA.D05.TREE.00016","TREE_055","TREE","D05",2017-09-14,"Live","small tree",NA,130,NA,11.1,7.2,NA,NA,"Acer saccharum Marshall",NA,NA,"2017",318,"hard maple/oak/hickory/beech","Acer saccharum Marshall","sugar maple","Aceraceae","tree","saccharum",0.841,"hw4",-2.0127,2.4342,"AceraceaeAbove0.50spg","hardwood","Hardwood",0.56,-1.8011,2.3852,0.21103,0.95964,NA,"Check",10.7090925554156,12.1150465815194,NA
"Acer","ACSA3","NEON.PLA.D05.TREE.00055","TREE_051","TREE","D05",2016-09-28,"Dead, broken bole","small tree",NA,130,NA,NA,8.3,NA,NA,"Acer saccharum Marshall",NA,NA,"2016",318,"hard maple/oak/hickory/beech","Acer saccharum Marshall","sugar maple","Aceraceae","tree","saccharum",0.841,"hw4",-2.0127,2.4342,"AceraceaeAbove0.50spg","hardwood","Hardwood",0.56,-1.8011,2.3852,0.21103,0.95964,NA,"Check",15.1374876457008,17.0059416165079,NA
"Acer","ACSA3","NEON.PLA.D05.TREE.00399","TREE_051","TREE","D05",2015-08-03,"Live, disease damaged","single bole tree","Full sun",130,NA,14.2,21.1,NA,61,"Acer saccharum Marshall",11.6,229.3,"2015",318,"hard maple/oak/hickory/beech","Acer saccharum Marshall","sugar maple","Aceraceae","tree","saccharum",0.841,"hw4",-2.0127,2.4342,"AceraceaeAbove0.50spg","hardwood","Hardwood",0.56,-1.8011,2.3852,0.21103,0.95964,NA,"Check",223.595906784649,237.941788151835,NA
"Acer","ACSA3","NEON.PLA.D05.TREE.00493","TREE_051","TREE","D05",2015-08-03,"Live","single bole tree","Full sun",130,NA,13.7,23.5,NA,43,"Acer saccharum Marshall",6.1,283.2,"2015",318,"hard maple/oak/hickory/beech","Acer saccharum Marshall","sugar maple","Aceraceae","tree","saccharum",0.841,"hw4",-2.0127,2.4342,"AceraceaeAbove0.50spg","hardwood","Hardwood",0.56,-1.8011,2.3852,0.21103,0.95964,NA,"Check",290.635651259067,307.654501364913,NA
"Acer","ACSA3","NEON.PLA.D05.TREE.01283","TREE_047","TREE","D05",2017-10-16,"Live","single bole tree",NA,130,NA,20.7,40,NA,41,"Acer saccharum Marshall",11.1,54.9,"2017",318,"hard maple/oak/hickory/beech","Acer saccharum Marshall","sugar maple","Aceraceae","tree","saccharum",0.841,"hw4",-2.0127,2.4342,"AceraceaeAbove0.50spg","hardwood","Hardwood",0.56,-1.8011,2.3852,0.21103,0.95964,NA,"Check",1060.79124607324,1094.02110452544,NA
"Acer","ACSA3","NEON.PLA.D05.TREE.00203","TREE_054","TREE","D05",2022-09-07,"Live","single bole tree","Partially shaded",130,NA,20.3,36.5,NA,43,"Acer saccharum Marshall",9.3,339.9,"2022",318,"hard maple/oak/hickory/beech","Acer saccharum Marshall","sugar maple","Aceraceae","tree","saccharum",0.841,"hw4",-2.0127,2.4342,"AceraceaeAbove0.50spg","hardwood","Hardwood",0.56,-1.8011,2.3852,0.21103,0.95964,NA,"Check",848.845766343809,879.373044348599,NA
"Acer","ACSA3","NEON.PLA.D05.TREE.00091","TREE_050","TREE","D05",2017-08-30,"Live","single bole tree",NA,130,NA,13.8,16,NA,39,"Acer saccharum Marshall",3.9,8.6,"2017",318,"hard maple/oak/hickory/beech","Acer saccharum Marshall","sugar maple","Aceraceae","tree","saccharum",0.841,"hw4",-2.0127,2.4342,"AceraceaeAbove0.50spg","hardwood","Hardwood",0.56,-1.8011,2.3852,0.21103,0.95964,NA,"Check",114.015621268283,122.986995271951,NA
"Acer","ACSA3","NEON.PLA.D05.TREE.00091","TREE_050","TREE","D05",2015-07-29,"Live, disease damaged","single bole tree","Partially shaded",130,NA,12.2,16.2,NA,39,"Acer saccharum Marshall",3.9,8.6,"2015",318,"hard maple/oak/hickory/beech","Acer saccharum Marshall","sugar maple","Aceraceae","tree","saccharum",0.841,"hw4",-2.0127,2.4342,"AceraceaeAbove0.50spg","hardwood","Hardwood",0.56,-1.8011,2.3852,0.21103,0.95964,NA,"Check",117.515984879206,126.685649207285,NA
"Acer","ACSA3","NEON.PLA.D05.TREE.00582","TREE_046","TREE","D05",2021-09-21,"Live,  other damage","single bole tree","Partially shaded",130,NA,14.5,15.5,NA,23,"Acer saccharum Marshall",6.2,86.9,"2021",318,"hard maple/oak/hickory/beech","Acer saccharum Marshall","sugar maple","Aceraceae","tree","saccharum",0.841,"hw4",-2.0127,2.4342,"AceraceaeAbove0.50spg","hardwood","Hardwood",0.56,-1.8011,2.3852,0.21103,0.95964,NA,"Check",105.536069580076,114.017463478061,NA
"Acer","ACSA3","NEON.PLA.D05.TREE.00582","TREE_046","TREE","D05",2017-09-25,"Live","single bole tree",NA,130,NA,12.9,15.2,NA,23,"Acer saccharum Marshall",6.2,86.9,"2017",318,"hard maple/oak/hickory/beech","Acer saccharum Marshall","sugar maple","Aceraceae","tree","saccharum",0.841,"hw4",-2.0127,2.4342,"AceraceaeAbove0.50spg","hardwood","Hardwood",0.56,-1.8011,2.3852,0.21103,0.95964,NA,"Check",100.632707640808,108.824212879759,NA
"Acer","ACSA3","NEON.PLA.D05.TREE.00511","TREE_042","TREE","D05",2018-10-10,"Live","small tree",NA,130,NA,7.7,8.2,NA,NA,"Acer saccharum Marshall",NA,NA,"2018",318,"hard maple/oak/hickory/beech","Acer saccharum Marshall","sugar maple","Aceraceae","tree","saccharum",0.841,"hw4",-2.0127,2.4342,"AceraceaeAbove0.50spg","hardwood","Hardwood",0.56,-1.8011,2.3852,0.21103,0.95964,NA,"Check",14.6973686878025,16.5213076528975,NA
"Acer","ACSA3","NEON.PLA.D05.TREE.00633","TREE_053","TREE","D05",2017-08-30,"Live","single bole tree",NA,130,NA,10.3,10.1,NA,NA,"Acer saccharum Marshall",2.4,NA,"2017",318,"hard maple/oak/hickory/beech","Acer saccharum Marshall","sugar maple","Aceraceae","tree","saccharum",0.841,"hw4",-2.0127,2.4342,"AceraceaeAbove0.50spg","hardwood","Hardwood",0.56,-1.8011,2.3852,0.21103,0.95964,NA,"Check",37.2061372953452,41.0487133925557,NA
"Acer","ACSA3","NEON.PLA.D05.TREE.01223","TREE_047","TREE","D05",2016-10-19,"Live","single bole tree",NA,130,NA,17.2,19.8,NA,57,"Acer saccharum Marshall",13,141,"2016",318,"hard maple/oak/hickory/beech","Acer saccharum Marshall","sugar maple","Aceraceae","tree","saccharum",0.841,"hw4",-2.0127,2.4342,"AceraceaeAbove0.50spg","hardwood","Hardwood",0.56,-1.8011,2.3852,0.21103,0.95964,NA,"Check",191.530482356647,204.455134006888,NA
"Acer","ACSA3","NEON.PLA.D05.TREE.01359","TREE_041","TREE","D05",2019-10-23,"Live","single bole tree",NA,130,NA,17.9,20.1,NA,41,"Acer saccharum Marshall",3.5,45.6,"2019",318,"hard maple/oak/hickory/beech","Acer saccharum Marshall","sugar maple","Aceraceae","tree","saccharum",0.841,"hw4",-2.0127,2.4342,"AceraceaeAbove0.50spg","hardwood","Hardwood",0.56,-1.8011,2.3852,0.21103,0.95964,NA,"Check",198.671394082478,211.921707643257,NA
"Acer","ACSA3","NEON.PLA.D05.TREE.00633","TREE_053","TREE","D05",2015-07-27,"Live","small tree","Mostly shaded",130,NA,10.3,9.5,NA,NA,"Acer saccharum Marshall",2.4,NA,"2015",318,"hard maple/oak/hickory/beech","Acer saccharum Marshall","sugar maple","Aceraceae","tree","saccharum",0.841,"hw4",-2.0127,2.4342,"AceraceaeAbove0.50spg","hardwood","Hardwood",0.56,-1.8011,2.3852,0.21103,0.95964,NA,"Check",21.0285200671118,23.4683178272082,NA
"Acer","ACSA3","NEON.PLA.D05.TREE.00512","TREE_042","TREE","D05",2019-10-23,"Live","single bole tree",NA,130,NA,22.2,42.2,NA,43,"Acer saccharum Marshall",6.2,301.4,"2019",318,"hard maple/oak/hickory/beech","Acer saccharum Marshall","sugar maple","Aceraceae","tree","saccharum",0.841,"hw4",-2.0127,2.4342,"AceraceaeAbove0.50spg","hardwood","Hardwood",0.56,-1.8011,2.3852,0.21103,0.95964,NA,"Check",1208.45661794514,1243.04676218979,NA
"Acer","ACSA3","NEON.PLA.D05.TREE.00643","TREE_053","TREE","D05",2015-07-27,"Live","single bole tree","Partially shaded",130,NA,18.8,27.1,NA,25,"Acer saccharum Marshall",6.9,330.4,"2015",318,"hard maple/oak/hickory/beech","Acer saccharum Marshall","sugar maple","Aceraceae","tree","saccharum",0.841,"hw4",-2.0127,2.4342,"AceraceaeAbove0.50spg","hardwood","Hardwood",0.56,-1.8011,2.3852,0.21103,0.95964,NA,"Check",411.177502333111,432.225675033119,NA
"Acer","ACSA3","NEON.PLA.D05.TREE.01058","TREE_047","TREE","D05",2017-10-16,"Live","single bole tree",NA,130,NA,21,41.1,NA,57,"Acer saccharum Marshall",10.9,133.3,"2017",318,"hard maple/oak/hickory/beech","Acer saccharum Marshall","sugar maple","Aceraceae","tree","saccharum",0.841,"hw4",-2.0127,2.4342,"AceraceaeAbove0.50spg","hardwood","Hardwood",0.56,-1.8011,2.3852,0.21103,0.95964,NA,"Check",1133.2070274531,1167.15281595816,NA
"Acer","ACSA3","NEON.PLA.D05.TREE.02095","TREE_003","TREE","D05",2018-04-25,"Live, broken bole","single bole tree","Mostly shaded",130,NA,12.4,24.1,NA,51,"Acer saccharum Marshall",8,190.8,"2018",318,"hard maple/oak/hickory/beech","Acer saccharum Marshall","sugar maple","Aceraceae","tree","saccharum",0.841,"hw4",-2.0127,2.4342,"AceraceaeAbove0.50spg","hardwood","Hardwood",0.56,-1.8011,2.3852,0.21103,0.95964,NA,"Check",309.030526146624,326.722661790911,NA
"Acer","ACSA3","NEON.PLA.D05.TREE.00519","TREE_053","TREE","D05",2018-10-09,"Live","small tree",NA,130,NA,11.2,9.8,NA,NA,"Acer saccharum Marshall",NA,NA,"2018",318,"hard maple/oak/hickory/beech","Acer saccharum Marshall","sugar maple","Aceraceae","tree","saccharum",0.841,"hw4",-2.0127,2.4342,"AceraceaeAbove0.50spg","hardwood","Hardwood",0.56,-1.8011,2.3852,0.21103,0.95964,NA,"Check",22.6817428653426,25.2748189646291,NA
"Acer","ACSA3","NEON.PLA.D05.TREE.01058","TREE_047","TREE","D05",2018-08-28,"Live","single bole tree",NA,130,NA,21.1,41.6,NA,57,"Acer saccharum Marshall",10.9,133.3,"2018",318,"hard maple/oak/hickory/beech","Acer saccharum Marshall","sugar maple","Aceraceae","tree","saccharum",0.841,"hw4",-2.0127,2.4342,"AceraceaeAbove0.50spg","hardwood","Hardwood",0.56,-1.8011,2.3852,0.21103,0.95964,NA,"Check",1167.05811206631,1201.30592991787,NA
"Acer","ACSA3","NEON.PLA.D05.TREE.00585","TREE_046","TREE","D05",2016-09-29,"Live","single bole tree",NA,130,NA,9.3,10.8,NA,25,"Acer saccharum Marshall",4.8,272.8,"2016",318,"hard maple/oak/hickory/beech","Acer saccharum Marshall","sugar maple","Aceraceae","tree","saccharum",0.841,"hw4",-2.0127,2.4342,"AceraceaeAbove0.50spg","hardwood","Hardwood",0.56,-1.8011,2.3852,0.21103,0.95964,NA,"Check",43.7981333852721,48.1631130727936,NA
"Acer","ACSA3","NEON.PLA.D05.TREE.01360","TREE_041","TREE","D05",2019-10-23,"Dead, broken bole","single bole tree",NA,130,NA,6.4,29.7,NA,41,"Acer saccharum Marshall",8.7,1.5,"2019",318,"hard maple/oak/hickory/beech","Acer saccharum Marshall","sugar maple","Aceraceae","tree","saccharum",0.841,"hw4",-2.0127,2.4342,"AceraceaeAbove0.50spg","hardwood","Hardwood",0.56,-1.8011,2.3852,0.21103,0.95964,NA,"Check",513.900742539396,537.787732829428,NA
"Acer","ACSA3","NEON.PLA.D05.TREE.01360","TREE_041","TREE","D05",2021-09-20,"Dead, broken bole","single bole tree","Full shade",130,NA,7.3,29.1,NA,41,"Acer saccharum Marshall",8.7,1.5,"2021",318,"hard maple/oak/hickory/beech","Acer saccharum Marshall","sugar maple","Aceraceae","tree","saccharum",0.841,"hw4",-2.0127,2.4342,"AceraceaeAbove0.50spg","hardwood","Hardwood",0.56,-1.8011,2.3852,0.21103,0.95964,NA,"Check",488.994314971795,512.235609014301,NA
"Acer","ACSA3","NEON.PLA.D05.TREE.00049","TREE_055","TREE","D05",2017-09-14,"Live","single bole tree",NA,130,NA,24.7,30.7,NA,57,"Acer saccharum Marshall",10.8,101,"2017",318,"hard maple/oak/hickory/beech","Acer saccharum Marshall","sugar maple","Aceraceae","tree","saccharum",0.841,"hw4",-2.0127,2.4342,"AceraceaeAbove0.50spg","hardwood","Hardwood",0.56,-1.8011,2.3852,0.21103,0.95964,NA,"Check",557.041728596041,581.988846661286,NA
"Acer","ACSA3","NEON.PLA.D05.TREE.00172","TREE_049","TREE","D05",2022-09-20,"Live","single bole tree","Mostly shaded",130,NA,18.4,17,NA,39,"Acer saccharum Marshall",3.5,124.8,"2022",318,"hard maple/oak/hickory/beech","Acer saccharum Marshall","sugar maple","Aceraceae","tree","saccharum",0.841,"hw4",-2.0127,2.4342,"AceraceaeAbove0.50spg","hardwood","Hardwood",0.56,-1.8011,2.3852,0.21103,0.95964,NA,"Check",132.146072699293,142.121236035814,NA
"Acer","ACSA3","NEON.PLA.D05.TREE.00546","TREE_053","TREE","D05",2015-07-27,"Live","single bole tree","Mostly shaded",130,NA,13.4,12.8,NA,41,"Acer saccharum Marshall",12.4,51.5,"2015",318,"hard maple/oak/hickory/beech","Acer saccharum Marshall","sugar maple","Aceraceae","tree","saccharum",0.841,"hw4",-2.0127,2.4342,"AceraceaeAbove0.50spg","hardwood","Hardwood",0.56,-1.8011,2.3852,0.21103,0.95964,NA,"Check",66.2317155494387,72.2286384505297,NA
"Acer","ACSA3","NEON.PLA.D05.TREE.00199","TREE_055","TREE","D05",2017-09-14,"Live","small tree",NA,140,NA,7.1,5.4,NA,NA,"Acer saccharum Marshall",NA,NA,"2017",318,"hard maple/oak/hickory/beech","Acer saccharum Marshall","sugar maple","Aceraceae","tree","saccharum",0.841,"hw4",-2.0127,2.4342,"AceraceaeAbove0.50spg","hardwood","Hardwood",0.56,-1.8011,2.3852,0.21103,0.95964,NA,"Check",5.31651201147292,6.09987890897784,NA
"Acer","ACSA3","NEON.PLA.D05.TREE.00513","TREE_042","TREE","D05",2020-10-06,"Live","single bole tree","Mostly shaded",130,NA,12,10.2,NA,59,"Acer saccharum Marshall",4.2,138.5,"2020",318,"hard maple/oak/hickory/beech","Acer saccharum Marshall","sugar maple","Aceraceae","tree","saccharum",0.841,"hw4",-2.0127,2.4342,"AceraceaeAbove0.50spg","hardwood","Hardwood",0.56,-1.8011,2.3852,0.21103,0.95964,NA,"Check",38.1092177562497,42.0247693313574,NA
"Acer","ACSA3","NEON.PLA.D05.TREE.00122","TREE_055","TREE","D05",2016-09-27,"Live","single bole tree",NA,130,NA,13,12.8,NA,41,"Acer saccharum Marshall",7.4,56.3,"2016",318,"hard maple/oak/hickory/beech","Acer saccharum Marshall","sugar maple","Aceraceae","tree","saccharum",0.841,"hw4",-2.0127,2.4342,"AceraceaeAbove0.50spg","hardwood","Hardwood",0.56,-1.8011,2.3852,0.21103,0.95964,NA,"Check",66.2317155494387,72.2286384505297,NA
"Acer","ACSA3","NEON.PLA.D05.TREE.00587","TREE_053","TREE","D05",2016-09-27,"Live","single bole tree",NA,130,NA,13.9,13.9,NA,23,"Acer saccharum Marshall",7.3,16.1,"2016",318,"hard maple/oak/hickory/beech","Acer saccharum Marshall","sugar maple","Aceraceae","tree","saccharum",0.841,"hw4",-2.0127,2.4342,"AceraceaeAbove0.50spg","hardwood","Hardwood",0.56,-1.8011,2.3852,0.21103,0.95964,NA,"Check",80.9509822967284,87.9247435349206,NA
"Acer","ACSA3","NEON.PLA.D05.TREE.00014","TREE_049","TREE","D05",2015-07-28,"Live","single bole tree","Partially shaded",130,NA,17.2,27,NA,21,"Acer saccharum Marshall",4,40.6,"2015",318,"hard maple/oak/hickory/beech","Acer saccharum Marshall","sugar maple","Aceraceae","tree","saccharum",0.841,"hw4",-2.0127,2.4342,"AceraceaeAbove0.50spg","hardwood","Hardwood",0.56,-1.8011,2.3852,0.21103,0.95964,NA,"Check",407.49395541266,428.431169041645,NA
"Acer","ACRU","NEON.PLA.D05.TREE.01481","TREE_039","TREE","D05",2015-08-11,"Live","single bole tree","Full sun",150,NA,19.4,23.9,NA,25,"Acer rubrum L.",20.2,286.3,"2015",316,"soft maple/birch","Acer rubrum L.","red maple","Aceraceae","tree","rubrum",0.744,"hw2",-1.9123,2.3651,"AceraceaeBelow0.50spg","hardwood","Hardwood",0.44,-2.047,2.3852,0.21103,0.95964,NA,"Check",268.873213505012,250.468934849441,NA
"Acer","ACRU","NEON.PLA.D05.TREE.00930","TREE_048","TREE","D05",2017-10-18,"Live","small tree",NA,130,NA,3.7,2.8,NA,NA,"Acer rubrum L.",NA,NA,"2017",316,"soft maple/birch","Acer rubrum L.","red maple","Aceraceae","tree","rubrum",0.744,"hw2",-1.9123,2.3651,"AceraceaeBelow0.50spg","hardwood","Hardwood",0.44,-2.047,2.3852,0.21103,0.95964,NA,"Check",0.838164518260904,0.743423521425579,NA
"Acer","ACRU","NEON.PLA.D05.TREE.01467","TREE_041","TREE","D05",2020-09-28,"Live","single bole tree","Partially shaded",130,NA,22.9,32,NA,41,"Acer rubrum L.",5.9,197.4,"2020",316,"soft maple/birch","Acer rubrum L.","red maple","Aceraceae","tree","rubrum",0.744,"hw2",-1.9123,2.3651,"AceraceaeBelow0.50spg","hardwood","Hardwood",0.44,-2.047,2.3852,0.21103,0.95964,NA,"Check",536.20255119729,502.438515562735,NA
"Acer","ACRU","NEON.PLA.D05.TREE.03057","TREE_012","TREE","D05",2019-10-17,"Live","small tree",NA,130,NA,2.6,1.2,NA,NA,"Acer rubrum L.",NA,NA,"2019",316,"soft maple/birch","Acer rubrum L.","red maple","Aceraceae","tree","rubrum",0.744,"hw2",-1.9123,2.3651,"AceraceaeBelow0.50spg","hardwood","Hardwood",0.44,-2.047,2.3852,0.21103,0.95964,NA,"Check",0.112986713722055,0.0985231002614041,NA
"Acer","ACRU","NEON.PLA.D05.TREE.01158","TREE_045","TREE","D05",2018-10-17,"Live","single bole tree",NA,130,NA,15.2,20.8,NA,43,"Acer rubrum L.",8.8,227.7,"2018",316,"soft maple/birch","Acer rubrum L.","red maple","Aceraceae","tree","rubrum",0.744,"hw2",-1.9123,2.3651,"AceraceaeBelow0.50spg","hardwood","Hardwood",0.44,-2.047,2.3852,0.21103,0.95964,NA,"Check",193.575440303986,179.822429984779,NA
"Acer","ACRU","NEON.PLA.D05.TREE.00687","TREE_046","TREE","D05",2017-09-25,"Live","single bole tree",NA,130,NA,22.8,32.2,NA,25,"Acer rubrum L.",4.8,350,"2017",316,"soft maple/birch","Acer rubrum L.","red maple","Aceraceae","tree","rubrum",0.744,"hw2",-1.9123,2.3651,"AceraceaeBelow0.50spg","hardwood","Hardwood",0.44,-2.047,2.3852,0.21103,0.95964,NA,"Check",544.162468134684,509.961066507595,NA
"Acer","ACSA3","NEON.PLA.D05.TREE.00209","TREE_054","TREE","D05",2018-10-09,"Live","single bole tree",NA,130,NA,11,17.6,NA,43,"Acer saccharum Marshall",2.4,292.7,"2018",318,"hard maple/oak/hickory/beech","Acer saccharum Marshall","sugar maple","Aceraceae","tree","saccharum",0.841,"hw4",-2.0127,2.4342,"AceraceaeAbove0.50spg","hardwood","Hardwood",0.56,-1.8011,2.3852,0.21103,0.95964,NA,"Check",143.787930232059,154.379284548219,NA
"Acer","ACSA3","NEON.PLA.D05.TREE.00564","TREE_042","TREE","D05",2015-07-27,"Live","single bole tree","Partially shaded",130,NA,19.7,32.4,NA,59,"Acer saccharum Marshall",9.8,162.8,"2015",318,"hard maple/oak/hickory/beech","Acer saccharum Marshall","sugar maple","Aceraceae","tree","saccharum",0.841,"hw4",-2.0127,2.4342,"AceraceaeAbove0.50spg","hardwood","Hardwood",0.56,-1.8011,2.3852,0.21103,0.95964,NA,"Check",635.132242283819,661.826521882481,NA
"Acer","ACSA3","NEON.PLA.D05.TREE.00573","TREE_042","TREE","D05",2019-10-23,"Live","single bole tree",NA,130,NA,19.2,52.8,NA,43,"Acer saccharum Marshall",4.6,208.8,"2019",318,"hard maple/oak/hickory/beech","Acer saccharum Marshall","sugar maple","Aceraceae","tree","saccharum",0.841,"hw4",-2.0127,2.4342,"AceraceaeAbove0.50spg","hardwood","Hardwood",0.56,-1.8011,2.3852,0.21103,0.95964,NA,"Check",2085.11969536004,2121.38083327027,NA
"Acer","ACSA3","NEON.PLA.D05.TREE.00573","TREE_042","TREE","D05",2017-09-25,"Live","single bole tree",NA,130,NA,20.5,52.5,NA,43,"Acer saccharum Marshall",4.6,208.8,"2017",318,"hard maple/oak/hickory/beech","Acer saccharum Marshall","sugar maple","Aceraceae","tree","saccharum",0.841,"hw4",-2.0127,2.4342,"AceraceaeAbove0.50spg","hardwood","Hardwood",0.56,-1.8011,2.3852,0.21103,0.95964,NA,"Check",2056.39847261579,2092.74435499023,NA
"Acer","ACSA3","NEON.PLA.D05.TREE.00516","TREE_042","TREE","D05",2018-10-10,"Live","single bole tree",NA,130,NA,21.3,47.3,NA,25,"Acer saccharum Marshall",9.4,320.3,"2018",318,"hard maple/oak/hickory/beech","Acer saccharum Marshall","sugar maple","Aceraceae","tree","saccharum",0.841,"hw4",-2.0127,2.4342,"AceraceaeAbove0.50spg","hardwood","Hardwood",0.56,-1.8011,2.3852,0.21103,0.95964,NA,"Check",1595.3004402933,1631.81530280963,NA
"Acer","ACSA3","NEON.PLA.D05.TREE.01055","TREE_047","TREE","D05",2018-10-11,"Live","single bole tree",NA,130,NA,18.8,42.3,NA,59,"Acer saccharum Marshall",8.7,119.8,"2018",318,"hard maple/oak/hickory/beech","Acer saccharum Marshall","sugar maple","Aceraceae","tree","saccharum",0.841,"hw4",-2.0127,2.4342,"AceraceaeAbove0.50spg","hardwood","Hardwood",0.56,-1.8011,2.3852,0.21103,0.95964,NA,"Check",1215.43914279038,1250.08416202747,NA
"Acer","ACSA3","NEON.PLA.D05.TREE.00664","TREE_053","TREE","D05",2015-07-27,"Live","single bole tree","Mostly shaded",130,NA,12.2,13.8,NA,41,"Acer saccharum Marshall",0.3,15.6,"2015",318,"hard maple/oak/hickory/beech","Acer saccharum Marshall","sugar maple","Aceraceae","tree","saccharum",0.841,"hw4",-2.0127,2.4342,"AceraceaeAbove0.50spg","hardwood","Hardwood",0.56,-1.8011,2.3852,0.21103,0.95964,NA,"Check",79.540655990085,86.4234910516761,NA
"Acer","ACSA3","NEON.PLA.D05.TREE.00664","TREE_053","TREE","D05",2016-09-27,"Live","single bole tree",NA,130,NA,16.5,13.7,NA,41,"Acer saccharum Marshall",0.3,15.6,"2016",318,"hard maple/oak/hickory/beech","Acer saccharum Marshall","sugar maple","Aceraceae","tree","saccharum",0.841,"hw4",-2.0127,2.4342,"AceraceaeAbove0.50spg","hardwood","Hardwood",0.56,-1.8011,2.3852,0.21103,0.95964,NA,"Check",78.1449109921578,84.9372323253676,NA
"Acer","ACSA3","NEON.PLA.D05.TREE.00615","TREE_042","TREE","D05",2017-09-25,"Live","single bole tree",NA,130,NA,13,14.5,NA,61,"Acer saccharum Marshall",16.2,220.9,"2017",318,"hard maple/oak/hickory/beech","Acer saccharum Marshall","sugar maple","Aceraceae","tree","saccharum",0.841,"hw4",-2.0127,2.4342,"AceraceaeAbove0.50spg","hardwood","Hardwood",0.56,-1.8011,2.3852,0.21103,0.95964,NA,"Check",89.7216986652856,97.2494530785856,NA
"Acer","ACSA3","NEON.PLA.D05.TREE.00565","TREE_042","TREE","D05",2021-10-04,"Live","single bole tree","Full shade",130,NA,15.5,13.2,NA,61,"Acer saccharum Marshall",8.9,254.9,"2021",318,"hard maple/oak/hickory/beech","Acer saccharum Marshall","sugar maple","Aceraceae","tree","saccharum",0.841,"hw4",-2.0127,2.4342,"AceraceaeAbove0.50spg","hardwood","Hardwood",0.56,-1.8011,2.3852,0.21103,0.95964,NA,"Check",71.3832898751995,77.7293702886172,NA
"Acer","ACSA3","NEON.PLA.D05.TREE.00101","TREE_055","TREE","D05",2017-09-14,"Live","single bole tree",NA,130,NA,10.5,11.2,NA,39,"Acer saccharum Marshall",1.8,112.3,"2017",318,"hard maple/oak/hickory/beech","Acer saccharum Marshall","sugar maple","Aceraceae","tree","saccharum",0.841,"hw4",-2.0127,2.4342,"AceraceaeAbove0.50spg","hardwood","Hardwood",0.56,-1.8011,2.3852,0.21103,0.95964,NA,"Check",47.8522107804734,52.5275368755048,NA
"Acer","ACSA3","NEON.PLA.D05.TREE.00346","TREE_054","TREE","D05",2017-08-30,"Live,  other damage","single bole tree",NA,130,NA,9.5,16.6,NA,59,"Acer saccharum Marshall",1.4,166.2,"2017",318,"hard maple/oak/hickory/beech","Acer saccharum Marshall","sugar maple","Aceraceae","tree","saccharum",0.841,"hw4",-2.0127,2.4342,"AceraceaeAbove0.50spg","hardwood","Hardwood",0.56,-1.8011,2.3852,0.21103,0.95964,NA,"Check",124.704637475395,134.274647285162,NA
"Acer","ACSA3","NEON.PLA.D05.TREE.00152","TREE_055","TREE","D05",2017-09-14,"Live","small tree",NA,130,NA,6,5.7,NA,NA,"Acer saccharum Marshall",NA,NA,"2017",318,"hard maple/oak/hickory/beech","Acer saccharum Marshall","sugar maple","Aceraceae","tree","saccharum",0.841,"hw4",-2.0127,2.4342,"AceraceaeAbove0.50spg","hardwood","Hardwood",0.56,-1.8011,2.3852,0.21103,0.95964,NA,"Check",6.06435313558522,6.93950229249957,NA
"Acer","ACSA3","NEON.PLA.D05.TREE.01386","TREE_041","TREE","D05",2019-10-23,"Live","single bole tree",NA,140,NA,17.7,18,NA,59,"Acer saccharum Marshall",3.4,149,"2019",318,"hard maple/oak/hickory/beech","Acer saccharum Marshall","sugar maple","Aceraceae","tree","saccharum",0.841,"hw4",-2.0127,2.4342,"AceraceaeAbove0.50spg","hardwood","Hardwood",0.56,-1.8011,2.3852,0.21103,0.95964,NA,"Check",151.872739961301,162.880160204249,NA
"Acer","ACSA3","NEON.PLA.D05.TREE.00518","TREE_053","TREE","D05",2018-10-09,"Live","single bole tree",NA,130,NA,14.9,12.2,NA,43,"Acer saccharum Marshall",10.5,330.9,"2018",318,"hard maple/oak/hickory/beech","Acer saccharum Marshall","sugar maple","Aceraceae","tree","saccharum",0.841,"hw4",-2.0127,2.4342,"AceraceaeAbove0.50spg","hardwood","Hardwood",0.56,-1.8011,2.3852,0.21103,0.95964,NA,"Check",58.9267645297337,64.4136155332911,NA
"Acer","ACSA3","NEON.PLA.D05.TREE.00355","TREE_054","TREE","D05",2017-08-30,"Live","single bole tree",NA,130,NA,14,25.4,NA,41,"Acer saccharum Marshall",8.3,51.6,"2017",318,"hard maple/oak/hickory/beech","Acer saccharum Marshall","sugar maple","Aceraceae","tree","saccharum",0.841,"hw4",-2.0127,2.4342,"AceraceaeAbove0.50spg","hardwood","Hardwood",0.56,-1.8011,2.3852,0.21103,0.95964,NA,"Check",351.189667022499,370.340824849404,NA
"Acer","ACSA3","NEON.PLA.D05.TREE.00634","TREE_042","TREE","D05",2015-07-27,"Live","single bole tree","Partially shaded",130,NA,20.6,48.7,NA,61,"Acer saccharum Marshall",8.4,182.7,"2015",318,"hard maple/oak/hickory/beech","Acer saccharum Marshall","sugar maple","Aceraceae","tree","saccharum",0.841,"hw4",-2.0127,2.4342,"AceraceaeAbove0.50spg","hardwood","Hardwood",0.56,-1.8011,2.3852,0.21103,0.95964,NA,"Check",1712.68894182238,1749.38857922186,NA
"Acer","ACSA3","NEON.PLA.D05.TREE.01463","TREE_041","TREE","D05",2019-10-23,"Live","single bole tree",NA,130,NA,19.8,20.5,NA,21,"Acer saccharum Marshall",2.4,78.1,"2019",318,"hard maple/oak/hickory/beech","Acer saccharum Marshall","sugar maple","Aceraceae","tree","saccharum",0.841,"hw4",-2.0127,2.4342,"AceraceaeAbove0.50spg","hardwood","Hardwood",0.56,-1.8011,2.3852,0.21103,0.95964,NA,"Check",208.433127390352,222.119924936364,NA
"Acer","ACSA3","NEON.PLA.D05.TREE.01381","TREE_041","TREE","D05",2016-10-18,"Live","single bole tree",NA,130,NA,19.7,24.2,NA,59,"Acer saccharum Marshall",9.9,114.7,"2016",318,"hard maple/oak/hickory/beech","Acer saccharum Marshall","sugar maple","Aceraceae","tree","saccharum",0.841,"hw4",-2.0127,2.4342,"AceraceaeAbove0.50spg","hardwood","Hardwood",0.56,-1.8011,2.3852,0.21103,0.95964,NA,"Check",312.161155858729,329.965565029214,NA
"Acer","ACRU","NEON.PLA.D05.TREE.01424","TREE_039","TREE","D05",2021-09-30,"Live","single bole tree","Partially shaded",130,NA,22.8,43.4,NA,25,"Acer rubrum L.",11.2,270.3,"2021",316,"soft maple/birch","Acer rubrum L.","red maple","Aceraceae","tree","rubrum",0.744,"hw2",-1.9123,2.3651,"AceraceaeBelow0.50spg","hardwood","Hardwood",0.44,-2.047,2.3852,0.21103,0.95964,NA,"Check",1102.36552176792,1039.29705913074,NA
"Acer","ACRU","NEON.PLA.D05.TREE.02403","TREE_012","TREE","D05",2019-10-17,"Live","small tree",NA,130,NA,3.4,1.1,NA,NA,"Acer rubrum L.",NA,NA,"2019",316,"soft maple/birch","Acer rubrum L.","red maple","Aceraceae","tree","rubrum",0.744,"hw2",-1.9123,2.3651,"AceraceaeBelow0.50spg","hardwood","Hardwood",0.44,-2.047,2.3852,0.21103,0.95964,NA,"Check",0.0919715809305997,0.0800580106252001,NA
"Acer","ACRU","NEON.PLA.D05.TREE.01467","TREE_041","TREE","D05",2015-08-10,"Live","single bole tree","Partially shaded",130,NA,22.8,29.9,NA,41,"Acer rubrum L.",5.9,197.4,"2015",316,"soft maple/birch","Acer rubrum L.","red maple","Aceraceae","tree","rubrum",0.744,"hw2",-1.9123,2.3651,"AceraceaeBelow0.50spg","hardwood","Hardwood",0.44,-2.047,2.3852,0.21103,0.95964,NA,"Check",456.676422007491,427.33662322703,NA
"Acer","ACRU","NEON.PLA.D05.TREE.01467","TREE_041","TREE","D05",2017-10-16,"Live","single bole tree",NA,130,NA,20.4,30.6,NA,41,"Acer rubrum L.",5.9,197.4,"2017",316,"soft maple/birch","Acer rubrum L.","red maple","Aceraceae","tree","rubrum",0.744,"hw2",-1.9123,2.3651,"AceraceaeBelow0.50spg","hardwood","Hardwood",0.44,-2.047,2.3852,0.21103,0.95964,NA,"Check",482.367909780962,451.587531086048,NA
"Acer","ACRU","NEON.PLA.D05.TREE.02220A","TREE_015","TREE","D05",2018-05-08,"Live","multi-bole tree","Partially shaded",130,NA,18,24.3,NA,NA,"Acer rubrum L.",NA,NA,"2018",316,"soft maple/birch","Acer rubrum L.","red maple","Aceraceae","tree","rubrum",0.744,"hw2",-1.9123,2.3651,"AceraceaeBelow0.50spg","hardwood","Hardwood",0.44,-2.047,2.3852,0.21103,0.95964,NA,"Check",279.637917965113,260.583719824732,NA
"Acer","ACRU","NEON.PLA.D05.TREE.01020","TREE_048","TREE","D05",2017-10-18,"Live","small tree",NA,130,NA,3.8,2.1,NA,NA,"Acer rubrum L.",NA,NA,"2017",316,"soft maple/birch","Acer rubrum L.","red maple","Aceraceae","tree","rubrum",0.744,"hw2",-1.9123,2.3651,"AceraceaeBelow0.50spg","hardwood","Hardwood",0.44,-2.047,2.3852,0.21103,0.95964,NA,"Check",0.424459898705683,0.374310856195916,NA
"Acer","ACRU","NEON.PLA.D05.TREE.01364","TREE_040","TREE","D05",2015-08-10,"Live,  other damage","single bole tree","Partially shaded",130,NA,9.9,20.4,NA,43,"Acer rubrum L.",5.9,233.1,"2015",316,"soft maple/birch","Acer rubrum L.","red maple","Aceraceae","tree","rubrum",0.744,"hw2",-1.9123,2.3651,"AceraceaeBelow0.50spg","hardwood","Hardwood",0.44,-2.047,2.3852,0.21103,0.95964,NA,"Check",184.886402141885,171.683702598181,NA
"Acer","ACRU","NEON.PLA.D05.TREE.02972","TREE_009","TREE","D05",2019-10-16,"Live","small tree",NA,130,NA,3.4,1,NA,NA,"Acer rubrum L.",NA,NA,"2019",316,"soft maple/birch","Acer rubrum L.","red maple","Aceraceae","tree","rubrum",0.744,"hw2",-1.9123,2.3651,"AceraceaeBelow0.50spg","hardwood","Hardwood",0.44,-2.047,2.3852,0.21103,0.95964,NA,"Check",0.073410099398862,0.0637785969993142,NA
"Acer","ACRU","NEON.PLA.D05.TREE.01116","TREE_039","TREE","D05",2019-10-23,"Live","single bole tree",NA,130,NA,8.5,19.6,NA,41,"Acer rubrum L.",6.2,19.1,"2019",316,"soft maple/birch","Acer rubrum L.","red maple","Aceraceae","tree","rubrum",0.744,"hw2",-1.9123,2.3651,"AceraceaeBelow0.50spg","hardwood","Hardwood",0.44,-2.047,2.3852,0.21103,0.95964,NA,"Check",168.195160882787,156.058840899651,NA
"Acer","ACRU","NEON.PLA.D05.TREE.03781","TREE_002","TREE","D05",2019-10-08,"Live","small tree",NA,130,NA,2.8,1.3,NA,NA,"Acer rubrum L.",NA,NA,"2019",316,"soft maple/birch","Acer rubrum L.","red maple","Aceraceae","tree","rubrum",0.744,"hw2",-1.9123,2.3651,"AceraceaeBelow0.50spg","hardwood","Hardwood",0.44,-2.047,2.3852,0.21103,0.95964,NA,"Check",0.136534761067149,0.119248423248435,NA
"Acer","ACRU","NEON.PLA.D05.TREE.02244","TREE_015","TREE","D05",2019-10-24,"Live","multi-bole tree","Full sun",130,NA,17.3,25.6,NA,31,"Acer rubrum L.",9.3,69.8,"2019",316,"soft maple/birch","Acer rubrum L.","red maple","Aceraceae","tree","rubrum",0.744,"hw2",-1.9123,2.3651,"AceraceaeBelow0.50spg","hardwood","Hardwood",0.44,-2.047,2.3852,0.21103,0.95964,NA,"Check",316.320256559693,295.075506186289,NA
"Acer","ACRU","NEON.PLA.D05.TREE.01110","TREE_039","TREE","D05",2015-08-11,"Live","multi-bole tree","Full sun",130,NA,18.3,31,NA,41,"Acer rubrum L.",4.2,76.3,"2015",316,"soft maple/birch","Acer rubrum L.","red maple","Aceraceae","tree","rubrum",0.744,"hw2",-1.9123,2.3651,"AceraceaeBelow0.50spg","hardwood","Hardwood",0.44,-2.047,2.3852,0.21103,0.95964,NA,"Check",497.414228807279,465.795306011597,NA
"Acer","ACRU","NEON.PLA.D05.TREE.00687","TREE_046","TREE","D05",2016-09-29,"Live","single bole tree",NA,130,NA,23.6,32,NA,25,"Acer rubrum L.",4.8,350,"2016",316,"soft maple/birch","Acer rubrum L.","red maple","Aceraceae","tree","rubrum",0.744,"hw2",-1.9123,2.3651,"AceraceaeBelow0.50spg","hardwood","Hardwood",0.44,-2.047,2.3852,0.21103,0.95964,NA,"Check",536.20255119729,502.438515562735,NA
"Acer","ACRU","NEON.PLA.D05.TREE.00732","TREE_051","TREE","D05",2017-09-26,"Live","single bole tree",NA,130,NA,14.8,20.2,NA,59,"Acer rubrum L.",5.9,256.6,"2017",316,"soft maple/birch","Acer rubrum L.","red maple","Aceraceae","tree","rubrum",0.744,"hw2",-1.9123,2.3651,"AceraceaeBelow0.50spg","hardwood","Hardwood",0.44,-2.047,2.3852,0.21103,0.95964,NA,"Check",180.628046955711,167.696223304836,NA
"Acer","ACRU","NEON.PLA.D05.TREE.00732","TREE_051","TREE","D05",2016-09-28,"Live","single bole tree",NA,130,NA,14.8,20,NA,59,"Acer rubrum L.",5.9,256.6,"2016",316,"soft maple/birch","Acer rubrum L.","red maple","Aceraceae","tree","rubrum",0.744,"hw2",-1.9123,2.3651,"AceraceaeBelow0.50spg","hardwood","Hardwood",0.44,-2.047,2.3852,0.21103,0.95964,NA,"Check",176.426860110741,163.76305866054,NA
"Acer","ACRU","NEON.PLA.D05.TREE.01424","TREE_039","TREE","D05",2018-10-17,"Live","single bole tree",NA,130,NA,22.1,41.5,NA,25,"Acer rubrum L.",11.2,270.3,"2018",316,"soft maple/birch","Acer rubrum L.","red maple","Aceraceae","tree","rubrum",0.744,"hw2",-1.9123,2.3651,"AceraceaeBelow0.50spg","hardwood","Hardwood",0.44,-2.047,2.3852,0.21103,0.95964,NA,"Check",991.617575865524,934.044388859332,NA
"Acer","ACRU","NEON.PLA.D05.TREE.02967","TREE_009","TREE","D05",2019-10-16,"Live","small tree",NA,130,NA,3.2,1.6,NA,NA,"Acer rubrum L.",NA,NA,"2019",316,"soft maple/birch","Acer rubrum L.","red maple","Aceraceae","tree","rubrum",0.744,"hw2",-1.9123,2.3651,"AceraceaeBelow0.50spg","hardwood","Hardwood",0.44,-2.047,2.3852,0.21103,0.95964,NA,"Check",0.223110486445256,0.19567797440468,NA
"Acer","ACRU","NEON.PLA.D05.TREE.01116","TREE_039","TREE","D05",2017-10-17,"Live","single bole tree",NA,130,NA,15.1,19.6,NA,41,"Acer rubrum L.",6.2,19.1,"2017",316,"soft maple/birch","Acer rubrum L.","red maple","Aceraceae","tree","rubrum",0.744,"hw2",-1.9123,2.3651,"AceraceaeBelow0.50spg","hardwood","Hardwood",0.44,-2.047,2.3852,0.21103,0.95964,NA,"Check",168.195160882787,156.058840899651,NA
"Acer","ACRU","NEON.PLA.D05.TREE.00732","TREE_051","TREE","D05",2018-10-09,"Live","single bole tree",NA,130,NA,15.2,20.8,NA,59,"Acer rubrum L.",5.9,256.6,"2018",316,"soft maple/birch","Acer rubrum L.","red maple","Aceraceae","tree","rubrum",0.744,"hw2",-1.9123,2.3651,"AceraceaeBelow0.50spg","hardwood","Hardwood",0.44,-2.047,2.3852,0.21103,0.95964,NA,"Check",193.575440303986,179.822429984779,NA
"Acer","ACRU","NEON.PLA.D05.TREE.02018","TREE_018","TREE","D05",2018-04-25,"Live","small tree",NA,130,NA,NA,2.2,NA,NA,"Acer rubrum L.",NA,NA,"2018",316,"soft maple/birch","Acer rubrum L.","red maple","Aceraceae","tree","rubrum",0.744,"hw2",-1.9123,2.3651,"AceraceaeBelow0.50spg","hardwood","Hardwood",0.44,-2.047,2.3852,0.21103,0.95964,NA,"Check",0.473826880108353,0.41823612265832,NA
"Acer","ACRU","NEON.PLA.D05.TREE.01349B","TREE_039","TREE","D05",2021-09-30,"Live","multi-bole tree",NA,130,NA,NA,19.6,NA,NA,"Acer rubrum L.",NA,NA,"2021",316,"soft maple/birch","Acer rubrum L.","red maple","Aceraceae","tree","rubrum",0.744,"hw2",-1.9123,2.3651,"AceraceaeBelow0.50spg","hardwood","Hardwood",0.44,-2.047,2.3852,0.21103,0.95964,NA,"Check",168.195160882787,156.058840899651,NA
"Acer","ACRU","NEON.PLA.D05.TREE.02015","TREE_018","TREE","D05",2018-04-25,"Live","small tree",NA,130,NA,4.8,2.3,NA,NA,"Acer rubrum L.",NA,NA,"2018",316,"soft maple/birch","Acer rubrum L.","red maple","Aceraceae","tree","rubrum",0.744,"hw2",-1.9123,2.3651,"AceraceaeBelow0.50spg","hardwood","Hardwood",0.44,-2.047,2.3852,0.21103,0.95964,NA,"Check",0.526354471942132,0.465016320984426,NA
"Acer","ACRU","NEON.PLA.D05.TREE.03982","TREE_010","TREE","D05",2017-10-24,"Live","small tree",NA,130,NA,1.9,1.5,NA,NA,"Acer rubrum L.",NA,NA,"2017",316,"soft maple/birch","Acer rubrum L.","red maple","Aceraceae","tree","rubrum",0.744,"hw2",-1.9123,2.3651,"AceraceaeBelow0.50spg","hardwood","Hardwood",0.44,-2.047,2.3852,0.21103,0.95964,NA,"Check",0.191526666069617,0.16775977404484,NA
"Acer","ACRU","NEON.PLA.D05.TREE.02222A","TREE_015","TREE","D05",2018-05-08,"Live","multi-bole tree","Partially shaded",130,NA,16.5,14.2,NA,NA,"Acer rubrum L.",NA,NA,"2018",316,"soft maple/birch","Acer rubrum L.","red maple","Aceraceae","tree","rubrum",0.744,"hw2",-1.9123,2.3651,"AceraceaeBelow0.50spg","hardwood","Hardwood",0.44,-2.047,2.3852,0.21103,0.95964,NA,"Check",78.4830415698135,72.3498032736456,NA
"Acer","ACRU","NEON.PLA.D05.TREE.01364","TREE_040","TREE","D05",2020-09-29,"Live, broken bole","single bole tree","Partially shaded",130,NA,9.9,20.7,NA,43,"Acer rubrum L.",5.9,233.1,"2020",316,"soft maple/birch","Acer rubrum L.","red maple","Aceraceae","tree","rubrum",0.744,"hw2",-1.9123,2.3651,"AceraceaeBelow0.50spg","hardwood","Hardwood",0.44,-2.047,2.3852,0.21103,0.95964,NA,"Check",191.381575860142,177.767212935356,NA
"Acer","ACRU","NEON.PLA.D05.TREE.03181","TREE_043","TREE","D05",2020-10-05,"Live","small tree","Mostly shaded",130,NA,4,1.3,NA,NA,"Acer rubrum L.",NA,NA,"2020",316,"soft maple/birch","Acer rubrum L.","red maple","Aceraceae","tree","rubrum",0.744,"hw2",-1.9123,2.3651,"AceraceaeBelow0.50spg","hardwood","Hardwood",0.44,-2.047,2.3852,0.21103,0.95964,NA,"Check",0.136534761067149,0.119248423248435,NA
"Acer","ACRU","NEON.PLA.D05.TREE.00924","TREE_039","TREE","D05",2018-10-17,"Live","single bole tree",NA,130,NA,18.9,39.9,NA,41,"Acer rubrum L.",14,42.5,"2018",316,"soft maple/birch","Acer rubrum L.","red maple","Aceraceae","tree","rubrum",0.744,"hw2",-1.9123,2.3651,"AceraceaeBelow0.50spg","hardwood","Hardwood",0.44,-2.047,2.3852,0.21103,0.95964,NA,"Check",903.565536496763,850.432299424947,NA
"Acer","ACRU","NEON.PLA.D05.TREE.01116","TREE_039","TREE","D05",2015-08-11,"Live, physically damaged","single bole tree","Partially shaded",130,NA,12.5,20,NA,41,"Acer rubrum L.",6.2,19.1,"2015",316,"soft maple/birch","Acer rubrum L.","red maple","Aceraceae","tree","rubrum",0.744,"hw2",-1.9123,2.3651,"AceraceaeBelow0.50spg","hardwood","Hardwood",0.44,-2.047,2.3852,0.21103,0.95964,NA,"Check",176.426860110741,163.76305866054,NA
"Acer","ACRU","NEON.PLA.D05.TREE.00402","TREE_057","TREE","D05",2016-10-18,"Live","single bole tree",NA,130,NA,20.2,31.4,NA,59,"Acer rubrum L.",12.7,212.6,"2016",316,"soft maple/birch","Acer rubrum L.","red maple","Aceraceae","tree","rubrum",0.744,"hw2",-1.9123,2.3651,"AceraceaeBelow0.50spg","hardwood","Hardwood",0.44,-2.047,2.3852,0.21103,0.95964,NA,"Check",512.727926884453,480.259309510907,NA
"Acer","ACSA3","NEON.PLA.D05.TREE.00166","TREE_049","TREE","D05",2021-09-23,"Live","small tree","Mostly shaded",130,NA,9.9,8.9,NA,NA,"Acer saccharum Marshall",NA,NA,"2021",318,"hard maple/oak/hickory/beech","Acer saccharum Marshall","sugar maple","Aceraceae","tree","saccharum",0.841,"hw4",-2.0127,2.4342,"AceraceaeAbove0.50spg","hardwood","Hardwood",0.56,-1.8011,2.3852,0.21103,0.95964,NA,"Check",17.9406867529904,20.0863331540566,NA
"Acer","ACSA3","NEON.PLA.D05.TREE.00578","TREE_046","TREE","D05",2018-10-10,"Live","single bole tree",NA,130,NA,12.3,10.6,NA,41,"Acer saccharum Marshall",5.3,169.6,"2018",318,"hard maple/oak/hickory/beech","Acer saccharum Marshall","sugar maple","Aceraceae","tree","saccharum",0.841,"hw4",-2.0127,2.4342,"AceraceaeAbove0.50spg","hardwood","Hardwood",0.56,-1.8011,2.3852,0.21103,0.95964,NA,"Check",41.8499586767446,46.0629511160927,NA
"Acer","ACSA3","NEON.PLA.D05.TREE.00060","TREE_055","TREE","D05",2017-09-14,"Live","single bole tree",NA,130,NA,17.4,23.1,NA,57,"Acer saccharum Marshall",8.8,128.1,"2017",318,"hard maple/oak/hickory/beech","Acer saccharum Marshall","sugar maple","Aceraceae","tree","saccharum",0.841,"hw4",-2.0127,2.4342,"AceraceaeAbove0.50spg","hardwood","Hardwood",0.56,-1.8011,2.3852,0.21103,0.95964,NA,"Check",278.740309372215,295.310917613293,NA
"Acer","ACSA3","NEON.PLA.D05.TREE.00165","TREE_055","TREE","D05",2018-10-10,"Live","single bole tree",NA,130,NA,20.1,28.6,NA,61,"Acer saccharum Marshall",5,242.9,"2018",318,"hard maple/oak/hickory/beech","Acer saccharum Marshall","sugar maple","Aceraceae","tree","saccharum",0.841,"hw4",-2.0127,2.4342,"AceraceaeAbove0.50spg","hardwood","Hardwood",0.56,-1.8011,2.3852,0.21103,0.95964,NA,"Check",468.793621676593,491.492019958178,NA
"Acer","ACSA3","NEON.PLA.D05.TREE.00166","TREE_049","TREE","D05",2018-10-10,"Live","small tree",NA,130,NA,10.5,7.5,NA,NA,"Acer saccharum Marshall",NA,NA,"2018",318,"hard maple/oak/hickory/beech","Acer saccharum Marshall","sugar maple","Aceraceae","tree","saccharum",0.841,"hw4",-2.0127,2.4342,"AceraceaeAbove0.50spg","hardwood","Hardwood",0.56,-1.8011,2.3852,0.21103,0.95964,NA,"Check",11.8279106897301,13.3540114190238,NA
"Acer","ACSA3","NEON.PLA.D05.TREE.00684","TREE_049","TREE","D05",2022-09-20,"Live","single bole tree","Full shade",130,NA,15.7,13.8,NA,21,"Acer saccharum Marshall",16.4,88,"2022",318,"hard maple/oak/hickory/beech","Acer saccharum Marshall","sugar maple","Aceraceae","tree","saccharum",0.841,"hw4",-2.0127,2.4342,"AceraceaeAbove0.50spg","hardwood","Hardwood",0.56,-1.8011,2.3852,0.21103,0.95964,NA,"Check",79.540655990085,86.4234910516761,NA
"Acer","ACSA3","NEON.PLA.D05.TREE.00555","TREE_042","TREE","D05",2018-10-10,"Live","single bole tree",NA,130,NA,21.9,29.5,NA,41,"Acer saccharum Marshall",5.9,92.1,"2018",318,"hard maple/oak/hickory/beech","Acer saccharum Marshall","sugar maple","Aceraceae","tree","saccharum",0.841,"hw4",-2.0127,2.4342,"AceraceaeAbove0.50spg","hardwood","Hardwood",0.56,-1.8011,2.3852,0.21103,0.95964,NA,"Check",505.517561666095,529.190063776686,NA
"Acer","ACSA3","NEON.PLA.D05.TREE.00166","TREE_049","TREE","D05",2022-09-20,"Standing dead","small tree",NA,130,NA,NA,6.7,NA,NA,"Acer saccharum Marshall",NA,NA,"2022",318,"hard maple/oak/hickory/beech","Acer saccharum Marshall","sugar maple","Aceraceae","tree","saccharum",0.841,"hw4",-2.0127,2.4342,"AceraceaeAbove0.50spg","hardwood","Hardwood",0.56,-1.8011,2.3852,0.21103,0.95964,NA,"Check",8.98804408660884,10.2039715066111,NA
"Acer","ACSA3","NEON.PLA.D05.TREE.00059","TREE_054","TREE","D05",2015-07-30,"Live","single bole tree","Mostly shaded",130,NA,11.2,13.1,NA,43,"Acer saccharum Marshall",8.9,345.3,"2015",318,"hard maple/oak/hickory/beech","Acer saccharum Marshall","sugar maple","Aceraceae","tree","saccharum",0.841,"hw4",-2.0127,2.4342,"AceraceaeAbove0.50spg","hardwood","Hardwood",0.56,-1.8011,2.3852,0.21103,0.95964,NA,"Check",70.0740605611761,76.3321865560422,NA
"Acer","ACSA3","NEON.PLA.D05.TREE.00166","TREE_049","TREE","D05",2016-09-28,"Live,  other damage","small tree",NA,130,NA,9.6,7.1,NA,NA,"Acer saccharum Marshall",NA,NA,"2016",318,"hard maple/oak/hickory/beech","Acer saccharum Marshall","sugar maple","Aceraceae","tree","saccharum",0.841,"hw4",-2.0127,2.4342,"AceraceaeAbove0.50spg","hardwood","Hardwood",0.56,-1.8011,2.3852,0.21103,0.95964,NA,"Check",10.3506347044822,11.7175558227026,NA
"Acer","ACSA3","NEON.PLA.D05.TREE.00635","TREE_046","TREE","D05",2021-09-21,"Live","single bole tree","Partially shaded",130,NA,20,31.3,NA,41,"Acer saccharum Marshall",4.6,298.8,"2021",318,"hard maple/oak/hickory/beech","Acer saccharum Marshall","sugar maple","Aceraceae","tree","saccharum",0.841,"hw4",-2.0127,2.4342,"AceraceaeAbove0.50spg","hardwood","Hardwood",0.56,-1.8011,2.3852,0.21103,0.95964,NA,"Check",583.91485329537,609.487162447371,NA
"Acer","ACSA3","NEON.PLA.D05.TREE.00172","TREE_049","TREE","D05",2015-07-28,"Live","single bole tree","Mostly shaded",130,NA,13.9,15.1,NA,39,"Acer saccharum Marshall",3.5,124.8,"2015",318,"hard maple/oak/hickory/beech","Acer saccharum Marshall","sugar maple","Aceraceae","tree","saccharum",0.841,"hw4",-2.0127,2.4342,"AceraceaeAbove0.50spg","hardwood","Hardwood",0.56,-1.8011,2.3852,0.21103,0.95964,NA,"Check",99.0287235982339,107.124306479667,NA
"Acer","ACSA3","NEON.PLA.D05.TREE.00086","TREE_050","TREE","D05",2016-09-29,"Live","single bole tree",NA,130,NA,13.2,15.4,NA,39,"Acer saccharum Marshall",4.4,33.6,"2016",318,"hard maple/oak/hickory/beech","Acer saccharum Marshall","sugar maple","Aceraceae","tree","saccharum",0.841,"hw4",-2.0127,2.4342,"AceraceaeAbove0.50spg","hardwood","Hardwood",0.56,-1.8011,2.3852,0.21103,0.95964,NA,"Check",103.886337354745,112.270752098901,NA
"Acer","ACSA3","NEON.PLA.D05.TREE.00023","TREE_049","TREE","D05",2015-07-28,"Live","single bole tree","Partially shaded",130,NA,18.4,37.4,NA,23,"Acer saccharum Marshall",9.5,326.5,"2015",318,"hard maple/oak/hickory/beech","Acer saccharum Marshall","sugar maple","Aceraceae","tree","saccharum",0.841,"hw4",-2.0127,2.4342,"AceraceaeAbove0.50spg","hardwood","Hardwood",0.56,-1.8011,2.3852,0.21103,0.95964,NA,"Check",900.698729933418,931.977771597359,NA
"Acer","ACSA3","NEON.PLA.D05.TREE.00579","TREE_046","TREE","D05",2016-09-29,"Live","single bole tree",NA,130,NA,18.1,21.9,NA,39,"Acer saccharum Marshall",4.3,62,"2016",318,"hard maple/oak/hickory/beech","Acer saccharum Marshall","sugar maple","Aceraceae","tree","saccharum",0.841,"hw4",-2.0127,2.4342,"AceraceaeAbove0.50spg","hardwood","Hardwood",0.56,-1.8011,2.3852,0.21103,0.95964,NA,"Check",244.79613726152,260.027638203559,NA
"Acer","ACSA3","NEON.PLA.D05.TREE.00165","TREE_055","TREE","D05",2016-09-27,"Live","single bole tree",NA,130,NA,20.3,27.4,NA,61,"Acer saccharum Marshall",5,242.9,"2016",318,"hard maple/oak/hickory/beech","Acer saccharum Marshall","sugar maple","Aceraceae","tree","saccharum",0.841,"hw4",-2.0127,2.4342,"AceraceaeAbove0.50spg","hardwood","Hardwood",0.56,-1.8011,2.3852,0.21103,0.95964,NA,"Check",422.345543821426,443.725973699236,NA
"Acer","ACSA3","NEON.PLA.D05.TREE.00539","TREE_042","TREE","D05",2015-07-27,"Live, disease damaged","small tree","Full shade",130,NA,5.4,8.3,NA,NA,"Acer saccharum Marshall",NA,NA,"2015",318,"hard maple/oak/hickory/beech","Acer saccharum Marshall","sugar maple","Aceraceae","tree","saccharum",0.841,"hw4",-2.0127,2.4342,"AceraceaeAbove0.50spg","hardwood","Hardwood",0.56,-1.8011,2.3852,0.21103,0.95964,NA,"Check",15.1374876457008,17.0059416165079,NA
"Acer","ACSA3","NEON.PLA.D05.TREE.00116","TREE_056","TREE","D05",2015-07-29,"Live, insect damaged","single bole tree","Full sun",130,NA,17.4,33.4,NA,41,"Acer saccharum Marshall",4.7,258.3,"2015",318,"hard maple/oak/hickory/beech","Acer saccharum Marshall","sugar maple","Aceraceae","tree","saccharum",0.841,"hw4",-2.0127,2.4342,"AceraceaeAbove0.50spg","hardwood","Hardwood",0.56,-1.8011,2.3852,0.21103,0.95964,NA,"Check",683.910302096699,711.594006109533,NA
"Acer","ACSA3","NEON.PLA.D05.TREE.00116","TREE_056","TREE","D05",2017-09-25,"Live","single bole tree",NA,130,NA,19.1,33.2,NA,41,"Acer saccharum Marshall",4.7,258.3,"2017",318,"hard maple/oak/hickory/beech","Acer saccharum Marshall","sugar maple","Aceraceae","tree","saccharum",0.841,"hw4",-2.0127,2.4342,"AceraceaeAbove0.50spg","hardwood","Hardwood",0.56,-1.8011,2.3852,0.21103,0.95964,NA,"Check",673.984361398593,701.47268728387,NA
"Acer","ACSA3","NEON.PLA.D05.TREE.00179","TREE_049","TREE","D05",2017-09-18,"Live","single bole tree",NA,130,NA,21,25.8,NA,23,"Acer saccharum Marshall",8.3,272,"2017",318,"hard maple/oak/hickory/beech","Acer saccharum Marshall","sugar maple","Aceraceae","tree","saccharum",0.841,"hw4",-2.0127,2.4342,"AceraceaeAbove0.50spg","hardwood","Hardwood",0.56,-1.8011,2.3852,0.21103,0.95964,NA,"Check",364.804498029941,384.403675285001,NA
"Acer","ACSA3","NEON.PLA.D05.TREE.00684","TREE_049","TREE","D05",2017-09-18,"Live","single bole tree",NA,130,NA,13.7,13.7,NA,21,"Acer saccharum Marshall",16.4,88,"2017",318,"hard maple/oak/hickory/beech","Acer saccharum Marshall","sugar maple","Aceraceae","tree","saccharum",0.841,"hw4",-2.0127,2.4342,"AceraceaeAbove0.50spg","hardwood","Hardwood",0.56,-1.8011,2.3852,0.21103,0.95964,NA,"Check",78.1449109921578,84.9372323253676,NA
"Acer","ACSA3","NEON.PLA.D05.TREE.00277","TREE_056","TREE","D05",2016-09-28,"Live","small tree",NA,130,NA,7.6,7.8,NA,NA,"Acer saccharum Marshall",NA,NA,"2016",318,"hard maple/oak/hickory/beech","Acer saccharum Marshall","sugar maple","Aceraceae","tree","saccharum",0.841,"hw4",-2.0127,2.4342,"AceraceaeAbove0.50spg","hardwood","Hardwood",0.56,-1.8011,2.3852,0.21103,0.95964,NA,"Check",13.012795090781,14.6635682250601,NA
"Acer","ACSA3","NEON.PLA.D05.TREE.00165","TREE_055","TREE","D05",2015-07-29,"Live","single bole tree","Full sun",130,NA,14.3,27.7,NA,61,"Acer saccharum Marshall",5,242.9,"2015",318,"hard maple/oak/hickory/beech","Acer saccharum Marshall","sugar maple","Aceraceae","tree","saccharum",0.841,"hw4",-2.0127,2.4342,"AceraceaeAbove0.50spg","hardwood","Hardwood",0.56,-1.8011,2.3852,0.21103,0.95964,NA,"Check",433.690341328293,455.402021214959,NA
"Acer","ACSA3","NEON.PLA.D05.TREE.00089","TREE_049","TREE","D05",2022-09-20,"Live","single bole tree","Partially shaded",130,NA,24.2,33,NA,41,"Acer saccharum Marshall",9,168.6,"2022",318,"hard maple/oak/hickory/beech","Acer saccharum Marshall","sugar maple","Aceraceae","tree","saccharum",0.841,"hw4",-2.0127,2.4342,"AceraceaeAbove0.50spg","hardwood","Hardwood",0.56,-1.8011,2.3852,0.21103,0.95964,NA,"Check",664.143809183316,691.435475345855,NA
"Acer","ACSA3","NEON.PLA.D05.TREE.00130","TREE_055","TREE","D05",2015-07-29,"Live","single bole tree","Partially shaded",130,NA,20.3,28.1,NA,59,"Acer saccharum Marshall",7.8,22.8,"2015",318,"hard maple/oak/hickory/beech","Acer saccharum Marshall","sugar maple","Aceraceae","tree","saccharum",0.841,"hw4",-2.0127,2.4342,"AceraceaeAbove0.50spg","hardwood","Hardwood",0.56,-1.8011,2.3852,0.21103,0.95964,NA,"Check",449.093138986623,471.244747817592,NA
"Acer","ACSA3","NEON.PLA.D05.TREE.00195","TREE_056","TREE","D05",2016-09-28,"Live","single bole tree",NA,130,NA,12,13,NA,39,"Acer saccharum Marshall",8.3,140.9,"2016",318,"hard maple/oak/hickory/beech","Acer saccharum Marshall","sugar maple","Aceraceae","tree","saccharum",0.841,"hw4",-2.0127,2.4342,"AceraceaeAbove0.50spg","hardwood","Hardwood",0.56,-1.8011,2.3852,0.21103,0.95964,NA,"Check",68.7790866715438,74.9496989166102,NA
"Acer","ACSA3","NEON.PLA.D05.TREE.02883A","TREE_017","TREE","D05",2017-10-23,"Live","multi-bole tree",NA,130,NA,NA,19.5,NA,49,"Acer saccharum Marshall",6.7,148.8,"2017",318,"hard maple/oak/hickory/beech","Acer saccharum Marshall","sugar maple","Aceraceae","tree","saccharum",0.841,"hw4",-2.0127,2.4342,"AceraceaeAbove0.50spg","hardwood","Hardwood",0.56,-1.8011,2.3852,0.21103,0.95964,NA,"Check",184.543072605388,197.143636682921,NA
"Acer","ACSA3","NEON.PLA.D05.TREE.02883B","TREE_017","TREE","D05",2019-11-04,"Live","multi-bole tree","Full sun",130,NA,20.6,20.8,NA,49,"Acer saccharum Marshall",6.7,148.8,"2019",318,"hard maple/oak/hickory/beech","Acer saccharum Marshall","sugar maple","Aceraceae","tree","saccharum",0.841,"hw4",-2.0127,2.4342,"AceraceaeAbove0.50spg","hardwood","Hardwood",0.56,-1.8011,2.3852,0.21103,0.95964,NA,"Check",215.936106404519,229.951832687706,NA
"Acer","ACSA3","NEON.PLA.D05.TREE.00086","TREE_050","TREE","D05",2015-07-29,"Live","single bole tree","Partially shaded",130,NA,12.1,14.7,NA,39,"Acer saccharum Marshall",4.4,33.6,"2015",318,"hard maple/oak/hickory/beech","Acer saccharum Marshall","sugar maple","Aceraceae","tree","saccharum",0.841,"hw4",-2.0127,2.4342,"AceraceaeAbove0.50spg","hardwood","Hardwood",0.56,-1.8011,2.3852,0.21103,0.95964,NA,"Check",92.7639754989651,100.479511613661,NA
"Acer","ACSA3","NEON.PLA.D05.TREE.00086","TREE_050","TREE","D05",2021-10-06,"Live, physically damaged","single bole tree","Partially shaded",130,NA,15,17,NA,39,"Acer saccharum Marshall",4.4,33.6,"2021",318,"hard maple/oak/hickory/beech","Acer saccharum Marshall","sugar maple","Aceraceae","tree","saccharum",0.841,"hw4",-2.0127,2.4342,"AceraceaeAbove0.50spg","hardwood","Hardwood",0.56,-1.8011,2.3852,0.21103,0.95964,NA,"Check",132.146072699293,142.121236035814,NA
"Acer","ACSA3","NEON.PLA.D05.TREE.00607","TREE_046","TREE","D05",2017-09-25,"Live","single bole tree",NA,130,NA,20.2,47.2,NA,41,"Acer saccharum Marshall",10.7,138.4,"2017",318,"hard maple/oak/hickory/beech","Acer saccharum Marshall","sugar maple","Aceraceae","tree","saccharum",0.841,"hw4",-2.0127,2.4342,"AceraceaeAbove0.50spg","hardwood","Hardwood",0.56,-1.8011,2.3852,0.21103,0.95964,NA,"Check",1587.10298824666,1623.59858364427,NA
"Acer","ACSA3","NEON.PLA.D05.TREE.01442","TREE_041","TREE","D05",2020-09-28,"Live","single bole tree","Partially shaded",130,NA,22.8,31.3,NA,21,"Acer saccharum Marshall",6.9,82.6,"2020",318,"hard maple/oak/hickory/beech","Acer saccharum Marshall","sugar maple","Aceraceae","tree","saccharum",0.841,"hw4",-2.0127,2.4342,"AceraceaeAbove0.50spg","hardwood","Hardwood",0.56,-1.8011,2.3852,0.21103,0.95964,NA,"Check",583.91485329537,609.487162447371,NA
"Acer","ACSA3","NEON.PLA.D05.TREE.00533","TREE_046","TREE","D05",2016-09-29,"Live, physically damaged","single bole tree",NA,130,NA,11.3,11.8,NA,41,"Acer saccharum Marshall",9,317.6,"2016",318,"hard maple/oak/hickory/beech","Acer saccharum Marshall","sugar maple","Aceraceae","tree","saccharum",0.841,"hw4",-2.0127,2.4342,"AceraceaeAbove0.50spg","hardwood","Hardwood",0.56,-1.8011,2.3852,0.21103,0.95964,NA,"Check",54.3338748964452,59.4901648628602,NA
"Acer","ACSA3","NEON.PLA.D05.TREE.00089","TREE_049","TREE","D05",2017-09-18,"Live","single bole tree",NA,130,NA,22.9,31.7,NA,41,"Acer saccharum Marshall",9,168.6,"2017",318,"hard maple/oak/hickory/beech","Acer saccharum Marshall","sugar maple","Aceraceae","tree","saccharum",0.841,"hw4",-2.0127,2.4342,"AceraceaeAbove0.50spg","hardwood","Hardwood",0.56,-1.8011,2.3852,0.21103,0.95964,NA,"Check",602.246039081618,628.23012928128,NA
"Acer","ACSA3","NEON.PLA.D05.TREE.00684","TREE_049","TREE","D05",2015-07-28,"Live","single bole tree","Mostly shaded",130,NA,12,13.3,NA,21,"Acer saccharum Marshall",16.4,88,"2015",318,"hard maple/oak/hickory/beech","Acer saccharum Marshall","sugar maple","Aceraceae","tree","saccharum",0.841,"hw4",-2.0127,2.4342,"AceraceaeAbove0.50spg","hardwood","Hardwood",0.56,-1.8011,2.3852,0.21103,0.95964,NA,"Check",72.7068217618969,79.141293226848,NA
"Acer","ACSA3","NEON.PLA.D05.TREE.00034","TREE_051","TREE","D05",2015-08-03,"Live","small tree","Partially shaded",130,NA,8.8,9.5,NA,NA,"Acer saccharum Marshall",NA,NA,"2015",318,"hard maple/oak/hickory/beech","Acer saccharum Marshall","sugar maple","Aceraceae","tree","saccharum",0.841,"hw4",-2.0127,2.4342,"AceraceaeAbove0.50spg","hardwood","Hardwood",0.56,-1.8011,2.3852,0.21103,0.95964,NA,"Check",21.0285200671118,23.4683178272082,NA
"Acer","ACSA3","NEON.PLA.D05.TREE.00066","TREE_056","TREE","D05",2015-07-29,"Live","single bole tree","Mostly shaded",130,NA,10.9,11.5,NA,21,"Acer saccharum Marshall",3.2,11.2,"2015",318,"hard maple/oak/hickory/beech","Acer saccharum Marshall","sugar maple","Aceraceae","tree","saccharum",0.841,"hw4",-2.0127,2.4342,"AceraceaeAbove0.50spg","hardwood","Hardwood",0.56,-1.8011,2.3852,0.21103,0.95964,NA,"Check",51.0324218606327,55.9459557447358,NA
"Acer","ACSA3","NEON.PLA.D05.TREE.00335","TREE_054","TREE","D05",2021-09-20,"Live,  other damage","single bole tree","Partially shaded",130,NA,14.4,20.5,NA,21,"Acer saccharum Marshall",6,17.6,"2021",318,"hard maple/oak/hickory/beech","Acer saccharum Marshall","sugar maple","Aceraceae","tree","saccharum",0.841,"hw4",-2.0127,2.4342,"AceraceaeAbove0.50spg","hardwood","Hardwood",0.56,-1.8011,2.3852,0.21103,0.95964,NA,"Check",208.433127390352,222.119924936364,NA
"Acer","ACSA3","NEON.PLA.D05.TREE.00603","TREE_046","TREE","D05",2017-09-25,"Live","small tree",NA,130,NA,8.3,5.5,NA,NA,"Acer saccharum Marshall",NA,NA,"2017",318,"hard maple/oak/hickory/beech","Acer saccharum Marshall","sugar maple","Aceraceae","tree","saccharum",0.841,"hw4",-2.0127,2.4342,"AceraceaeAbove0.50spg","hardwood","Hardwood",0.56,-1.8011,2.3852,0.21103,0.95964,NA,"Check",5.55935961646649,6.37277675271249,NA
"Acer","ACSA3","NEON.PLA.D05.TREE.00617","TREE_046","TREE","D05",2016-09-29,"Live","single bole tree",NA,130,NA,21.6,34.5,NA,39,"Acer saccharum Marshall",14.1,45,"2016",318,"hard maple/oak/hickory/beech","Acer saccharum Marshall","sugar maple","Aceraceae","tree","saccharum",0.841,"hw4",-2.0127,2.4342,"AceraceaeAbove0.50spg","hardwood","Hardwood",0.56,-1.8011,2.3852,0.21103,0.95964,NA,"Check",740.03922131569,768.773340044858,NA
"Acer","ACSA3","NEON.PLA.D05.TREE.00116","TREE_056","TREE","D05",2016-09-28,"Live","single bole tree",NA,130,NA,18.9,33.2,NA,41,"Acer saccharum Marshall",4.7,258.3,"2016",318,"hard maple/oak/hickory/beech","Acer saccharum Marshall","sugar maple","Aceraceae","tree","saccharum",0.841,"hw4",-2.0127,2.4342,"AceraceaeAbove0.50spg","hardwood","Hardwood",0.56,-1.8011,2.3852,0.21103,0.95964,NA,"Check",673.984361398593,701.47268728387,NA
"Acer","ACSA3","NEON.PLA.D05.TREE.00086","TREE_050","TREE","D05",2017-08-30,"Live","single bole tree",NA,130,NA,13.7,15.3,NA,39,"Acer saccharum Marshall",4.4,33.6,"2017",318,"hard maple/oak/hickory/beech","Acer saccharum Marshall","sugar maple","Aceraceae","tree","saccharum",0.841,"hw4",-2.0127,2.4342,"AceraceaeAbove0.50spg","hardwood","Hardwood",0.56,-1.8011,2.3852,0.21103,0.95964,NA,"Check",102.251897773976,110.539681633179,NA
"Acer","ACSA3","NEON.PLA.D05.TREE.00533","TREE_046","TREE","D05",2021-09-21,"Live","single bole tree","Mostly shaded",130,NA,12.6,12.8,NA,41,"Acer saccharum Marshall",9,317.6,"2021",318,"hard maple/oak/hickory/beech","Acer saccharum Marshall","sugar maple","Aceraceae","tree","saccharum",0.841,"hw4",-2.0127,2.4342,"AceraceaeAbove0.50spg","hardwood","Hardwood",0.56,-1.8011,2.3852,0.21103,0.95964,NA,"Check",66.2317155494387,72.2286384505297,NA
"Acer","ACSA3","NEON.PLA.D05.TREE.00539","TREE_042","TREE","D05",2018-10-10,"Live","small tree",NA,130,NA,5.7,8,NA,NA,"Acer saccharum Marshall",NA,NA,"2018",318,"hard maple/oak/hickory/beech","Acer saccharum Marshall","sugar maple","Aceraceae","tree","saccharum",0.841,"hw4",-2.0127,2.4342,"AceraceaeAbove0.50spg","hardwood","Hardwood",0.56,-1.8011,2.3852,0.21103,0.95964,NA,"Check",13.8399829653975,15.5763556521787,NA
"Acer","ACSA3","NEON.PLA.D05.TREE.00539","TREE_042","TREE","D05",2020-10-06,"Live","small tree","Mostly shaded",130,NA,5.7,8.1,NA,NA,"Acer saccharum Marshall",NA,NA,"2020",318,"hard maple/oak/hickory/beech","Acer saccharum Marshall","sugar maple","Aceraceae","tree","saccharum",0.841,"hw4",-2.0127,2.4342,"AceraceaeAbove0.50spg","hardwood","Hardwood",0.56,-1.8011,2.3852,0.21103,0.95964,NA,"Check",14.2648806435313,16.0447917579938,NA
"Acer","ACSA3","NEON.PLA.D05.TREE.00089","TREE_049","TREE","D05",2016-09-28,"Live","single bole tree",NA,130,NA,20.6,31.5,NA,41,"Acer saccharum Marshall",9,168.6,"2016",318,"hard maple/oak/hickory/beech","Acer saccharum Marshall","sugar maple","Aceraceae","tree","saccharum",0.841,"hw4",-2.0127,2.4342,"AceraceaeAbove0.50spg","hardwood","Hardwood",0.56,-1.8011,2.3852,0.21103,0.95964,NA,"Check",593.038715307608,618.817435318409,NA
"Acer","ACSA3","NEON.PLA.D05.TREE.00509","TREE_042","TREE","D05",2016-09-28,"Live","small tree",NA,130,NA,9,7.6,NA,NA,"Acer saccharum Marshall",NA,NA,"2016",318,"hard maple/oak/hickory/beech","Acer saccharum Marshall","sugar maple","Aceraceae","tree","saccharum",0.841,"hw4",-2.0127,2.4342,"AceraceaeAbove0.50spg","hardwood","Hardwood",0.56,-1.8011,2.3852,0.21103,0.95964,NA,"Check",12.2154748973687,13.7826331933335,NA
"Acer","ACSA3","NEON.PLA.D05.TREE.00509","TREE_042","TREE","D05",2020-10-06,"Live","small tree","Full shade",130,NA,8.3,7.5,NA,NA,"Acer saccharum Marshall",NA,NA,"2020",318,"hard maple/oak/hickory/beech","Acer saccharum Marshall","sugar maple","Aceraceae","tree","saccharum",0.841,"hw4",-2.0127,2.4342,"AceraceaeAbove0.50spg","hardwood","Hardwood",0.56,-1.8011,2.3852,0.21103,0.95964,NA,"Check",11.8279106897301,13.3540114190238,NA
"Acer","ACSA3","NEON.PLA.D05.TREE.00172","TREE_049","TREE","D05",2017-09-18,"Live","single bole tree",NA,130,NA,15.5,15.6,NA,39,"Acer saccharum Marshall",3.5,124.8,"2017",318,"hard maple/oak/hickory/beech","Acer saccharum Marshall","sugar maple","Aceraceae","tree","saccharum",0.841,"hw4",-2.0127,2.4342,"AceraceaeAbove0.50spg","hardwood","Hardwood",0.56,-1.8011,2.3852,0.21103,0.95964,NA,"Check",107.201137488513,115.7798548156,NA
"Acer","ACSA3","NEON.PLA.D05.TREE.00335","TREE_054","TREE","D05",2022-09-07,"Live,  other damage","single bole tree","Partially shaded",130,NA,15.4,20.5,NA,21,"Acer saccharum Marshall",6,17.6,"2022",318,"hard maple/oak/hickory/beech","Acer saccharum Marshall","sugar maple","Aceraceae","tree","saccharum",0.841,"hw4",-2.0127,2.4342,"AceraceaeAbove0.50spg","hardwood","Hardwood",0.56,-1.8011,2.3852,0.21103,0.95964,NA,"Check",208.433127390352,222.119924936364,NA
"Acer","ACSA3","NEON.PLA.D05.TREE.00694","TREE_046","TREE","D05",2021-09-21,"Live","single bole tree","Full shade",130,NA,12,13.1,NA,59,"Acer saccharum Marshall",13,224.3,"2021",318,"hard maple/oak/hickory/beech","Acer saccharum Marshall","sugar maple","Aceraceae","tree","saccharum",0.841,"hw4",-2.0127,2.4342,"AceraceaeAbove0.50spg","hardwood","Hardwood",0.56,-1.8011,2.3852,0.21103,0.95964,NA,"Check",70.0740605611761,76.3321865560422,NA
"Acer","ACSA3","NEON.PLA.D05.TREE.00029","TREE_056","TREE","D05",2016-09-28,"Live","single bole tree",NA,130,NA,20.9,36.2,NA,39,"Acer saccharum Marshall",10,178.6,"2016",318,"hard maple/oak/hickory/beech","Acer saccharum Marshall","sugar maple","Aceraceae","tree","saccharum",0.841,"hw4",-2.0127,2.4342,"AceraceaeAbove0.50spg","hardwood","Hardwood",0.56,-1.8011,2.3852,0.21103,0.95964,NA,"Check",831.962782343278,862.231512196265,NA
"Acer","ACSA3","NEON.PLA.D05.TREE.00617","TREE_046","TREE","D05",2022-09-19,"Live","single bole tree","Full sun",130,NA,24.6,56.1,NA,39,"Acer saccharum Marshall",14.1,45,"2022",318,"hard maple/oak/hickory/beech","Acer saccharum Marshall","sugar maple","Aceraceae","tree","saccharum",0.841,"hw4",-2.0127,2.4342,"AceraceaeAbove0.50spg","hardwood","Hardwood",0.56,-1.8011,2.3852,0.21103,0.95964,NA,"Check",2416.6897113284,2451.42395308049,NA
"Acer","ACSA3","NEON.PLA.D05.TREE.00179","TREE_049","TREE","D05",2021-09-23,"Live","single bole tree","Mostly shaded",130,NA,20.8,26.8,NA,23,"Acer saccharum Marshall",8.3,272,"2021",318,"hard maple/oak/hickory/beech","Acer saccharum Marshall","sugar maple","Aceraceae","tree","saccharum",0.841,"hw4",-2.0127,2.4342,"AceraceaeAbove0.50spg","hardwood","Hardwood",0.56,-1.8011,2.3852,0.21103,0.95964,NA,"Check",400.185373935279,420.900381473869,NA
"Acer","ACSA3","NEON.PLA.D05.TREE.00362","TREE_051","TREE","D05",2017-09-26,"Live","single bole tree",NA,130,NA,15.1,25.2,NA,59,"Acer saccharum Marshall",7.9,140,"2017",318,"hard maple/oak/hickory/beech","Acer saccharum Marshall","sugar maple","Aceraceae","tree","saccharum",0.841,"hw4",-2.0127,2.4342,"AceraceaeAbove0.50spg","hardwood","Hardwood",0.56,-1.8011,2.3852,0.21103,0.95964,NA,"Check",344.496403783439,363.42330913658,NA
"Acer","ACSA3","NEON.PLA.D05.TREE.00659","TREE_042","TREE","D05",2019-10-23,"Live","single bole tree",NA,130,NA,21.8,30.1,NA,41,"Acer saccharum Marshall",8.8,70.7,"2019",318,"hard maple/oak/hickory/beech","Acer saccharum Marshall","sugar maple","Aceraceae","tree","saccharum",0.841,"hw4",-2.0127,2.4342,"AceraceaeAbove0.50spg","hardwood","Hardwood",0.56,-1.8011,2.3852,0.21103,0.95964,NA,"Check",530.911411019648,555.225001483755,NA
"Acer","ACSA3","NEON.PLA.D05.TREE.00277","TREE_056","TREE","D05",2018-10-09,"Live","small tree",NA,130,NA,8.5,7.9,NA,NA,"Acer saccharum Marshall",NA,NA,"2018",318,"hard maple/oak/hickory/beech","Acer saccharum Marshall","sugar maple","Aceraceae","tree","saccharum",0.841,"hw4",-2.0127,2.4342,"AceraceaeAbove0.50spg","hardwood","Hardwood",0.56,-1.8011,2.3852,0.21103,0.95964,NA,"Check",13.4226348216678,15.1159607641599,NA
"Acer","ACSA3","NEON.PLA.D05.TREE.00063","TREE_055","TREE","D05",2015-07-29,"Live","single bole tree","Mostly shaded",130,NA,8.3,10.1,NA,41,"Acer saccharum Marshall",9.9,2.8,"2015",318,"hard maple/oak/hickory/beech","Acer saccharum Marshall","sugar maple","Aceraceae","tree","saccharum",0.841,"hw4",-2.0127,2.4342,"AceraceaeAbove0.50spg","hardwood","Hardwood",0.56,-1.8011,2.3852,0.21103,0.95964,NA,"Check",37.2061372953452,41.0487133925557,NA
"Acer","ACSA3","NEON.PLA.D05.TREE.00555","TREE_042","TREE","D05",2016-09-28,"Live, physically damaged","single bole tree",NA,130,NA,22.5,28.4,NA,41,"Acer saccharum Marshall",5.9,92.1,"2016",318,"hard maple/oak/hickory/beech","Acer saccharum Marshall","sugar maple","Aceraceae","tree","saccharum",0.841,"hw4",-2.0127,2.4342,"AceraceaeAbove0.50spg","hardwood","Hardwood",0.56,-1.8011,2.3852,0.21103,0.95964,NA,"Check",460.85361617797,483.333740448169,NA
"Acer","ACSA3","NEON.PLA.D05.TREE.00192","TREE_056","TREE","D05",2018-10-09,"Live","single bole tree",NA,130,NA,9.7,12.8,NA,23,"Acer saccharum Marshall",7.2,302.1,"2018",318,"hard maple/oak/hickory/beech","Acer saccharum Marshall","sugar maple","Aceraceae","tree","saccharum",0.841,"hw4",-2.0127,2.4342,"AceraceaeAbove0.50spg","hardwood","Hardwood",0.56,-1.8011,2.3852,0.21103,0.95964,NA,"Check",66.2317155494387,72.2286384505297,NA
"Acer","ACSA3","NEON.PLA.D05.TREE.00191","TREE_055","TREE","D05",2017-09-14,"Live","small tree",NA,140,NA,9.9,5.9,NA,NA,"Acer saccharum Marshall",NA,NA,"2017",318,"hard maple/oak/hickory/beech","Acer saccharum Marshall","sugar maple","Aceraceae","tree","saccharum",0.841,"hw4",-2.0127,2.4342,"AceraceaeAbove0.50spg","hardwood","Hardwood",0.56,-1.8011,2.3852,0.21103,0.95964,NA,"Check",6.59541117827534,7.53445487192896,NA
"Acer","ACSA3","NEON.PLA.D05.TREE.00033","TREE_055","TREE","D05",2015-07-29,"Live","single bole tree","Partially shaded",130,NA,19.6,26.9,NA,39,"Acer saccharum Marshall",7.6,29.2,"2015",318,"hard maple/oak/hickory/beech","Acer saccharum Marshall","sugar maple","Aceraceae","tree","saccharum",0.841,"hw4",-2.0127,2.4342,"AceraceaeAbove0.50spg","hardwood","Hardwood",0.56,-1.8011,2.3852,0.21103,0.95964,NA,"Check",403.829923085164,424.656080433153,NA
"Acer","ACSA3","NEON.PLA.D05.TREE.00038","TREE_054","TREE","D05",2021-09-20,"Live","single bole tree","Full sun",130,NA,14.9,23,NA,41,"Acer saccharum Marshall",7.5,193.4,"2021",318,"hard maple/oak/hickory/beech","Acer saccharum Marshall","sugar maple","Aceraceae","tree","saccharum",0.841,"hw4",-2.0127,2.4342,"AceraceaeAbove0.50spg","hardwood","Hardwood",0.56,-1.8011,2.3852,0.21103,0.95964,NA,"Check",275.812150651963,292.270809958485,NA
"Acer","ACSA3","NEON.PLA.D05.TREE.00089","TREE_049","TREE","D05",2021-09-23,"Live","single bole tree","Partially shaded",130,NA,21.8,32.6,NA,41,"Acer saccharum Marshall",9,168.6,"2021",318,"hard maple/oak/hickory/beech","Acer saccharum Marshall","sugar maple","Aceraceae","tree","saccharum",0.841,"hw4",-2.0127,2.4342,"AceraceaeAbove0.50spg","hardwood","Hardwood",0.56,-1.8011,2.3852,0.21103,0.95964,NA,"Check",644.717974512454,671.612589275499,NA
"Acer","ACSA3","NEON.PLA.D05.TREE.00335","TREE_054","TREE","D05",2018-10-09,"Live","single bole tree",NA,130,NA,15.4,20.3,NA,21,"Acer saccharum Marshall",6,17.6,"2018",318,"hard maple/oak/hickory/beech","Acer saccharum Marshall","sugar maple","Aceraceae","tree","saccharum",0.841,"hw4",-2.0127,2.4342,"AceraceaeAbove0.50spg","hardwood","Hardwood",0.56,-1.8011,2.3852,0.21103,0.95964,NA,"Check",203.517777709207,216.986022147958,NA
"Acer","ACSA3","NEON.PLA.D05.TREE.00179","TREE_049","TREE","D05",2018-10-10,"Live","single bole tree",NA,130,NA,20,26,NA,23,"Acer saccharum Marshall",8.3,272,"2018",318,"hard maple/oak/hickory/beech","Acer saccharum Marshall","sugar maple","Aceraceae","tree","saccharum",0.841,"hw4",-2.0127,2.4342,"AceraceaeAbove0.50spg","hardwood","Hardwood",0.56,-1.8011,2.3852,0.21103,0.95964,NA,"Check",371.726583279994,391.549467998202,NA
"Acer","ACSA3","NEON.PLA.D05.TREE.00505","TREE_053","TREE","D05",2015-07-27,"Standing dead","single bole tree","Full shade",130,NA,1.9,17.3,NA,23,"Acer saccharum Marshall",2.2,23,"2015",318,"hard maple/oak/hickory/beech","Acer saccharum Marshall","sugar maple","Aceraceae","tree","saccharum",0.841,"hw4",-2.0127,2.4342,"AceraceaeAbove0.50spg","hardwood","Hardwood",0.56,-1.8011,2.3852,0.21103,0.95964,NA,"Check",137.894619407093,148.176650636138,NA
"Acer","ACSA3","NEON.PLA.D05.TREE.01453","TREE_041","TREE","D05",2021-09-20,"Live","single bole tree","Partially shaded",130,NA,19.9,24.5,NA,41,"Acer saccharum Marshall",9.4,233.6,"2021",318,"hard maple/oak/hickory/beech","Acer saccharum Marshall","sugar maple","Aceraceae","tree","saccharum",0.841,"hw4",-2.0127,2.4342,"AceraceaeAbove0.50spg","hardwood","Hardwood",0.56,-1.8011,2.3852,0.21103,0.95964,NA,"Check",321.66482997808,339.806086125333,NA
"Acer","ACSA3","NEON.PLA.D05.TREE.00684","TREE_049","TREE","D05",2018-10-10,"Live","single bole tree",NA,130,NA,14.8,13.6,NA,21,"Acer saccharum Marshall",16.4,88,"2018",318,"hard maple/oak/hickory/beech","Acer saccharum Marshall","sugar maple","Aceraceae","tree","saccharum",0.841,"hw4",-2.0127,2.4342,"AceraceaeAbove0.50spg","hardwood","Hardwood",0.56,-1.8011,2.3852,0.21103,0.95964,NA,"Check",76.7637013300187,83.465925410037,NA
"Acer","ACSA3","NEON.PLA.D05.TREE.01477","TREE_041","TREE","D05",2017-10-16,"Live","single bole tree",NA,130,NA,21.9,38.5,NA,39,"Acer saccharum Marshall",3.7,103.9,"2017",318,"hard maple/oak/hickory/beech","Acer saccharum Marshall","sugar maple","Aceraceae","tree","saccharum",0.841,"hw4",-2.0127,2.4342,"AceraceaeAbove0.50spg","hardwood","Hardwood",0.56,-1.8011,2.3852,0.21103,0.95964,NA,"Check",966.549285323064,998.695609609337,NA
"Acer","ACSA3","NEON.PLA.D05.TREE.00607","TREE_046","TREE","D05",2016-09-29,"Live","single bole tree",NA,130,NA,20.9,47,NA,41,"Acer saccharum Marshall",10.7,138.4,"2016",318,"hard maple/oak/hickory/beech","Acer saccharum Marshall","sugar maple","Aceraceae","tree","saccharum",0.841,"hw4",-2.0127,2.4342,"AceraceaeAbove0.50spg","hardwood","Hardwood",0.56,-1.8011,2.3852,0.21103,0.95964,NA,"Check",1570.78267319573,1607.23736156313,NA
"Acer","ACSA3","NEON.PLA.D05.TREE.00507","TREE_053","TREE","D05",2017-08-30,"Live","single bole tree",NA,130,NA,18.4,27.2,NA,25,"Acer saccharum Marshall",7.6,289.1,"2017",318,"hard maple/oak/hickory/beech","Acer saccharum Marshall","sugar maple","Aceraceae","tree","saccharum",0.841,"hw4",-2.0127,2.4342,"AceraceaeAbove0.50spg","hardwood","Hardwood",0.56,-1.8011,2.3852,0.21103,0.95964,NA,"Check",414.880595196093,436.039626078269,NA
"Acer","ACSA3","NEON.PLA.D05.TREE.00249","TREE_056","TREE","D05",2018-10-09,"Live","single bole tree",NA,130,NA,18,21,NA,59,"Acer saccharum Marshall",4.3,115.7,"2018",318,"hard maple/oak/hickory/beech","Acer saccharum Marshall","sugar maple","Aceraceae","tree","saccharum",0.841,"hw4",-2.0127,2.4342,"AceraceaeAbove0.50spg","hardwood","Hardwood",0.56,-1.8011,2.3852,0.21103,0.95964,NA,"Check",221.025154853372,235.260854683632,NA
"Acer","ACSA3","NEON.PLA.D05.TREE.00655","TREE_042","TREE","D05",2017-09-25,"Live","single bole tree",NA,130,NA,20.2,26.9,NA,25,"Acer saccharum Marshall",6,295.8,"2017",318,"hard maple/oak/hickory/beech","Acer saccharum Marshall","sugar maple","Aceraceae","tree","saccharum",0.841,"hw4",-2.0127,2.4342,"AceraceaeAbove0.50spg","hardwood","Hardwood",0.56,-1.8011,2.3852,0.21103,0.95964,NA,"Check",403.829923085164,424.656080433153,NA
"Acer","ACSA3","NEON.PLA.D05.TREE.00165","TREE_055","TREE","D05",2017-09-14,"Live","single bole tree",NA,130,NA,19.3,28.8,NA,61,"Acer saccharum Marshall",5,242.9,"2017",318,"hard maple/oak/hickory/beech","Acer saccharum Marshall","sugar maple","Aceraceae","tree","saccharum",0.841,"hw4",-2.0127,2.4342,"AceraceaeAbove0.50spg","hardwood","Hardwood",0.56,-1.8011,2.3852,0.21103,0.95964,NA,"Check",476.813661292737,499.729710577046,NA
"Acer","ACSA3","NEON.PLA.D05.TREE.00191","TREE_055","TREE","D05",2018-10-10,"Live","small tree",NA,130,NA,9.6,6.2,NA,NA,"Acer saccharum Marshall",NA,NA,"2018",318,"hard maple/oak/hickory/beech","Acer saccharum Marshall","sugar maple","Aceraceae","tree","saccharum",0.841,"hw4",-2.0127,2.4342,"AceraceaeAbove0.50spg","hardwood","Hardwood",0.56,-1.8011,2.3852,0.21103,0.95964,NA,"Check",7.44172744467372,8.48063311953538,NA
"Acer","ACSA3","NEON.PLA.D05.TREE.00049","TREE_055","TREE","D05",2015-07-29,"Live","single bole tree","Open grown",130,NA,23.4,29.9,NA,57,"Acer saccharum Marshall",10.8,101,"2015",318,"hard maple/oak/hickory/beech","Acer saccharum Marshall","sugar maple","Aceraceae","tree","saccharum",0.841,"hw4",-2.0127,2.4342,"AceraceaeAbove0.50spg","hardwood","Hardwood",0.56,-1.8011,2.3852,0.21103,0.95964,NA,"Check",522.365279847923,546.465975873807,NA
"Acer","ACSA3","NEON.PLA.D05.TREE.00164","TREE_056","TREE","D05",2021-09-22,"Live","single bole tree","Full sun",130,NA,18.2,34.1,NA,23,"Acer saccharum Marshall",9.1,298.4,"2021",318,"hard maple/oak/hickory/beech","Acer saccharum Marshall","sugar maple","Aceraceae","tree","saccharum",0.841,"hw4",-2.0127,2.4342,"AceraceaeAbove0.50spg","hardwood","Hardwood",0.56,-1.8011,2.3852,0.21103,0.95964,NA,"Check",719.326741168052,747.683769853284,NA
"Acer","ACSA3","NEON.PLA.D05.TREE.00033","TREE_055","TREE","D05",2016-09-27,"Live","single bole tree",NA,130,NA,22.3,27.1,NA,39,"Acer saccharum Marshall",7.6,29.2,"2016",318,"hard maple/oak/hickory/beech","Acer saccharum Marshall","sugar maple","Aceraceae","tree","saccharum",0.841,"hw4",-2.0127,2.4342,"AceraceaeAbove0.50spg","hardwood","Hardwood",0.56,-1.8011,2.3852,0.21103,0.95964,NA,"Check",411.177502333111,432.225675033119,NA
"Acer","ACSA3","NEON.PLA.D05.TREE.00675","TREE_046","TREE","D05",2016-09-29,"Live","small tree",NA,130,NA,11.1,9.6,NA,41,"Acer saccharum Marshall",4.1,121.9,"2016",318,"hard maple/oak/hickory/beech","Acer saccharum Marshall","sugar maple","Aceraceae","tree","saccharum",0.841,"hw4",-2.0127,2.4342,"AceraceaeAbove0.50spg","hardwood","Hardwood",0.56,-1.8011,2.3852,0.21103,0.95964,NA,"Check",21.5714105625963,24.0618471059091,NA
"Acer","ACSA3","NEON.PLA.D05.TREE.00192","TREE_056","TREE","D05",2017-09-25,"Live","single bole tree",NA,130,NA,9.5,12.7,NA,23,"Acer saccharum Marshall",7.2,302.1,"2017",318,"hard maple/oak/hickory/beech","Acer saccharum Marshall","sugar maple","Aceraceae","tree","saccharum",0.841,"hw4",-2.0127,2.4342,"AceraceaeAbove0.50spg","hardwood","Hardwood",0.56,-1.8011,2.3852,0.21103,0.95964,NA,"Check",64.9792229900794,70.8899783746337,NA
"Acer","ACSA3","NEON.PLA.D05.TREE.00192","TREE_056","TREE","D05",2021-09-22,"Live","single bole tree","Partially shaded",130,NA,10.2,12.9,NA,23,"Acer saccharum Marshall",7.2,302.1,"2021",318,"hard maple/oak/hickory/beech","Acer saccharum Marshall","sugar maple","Aceraceae","tree","saccharum",0.841,"hw4",-2.0127,2.4342,"AceraceaeAbove0.50spg","hardwood","Hardwood",0.56,-1.8011,2.3852,0.21103,0.95964,NA,"Check",67.4983208539358,73.5818640549946,NA
"Acer","ACSA3","NEON.PLA.D05.TREE.00179","TREE_049","TREE","D05",2016-09-28,"Live","single bole tree",NA,130,NA,19.4,25.6,NA,23,"Acer saccharum Marshall",8.3,272,"2016",318,"hard maple/oak/hickory/beech","Acer saccharum Marshall","sugar maple","Aceraceae","tree","saccharum",0.841,"hw4",-2.0127,2.4342,"AceraceaeAbove0.50spg","hardwood","Hardwood",0.56,-1.8011,2.3852,0.21103,0.95964,NA,"Check",357.958945333764,377.334203717152,NA
"Acer","ACSA3","NEON.PLA.D05.TREE.00694","TREE_046","TREE","D05",2016-09-29,"Live","single bole tree",NA,130,NA,11.5,12.6,NA,59,"Acer saccharum Marshall",13,224.3,"2016",318,"hard maple/oak/hickory/beech","Acer saccharum Marshall","sugar maple","Aceraceae","tree","saccharum",0.841,"hw4",-2.0127,2.4342,"AceraceaeAbove0.50spg","hardwood","Hardwood",0.56,-1.8011,2.3852,0.21103,0.95964,NA,"Check",63.7407951962617,69.5658398881796,NA
"Acer","ACSA3","NEON.PLA.D05.TREE.00130","TREE_055","TREE","D05",2016-09-27,"Live","single bole tree",NA,130,NA,22.3,28.9,NA,59,"Acer saccharum Marshall",7.8,22.8,"2016",318,"hard maple/oak/hickory/beech","Acer saccharum Marshall","sugar maple","Aceraceae","tree","saccharum",0.841,"hw4",-2.0127,2.4342,"AceraceaeAbove0.50spg","hardwood","Hardwood",0.56,-1.8011,2.3852,0.21103,0.95964,NA,"Check",480.853769724272,503.878401792058,NA
"Acer","ACSA3","NEON.PLA.D05.TREE.00507","TREE_053","TREE","D05",2016-09-27,"Live","single bole tree",NA,130,NA,17.8,27.3,NA,25,"Acer saccharum Marshall",7.6,289.1,"2016",318,"hard maple/oak/hickory/beech","Acer saccharum Marshall","sugar maple","Aceraceae","tree","saccharum",0.841,"hw4",-2.0127,2.4342,"AceraceaeAbove0.50spg","hardwood","Hardwood",0.56,-1.8011,2.3852,0.21103,0.95964,NA,"Check",418.603265285804,439.873049785089,NA
"Acer","ACSA3","NEON.PLA.D05.TREE.00362","TREE_051","TREE","D05",2018-10-09,"Live","single bole tree",NA,130,NA,18,25.5,NA,59,"Acer saccharum Marshall",7.9,140,"2018",318,"hard maple/oak/hickory/beech","Acer saccharum Marshall","sugar maple","Aceraceae","tree","saccharum",0.841,"hw4",-2.0127,2.4342,"AceraceaeAbove0.50spg","hardwood","Hardwood",0.56,-1.8011,2.3852,0.21103,0.95964,NA,"Check",354.564788060091,373.828017016396,NA
"Acer","ACSA3","NEON.PLA.D05.TREE.00089","TREE_049","TREE","D05",2015-07-28,"Live","single bole tree","Partially shaded",130,NA,18.7,31.5,NA,41,"Acer saccharum Marshall",9,168.6,"2015",318,"hard maple/oak/hickory/beech","Acer saccharum Marshall","sugar maple","Aceraceae","tree","saccharum",0.841,"hw4",-2.0127,2.4342,"AceraceaeAbove0.50spg","hardwood","Hardwood",0.56,-1.8011,2.3852,0.21103,0.95964,NA,"Check",593.038715307608,618.817435318409,NA
"Acer","ACSA3","NEON.PLA.D05.TREE.00129","TREE_049","TREE","D05",2016-09-28,"Live, physically damaged","single bole tree",NA,150,NA,15.6,14,NA,25,"Acer saccharum Marshall",5.9,332.2,"2016",318,"hard maple/oak/hickory/beech","Acer saccharum Marshall","sugar maple","Aceraceae","tree","saccharum",0.841,"hw4",-2.0127,2.4342,"AceraceaeAbove0.50spg","hardwood","Hardwood",0.56,-1.8011,2.3852,0.21103,0.95964,NA,"Check",82.3759356969086,89.4410315345985,NA
"Acer","ACSA3","NEON.PLA.D05.TREE.00089","TREE_049","TREE","D05",2018-10-10,"Live","single bole tree",NA,130,NA,22.6,32,NA,41,"Acer saccharum Marshall",9,168.6,"2018",318,"hard maple/oak/hickory/beech","Acer saccharum Marshall","sugar maple","Aceraceae","tree","saccharum",0.841,"hw4",-2.0127,2.4342,"AceraceaeAbove0.50spg","hardwood","Hardwood",0.56,-1.8011,2.3852,0.21103,0.95964,NA,"Check",616.214017743563,642.504149656533,NA
"Acer","ACSA3","NEON.PLA.D05.TREE.00166","TREE_049","TREE","D05",2018-10-10,"Live","small tree",NA,130,NA,10.5,8.7,NA,NA,"Acer saccharum Marshall",NA,NA,"2018",318,"hard maple/oak/hickory/beech","Acer saccharum Marshall","sugar maple","Aceraceae","tree","saccharum",0.841,"hw4",-2.0127,2.4342,"AceraceaeAbove0.50spg","hardwood","Hardwood",0.56,-1.8011,2.3852,0.21103,0.95964,NA,"Check",16.9750739131465,19.0264138573022,NA
"Acer","ACSA3","NEON.PLA.D05.TREE.00634","TREE_042","TREE","D05",2016-09-28,"Live","single bole tree",NA,130,NA,23.9,47.7,NA,61,"Acer saccharum Marshall",8.4,182.7,"2016",318,"hard maple/oak/hickory/beech","Acer saccharum Marshall","sugar maple","Aceraceae","tree","saccharum",0.841,"hw4",-2.0127,2.4342,"AceraceaeAbove0.50spg","hardwood","Hardwood",0.56,-1.8011,2.3852,0.21103,0.95964,NA,"Check",1628.3394118243,1664.92335822249,NA
"Acer","ACSA3","NEON.PLA.D05.TREE.00192","TREE_056","TREE","D05",2015-07-29,"Live","single bole tree","Mostly shaded",130,NA,8.9,12.3,NA,23,"Acer saccharum Marshall",7.2,302.1,"2015",318,"hard maple/oak/hickory/beech","Acer saccharum Marshall","sugar maple","Aceraceae","tree","saccharum",0.841,"hw4",-2.0127,2.4342,"AceraceaeAbove0.50spg","hardwood","Hardwood",0.56,-1.8011,2.3852,0.21103,0.95964,NA,"Check",60.1094173824626,65.6801113592681,NA
"Acer","ACSA3","NEON.PLA.D05.TREE.00057","TREE_049","TREE","D05",2018-10-10,"Live","single bole tree",NA,130,NA,22,26.5,NA,25,"Acer saccharum Marshall",4.7,355.8,"2018",318,"hard maple/oak/hickory/beech","Acer saccharum Marshall","sugar maple","Aceraceae","tree","saccharum",0.841,"hw4",-2.0127,2.4342,"AceraceaeAbove0.50spg","hardwood","Hardwood",0.56,-1.8011,2.3852,0.21103,0.95964,NA,"Check",389.36831040333,409.749344199338,NA
"Acer","ACSA3","NEON.PLA.D05.TREE.00179","TREE_049","TREE","D05",2015-07-28,"Live","single bole tree","Full sun",130,NA,19.3,25.4,NA,23,"Acer saccharum Marshall",8.3,272,"2015",318,"hard maple/oak/hickory/beech","Acer saccharum Marshall","sugar maple","Aceraceae","tree","saccharum",0.841,"hw4",-2.0127,2.4342,"AceraceaeAbove0.50spg","hardwood","Hardwood",0.56,-1.8011,2.3852,0.21103,0.95964,NA,"Check",351.189667022499,370.340824849404,NA
"Acer","ACSA3","NEON.PLA.D05.TREE.00581","TREE_046","TREE","D05",2015-07-28,"Live","small tree","Full shade",130,NA,5.3,4.1,NA,NA,"Acer saccharum Marshall",NA,NA,"2015",318,"hard maple/oak/hickory/beech","Acer saccharum Marshall","sugar maple","Aceraceae","tree","saccharum",0.841,"hw4",-2.0127,2.4342,"AceraceaeAbove0.50spg","hardwood","Hardwood",0.56,-1.8011,2.3852,0.21103,0.95964,NA,"Check",2.71939549198339,3.16247916418837,NA
"Acer","ACSA3","NEON.PLA.D05.TREE.00167","TREE_056","TREE","D05",2018-10-09,"Live","single bole tree",NA,130,NA,15,19.1,NA,23,"Acer saccharum Marshall",1.4,300.9,"2018",318,"hard maple/oak/hickory/beech","Acer saccharum Marshall","sugar maple","Aceraceae","tree","saccharum",0.841,"hw4",-2.0127,2.4342,"AceraceaeAbove0.50spg","hardwood","Hardwood",0.56,-1.8011,2.3852,0.21103,0.95964,NA,"Check",175.463552835106,187.634630440587,NA
"Acer","ACSA3","NEON.PLA.D05.TREE.00090","TREE_055","TREE","D05",2017-09-14,"Live","small tree",NA,130,NA,4.5,2.6,NA,NA,"Acer saccharum Marshall",NA,NA,"2017",318,"hard maple/oak/hickory/beech","Acer saccharum Marshall","sugar maple","Aceraceae","tree","saccharum",0.841,"hw4",-2.0127,2.4342,"AceraceaeAbove0.50spg","hardwood","Hardwood",0.56,-1.8011,2.3852,0.21103,0.95964,NA,"Check",0.897350342429246,1.06711210736217,NA
"Acer","ACSA3","NEON.PLA.D05.TREE.00570","TREE_053","TREE","D05",2017-08-30,"Live","single bole tree",NA,130,NA,21.6,29.5,NA,25,"Acer saccharum Marshall",12.5,315.8,"2017",318,"hard maple/oak/hickory/beech","Acer saccharum Marshall","sugar maple","Aceraceae","tree","saccharum",0.841,"hw4",-2.0127,2.4342,"AceraceaeAbove0.50spg","hardwood","Hardwood",0.56,-1.8011,2.3852,0.21103,0.95964,NA,"Check",505.517561666095,529.190063776686,NA
"Acer","ACSA3","NEON.PLA.D05.TREE.00578","TREE_046","TREE","D05",2021-09-21,"Live","single bole tree","Full shade",130,NA,11.8,10.7,NA,41,"Acer saccharum Marshall",5.3,169.6,"2021",318,"hard maple/oak/hickory/beech","Acer saccharum Marshall","sugar maple","Aceraceae","tree","saccharum",0.841,"hw4",-2.0127,2.4342,"AceraceaeAbove0.50spg","hardwood","Hardwood",0.56,-1.8011,2.3852,0.21103,0.95964,NA,"Check",42.8175178958638,47.1062350927348,NA
"Acer","ACSA3","NEON.PLA.D05.TREE.00555","TREE_042","TREE","D05",2015-07-27,"Live","single bole tree","Full sun",130,NA,19.2,28.8,NA,41,"Acer saccharum Marshall",5.9,92.1,"2015",318,"hard maple/oak/hickory/beech","Acer saccharum Marshall","sugar maple","Aceraceae","tree","saccharum",0.841,"hw4",-2.0127,2.4342,"AceraceaeAbove0.50spg","hardwood","Hardwood",0.56,-1.8011,2.3852,0.21103,0.95964,NA,"Check",476.813661292737,499.729710577046,NA
"Acer","ACSA3","NEON.PLA.D05.TREE.00034","TREE_051","TREE","D05",2016-09-28,"Live","small tree",NA,130,NA,9.8,8.9,NA,NA,"Acer saccharum Marshall",NA,NA,"2016",318,"hard maple/oak/hickory/beech","Acer saccharum Marshall","sugar maple","Aceraceae","tree","saccharum",0.841,"hw4",-2.0127,2.4342,"AceraceaeAbove0.50spg","hardwood","Hardwood",0.56,-1.8011,2.3852,0.21103,0.95964,NA,"Check",17.9406867529904,20.0863331540566,NA
"Acer","ACSA3","NEON.PLA.D05.TREE.00164","TREE_056","TREE","D05",2022-09-20,"Live","single bole tree","Full sun",130,NA,19,34,NA,23,"Acer saccharum Marshall",9.1,298.4,"2022",318,"hard maple/oak/hickory/beech","Acer saccharum Marshall","sugar maple","Aceraceae","tree","saccharum",0.841,"hw4",-2.0127,2.4342,"AceraceaeAbove0.50spg","hardwood","Hardwood",0.56,-1.8011,2.3852,0.21103,0.95964,NA,"Check",714.202681012067,742.464548429796,NA
"Acer","ACSA3","NEON.PLA.D05.TREE.01416","TREE_041","TREE","D05",2015-08-10,"Live","single bole tree","Partially shaded",130,NA,20.7,29.3,NA,41,"Acer saccharum Marshall",6.1,240.3,"2015",318,"hard maple/oak/hickory/beech","Acer saccharum Marshall","sugar maple","Aceraceae","tree","saccharum",0.841,"hw4",-2.0127,2.4342,"AceraceaeAbove0.50spg","hardwood","Hardwood",0.56,-1.8011,2.3852,0.21103,0.95964,NA,"Check",497.215498893679,520.672759276331,NA
"Acer","ACSA3","NEON.PLA.D05.TREE.00335","TREE_054","TREE","D05",2017-08-30,"Live,  other damage","single bole tree",NA,130,NA,15,20.1,NA,21,"Acer saccharum Marshall",6,17.6,"2017",318,"hard maple/oak/hickory/beech","Acer saccharum Marshall","sugar maple","Aceraceae","tree","saccharum",0.841,"hw4",-2.0127,2.4342,"AceraceaeAbove0.50spg","hardwood","Hardwood",0.56,-1.8011,2.3852,0.21103,0.95964,NA,"Check",198.671394082478,211.921707643257,NA
"Acer","ACSA3","NEON.PLA.D05.TREE.01002","TREE_047","TREE","D05",2016-10-19,"Dead, broken bole","single bole tree",NA,130,NA,NA,33,NA,39,"Acer saccharum Marshall",4.6,52.7,"2016",318,"hard maple/oak/hickory/beech","Acer saccharum Marshall","sugar maple","Aceraceae","tree","saccharum",0.841,"hw4",-2.0127,2.4342,"AceraceaeAbove0.50spg","hardwood","Hardwood",0.56,-1.8011,2.3852,0.21103,0.95964,NA,"Check",664.143809183316,691.435475345855,NA
"Acer","ACSA3","NEON.PLA.D05.TREE.00634","TREE_042","TREE","D05",2021-10-04,"Live","single bole tree","Partially shaded",130,NA,22.5,48.5,NA,61,"Acer saccharum Marshall",8.4,182.7,"2021",318,"hard maple/oak/hickory/beech","Acer saccharum Marshall","sugar maple","Aceraceae","tree","saccharum",0.841,"hw4",-2.0127,2.4342,"AceraceaeAbove0.50spg","hardwood","Hardwood",0.56,-1.8011,2.3852,0.21103,0.95964,NA,"Check",1695.61807091164,1732.30118934526,NA
"Acer","ACSA3","NEON.PLA.D05.TREE.00581","TREE_046","TREE","D05",2018-10-10,"Live","small tree",NA,130,NA,5.7,4.5,NA,NA,"Acer saccharum Marshall",NA,NA,"2018",318,"hard maple/oak/hickory/beech","Acer saccharum Marshall","sugar maple","Aceraceae","tree","saccharum",0.841,"hw4",-2.0127,2.4342,"AceraceaeAbove0.50spg","hardwood","Hardwood",0.56,-1.8011,2.3852,0.21103,0.95964,NA,"Check",3.41101642197202,3.94873605934139,NA
"Acer","ACSA3","NEON.PLA.D05.TREE.00623","TREE_053","TREE","D05",2016-09-27,"Live","single bole tree",NA,130,NA,20.4,34.2,NA,43,"Acer saccharum Marshall",8,291.5,"2016",318,"hard maple/oak/hickory/beech","Acer saccharum Marshall","sugar maple","Aceraceae","tree","saccharum",0.841,"hw4",-2.0127,2.4342,"AceraceaeAbove0.50spg","hardwood","Hardwood",0.56,-1.8011,2.3852,0.21103,0.95964,NA,"Check",724.472397822734,752.924235771446,NA
"Acer","ACSA3","NEON.PLA.D05.TREE.00543","TREE_042","TREE","D05",2020-10-06,"Live","single bole tree","Partially shaded",130,NA,12.2,19,NA,23,"Acer saccharum Marshall",6.3,51.1,"2020",318,"hard maple/oak/hickory/beech","Acer saccharum Marshall","sugar maple","Aceraceae","tree","saccharum",0.841,"hw4",-2.0127,2.4342,"AceraceaeAbove0.50spg","hardwood","Hardwood",0.56,-1.8011,2.3852,0.21103,0.95964,NA,"Check",173.235746445548,185.299948082001,NA
"Acer","ACSA3","NEON.PLA.D05.TREE.00057","TREE_049","TREE","D05",2015-07-28,"Live","single bole tree","Partially shaded",130,NA,18.6,25.7,NA,25,"Acer saccharum Marshall",4.7,355.8,"2015",318,"hard maple/oak/hickory/beech","Acer saccharum Marshall","sugar maple","Aceraceae","tree","saccharum",0.841,"hw4",-2.0127,2.4342,"AceraceaeAbove0.50spg","hardwood","Hardwood",0.56,-1.8011,2.3852,0.21103,0.95964,NA,"Check",361.372171221535,380.859413610118,NA
"Acer","ACSA3","NEON.PLA.D05.TREE.00631","TREE_046","TREE","D05",2018-10-10,"Live","single bole tree",NA,130,NA,20.4,30.1,NA,57,"Acer saccharum Marshall",6,104,"2018",318,"hard maple/oak/hickory/beech","Acer saccharum Marshall","sugar maple","Aceraceae","tree","saccharum",0.841,"hw4",-2.0127,2.4342,"AceraceaeAbove0.50spg","hardwood","Hardwood",0.56,-1.8011,2.3852,0.21103,0.95964,NA,"Check",530.911411019648,555.225001483755,NA
"Acer","ACSA3","NEON.PLA.D05.TREE.01416","TREE_041","TREE","D05",2021-09-20,"Live","single bole tree","Partially shaded",130,NA,19.4,29.1,NA,41,"Acer saccharum Marshall",6.1,240.3,"2021",318,"hard maple/oak/hickory/beech","Acer saccharum Marshall","sugar maple","Aceraceae","tree","saccharum",0.841,"hw4",-2.0127,2.4342,"AceraceaeAbove0.50spg","hardwood","Hardwood",0.56,-1.8011,2.3852,0.21103,0.95964,NA,"Check",488.994314971795,512.235609014301,NA
"Acer","ACSA3","NEON.PLA.D05.TREE.02883B","TREE_017","TREE","D05",2017-10-23,"Live","multi-bole tree",NA,130,NA,NA,18.5,NA,49,"Acer saccharum Marshall",6.7,148.8,"2017",318,"hard maple/oak/hickory/beech","Acer saccharum Marshall","sugar maple","Aceraceae","tree","saccharum",0.841,"hw4",-2.0127,2.4342,"AceraceaeAbove0.50spg","hardwood","Hardwood",0.56,-1.8011,2.3852,0.21103,0.95964,NA,"Check",162.347242913026,173.88023370302,NA
"Acer","ACSA3","NEON.PLA.D05.TREE.00618","TREE_042","TREE","D05",2018-10-10,"Live","single bole tree",NA,130,NA,13.9,15.4,NA,61,"Acer saccharum Marshall",8,191.9,"2018",318,"hard maple/oak/hickory/beech","Acer saccharum Marshall","sugar maple","Aceraceae","tree","saccharum",0.841,"hw4",-2.0127,2.4342,"AceraceaeAbove0.50spg","hardwood","Hardwood",0.56,-1.8011,2.3852,0.21103,0.95964,NA,"Check",103.886337354745,112.270752098901,NA
"Acer","ACSA3","NEON.PLA.D05.TREE.00389","TREE_054","TREE","D05",2016-10-18,"Live","single bole tree",NA,130,NA,13.7,16.3,NA,43,"Acer saccharum Marshall",9.1,354.6,"2016",318,"hard maple/oak/hickory/beech","Acer saccharum Marshall","sugar maple","Aceraceae","tree","saccharum",0.841,"hw4",-2.0127,2.4342,"AceraceaeAbove0.50spg","hardwood","Hardwood",0.56,-1.8011,2.3852,0.21103,0.95964,NA,"Check",119.28959467043,128.55888072624,NA
"Acer","ACSA3","NEON.PLA.D05.TREE.00129","TREE_049","TREE","D05",2015-07-28,"Live","single bole tree","Mostly shaded",130,NA,11.6,14.5,NA,25,"Acer saccharum Marshall",5.9,332.2,"2015",318,"hard maple/oak/hickory/beech","Acer saccharum Marshall","sugar maple","Aceraceae","tree","saccharum",0.841,"hw4",-2.0127,2.4342,"AceraceaeAbove0.50spg","hardwood","Hardwood",0.56,-1.8011,2.3852,0.21103,0.95964,NA,"Check",89.7216986652856,97.2494530785856,NA
"Acer","ACSA3","NEON.PLA.D05.TREE.00129","TREE_049","TREE","D05",2018-10-10,"Live","single bole tree",NA,130,NA,14.4,14.6,NA,25,"Acer saccharum Marshall",5.9,332.2,"2018",318,"hard maple/oak/hickory/beech","Acer saccharum Marshall","sugar maple","Aceraceae","tree","saccharum",0.841,"hw4",-2.0127,2.4342,"AceraceaeAbove0.50spg","hardwood","Hardwood",0.56,-1.8011,2.3852,0.21103,0.95964,NA,"Check",91.2353658355506,98.856820951819,NA
"Acer","ACSA3","NEON.PLA.D05.TREE.00166","TREE_049","TREE","D05",2017-09-18,"Live","small tree",NA,130,NA,9.8,8.9,NA,NA,"Acer saccharum Marshall",NA,NA,"2017",318,"hard maple/oak/hickory/beech","Acer saccharum Marshall","sugar maple","Aceraceae","tree","saccharum",0.841,"hw4",-2.0127,2.4342,"AceraceaeAbove0.50spg","hardwood","Hardwood",0.56,-1.8011,2.3852,0.21103,0.95964,NA,"Check",17.9406867529904,20.0863331540566,NA
"Acer","ACSA3","NEON.PLA.D05.TREE.00603","TREE_046","TREE","D05",2021-09-21,"Live","small tree","Partially shaded",130,NA,10.7,6.2,NA,NA,"Acer saccharum Marshall",NA,NA,"2021",318,"hard maple/oak/hickory/beech","Acer saccharum Marshall","sugar maple","Aceraceae","tree","saccharum",0.841,"hw4",-2.0127,2.4342,"AceraceaeAbove0.50spg","hardwood","Hardwood",0.56,-1.8011,2.3852,0.21103,0.95964,NA,"Check",7.44172744467372,8.48063311953538,NA
"Acer","ACSA3","NEON.PLA.D05.TREE.00699","TREE_056","TREE","D05",2022-09-20,"Live, physically damaged","single bole tree","Mostly shaded",130,NA,11.8,10.7,NA,39,"Acer saccharum Marshall",8.5,125.9,"2022",318,"hard maple/oak/hickory/beech","Acer saccharum Marshall","sugar maple","Aceraceae","tree","saccharum",0.841,"hw4",-2.0127,2.4342,"AceraceaeAbove0.50spg","hardwood","Hardwood",0.56,-1.8011,2.3852,0.21103,0.95964,NA,"Check",42.8175178958638,47.1062350927348,NA
"Acer","ACSA3","NEON.PLA.D05.TREE.00085","TREE_055","TREE","D05",2017-09-14,"Live","single bole tree",NA,145,NA,10,13.2,NA,39,"Acer saccharum Marshall",9.7,49,"2017",318,"hard maple/oak/hickory/beech","Acer saccharum Marshall","sugar maple","Aceraceae","tree","saccharum",0.841,"hw4",-2.0127,2.4342,"AceraceaeAbove0.50spg","hardwood","Hardwood",0.56,-1.8011,2.3852,0.21103,0.95964,NA,"Check",71.3832898751995,77.7293702886172,NA
"Acer","ACSA3","NEON.PLA.D05.TREE.00675","TREE_046","TREE","D05",2015-07-28,"Live","small tree","Mostly shaded",130,NA,8.8,9.7,NA,41,"Acer saccharum Marshall",4.1,121.9,"2015",318,"hard maple/oak/hickory/beech","Acer saccharum Marshall","sugar maple","Aceraceae","tree","saccharum",0.841,"hw4",-2.0127,2.4342,"AceraceaeAbove0.50spg","hardwood","Hardwood",0.56,-1.8011,2.3852,0.21103,0.95964,NA,"Check",22.1224725450055,24.6640026506971,NA
"Acer","ACSA3","NEON.PLA.D05.TREE.01672","TREE_054","TREE","D05",2021-09-20,"Live","single bole tree","Full shade",130,NA,10.2,10.6,NA,23,"Acer saccharum Marshall",9.4,350,"2021",318,"hard maple/oak/hickory/beech","Acer saccharum Marshall","sugar maple","Aceraceae","tree","saccharum",0.841,"hw4",-2.0127,2.4342,"AceraceaeAbove0.50spg","hardwood","Hardwood",0.56,-1.8011,2.3852,0.21103,0.95964,NA,"Check",41.8499586767446,46.0629511160927,NA
"Acer","ACSA3","NEON.PLA.D05.TREE.02883A","TREE_017","TREE","D05",2019-11-04,"Live","multi-bole tree","Full sun",130,NA,20.6,20.5,NA,49,"Acer saccharum Marshall",6.7,148.8,"2019",318,"hard maple/oak/hickory/beech","Acer saccharum Marshall","sugar maple","Aceraceae","tree","saccharum",0.841,"hw4",-2.0127,2.4342,"AceraceaeAbove0.50spg","hardwood","Hardwood",0.56,-1.8011,2.3852,0.21103,0.95964,NA,"Check",208.433127390352,222.119924936364,NA
"Acer","ACSA3","NEON.PLA.D05.TREE.00139A","TREE_055","TREE","D05",2016-09-27,"Live","multi-bole tree",NA,130,NA,NA,4.3,NA,61,"Acer saccharum Marshall",1.7,268.2,"2016",318,"hard maple/oak/hickory/beech","Acer saccharum Marshall","sugar maple","Aceraceae","tree","saccharum",0.841,"hw4",-2.0127,2.4342,"AceraceaeAbove0.50spg","hardwood","Hardwood",0.56,-1.8011,2.3852,0.21103,0.95964,NA,"Check",3.05367507188973,3.54294636717641,NA
"Acer","ACSA3","NEON.PLA.D05.TREE.00533","TREE_046","TREE","D05",2022-09-19,"Live","single bole tree","Mostly shaded",130,NA,13.5,12.9,NA,41,"Acer saccharum Marshall",9,317.6,"2022",318,"hard maple/oak/hickory/beech","Acer saccharum Marshall","sugar maple","Aceraceae","tree","saccharum",0.841,"hw4",-2.0127,2.4342,"AceraceaeAbove0.50spg","hardwood","Hardwood",0.56,-1.8011,2.3852,0.21103,0.95964,NA,"Check",67.4983208539358,73.5818640549946,NA
"Acer","ACSA3","NEON.PLA.D05.TREE.01075","TREE_047","TREE","D05",2016-10-19,"Live","single bole tree",NA,130,NA,18.8,28.8,NA,57,"Acer saccharum Marshall",6.9,109.1,"2016",318,"hard maple/oak/hickory/beech","Acer saccharum Marshall","sugar maple","Aceraceae","tree","saccharum",0.841,"hw4",-2.0127,2.4342,"AceraceaeAbove0.50spg","hardwood","Hardwood",0.56,-1.8011,2.3852,0.21103,0.95964,NA,"Check",476.813661292737,499.729710577046,NA
"Acer","ACSA3","NEON.PLA.D05.TREE.00362","TREE_051","TREE","D05",2015-08-03,"Live, disease damaged","single bole tree","Full sun",130,NA,18.2,24.4,NA,59,"Acer saccharum Marshall",7.9,140,"2015",318,"hard maple/oak/hickory/beech","Acer saccharum Marshall","sugar maple","Aceraceae","tree","saccharum",0.841,"hw4",-2.0127,2.4342,"AceraceaeAbove0.50spg","hardwood","Hardwood",0.56,-1.8011,2.3852,0.21103,0.95964,NA,"Check",318.478274464284,336.507247640343,NA
"Acer","ACSA3","NEON.PLA.D05.TREE.00579","TREE_046","TREE","D05",2017-09-25,"Live","single bole tree",NA,130,NA,17.4,22.5,NA,39,"Acer saccharum Marshall",4.3,62,"2017",318,"hard maple/oak/hickory/beech","Acer saccharum Marshall","sugar maple","Aceraceae","tree","saccharum",0.841,"hw4",-2.0127,2.4342,"AceraceaeAbove0.50spg","hardwood","Hardwood",0.56,-1.8011,2.3852,0.21103,0.95964,NA,"Check",261.443700450106,277.343473761518,NA
"Acer","ACSA3","NEON.PLA.D05.TREE.00060","TREE_055","TREE","D05",2018-10-10,"Live","single bole tree",NA,130,NA,16.2,23.2,NA,57,"Acer saccharum Marshall",8.8,128.1,"2018",318,"hard maple/oak/hickory/beech","Acer saccharum Marshall","sugar maple","Aceraceae","tree","saccharum",0.841,"hw4",-2.0127,2.4342,"AceraceaeAbove0.50spg","hardwood","Hardwood",0.56,-1.8011,2.3852,0.21103,0.95964,NA,"Check",281.686704598202,298.36931017133,NA
"Acer","ACSA3","NEON.PLA.D05.TREE.00545","TREE_046","TREE","D05",2017-09-25,"Live","single bole tree",NA,130,NA,21.4,43.1,NA,59,"Acer saccharum Marshall",6.5,253.8,"2017",318,"hard maple/oak/hickory/beech","Acer saccharum Marshall","sugar maple","Aceraceae","tree","saccharum",0.841,"hw4",-2.0127,2.4342,"AceraceaeAbove0.50spg","hardwood","Hardwood",0.56,-1.8011,2.3852,0.21103,0.95964,NA,"Check",1272.1551116217,1307.21611604569,NA
"Acer","ACSA3","NEON.PLA.D05.TREE.00066","TREE_056","TREE","D05",2022-09-20,"Live, physically damaged","single bole tree","Partially shaded",130,NA,11.6,12.6,NA,21,"Acer saccharum Marshall",3.2,11.2,"2022",318,"hard maple/oak/hickory/beech","Acer saccharum Marshall","sugar maple","Aceraceae","tree","saccharum",0.841,"hw4",-2.0127,2.4342,"AceraceaeAbove0.50spg","hardwood","Hardwood",0.56,-1.8011,2.3852,0.21103,0.95964,NA,"Check",63.7407951962617,69.5658398881796,NA
"Acer","ACSA3","NEON.PLA.D05.TREE.00129","TREE_049","TREE","D05",2022-09-20,"Live","single bole tree","Mostly shaded",170,NA,17.4,13,NA,25,"Acer saccharum Marshall",5.9,332.2,"2022",318,"hard maple/oak/hickory/beech","Acer saccharum Marshall","sugar maple","Aceraceae","tree","saccharum",0.841,"hw4",-2.0127,2.4342,"AceraceaeAbove0.50spg","hardwood","Hardwood",0.56,-1.8011,2.3852,0.21103,0.95964,NA,"Check",68.7790866715438,74.9496989166102,NA
"Acer","ACSA3","NEON.PLA.D05.TREE.00167","TREE_056","TREE","D05",2021-09-22,"Live","single bole tree","Partially shaded",130,NA,14.5,19.6,NA,23,"Acer saccharum Marshall",1.4,300.9,"2021",318,"hard maple/oak/hickory/beech","Acer saccharum Marshall","sugar maple","Aceraceae","tree","saccharum",0.841,"hw4",-2.0127,2.4342,"AceraceaeAbove0.50spg","hardwood","Hardwood",0.56,-1.8011,2.3852,0.21103,0.95964,NA,"Check",186.855215841316,199.563627713359,NA
"Acer","ACSA3","NEON.PLA.D05.TREE.00532","TREE_046","TREE","D05",2021-09-21,"Live","single bole tree","Partially shaded",130,NA,21.9,29.4,NA,23,"Acer saccharum Marshall",10.3,19.9,"2021",318,"hard maple/oak/hickory/beech","Acer saccharum Marshall","sugar maple","Aceraceae","tree","saccharum",0.841,"hw4",-2.0127,2.4342,"AceraceaeAbove0.50spg","hardwood","Hardwood",0.56,-1.8011,2.3852,0.21103,0.95964,NA,"Check",501.35640544884,524.921379081473,NA
"Acer","ACSA3","NEON.PLA.D05.TREE.00389","TREE_054","TREE","D05",2018-10-09,"Live","single bole tree",NA,130,NA,13.9,16.9,NA,43,"Acer saccharum Marshall",9.1,354.6,"2018",318,"hard maple/oak/hickory/beech","Acer saccharum Marshall","sugar maple","Aceraceae","tree","saccharum",0.841,"hw4",-2.0127,2.4342,"AceraceaeAbove0.50spg","hardwood","Hardwood",0.56,-1.8011,2.3852,0.21103,0.95964,NA,"Check",130.26187124802,140.135309324017,NA
"Acer","ACSA3","NEON.PLA.D05.TREE.00167","TREE_056","TREE","D05",2015-07-29,"Live,  other damage","single bole tree","Mostly shaded",130,NA,14.7,19.1,NA,23,"Acer saccharum Marshall",1.4,300.9,"2015",318,"hard maple/oak/hickory/beech","Acer saccharum Marshall","sugar maple","Aceraceae","tree","saccharum",0.841,"hw4",-2.0127,2.4342,"AceraceaeAbove0.50spg","hardwood","Hardwood",0.56,-1.8011,2.3852,0.21103,0.95964,NA,"Check",175.463552835106,187.634630440587,NA
"Acer","ACSA3","NEON.PLA.D05.TREE.00116","TREE_056","TREE","D05",2021-09-22,"Live","single bole tree","Full sun",130,NA,18,33.2,NA,41,"Acer saccharum Marshall",4.7,258.3,"2021",318,"hard maple/oak/hickory/beech","Acer saccharum Marshall","sugar maple","Aceraceae","tree","saccharum",0.841,"hw4",-2.0127,2.4342,"AceraceaeAbove0.50spg","hardwood","Hardwood",0.56,-1.8011,2.3852,0.21103,0.95964,NA,"Check",673.984361398593,701.47268728387,NA
"Acer","ACSA3","NEON.PLA.D05.TREE.00023","TREE_049","TREE","D05",2022-09-20,"Live","single bole tree","Partially shaded",130,NA,23.4,39,NA,23,"Acer saccharum Marshall",9.5,326.5,"2022",318,"hard maple/oak/hickory/beech","Acer saccharum Marshall","sugar maple","Aceraceae","tree","saccharum",0.841,"hw4",-2.0127,2.4342,"AceraceaeAbove0.50spg","hardwood","Hardwood",0.56,-1.8011,2.3852,0.21103,0.95964,NA,"Check",997.389892296648,1029.91055572235,NA
"Acer","ACSA3","NEON.PLA.D05.TREE.00023","TREE_049","TREE","D05",2018-10-10,"Live","single bole tree",NA,130,NA,22,38.3,NA,23,"Acer saccharum Marshall",9.5,326.5,"2018",318,"hard maple/oak/hickory/beech","Acer saccharum Marshall","sugar maple","Aceraceae","tree","saccharum",0.841,"hw4",-2.0127,2.4342,"AceraceaeAbove0.50spg","hardwood","Hardwood",0.56,-1.8011,2.3852,0.21103,0.95964,NA,"Check",954.37257715467,986.365615222201,NA
"Acer","ACSA3","NEON.PLA.D05.TREE.00139","TREE_055","TREE","D05",2015-07-29,"Live","single bole tree","Partially shaded",130,NA,11.7,10.3,NA,61,"Acer saccharum Marshall",1.7,268.2,"2015",318,"hard maple/oak/hickory/beech","Acer saccharum Marshall","sugar maple","Aceraceae","tree","saccharum",0.841,"hw4",-2.0127,2.4342,"AceraceaeAbove0.50spg","hardwood","Hardwood",0.56,-1.8011,2.3852,0.21103,0.95964,NA,"Check",39.0250859870374,43.0141709731242,NA
"Acer","ACSA3","NEON.PLA.D05.TREE.00557","TREE_046","TREE","D05",2016-09-29,"Live","single bole tree",NA,130,NA,19.7,29,NA,43,"Acer saccharum Marshall",8.3,263.4,"2016",318,"hard maple/oak/hickory/beech","Acer saccharum Marshall","sugar maple","Aceraceae","tree","saccharum",0.841,"hw4",-2.0127,2.4342,"AceraceaeAbove0.50spg","hardwood","Hardwood",0.56,-1.8011,2.3852,0.21103,0.95964,NA,"Check",484.913977561186,508.047025757933,NA
"Acer","ACSA3","NEON.PLA.D05.TREE.00621","TREE_053","TREE","D05",2016-09-27,"Live","small tree",NA,130,NA,5.6,5,NA,NA,"Acer saccharum Marshall",NA,NA,"2016",318,"hard maple/oak/hickory/beech","Acer saccharum Marshall","sugar maple","Aceraceae","tree","saccharum",0.841,"hw4",-2.0127,2.4342,"AceraceaeAbove0.50spg","hardwood","Hardwood",0.56,-1.8011,2.3852,0.21103,0.95964,NA,"Check",4.4082548479713,5.07690307445524,NA
"Acer","ACSA3","NEON.PLA.D05.TREE.00114","TREE_049","TREE","D05",2015-07-28,"Live","single bole tree","Mostly shaded",130,NA,16,21.1,NA,23,"Acer saccharum Marshall",10.9,60.8,"2015",318,"hard maple/oak/hickory/beech","Acer saccharum Marshall","sugar maple","Aceraceae","tree","saccharum",0.841,"hw4",-2.0127,2.4342,"AceraceaeAbove0.50spg","hardwood","Hardwood",0.56,-1.8011,2.3852,0.21103,0.95964,NA,"Check",223.595906784649,237.941788151835,NA
"Acer","ACSA3","NEON.PLA.D05.TREE.00481","TREE_051","TREE","D05",2016-09-28,"Live","single bole tree",NA,130,NA,20,29.4,NA,41,"Acer saccharum Marshall",10.4,64.9,"2016",318,"hard maple/oak/hickory/beech","Acer saccharum Marshall","sugar maple","Aceraceae","tree","saccharum",0.841,"hw4",-2.0127,2.4342,"AceraceaeAbove0.50spg","hardwood","Hardwood",0.56,-1.8011,2.3852,0.21103,0.95964,NA,"Check",501.35640544884,524.921379081473,NA
"Acer","ACSA3","NEON.PLA.D05.TREE.00335","TREE_054","TREE","D05",2016-10-18,"Live","single bole tree",NA,130,NA,15.2,20.1,NA,21,"Acer saccharum Marshall",6,17.6,"2016",318,"hard maple/oak/hickory/beech","Acer saccharum Marshall","sugar maple","Aceraceae","tree","saccharum",0.841,"hw4",-2.0127,2.4342,"AceraceaeAbove0.50spg","hardwood","Hardwood",0.56,-1.8011,2.3852,0.21103,0.95964,NA,"Check",198.671394082478,211.921707643257,NA
"Acer","ACSA3","NEON.PLA.D05.TREE.00631","TREE_046","TREE","D05",2016-09-29,"Live","single bole tree",NA,130,NA,21.6,29.6,NA,57,"Acer saccharum Marshall",6,104,"2016",318,"hard maple/oak/hickory/beech","Acer saccharum Marshall","sugar maple","Aceraceae","tree","saccharum",0.841,"hw4",-2.0127,2.4342,"AceraceaeAbove0.50spg","hardwood","Hardwood",0.56,-1.8011,2.3852,0.21103,0.95964,NA,"Check",509.698997422883,533.478839623663,NA
"Acer","ACSA3","NEON.PLA.D05.TREE.00063","TREE_055","TREE","D05",2017-09-14,"Live","single bole tree",NA,140,NA,11.6,11.2,NA,41,"Acer saccharum Marshall",9.9,2.8,"2017",318,"hard maple/oak/hickory/beech","Acer saccharum Marshall","sugar maple","Aceraceae","tree","saccharum",0.841,"hw4",-2.0127,2.4342,"AceraceaeAbove0.50spg","hardwood","Hardwood",0.56,-1.8011,2.3852,0.21103,0.95964,NA,"Check",47.8522107804734,52.5275368755048,NA
"Acer","ACSA3","NEON.PLA.D05.TREE.00057","TREE_049","TREE","D05",2016-09-28,"Live","single bole tree",NA,130,NA,18.9,25.8,NA,25,"Acer saccharum Marshall",4.7,355.8,"2016",318,"hard maple/oak/hickory/beech","Acer saccharum Marshall","sugar maple","Aceraceae","tree","saccharum",0.841,"hw4",-2.0127,2.4342,"AceraceaeAbove0.50spg","hardwood","Hardwood",0.56,-1.8011,2.3852,0.21103,0.95964,NA,"Check",364.804498029941,384.403675285001,NA
"Acer","ACSA3","NEON.PLA.D05.TREE.00607","TREE_046","TREE","D05",2018-10-10,"Live","single bole tree",NA,130,NA,21.7,47.5,NA,41,"Acer saccharum Marshall",10.7,138.4,"2018",318,"hard maple/oak/hickory/beech","Acer saccharum Marshall","sugar maple","Aceraceae","tree","saccharum",0.841,"hw4",-2.0127,2.4342,"AceraceaeAbove0.50spg","hardwood","Hardwood",0.56,-1.8011,2.3852,0.21103,0.95964,NA,"Check",1611.77004775503,1648.32105557921,NA
"Acer","ACSA3","NEON.PLA.D05.TREE.01477","TREE_041","TREE","D05",2022-09-07,"Live","single bole tree","Partially shaded",130,NA,24.3,40.9,NA,39,"Acer saccharum Marshall",3.7,103.9,"2022",318,"hard maple/oak/hickory/beech","Acer saccharum Marshall","sugar maple","Aceraceae","tree","saccharum",0.841,"hw4",-2.0127,2.4342,"AceraceaeAbove0.50spg","hardwood","Hardwood",0.56,-1.8011,2.3852,0.21103,0.95964,NA,"Check",1119.83070820204,1153.65152075711,NA
"Acer","ACSA3","NEON.PLA.D05.TREE.00533","TREE_046","TREE","D05",2015-07-28,"Live","single bole tree","Partially shaded",130,NA,20.1,11.8,NA,41,"Acer saccharum Marshall",9,317.6,"2015",318,"hard maple/oak/hickory/beech","Acer saccharum Marshall","sugar maple","Aceraceae","tree","saccharum",0.841,"hw4",-2.0127,2.4342,"AceraceaeAbove0.50spg","hardwood","Hardwood",0.56,-1.8011,2.3852,0.21103,0.95964,NA,"Check",54.3338748964452,59.4901648628602,NA
"Acer","ACSA3","NEON.PLA.D05.TREE.00034","TREE_051","TREE","D05",2017-09-26,"Live","small tree",NA,130,NA,10.4,9.8,NA,NA,"Acer saccharum Marshall",NA,NA,"2017",318,"hard maple/oak/hickory/beech","Acer saccharum Marshall","sugar maple","Aceraceae","tree","saccharum",0.841,"hw4",-2.0127,2.4342,"AceraceaeAbove0.50spg","hardwood","Hardwood",0.56,-1.8011,2.3852,0.21103,0.95964,NA,"Check",22.6817428653426,25.2748189646291,NA
"Acer","ACSA3","NEON.PLA.D05.TREE.01442","TREE_041","TREE","D05",2019-10-23,"Live","single bole tree",NA,130,NA,23.5,30.9,NA,21,"Acer saccharum Marshall",6.9,82.6,"2019",318,"hard maple/oak/hickory/beech","Acer saccharum Marshall","sugar maple","Aceraceae","tree","saccharum",0.841,"hw4",-2.0127,2.4342,"AceraceaeAbove0.50spg","hardwood","Hardwood",0.56,-1.8011,2.3852,0.21103,0.95964,NA,"Check",565.916591701159,591.073071289533,NA
"Acer","ACSA3","NEON.PLA.D05.TREE.00674","TREE_053","TREE","D05",2016-09-27,"Live","single bole tree",NA,130,NA,19.5,41.9,NA,59,"Acer saccharum Marshall",15.8,114,"2016",318,"hard maple/oak/hickory/beech","Acer saccharum Marshall","sugar maple","Aceraceae","tree","saccharum",0.841,"hw4",-2.0127,2.4342,"AceraceaeAbove0.50spg","hardwood","Hardwood",0.56,-1.8011,2.3852,0.21103,0.95964,NA,"Check",1187.6510881103,1222.07285128276,NA
"Acer","ACSA3","NEON.PLA.D05.TREE.00674","TREE_053","TREE","D05",2018-10-09,"Live","single bole tree",NA,130,NA,22.9,43.7,NA,59,"Acer saccharum Marshall",15.8,114,"2018",318,"hard maple/oak/hickory/beech","Acer saccharum Marshall","sugar maple","Aceraceae","tree","saccharum",0.841,"hw4",-2.0127,2.4342,"AceraceaeAbove0.50spg","hardwood","Hardwood",0.56,-1.8011,2.3852,0.21103,0.95964,NA,"Check",1315.6955631563,1351.04101046036,NA
"Acer","ACSA3","NEON.PLA.D05.TREE.00355","TREE_054","TREE","D05",2021-09-20,"Live","single bole tree","Partially shaded",130,NA,17,25.9,NA,41,"Acer saccharum Marshall",8.3,51.6,"2021",318,"hard maple/oak/hickory/beech","Acer saccharum Marshall","sugar maple","Aceraceae","tree","saccharum",0.841,"hw4",-2.0127,2.4342,"AceraceaeAbove0.50spg","hardwood","Hardwood",0.56,-1.8011,2.3852,0.21103,0.95964,NA,"Check",368.25595799447,387.967017263192,NA
"Acer","ACSA3","NEON.PLA.D05.TREE.01002","TREE_047","TREE","D05",2017-10-16,"Dead, broken bole","single bole tree",NA,130,NA,5.1,33.1,NA,39,"Acer saccharum Marshall",4.6,52.7,"2017",318,"hard maple/oak/hickory/beech","Acer saccharum Marshall","sugar maple","Aceraceae","tree","saccharum",0.841,"hw4",-2.0127,2.4342,"AceraceaeAbove0.50spg","hardwood","Hardwood",0.56,-1.8011,2.3852,0.21103,0.95964,NA,"Check",669.053425695804,696.443580157621,NA
"Acer","ACSA3","NEON.PLA.D05.TREE.00063","TREE_055","TREE","D05",2016-09-27,"Live","single bole tree",NA,130,NA,11.4,10.9,NA,41,"Acer saccharum Marshall",9.9,2.8,"2016",318,"hard maple/oak/hickory/beech","Acer saccharum Marshall","sugar maple","Aceraceae","tree","saccharum",0.841,"hw4",-2.0127,2.4342,"AceraceaeAbove0.50spg","hardwood","Hardwood",0.56,-1.8011,2.3852,0.21103,0.95964,NA,"Check",44.7918579876139,49.2336338552228,NA
"Acer","ACSA3","NEON.PLA.D05.TREE.00653","TREE_046","TREE","D05",2016-09-29,"Live","single bole tree",NA,140,NA,17.4,29.2,NA,23,"Acer saccharum Marshall",7.6,81.5,"2016",318,"hard maple/oak/hickory/beech","Acer saccharum Marshall","sugar maple","Aceraceae","tree","saccharum",0.841,"hw4",-2.0127,2.4342,"AceraceaeAbove0.50spg","hardwood","Hardwood",0.56,-1.8011,2.3852,0.21103,0.95964,NA,"Check",493.094812065615,516.44417804459,NA
"Acer","ACSA3","NEON.PLA.D05.TREE.00659","TREE_042","TREE","D05",2021-10-04,"Live","single bole tree","Partially shaded",130,NA,22.7,30.5,NA,41,"Acer saccharum Marshall",8.8,70.7,"2021",318,"hard maple/oak/hickory/beech","Acer saccharum Marshall","sugar maple","Aceraceae","tree","saccharum",0.841,"hw4",-2.0127,2.4342,"AceraceaeAbove0.50spg","hardwood","Hardwood",0.56,-1.8011,2.3852,0.21103,0.95964,NA,"Check",548.249400189421,572.98623042529,NA
"Acer","ACSA3","NEON.PLA.D05.TREE.00660","TREE_042","TREE","D05",2017-09-25,"Live","single bole tree",NA,130,NA,14.4,13.3,NA,43,"Acer saccharum Marshall",9.4,288.3,"2017",318,"hard maple/oak/hickory/beech","Acer saccharum Marshall","sugar maple","Aceraceae","tree","saccharum",0.841,"hw4",-2.0127,2.4342,"AceraceaeAbove0.50spg","hardwood","Hardwood",0.56,-1.8011,2.3852,0.21103,0.95964,NA,"Check",72.7068217618969,79.141293226848,NA
"Acer","ACSA3","NEON.PLA.D05.TREE.00066","TREE_056","TREE","D05",2017-09-25,"Live","single bole tree",NA,130,NA,10.8,11.5,NA,21,"Acer saccharum Marshall",3.2,11.2,"2017",318,"hard maple/oak/hickory/beech","Acer saccharum Marshall","sugar maple","Aceraceae","tree","saccharum",0.841,"hw4",-2.0127,2.4342,"AceraceaeAbove0.50spg","hardwood","Hardwood",0.56,-1.8011,2.3852,0.21103,0.95964,NA,"Check",51.0324218606327,55.9459557447358,NA
"Acer","ACSA3","NEON.PLA.D05.TREE.00513","TREE_042","TREE","D05",2018-10-10,"Live","single bole tree",NA,130,NA,11.7,10.2,NA,59,"Acer saccharum Marshall",4.2,138.5,"2018",318,"hard maple/oak/hickory/beech","Acer saccharum Marshall","sugar maple","Aceraceae","tree","saccharum",0.841,"hw4",-2.0127,2.4342,"AceraceaeAbove0.50spg","hardwood","Hardwood",0.56,-1.8011,2.3852,0.21103,0.95964,NA,"Check",38.1092177562497,42.0247693313574,NA
"Acer","ACSA3","NEON.PLA.D05.TREE.00172","TREE_049","TREE","D05",2021-09-23,"Live","single bole tree","Mostly shaded",130,NA,15.9,16.8,NA,39,"Acer saccharum Marshall",3.5,124.8,"2021",318,"hard maple/oak/hickory/beech","Acer saccharum Marshall","sugar maple","Aceraceae","tree","saccharum",0.841,"hw4",-2.0127,2.4342,"AceraceaeAbove0.50spg","hardwood","Hardwood",0.56,-1.8011,2.3852,0.21103,0.95964,NA,"Check",128.393592234816,138.165593662423,NA
"Acer","ACSA3","NEON.PLA.D05.TREE.00059","TREE_054","TREE","D05",2021-09-20,"Live","single bole tree","Mostly shaded",130,NA,11.6,13.7,NA,43,"Acer saccharum Marshall",8.9,345.3,"2021",318,"hard maple/oak/hickory/beech","Acer saccharum Marshall","sugar maple","Aceraceae","tree","saccharum",0.841,"hw4",-2.0127,2.4342,"AceraceaeAbove0.50spg","hardwood","Hardwood",0.56,-1.8011,2.3852,0.21103,0.95964,NA,"Check",78.1449109921578,84.9372323253676,NA
"Acer","ACSA3","NEON.PLA.D05.TREE.00362","TREE_051","TREE","D05",2016-09-28,"Live,  other damage","single bole tree",NA,130,NA,18.4,25.5,NA,59,"Acer saccharum Marshall",7.9,140,"2016",318,"hard maple/oak/hickory/beech","Acer saccharum Marshall","sugar maple","Aceraceae","tree","saccharum",0.841,"hw4",-2.0127,2.4342,"AceraceaeAbove0.50spg","hardwood","Hardwood",0.56,-1.8011,2.3852,0.21103,0.95964,NA,"Check",354.564788060091,373.828017016396,NA
"Acer","ACSA3","NEON.PLA.D05.TREE.00578","TREE_046","TREE","D05",2015-07-28,"Live","sapling","Mostly shaded",130,NA,11.8,10.2,NA,41,"Acer saccharum Marshall",5.3,169.6,"2015",318,"hard maple/oak/hickory/beech","Acer saccharum Marshall","sugar maple","Aceraceae","tree","saccharum",0.841,"hw4",-2.0127,2.4342,"AceraceaeAbove0.50spg","hardwood","Hardwood",0.56,-1.8011,2.3852,0.21103,0.95964,NA,"Check",38.1092177562497,42.0247693313574,NA
"Acer","ACSA3","NEON.PLA.D05.TREE.00180","TREE_049","TREE","D05",2022-09-20,"Live","multi-bole tree","Mostly shaded",130,NA,19.3,20.5,NA,41,"Acer saccharum Marshall",7.4,220,"2022",318,"hard maple/oak/hickory/beech","Acer saccharum Marshall","sugar maple","Aceraceae","tree","saccharum",0.841,"hw4",-2.0127,2.4342,"AceraceaeAbove0.50spg","hardwood","Hardwood",0.56,-1.8011,2.3852,0.21103,0.95964,NA,"Check",208.433127390352,222.119924936364,NA
"Acer","ACSA3","NEON.PLA.D05.TREE.00618","TREE_042","TREE","D05",2017-09-25,"Live","single bole tree",NA,130,NA,13.7,15.4,NA,61,"Acer saccharum Marshall",8,191.9,"2017",318,"hard maple/oak/hickory/beech","Acer saccharum Marshall","sugar maple","Aceraceae","tree","saccharum",0.841,"hw4",-2.0127,2.4342,"AceraceaeAbove0.50spg","hardwood","Hardwood",0.56,-1.8011,2.3852,0.21103,0.95964,NA,"Check",103.886337354745,112.270752098901,NA
"Acer","ACSA3","NEON.PLA.D05.TREE.00166","TREE_049","TREE","D05",2017-09-18,"Live,  other damage","small tree",NA,130,NA,9.8,7.2,NA,NA,"Acer saccharum Marshall",NA,NA,"2017",318,"hard maple/oak/hickory/beech","Acer saccharum Marshall","sugar maple","Aceraceae","tree","saccharum",0.841,"hw4",-2.0127,2.4342,"AceraceaeAbove0.50spg","hardwood","Hardwood",0.56,-1.8011,2.3852,0.21103,0.95964,NA,"Check",10.7090925554156,12.1150465815194,NA
"Acer","ACSA3","NEON.PLA.D05.TREE.00694","TREE_046","TREE","D05",2017-09-25,"Live","single bole tree",NA,130,NA,16.8,12.7,NA,59,"Acer saccharum Marshall",13,224.3,"2017",318,"hard maple/oak/hickory/beech","Acer saccharum Marshall","sugar maple","Aceraceae","tree","saccharum",0.841,"hw4",-2.0127,2.4342,"AceraceaeAbove0.50spg","hardwood","Hardwood",0.56,-1.8011,2.3852,0.21103,0.95964,NA,"Check",64.9792229900794,70.8899783746337,NA
"Acer","ACSA3","NEON.PLA.D05.TREE.00166","TREE_049","TREE","D05",2021-09-23,"Standing dead","small tree",NA,130,NA,NA,6.7,NA,NA,"Acer saccharum Marshall",NA,NA,"2021",318,"hard maple/oak/hickory/beech","Acer saccharum Marshall","sugar maple","Aceraceae","tree","saccharum",0.841,"hw4",-2.0127,2.4342,"AceraceaeAbove0.50spg","hardwood","Hardwood",0.56,-1.8011,2.3852,0.21103,0.95964,NA,"Check",8.98804408660884,10.2039715066111,NA
"Acer","ACSA3","NEON.PLA.D05.TREE.00191","TREE_055","TREE","D05",2016-09-27,"Live","small tree",NA,130,NA,9.3,6,NA,NA,"Acer saccharum Marshall",NA,NA,"2016",318,"hard maple/oak/hickory/beech","Acer saccharum Marshall","sugar maple","Aceraceae","tree","saccharum",0.841,"hw4",-2.0127,2.4342,"AceraceaeAbove0.50spg","hardwood","Hardwood",0.56,-1.8011,2.3852,0.21103,0.95964,NA,"Check",6.87083758902683,7.8426345851942,NA
"Acer","ACSA3","NEON.PLA.D05.TREE.00191","TREE_055","TREE","D05",2015-07-29,"Live","small tree","Mostly shaded",130,NA,8.6,5.9,NA,NA,"Acer saccharum Marshall",NA,NA,"2015",318,"hard maple/oak/hickory/beech","Acer saccharum Marshall","sugar maple","Aceraceae","tree","saccharum",0.841,"hw4",-2.0127,2.4342,"AceraceaeAbove0.50spg","hardwood","Hardwood",0.56,-1.8011,2.3852,0.21103,0.95964,NA,"Check",6.59541117827534,7.53445487192896,NA
"Acer","ACSA3","NEON.PLA.D05.TREE.00249","TREE_056","TREE","D05",2015-07-29,"Live","single bole tree","Partially shaded",120,NA,15,19.4,NA,59,"Acer saccharum Marshall",4.3,115.7,"2015",318,"hard maple/oak/hickory/beech","Acer saccharum Marshall","sugar maple","Aceraceae","tree","saccharum",0.841,"hw4",-2.0127,2.4342,"AceraceaeAbove0.50spg","hardwood","Hardwood",0.56,-1.8011,2.3852,0.21103,0.95964,NA,"Check",182.2478725238,194.740775385697,NA
"Acer","ACSA3","NEON.PLA.D05.TREE.00277","TREE_056","TREE","D05",2021-09-22,"Live","small tree","Mostly shaded",130,NA,9.1,8.2,NA,NA,"Acer saccharum Marshall",NA,NA,"2021",318,"hard maple/oak/hickory/beech","Acer saccharum Marshall","sugar maple","Aceraceae","tree","saccharum",0.841,"hw4",-2.0127,2.4342,"AceraceaeAbove0.50spg","hardwood","Hardwood",0.56,-1.8011,2.3852,0.21103,0.95964,NA,"Check",14.6973686878025,16.5213076528975,NA
"Acer","ACSA3","NEON.PLA.D05.TREE.00192","TREE_056","TREE","D05",2016-09-28,"Live","single bole tree",NA,130,NA,9.3,12.5,NA,23,"Acer saccharum Marshall",7.2,302.1,"2016",318,"hard maple/oak/hickory/beech","Acer saccharum Marshall","sugar maple","Aceraceae","tree","saccharum",0.841,"hw4",-2.0127,2.4342,"AceraceaeAbove0.50spg","hardwood","Hardwood",0.56,-1.8011,2.3852,0.21103,0.95964,NA,"Check",62.5163839741516,68.2561788388113,NA
"Acer","ACSA3","NEON.PLA.D05.TREE.00090","TREE_055","TREE","D05",2015-07-29,"Live","small tree","Full shade",130,NA,5.2,2.3,NA,NA,"Acer saccharum Marshall",NA,NA,"2015",318,"hard maple/oak/hickory/beech","Acer saccharum Marshall","sugar maple","Aceraceae","tree","saccharum",0.841,"hw4",-2.0127,2.4342,"AceraceaeAbove0.50spg","hardwood","Hardwood",0.56,-1.8011,2.3852,0.21103,0.95964,NA,"Check",0.665812290446989,0.796542315661327,NA
"Acer","ACSA3","NEON.PLA.D05.TREE.00059","TREE_054","TREE","D05",2022-09-07,"Live","single bole tree","Full shade",130,NA,12.5,13.8,NA,43,"Acer saccharum Marshall",8.9,345.3,"2022",318,"hard maple/oak/hickory/beech","Acer saccharum Marshall","sugar maple","Aceraceae","tree","saccharum",0.841,"hw4",-2.0127,2.4342,"AceraceaeAbove0.50spg","hardwood","Hardwood",0.56,-1.8011,2.3852,0.21103,0.95964,NA,"Check",79.540655990085,86.4234910516761,NA
"Acer","ACSA3","NEON.PLA.D05.TREE.00277","TREE_056","TREE","D05",2017-08-28,"Live","single bole tree",NA,130,NA,8.4,7.9,NA,NA,"Acer saccharum Marshall",NA,NA,"2017",318,"hard maple/oak/hickory/beech","Acer saccharum Marshall","sugar maple","Aceraceae","tree","saccharum",0.841,"hw4",-2.0127,2.4342,"AceraceaeAbove0.50spg","hardwood","Hardwood",0.56,-1.8011,2.3852,0.21103,0.95964,NA,"Check",13.4226348216678,15.1159607641599,NA
"Acer","ACSA3","NEON.PLA.D05.TREE.00557","TREE_046","TREE","D05",2021-09-21,"Live","single bole tree","Mostly shaded",130,NA,20.9,29.5,NA,43,"Acer saccharum Marshall",8.3,263.4,"2021",318,"hard maple/oak/hickory/beech","Acer saccharum Marshall","sugar maple","Aceraceae","tree","saccharum",0.841,"hw4",-2.0127,2.4342,"AceraceaeAbove0.50spg","hardwood","Hardwood",0.56,-1.8011,2.3852,0.21103,0.95964,NA,"Check",505.517561666095,529.190063776686,NA
"Acer","ACSA3","NEON.PLA.D05.TREE.05093","TREE_042","TREE","D05",2020-10-06,"Standing dead","small tree","Full shade",130,NA,2.2,3.7,NA,NA,"Acer saccharum Marshall",NA,NA,"2020",318,"hard maple/oak/hickory/beech","Acer saccharum Marshall","sugar maple","Aceraceae","tree","saccharum",0.841,"hw4",-2.0127,2.4342,"AceraceaeAbove0.50spg","hardwood","Hardwood",0.56,-1.8011,2.3852,0.21103,0.95964,NA,"Check",2.11811992671781,2.47565641086699,NA
"Acer","ACSA3","NEON.PLA.D05.TREE.05093","TREE_042","TREE","D05",2019-10-23,"Standing dead","small tree",NA,130,NA,2.3,3.5,NA,NA,"Acer saccharum Marshall",NA,NA,"2019",318,"hard maple/oak/hickory/beech","Acer saccharum Marshall","sugar maple","Aceraceae","tree","saccharum",0.841,"hw4",-2.0127,2.4342,"AceraceaeAbove0.50spg","hardwood","Hardwood",0.56,-1.8011,2.3852,0.21103,0.95964,NA,"Check",1.85013893546048,2.16833668362358,NA
"Acer","ACSA3","NEON.PLA.D05.TREE.00480","TREE_051","TREE","D05",2018-10-09,"Dead, broken bole","single bole tree",NA,130,NA,10.6,23.3,NA,43,"Acer saccharum Marshall",7.9,326.2,"2018",318,"hard maple/oak/hickory/beech","Acer saccharum Marshall","sugar maple","Aceraceae","tree","saccharum",0.841,"hw4",-2.0127,2.4342,"AceraceaeAbove0.50spg","hardwood","Hardwood",0.56,-1.8011,2.3852,0.21103,0.95964,NA,"Check",284.651370566415,301.446018082843,NA
"Acer","ACSA3","NEON.PLA.D05.TREE.00550","TREE_053","TREE","D05",2016-09-27,"Live","single bole tree",NA,130,NA,12,10.9,NA,23,"Acer saccharum Marshall",6.7,2.1,"2016",318,"hard maple/oak/hickory/beech","Acer saccharum Marshall","sugar maple","Aceraceae","tree","saccharum",0.841,"hw4",-2.0127,2.4342,"AceraceaeAbove0.50spg","hardwood","Hardwood",0.56,-1.8011,2.3852,0.21103,0.95964,NA,"Check",44.7918579876139,49.2336338552228,NA
"Acer","ACSA3","NEON.PLA.D05.TREE.00565","TREE_042","TREE","D05",2020-10-06,"Live","single bole tree","Mostly shaded",140,NA,9.4,13.2,NA,61,"Acer saccharum Marshall",8.9,254.9,"2020",318,"hard maple/oak/hickory/beech","Acer saccharum Marshall","sugar maple","Aceraceae","tree","saccharum",0.841,"hw4",-2.0127,2.4342,"AceraceaeAbove0.50spg","hardwood","Hardwood",0.56,-1.8011,2.3852,0.21103,0.95964,NA,"Check",71.3832898751995,77.7293702886172,NA
"Acer","ACSA3","NEON.PLA.D05.TREE.00260","TREE_056","TREE","D05",2016-09-28,"Live","single bole tree",NA,130,NA,13.9,14.5,NA,59,"Acer saccharum Marshall",12.4,134.3,"2016",318,"hard maple/oak/hickory/beech","Acer saccharum Marshall","sugar maple","Aceraceae","tree","saccharum",0.841,"hw4",-2.0127,2.4342,"AceraceaeAbove0.50spg","hardwood","Hardwood",0.56,-1.8011,2.3852,0.21103,0.95964,NA,"Check",89.7216986652856,97.2494530785856,NA
"Acer","ACSA3","NEON.PLA.D05.TREE.01416","TREE_041","TREE","D05",2022-09-06,"Live","single bole tree","Partially shaded",130,NA,20.6,29.1,NA,41,"Acer saccharum Marshall",6.1,240.3,"2022",318,"hard maple/oak/hickory/beech","Acer saccharum Marshall","sugar maple","Aceraceae","tree","saccharum",0.841,"hw4",-2.0127,2.4342,"AceraceaeAbove0.50spg","hardwood","Hardwood",0.56,-1.8011,2.3852,0.21103,0.95964,NA,"Check",488.994314971795,512.235609014301,NA
"Acer","ACSA3","NEON.PLA.D05.TREE.00516","TREE_042","TREE","D05",2016-09-28,"Live, physically damaged","single bole tree",NA,130,NA,21.7,46.7,NA,25,"Acer saccharum Marshall",9.4,320.3,"2016",318,"hard maple/oak/hickory/beech","Acer saccharum Marshall","sugar maple","Aceraceae","tree","saccharum",0.841,"hw4",-2.0127,2.4342,"AceraceaeAbove0.50spg","hardwood","Hardwood",0.56,-1.8011,2.3852,0.21103,0.95964,NA,"Check",1546.48832942261,1582.87577372799,NA
"Acer","ACSA3","NEON.PLA.D05.TREE.00682","TREE_046","TREE","D05",2022-09-19,"Live, disease damaged","small tree","Full shade",150,NA,7.1,5.3,NA,NA,"Acer saccharum Marshall",NA,NA,"2022",318,"hard maple/oak/hickory/beech","Acer saccharum Marshall","sugar maple","Aceraceae","tree","saccharum",0.841,"hw4",-2.0127,2.4342,"AceraceaeAbove0.50spg","hardwood","Hardwood",0.56,-1.8011,2.3852,0.21103,0.95964,NA,"Check",5.08002946215458,5.83389249722419,NA
"Acer","ACSA3","NEON.PLA.D05.TREE.00682","TREE_046","TREE","D05",2021-09-21,"Live,  other damage","small tree","Full shade",150,NA,6.9,5,NA,NA,"Acer saccharum Marshall",NA,NA,"2021",318,"hard maple/oak/hickory/beech","Acer saccharum Marshall","sugar maple","Aceraceae","tree","saccharum",0.841,"hw4",-2.0127,2.4342,"AceraceaeAbove0.50spg","hardwood","Hardwood",0.56,-1.8011,2.3852,0.21103,0.95964,NA,"Check",4.4082548479713,5.07690307445524,NA
"Acer","ACSA3","NEON.PLA.D05.TREE.00034","TREE_051","TREE","D05",2018-10-09,"Live","small tree",NA,130,NA,9.9,9.9,NA,NA,"Acer saccharum Marshall",NA,NA,"2018",318,"hard maple/oak/hickory/beech","Acer saccharum Marshall","sugar maple","Aceraceae","tree","saccharum",0.841,"hw4",-2.0127,2.4342,"AceraceaeAbove0.50spg","hardwood","Hardwood",0.56,-1.8011,2.3852,0.21103,0.95964,NA,"Check",23.2492581602743,25.8943303327572,NA
"Acer","ACSA3","NEON.PLA.D05.TREE.00355","TREE_054","TREE","D05",2016-10-18,"Live","single bole tree",NA,130,NA,14.1,25.4,NA,41,"Acer saccharum Marshall",8.3,51.6,"2016",318,"hard maple/oak/hickory/beech","Acer saccharum Marshall","sugar maple","Aceraceae","tree","saccharum",0.841,"hw4",-2.0127,2.4342,"AceraceaeAbove0.50spg","hardwood","Hardwood",0.56,-1.8011,2.3852,0.21103,0.95964,NA,"Check",351.189667022499,370.340824849404,NA
"Acer","ACSA3","NEON.PLA.D05.TREE.00204","TREE_054","TREE","D05",2016-10-18,"Live","single bole tree",NA,130,NA,17.9,27.5,NA,43,"Acer saccharum Marshall",10.5,325.5,"2016",318,"hard maple/oak/hickory/beech","Acer saccharum Marshall","sugar maple","Aceraceae","tree","saccharum",0.841,"hw4",-2.0127,2.4342,"AceraceaeAbove0.50spg","hardwood","Hardwood",0.56,-1.8011,2.3852,0.21103,0.95964,NA,"Check",426.10746195751,447.598425304405,NA
"Acer","ACSA3","NEON.PLA.D05.TREE.00659","TREE_042","TREE","D05",2015-07-27,"Live","single bole tree","Partially shaded",130,NA,21.7,30,NA,41,"Acer saccharum Marshall",8.8,70.7,"2015",318,"hard maple/oak/hickory/beech","Acer saccharum Marshall","sugar maple","Aceraceae","tree","saccharum",0.841,"hw4",-2.0127,2.4342,"AceraceaeAbove0.50spg","hardwood","Hardwood",0.56,-1.8011,2.3852,0.21103,0.95964,NA,"Check",526.628131396782,550.83537785576,NA
"Acer","ACSA3","NEON.PLA.D05.TREE.00178","TREE_049","TREE","D05",2018-10-10,"Live","single bole tree",NA,130,NA,21.9,41.3,NA,21,"Acer saccharum Marshall",6.8,73.6,"2018",318,"hard maple/oak/hickory/beech","Acer saccharum Marshall","sugar maple","Aceraceae","tree","saccharum",0.841,"hw4",-2.0127,2.4342,"AceraceaeAbove0.50spg","hardwood","Hardwood",0.56,-1.8011,2.3852,0.21103,0.95964,NA,"Check",1146.67702767276,1180.74542595461,NA
"Acer","ACSA3","NEON.PLA.D05.TREE.00178","TREE_049","TREE","D05",2022-09-20,"Live","single bole tree","Partially shaded",140,NA,23.6,42.2,NA,21,"Acer saccharum Marshall",6.8,73.6,"2022",318,"hard maple/oak/hickory/beech","Acer saccharum Marshall","sugar maple","Aceraceae","tree","saccharum",0.841,"hw4",-2.0127,2.4342,"AceraceaeAbove0.50spg","hardwood","Hardwood",0.56,-1.8011,2.3852,0.21103,0.95964,NA,"Check",1208.45661794514,1243.04676218979,NA
"Acer","ACSA3","NEON.PLA.D05.TREE.00164","TREE_056","TREE","D05",2018-10-09,"Live","single bole tree",NA,130,NA,17.8,33.8,NA,23,"Acer saccharum Marshall",9.1,298.4,"2018",318,"hard maple/oak/hickory/beech","Acer saccharum Marshall","sugar maple","Aceraceae","tree","saccharum",0.841,"hw4",-2.0127,2.4342,"AceraceaeAbove0.50spg","hardwood","Hardwood",0.56,-1.8011,2.3852,0.21103,0.95964,NA,"Check",704.01924006238,732.089742943881,NA
"Acer","ACSA3","NEON.PLA.D05.TREE.00195","TREE_056","TREE","D05",2015-07-29,"Live","single bole tree","Mostly shaded",130,NA,11.7,12.5,NA,39,"Acer saccharum Marshall",8.3,140.9,"2015",318,"hard maple/oak/hickory/beech","Acer saccharum Marshall","sugar maple","Aceraceae","tree","saccharum",0.841,"hw4",-2.0127,2.4342,"AceraceaeAbove0.50spg","hardwood","Hardwood",0.56,-1.8011,2.3852,0.21103,0.95964,NA,"Check",62.5163839741516,68.2561788388113,NA
"Acer","ACSA3","NEON.PLA.D05.TREE.00178","TREE_049","TREE","D05",2016-09-28,"Live","single bole tree",NA,130,NA,18.9,40.8,NA,21,"Acer saccharum Marshall",6.8,73.6,"2016",318,"hard maple/oak/hickory/beech","Acer saccharum Marshall","sugar maple","Aceraceae","tree","saccharum",0.841,"hw4",-2.0127,2.4342,"AceraceaeAbove0.50spg","hardwood","Hardwood",0.56,-1.8011,2.3852,0.21103,0.95964,NA,"Check",1113.17761701998,1146.93506265548,NA
"Acer","ACSA3","NEON.PLA.D05.TREE.00022","TREE_049","TREE","D05",2018-10-10,"Live","single bole tree",NA,130,NA,19.6,33.9,NA,41,"Acer saccharum Marshall",5.4,263,"2018",318,"hard maple/oak/hickory/beech","Acer saccharum Marshall","sugar maple","Aceraceae","tree","saccharum",0.841,"hw4",-2.0127,2.4342,"AceraceaeAbove0.50spg","hardwood","Hardwood",0.56,-1.8011,2.3852,0.21103,0.95964,NA,"Check",709.100189832786,737.266547481108,NA
"Acer","ACSA3","NEON.PLA.D05.TREE.00694","TREE_046","TREE","D05",2015-07-28,"Live","single bole tree","Mostly shaded",130,NA,10,12.6,NA,59,"Acer saccharum Marshall",13,224.3,"2015",318,"hard maple/oak/hickory/beech","Acer saccharum Marshall","sugar maple","Aceraceae","tree","saccharum",0.841,"hw4",-2.0127,2.4342,"AceraceaeAbove0.50spg","hardwood","Hardwood",0.56,-1.8011,2.3852,0.21103,0.95964,NA,"Check",63.7407951962617,69.5658398881796,NA
"Acer","ACSA3","NEON.PLA.D05.TREE.00022","TREE_049","TREE","D05",2017-09-18,"Live","single bole tree",NA,130,NA,22.4,33.5,NA,41,"Acer saccharum Marshall",5.4,263,"2017",318,"hard maple/oak/hickory/beech","Acer saccharum Marshall","sugar maple","Aceraceae","tree","saccharum",0.841,"hw4",-2.0127,2.4342,"AceraceaeAbove0.50spg","hardwood","Hardwood",0.56,-1.8011,2.3852,0.21103,0.95964,NA,"Check",688.905362834101,716.686266511086,NA
"Acer","ACSA3","NEON.PLA.D05.TREE.01465","TREE_041","TREE","D05",2021-09-20,"Live","single bole tree","Partially shaded",130,NA,21.3,32.2,NA,23,"Acer saccharum Marshall",10.9,308.3,"2021",318,"hard maple/oak/hickory/beech","Acer saccharum Marshall","sugar maple","Aceraceae","tree","saccharum",0.841,"hw4",-2.0127,2.4342,"AceraceaeAbove0.50spg","hardwood","Hardwood",0.56,-1.8011,2.3852,0.21103,0.95964,NA,"Check",625.630998977097,652.123774841242,NA
"Acer","ACSA3","NEON.PLA.D05.TREE.00179","TREE_049","TREE","D05",2022-09-20,"Live,  other damage","single bole tree","Partially shaded",130,NA,22.8,27.2,NA,23,"Acer saccharum Marshall",8.3,272,"2022",318,"hard maple/oak/hickory/beech","Acer saccharum Marshall","sugar maple","Aceraceae","tree","saccharum",0.841,"hw4",-2.0127,2.4342,"AceraceaeAbove0.50spg","hardwood","Hardwood",0.56,-1.8011,2.3852,0.21103,0.95964,NA,"Check",414.880595196093,436.039626078269,NA
"Acer","ACSA3","NEON.PLA.D05.TREE.00667","TREE_053","TREE","D05",2017-08-30,"Live","small tree",NA,130,NA,4.7,3.1,NA,NA,"Acer saccharum Marshall",NA,NA,"2017",318,"hard maple/oak/hickory/beech","Acer saccharum Marshall","sugar maple","Aceraceae","tree","saccharum",0.841,"hw4",-2.0127,2.4342,"AceraceaeAbove0.50spg","hardwood","Hardwood",0.56,-1.8011,2.3852,0.21103,0.95964,NA,"Check",1.37691313972477,1.62334762496556,NA
"Acer","ACSA3","NEON.PLA.D05.TREE.00131","TREE_055","TREE","D05",2018-10-10,"Live","single bole tree",NA,130,NA,23.9,40.4,NA,57,"Acer saccharum Marshall",9.6,144.2,"2018",318,"hard maple/oak/hickory/beech","Acer saccharum Marshall","sugar maple","Aceraceae","tree","saccharum",0.841,"hw4",-2.0127,2.4342,"AceraceaeAbove0.50spg","hardwood","Hardwood",0.56,-1.8011,2.3852,0.21103,0.95964,NA,"Check",1086.7984621951,1120.29665875377,NA
"Acer","ACSA3","NEON.PLA.D05.TREE.00507","TREE_053","TREE","D05",2015-07-27,"Live","single bole tree","Partially shaded",130,NA,17.2,26.4,NA,25,"Acer saccharum Marshall",7.6,289.1,"2015",318,"hard maple/oak/hickory/beech","Acer saccharum Marshall","sugar maple","Aceraceae","tree","saccharum",0.841,"hw4",-2.0127,2.4342,"AceraceaeAbove0.50spg","hardwood","Hardwood",0.56,-1.8011,2.3852,0.21103,0.95964,NA,"Check",385.801378481692,406.070925224203,NA
"Acer","ACSA3","NEON.PLA.D05.TREE.00507","TREE_053","TREE","D05",2018-10-09,"Live","single bole tree",NA,130,NA,17.6,27.4,NA,25,"Acer saccharum Marshall",7.6,289.1,"2018",318,"hard maple/oak/hickory/beech","Acer saccharum Marshall","sugar maple","Aceraceae","tree","saccharum",0.841,"hw4",-2.0127,2.4342,"AceraceaeAbove0.50spg","hardwood","Hardwood",0.56,-1.8011,2.3852,0.21103,0.95964,NA,"Check",422.345543821426,443.725973699236,NA
"Acer","ACSA3","NEON.PLA.D05.TREE.00105","TREE_055","TREE","D05",2017-09-14,"Live","small tree",NA,130,NA,9,5.8,NA,NA,"Acer saccharum Marshall",NA,NA,"2017",318,"hard maple/oak/hickory/beech","Acer saccharum Marshall","sugar maple","Aceraceae","tree","saccharum",0.841,"hw4",-2.0127,2.4342,"AceraceaeAbove0.50spg","hardwood","Hardwood",0.56,-1.8011,2.3852,0.21103,0.95964,NA,"Check",6.32659933231259,7.23342641974888,NA
"Acer","ACSA3","NEON.PLA.D05.TREE.00562","TREE_053","TREE","D05",2016-09-27,"Live","single bole tree",NA,130,NA,20.3,32.5,NA,41,"Acer saccharum Marshall",9.5,62.8,"2016",318,"hard maple/oak/hickory/beech","Acer saccharum Marshall","sugar maple","Aceraceae","tree","saccharum",0.841,"hw4",-2.0127,2.4342,"AceraceaeAbove0.50spg","hardwood","Hardwood",0.56,-1.8011,2.3852,0.21103,0.95964,NA,"Check",639.914533135838,666.709128158524,NA
"Acer","ACSA3","NEON.PLA.D05.TREE.00033","TREE_055","TREE","D05",2017-09-14,"Live","single bole tree",NA,130,NA,22.3,27.6,NA,39,"Acer saccharum Marshall",7.6,29.2,"2017",318,"hard maple/oak/hickory/beech","Acer saccharum Marshall","sugar maple","Aceraceae","tree","saccharum",0.841,"hw4",-2.0127,2.4342,"AceraceaeAbove0.50spg","hardwood","Hardwood",0.56,-1.8011,2.3852,0.21103,0.95964,NA,"Check",429.889050784339,451.490432022694,NA
"Acer","ACSA3","NEON.PLA.D05.TREE.00481","TREE_051","TREE","D05",2017-09-26,"Live","single bole tree",NA,130,NA,18.7,29,NA,41,"Acer saccharum Marshall",10.4,64.9,"2017",318,"hard maple/oak/hickory/beech","Acer saccharum Marshall","sugar maple","Aceraceae","tree","saccharum",0.841,"hw4",-2.0127,2.4342,"AceraceaeAbove0.50spg","hardwood","Hardwood",0.56,-1.8011,2.3852,0.21103,0.95964,NA,"Check",484.913977561186,508.047025757933,NA
"Acer","ACSA3","NEON.PLA.D05.TREE.00306","TREE_054","TREE","D05",2022-09-07,"Live","single bole tree","Full sun",130,NA,14.9,20.1,NA,23,"Acer saccharum Marshall",8.1,300,"2022",318,"hard maple/oak/hickory/beech","Acer saccharum Marshall","sugar maple","Aceraceae","tree","saccharum",0.841,"hw4",-2.0127,2.4342,"AceraceaeAbove0.50spg","hardwood","Hardwood",0.56,-1.8011,2.3852,0.21103,0.95964,NA,"Check",198.671394082478,211.921707643257,NA
"Acer","ACSA3","NEON.PLA.D05.TREE.00715","TREE_051","TREE","D05",2015-08-03,"Live","single bole tree","Full sun",130,NA,12.2,14.1,NA,59,"Acer saccharum Marshall",11.4,218.5,"2015",318,"hard maple/oak/hickory/beech","Acer saccharum Marshall","sugar maple","Aceraceae","tree","saccharum",0.841,"hw4",-2.0127,2.4342,"AceraceaeAbove0.50spg","hardwood","Hardwood",0.56,-1.8011,2.3852,0.21103,0.95964,NA,"Check",83.8155617894535,90.9723966259068,NA
"Acer","ACSA3","NEON.PLA.D05.TREE.00167","TREE_056","TREE","D05",2016-09-28,"Live,  other damage","single bole tree",NA,130,NA,15.2,19.5,NA,23,"Acer saccharum Marshall",1.4,300.9,"2016",318,"hard maple/oak/hickory/beech","Acer saccharum Marshall","sugar maple","Aceraceae","tree","saccharum",0.841,"hw4",-2.0127,2.4342,"AceraceaeAbove0.50spg","hardwood","Hardwood",0.56,-1.8011,2.3852,0.21103,0.95964,NA,"Check",184.543072605388,197.143636682921,NA
"Acer","ACSA3","NEON.PLA.D05.TREE.00532","TREE_046","TREE","D05",2022-09-19,"Live, physically damaged","single bole tree","Full sun",130,NA,21.8,29.6,NA,23,"Acer saccharum Marshall",10.3,19.9,"2022",318,"hard maple/oak/hickory/beech","Acer saccharum Marshall","sugar maple","Aceraceae","tree","saccharum",0.841,"hw4",-2.0127,2.4342,"AceraceaeAbove0.50spg","hardwood","Hardwood",0.56,-1.8011,2.3852,0.21103,0.95964,NA,"Check",509.698997422883,533.478839623663,NA
"Acer","ACSA3","NEON.PLA.D05.TREE.00581","TREE_046","TREE","D05",2016-09-29,"Live","small tree",NA,130,NA,6.7,4.4,NA,NA,"Acer saccharum Marshall",NA,NA,"2016",318,"hard maple/oak/hickory/beech","Acer saccharum Marshall","sugar maple","Aceraceae","tree","saccharum",0.841,"hw4",-2.0127,2.4342,"AceraceaeAbove0.50spg","hardwood","Hardwood",0.56,-1.8011,2.3852,0.21103,0.95964,NA,"Check",3.22943400789303,3.7426476431902,NA
"Acer","ACSA3","NEON.PLA.D05.TREE.02199","TREE_003","TREE","D05",2019-10-08,"Live","single bole tree","Mostly shaded",130,NA,17.7,33.5,NA,31,"Acer saccharum Marshall",4.3,69.4,"2019",318,"hard maple/oak/hickory/beech","Acer saccharum Marshall","sugar maple","Aceraceae","tree","saccharum",0.841,"hw4",-2.0127,2.4342,"AceraceaeAbove0.50spg","hardwood","Hardwood",0.56,-1.8011,2.3852,0.21103,0.95964,NA,"Check",688.905362834101,716.686266511086,NA
"Acer","ACSA3","NEON.PLA.D05.TREE.00630","TREE_042","TREE","D05",2018-10-10,"Live","single bole tree",NA,130,NA,17.2,12.8,NA,41,"Acer saccharum Marshall",12.8,45.4,"2018",318,"hard maple/oak/hickory/beech","Acer saccharum Marshall","sugar maple","Aceraceae","tree","saccharum",0.841,"hw4",-2.0127,2.4342,"AceraceaeAbove0.50spg","hardwood","Hardwood",0.56,-1.8011,2.3852,0.21103,0.95964,NA,"Check",66.2317155494387,72.2286384505297,NA
"Acer","ACSA3","NEON.PLA.D05.TREE.00656","TREE_046","TREE","D05",2016-09-29,"Live","small tree",NA,130,NA,7.6,8.8,NA,NA,"Acer saccharum Marshall",NA,NA,"2016",318,"hard maple/oak/hickory/beech","Acer saccharum Marshall","sugar maple","Aceraceae","tree","saccharum",0.841,"hw4",-2.0127,2.4342,"AceraceaeAbove0.50spg","hardwood","Hardwood",0.56,-1.8011,2.3852,0.21103,0.95964,NA,"Check",17.4539460725199,19.5522025408841,NA
"Acer","ACSA3","NEON.PLA.D05.TREE.00533","TREE_046","TREE","D05",2018-10-10,"Live","single bole tree",NA,130,NA,11.4,12.3,NA,41,"Acer saccharum Marshall",9,317.6,"2018",318,"hard maple/oak/hickory/beech","Acer saccharum Marshall","sugar maple","Aceraceae","tree","saccharum",0.841,"hw4",-2.0127,2.4342,"AceraceaeAbove0.50spg","hardwood","Hardwood",0.56,-1.8011,2.3852,0.21103,0.95964,NA,"Check",60.1094173824626,65.6801113592681,NA
"Acer","ACSA3","NEON.PLA.D05.TREE.00183","TREE_055","TREE","D05",2016-09-27,"Live","small tree",NA,130,NA,4.8,3.8,NA,NA,"Acer saccharum Marshall",NA,NA,"2016",318,"hard maple/oak/hickory/beech","Acer saccharum Marshall","sugar maple","Aceraceae","tree","saccharum",0.841,"hw4",-2.0127,2.4342,"AceraceaeAbove0.50spg","hardwood","Hardwood",0.56,-1.8011,2.3852,0.21103,0.95964,NA,"Check",2.26018058565199,2.63824699698779,NA
"Acer","ACSA3","NEON.PLA.D05.TREE.00631","TREE_046","TREE","D05",2015-07-28,"Live","single bole tree","Partially shaded",130,NA,19.7,29.6,NA,57,"Acer saccharum Marshall",6,104,"2015",318,"hard maple/oak/hickory/beech","Acer saccharum Marshall","sugar maple","Aceraceae","tree","saccharum",0.841,"hw4",-2.0127,2.4342,"AceraceaeAbove0.50spg","hardwood","Hardwood",0.56,-1.8011,2.3852,0.21103,0.95964,NA,"Check",509.698997422883,533.478839623663,NA
"Acer","ACSA3","NEON.PLA.D05.TREE.00631","TREE_046","TREE","D05",2017-09-25,"Live","single bole tree",NA,130,NA,20,29.8,NA,57,"Acer saccharum Marshall",6,104,"2017",318,"hard maple/oak/hickory/beech","Acer saccharum Marshall","sugar maple","Aceraceae","tree","saccharum",0.841,"hw4",-2.0127,2.4342,"AceraceaeAbove0.50spg","hardwood","Hardwood",0.56,-1.8011,2.3852,0.21103,0.95964,NA,"Check",518.122826778876,542.116769546621,NA
"Acer","ACSA3","NEON.PLA.D05.TREE.00026","TREE_054","TREE","D05",2017-08-30,"Live","single bole tree",NA,130,NA,NA,22.4,NA,39,"Acer saccharum Marshall",10,158.6,"2017",318,"hard maple/oak/hickory/beech","Acer saccharum Marshall","sugar maple","Aceraceae","tree","saccharum",0.841,"hw4",-2.0127,2.4342,"AceraceaeAbove0.50spg","hardwood","Hardwood",0.56,-1.8011,2.3852,0.21103,0.95964,NA,"Check",258.624237055752,274.412431486123,NA
"Acer","ACSA3","NEON.PLA.D05.TREE.00161","TREE_049","TREE","D05",2017-09-18,"Live","single bole tree",NA,130,NA,NA,16.7,NA,21,"Acer saccharum Marshall",9.2,73,"2017",318,"hard maple/oak/hickory/beech","Acer saccharum Marshall","sugar maple","Aceraceae","tree","saccharum",0.841,"hw4",-2.0127,2.4342,"AceraceaeAbove0.50spg","hardwood","Hardwood",0.56,-1.8011,2.3852,0.21103,0.95964,NA,"Check",126.541194682436,136.21205203379,NA
"Acer","ACSA3","NEON.PLA.D05.TREE.00650","TREE_053","TREE","D05",2016-09-27,"Live","single bole tree",NA,130,NA,18.4,15.5,NA,23,"Acer saccharum Marshall",10.5,20.6,"2016",318,"hard maple/oak/hickory/beech","Acer saccharum Marshall","sugar maple","Aceraceae","tree","saccharum",0.841,"hw4",-2.0127,2.4342,"AceraceaeAbove0.50spg","hardwood","Hardwood",0.56,-1.8011,2.3852,0.21103,0.95964,NA,"Check",105.536069580076,114.017463478061,NA
"Acer","ACSA3","NEON.PLA.D05.TREE.00621","TREE_053","TREE","D05",2015-07-27,"Live","small tree","Full shade",130,NA,5.1,5.9,NA,NA,"Acer saccharum Marshall",NA,NA,"2015",318,"hard maple/oak/hickory/beech","Acer saccharum Marshall","sugar maple","Aceraceae","tree","saccharum",0.841,"hw4",-2.0127,2.4342,"AceraceaeAbove0.50spg","hardwood","Hardwood",0.56,-1.8011,2.3852,0.21103,0.95964,NA,"Check",6.59541117827534,7.53445487192896,NA
"Acer","ACSA3","NEON.PLA.D05.TREE.00623","TREE_053","TREE","D05",2018-10-09,"Live","single bole tree",NA,130,NA,19.5,34.8,NA,43,"Acer saccharum Marshall",8,291.5,"2018",318,"hard maple/oak/hickory/beech","Acer saccharum Marshall","sugar maple","Aceraceae","tree","saccharum",0.841,"hw4",-2.0127,2.4342,"AceraceaeAbove0.50spg","hardwood","Hardwood",0.56,-1.8011,2.3852,0.21103,0.95964,NA,"Check",755.80139973196,784.814505355066,NA
"Acer","ACSA3","NEON.PLA.D05.TREE.00057","TREE_049","TREE","D05",2017-09-18,"Live","single bole tree",NA,130,NA,21.3,26.1,NA,25,"Acer saccharum Marshall",4.7,355.8,"2017",318,"hard maple/oak/hickory/beech","Acer saccharum Marshall","sugar maple","Aceraceae","tree","saccharum",0.841,"hw4",-2.0127,2.4342,"AceraceaeAbove0.50spg","hardwood","Hardwood",0.56,-1.8011,2.3852,0.21103,0.95964,NA,"Check",375.216405981196,395.151055876078,NA
"Acer","ACSA3","NEON.PLA.D05.TREE.00511","TREE_042","TREE","D05",2016-09-28,"Live","small tree",NA,130,NA,7.8,8.1,NA,NA,"Acer saccharum Marshall",NA,NA,"2016",318,"hard maple/oak/hickory/beech","Acer saccharum Marshall","sugar maple","Aceraceae","tree","saccharum",0.841,"hw4",-2.0127,2.4342,"AceraceaeAbove0.50spg","hardwood","Hardwood",0.56,-1.8011,2.3852,0.21103,0.95964,NA,"Check",14.2648806435313,16.0447917579938,NA
"Acer","ACSA3","NEON.PLA.D05.TREE.00607","TREE_046","TREE","D05",2021-09-21,"Live","single bole tree","Partially shaded",130,NA,21.4,47.7,NA,41,"Acer saccharum Marshall",10.7,138.4,"2021",318,"hard maple/oak/hickory/beech","Acer saccharum Marshall","sugar maple","Aceraceae","tree","saccharum",0.841,"hw4",-2.0127,2.4342,"AceraceaeAbove0.50spg","hardwood","Hardwood",0.56,-1.8011,2.3852,0.21103,0.95964,NA,"Check",1628.3394118243,1664.92335822249,NA
"Acer","ACSA3","NEON.PLA.D05.TREE.00584","TREE_053","TREE","D05",2017-08-30,"Live, physically damaged","single bole tree",NA,150,NA,19,28.8,NA,25,"Acer saccharum Marshall",4.8,307.1,"2017",318,"hard maple/oak/hickory/beech","Acer saccharum Marshall","sugar maple","Aceraceae","tree","saccharum",0.841,"hw4",-2.0127,2.4342,"AceraceaeAbove0.50spg","hardwood","Hardwood",0.56,-1.8011,2.3852,0.21103,0.95964,NA,"Check",476.813661292737,499.729710577046,NA
"Acer","ACSA3","NEON.PLA.D05.TREE.00178","TREE_049","TREE","D05",2015-07-28,"Live","single bole tree","Full sun",130,NA,18.4,40.6,NA,21,"Acer saccharum Marshall",6.8,73.6,"2015",318,"hard maple/oak/hickory/beech","Acer saccharum Marshall","sugar maple","Aceraceae","tree","saccharum",0.841,"hw4",-2.0127,2.4342,"AceraceaeAbove0.50spg","hardwood","Hardwood",0.56,-1.8011,2.3852,0.21103,0.95964,NA,"Check",1099.94144740339,1133.57041806942,NA
"Acer","ACSA3","NEON.PLA.D05.TREE.00626","TREE_053","TREE","D05",2018-10-09,"Live","single bole tree",NA,130,NA,17.8,22,NA,41,"Acer saccharum Marshall",5.8,163.1,"2018",318,"hard maple/oak/hickory/beech","Acer saccharum Marshall","sugar maple","Aceraceae","tree","saccharum",0.841,"hw4",-2.0127,2.4342,"AceraceaeAbove0.50spg","hardwood","Hardwood",0.56,-1.8011,2.3852,0.21103,0.95964,NA,"Check",247.525978457426,262.868645264899,NA
"Acer","ACSA3","NEON.PLA.D05.TREE.00003","TREE_049","TREE","D05",2017-09-18,"Live","single bole tree",NA,130,NA,22.9,31,NA,43,"Acer saccharum Marshall",10.8,239.3,"2017",318,"hard maple/oak/hickory/beech","Acer saccharum Marshall","sugar maple","Aceraceae","tree","saccharum",0.841,"hw4",-2.0127,2.4342,"AceraceaeAbove0.50spg","hardwood","Hardwood",0.56,-1.8011,2.3852,0.21103,0.95964,NA,"Check",570.385046622497,595.645850652581,NA
"Acer","ACSA3","NEON.PLA.D05.TREE.00634","TREE_042","TREE","D05",2017-09-25,"Live","single bole tree",NA,130,NA,20.7,48.2,NA,61,"Acer saccharum Marshall",8.4,182.7,"2017",318,"hard maple/oak/hickory/beech","Acer saccharum Marshall","sugar maple","Aceraceae","tree","saccharum",0.841,"hw4",-2.0127,2.4342,"AceraceaeAbove0.50spg","hardwood","Hardwood",0.56,-1.8011,2.3852,0.21103,0.95964,NA,"Check",1670.20045151648,1706.85254585908,NA
"Acer","ACSA3","NEON.PLA.D05.TREE.00347","TREE_054","TREE","D05",2017-08-30,"Live","single bole tree",NA,130,NA,16,22.8,NA,59,"Acer saccharum Marshall",4.2,145.2,"2017",318,"hard maple/oak/hickory/beech","Acer saccharum Marshall","sugar maple","Aceraceae","tree","saccharum",0.841,"hw4",-2.0127,2.4342,"AceraceaeAbove0.50spg","hardwood","Hardwood",0.56,-1.8011,2.3852,0.21103,0.95964,NA,"Check",270.010405362331,286.245327151243,NA
"Acer","ACSA3","NEON.PLA.D05.TREE.00029","TREE_056","TREE","D05",2015-07-29,"Live","single bole tree","Full sun",130,NA,20.4,35.8,NA,39,"Acer saccharum Marshall",10,178.6,"2015",318,"hard maple/oak/hickory/beech","Acer saccharum Marshall","sugar maple","Aceraceae","tree","saccharum",0.841,"hw4",-2.0127,2.4342,"AceraceaeAbove0.50spg","hardwood","Hardwood",0.56,-1.8011,2.3852,0.21103,0.95964,NA,"Check",809.762311596595,839.680376578039,NA
"Acer","ACSA3","NEON.PLA.D05.TREE.00355","TREE_054","TREE","D05",2022-09-07,"Live","single bole tree","Partially shaded",130,NA,17.3,26.2,NA,41,"Acer saccharum Marshall",8.3,51.6,"2022",318,"hard maple/oak/hickory/beech","Acer saccharum Marshall","sugar maple","Aceraceae","tree","saccharum",0.841,"hw4",-2.0127,2.4342,"AceraceaeAbove0.50spg","hardwood","Hardwood",0.56,-1.8011,2.3852,0.21103,0.95964,NA,"Check",378.725458122992,398.771809215823,NA
"Acer","ACSA3","NEON.PLA.D05.TREE.00653","TREE_046","TREE","D05",2021-09-21,"Dead, broken bole","single bole tree","Partially shaded",130,NA,17.3,28.9,NA,23,"Acer saccharum Marshall",7.6,81.5,"2021",318,"hard maple/oak/hickory/beech","Acer saccharum Marshall","sugar maple","Aceraceae","tree","saccharum",0.841,"hw4",-2.0127,2.4342,"AceraceaeAbove0.50spg","hardwood","Hardwood",0.56,-1.8011,2.3852,0.21103,0.95964,NA,"Check",480.853769724272,503.878401792058,NA
"Acer","ACSA3","NEON.PLA.D05.TREE.00029","TREE_056","TREE","D05",2017-09-25,"Live","small tree",NA,130,NA,20.7,3.6,NA,39,"Acer saccharum Marshall",10,178.6,"2017",318,"hard maple/oak/hickory/beech","Acer saccharum Marshall","sugar maple","Aceraceae","tree","saccharum",0.841,"hw4",-2.0127,2.4342,"AceraceaeAbove0.50spg","hardwood","Hardwood",0.56,-1.8011,2.3852,0.21103,0.95964,NA,"Check",1.9814606707525,2.31904055006851,NA
"Acer","ACSA3","NEON.PLA.D05.TREE.02883","TREE_017","TREE","D05",2019-11-04,"Live","multi-bole tree","Full sun",130,NA,20.6,36.1,NA,49,"Acer saccharum Marshall",6.7,148.8,"2019",318,"hard maple/oak/hickory/beech","Acer saccharum Marshall","sugar maple","Aceraceae","tree","saccharum",0.841,"hw4",-2.0127,2.4342,"AceraceaeAbove0.50spg","hardwood","Hardwood",0.56,-1.8011,2.3852,0.21103,0.95964,NA,"Check",826.379484876598,856.561177390648,NA
"Acer","ACSA3","NEON.PLA.D05.TREE.00578","TREE_046","TREE","D05",2022-09-19,"Live,  other damage","single bole tree","Full shade",130,NA,12.8,10.7,NA,41,"Acer saccharum Marshall",5.3,169.6,"2022",318,"hard maple/oak/hickory/beech","Acer saccharum Marshall","sugar maple","Aceraceae","tree","saccharum",0.841,"hw4",-2.0127,2.4342,"AceraceaeAbove0.50spg","hardwood","Hardwood",0.56,-1.8011,2.3852,0.21103,0.95964,NA,"Check",42.8175178958638,47.1062350927348,NA
"Acer","ACSA3","NEON.PLA.D05.TREE.00578","TREE_046","TREE","D05",2016-09-29,"Live","single bole tree",NA,130,NA,11.7,10.7,NA,41,"Acer saccharum Marshall",5.3,169.6,"2016",318,"hard maple/oak/hickory/beech","Acer saccharum Marshall","sugar maple","Aceraceae","tree","saccharum",0.841,"hw4",-2.0127,2.4342,"AceraceaeAbove0.50spg","hardwood","Hardwood",0.56,-1.8011,2.3852,0.21103,0.95964,NA,"Check",42.8175178958638,47.1062350927348,NA
"Acer","ACSA3","NEON.PLA.D05.TREE.00086","TREE_050","TREE","D05",2018-08-29,"Live","single bole tree",NA,130,NA,14.1,15.7,NA,39,"Acer saccharum Marshall",4.4,33.6,"2018",318,"hard maple/oak/hickory/beech","Acer saccharum Marshall","sugar maple","Aceraceae","tree","saccharum",0.841,"hw4",-2.0127,2.4342,"AceraceaeAbove0.50spg","hardwood","Hardwood",0.56,-1.8011,2.3852,0.21103,0.95964,NA,"Check",108.88158396178,117.557965001896,NA
"Acer","ACSA3","NEON.PLA.D05.TREE.00131","TREE_055","TREE","D05",2017-09-14,"Live","single bole tree",NA,130,NA,24.6,40.1,NA,57,"Acer saccharum Marshall",9.6,144.2,"2017",318,"hard maple/oak/hickory/beech","Acer saccharum Marshall","sugar maple","Aceraceae","tree","saccharum",0.841,"hw4",-2.0127,2.4342,"AceraceaeAbove0.50spg","hardwood","Hardwood",0.56,-1.8011,2.3852,0.21103,0.95964,NA,"Check",1067.25826838648,1100.5560516925,NA
"Acer","ACSA3","NEON.PLA.D05.TREE.00131","TREE_055","TREE","D05",2016-09-27,"Live","single bole tree",NA,130,NA,22.8,39,NA,57,"Acer saccharum Marshall",9.6,144.2,"2016",318,"hard maple/oak/hickory/beech","Acer saccharum Marshall","sugar maple","Aceraceae","tree","saccharum",0.841,"hw4",-2.0127,2.4342,"AceraceaeAbove0.50spg","hardwood","Hardwood",0.56,-1.8011,2.3852,0.21103,0.95964,NA,"Check",997.389892296648,1029.91055572235,NA
"Acer","ACSA3","NEON.PLA.D05.TREE.00113","TREE_055","TREE","D05",2017-09-14,"Live","single bole tree",NA,130,NA,17.9,20.6,NA,41,"Acer saccharum Marshall",5.9,283,"2017",318,"hard maple/oak/hickory/beech","Acer saccharum Marshall","sugar maple","Aceraceae","tree","saccharum",0.841,"hw4",-2.0127,2.4342,"AceraceaeAbove0.50spg","hardwood","Hardwood",0.56,-1.8011,2.3852,0.21103,0.95964,NA,"Check",210.916756505452,224.713054279902,NA
"Acer","ACSA3","NEON.PLA.D05.TREE.00113","TREE_055","TREE","D05",2018-10-10,"Live","single bole tree",NA,130,NA,17.9,20.8,NA,41,"Acer saccharum Marshall",5.9,283,"2018",318,"hard maple/oak/hickory/beech","Acer saccharum Marshall","sugar maple","Aceraceae","tree","saccharum",0.841,"hw4",-2.0127,2.4342,"AceraceaeAbove0.50spg","hardwood","Hardwood",0.56,-1.8011,2.3852,0.21103,0.95964,NA,"Check",215.936106404519,229.951832687706,NA
"Acer","ACSA3","NEON.PLA.D05.TREE.00508","TREE_053","TREE","D05",2018-10-09,"Live","single bole tree",NA,130,NA,12.9,14.4,NA,41,"Acer saccharum Marshall",14.4,1.8,"2018",318,"hard maple/oak/hickory/beech","Acer saccharum Marshall","sugar maple","Aceraceae","tree","saccharum",0.841,"hw4",-2.0127,2.4342,"AceraceaeAbove0.50spg","hardwood","Hardwood",0.56,-1.8011,2.3852,0.21103,0.95964,NA,"Check",88.2229294629901,95.6573674813582,NA
"Acer","ACSA3","NEON.PLA.D05.TREE.00481","TREE_051","TREE","D05",2015-08-03,"Live","single bole tree","Full sun",130,NA,17.2,29.3,NA,41,"Acer saccharum Marshall",10.4,64.9,"2015",318,"hard maple/oak/hickory/beech","Acer saccharum Marshall","sugar maple","Aceraceae","tree","saccharum",0.841,"hw4",-2.0127,2.4342,"AceraceaeAbove0.50spg","hardwood","Hardwood",0.56,-1.8011,2.3852,0.21103,0.95964,NA,"Check",497.215498893679,520.672759276331,NA
"Acer","ACSA3","NEON.PLA.D05.TREE.00249","TREE_056","TREE","D05",2021-09-22,"Live","single bole tree","Partially shaded",130,NA,17.2,20.7,NA,59,"Acer saccharum Marshall",4.3,115.7,"2021",318,"hard maple/oak/hickory/beech","Acer saccharum Marshall","sugar maple","Aceraceae","tree","saccharum",0.841,"hw4",-2.0127,2.4342,"AceraceaeAbove0.50spg","hardwood","Hardwood",0.56,-1.8011,2.3852,0.21103,0.95964,NA,"Check",213.417737335723,227.323679308143,NA
"Acer","ACSA3","NEON.PLA.D05.TREE.00032","TREE_055","TREE","D05",2018-10-10,"Live","single bole tree",NA,130,NA,19.9,23.1,NA,59,"Acer saccharum Marshall",7.2,150.4,"2018",318,"hard maple/oak/hickory/beech","Acer saccharum Marshall","sugar maple","Aceraceae","tree","saccharum",0.841,"hw4",-2.0127,2.4342,"AceraceaeAbove0.50spg","hardwood","Hardwood",0.56,-1.8011,2.3852,0.21103,0.95964,NA,"Check",278.740309372215,295.310917613293,NA
"Acer","ACSA3","NEON.PLA.D05.TREE.00532","TREE_046","TREE","D05",2015-07-28,"Live","single bole tree","Full sun",130,NA,20,28.1,NA,23,"Acer saccharum Marshall",10.3,19.9,"2015",318,"hard maple/oak/hickory/beech","Acer saccharum Marshall","sugar maple","Aceraceae","tree","saccharum",0.841,"hw4",-2.0127,2.4342,"AceraceaeAbove0.50spg","hardwood","Hardwood",0.56,-1.8011,2.3852,0.21103,0.95964,NA,"Check",449.093138986623,471.244747817592,NA
"Acer","ACSA3","NEON.PLA.D05.TREE.00249","TREE_056","TREE","D05",2016-09-28,"Live","single bole tree",NA,130,NA,16.6,21.3,NA,59,"Acer saccharum Marshall",4.3,115.7,"2016",318,"hard maple/oak/hickory/beech","Acer saccharum Marshall","sugar maple","Aceraceae","tree","saccharum",0.841,"hw4",-2.0127,2.4342,"AceraceaeAbove0.50spg","hardwood","Hardwood",0.56,-1.8011,2.3852,0.21103,0.95964,NA,"Check",228.790046706794,243.356661447306,NA
"Acer","ACSA3","NEON.PLA.D05.TREE.00167","TREE_056","TREE","D05",2017-09-25,"Live","single bole tree",NA,130,NA,15.9,19.3,NA,23,"Acer saccharum Marshall",1.4,300.9,"2017",318,"hard maple/oak/hickory/beech","Acer saccharum Marshall","sugar maple","Aceraceae","tree","saccharum",0.841,"hw4",-2.0127,2.4342,"AceraceaeAbove0.50spg","hardwood","Hardwood",0.56,-1.8011,2.3852,0.21103,0.95964,NA,"Check",179.969577814821,192.355009930292,NA
"Acer","ACSA3","NEON.PLA.D05.TREE.00151","TREE_049","TREE","D05",2016-09-28,"Live","small tree",NA,130,NA,11.4,5.1,NA,21,"Acer saccharum Marshall",3.9,32.5,"2016",318,"hard maple/oak/hickory/beech","Acer saccharum Marshall","sugar maple","Aceraceae","tree","saccharum",0.841,"hw4",-2.0127,2.4342,"AceraceaeAbove0.50spg","hardwood","Hardwood",0.56,-1.8011,2.3852,0.21103,0.95964,NA,"Check",4.62595316943505,5.32245504379181,NA
"Acer","ACSA3","NEON.PLA.D05.TREE.00509","TREE_042","TREE","D05",2019-10-23,"Live","small tree",NA,130,NA,7.2,8.1,NA,NA,"Acer saccharum Marshall",NA,NA,"2019",318,"hard maple/oak/hickory/beech","Acer saccharum Marshall","sugar maple","Aceraceae","tree","saccharum",0.841,"hw4",-2.0127,2.4342,"AceraceaeAbove0.50spg","hardwood","Hardwood",0.56,-1.8011,2.3852,0.21103,0.95964,NA,"Check",14.2648806435313,16.0447917579938,NA
"Acer","ACSA3","NEON.PLA.D05.TREE.00557","TREE_046","TREE","D05",2015-07-28,"Live","single bole tree","Partially shaded",130,NA,18.6,29.1,NA,43,"Acer saccharum Marshall",8.3,263.4,"2015",318,"hard maple/oak/hickory/beech","Acer saccharum Marshall","sugar maple","Aceraceae","tree","saccharum",0.841,"hw4",-2.0127,2.4342,"AceraceaeAbove0.50spg","hardwood","Hardwood",0.56,-1.8011,2.3852,0.21103,0.95964,NA,"Check",488.994314971795,512.235609014301,NA
"Acer","ACSA3","NEON.PLA.D05.TREE.00581","TREE_046","TREE","D05",2022-09-19,"Live, physically damaged","small tree","Mostly shaded",130,NA,8.7,4.8,NA,NA,"Acer saccharum Marshall",NA,NA,"2022",318,"hard maple/oak/hickory/beech","Acer saccharum Marshall","sugar maple","Aceraceae","tree","saccharum",0.841,"hw4",-2.0127,2.4342,"AceraceaeAbove0.50spg","hardwood","Hardwood",0.56,-1.8011,2.3852,0.21103,0.95964,NA,"Check",3.99127203553998,4.60587574077274,NA
"Acer","ACSA3","NEON.PLA.D05.TREE.00631","TREE_046","TREE","D05",2021-09-21,"Live","single bole tree","Full sun",130,NA,22.2,30.6,NA,57,"Acer saccharum Marshall",6,104,"2021",318,"hard maple/oak/hickory/beech","Acer saccharum Marshall","sugar maple","Aceraceae","tree","saccharum",0.841,"hw4",-2.0127,2.4342,"AceraceaeAbove0.50spg","hardwood","Hardwood",0.56,-1.8011,2.3852,0.21103,0.95964,NA,"Check",552.635262153624,577.477350300201,NA
"Acer","ACSA3","NEON.PLA.D05.TREE.05093","TREE_042","TREE","D05",2021-10-04,"Dead, broken bole","small tree","Full shade",130,NA,2.6,3.7,NA,NA,"Acer saccharum Marshall",NA,NA,"2021",318,"hard maple/oak/hickory/beech","Acer saccharum Marshall","sugar maple","Aceraceae","tree","saccharum",0.841,"hw4",-2.0127,2.4342,"AceraceaeAbove0.50spg","hardwood","Hardwood",0.56,-1.8011,2.3852,0.21103,0.95964,NA,"Check",2.11811992671781,2.47565641086699,NA
"Acer","ACSA3","NEON.PLA.D05.TREE.00564","TREE_042","TREE","D05",2020-10-06,"Live","single bole tree","Partially shaded",130,NA,23.2,32.8,NA,59,"Acer saccharum Marshall",9.8,162.8,"2020",318,"hard maple/oak/hickory/beech","Acer saccharum Marshall","sugar maple","Aceraceae","tree","saccharum",0.841,"hw4",-2.0127,2.4342,"AceraceaeAbove0.50spg","hardwood","Hardwood",0.56,-1.8011,2.3852,0.21103,0.95964,NA,"Check",654.388421720799,681.482174763655,NA
"Acer","ACSA3","NEON.PLA.D05.TREE.00063","TREE_055","TREE","D05",2018-10-10,"Live","single bole tree",NA,130,NA,12.3,11.1,NA,41,"Acer saccharum Marshall",9.9,2.8,"2018",318,"hard maple/oak/hickory/beech","Acer saccharum Marshall","sugar maple","Aceraceae","tree","saccharum",0.841,"hw4",-2.0127,2.4342,"AceraceaeAbove0.50spg","hardwood","Hardwood",0.56,-1.8011,2.3852,0.21103,0.95964,NA,"Check",46.8188445250131,51.4157976420253,NA
"Acer","ACSA3","NEON.PLA.D05.TREE.00657","TREE_046","TREE","D05",2022-09-19,"Live","single bole tree","Mostly shaded",130,NA,14.1,14.8,NA,25,"Acer saccharum Marshall",7.5,344.7,"2022",318,"hard maple/oak/hickory/beech","Acer saccharum Marshall","sugar maple","Aceraceae","tree","saccharum",0.841,"hw4",-2.0127,2.4342,"AceraceaeAbove0.50spg","hardwood","Hardwood",0.56,-1.8011,2.3852,0.21103,0.95964,NA,"Check",94.3075720084885,102.117565406473,NA
"Acer","ACSA3","NEON.PLA.D05.TREE.00557","TREE_046","TREE","D05",2022-09-19,"Live","single bole tree","Partially shaded",130,NA,20.3,29.9,NA,43,"Acer saccharum Marshall",8.3,263.4,"2022",318,"hard maple/oak/hickory/beech","Acer saccharum Marshall","sugar maple","Aceraceae","tree","saccharum",0.841,"hw4",-2.0127,2.4342,"AceraceaeAbove0.50spg","hardwood","Hardwood",0.56,-1.8011,2.3852,0.21103,0.95964,NA,"Check",522.365279847923,546.465975873807,NA
"Acer","ACSA3","NEON.PLA.D05.TREE.00631","TREE_046","TREE","D05",2022-09-19,"Live","single bole tree","Partially shaded",130,NA,22.3,30.8,NA,57,"Acer saccharum Marshall",6,104,"2022",318,"hard maple/oak/hickory/beech","Acer saccharum Marshall","sugar maple","Aceraceae","tree","saccharum",0.841,"hw4",-2.0127,2.4342,"AceraceaeAbove0.50spg","hardwood","Hardwood",0.56,-1.8011,2.3852,0.21103,0.95964,NA,"Check",561.468828726528,586.52074513325,NA
"Acer","ACSA3","NEON.PLA.D05.TREE.00607","TREE_046","TREE","D05",2015-07-28,"Live","single bole tree","Full sun",130,NA,20.5,47.4,NA,41,"Acer saccharum Marshall",10.7,138.4,"2015",318,"hard maple/oak/hickory/beech","Acer saccharum Marshall","sugar maple","Aceraceae","tree","saccharum",0.841,"hw4",-2.0127,2.4342,"AceraceaeAbove0.50spg","hardwood","Hardwood",0.56,-1.8011,2.3852,0.21103,0.95964,NA,"Check",1603.52278585013,1640.0561202505,NA
"Acer","ACSA3","NEON.PLA.D05.TREE.01477","TREE_041","TREE","D05",2016-10-18,"Live","single bole tree",NA,130,NA,22.4,38.1,NA,39,"Acer saccharum Marshall",3.7,103.9,"2016",318,"hard maple/oak/hickory/beech","Acer saccharum Marshall","sugar maple","Aceraceae","tree","saccharum",0.841,"hw4",-2.0127,2.4342,"AceraceaeAbove0.50spg","hardwood","Hardwood",0.56,-1.8011,2.3852,0.21103,0.95964,NA,"Check",942.286723420669,974.124487200361,NA
"Acer","ACSA3","NEON.PLA.D05.TREE.01477","TREE_041","TREE","D05",2018-10-10,"Live","single bole tree",NA,130,NA,23.7,39,NA,39,"Acer saccharum Marshall",3.7,103.9,"2018",318,"hard maple/oak/hickory/beech","Acer saccharum Marshall","sugar maple","Aceraceae","tree","saccharum",0.841,"hw4",-2.0127,2.4342,"AceraceaeAbove0.50spg","hardwood","Hardwood",0.56,-1.8011,2.3852,0.21103,0.95964,NA,"Check",997.389892296648,1029.91055572235,NA
"Acer","ACSA3","NEON.PLA.D05.TREE.00047","TREE_054","TREE","D05",2015-07-30,"Live","single bole tree","Full sun",130,NA,16,28.2,NA,39,"Acer saccharum Marshall",9,140.7,"2015",318,"hard maple/oak/hickory/beech","Acer saccharum Marshall","sugar maple","Aceraceae","tree","saccharum",0.841,"hw4",-2.0127,2.4342,"AceraceaeAbove0.50spg","hardwood","Hardwood",0.56,-1.8011,2.3852,0.21103,0.95964,NA,"Check",452.993401300533,475.254657674165,NA
"Acer","ACSA3","NEON.PLA.D05.TREE.00583","TREE_053","TREE","D05",2016-09-27,"Live","single bole tree",NA,130,NA,19.4,28.7,NA,59,"Acer saccharum Marshall",16.2,108.1,"2016",318,"hard maple/oak/hickory/beech","Acer saccharum Marshall","sugar maple","Aceraceae","tree","saccharum",0.841,"hw4",-2.0127,2.4342,"AceraceaeAbove0.50spg","hardwood","Hardwood",0.56,-1.8011,2.3852,0.21103,0.95964,NA,"Check",472.793622039138,495.600925516748,NA
"Acer","ACSA3","NEON.PLA.D05.TREE.00584","TREE_053","TREE","D05",2015-07-27,"Live","single bole tree","Partially shaded",130,NA,18,29.4,NA,25,"Acer saccharum Marshall",4.8,307.1,"2015",318,"hard maple/oak/hickory/beech","Acer saccharum Marshall","sugar maple","Aceraceae","tree","saccharum",0.841,"hw4",-2.0127,2.4342,"AceraceaeAbove0.50spg","hardwood","Hardwood",0.56,-1.8011,2.3852,0.21103,0.95964,NA,"Check",501.35640544884,524.921379081473,NA
"Acer","ACSA3","NEON.PLA.D05.TREE.00694","TREE_046","TREE","D05",2022-09-19,"Live","single bole tree","Full shade",130,NA,13.1,13.1,NA,59,"Acer saccharum Marshall",13,224.3,"2022",318,"hard maple/oak/hickory/beech","Acer saccharum Marshall","sugar maple","Aceraceae","tree","saccharum",0.841,"hw4",-2.0127,2.4342,"AceraceaeAbove0.50spg","hardwood","Hardwood",0.56,-1.8011,2.3852,0.21103,0.95964,NA,"Check",70.0740605611761,76.3321865560422,NA
"Acer","ACSA3","NEON.PLA.D05.TREE.00178","TREE_049","TREE","D05",2017-09-18,"Live","single bole tree",NA,130,NA,22,40.9,NA,21,"Acer saccharum Marshall",6.8,73.6,"2017",318,"hard maple/oak/hickory/beech","Acer saccharum Marshall","sugar maple","Aceraceae","tree","saccharum",0.841,"hw4",-2.0127,2.4342,"AceraceaeAbove0.50spg","hardwood","Hardwood",0.56,-1.8011,2.3852,0.21103,0.95964,NA,"Check",1119.83070820204,1153.65152075711,NA
"Acer","ACSA3","NEON.PLA.D05.TREE.00567","TREE_053","TREE","D05",2016-09-27,"Live","single bole tree",NA,130,NA,14.3,14,NA,59,"Acer saccharum Marshall",11.6,108.2,"2016",318,"hard maple/oak/hickory/beech","Acer saccharum Marshall","sugar maple","Aceraceae","tree","saccharum",0.841,"hw4",-2.0127,2.4342,"AceraceaeAbove0.50spg","hardwood","Hardwood",0.56,-1.8011,2.3852,0.21103,0.95964,NA,"Check",82.3759356969086,89.4410315345985,NA
"Acer","ACSA3","NEON.PLA.D05.TREE.00674","TREE_053","TREE","D05",2015-07-27,"Live","single bole tree","Full sun",130,NA,21.5,43,NA,59,"Acer saccharum Marshall",15.8,114,"2015",318,"hard maple/oak/hickory/beech","Acer saccharum Marshall","sugar maple","Aceraceae","tree","saccharum",0.841,"hw4",-2.0127,2.4342,"AceraceaeAbove0.50spg","hardwood","Hardwood",0.56,-1.8011,2.3852,0.21103,0.95964,NA,"Check",1264.98218950684,1299.99346426988,NA
"Acer","ACSA3","NEON.PLA.D05.TREE.00512","TREE_042","TREE","D05",2016-09-28,"Live","single bole tree",NA,130,NA,22.8,40.5,NA,43,"Acer saccharum Marshall",6.2,301.4,"2016",318,"hard maple/oak/hickory/beech","Acer saccharum Marshall","sugar maple","Aceraceae","tree","saccharum",0.841,"hw4",-2.0127,2.4342,"AceraceaeAbove0.50spg","hardwood","Hardwood",0.56,-1.8011,2.3852,0.21103,0.95964,NA,"Check",1093.35831920967,1126.92218853553,NA
"Acer","ACSA3","NEON.PLA.D05.TREE.00038","TREE_054","TREE","D05",2022-09-07,"Live","single bole tree","Full sun",130,NA,17.4,23.3,NA,41,"Acer saccharum Marshall",7.5,193.4,"2022",318,"hard maple/oak/hickory/beech","Acer saccharum Marshall","sugar maple","Aceraceae","tree","saccharum",0.841,"hw4",-2.0127,2.4342,"AceraceaeAbove0.50spg","hardwood","Hardwood",0.56,-1.8011,2.3852,0.21103,0.95964,NA,"Check",284.651370566415,301.446018082843,NA
"Acer","ACSA3","NEON.PLA.D05.TREE.00195","TREE_056","TREE","D05",2021-09-22,"Live","single bole tree","Partially shaded",130,NA,13.6,13.7,NA,39,"Acer saccharum Marshall",8.3,140.9,"2021",318,"hard maple/oak/hickory/beech","Acer saccharum Marshall","sugar maple","Aceraceae","tree","saccharum",0.841,"hw4",-2.0127,2.4342,"AceraceaeAbove0.50spg","hardwood","Hardwood",0.56,-1.8011,2.3852,0.21103,0.95964,NA,"Check",78.1449109921578,84.9372323253676,NA
"Acer","ACSA3","NEON.PLA.D05.TREE.00038","TREE_054","TREE","D05",2016-10-18,"Live","single bole tree",NA,130,NA,16.4,22.2,NA,41,"Acer saccharum Marshall",7.5,193.4,"2016",318,"hard maple/oak/hickory/beech","Acer saccharum Marshall","sugar maple","Aceraceae","tree","saccharum",0.841,"hw4",-2.0127,2.4342,"AceraceaeAbove0.50spg","hardwood","Hardwood",0.56,-1.8011,2.3852,0.21103,0.95964,NA,"Check",253.03925874318,268.604524160092,NA
"Acer","ACSA3","NEON.PLA.D05.TREE.00038","TREE_054","TREE","D05",2018-10-09,"Live","single bole tree",NA,130,NA,17.2,22.7,NA,41,"Acer saccharum Marshall",7.5,193.4,"2018",318,"hard maple/oak/hickory/beech","Acer saccharum Marshall","sugar maple","Aceraceae","tree","saccharum",0.841,"hw4",-2.0127,2.4342,"AceraceaeAbove0.50spg","hardwood","Hardwood",0.56,-1.8011,2.3852,0.21103,0.95964,NA,"Check",267.136749897871,283.259890690269,NA
"Acer","ACSA3","NEON.PLA.D05.TREE.01453","TREE_041","TREE","D05",2018-10-10,"Live","single bole tree",NA,130,NA,22.6,24.1,NA,41,"Acer saccharum Marshall",9.4,233.6,"2018",318,"hard maple/oak/hickory/beech","Acer saccharum Marshall","sugar maple","Aceraceae","tree","saccharum",0.841,"hw4",-2.0127,2.4342,"AceraceaeAbove0.50spg","hardwood","Hardwood",0.56,-1.8011,2.3852,0.21103,0.95964,NA,"Check",309.030526146624,326.722661790911,NA
"Acer","ACSA3","NEON.PLA.D05.TREE.00539","TREE_042","TREE","D05",2017-09-25,"Live","single bole tree",NA,130,NA,5.6,7.9,NA,NA,"Acer saccharum Marshall",NA,NA,"2017",318,"hard maple/oak/hickory/beech","Acer saccharum Marshall","sugar maple","Aceraceae","tree","saccharum",0.841,"hw4",-2.0127,2.4342,"AceraceaeAbove0.50spg","hardwood","Hardwood",0.56,-1.8011,2.3852,0.21103,0.95964,NA,"Check",13.4226348216678,15.1159607641599,NA
"Acer","ACSA3","NEON.PLA.D05.TREE.00121","TREE_050","TREE","D05",2016-09-29,"Live","single bole tree",NA,130,NA,NA,14.1,NA,41,"Acer saccharum Marshall",1.3,331.3,"2016",318,"hard maple/oak/hickory/beech","Acer saccharum Marshall","sugar maple","Aceraceae","tree","saccharum",0.841,"hw4",-2.0127,2.4342,"AceraceaeAbove0.50spg","hardwood","Hardwood",0.56,-1.8011,2.3852,0.21103,0.95964,NA,"Check",83.8155617894535,90.9723966259068,NA
"Acer","ACSA3","NEON.PLA.D05.TREE.00113","TREE_055","TREE","D05",2016-09-27,"Live","single bole tree",NA,130,NA,16.9,20.2,NA,41,"Acer saccharum Marshall",5.9,283,"2016",318,"hard maple/oak/hickory/beech","Acer saccharum Marshall","sugar maple","Aceraceae","tree","saccharum",0.841,"hw4",-2.0127,2.4342,"AceraceaeAbove0.50spg","hardwood","Hardwood",0.56,-1.8011,2.3852,0.21103,0.95964,NA,"Check",201.085983591102,214.445182878565,NA
"Acer","ACSA3","NEON.PLA.D05.TREE.00113","TREE_055","TREE","D05",2015-07-29,"Live","single bole tree","Mostly shaded",130,NA,16.9,19.9,NA,41,"Acer saccharum Marshall",5.9,283,"2015",318,"hard maple/oak/hickory/beech","Acer saccharum Marshall","sugar maple","Aceraceae","tree","saccharum",0.841,"hw4",-2.0127,2.4342,"AceraceaeAbove0.50spg","hardwood","Hardwood",0.56,-1.8011,2.3852,0.21103,0.95964,NA,"Check",193.893680655657,206.926716522833,NA
"Acer","ACSA3","NEON.PLA.D05.TREE.00068","TREE_049","TREE","D05",2016-09-28,"Live","single bole tree",NA,130,NA,16.4,24.7,NA,23,"Acer saccharum Marshall",4,82.4,"2016",318,"hard maple/oak/hickory/beech","Acer saccharum Marshall","sugar maple","Aceraceae","tree","saccharum",0.841,"hw4",-2.0127,2.4342,"AceraceaeAbove0.50spg","hardwood","Hardwood",0.56,-1.8011,2.3852,0.21103,0.95964,NA,"Check",328.094099399852,346.459904676692,NA
"Acer","ACSA3","NEON.PLA.D05.TREE.00714","TREE_051","TREE","D05",2018-10-09,"Live","single bole tree",NA,130,NA,14.2,16.8,NA,59,"Acer saccharum Marshall",9.4,210.8,"2018",318,"hard maple/oak/hickory/beech","Acer saccharum Marshall","sugar maple","Aceraceae","tree","saccharum",0.841,"hw4",-2.0127,2.4342,"AceraceaeAbove0.50spg","hardwood","Hardwood",0.56,-1.8011,2.3852,0.21103,0.95964,NA,"Check",128.393592234816,138.165593662423,NA
"Acer","ACSA3","NEON.PLA.D05.TREE.00166","TREE_049","TREE","D05",2022-09-20,"Live,  other damage","small tree","Full shade",130,NA,10.8,9,NA,NA,"Acer saccharum Marshall",NA,NA,"2022",318,"hard maple/oak/hickory/beech","Acer saccharum Marshall","sugar maple","Aceraceae","tree","saccharum",0.841,"hw4",-2.0127,2.4342,"AceraceaeAbove0.50spg","hardwood","Hardwood",0.56,-1.8011,2.3852,0.21103,0.95964,NA,"Check",18.4353346549484,20.6288420854189,NA
"Acer","ACSA3","NEON.PLA.D05.TREE.00032","TREE_055","TREE","D05",2016-09-27,"Live","single bole tree",NA,130,NA,15.3,21.4,NA,59,"Acer saccharum Marshall",7.2,150.4,"2016",318,"hard maple/oak/hickory/beech","Acer saccharum Marshall","sugar maple","Aceraceae","tree","saccharum",0.841,"hw4",-2.0127,2.4342,"AceraceaeAbove0.50spg","hardwood","Hardwood",0.56,-1.8011,2.3852,0.21103,0.95964,NA,"Check",231.413506666186,246.090665560645,NA
"Acer","ACSA3","NEON.PLA.D05.TREE.00603","TREE_046","TREE","D05",2015-07-28,"Live","small tree","Mostly shaded",130,NA,6.7,4.9,NA,NA,"Acer saccharum Marshall",NA,NA,"2015",318,"hard maple/oak/hickory/beech","Acer saccharum Marshall","sugar maple","Aceraceae","tree","saccharum",0.841,"hw4",-2.0127,2.4342,"AceraceaeAbove0.50spg","hardwood","Hardwood",0.56,-1.8011,2.3852,0.21103,0.95964,NA,"Check",4.19671239175815,4.83806064468839,NA
"Acer","ACSA3","NEON.PLA.D05.TREE.00563","TREE_046","TREE","D05",2016-09-29,"Live","single bole tree",NA,130,NA,16.4,19.2,NA,57,"Acer saccharum Marshall",8.9,135.5,"2016",318,"hard maple/oak/hickory/beech","Acer saccharum Marshall","sugar maple","Aceraceae","tree","saccharum",0.841,"hw4",-2.0127,2.4342,"AceraceaeAbove0.50spg","hardwood","Hardwood",0.56,-1.8011,2.3852,0.21103,0.95964,NA,"Check",177.708150586367,189.986306317738,NA
"Acer","ACSA3","NEON.PLA.D05.TREE.00515","TREE_042","TREE","D05",2016-09-28,"Live","single bole tree",NA,130,NA,12.5,11.5,NA,25,"Acer saccharum Marshall",8.2,325.2,"2016",318,"hard maple/oak/hickory/beech","Acer saccharum Marshall","sugar maple","Aceraceae","tree","saccharum",0.841,"hw4",-2.0127,2.4342,"AceraceaeAbove0.50spg","hardwood","Hardwood",0.56,-1.8011,2.3852,0.21103,0.95964,NA,"Check",51.0324218606327,55.9459557447358,NA
"Acer","ACSA3","NEON.PLA.D05.TREE.00033","TREE_055","TREE","D05",2018-10-10,"Live","single bole tree",NA,130,NA,22.4,27.8,NA,39,"Acer saccharum Marshall",7.6,29.2,"2018",318,"hard maple/oak/hickory/beech","Acer saccharum Marshall","sugar maple","Aceraceae","tree","saccharum",0.841,"hw4",-2.0127,2.4342,"AceraceaeAbove0.50spg","hardwood","Hardwood",0.56,-1.8011,2.3852,0.21103,0.95964,NA,"Check",437.511364552214,459.333220181182,NA
"Acer","ACSA3","NEON.PLA.D05.TREE.00580","TREE_046","TREE","D05",2015-07-28,"Live","single bole tree","Full sun",130,NA,17.7,21.9,NA,41,"Acer saccharum Marshall",10.9,288.8,"2015",318,"hard maple/oak/hickory/beech","Acer saccharum Marshall","sugar maple","Aceraceae","tree","saccharum",0.841,"hw4",-2.0127,2.4342,"AceraceaeAbove0.50spg","hardwood","Hardwood",0.56,-1.8011,2.3852,0.21103,0.95964,NA,"Check",244.79613726152,260.027638203559,NA
"Acer","ACSA3","NEON.PLA.D05.TREE.01071","TREE_047","TREE","D05",2015-08-06,"Live","single bole tree","Full sun",130,NA,20,44.6,NA,61,"Acer saccharum Marshall",7.7,192.1,"2015",318,"hard maple/oak/hickory/beech","Acer saccharum Marshall","sugar maple","Aceraceae","tree","saccharum",0.841,"hw4",-2.0127,2.4342,"AceraceaeAbove0.50spg","hardwood","Hardwood",0.56,-1.8011,2.3852,0.21103,0.95964,NA,"Check",1382.6313800254,1418.35751358325,NA
"Acer","ACSA3","NEON.PLA.D05.TREE.00580","TREE_046","TREE","D05",2017-09-25,"Live","single bole tree",NA,130,NA,17.2,22.5,NA,41,"Acer saccharum Marshall",10.9,288.8,"2017",318,"hard maple/oak/hickory/beech","Acer saccharum Marshall","sugar maple","Aceraceae","tree","saccharum",0.841,"hw4",-2.0127,2.4342,"AceraceaeAbove0.50spg","hardwood","Hardwood",0.56,-1.8011,2.3852,0.21103,0.95964,NA,"Check",261.443700450106,277.343473761518,NA
"Acer","ACSA3","NEON.PLA.D05.TREE.00564","TREE_042","TREE","D05",2019-10-23,"Live","single bole tree",NA,120,NA,22.6,32.9,NA,59,"Acer saccharum Marshall",9.8,162.8,"2019",318,"hard maple/oak/hickory/beech","Acer saccharum Marshall","sugar maple","Aceraceae","tree","saccharum",0.841,"hw4",-2.0127,2.4342,"AceraceaeAbove0.50spg","hardwood","Hardwood",0.56,-1.8011,2.3852,0.21103,0.95964,NA,"Check",659.255483871026,686.448348384447,NA
"Acer","ACSA3","NEON.PLA.D05.TREE.00533","TREE_046","TREE","D05",2017-09-25,"Live","single bole tree",NA,130,NA,11.4,12,NA,41,"Acer saccharum Marshall",9,317.6,"2017",318,"hard maple/oak/hickory/beech","Acer saccharum Marshall","sugar maple","Aceraceae","tree","saccharum",0.841,"hw4",-2.0127,2.4342,"AceraceaeAbove0.50spg","hardwood","Hardwood",0.56,-1.8011,2.3852,0.21103,0.95964,NA,"Check",56.6028743174732,61.9234745396948,NA
"Acer","ACSA3","NEON.PLA.D05.TREE.02087","TREE_003","TREE","D05",2019-10-08,"Live","single bole tree","Mostly shaded",130,NA,15.3,22.6,NA,49,"Acer saccharum Marshall",1.2,164.9,"2019",318,"hard maple/oak/hickory/beech","Acer saccharum Marshall","sugar maple","Aceraceae","tree","saccharum",0.841,"hw4",-2.0127,2.4342,"AceraceaeAbove0.50spg","hardwood","Hardwood",0.56,-1.8011,2.3852,0.21103,0.95964,NA,"Check",264.281193147823,280.292616514285,NA
"Acer","ACSA3","NEON.PLA.D05.TREE.00621","TREE_053","TREE","D05",2017-08-30,"Live","small tree",NA,130,NA,5.3,5.5,NA,NA,"Acer saccharum Marshall",NA,NA,"2017",318,"hard maple/oak/hickory/beech","Acer saccharum Marshall","sugar maple","Aceraceae","tree","saccharum",0.841,"hw4",-2.0127,2.4342,"AceraceaeAbove0.50spg","hardwood","Hardwood",0.56,-1.8011,2.3852,0.21103,0.95964,NA,"Check",5.55935961646649,6.37277675271249,NA
"Acer","ACSA3","NEON.PLA.D05.TREE.00026","TREE_054","TREE","D05",2015-07-30,"Live","single bole tree","Full sun",130,NA,14.7,22.4,NA,39,"Acer saccharum Marshall",10,158.6,"2015",318,"hard maple/oak/hickory/beech","Acer saccharum Marshall","sugar maple","Aceraceae","tree","saccharum",0.841,"hw4",-2.0127,2.4342,"AceraceaeAbove0.50spg","hardwood","Hardwood",0.56,-1.8011,2.3852,0.21103,0.95964,NA,"Check",258.624237055752,274.412431486123,NA
"Acer","ACSA3","NEON.PLA.D05.TREE.00259","TREE_056","TREE","D05",2017-08-28,"Live","single bole tree",NA,130,NA,15.2,16.6,NA,59,"Acer saccharum Marshall",3.3,151.2,"2017",318,"hard maple/oak/hickory/beech","Acer saccharum Marshall","sugar maple","Aceraceae","tree","saccharum",0.841,"hw4",-2.0127,2.4342,"AceraceaeAbove0.50spg","hardwood","Hardwood",0.56,-1.8011,2.3852,0.21103,0.95964,NA,"Check",124.704637475395,134.274647285162,NA
"Acer","ACSA3","NEON.PLA.D05.TREE.00045","TREE_050","TREE","D05",2018-08-29,"Live","single bole tree",NA,130,NA,11.1,13,NA,39,"Acer saccharum Marshall",11,70.2,"2018",318,"hard maple/oak/hickory/beech","Acer saccharum Marshall","sugar maple","Aceraceae","tree","saccharum",0.841,"hw4",-2.0127,2.4342,"AceraceaeAbove0.50spg","hardwood","Hardwood",0.56,-1.8011,2.3852,0.21103,0.95964,NA,"Check",68.7790866715438,74.9496989166102,NA
"Acer","ACSA3","NEON.PLA.D05.TREE.00260","TREE_056","TREE","D05",2018-10-09,"Live","single bole tree",NA,130,NA,14.2,14.4,NA,59,"Acer saccharum Marshall",12.4,134.3,"2018",318,"hard maple/oak/hickory/beech","Acer saccharum Marshall","sugar maple","Aceraceae","tree","saccharum",0.841,"hw4",-2.0127,2.4342,"AceraceaeAbove0.50spg","hardwood","Hardwood",0.56,-1.8011,2.3852,0.21103,0.95964,NA,"Check",88.2229294629901,95.6573674813582,NA
"Acer","ACSA3","NEON.PLA.D05.TREE.00516","TREE_042","TREE","D05",2017-09-25,"Live","single bole tree",NA,150,NA,19.9,47.1,NA,25,"Acer saccharum Marshall",9.4,320.3,"2017",318,"hard maple/oak/hickory/beech","Acer saccharum Marshall","sugar maple","Aceraceae","tree","saccharum",0.841,"hw4",-2.0127,2.4342,"AceraceaeAbove0.50spg","hardwood","Hardwood",0.56,-1.8011,2.3852,0.21103,0.95964,NA,"Check",1578.93040684501,1615.40594311659,NA
"Acer","ACSA3","NEON.PLA.D05.TREE.00543","TREE_042","TREE","D05",2017-09-25,"Live","single bole tree",NA,130,NA,15.1,19,NA,23,"Acer saccharum Marshall",6.3,51.1,"2017",318,"hard maple/oak/hickory/beech","Acer saccharum Marshall","sugar maple","Aceraceae","tree","saccharum",0.841,"hw4",-2.0127,2.4342,"AceraceaeAbove0.50spg","hardwood","Hardwood",0.56,-1.8011,2.3852,0.21103,0.95964,NA,"Check",173.235746445548,185.299948082001,NA
"Acer","ACSA3","NEON.PLA.D05.TREE.00260","TREE_056","TREE","D05",2017-08-28,"Live","single bole tree",NA,130,NA,14.9,14.3,NA,59,"Acer saccharum Marshall",12.4,134.3,"2017",318,"hard maple/oak/hickory/beech","Acer saccharum Marshall","sugar maple","Aceraceae","tree","saccharum",0.841,"hw4",-2.0127,2.4342,"AceraceaeAbove0.50spg","hardwood","Hardwood",0.56,-1.8011,2.3852,0.21103,0.95964,NA,"Check",86.7390135294007,94.0805234753916,NA
"Acer","ACSA3","NEON.PLA.D05.TREE.00047","TREE_054","TREE","D05",2021-09-20,"Live","single bole tree","Partially shaded",130,NA,15.3,28.9,NA,39,"Acer saccharum Marshall",9,140.7,"2021",318,"hard maple/oak/hickory/beech","Acer saccharum Marshall","sugar maple","Aceraceae","tree","saccharum",0.841,"hw4",-2.0127,2.4342,"AceraceaeAbove0.50spg","hardwood","Hardwood",0.56,-1.8011,2.3852,0.21103,0.95964,NA,"Check",480.853769724272,503.878401792058,NA
"Acer","ACSA3","NEON.PLA.D05.TREE.01416","TREE_041","TREE","D05",2019-10-23,"Live","single bole tree",NA,130,NA,22.5,28.7,NA,41,"Acer saccharum Marshall",6.1,240.3,"2019",318,"hard maple/oak/hickory/beech","Acer saccharum Marshall","sugar maple","Aceraceae","tree","saccharum",0.841,"hw4",-2.0127,2.4342,"AceraceaeAbove0.50spg","hardwood","Hardwood",0.56,-1.8011,2.3852,0.21103,0.95964,NA,"Check",472.793622039138,495.600925516748,NA
"Acer","ACSA3","NEON.PLA.D05.TREE.00047","TREE_054","TREE","D05",2016-10-18,"Live","single bole tree",NA,130,NA,18.2,28,NA,39,"Acer saccharum Marshall",9,140.7,"2016",318,"hard maple/oak/hickory/beech","Acer saccharum Marshall","sugar maple","Aceraceae","tree","saccharum",0.841,"hw4",-2.0127,2.4342,"AceraceaeAbove0.50spg","hardwood","Hardwood",0.56,-1.8011,2.3852,0.21103,0.95964,NA,"Check",445.212732575779,467.254556333132,NA
"Acer","ACSA3","NEON.PLA.D05.TREE.01089","TREE_047","TREE","D05",2015-08-06,"Live","small tree","Mostly shaded",130,NA,3.7,3.5,NA,NA,"Acer saccharum Marshall",NA,NA,"2015",318,"hard maple/oak/hickory/beech","Acer saccharum Marshall","sugar maple","Aceraceae","tree","saccharum",0.841,"hw4",-2.0127,2.4342,"AceraceaeAbove0.50spg","hardwood","Hardwood",0.56,-1.8011,2.3852,0.21103,0.95964,NA,"Check",1.85013893546048,2.16833668362358,NA
"Acer","ACSA3","NEON.PLA.D05.TREE.00659","TREE_042","TREE","D05",2020-10-06,"Live","single bole tree","Partially shaded",130,NA,20.3,30.1,NA,41,"Acer saccharum Marshall",8.8,70.7,"2020",318,"hard maple/oak/hickory/beech","Acer saccharum Marshall","sugar maple","Aceraceae","tree","saccharum",0.841,"hw4",-2.0127,2.4342,"AceraceaeAbove0.50spg","hardwood","Hardwood",0.56,-1.8011,2.3852,0.21103,0.95964,NA,"Check",530.911411019648,555.225001483755,NA
"Acer","ACSA3","NEON.PLA.D05.TREE.00164","TREE_056","TREE","D05",2016-09-28,"Live","single bole tree",NA,130,NA,18.1,34,NA,23,"Acer saccharum Marshall",9.1,298.4,"2016",318,"hard maple/oak/hickory/beech","Acer saccharum Marshall","sugar maple","Aceraceae","tree","saccharum",0.841,"hw4",-2.0127,2.4342,"AceraceaeAbove0.50spg","hardwood","Hardwood",0.56,-1.8011,2.3852,0.21103,0.95964,NA,"Check",714.202681012067,742.464548429796,NA
"Acer","ACSA3","NEON.PLA.D05.TREE.00626","TREE_053","TREE","D05",2017-08-30,"Live","single bole tree",NA,130,NA,17.2,21.8,NA,41,"Acer saccharum Marshall",5.8,163.1,"2017",318,"hard maple/oak/hickory/beech","Acer saccharum Marshall","sugar maple","Aceraceae","tree","saccharum",0.841,"hw4",-2.0127,2.4342,"AceraceaeAbove0.50spg","hardwood","Hardwood",0.56,-1.8011,2.3852,0.21103,0.95964,NA,"Check",242.084115016131,257.20454414472,NA
"Acer","ACSA3","NEON.PLA.D05.TREE.00659","TREE_042","TREE","D05",2017-09-25,"Live","single bole tree",NA,130,NA,22.1,30,NA,41,"Acer saccharum Marshall",8.8,70.7,"2017",318,"hard maple/oak/hickory/beech","Acer saccharum Marshall","sugar maple","Aceraceae","tree","saccharum",0.841,"hw4",-2.0127,2.4342,"AceraceaeAbove0.50spg","hardwood","Hardwood",0.56,-1.8011,2.3852,0.21103,0.95964,NA,"Check",526.628131396782,550.83537785576,NA
"Acer","ACSA3","NEON.PLA.D05.TREE.00568","TREE_053","TREE","D05",2017-08-30,"Live","single bole tree",NA,130,NA,17.9,22.3,NA,41,"Acer saccharum Marshall",10.6,107,"2017",318,"hard maple/oak/hickory/beech","Acer saccharum Marshall","sugar maple","Aceraceae","tree","saccharum",0.841,"hw4",-2.0127,2.4342,"AceraceaeAbove0.50spg","hardwood","Hardwood",0.56,-1.8011,2.3852,0.21103,0.95964,NA,"Check",255.822768128299,271.499458657582,NA
"Acer","ACSA3","NEON.PLA.D05.TREE.00129","TREE_049","TREE","D05",2017-09-18,"Live","single bole tree",NA,130,NA,14.9,14.6,NA,25,"Acer saccharum Marshall",5.9,332.2,"2017",318,"hard maple/oak/hickory/beech","Acer saccharum Marshall","sugar maple","Aceraceae","tree","saccharum",0.841,"hw4",-2.0127,2.4342,"AceraceaeAbove0.50spg","hardwood","Hardwood",0.56,-1.8011,2.3852,0.21103,0.95964,NA,"Check",91.2353658355506,98.856820951819,NA
"Acer","ACSA3","NEON.PLA.D05.TREE.00129","TREE_049","TREE","D05",2021-09-23,"Live, physically damaged","single bole tree","Mostly shaded",170,NA,14.8,12.8,NA,25,"Acer saccharum Marshall",5.9,332.2,"2021",318,"hard maple/oak/hickory/beech","Acer saccharum Marshall","sugar maple","Aceraceae","tree","saccharum",0.841,"hw4",-2.0127,2.4342,"AceraceaeAbove0.50spg","hardwood","Hardwood",0.56,-1.8011,2.3852,0.21103,0.95964,NA,"Check",66.2317155494387,72.2286384505297,NA
"Acer","ACSA3","NEON.PLA.D05.TREE.00022","TREE_049","TREE","D05",2016-09-28,"Live","single bole tree",NA,130,NA,15,33,NA,41,"Acer saccharum Marshall",5.4,263,"2016",318,"hard maple/oak/hickory/beech","Acer saccharum Marshall","sugar maple","Aceraceae","tree","saccharum",0.841,"hw4",-2.0127,2.4342,"AceraceaeAbove0.50spg","hardwood","Hardwood",0.56,-1.8011,2.3852,0.21103,0.95964,NA,"Check",664.143809183316,691.435475345855,NA
"Acer","ACSA3","NEON.PLA.D05.TREE.00545","TREE_046","TREE","D05",2018-10-10,"Live","single bole tree",NA,130,NA,20.9,43.6,NA,59,"Acer saccharum Marshall",6.5,253.8,"2018",318,"hard maple/oak/hickory/beech","Acer saccharum Marshall","sugar maple","Aceraceae","tree","saccharum",0.841,"hw4",-2.0127,2.4342,"AceraceaeAbove0.50spg","hardwood","Hardwood",0.56,-1.8011,2.3852,0.21103,0.95964,NA,"Check",1308.37882990585,1343.6785455087,NA
"Acer","ACSA3","NEON.PLA.D05.TREE.00022","TREE_049","TREE","D05",2022-09-20,"Live","single bole tree","Partially shaded",140,NA,23.7,36.1,NA,41,"Acer saccharum Marshall",5.4,263,"2022",318,"hard maple/oak/hickory/beech","Acer saccharum Marshall","sugar maple","Aceraceae","tree","saccharum",0.841,"hw4",-2.0127,2.4342,"AceraceaeAbove0.50spg","hardwood","Hardwood",0.56,-1.8011,2.3852,0.21103,0.95964,NA,"Check",826.379484876598,856.561177390648,NA
"Acer","ACSA3","NEON.PLA.D05.TREE.00049","TREE_055","TREE","D05",2018-10-10,"Live","single bole tree",NA,130,NA,24.3,30.9,NA,57,"Acer saccharum Marshall",10.8,101,"2018",318,"hard maple/oak/hickory/beech","Acer saccharum Marshall","sugar maple","Aceraceae","tree","saccharum",0.841,"hw4",-2.0127,2.4342,"AceraceaeAbove0.50spg","hardwood","Hardwood",0.56,-1.8011,2.3852,0.21103,0.95964,NA,"Check",565.916591701159,591.073071289533,NA
"Acer","ACSA3","NEON.PLA.D05.TREE.00049","TREE_055","TREE","D05",2016-09-27,"Live","single bole tree",NA,130,NA,24.1,30.2,NA,57,"Acer saccharum Marshall",10.8,101,"2016",318,"hard maple/oak/hickory/beech","Acer saccharum Marshall","sugar maple","Aceraceae","tree","saccharum",0.841,"hw4",-2.0127,2.4342,"AceraceaeAbove0.50spg","hardwood","Hardwood",0.56,-1.8011,2.3852,0.21103,0.95964,NA,"Check",535.21514825495,559.634872695859,NA
"Acer","ACSA3","NEON.PLA.D05.TREE.00667","TREE_053","TREE","D05",2016-09-27,"Live","small tree",NA,130,NA,5.6,3,NA,NA,"Acer saccharum Marshall",NA,NA,"2016",318,"hard maple/oak/hickory/beech","Acer saccharum Marshall","sugar maple","Aceraceae","tree","saccharum",0.841,"hw4",-2.0127,2.4342,"AceraceaeAbove0.50spg","hardwood","Hardwood",0.56,-1.8011,2.3852,0.21103,0.95964,NA,"Check",1.27128366734489,1.50122308651942,NA
"Acer","ACSA3","NEON.PLA.D05.TREE.00180","TREE_049","TREE","D05",2021-09-23,"Live","multi-bole tree","Mostly shaded",130,NA,18.5,20.4,NA,41,"Acer saccharum Marshall",7.4,220,"2021",318,"hard maple/oak/hickory/beech","Acer saccharum Marshall","sugar maple","Aceraceae","tree","saccharum",0.841,"hw4",-2.0127,2.4342,"AceraceaeAbove0.50spg","hardwood","Hardwood",0.56,-1.8011,2.3852,0.21103,0.95964,NA,"Check",205.966813366614,219.544258513272,NA
"Acer","ACSA3","NEON.PLA.D05.TREE.00180","TREE_049","TREE","D05",2015-07-28,"Live","multi-bole tree","Partially shaded",130,NA,15.4,19.4,NA,41,"Acer saccharum Marshall",7.4,220,"2015",318,"hard maple/oak/hickory/beech","Acer saccharum Marshall","sugar maple","Aceraceae","tree","saccharum",0.841,"hw4",-2.0127,2.4342,"AceraceaeAbove0.50spg","hardwood","Hardwood",0.56,-1.8011,2.3852,0.21103,0.95964,NA,"Check",182.2478725238,194.740775385697,NA
"Acer","ACSA3","NEON.PLA.D05.TREE.00050","TREE_055","TREE","D05",2018-10-10,"Live","single bole tree",NA,130,NA,14.8,14.6,NA,57,"Acer saccharum Marshall",7.8,98.3,"2018",318,"hard maple/oak/hickory/beech","Acer saccharum Marshall","sugar maple","Aceraceae","tree","saccharum",0.841,"hw4",-2.0127,2.4342,"AceraceaeAbove0.50spg","hardwood","Hardwood",0.56,-1.8011,2.3852,0.21103,0.95964,NA,"Check",91.2353658355506,98.856820951819,NA
"Acer","ACSA3","NEON.PLA.D05.TREE.00562","TREE_053","TREE","D05",2018-10-09,"Live","single bole tree",NA,130,NA,20.9,33.2,NA,41,"Acer saccharum Marshall",9.5,62.8,"2018",318,"hard maple/oak/hickory/beech","Acer saccharum Marshall","sugar maple","Aceraceae","tree","saccharum",0.841,"hw4",-2.0127,2.4342,"AceraceaeAbove0.50spg","hardwood","Hardwood",0.56,-1.8011,2.3852,0.21103,0.95964,NA,"Check",673.984361398593,701.47268728387,NA
"Acer","ACRU","NEON.PLA.D05.TREE.01349A","TREE_039","TREE","D05",2016-10-18,"Live","multi-bole tree",NA,130,NA,NA,28.4,NA,NA,"Acer rubrum L.",NA,NA,"2016",316,"soft maple/birch","Acer rubrum L.","red maple","Aceraceae","tree","rubrum",0.744,"hw2",-1.9123,2.3651,"AceraceaeBelow0.50spg","hardwood","Hardwood",0.44,-2.047,2.3852,0.21103,0.95964,NA,"Check",404.335495292833,377.967188541866,NA
"Acer","ACRU","NEON.PLA.D05.TREE.01349A","TREE_039","TREE","D05",2019-10-23,"Live","multi-bole tree",NA,130,NA,18.4,30.1,NA,NA,"Acer rubrum L.",NA,NA,"2019",316,"soft maple/birch","Acer rubrum L.","red maple","Aceraceae","tree","rubrum",0.744,"hw2",-1.9123,2.3651,"AceraceaeBelow0.50spg","hardwood","Hardwood",0.44,-2.047,2.3852,0.21103,0.95964,NA,"Check",463.934084894209,434.186184942064,NA
"Acer","ACRU","NEON.PLA.D05.TREE.02851","TREE_011","TREE","D05",2017-11-01,"Live","small tree",NA,130,NA,2.4,1.1,NA,NA,"Acer rubrum L.",NA,NA,"2017",316,"soft maple/birch","Acer rubrum L.","red maple","Aceraceae","tree","rubrum",0.744,"hw2",-1.9123,2.3651,"AceraceaeBelow0.50spg","hardwood","Hardwood",0.44,-2.047,2.3852,0.21103,0.95964,NA,"Check",0.0919715809305997,0.0800580106252001,NA
"Acer","ACRU","NEON.PLA.D05.TREE.01349A","TREE_039","TREE","D05",2020-10-01,"Live","multi-bole tree",NA,130,NA,NA,30.5,NA,NA,"Acer rubrum L.",NA,NA,"2020",316,"soft maple/birch","Acer rubrum L.","red maple","Aceraceae","tree","rubrum",0.744,"hw2",-1.9123,2.3651,"AceraceaeBelow0.50spg","hardwood","Hardwood",0.44,-2.047,2.3852,0.21103,0.95964,NA,"Check",478.64796000839,448.075473452847,NA
"Acer","ACRU","NEON.PLA.D05.TREE.00887A","TREE_057","TREE","D05",2016-10-18,"Live","multi-bole tree",NA,130,NA,18.8,14.4,NA,41,"Acer rubrum L.",12.1,130.3,"2016",316,"soft maple/birch","Acer rubrum L.","red maple","Aceraceae","tree","rubrum",0.744,"hw2",-1.9123,2.3651,"AceraceaeBelow0.50spg","hardwood","Hardwood",0.44,-2.047,2.3852,0.21103,0.95964,NA,"Check",81.1225870833109,74.8041016476943,NA
"Acer","ACRU","NEON.PLA.D05.TREE.00887A","TREE_057","TREE","D05",2017-10-17,"Live","multi-bole tree",NA,130,NA,NA,14.7,NA,41,"Acer rubrum L.",12.1,130.3,"2017",316,"soft maple/birch","Acer rubrum L.","red maple","Aceraceae","tree","rubrum",0.744,"hw2",-1.9123,2.3651,"AceraceaeBelow0.50spg","hardwood","Hardwood",0.44,-2.047,2.3852,0.21103,0.95964,NA,"Check",85.1767157827489,78.5750203895561,NA
"Acer","ACRU","NEON.PLA.D05.TREE.00821A","TREE_057","TREE","D05",2017-10-17,"Live","multi-bole tree",NA,130,NA,NA,7.7,NA,39,"Acer rubrum L.",3.7,81,"2017",316,"soft maple/birch","Acer rubrum L.","red maple","Aceraceae","tree","rubrum",0.744,"hw2",-1.9123,2.3651,"AceraceaeBelow0.50spg","hardwood","Hardwood",0.44,-2.047,2.3852,0.21103,0.95964,NA,"Check",9.17054246446606,8.30104253259685,NA
"Acer","ACRU","NEON.PLA.D05.TREE.00502","TREE_046","TREE","D05",2016-09-29,"Live","single bole tree",NA,130,NA,20.1,26.1,NA,43,"Acer rubrum L.",10.1,217.6,"2016",316,"soft maple/birch","Acer rubrum L.","red maple","Aceraceae","tree","rubrum",0.744,"hw2",-1.9123,2.3651,"AceraceaeBelow0.50spg","hardwood","Hardwood",0.44,-2.047,2.3852,0.21103,0.95964,NA,"Check",331.127405408833,309.008292076492,NA
"Acer","ACRU","NEON.PLA.D05.TREE.00821A","TREE_057","TREE","D05",2016-10-18,"Live","multi-bole tree",NA,130,NA,NA,7.4,NA,39,"Acer rubrum L.",3.7,81,"2016",316,"soft maple/birch","Acer rubrum L.","red maple","Aceraceae","tree","rubrum",0.744,"hw2",-1.9123,2.3651,"AceraceaeBelow0.50spg","hardwood","Hardwood",0.44,-2.047,2.3852,0.21103,0.95964,NA,"Check",8.34787144550556,7.55033913924113,NA
"Acer","ACRU","NEON.PLA.D05.TREE.01098","TREE_044","TREE","D05",2015-08-05,"Live","small tree","Mostly shaded",130,NA,2.8,1.1,NA,NA,"Acer rubrum L.",NA,NA,"2015",316,"soft maple/birch","Acer rubrum L.","red maple","Aceraceae","tree","rubrum",0.744,"hw2",-1.9123,2.3651,"AceraceaeBelow0.50spg","hardwood","Hardwood",0.44,-2.047,2.3852,0.21103,0.95964,NA,"Check",0.0919715809305997,0.0800580106252001,NA
"Acer","ACRU","NEON.PLA.D05.TREE.01350","TREE_040","TREE","D05",2021-10-05,"Live","single bole tree","Partially shaded",130,NA,13.1,17.4,NA,25,"Acer rubrum L.",6.2,346,"2021",316,"soft maple/birch","Acer rubrum L.","red maple","Aceraceae","tree","rubrum",0.744,"hw2",-1.9123,2.3651,"AceraceaeBelow0.50spg","hardwood","Hardwood",0.44,-2.047,2.3852,0.21103,0.95964,NA,"Check",126.91755275432,117.478194293021,NA
"Acer","ACRU","NEON.PLA.D05.TREE.00411","TREE_057","TREE","D05",2016-10-18,"Live","single bole tree",NA,130,NA,15,18.1,NA,39,"Acer rubrum L.",10.4,46.8,"2016",316,"soft maple/birch","Acer rubrum L.","red maple","Aceraceae","tree","rubrum",0.744,"hw2",-1.9123,2.3651,"AceraceaeBelow0.50spg","hardwood","Hardwood",0.44,-2.047,2.3852,0.21103,0.95964,NA,"Check",139.326670760724,129.066678080231,NA
"Acer","ACRU","NEON.PLA.D05.TREE.01350","TREE_040","TREE","D05",2020-09-29,"Live","single bole tree","Partially shaded",130,NA,13.2,17.4,NA,25,"Acer rubrum L.",6.2,346,"2020",316,"soft maple/birch","Acer rubrum L.","red maple","Aceraceae","tree","rubrum",0.744,"hw2",-1.9123,2.3651,"AceraceaeBelow0.50spg","hardwood","Hardwood",0.44,-2.047,2.3852,0.21103,0.95964,NA,"Check",126.91755275432,117.478194293021,NA
"Acer","ACRU","NEON.PLA.D05.TREE.01350","TREE_040","TREE","D05",2017-10-19,"Live","single bole tree",NA,130,NA,12.1,17.4,NA,25,"Acer rubrum L.",6.2,346,"2017",316,"soft maple/birch","Acer rubrum L.","red maple","Aceraceae","tree","rubrum",0.744,"hw2",-1.9123,2.3651,"AceraceaeBelow0.50spg","hardwood","Hardwood",0.44,-2.047,2.3852,0.21103,0.95964,NA,"Check",126.91755275432,117.478194293021,NA
"Acer","ACRU","NEON.PLA.D05.TREE.01350","TREE_040","TREE","D05",2016-10-20,"Live","single bole tree",NA,130,NA,12.1,17,NA,25,"Acer rubrum L.",6.2,346,"2016",316,"soft maple/birch","Acer rubrum L.","red maple","Aceraceae","tree","rubrum",0.744,"hw2",-1.9123,2.3651,"AceraceaeBelow0.50spg","hardwood","Hardwood",0.44,-2.047,2.3852,0.21103,0.95964,NA,"Check",120.12500153002,111.138866421249,NA
"Acer","ACRU","NEON.PLA.D05.TREE.01370","TREE_045","TREE","D05",2018-10-17,"Live","single bole tree",NA,130,NA,18.6,34.6,NA,57,"Acer rubrum L.",8.8,179.1,"2018",316,"soft maple/birch","Acer rubrum L.","red maple","Aceraceae","tree","rubrum",0.744,"hw2",-1.9123,2.3651,"AceraceaeBelow0.50spg","hardwood","Hardwood",0.44,-2.047,2.3852,0.21103,0.95964,NA,"Check",645.011627296007,605.345762143836,NA
"Acer","ACRU","NEON.PLA.D05.TREE.02523B","TREE_014","TREE","D05",2017-10-26,"Live","multi-bole tree",NA,140,NA,NA,15.2,NA,NA,"Acer rubrum L.",NA,NA,"2017",316,"soft maple/birch","Acer rubrum L.","red maple","Aceraceae","tree","rubrum",0.744,"hw2",-1.9123,2.3651,"AceraceaeBelow0.50spg","hardwood","Hardwood",0.44,-2.047,2.3852,0.21103,0.95964,NA,"Check",92.1885389478405,85.1005802932459,NA
"Acer","ACRU","NEON.PLA.D05.TREE.02523B","TREE_014","TREE","D05",2019-10-16,"Live","multi-bole tree","Full sun",150,NA,17,15.8,NA,NA,"Acer rubrum L.",NA,NA,"2019",316,"soft maple/birch","Acer rubrum L.","red maple","Aceraceae","tree","rubrum",0.744,"hw2",-1.9123,2.3651,"AceraceaeBelow0.50spg","hardwood","Hardwood",0.44,-2.047,2.3852,0.21103,0.95964,NA,"Check",101.028182156511,93.333183483556,NA
"Acer","ACRU","NEON.PLA.D05.TREE.01436","TREE_041","TREE","D05",2017-10-16,"Live","single bole tree",NA,130,NA,22.8,23.7,NA,21,"Acer rubrum L.",9,15.3,"2017",316,"soft maple/birch","Acer rubrum L.","red maple","Aceraceae","tree","rubrum",0.744,"hw2",-1.9123,2.3651,"AceraceaeBelow0.50spg","hardwood","Hardwood",0.44,-2.047,2.3852,0.21103,0.95964,NA,"Check",263.582137416509,245.498560782943,NA
"Acer","ACRU","NEON.PLA.D05.TREE.02878A","TREE_017","TREE","D05",2019-11-04,"Live","multi-bole tree","Full sun",130,NA,17.3,17.7,NA,51,"Acer rubrum L.",5.1,239.4,"2019",316,"soft maple/birch","Acer rubrum L.","red maple","Aceraceae","tree","rubrum",0.744,"hw2",-1.9123,2.3651,"AceraceaeBelow0.50spg","hardwood","Hardwood",0.44,-2.047,2.3852,0.21103,0.95964,NA,"Check",132.15397619164,122.367202204457,NA
"Acer","ACRU","NEON.PLA.D05.TREE.01436","TREE_041","TREE","D05",2015-08-10,"Live","single bole tree","Partially shaded",130,NA,19.2,23.4,NA,21,"Acer rubrum L.",9,15.3,"2015",316,"soft maple/birch","Acer rubrum L.","red maple","Aceraceae","tree","rubrum",0.744,"hw2",-1.9123,2.3651,"AceraceaeBelow0.50spg","hardwood","Hardwood",0.44,-2.047,2.3852,0.21103,0.95964,NA,"Check",255.759095056401,238.151246312447,NA
"Acer","ACRU","NEON.PLA.D05.TREE.01352","TREE_040","TREE","D05",2019-10-23,"Live","single bole tree",NA,130,NA,10.9,27.9,NA,25,"Acer rubrum L.",9,334.2,"2019",316,"soft maple/birch","Acer rubrum L.","red maple","Aceraceae","tree","rubrum",0.744,"hw2",-1.9123,2.3651,"AceraceaeBelow0.50spg","hardwood","Hardwood",0.44,-2.047,2.3852,0.21103,0.95964,NA,"Check",387.701216243408,362.28832698708,NA
"Acer","ACRU","NEON.PLA.D05.TREE.01352","TREE_040","TREE","D05",2017-10-19,"Live","single bole tree",NA,130,NA,11.3,27.7,NA,25,"Acer rubrum L.",9,334.2,"2017",316,"soft maple/birch","Acer rubrum L.","red maple","Aceraceae","tree","rubrum",0.744,"hw2",-1.9123,2.3651,"AceraceaeBelow0.50spg","hardwood","Hardwood",0.44,-2.047,2.3852,0.21103,0.95964,NA,"Check",381.160215722697,356.124572340631,NA
"Acer","ACRU","NEON.PLA.D05.TREE.01352","TREE_040","TREE","D05",2015-08-10,"Live","single bole tree","Partially shaded",140,NA,13.4,27.7,NA,25,"Acer rubrum L.",9,334.2,"2015",316,"soft maple/birch","Acer rubrum L.","red maple","Aceraceae","tree","rubrum",0.744,"hw2",-1.9123,2.3651,"AceraceaeBelow0.50spg","hardwood","Hardwood",0.44,-2.047,2.3852,0.21103,0.95964,NA,"Check",381.160215722697,356.124572340631,NA
"Acer","ACRU","NEON.PLA.D05.TREE.01352","TREE_040","TREE","D05",2018-10-18,"Live","single bole tree",NA,130,NA,13.3,27.8,NA,25,"Acer rubrum L.",9,334.2,"2018",316,"soft maple/birch","Acer rubrum L.","red maple","Aceraceae","tree","rubrum",0.744,"hw2",-1.9123,2.3651,"AceraceaeBelow0.50spg","hardwood","Hardwood",0.44,-2.047,2.3852,0.21103,0.95964,NA,"Check",384.422686209687,359.198771587479,NA
"Acer","ACRU","NEON.PLA.D05.TREE.01352","TREE_040","TREE","D05",2016-10-20,"Live","single bole tree",NA,130,NA,11,26.7,NA,25,"Acer rubrum L.",9,334.2,"2016",316,"soft maple/birch","Acer rubrum L.","red maple","Aceraceae","tree","rubrum",0.744,"hw2",-1.9123,2.3651,"AceraceaeBelow0.50spg","hardwood","Hardwood",0.44,-2.047,2.3852,0.21103,0.95964,NA,"Check",349.414116339438,326.222458344787,NA
"Acer","ACRU","NEON.PLA.D05.TREE.03175","TREE_043","TREE","D05",2018-10-15,"Live","small tree",NA,130,NA,2.7,1.1,NA,NA,"Acer rubrum L.",NA,NA,"2018",316,"soft maple/birch","Acer rubrum L.","red maple","Aceraceae","tree","rubrum",0.744,"hw2",-1.9123,2.3651,"AceraceaeBelow0.50spg","hardwood","Hardwood",0.44,-2.047,2.3852,0.21103,0.95964,NA,"Check",0.0919715809305997,0.0800580106252001,NA
"Acer","ACRU","NEON.PLA.D05.TREE.02528","TREE_009","TREE","D05",2017-10-26,"Live","small tree",NA,130,NA,3,1.4,NA,NA,"Acer rubrum L.",NA,NA,"2017",316,"soft maple/birch","Acer rubrum L.","red maple","Aceraceae","tree","rubrum",0.744,"hw2",-1.9123,2.3651,"AceraceaeBelow0.50spg","hardwood","Hardwood",0.44,-2.047,2.3852,0.21103,0.95964,NA,"Check",0.162690887876099,0.142304800931639,NA
"Acer","ACRU","NEON.PLA.D05.TREE.02184","TREE_016","TREE","D05",2017-10-24,"Live, physically damaged","single bole tree","Full sun",130,NA,16.1,26.6,NA,49,"Acer rubrum L.",3.5,116.4,"2017",316,"soft maple/birch","Acer rubrum L.","red maple","Aceraceae","tree","rubrum",0.744,"hw2",-1.9123,2.3651,"AceraceaeBelow0.50spg","hardwood","Hardwood",0.44,-2.047,2.3852,0.21103,0.95964,NA,"Check",346.326896451606,323.315760342683,NA
"Acer","ACRU","NEON.PLA.D05.TREE.02530","TREE_009","TREE","D05",2017-10-26,"Live","small tree",NA,130,NA,2.9,1.2,NA,NA,"Acer rubrum L.",NA,NA,"2017",316,"soft maple/birch","Acer rubrum L.","red maple","Aceraceae","tree","rubrum",0.744,"hw2",-1.9123,2.3651,"AceraceaeBelow0.50spg","hardwood","Hardwood",0.44,-2.047,2.3852,0.21103,0.95964,NA,"Check",0.112986713722055,0.0985231002614041,NA
"Acer","ACRU","NEON.PLA.D05.TREE.03996","TREE_010","TREE","D05",2017-10-24,"Live","small tree",NA,130,NA,4.4,2.3,NA,NA,"Acer rubrum L.",NA,NA,"2017",316,"soft maple/birch","Acer rubrum L.","red maple","Aceraceae","tree","rubrum",0.744,"hw2",-1.9123,2.3651,"AceraceaeBelow0.50spg","hardwood","Hardwood",0.44,-2.047,2.3852,0.21103,0.95964,NA,"Check",0.526354471942132,0.465016320984426,NA
"Acer","ACRU","NEON.PLA.D05.TREE.02532","TREE_009","TREE","D05",2017-10-26,"Live","small tree",NA,130,NA,2.8,1.1,NA,NA,"Acer rubrum L.",NA,NA,"2017",316,"soft maple/birch","Acer rubrum L.","red maple","Aceraceae","tree","rubrum",0.744,"hw2",-1.9123,2.3651,"AceraceaeBelow0.50spg","hardwood","Hardwood",0.44,-2.047,2.3852,0.21103,0.95964,NA,"Check",0.0919715809305997,0.0800580106252001,NA
"Acer","ACRU","NEON.PLA.D05.TREE.02691A","TREE_023","TREE","D05",2019-11-04,"Live, physically damaged","multi-bole tree","Partially shaded",130,NA,15.8,10,NA,NA,"Acer rubrum L.",NA,NA,"2019",316,"soft maple/birch","Acer rubrum L.","red maple","Aceraceae","tree","rubrum",0.744,"hw2",-1.9123,2.3651,"AceraceaeBelow0.50spg","hardwood","Hardwood",0.44,-2.047,2.3852,0.21103,0.95964,NA,"Check",17.0159347727837,15.4837076021259,NA
"Acer","ACSA3","NEON.PLA.D05.TREE.00306","TREE_054","TREE","D05",2021-09-20,"Live","single bole tree","Partially shaded",130,NA,13.1,20,NA,23,"Acer saccharum Marshall",8.1,300,"2021",318,"hard maple/oak/hickory/beech","Acer saccharum Marshall","sugar maple","Aceraceae","tree","saccharum",0.841,"hw4",-2.0127,2.4342,"AceraceaeAbove0.50spg","hardwood","Hardwood",0.56,-1.8011,2.3852,0.21103,0.95964,NA,"Check",196.273972149929,209.415563279415,NA
"Acer","ACSA3","NEON.PLA.D05.TREE.00306","TREE_054","TREE","D05",2017-08-30,"Live","single bole tree",NA,130,NA,13.2,18,NA,23,"Acer saccharum Marshall",8.1,300,"2017",318,"hard maple/oak/hickory/beech","Acer saccharum Marshall","sugar maple","Aceraceae","tree","saccharum",0.841,"hw4",-2.0127,2.4342,"AceraceaeAbove0.50spg","hardwood","Hardwood",0.56,-1.8011,2.3852,0.21103,0.95964,NA,"Check",151.872739961301,162.880160204249,NA
"Acer","ACSA3","NEON.PLA.D05.TREE.00389","TREE_054","TREE","D05",2015-07-30,"Live","single bole tree","Mostly shaded",130,NA,13.5,16.5,NA,43,"Acer saccharum Marshall",9.1,354.6,"2015",318,"hard maple/oak/hickory/beech","Acer saccharum Marshall","sugar maple","Aceraceae","tree","saccharum",0.841,"hw4",-2.0127,2.4342,"AceraceaeAbove0.50spg","hardwood","Hardwood",0.56,-1.8011,2.3852,0.21103,0.95964,NA,"Check",122.883879358667,132.353342126551,NA
"Acer","ACSA3","NEON.PLA.D05.TREE.00389","TREE_054","TREE","D05",2022-09-07,"Live","single bole tree","Mostly shaded",130,NA,15,17.1,NA,43,"Acer saccharum Marshall",9.1,354.6,"2022",318,"hard maple/oak/hickory/beech","Acer saccharum Marshall","sugar maple","Aceraceae","tree","saccharum",0.841,"hw4",-2.0127,2.4342,"AceraceaeAbove0.50spg","hardwood","Hardwood",0.56,-1.8011,2.3852,0.21103,0.95964,NA,"Check",134.046237428919,144.123410680634,NA
"Acer","ACSA3","NEON.PLA.D05.TREE.00656","TREE_046","TREE","D05",2021-09-21,"Live","small tree","Full shade",150,NA,10.3,8.9,NA,NA,"Acer saccharum Marshall",NA,NA,"2021",318,"hard maple/oak/hickory/beech","Acer saccharum Marshall","sugar maple","Aceraceae","tree","saccharum",0.841,"hw4",-2.0127,2.4342,"AceraceaeAbove0.50spg","hardwood","Hardwood",0.56,-1.8011,2.3852,0.21103,0.95964,NA,"Check",17.9406867529904,20.0863331540566,NA
"Acer","ACSA3","NEON.PLA.D05.TREE.00656","TREE_046","TREE","D05",2022-09-19,"Live","small tree","Full shade",150,NA,10.5,9.2,NA,NA,"Acer saccharum Marshall",NA,NA,"2022",318,"hard maple/oak/hickory/beech","Acer saccharum Marshall","sugar maple","Aceraceae","tree","saccharum",0.841,"hw4",-2.0127,2.4342,"AceraceaeAbove0.50spg","hardwood","Hardwood",0.56,-1.8011,2.3852,0.21103,0.95964,NA,"Check",19.448505702819,21.7391392090064,NA
"Acer","ACSA3","NEON.PLA.D05.TREE.00630","TREE_042","TREE","D05",2020-10-06,"Live","single bole tree","Partially shaded",130,NA,17.1,13.2,NA,41,"Acer saccharum Marshall",12.8,45.4,"2020",318,"hard maple/oak/hickory/beech","Acer saccharum Marshall","sugar maple","Aceraceae","tree","saccharum",0.841,"hw4",-2.0127,2.4342,"AceraceaeAbove0.50spg","hardwood","Hardwood",0.56,-1.8011,2.3852,0.21103,0.95964,NA,"Check",71.3832898751995,77.7293702886172,NA
"Acer","ACSA3","NEON.PLA.D05.TREE.00055","TREE_051","TREE","D05",2017-09-26,"Live","small tree",NA,130,NA,5.5,8.5,NA,NA,"Acer saccharum Marshall",NA,NA,"2017",318,"hard maple/oak/hickory/beech","Acer saccharum Marshall","sugar maple","Aceraceae","tree","saccharum",0.841,"hw4",-2.0127,2.4342,"AceraceaeAbove0.50spg","hardwood","Hardwood",0.56,-1.8011,2.3852,0.21103,0.95964,NA,"Check",16.0407791034084,17.9997154441089,NA
"Acer","ACSA3","NEON.PLA.D05.TREE.00183","TREE_055","TREE","D05",2015-07-29,"Live","small tree","Full shade",130,NA,3.8,3.6,NA,NA,"Acer saccharum Marshall",NA,NA,"2015",318,"hard maple/oak/hickory/beech","Acer saccharum Marshall","sugar maple","Aceraceae","tree","saccharum",0.841,"hw4",-2.0127,2.4342,"AceraceaeAbove0.50spg","hardwood","Hardwood",0.56,-1.8011,2.3852,0.21103,0.95964,NA,"Check",1.9814606707525,2.31904055006851,NA
"Acer","ACSA3","NEON.PLA.D05.TREE.00259","TREE_056","TREE","D05",2015-07-29,"Live","single bole tree","Partially shaded",130,NA,13.4,16.4,NA,59,"Acer saccharum Marshall",3.3,151.2,"2015",318,"hard maple/oak/hickory/beech","Acer saccharum Marshall","sugar maple","Aceraceae","tree","saccharum",0.841,"hw4",-2.0127,2.4342,"AceraceaeAbove0.50spg","hardwood","Hardwood",0.56,-1.8011,2.3852,0.21103,0.95964,NA,"Check",121.078878936372,130.448099129603,NA
"Acer","ACSA3","NEON.PLA.D05.TREE.00090","TREE_055","TREE","D05",2018-10-10,"Live","small tree",NA,130,NA,5,2.7,NA,NA,"Acer saccharum Marshall",NA,NA,"2018",318,"hard maple/oak/hickory/beech","Acer saccharum Marshall","sugar maple","Aceraceae","tree","saccharum",0.841,"hw4",-2.0127,2.4342,"AceraceaeAbove0.50spg","hardwood","Hardwood",0.56,-1.8011,2.3852,0.21103,0.95964,NA,"Check",0.98369300683554,1.16762791172473,NA
"Acer","ACSA3","NEON.PLA.D05.TREE.00151","TREE_049","TREE","D05",2017-09-18,"Live","small tree",NA,130,NA,10.9,5.1,NA,21,"Acer saccharum Marshall",3.9,32.5,"2017",318,"hard maple/oak/hickory/beech","Acer saccharum Marshall","sugar maple","Aceraceae","tree","saccharum",0.841,"hw4",-2.0127,2.4342,"AceraceaeAbove0.50spg","hardwood","Hardwood",0.56,-1.8011,2.3852,0.21103,0.95964,NA,"Check",4.62595316943505,5.32245504379181,NA
"Acer","ACSA3","NEON.PLA.D05.TREE.00581","TREE_046","TREE","D05",2021-09-21,"Live","small tree","Full shade",130,NA,7.6,4.6,NA,NA,"Acer saccharum Marshall",NA,NA,"2021",318,"hard maple/oak/hickory/beech","Acer saccharum Marshall","sugar maple","Aceraceae","tree","saccharum",0.841,"hw4",-2.0127,2.4342,"AceraceaeAbove0.50spg","hardwood","Hardwood",0.56,-1.8011,2.3852,0.21103,0.95964,NA,"Check",3.59847941883307,4.16126714908163,NA
"Acer","ACSA3","NEON.PLA.D05.TREE.00657","TREE_046","TREE","D05",2017-09-25,"Live","single bole tree",NA,130,NA,13.2,13.3,NA,25,"Acer saccharum Marshall",7.5,344.7,"2017",318,"hard maple/oak/hickory/beech","Acer saccharum Marshall","sugar maple","Aceraceae","tree","saccharum",0.841,"hw4",-2.0127,2.4342,"AceraceaeAbove0.50spg","hardwood","Hardwood",0.56,-1.8011,2.3852,0.21103,0.95964,NA,"Check",72.7068217618969,79.141293226848,NA
"Acer","ACSA3","NEON.PLA.D05.TREE.01075","TREE_047","TREE","D05",2015-08-06,"Live","single bole tree","Full sun",130,NA,19.3,29,NA,57,"Acer saccharum Marshall",6.9,109.1,"2015",318,"hard maple/oak/hickory/beech","Acer saccharum Marshall","sugar maple","Aceraceae","tree","saccharum",0.841,"hw4",-2.0127,2.4342,"AceraceaeAbove0.50spg","hardwood","Hardwood",0.56,-1.8011,2.3852,0.21103,0.95964,NA,"Check",484.913977561186,508.047025757933,NA
"Acer","ACSA3","NEON.PLA.D05.TREE.00558","TREE_053","TREE","D05",2016-09-27,"Live","single bole tree",NA,130,NA,12.7,15.9,NA,59,"Acer saccharum Marshall",16.1,93.9,"2016",318,"hard maple/oak/hickory/beech","Acer saccharum Marshall","sugar maple","Aceraceae","tree","saccharum",0.841,"hw4",-2.0127,2.4342,"AceraceaeAbove0.50spg","hardwood","Hardwood",0.56,-1.8011,2.3852,0.21103,0.95964,NA,"Check",112.288783354989,121.16149671899,NA
"Acer","ACSA3","NEON.PLA.D05.TREE.01075","TREE_047","TREE","D05",2018-08-28,"Live","single bole tree",NA,130,NA,19.7,29.3,NA,57,"Acer saccharum Marshall",6.9,109.1,"2018",318,"hard maple/oak/hickory/beech","Acer saccharum Marshall","sugar maple","Aceraceae","tree","saccharum",0.841,"hw4",-2.0127,2.4342,"AceraceaeAbove0.50spg","hardwood","Hardwood",0.56,-1.8011,2.3852,0.21103,0.95964,NA,"Check",497.215498893679,520.672759276331,NA
"Acer","ACSA3","NEON.PLA.D05.TREE.00252","TREE_056","TREE","D05",2021-09-22,"Live","single bole tree","Partially shaded",130,NA,19.1,31.8,NA,59,"Acer saccharum Marshall",9.7,173.2,"2021",318,"hard maple/oak/hickory/beech","Acer saccharum Marshall","sugar maple","Aceraceae","tree","saccharum",0.841,"hw4",-2.0127,2.4342,"AceraceaeAbove0.50spg","hardwood","Hardwood",0.56,-1.8011,2.3852,0.21103,0.95964,NA,"Check",606.88107093587,632.967447073664,NA
"Acer","ACSA3","NEON.PLA.D05.TREE.00682","TREE_046","TREE","D05",2016-09-29,"Live, physically damaged","small tree",NA,150,NA,5.6,4.3,NA,NA,"Acer saccharum Marshall",NA,NA,"2016",318,"hard maple/oak/hickory/beech","Acer saccharum Marshall","sugar maple","Aceraceae","tree","saccharum",0.841,"hw4",-2.0127,2.4342,"AceraceaeAbove0.50spg","hardwood","Hardwood",0.56,-1.8011,2.3852,0.21103,0.95964,NA,"Check",3.05367507188973,3.54294636717641,NA
"Acer","ACSA3","NEON.PLA.D05.TREE.01223","TREE_047","TREE","D05",2017-10-16,"Live","single bole tree",NA,130,NA,17.9,20,NA,57,"Acer saccharum Marshall",13,141,"2017",318,"hard maple/oak/hickory/beech","Acer saccharum Marshall","sugar maple","Aceraceae","tree","saccharum",0.841,"hw4",-2.0127,2.4342,"AceraceaeAbove0.50spg","hardwood","Hardwood",0.56,-1.8011,2.3852,0.21103,0.95964,NA,"Check",196.273972149929,209.415563279415,NA
"Acer","ACSA3","NEON.PLA.D05.TREE.01416","TREE_041","TREE","D05",2020-09-28,"Live","single bole tree","Partially shaded",130,NA,20.5,29,NA,41,"Acer saccharum Marshall",6.1,240.3,"2020",318,"hard maple/oak/hickory/beech","Acer saccharum Marshall","sugar maple","Aceraceae","tree","saccharum",0.841,"hw4",-2.0127,2.4342,"AceraceaeAbove0.50spg","hardwood","Hardwood",0.56,-1.8011,2.3852,0.21103,0.95964,NA,"Check",484.913977561186,508.047025757933,NA
"Acer","ACSA3","NEON.PLA.D05.TREE.00164","TREE_056","TREE","D05",2017-09-25,"Live","single bole tree",NA,130,NA,18,33.9,NA,23,"Acer saccharum Marshall",9.1,298.4,"2017",318,"hard maple/oak/hickory/beech","Acer saccharum Marshall","sugar maple","Aceraceae","tree","saccharum",0.841,"hw4",-2.0127,2.4342,"AceraceaeAbove0.50spg","hardwood","Hardwood",0.56,-1.8011,2.3852,0.21103,0.95964,NA,"Check",709.100189832786,737.266547481108,NA
"Acer","ACSA3","NEON.PLA.D05.TREE.00164","TREE_056","TREE","D05",2015-07-29,"Live","single bole tree","Full sun",130,NA,17.1,33.3,NA,23,"Acer saccharum Marshall",9.1,298.4,"2015",318,"hard maple/oak/hickory/beech","Acer saccharum Marshall","sugar maple","Aceraceae","tree","saccharum",0.841,"hw4",-2.0127,2.4342,"AceraceaeAbove0.50spg","hardwood","Hardwood",0.56,-1.8011,2.3852,0.21103,0.95964,NA,"Check",678.936644233985,706.522821143323,NA
"Acer","ACSA3","NEON.PLA.D05.TREE.00659","TREE_042","TREE","D05",2016-09-28,"Live","single bole tree",NA,130,NA,21.4,29.7,NA,41,"Acer saccharum Marshall",8.8,70.7,"2016",318,"hard maple/oak/hickory/beech","Acer saccharum Marshall","sugar maple","Aceraceae","tree","saccharum",0.841,"hw4",-2.0127,2.4342,"AceraceaeAbove0.50spg","hardwood","Hardwood",0.56,-1.8011,2.3852,0.21103,0.95964,NA,"Check",513.900742539396,537.787732829428,NA
"Acer","ACSA3","NEON.PLA.D05.TREE.00195","TREE_056","TREE","D05",2018-10-09,"Live","single bole tree",NA,130,NA,12.6,13.2,NA,39,"Acer saccharum Marshall",8.3,140.9,"2018",318,"hard maple/oak/hickory/beech","Acer saccharum Marshall","sugar maple","Aceraceae","tree","saccharum",0.841,"hw4",-2.0127,2.4342,"AceraceaeAbove0.50spg","hardwood","Hardwood",0.56,-1.8011,2.3852,0.21103,0.95964,NA,"Check",71.3832898751995,77.7293702886172,NA
"Acer","ACSA3","NEON.PLA.D05.TREE.00394","TREE_051","TREE","D05",2016-09-28,"Live","single bole tree",NA,130,NA,13.9,15.5,NA,59,"Acer saccharum Marshall",5.3,171.4,"2016",318,"hard maple/oak/hickory/beech","Acer saccharum Marshall","sugar maple","Aceraceae","tree","saccharum",0.841,"hw4",-2.0127,2.4342,"AceraceaeAbove0.50spg","hardwood","Hardwood",0.56,-1.8011,2.3852,0.21103,0.95964,NA,"Check",105.536069580076,114.017463478061,NA
"Acer","ACSA3","NEON.PLA.D05.TREE.00066","TREE_056","TREE","D05",2021-09-22,"Live","single bole tree","Partially shaded",130,NA,11.3,12.4,NA,21,"Acer saccharum Marshall",3.2,11.2,"2021",318,"hard maple/oak/hickory/beech","Acer saccharum Marshall","sugar maple","Aceraceae","tree","saccharum",0.841,"hw4",-2.0127,2.4342,"AceraceaeAbove0.50spg","hardwood","Hardwood",0.56,-1.8011,2.3852,0.21103,0.95964,NA,"Check",61.3059409130086,66.9609508582042,NA
"Acer","ACSA3","NEON.PLA.D05.TREE.00560","TREE_042","TREE","D05",2015-07-27,"Live, disease damaged","single bole tree","Partially shaded",130,NA,18.3,36,NA,25,"Acer saccharum Marshall",5.9,337.6,"2015",318,"hard maple/oak/hickory/beech","Acer saccharum Marshall","sugar maple","Aceraceae","tree","saccharum",0.841,"hw4",-2.0127,2.4342,"AceraceaeAbove0.50spg","hardwood","Hardwood",0.56,-1.8011,2.3852,0.21103,0.95964,NA,"Check",820.818325035169,850.912558653415,NA
"Acer","ACSA3","NEON.PLA.D05.TREE.01453","TREE_041","TREE","D05",2022-09-06,"Live, disease damaged","single bole tree","Partially shaded",130,NA,20.3,24.7,NA,41,"Acer saccharum Marshall",9.4,233.6,"2022",318,"hard maple/oak/hickory/beech","Acer saccharum Marshall","sugar maple","Aceraceae","tree","saccharum",0.841,"hw4",-2.0127,2.4342,"AceraceaeAbove0.50spg","hardwood","Hardwood",0.56,-1.8011,2.3852,0.21103,0.95964,NA,"Check",328.094099399852,346.459904676692,NA
"Acer","ACSA3","NEON.PLA.D05.TREE.00340","TREE_054","TREE","D05",2017-08-30,"Live,  other damage","single bole tree",NA,130,NA,14.9,24.4,NA,21,"Acer saccharum Marshall",9.7,49.1,"2017",318,"hard maple/oak/hickory/beech","Acer saccharum Marshall","sugar maple","Aceraceae","tree","saccharum",0.841,"hw4",-2.0127,2.4342,"AceraceaeAbove0.50spg","hardwood","Hardwood",0.56,-1.8011,2.3852,0.21103,0.95964,NA,"Check",318.478274464284,336.507247640343,NA
"Acer","ACSA3","NEON.PLA.D05.TREE.00660","TREE_042","TREE","D05",2020-10-06,"Live","single bole tree","Mostly shaded",130,NA,12.3,13.2,NA,43,"Acer saccharum Marshall",9.4,288.3,"2020",318,"hard maple/oak/hickory/beech","Acer saccharum Marshall","sugar maple","Aceraceae","tree","saccharum",0.841,"hw4",-2.0127,2.4342,"AceraceaeAbove0.50spg","hardwood","Hardwood",0.56,-1.8011,2.3852,0.21103,0.95964,NA,"Check",71.3832898751995,77.7293702886172,NA
"Acer","ACSA3","NEON.PLA.D05.TREE.00684","TREE_049","TREE","D05",2016-09-28,"Live","single bole tree",NA,130,NA,13.6,13.6,NA,21,"Acer saccharum Marshall",16.4,88,"2016",318,"hard maple/oak/hickory/beech","Acer saccharum Marshall","sugar maple","Aceraceae","tree","saccharum",0.841,"hw4",-2.0127,2.4342,"AceraceaeAbove0.50spg","hardwood","Hardwood",0.56,-1.8011,2.3852,0.21103,0.95964,NA,"Check",76.7637013300187,83.465925410037,NA
"Acer","ACSA3","NEON.PLA.D05.TREE.01360","TREE_041","TREE","D05",2022-09-07,"Dead, broken bole","single bole tree","Full shade",139,NA,7.1,29.2,NA,41,"Acer saccharum Marshall",8.7,1.5,"2022",318,"hard maple/oak/hickory/beech","Acer saccharum Marshall","sugar maple","Aceraceae","tree","saccharum",0.841,"hw4",-2.0127,2.4342,"AceraceaeAbove0.50spg","hardwood","Hardwood",0.56,-1.8011,2.3852,0.21103,0.95964,NA,"Check",493.094812065615,516.44417804459,NA
"Acer","ACSA3","NEON.PLA.D05.TREE.00104","TREE_049","TREE","D05",2021-09-23,"Live","single bole tree","Partially shaded",130,NA,21,22.6,NA,25,"Acer saccharum Marshall",7.2,307.3,"2021",318,"hard maple/oak/hickory/beech","Acer saccharum Marshall","sugar maple","Aceraceae","tree","saccharum",0.841,"hw4",-2.0127,2.4342,"AceraceaeAbove0.50spg","hardwood","Hardwood",0.56,-1.8011,2.3852,0.21103,0.95964,NA,"Check",264.281193147823,280.292616514285,NA
"Acer","ACSA3","NEON.PLA.D05.TREE.00635","TREE_046","TREE","D05",2018-10-10,"Live","single bole tree",NA,130,NA,20.2,30.5,NA,41,"Acer saccharum Marshall",4.6,298.8,"2018",318,"hard maple/oak/hickory/beech","Acer saccharum Marshall","sugar maple","Aceraceae","tree","saccharum",0.841,"hw4",-2.0127,2.4342,"AceraceaeAbove0.50spg","hardwood","Hardwood",0.56,-1.8011,2.3852,0.21103,0.95964,NA,"Check",548.249400189421,572.98623042529,NA
"Acer","ACSA3","NEON.PLA.D05.TREE.00323","TREE_051","TREE","D05",2015-08-03,"Live","single bole tree","Partially shaded",130,NA,16,16.4,NA,39,"Acer saccharum Marshall",9.1,85.2,"2015",318,"hard maple/oak/hickory/beech","Acer saccharum Marshall","sugar maple","Aceraceae","tree","saccharum",0.841,"hw4",-2.0127,2.4342,"AceraceaeAbove0.50spg","hardwood","Hardwood",0.56,-1.8011,2.3852,0.21103,0.95964,NA,"Check",121.078878936372,130.448099129603,NA
"Acer","ACSA3","NEON.PLA.D05.TREE.00104","TREE_049","TREE","D05",2017-09-18,"Live","single bole tree",NA,130,NA,18.9,31.7,NA,25,"Acer saccharum Marshall",7.2,307.3,"2017",318,"hard maple/oak/hickory/beech","Acer saccharum Marshall","sugar maple","Aceraceae","tree","saccharum",0.841,"hw4",-2.0127,2.4342,"AceraceaeAbove0.50spg","hardwood","Hardwood",0.56,-1.8011,2.3852,0.21103,0.95964,NA,"Check",602.246039081618,628.23012928128,NA
"Acer","ACSA3","NEON.PLA.D05.TREE.01093","TREE_047","TREE","D05",2016-10-19,"Live,  other damage","single bole tree",NA,180,NA,19.6,32.5,NA,41,"Acer saccharum Marshall",8.9,70.7,"2016",318,"hard maple/oak/hickory/beech","Acer saccharum Marshall","sugar maple","Aceraceae","tree","saccharum",0.841,"hw4",-2.0127,2.4342,"AceraceaeAbove0.50spg","hardwood","Hardwood",0.56,-1.8011,2.3852,0.21103,0.95964,NA,"Check",639.914533135838,666.709128158524,NA
"Acer","ACSA3","NEON.PLA.D05.TREE.01236","TREE_041","TREE","D05",2021-09-20,"Live","multi-bole tree","Full sun",130,NA,26.2,40.8,NA,43,"Acer saccharum Marshall",10.6,330.2,"2021",318,"hard maple/oak/hickory/beech","Acer saccharum Marshall","sugar maple","Aceraceae","tree","saccharum",0.841,"hw4",-2.0127,2.4342,"AceraceaeAbove0.50spg","hardwood","Hardwood",0.56,-1.8011,2.3852,0.21103,0.95964,NA,"Check",1113.17761701998,1146.93506265548,NA
"Acer","ACSA3","NEON.PLA.D05.TREE.00199","TREE_055","TREE","D05",2015-07-29,"Live","small tree","Mostly shaded",120,NA,6.7,5.4,NA,NA,"Acer saccharum Marshall",NA,NA,"2015",318,"hard maple/oak/hickory/beech","Acer saccharum Marshall","sugar maple","Aceraceae","tree","saccharum",0.841,"hw4",-2.0127,2.4342,"AceraceaeAbove0.50spg","hardwood","Hardwood",0.56,-1.8011,2.3852,0.21103,0.95964,NA,"Check",5.31651201147292,6.09987890897784,NA
"Acer","ACSA3","NEON.PLA.D05.TREE.00587","TREE_053","TREE","D05",2015-07-27,"Live","single bole tree","Mostly shaded",130,NA,15.1,12.7,NA,23,"Acer saccharum Marshall",7.3,16.1,"2015",318,"hard maple/oak/hickory/beech","Acer saccharum Marshall","sugar maple","Aceraceae","tree","saccharum",0.841,"hw4",-2.0127,2.4342,"AceraceaeAbove0.50spg","hardwood","Hardwood",0.56,-1.8011,2.3852,0.21103,0.95964,NA,"Check",64.9792229900794,70.8899783746337,NA
"Acer","ACSA3","NEON.PLA.D05.TREE.00114","TREE_049","TREE","D05",2021-09-23,"Live","single bole tree","Partially shaded",130,NA,18.4,21.7,NA,23,"Acer saccharum Marshall",10.9,60.8,"2021",318,"hard maple/oak/hickory/beech","Acer saccharum Marshall","sugar maple","Aceraceae","tree","saccharum",0.841,"hw4",-2.0127,2.4342,"AceraceaeAbove0.50spg","hardwood","Hardwood",0.56,-1.8011,2.3852,0.21103,0.95964,NA,"Check",239.389876346729,254.399331536726,NA
"Acer","ACSA3","NEON.PLA.D05.TREE.00532","TREE_046","TREE","D05",2016-09-29,"Live","single bole tree",NA,130,NA,19.8,28.1,NA,23,"Acer saccharum Marshall",10.3,19.9,"2016",318,"hard maple/oak/hickory/beech","Acer saccharum Marshall","sugar maple","Aceraceae","tree","saccharum",0.841,"hw4",-2.0127,2.4342,"AceraceaeAbove0.50spg","hardwood","Hardwood",0.56,-1.8011,2.3852,0.21103,0.95964,NA,"Check",449.093138986623,471.244747817592,NA
"Acer","ACSA3","NEON.PLA.D05.TREE.01095","TREE_047","TREE","D05",2017-10-16,"Standing dead","small tree",NA,130,NA,5.5,7.8,NA,NA,"Acer saccharum Marshall",NA,NA,"2017",318,"hard maple/oak/hickory/beech","Acer saccharum Marshall","sugar maple","Aceraceae","tree","saccharum",0.841,"hw4",-2.0127,2.4342,"AceraceaeAbove0.50spg","hardwood","Hardwood",0.56,-1.8011,2.3852,0.21103,0.95964,NA,"Check",13.012795090781,14.6635682250601,NA
"Acer","ACSA3","NEON.PLA.D05.TREE.00266","TREE_054","TREE","D05",2021-09-20,"Live","single bole tree","Partially shaded",130,NA,13.5,21.1,NA,39,"Acer saccharum Marshall",6,104.1,"2021",318,"hard maple/oak/hickory/beech","Acer saccharum Marshall","sugar maple","Aceraceae","tree","saccharum",0.841,"hw4",-2.0127,2.4342,"AceraceaeAbove0.50spg","hardwood","Hardwood",0.56,-1.8011,2.3852,0.21103,0.95964,NA,"Check",223.595906784649,237.941788151835,NA
"Acer","ACSA3","NEON.PLA.D05.TREE.00024","TREE_049","TREE","D05",2018-10-10,"Live","single bole tree",NA,130,NA,13,13.3,NA,43,"Acer saccharum Marshall",1.7,198.6,"2018",318,"hard maple/oak/hickory/beech","Acer saccharum Marshall","sugar maple","Aceraceae","tree","saccharum",0.841,"hw4",-2.0127,2.4342,"AceraceaeAbove0.50spg","hardwood","Hardwood",0.56,-1.8011,2.3852,0.21103,0.95964,NA,"Check",72.7068217618969,79.141293226848,NA
"Acer","ACSA3","NEON.PLA.D05.TREE.00514","TREE_042","TREE","D05",2021-10-04,"Live","small tree","Full shade",130,NA,4.7,5.8,NA,NA,"Acer saccharum Marshall",NA,NA,"2021",318,"hard maple/oak/hickory/beech","Acer saccharum Marshall","sugar maple","Aceraceae","tree","saccharum",0.841,"hw4",-2.0127,2.4342,"AceraceaeAbove0.50spg","hardwood","Hardwood",0.56,-1.8011,2.3852,0.21103,0.95964,NA,"Check",6.32659933231259,7.23342641974888,NA
"Acer","ACSA3","NEON.PLA.D05.TREE.00159","TREE_055","TREE","D05",2016-09-27,"Live","single bole tree",NA,130,NA,20.9,39.5,NA,59,"Acer saccharum Marshall",6.9,194.9,"2016",318,"hard maple/oak/hickory/beech","Acer saccharum Marshall","sugar maple","Aceraceae","tree","saccharum",0.841,"hw4",-2.0127,2.4342,"AceraceaeAbove0.50spg","hardwood","Hardwood",0.56,-1.8011,2.3852,0.21103,0.95964,NA,"Check",1028.80282104842,1061.68480358602,NA
"Acer","ACSA3","NEON.PLA.D05.TREE.00043","TREE_055","TREE","D05",2016-09-27,"Live","single bole tree",NA,130,NA,19.7,36.1,NA,43,"Acer saccharum Marshall",6.7,328.7,"2016",318,"hard maple/oak/hickory/beech","Acer saccharum Marshall","sugar maple","Aceraceae","tree","saccharum",0.841,"hw4",-2.0127,2.4342,"AceraceaeAbove0.50spg","hardwood","Hardwood",0.56,-1.8011,2.3852,0.21103,0.95964,NA,"Check",826.379484876598,856.561177390648,NA
"Acer","ACSA3","NEON.PLA.D05.TREE.00573","TREE_042","TREE","D05",2015-07-27,"Live","single bole tree","Full sun",130,NA,22.2,52.2,NA,43,"Acer saccharum Marshall",4.6,208.8,"2015",318,"hard maple/oak/hickory/beech","Acer saccharum Marshall","sugar maple","Aceraceae","tree","saccharum",0.841,"hw4",-2.0127,2.4342,"AceraceaeAbove0.50spg","hardwood","Hardwood",0.56,-1.8011,2.3852,0.21103,0.95964,NA,"Check",2027.91167105882,2064.33365235197,NA
"Acer","ACSA3","NEON.PLA.D05.TREE.00589","TREE_046","TREE","D05",2017-09-25,"Live","single bole tree",NA,130,NA,16.5,22.8,NA,25,"Acer saccharum Marshall",10.8,318.3,"2017",318,"hard maple/oak/hickory/beech","Acer saccharum Marshall","sugar maple","Aceraceae","tree","saccharum",0.841,"hw4",-2.0127,2.4342,"AceraceaeAbove0.50spg","hardwood","Hardwood",0.56,-1.8011,2.3852,0.21103,0.95964,NA,"Check",270.010405362331,286.245327151243,NA
"Acer","ACSA3","NEON.PLA.D05.TREE.01384","TREE_041","TREE","D05",2020-09-28,"Live","single bole tree","Partially shaded",130,NA,18.8,19.7,NA,41,"Acer saccharum Marshall",11.9,34.6,"2020",318,"hard maple/oak/hickory/beech","Acer saccharum Marshall","sugar maple","Aceraceae","tree","saccharum",0.841,"hw4",-2.0127,2.4342,"AceraceaeAbove0.50spg","hardwood","Hardwood",0.56,-1.8011,2.3852,0.21103,0.95964,NA,"Check",189.184339903845,202.000782261715,NA
"Acer","ACSA3","NEON.PLA.D05.TREE.00241","TREE_054","TREE","D05",2018-10-09,"Live","single bole tree",NA,130,NA,14.8,17.8,NA,NA,"Acer saccharum Marshall",NA,NA,"2018",318,"hard maple/oak/hickory/beech","Acer saccharum Marshall","sugar maple","Aceraceae","tree","saccharum",0.841,"hw4",-2.0127,2.4342,"AceraceaeAbove0.50spg","hardwood","Hardwood",0.56,-1.8011,2.3852,0.21103,0.95964,NA,"Check",147.797764725291,158.596645827309,NA
"Acer","ACSA3","NEON.PLA.D05.TREE.01384","TREE_041","TREE","D05",2021-09-20,"Live","single bole tree","Partially shaded",130,NA,19.1,19.8,NA,41,"Acer saccharum Marshall",11.9,34.6,"2021",318,"hard maple/oak/hickory/beech","Acer saccharum Marshall","sugar maple","Aceraceae","tree","saccharum",0.841,"hw4",-2.0127,2.4342,"AceraceaeAbove0.50spg","hardwood","Hardwood",0.56,-1.8011,2.3852,0.21103,0.95964,NA,"Check",191.530482356647,204.455134006888,NA
"Acer","ACSA3","NEON.PLA.D05.TREE.01384","TREE_041","TREE","D05",2016-10-18,"Live","single bole tree",NA,130,NA,17.8,18.2,NA,41,"Acer saccharum Marshall",11.9,34.6,"2016",318,"hard maple/oak/hickory/beech","Acer saccharum Marshall","sugar maple","Aceraceae","tree","saccharum",0.841,"hw4",-2.0127,2.4342,"AceraceaeAbove0.50spg","hardwood","Hardwood",0.56,-1.8011,2.3852,0.21103,0.95964,NA,"Check",156.01317273853,167.23011301627,NA
"Acer","ACSA3","NEON.PLA.D05.TREE.00161","TREE_049","TREE","D05",2021-09-23,"Live","single bole tree","Full shade",130,NA,15.3,16.8,NA,21,"Acer saccharum Marshall",9.2,73,"2021",318,"hard maple/oak/hickory/beech","Acer saccharum Marshall","sugar maple","Aceraceae","tree","saccharum",0.841,"hw4",-2.0127,2.4342,"AceraceaeAbove0.50spg","hardwood","Hardwood",0.56,-1.8011,2.3852,0.21103,0.95964,NA,"Check",128.393592234816,138.165593662423,NA
"Acer","ACSA3","NEON.PLA.D05.TREE.01055","TREE_047","TREE","D05",2017-10-16,"Live","single bole tree",NA,130,NA,18,42,NA,59,"Acer saccharum Marshall",8.7,119.8,"2017",318,"hard maple/oak/hickory/beech","Acer saccharum Marshall","sugar maple","Aceraceae","tree","saccharum",0.841,"hw4",-2.0127,2.4342,"AceraceaeAbove0.50spg","hardwood","Hardwood",0.56,-1.8011,2.3852,0.21103,0.95964,NA,"Check",1194.56261501315,1229.04112789923,NA
"Acer","ACSA3","NEON.PLA.D05.TREE.00664","TREE_053","TREE","D05",2018-10-09,"Live","single bole tree",NA,130,NA,16.5,14.2,NA,41,"Acer saccharum Marshall",0.3,15.6,"2018",318,"hard maple/oak/hickory/beech","Acer saccharum Marshall","sugar maple","Aceraceae","tree","saccharum",0.841,"hw4",-2.0127,2.4342,"AceraceaeAbove0.50spg","hardwood","Hardwood",0.56,-1.8011,2.3852,0.21103,0.95964,NA,"Check",85.2699059892735,92.518880201864,NA
"Acer","ACSA3","NEON.PLA.D05.TREE.00664","TREE_053","TREE","D05",2017-08-30,"Live","single bole tree",NA,130,NA,14.8,14.2,NA,41,"Acer saccharum Marshall",0.3,15.6,"2017",318,"hard maple/oak/hickory/beech","Acer saccharum Marshall","sugar maple","Aceraceae","tree","saccharum",0.841,"hw4",-2.0127,2.4342,"AceraceaeAbove0.50spg","hardwood","Hardwood",0.56,-1.8011,2.3852,0.21103,0.95964,NA,"Check",85.2699059892735,92.518880201864,NA
"Acer","ACSA3","NEON.PLA.D05.TREE.00503","TREE_042","TREE","D05",2020-10-06,"Live","single bole tree","Mostly shaded",130,NA,18,22.2,NA,41,"Acer saccharum Marshall",3.3,82.3,"2020",318,"hard maple/oak/hickory/beech","Acer saccharum Marshall","sugar maple","Aceraceae","tree","saccharum",0.841,"hw4",-2.0127,2.4342,"AceraceaeAbove0.50spg","hardwood","Hardwood",0.56,-1.8011,2.3852,0.21103,0.95964,NA,"Check",253.03925874318,268.604524160092,NA
"Acer","ACSA3","NEON.PLA.D05.TREE.00019","TREE_055","TREE","D05",2018-10-10,"Live","single bole tree",NA,130,NA,13.5,14.8,NA,39,"Acer saccharum Marshall",4.6,51.1,"2018",318,"hard maple/oak/hickory/beech","Acer saccharum Marshall","sugar maple","Aceraceae","tree","saccharum",0.841,"hw4",-2.0127,2.4342,"AceraceaeAbove0.50spg","hardwood","Hardwood",0.56,-1.8011,2.3852,0.21103,0.95964,NA,"Check",94.3075720084885,102.117565406473,NA
"Acer","ACSA3","NEON.PLA.D05.TREE.00495","TREE_051","TREE","D05",2016-09-28,"Live","single bole tree",NA,130,NA,14.8,15.3,NA,59,"Acer saccharum Marshall",11,144.8,"2016",318,"hard maple/oak/hickory/beech","Acer saccharum Marshall","sugar maple","Aceraceae","tree","saccharum",0.841,"hw4",-2.0127,2.4342,"AceraceaeAbove0.50spg","hardwood","Hardwood",0.56,-1.8011,2.3852,0.21103,0.95964,NA,"Check",102.251897773976,110.539681633179,NA
"Acer","ACSA3","NEON.PLA.D05.TREE.00517","TREE_053","TREE","D05",2016-09-27,"Live","single bole tree",NA,130,NA,16.2,19.1,NA,43,"Acer saccharum Marshall",6.4,329.1,"2016",318,"hard maple/oak/hickory/beech","Acer saccharum Marshall","sugar maple","Aceraceae","tree","saccharum",0.841,"hw4",-2.0127,2.4342,"AceraceaeAbove0.50spg","hardwood","Hardwood",0.56,-1.8011,2.3852,0.21103,0.95964,NA,"Check",175.463552835106,187.634630440587,NA
"Acer","ACSA3","NEON.PLA.D05.TREE.00518","TREE_053","TREE","D05",2015-07-27,"Live","single bole tree","Partially shaded",130,NA,12.5,11.9,NA,43,"Acer saccharum Marshall",10.5,330.9,"2015",318,"hard maple/oak/hickory/beech","Acer saccharum Marshall","sugar maple","Aceraceae","tree","saccharum",0.841,"hw4",-2.0127,2.4342,"AceraceaeAbove0.50spg","hardwood","Hardwood",0.56,-1.8011,2.3852,0.21103,0.95964,NA,"Check",55.4615381144916,60.6997386199753,NA
"Acer","ACSA3","NEON.PLA.D05.TREE.01036","TREE_041","TREE","D05",2021-09-20,"Live","small tree","Mostly shaded",130,NA,11,9.1,NA,NA,"Acer saccharum Marshall",NA,NA,"2021",318,"hard maple/oak/hickory/beech","Acer saccharum Marshall","sugar maple","Aceraceae","tree","saccharum",0.841,"hw4",-2.0127,2.4342,"AceraceaeAbove0.50spg","hardwood","Hardwood",0.56,-1.8011,2.3852,0.21103,0.95964,NA,"Check",18.9379282335194,21.1797654730535,NA
"Acer","ACSA3","NEON.PLA.D05.TREE.01019","TREE_047","TREE","D05",2016-10-19,"Live,  other damage","single bole tree",NA,130,NA,19.2,23.5,NA,39,"Acer saccharum Marshall",5,30,"2016",318,"hard maple/oak/hickory/beech","Acer saccharum Marshall","sugar maple","Aceraceae","tree","saccharum",0.841,"hw4",-2.0127,2.4342,"AceraceaeAbove0.50spg","hardwood","Hardwood",0.56,-1.8011,2.3852,0.21103,0.95964,NA,"Check",290.635651259067,307.654501364913,NA
"Acer","ACSA3","NEON.PLA.D05.TREE.00625","TREE_046","TREE","D05",2017-09-25,"Live","single bole tree",NA,130,NA,14.3,17.8,NA,41,"Acer saccharum Marshall",10,338.9,"2017",318,"hard maple/oak/hickory/beech","Acer saccharum Marshall","sugar maple","Aceraceae","tree","saccharum",0.841,"hw4",-2.0127,2.4342,"AceraceaeAbove0.50spg","hardwood","Hardwood",0.56,-1.8011,2.3852,0.21103,0.95964,NA,"Check",147.797764725291,158.596645827309,NA
"Acer","ACSA3","NEON.PLA.D05.TREE.00743","TREE_051","TREE","D05",2018-10-09,"Live","small tree",NA,130,NA,9.8,6,NA,NA,"Acer saccharum Marshall",NA,NA,"2018",318,"hard maple/oak/hickory/beech","Acer saccharum Marshall","sugar maple","Aceraceae","tree","saccharum",0.841,"hw4",-2.0127,2.4342,"AceraceaeAbove0.50spg","hardwood","Hardwood",0.56,-1.8011,2.3852,0.21103,0.95964,NA,"Check",6.87083758902683,7.8426345851942,NA
"Acer","ACSA3","NEON.PLA.D05.TREE.01381","TREE_041","TREE","D05",2018-10-10,"Live","single bole tree",NA,130,NA,22.7,25,NA,59,"Acer saccharum Marshall",9.9,114.7,"2018",318,"hard maple/oak/hickory/beech","Acer saccharum Marshall","sugar maple","Aceraceae","tree","saccharum",0.841,"hw4",-2.0127,2.4342,"AceraceaeAbove0.50spg","hardwood","Hardwood",0.56,-1.8011,2.3852,0.21103,0.95964,NA,"Check",337.878895145991,356.581425919562,NA
"Acer","ACSA3","NEON.PLA.D05.TREE.00560","TREE_042","TREE","D05",2018-10-10,"Live","single bole tree",NA,130,NA,20.3,35.7,NA,25,"Acer saccharum Marshall",5.9,337.6,"2018",318,"hard maple/oak/hickory/beech","Acer saccharum Marshall","sugar maple","Aceraceae","tree","saccharum",0.841,"hw4",-2.0127,2.4342,"AceraceaeAbove0.50spg","hardwood","Hardwood",0.56,-1.8011,2.3852,0.21103,0.95964,NA,"Check",804.267404578747,834.096766737586,NA
"Acer","ACSA3","NEON.PLA.D05.TREE.00348","TREE_054","TREE","D05",2016-10-18,"Live, physically damaged","single bole tree",NA,145,NA,11,12.5,NA,59,"Acer saccharum Marshall",8.8,121.5,"2016",318,"hard maple/oak/hickory/beech","Acer saccharum Marshall","sugar maple","Aceraceae","tree","saccharum",0.841,"hw4",-2.0127,2.4342,"AceraceaeAbove0.50spg","hardwood","Hardwood",0.56,-1.8011,2.3852,0.21103,0.95964,NA,"Check",62.5163839741516,68.2561788388113,NA
"Acer","ACSA3","NEON.PLA.D05.TREE.00348","TREE_054","TREE","D05",2021-09-20,"Live, physically damaged","single bole tree","Partially shaded",130,NA,10.4,14.1,NA,59,"Acer saccharum Marshall",8.8,121.5,"2021",318,"hard maple/oak/hickory/beech","Acer saccharum Marshall","sugar maple","Aceraceae","tree","saccharum",0.841,"hw4",-2.0127,2.4342,"AceraceaeAbove0.50spg","hardwood","Hardwood",0.56,-1.8011,2.3852,0.21103,0.95964,NA,"Check",83.8155617894535,90.9723966259068,NA
"Acer","ACSA3","NEON.PLA.D05.TREE.00593","TREE_042","TREE","D05",2021-10-04,"Live","single bole tree","Partially shaded",130,NA,23.5,33.2,NA,41,"Acer saccharum Marshall",13.1,178.6,"2021",318,"hard maple/oak/hickory/beech","Acer saccharum Marshall","sugar maple","Aceraceae","tree","saccharum",0.841,"hw4",-2.0127,2.4342,"AceraceaeAbove0.50spg","hardwood","Hardwood",0.56,-1.8011,2.3852,0.21103,0.95964,NA,"Check",673.984361398593,701.47268728387,NA
"Acer","ACSA3","NEON.PLA.D05.TREE.01478","TREE_041","TREE","D05",2018-10-10,"Live","multi-bole tree",NA,130,NA,23.6,32.3,NA,39,"Acer saccharum Marshall",8,124.8,"2018",318,"hard maple/oak/hickory/beech","Acer saccharum Marshall","sugar maple","Aceraceae","tree","saccharum",0.841,"hw4",-2.0127,2.4342,"AceraceaeAbove0.50spg","hardwood","Hardwood",0.56,-1.8011,2.3852,0.21103,0.95964,NA,"Check",630.371073674637,656.964745706132,NA
"Acer","ACSA3","NEON.PLA.D05.TREE.00104","TREE_049","TREE","D05",2016-09-28,"Live","single bole tree",NA,130,NA,19.1,21.5,NA,25,"Acer saccharum Marshall",7.2,307.3,"2016",318,"hard maple/oak/hickory/beech","Acer saccharum Marshall","sugar maple","Aceraceae","tree","saccharum",0.841,"hw4",-2.0127,2.4342,"AceraceaeAbove0.50spg","hardwood","Hardwood",0.56,-1.8011,2.3852,0.21103,0.95964,NA,"Check",234.054607777448,248.842424020446,NA
"Acer","ACSA3","NEON.PLA.D05.TREE.00660","TREE_042","TREE","D05",2019-10-23,"Live, physically damaged","single bole tree",NA,130,NA,12.4,13.2,NA,43,"Acer saccharum Marshall",9.4,288.3,"2019",318,"hard maple/oak/hickory/beech","Acer saccharum Marshall","sugar maple","Aceraceae","tree","saccharum",0.841,"hw4",-2.0127,2.4342,"AceraceaeAbove0.50spg","hardwood","Hardwood",0.56,-1.8011,2.3852,0.21103,0.95964,NA,"Check",71.3832898751995,77.7293702886172,NA
"Acer","ACSA3","NEON.PLA.D05.TREE.00539","TREE_042","TREE","D05",2019-10-23,"Live","small tree",NA,130,NA,6.1,8.2,NA,NA,"Acer saccharum Marshall",NA,NA,"2019",318,"hard maple/oak/hickory/beech","Acer saccharum Marshall","sugar maple","Aceraceae","tree","saccharum",0.841,"hw4",-2.0127,2.4342,"AceraceaeAbove0.50spg","hardwood","Hardwood",0.56,-1.8011,2.3852,0.21103,0.95964,NA,"Check",14.6973686878025,16.5213076528975,NA
"Acer","ACSA3","NEON.PLA.D05.TREE.00586","TREE_046","TREE","D05",2017-09-25,"Standing dead","small tree",NA,130,NA,6.2,6.7,NA,NA,"Acer saccharum Marshall",NA,NA,"2017",318,"hard maple/oak/hickory/beech","Acer saccharum Marshall","sugar maple","Aceraceae","tree","saccharum",0.841,"hw4",-2.0127,2.4342,"AceraceaeAbove0.50spg","hardwood","Hardwood",0.56,-1.8011,2.3852,0.21103,0.95964,NA,"Check",8.98804408660884,10.2039715066111,NA
"Acer","ACSA3","NEON.PLA.D05.TREE.00635","TREE_046","TREE","D05",2017-09-25,"Live","single bole tree",NA,130,NA,14,30,NA,41,"Acer saccharum Marshall",4.6,298.8,"2017",318,"hard maple/oak/hickory/beech","Acer saccharum Marshall","sugar maple","Aceraceae","tree","saccharum",0.841,"hw4",-2.0127,2.4342,"AceraceaeAbove0.50spg","hardwood","Hardwood",0.56,-1.8011,2.3852,0.21103,0.95964,NA,"Check",526.628131396782,550.83537785576,NA
"Acer","ACSA3","NEON.PLA.D05.TREE.00668","TREE_053","TREE","D05",2017-08-30,"Live","single bole tree",NA,130,NA,10.4,12.2,NA,41,"Acer saccharum Marshall",13.5,38.8,"2017",318,"hard maple/oak/hickory/beech","Acer saccharum Marshall","sugar maple","Aceraceae","tree","saccharum",0.841,"hw4",-2.0127,2.4342,"AceraceaeAbove0.50spg","hardwood","Hardwood",0.56,-1.8011,2.3852,0.21103,0.95964,NA,"Check",58.9267645297337,64.4136155332911,NA
"Acer","ACSA3","NEON.PLA.D05.TREE.00668","TREE_053","TREE","D05",2015-07-27,"Live","single bole tree","Mostly shaded",130,NA,10.9,10.9,NA,41,"Acer saccharum Marshall",13.5,38.8,"2015",318,"hard maple/oak/hickory/beech","Acer saccharum Marshall","sugar maple","Aceraceae","tree","saccharum",0.841,"hw4",-2.0127,2.4342,"AceraceaeAbove0.50spg","hardwood","Hardwood",0.56,-1.8011,2.3852,0.21103,0.95964,NA,"Check",44.7918579876139,49.2336338552228,NA
"Acer","ACSA3","NEON.PLA.D05.TREE.00122","TREE_055","TREE","D05",2017-09-14,"Live","single bole tree",NA,130,NA,15.3,12.7,NA,41,"Acer saccharum Marshall",7.4,56.3,"2017",318,"hard maple/oak/hickory/beech","Acer saccharum Marshall","sugar maple","Aceraceae","tree","saccharum",0.841,"hw4",-2.0127,2.4342,"AceraceaeAbove0.50spg","hardwood","Hardwood",0.56,-1.8011,2.3852,0.21103,0.95964,NA,"Check",64.9792229900794,70.8899783746337,NA
"Acer","ACSA3","NEON.PLA.D05.TREE.00122","TREE_055","TREE","D05",2015-07-29,"Live","single bole tree","Partially shaded",130,NA,11.5,12.2,NA,41,"Acer saccharum Marshall",7.4,56.3,"2015",318,"hard maple/oak/hickory/beech","Acer saccharum Marshall","sugar maple","Aceraceae","tree","saccharum",0.841,"hw4",-2.0127,2.4342,"AceraceaeAbove0.50spg","hardwood","Hardwood",0.56,-1.8011,2.3852,0.21103,0.95964,NA,"Check",58.9267645297337,64.4136155332911,NA
"Acer","ACSA3","NEON.PLA.D05.TREE.01217","TREE_047","TREE","D05",2016-10-19,"Live","single bole tree",NA,130,NA,14,12.3,NA,41,"Acer saccharum Marshall",7.2,297.9,"2016",318,"hard maple/oak/hickory/beech","Acer saccharum Marshall","sugar maple","Aceraceae","tree","saccharum",0.841,"hw4",-2.0127,2.4342,"AceraceaeAbove0.50spg","hardwood","Hardwood",0.56,-1.8011,2.3852,0.21103,0.95964,NA,"Check",60.1094173824626,65.6801113592681,NA
"Acer","ACSA3","NEON.PLA.D05.TREE.01479","TREE_041","TREE","D05",2019-10-23,"Live","single bole tree",NA,130,NA,22.7,27.1,NA,23,"Acer saccharum Marshall",7.6,339.6,"2019",318,"hard maple/oak/hickory/beech","Acer saccharum Marshall","sugar maple","Aceraceae","tree","saccharum",0.841,"hw4",-2.0127,2.4342,"AceraceaeAbove0.50spg","hardwood","Hardwood",0.56,-1.8011,2.3852,0.21103,0.95964,NA,"Check",411.177502333111,432.225675033119,NA
"Acer","ACSA3","NEON.PLA.D05.TREE.00610","TREE_046","TREE","D05",2022-09-19,"Live,  other damage","single bole tree","Full sun",130,NA,20.3,30.7,NA,41,"Acer saccharum Marshall",5.2,126.5,"2022",318,"hard maple/oak/hickory/beech","Acer saccharum Marshall","sugar maple","Aceraceae","tree","saccharum",0.841,"hw4",-2.0127,2.4342,"AceraceaeAbove0.50spg","hardwood","Hardwood",0.56,-1.8011,2.3852,0.21103,0.95964,NA,"Check",557.041728596041,581.988846661286,NA
"Acer","ACSA3","NEON.PLA.D05.TREE.00573","TREE_042","TREE","D05",2021-10-04,"Live","single bole tree","Full sun",130,NA,23.2,52.9,NA,43,"Acer saccharum Marshall",4.6,208.8,"2021",318,"hard maple/oak/hickory/beech","Acer saccharum Marshall","sugar maple","Aceraceae","tree","saccharum",0.841,"hw4",-2.0127,2.4342,"AceraceaeAbove0.50spg","hardwood","Hardwood",0.56,-1.8011,2.3852,0.21103,0.95964,NA,"Check",2094.74563029315,2130.97658419007,NA
"Acer","ACSA3","NEON.PLA.D05.TREE.00122","TREE_055","TREE","D05",2018-10-10,"Live","single bole tree",NA,130,NA,15.4,13.1,NA,41,"Acer saccharum Marshall",7.4,56.3,"2018",318,"hard maple/oak/hickory/beech","Acer saccharum Marshall","sugar maple","Aceraceae","tree","saccharum",0.841,"hw4",-2.0127,2.4342,"AceraceaeAbove0.50spg","hardwood","Hardwood",0.56,-1.8011,2.3852,0.21103,0.95964,NA,"Check",70.0740605611761,76.3321865560422,NA
"Acer","ACSA3","NEON.PLA.D05.TREE.01095","TREE_047","TREE","D05",2015-08-06,"Standing dead","small tree","Mostly shaded",130,NA,4.2,7.7,NA,NA,"Acer saccharum Marshall",NA,NA,"2015",318,"hard maple/oak/hickory/beech","Acer saccharum Marshall","sugar maple","Aceraceae","tree","saccharum",0.841,"hw4",-2.0127,2.4342,"AceraceaeAbove0.50spg","hardwood","Hardwood",0.56,-1.8011,2.3852,0.21103,0.95964,NA,"Check",12.6104223555827,14.2191388623095,NA
"Acer","ACSA3","NEON.PLA.D05.TREE.00343","TREE_054","TREE","D05",2018-10-09,"Live","single bole tree",NA,130,NA,15,23.5,NA,61,"Acer saccharum Marshall",5.7,265.8,"2018",318,"hard maple/oak/hickory/beech","Acer saccharum Marshall","sugar maple","Aceraceae","tree","saccharum",0.841,"hw4",-2.0127,2.4342,"AceraceaeAbove0.50spg","hardwood","Hardwood",0.56,-1.8011,2.3852,0.21103,0.95964,NA,"Check",290.635651259067,307.654501364913,NA
"Acer","ACSA3","NEON.PLA.D05.TREE.01236A","TREE_041","TREE","D05",2018-10-10,"Live","multi-bole tree",NA,130,NA,25.4,38.4,NA,43,"Acer saccharum Marshall",10.6,330.2,"2018",318,"hard maple/oak/hickory/beech","Acer saccharum Marshall","sugar maple","Aceraceae","tree","saccharum",0.841,"hw4",-2.0127,2.4342,"AceraceaeAbove0.50spg","hardwood","Hardwood",0.56,-1.8011,2.3852,0.21103,0.95964,NA,"Check",960.449561564297,992.519492952463,NA
"Acer","ACSA3","NEON.PLA.D05.TREE.00648","TREE_042","TREE","D05",2020-10-06,"Live","single bole tree","Partially shaded",130,NA,18.2,20.6,NA,61,"Acer saccharum Marshall",3,224.8,"2020",318,"hard maple/oak/hickory/beech","Acer saccharum Marshall","sugar maple","Aceraceae","tree","saccharum",0.841,"hw4",-2.0127,2.4342,"AceraceaeAbove0.50spg","hardwood","Hardwood",0.56,-1.8011,2.3852,0.21103,0.95964,NA,"Check",210.916756505452,224.713054279902,NA
"Acer","ACSA3","NEON.PLA.D05.TREE.01479","TREE_041","TREE","D05",2017-10-16,"Live","single bole tree",NA,130,NA,21.1,26.4,NA,23,"Acer saccharum Marshall",7.6,339.6,"2017",318,"hard maple/oak/hickory/beech","Acer saccharum Marshall","sugar maple","Aceraceae","tree","saccharum",0.841,"hw4",-2.0127,2.4342,"AceraceaeAbove0.50spg","hardwood","Hardwood",0.56,-1.8011,2.3852,0.21103,0.95964,NA,"Check",385.801378481692,406.070925224203,NA
"Acer","ACSA3","NEON.PLA.D05.TREE.00648","TREE_042","TREE","D05",2021-10-04,"Live","single bole tree","Mostly shaded",160,NA,20.3,19.1,NA,61,"Acer saccharum Marshall",3,224.8,"2021",318,"hard maple/oak/hickory/beech","Acer saccharum Marshall","sugar maple","Aceraceae","tree","saccharum",0.841,"hw4",-2.0127,2.4342,"AceraceaeAbove0.50spg","hardwood","Hardwood",0.56,-1.8011,2.3852,0.21103,0.95964,NA,"Check",175.463552835106,187.634630440587,NA
"Acer","ACSA3","NEON.PLA.D05.TREE.00613","TREE_053","TREE","D05",2015-07-27,"Live","single bole tree","Partially shaded",130,NA,12.5,15.2,NA,59,"Acer saccharum Marshall",14.1,127.8,"2015",318,"hard maple/oak/hickory/beech","Acer saccharum Marshall","sugar maple","Aceraceae","tree","saccharum",0.841,"hw4",-2.0127,2.4342,"AceraceaeAbove0.50spg","hardwood","Hardwood",0.56,-1.8011,2.3852,0.21103,0.95964,NA,"Check",100.632707640808,108.824212879759,NA
"Acer","ACSA3","NEON.PLA.D05.TREE.00516","TREE_042","TREE","D05",2015-07-27,"Live,  other damage","single bole tree","Full sun",130,NA,20.2,46.5,NA,25,"Acer saccharum Marshall",9.4,320.3,"2015",318,"hard maple/oak/hickory/beech","Acer saccharum Marshall","sugar maple","Aceraceae","tree","saccharum",0.841,"hw4",-2.0127,2.4342,"AceraceaeAbove0.50spg","hardwood","Hardwood",0.56,-1.8011,2.3852,0.21103,0.95964,NA,"Check",1530.41591806181,1566.75464838616,NA
"Acer","ACSA3","NEON.PLA.D05.TREE.00184","TREE_049","TREE","D05",2022-09-20,"Live","single bole tree","Partially shaded",130,NA,24,38.8,NA,41,"Acer saccharum Marshall",10.8,148.5,"2022",318,"hard maple/oak/hickory/beech","Acer saccharum Marshall","sugar maple","Aceraceae","tree","saccharum",0.841,"hw4",-2.0127,2.4342,"AceraceaeAbove0.50spg","hardwood","Hardwood",0.56,-1.8011,2.3852,0.21103,0.95964,NA,"Check",984.985149437135,1017.357615868,NA
"Acer","ACSA3","NEON.PLA.D05.TREE.00672","TREE_042","TREE","D05",2018-10-10,"Live","single bole tree",NA,130,NA,21.4,39.5,NA,41,"Acer saccharum Marshall",11.4,144.7,"2018",318,"hard maple/oak/hickory/beech","Acer saccharum Marshall","sugar maple","Aceraceae","tree","saccharum",0.841,"hw4",-2.0127,2.4342,"AceraceaeAbove0.50spg","hardwood","Hardwood",0.56,-1.8011,2.3852,0.21103,0.95964,NA,"Check",1028.80282104842,1061.68480358602,NA
"Acer","ACSA3","NEON.PLA.D05.TREE.00672","TREE_042","TREE","D05",2019-10-23,"Live","single bole tree",NA,130,NA,19.8,39.7,NA,41,"Acer saccharum Marshall",11.4,144.7,"2019",318,"hard maple/oak/hickory/beech","Acer saccharum Marshall","sugar maple","Aceraceae","tree","saccharum",0.841,"hw4",-2.0127,2.4342,"AceraceaeAbove0.50spg","hardwood","Hardwood",0.56,-1.8011,2.3852,0.21103,0.95964,NA,"Check",1041.52895449994,1074.55172423987,NA
"Acer","ACSA3","NEON.PLA.D05.TREE.00582","TREE_046","TREE","D05",2022-09-19,"Live,  other damage","single bole tree","Partially shaded",130,NA,15,15.6,NA,23,"Acer saccharum Marshall",6.2,86.9,"2022",318,"hard maple/oak/hickory/beech","Acer saccharum Marshall","sugar maple","Aceraceae","tree","saccharum",0.841,"hw4",-2.0127,2.4342,"AceraceaeAbove0.50spg","hardwood","Hardwood",0.56,-1.8011,2.3852,0.21103,0.95964,NA,"Check",107.201137488513,115.7798548156,NA
"Acer","ACSA3","NEON.PLA.D05.TREE.00582","TREE_046","TREE","D05",2015-07-28,"Live","sapling","Mostly shaded",130,NA,11,15.2,NA,23,"Acer saccharum Marshall",6.2,86.9,"2015",318,"hard maple/oak/hickory/beech","Acer saccharum Marshall","sugar maple","Aceraceae","tree","saccharum",0.841,"hw4",-2.0127,2.4342,"AceraceaeAbove0.50spg","hardwood","Hardwood",0.56,-1.8011,2.3852,0.21103,0.95964,NA,"Check",100.632707640808,108.824212879759,NA
"Acer","ACSA3","NEON.PLA.D05.TREE.00163","TREE_055","TREE","D05",2017-09-14,"Live","small tree",NA,130,NA,9.5,8.4,NA,NA,"Acer saccharum Marshall",NA,NA,"2017",318,"hard maple/oak/hickory/beech","Acer saccharum Marshall","sugar maple","Aceraceae","tree","saccharum",0.841,"hw4",-2.0127,2.4342,"AceraceaeAbove0.50spg","hardwood","Hardwood",0.56,-1.8011,2.3852,0.21103,0.95964,NA,"Check",15.5852777858815,17.498731642492,NA
"Acer","ACSA3","NEON.PLA.D05.TREE.00383","TREE_051","TREE","D05",2015-08-03,"Live","single bole tree","Full sun",130,NA,23,26.8,NA,61,"Acer saccharum Marshall",9.6,189.4,"2015",318,"hard maple/oak/hickory/beech","Acer saccharum Marshall","sugar maple","Aceraceae","tree","saccharum",0.841,"hw4",-2.0127,2.4342,"AceraceaeAbove0.50spg","hardwood","Hardwood",0.56,-1.8011,2.3852,0.21103,0.95964,NA,"Check",400.185373935279,420.900381473869,NA
"Acer","ACSA3","NEON.PLA.D05.TREE.00504","TREE_042","TREE","D05",2017-09-25,"Live","single bole tree",NA,130,NA,21.8,27,NA,41,"Acer saccharum Marshall",6.7,59.5,"2017",318,"hard maple/oak/hickory/beech","Acer saccharum Marshall","sugar maple","Aceraceae","tree","saccharum",0.841,"hw4",-2.0127,2.4342,"AceraceaeAbove0.50spg","hardwood","Hardwood",0.56,-1.8011,2.3852,0.21103,0.95964,NA,"Check",407.49395541266,428.431169041645,NA
"Acer","ACSA3","NEON.PLA.D05.TREE.00743","TREE_051","TREE","D05",2017-09-26,"Live","small tree",NA,130,NA,9.3,6,NA,NA,"Acer saccharum Marshall",NA,NA,"2017",318,"hard maple/oak/hickory/beech","Acer saccharum Marshall","sugar maple","Aceraceae","tree","saccharum",0.841,"hw4",-2.0127,2.4342,"AceraceaeAbove0.50spg","hardwood","Hardwood",0.56,-1.8011,2.3852,0.21103,0.95964,NA,"Check",6.87083758902683,7.8426345851942,NA
"Acer","ACSA3","NEON.PLA.D05.TREE.00673","TREE_042","TREE","D05",2019-10-23,"Dead, broken bole","single bole tree",NA,130,NA,3.1,13.6,NA,41,"Acer saccharum Marshall",10.1,122.9,"2019",318,"hard maple/oak/hickory/beech","Acer saccharum Marshall","sugar maple","Aceraceae","tree","saccharum",0.841,"hw4",-2.0127,2.4342,"AceraceaeAbove0.50spg","hardwood","Hardwood",0.56,-1.8011,2.3852,0.21103,0.95964,NA,"Check",76.7637013300187,83.465925410037,NA
"Acer","ACSA3","NEON.PLA.D05.TREE.01463","TREE_041","TREE","D05",2017-10-16,"Live","single bole tree",NA,130,NA,21,19.9,NA,21,"Acer saccharum Marshall",2.4,78.1,"2017",318,"hard maple/oak/hickory/beech","Acer saccharum Marshall","sugar maple","Aceraceae","tree","saccharum",0.841,"hw4",-2.0127,2.4342,"AceraceaeAbove0.50spg","hardwood","Hardwood",0.56,-1.8011,2.3852,0.21103,0.95964,NA,"Check",193.893680655657,206.926716522833,NA
"Acer","ACSA3","NEON.PLA.D05.TREE.00029","TREE_056","TREE","D05",2022-09-20,"Live","single bole tree","Full sun",130,NA,21.8,36.9,NA,39,"Acer saccharum Marshall",10,178.6,"2022",318,"hard maple/oak/hickory/beech","Acer saccharum Marshall","sugar maple","Aceraceae","tree","saccharum",0.841,"hw4",-2.0127,2.4342,"AceraceaeAbove0.50spg","hardwood","Hardwood",0.56,-1.8011,2.3852,0.21103,0.95964,NA,"Check",871.667947779148,902.533845602126,NA
"Acer","ACSA3","NEON.PLA.D05.TREE.01036","TREE_041","TREE","D05",2016-10-18,"Live","small tree",NA,130,NA,8.8,7.7,NA,NA,"Acer saccharum Marshall",NA,NA,"2016",318,"hard maple/oak/hickory/beech","Acer saccharum Marshall","sugar maple","Aceraceae","tree","saccharum",0.841,"hw4",-2.0127,2.4342,"AceraceaeAbove0.50spg","hardwood","Hardwood",0.56,-1.8011,2.3852,0.21103,0.95964,NA,"Check",12.6104223555827,14.2191388623095,NA
"Acer","ACSA3","NEON.PLA.D05.TREE.01478","TREE_041","TREE","D05",2019-10-23,"Live","multi-bole tree",NA,130,NA,23.9,32.2,NA,39,"Acer saccharum Marshall",8,124.8,"2019",318,"hard maple/oak/hickory/beech","Acer saccharum Marshall","sugar maple","Aceraceae","tree","saccharum",0.841,"hw4",-2.0127,2.4342,"AceraceaeAbove0.50spg","hardwood","Hardwood",0.56,-1.8011,2.3852,0.21103,0.95964,NA,"Check",625.630998977097,652.123774841242,NA
"Acer","ACSA3","NEON.PLA.D05.TREE.00585","TREE_046","TREE","D05",2022-09-19,"Live, physically damaged","single bole tree","Full shade",130,NA,11.2,11.2,NA,25,"Acer saccharum Marshall",4.8,272.8,"2022",318,"hard maple/oak/hickory/beech","Acer saccharum Marshall","sugar maple","Aceraceae","tree","saccharum",0.841,"hw4",-2.0127,2.4342,"AceraceaeAbove0.50spg","hardwood","Hardwood",0.56,-1.8011,2.3852,0.21103,0.95964,NA,"Check",47.8522107804734,52.5275368755048,NA
"Acer","ACSA3","NEON.PLA.D05.TREE.00553","TREE_046","TREE","D05",2022-09-19,"Live","small tree","Full shade",140,NA,10,7.5,NA,NA,"Acer saccharum Marshall",NA,NA,"2022",318,"hard maple/oak/hickory/beech","Acer saccharum Marshall","sugar maple","Aceraceae","tree","saccharum",0.841,"hw4",-2.0127,2.4342,"AceraceaeAbove0.50spg","hardwood","Hardwood",0.56,-1.8011,2.3852,0.21103,0.95964,NA,"Check",11.8279106897301,13.3540114190238,NA
"Acer","ACSA3","NEON.PLA.D05.TREE.01359","TREE_041","TREE","D05",2021-09-20,"Live","single bole tree","Mostly shaded",130,NA,18.5,20.1,NA,41,"Acer saccharum Marshall",3.5,45.6,"2021",318,"hard maple/oak/hickory/beech","Acer saccharum Marshall","sugar maple","Aceraceae","tree","saccharum",0.841,"hw4",-2.0127,2.4342,"AceraceaeAbove0.50spg","hardwood","Hardwood",0.56,-1.8011,2.3852,0.21103,0.95964,NA,"Check",198.671394082478,211.921707643257,NA
"Acer","ACSA3","NEON.PLA.D05.TREE.01058","TREE_047","TREE","D05",2016-10-19,"Live","single bole tree",NA,130,NA,20.8,40.7,NA,57,"Acer saccharum Marshall",10.9,133.3,"2016",318,"hard maple/oak/hickory/beech","Acer saccharum Marshall","sugar maple","Aceraceae","tree","saccharum",0.841,"hw4",-2.0127,2.4342,"AceraceaeAbove0.50spg","hardwood","Hardwood",0.56,-1.8011,2.3852,0.21103,0.95964,NA,"Check",1106.54787170786,1140.24136892907,NA
"Acer","ACSA3","NEON.PLA.D05.TREE.00340","TREE_054","TREE","D05",2022-09-07,"Live,  other damage","single bole tree","Full sun",130,NA,15.7,24.8,NA,21,"Acer saccharum Marshall",9.7,49.1,"2022",318,"hard maple/oak/hickory/beech","Acer saccharum Marshall","sugar maple","Aceraceae","tree","saccharum",0.841,"hw4",-2.0127,2.4342,"AceraceaeAbove0.50spg","hardwood","Hardwood",0.56,-1.8011,2.3852,0.21103,0.95964,NA,"Check",331.336879467266,349.814943410975,NA
"Acer","ACSA3","NEON.PLA.D05.TREE.00348","TREE_054","TREE","D05",2018-10-09,"Live","single bole tree",NA,140,NA,10.9,13.6,NA,59,"Acer saccharum Marshall",8.8,121.5,"2018",318,"hard maple/oak/hickory/beech","Acer saccharum Marshall","sugar maple","Aceraceae","tree","saccharum",0.841,"hw4",-2.0127,2.4342,"AceraceaeAbove0.50spg","hardwood","Hardwood",0.56,-1.8011,2.3852,0.21103,0.95964,NA,"Check",76.7637013300187,83.465925410037,NA
"Acer","ACSA3","NEON.PLA.D05.TREE.00050","TREE_055","TREE","D05",2015-07-29,"Live","single bole tree","Mostly shaded",130,NA,11.8,13.4,NA,57,"Acer saccharum Marshall",7.8,98.3,"2015",318,"hard maple/oak/hickory/beech","Acer saccharum Marshall","sugar maple","Aceraceae","tree","saccharum",0.841,"hw4",-2.0127,2.4342,"AceraceaeAbove0.50spg","hardwood","Hardwood",0.56,-1.8011,2.3852,0.21103,0.95964,NA,"Check",74.0447031678835,80.5679982829085,NA
"Acer","ACSA3","NEON.PLA.D05.TREE.01092","TREE_047","TREE","D05",2017-10-16,"Live","single bole tree",NA,130,NA,19.8,35.1,NA,59,"Acer saccharum Marshall",10.3,207.2,"2017",318,"hard maple/oak/hickory/beech","Acer saccharum Marshall","sugar maple","Aceraceae","tree","saccharum",0.841,"hw4",-2.0127,2.4342,"AceraceaeAbove0.50spg","hardwood","Hardwood",0.56,-1.8011,2.3852,0.21103,0.95964,NA,"Check",771.75966886271,801.048373316355,NA
"Acer","ACSA3","NEON.PLA.D05.TREE.00523","TREE_042","TREE","D05",2017-09-25,"Live","single bole tree",NA,130,NA,20.6,42.6,NA,61,"Acer saccharum Marshall",9.7,252.8,"2017",318,"hard maple/oak/hickory/beech","Acer saccharum Marshall","sugar maple","Aceraceae","tree","saccharum",0.841,"hw4",-2.0127,2.4342,"AceraceaeAbove0.50spg","hardwood","Hardwood",0.56,-1.8011,2.3852,0.21103,0.95964,NA,"Check",1236.52910305327,1271.33494464771,NA
"Acer","ACSA3","NEON.PLA.D05.TREE.00199","TREE_055","TREE","D05",2016-09-27,"Live","small tree",NA,140,NA,7.1,5.1,NA,NA,"Acer saccharum Marshall",NA,NA,"2016",318,"hard maple/oak/hickory/beech","Acer saccharum Marshall","sugar maple","Aceraceae","tree","saccharum",0.841,"hw4",-2.0127,2.4342,"AceraceaeAbove0.50spg","hardwood","Hardwood",0.56,-1.8011,2.3852,0.21103,0.95964,NA,"Check",4.62595316943505,5.32245504379181,NA
"Acer","ACSA3","NEON.PLA.D05.TREE.01208","TREE_047","TREE","D05",2017-10-16,"Live","single bole tree",NA,130,NA,17.5,29.5,NA,41,"Acer saccharum Marshall",5.3,72.5,"2017",318,"hard maple/oak/hickory/beech","Acer saccharum Marshall","sugar maple","Aceraceae","tree","saccharum",0.841,"hw4",-2.0127,2.4342,"AceraceaeAbove0.50spg","hardwood","Hardwood",0.56,-1.8011,2.3852,0.21103,0.95964,NA,"Check",505.517561666095,529.190063776686,NA
"Acer","ACSA3","NEON.PLA.D05.TREE.00646","TREE_053","TREE","D05",2016-09-27,"Live","single bole tree",NA,130,NA,21,35,NA,41,"Acer saccharum Marshall",5.3,91.5,"2016",318,"hard maple/oak/hickory/beech","Acer saccharum Marshall","sugar maple","Aceraceae","tree","saccharum",0.841,"hw4",-2.0127,2.4342,"AceraceaeAbove0.50spg","hardwood","Hardwood",0.56,-1.8011,2.3852,0.21103,0.95964,NA,"Check",766.418412690621,795.615633124523,NA
"Acer","ACSA3","NEON.PLA.D05.TREE.00350","TREE_054","TREE","D05",2018-10-09,"Live","single bole tree",NA,130,NA,21.5,30.9,NA,59,"Acer saccharum Marshall",7.8,112.7,"2018",318,"hard maple/oak/hickory/beech","Acer saccharum Marshall","sugar maple","Aceraceae","tree","saccharum",0.841,"hw4",-2.0127,2.4342,"AceraceaeAbove0.50spg","hardwood","Hardwood",0.56,-1.8011,2.3852,0.21103,0.95964,NA,"Check",565.916591701159,591.073071289533,NA
"Acer","ACSA3","NEON.PLA.D05.TREE.01478A","TREE_041","TREE","D05",2016-10-18,"Live","multi-bole tree",NA,130,NA,NA,26.4,NA,39,"Acer saccharum Marshall",8,124.8,"2016",318,"hard maple/oak/hickory/beech","Acer saccharum Marshall","sugar maple","Aceraceae","tree","saccharum",0.841,"hw4",-2.0127,2.4342,"AceraceaeAbove0.50spg","hardwood","Hardwood",0.56,-1.8011,2.3852,0.21103,0.95964,NA,"Check",385.801378481692,406.070925224203,NA
"Acer","ACSA3","NEON.PLA.D05.TREE.00024","TREE_049","TREE","D05",2015-07-28,"Live","single bole tree","Mostly shaded",130,NA,12.2,13.3,NA,43,"Acer saccharum Marshall",1.7,198.6,"2015",318,"hard maple/oak/hickory/beech","Acer saccharum Marshall","sugar maple","Aceraceae","tree","saccharum",0.841,"hw4",-2.0127,2.4342,"AceraceaeAbove0.50spg","hardwood","Hardwood",0.56,-1.8011,2.3852,0.21103,0.95964,NA,"Check",72.7068217618969,79.141293226848,NA
"Acer","ACSA3","NEON.PLA.D05.TREE.01236","TREE_041","TREE","D05",2017-10-16,"Live","multi-bole tree",NA,130,NA,25.3,39.5,NA,43,"Acer saccharum Marshall",10.6,330.2,"2017",318,"hard maple/oak/hickory/beech","Acer saccharum Marshall","sugar maple","Aceraceae","tree","saccharum",0.841,"hw4",-2.0127,2.4342,"AceraceaeAbove0.50spg","hardwood","Hardwood",0.56,-1.8011,2.3852,0.21103,0.95964,NA,"Check",1028.80282104842,1061.68480358602,NA
"Acer","ACSA3","NEON.PLA.D05.TREE.00610","TREE_046","TREE","D05",2015-07-28,"Live","single bole tree","Partially shaded",130,NA,17.4,29.9,NA,41,"Acer saccharum Marshall",5.2,126.5,"2015",318,"hard maple/oak/hickory/beech","Acer saccharum Marshall","sugar maple","Aceraceae","tree","saccharum",0.841,"hw4",-2.0127,2.4342,"AceraceaeAbove0.50spg","hardwood","Hardwood",0.56,-1.8011,2.3852,0.21103,0.95964,NA,"Check",522.365279847923,546.465975873807,NA
"Acer","ACSA3","NEON.PLA.D05.TREE.00266","TREE_054","TREE","D05",2018-10-09,"Live","single bole tree",NA,130,NA,12.3,20.9,NA,39,"Acer saccharum Marshall",6,104.1,"2018",318,"hard maple/oak/hickory/beech","Acer saccharum Marshall","sugar maple","Aceraceae","tree","saccharum",0.841,"hw4",-2.0127,2.4342,"AceraceaeAbove0.50spg","hardwood","Hardwood",0.56,-1.8011,2.3852,0.21103,0.95964,NA,"Check",218.471900135497,232.597546988332,NA
"Acer","ACSA3","NEON.PLA.D05.TREE.00042","TREE_055","TREE","D05",2016-09-27,"Live","single bole tree",NA,130,NA,11.9,10.9,NA,41,"Acer saccharum Marshall",7.8,298.8,"2016",318,"hard maple/oak/hickory/beech","Acer saccharum Marshall","sugar maple","Aceraceae","tree","saccharum",0.841,"hw4",-2.0127,2.4342,"AceraceaeAbove0.50spg","hardwood","Hardwood",0.56,-1.8011,2.3852,0.21103,0.95964,NA,"Check",44.7918579876139,49.2336338552228,NA
"Acer","ACSA3","NEON.PLA.D05.TREE.00209","TREE_054","TREE","D05",2021-09-20,"Live","single bole tree","Partially shaded",130,NA,12.3,17.6,NA,43,"Acer saccharum Marshall",2.4,292.7,"2021",318,"hard maple/oak/hickory/beech","Acer saccharum Marshall","sugar maple","Aceraceae","tree","saccharum",0.841,"hw4",-2.0127,2.4342,"AceraceaeAbove0.50spg","hardwood","Hardwood",0.56,-1.8011,2.3852,0.21103,0.95964,NA,"Check",143.787930232059,154.379284548219,NA
"Acer","ACSA3","NEON.PLA.D05.TREE.00589","TREE_046","TREE","D05",2018-10-10,"Live","single bole tree",NA,130,NA,21.3,23,NA,25,"Acer saccharum Marshall",10.8,318.3,"2018",318,"hard maple/oak/hickory/beech","Acer saccharum Marshall","sugar maple","Aceraceae","tree","saccharum",0.841,"hw4",-2.0127,2.4342,"AceraceaeAbove0.50spg","hardwood","Hardwood",0.56,-1.8011,2.3852,0.21103,0.95964,NA,"Check",275.812150651963,292.270809958485,NA
"Acer","ACSA3","NEON.PLA.D05.TREE.00523","TREE_042","TREE","D05",2021-10-04,"Live","single bole tree","Partially shaded",130,NA,23.2,43.1,NA,61,"Acer saccharum Marshall",9.7,252.8,"2021",318,"hard maple/oak/hickory/beech","Acer saccharum Marshall","sugar maple","Aceraceae","tree","saccharum",0.841,"hw4",-2.0127,2.4342,"AceraceaeAbove0.50spg","hardwood","Hardwood",0.56,-1.8011,2.3852,0.21103,0.95964,NA,"Check",1272.1551116217,1307.21611604569,NA
"Acer","ACSA3","NEON.PLA.D05.TREE.00523","TREE_042","TREE","D05",2020-10-06,"Live","single bole tree","Partially shaded",130,NA,19.8,42,NA,61,"Acer saccharum Marshall",9.7,252.8,"2020",318,"hard maple/oak/hickory/beech","Acer saccharum Marshall","sugar maple","Aceraceae","tree","saccharum",0.841,"hw4",-2.0127,2.4342,"AceraceaeAbove0.50spg","hardwood","Hardwood",0.56,-1.8011,2.3852,0.21103,0.95964,NA,"Check",1194.56261501315,1229.04112789923,NA
"Acer","ACSA3","NEON.PLA.D05.TREE.01383","TREE_041","TREE","D05",2020-09-28,"Live","single bole tree","Partially shaded",130,NA,19.3,23.5,NA,59,"Acer saccharum Marshall",10.6,155.1,"2020",318,"hard maple/oak/hickory/beech","Acer saccharum Marshall","sugar maple","Aceraceae","tree","saccharum",0.841,"hw4",-2.0127,2.4342,"AceraceaeAbove0.50spg","hardwood","Hardwood",0.56,-1.8011,2.3852,0.21103,0.95964,NA,"Check",290.635651259067,307.654501364913,NA
"Acer","ACSA3","NEON.PLA.D05.TREE.00493","TREE_051","TREE","D05",2018-10-09,"Live","single bole tree",NA,130,NA,17.2,24,NA,43,"Acer saccharum Marshall",6.1,283.2,"2018",318,"hard maple/oak/hickory/beech","Acer saccharum Marshall","sugar maple","Aceraceae","tree","saccharum",0.841,"hw4",-2.0127,2.4342,"AceraceaeAbove0.50spg","hardwood","Hardwood",0.56,-1.8011,2.3852,0.21103,0.95964,NA,"Check",305.9184716183,323.498344397543,NA
"Acer","ACSA3","NEON.PLA.D05.TREE.01307","TREE_041","TREE","D05",2020-09-28,"Live","single bole tree","Partially shaded",130,NA,21.2,37.5,NA,59,"Acer saccharum Marshall",6,98.3,"2020",318,"hard maple/oak/hickory/beech","Acer saccharum Marshall","sugar maple","Aceraceae","tree","saccharum",0.841,"hw4",-2.0127,2.4342,"AceraceaeAbove0.50spg","hardwood","Hardwood",0.56,-1.8011,2.3852,0.21103,0.95964,NA,"Check",906.572222695023,937.932508008849,NA
"Acer","ACSA3","NEON.PLA.D05.TREE.00543","TREE_042","TREE","D05",2016-09-28,"Live, physically damaged","single bole tree",NA,130,NA,16.6,18.7,NA,23,"Acer saccharum Marshall",6.3,51.1,"2016",318,"hard maple/oak/hickory/beech","Acer saccharum Marshall","sugar maple","Aceraceae","tree","saccharum",0.841,"hw4",-2.0127,2.4342,"AceraceaeAbove0.50spg","hardwood","Hardwood",0.56,-1.8011,2.3852,0.21103,0.95964,NA,"Check",166.652692590398,178.397518288841,NA
"Acer","ACSA3","NEON.PLA.D05.TREE.00582","TREE_046","TREE","D05",2016-09-29,"Live","single bole tree",NA,130,NA,14,15.2,NA,23,"Acer saccharum Marshall",6.2,86.9,"2016",318,"hard maple/oak/hickory/beech","Acer saccharum Marshall","sugar maple","Aceraceae","tree","saccharum",0.841,"hw4",-2.0127,2.4342,"AceraceaeAbove0.50spg","hardwood","Hardwood",0.56,-1.8011,2.3852,0.21103,0.95964,NA,"Check",100.632707640808,108.824212879759,NA
"Acer","ACSA3","NEON.PLA.D05.TREE.00582","TREE_046","TREE","D05",2018-10-10,"Live","single bole tree",NA,130,NA,11.9,15.3,NA,23,"Acer saccharum Marshall",6.2,86.9,"2018",318,"hard maple/oak/hickory/beech","Acer saccharum Marshall","sugar maple","Aceraceae","tree","saccharum",0.841,"hw4",-2.0127,2.4342,"AceraceaeAbove0.50spg","hardwood","Hardwood",0.56,-1.8011,2.3852,0.21103,0.95964,NA,"Check",102.251897773976,110.539681633179,NA
"Acer","ACSA3","NEON.PLA.D05.TREE.00204","TREE_054","TREE","D05",2018-10-09,"Live","single bole tree",NA,130,NA,19,27.9,NA,43,"Acer saccharum Marshall",10.5,325.5,"2018",318,"hard maple/oak/hickory/beech","Acer saccharum Marshall","sugar maple","Aceraceae","tree","saccharum",0.841,"hw4",-2.0127,2.4342,"AceraceaeAbove0.50spg","hardwood","Hardwood",0.56,-1.8011,2.3852,0.21103,0.95964,NA,"Check",441.352151355765,463.284056160812,NA
"Acer","ACSA3","NEON.PLA.D05.TREE.00260","TREE_056","TREE","D05",2015-07-29,"Live","single bole tree","Mostly shaded",130,NA,14,14.4,NA,59,"Acer saccharum Marshall",12.4,134.3,"2015",318,"hard maple/oak/hickory/beech","Acer saccharum Marshall","sugar maple","Aceraceae","tree","saccharum",0.841,"hw4",-2.0127,2.4342,"AceraceaeAbove0.50spg","hardwood","Hardwood",0.56,-1.8011,2.3852,0.21103,0.95964,NA,"Check",88.2229294629901,95.6573674813582,NA
"Acer","ACSA3","NEON.PLA.D05.TREE.01301","TREE_041","TREE","D05",2020-09-28,"Live","small tree","Mostly shaded",140,NA,7.2,8,NA,NA,"Acer saccharum Marshall",NA,NA,"2020",318,"hard maple/oak/hickory/beech","Acer saccharum Marshall","sugar maple","Aceraceae","tree","saccharum",0.841,"hw4",-2.0127,2.4342,"AceraceaeAbove0.50spg","hardwood","Hardwood",0.56,-1.8011,2.3852,0.21103,0.95964,NA,"Check",13.8399829653975,15.5763556521787,NA
"Acer","ACSA3","NEON.PLA.D05.TREE.00511","TREE_042","TREE","D05",2017-09-25,"Live","small tree",NA,130,NA,7.3,8.2,NA,NA,"Acer saccharum Marshall",NA,NA,"2017",318,"hard maple/oak/hickory/beech","Acer saccharum Marshall","sugar maple","Aceraceae","tree","saccharum",0.841,"hw4",-2.0127,2.4342,"AceraceaeAbove0.50spg","hardwood","Hardwood",0.56,-1.8011,2.3852,0.21103,0.95964,NA,"Check",14.6973686878025,16.5213076528975,NA
"Acer","ACSA3","NEON.PLA.D05.TREE.00633","TREE_053","TREE","D05",2016-09-27,"Live, physically damaged","small tree",NA,130,NA,10.5,9.5,NA,NA,"Acer saccharum Marshall",2.4,NA,"2016",318,"hard maple/oak/hickory/beech","Acer saccharum Marshall","sugar maple","Aceraceae","tree","saccharum",0.841,"hw4",-2.0127,2.4342,"AceraceaeAbove0.50spg","hardwood","Hardwood",0.56,-1.8011,2.3852,0.21103,0.95964,NA,"Check",21.0285200671118,23.4683178272082,NA
"Acer","ACSA3","NEON.PLA.D05.TREE.00394","TREE_051","TREE","D05",2015-08-03,"Live","single bole tree","Partially shaded",130,NA,14.4,15.6,NA,59,"Acer saccharum Marshall",5.3,171.4,"2015",318,"hard maple/oak/hickory/beech","Acer saccharum Marshall","sugar maple","Aceraceae","tree","saccharum",0.841,"hw4",-2.0127,2.4342,"AceraceaeAbove0.50spg","hardwood","Hardwood",0.56,-1.8011,2.3852,0.21103,0.95964,NA,"Check",107.201137488513,115.7798548156,NA
"Acer","ACSA3","NEON.PLA.D05.TREE.00584","TREE_053","TREE","D05",2018-10-09,"Live","single bole tree",NA,130,NA,19.6,30.5,NA,25,"Acer saccharum Marshall",4.8,307.1,"2018",318,"hard maple/oak/hickory/beech","Acer saccharum Marshall","sugar maple","Aceraceae","tree","saccharum",0.841,"hw4",-2.0127,2.4342,"AceraceaeAbove0.50spg","hardwood","Hardwood",0.56,-1.8011,2.3852,0.21103,0.95964,NA,"Check",548.249400189421,572.98623042529,NA
"Acer","ACSA3","NEON.PLA.D05.TREE.00584","TREE_053","TREE","D05",2016-09-27,"Live","single bole tree",NA,130,NA,18.6,30.4,NA,25,"Acer saccharum Marshall",4.8,307.1,"2016",318,"hard maple/oak/hickory/beech","Acer saccharum Marshall","sugar maple","Aceraceae","tree","saccharum",0.841,"hw4",-2.0127,2.4342,"AceraceaeAbove0.50spg","hardwood","Hardwood",0.56,-1.8011,2.3852,0.21103,0.95964,NA,"Check",543.884113439514,568.51546136031,NA
"Acer","ACSA3","NEON.PLA.D05.TREE.00585","TREE_046","TREE","D05",2018-10-10,"Live","single bole tree",NA,130,NA,13.5,11.1,NA,25,"Acer saccharum Marshall",4.8,272.8,"2018",318,"hard maple/oak/hickory/beech","Acer saccharum Marshall","sugar maple","Aceraceae","tree","saccharum",0.841,"hw4",-2.0127,2.4342,"AceraceaeAbove0.50spg","hardwood","Hardwood",0.56,-1.8011,2.3852,0.21103,0.95964,NA,"Check",46.8188445250131,51.4157976420253,NA
"Acer","ACSA3","NEON.PLA.D05.TREE.00340","TREE_054","TREE","D05",2018-10-09,"Live","single bole tree",NA,130,NA,15.6,24.7,NA,21,"Acer saccharum Marshall",9.7,49.1,"2018",318,"hard maple/oak/hickory/beech","Acer saccharum Marshall","sugar maple","Aceraceae","tree","saccharum",0.841,"hw4",-2.0127,2.4342,"AceraceaeAbove0.50spg","hardwood","Hardwood",0.56,-1.8011,2.3852,0.21103,0.95964,NA,"Check",328.094099399852,346.459904676692,NA
"Acer","ACSA3","NEON.PLA.D05.TREE.00660","TREE_042","TREE","D05",2018-10-10,"Live","single bole tree",NA,130,NA,13.2,13.5,NA,43,"Acer saccharum Marshall",9.4,288.3,"2018",318,"hard maple/oak/hickory/beech","Acer saccharum Marshall","sugar maple","Aceraceae","tree","saccharum",0.841,"hw4",-2.0127,2.4342,"AceraceaeAbove0.50spg","hardwood","Hardwood",0.56,-1.8011,2.3852,0.21103,0.95964,NA,"Check",75.3969808404766,82.0095281710613,NA
"Acer","ACSA3","NEON.PLA.D05.TREE.00560","TREE_042","TREE","D05",2017-09-25,"Live","single bole tree",NA,130,NA,18.4,35.8,NA,25,"Acer saccharum Marshall",5.9,337.6,"2017",318,"hard maple/oak/hickory/beech","Acer saccharum Marshall","sugar maple","Aceraceae","tree","saccharum",0.841,"hw4",-2.0127,2.4342,"AceraceaeAbove0.50spg","hardwood","Hardwood",0.56,-1.8011,2.3852,0.21103,0.95964,NA,"Check",809.762311596595,839.680376578039,NA
"Acer","ACSA3","NEON.PLA.D05.TREE.00560","TREE_042","TREE","D05",2016-09-28,"Live","single bole tree",NA,130,NA,18.9,35.5,NA,25,"Acer saccharum Marshall",5.9,337.6,"2016",318,"hard maple/oak/hickory/beech","Acer saccharum Marshall","sugar maple","Aceraceae","tree","saccharum",0.841,"hw4",-2.0127,2.4342,"AceraceaeAbove0.50spg","hardwood","Hardwood",0.56,-1.8011,2.3852,0.21103,0.95964,NA,"Check",793.343656077341,822.994392895654,NA
"Acer","ACSA3","NEON.PLA.D05.TREE.00172","TREE_049","TREE","D05",2018-10-10,"Live","single bole tree",NA,130,NA,15.2,15.9,NA,39,"Acer saccharum Marshall",3.5,124.8,"2018",318,"hard maple/oak/hickory/beech","Acer saccharum Marshall","sugar maple","Aceraceae","tree","saccharum",0.841,"hw4",-2.0127,2.4342,"AceraceaeAbove0.50spg","hardwood","Hardwood",0.56,-1.8011,2.3852,0.21103,0.95964,NA,"Check",112.288783354989,121.16149671899,NA
"Acer","ACSA3","NEON.PLA.D05.TREE.00172","TREE_049","TREE","D05",2016-09-28,"Live","single bole tree",NA,130,NA,12,15.3,NA,39,"Acer saccharum Marshall",3.5,124.8,"2016",318,"hard maple/oak/hickory/beech","Acer saccharum Marshall","sugar maple","Aceraceae","tree","saccharum",0.841,"hw4",-2.0127,2.4342,"AceraceaeAbove0.50spg","hardwood","Hardwood",0.56,-1.8011,2.3852,0.21103,0.95964,NA,"Check",102.251897773976,110.539681633179,NA
"Acer","ACSA3","NEON.PLA.D05.TREE.00148","TREE_049","TREE","D05",2021-09-23,"Dead, broken bole","single bole tree","Full shade",130,NA,5.2,13.3,NA,23,"Acer saccharum Marshall",4.5,74.6,"2021",318,"hard maple/oak/hickory/beech","Acer saccharum Marshall","sugar maple","Aceraceae","tree","saccharum",0.841,"hw4",-2.0127,2.4342,"AceraceaeAbove0.50spg","hardwood","Hardwood",0.56,-1.8011,2.3852,0.21103,0.95964,NA,"Check",72.7068217618969,79.141293226848,NA
"Acer","ACSA3","NEON.PLA.D05.TREE.00121","TREE_050","TREE","D05",2018-08-29,"Live","single bole tree",NA,130,NA,9.4,14.8,NA,41,"Acer saccharum Marshall",1.3,331.3,"2018",318,"hard maple/oak/hickory/beech","Acer saccharum Marshall","sugar maple","Aceraceae","tree","saccharum",0.841,"hw4",-2.0127,2.4342,"AceraceaeAbove0.50spg","hardwood","Hardwood",0.56,-1.8011,2.3852,0.21103,0.95964,NA,"Check",94.3075720084885,102.117565406473,NA
"Acer","ACSA3","NEON.PLA.D05.TREE.00068","TREE_049","TREE","D05",2015-07-28,"Live","single bole tree","Partially shaded",130,NA,19.1,24.4,NA,23,"Acer saccharum Marshall",4,82.4,"2015",318,"hard maple/oak/hickory/beech","Acer saccharum Marshall","sugar maple","Aceraceae","tree","saccharum",0.841,"hw4",-2.0127,2.4342,"AceraceaeAbove0.50spg","hardwood","Hardwood",0.56,-1.8011,2.3852,0.21103,0.95964,NA,"Check",318.478274464284,336.507247640343,NA
"Acer","ACSA3","NEON.PLA.D05.TREE.00714","TREE_051","TREE","D05",2015-08-03,"Live","single bole tree","Full sun",130,NA,13.4,16.6,NA,59,"Acer saccharum Marshall",9.4,210.8,"2015",318,"hard maple/oak/hickory/beech","Acer saccharum Marshall","sugar maple","Aceraceae","tree","saccharum",0.841,"hw4",-2.0127,2.4342,"AceraceaeAbove0.50spg","hardwood","Hardwood",0.56,-1.8011,2.3852,0.21103,0.95964,NA,"Check",124.704637475395,134.274647285162,NA
"Acer","ACSA3","NEON.PLA.D05.TREE.00562","TREE_053","TREE","D05",2015-07-27,"Live","single bole tree","Partially shaded",130,NA,20.8,32.9,NA,41,"Acer saccharum Marshall",9.5,62.8,"2015",318,"hard maple/oak/hickory/beech","Acer saccharum Marshall","sugar maple","Aceraceae","tree","saccharum",0.841,"hw4",-2.0127,2.4342,"AceraceaeAbove0.50spg","hardwood","Hardwood",0.56,-1.8011,2.3852,0.21103,0.95964,NA,"Check",659.255483871026,686.448348384447,NA
"Acer","ACSA3","NEON.PLA.D05.TREE.00661","TREE_042","TREE","D05",2017-09-25,"Live","single bole tree",NA,130,NA,16.5,15.6,NA,43,"Acer saccharum Marshall",5.9,261.4,"2017",318,"hard maple/oak/hickory/beech","Acer saccharum Marshall","sugar maple","Aceraceae","tree","saccharum",0.841,"hw4",-2.0127,2.4342,"AceraceaeAbove0.50spg","hardwood","Hardwood",0.56,-1.8011,2.3852,0.21103,0.95964,NA,"Check",107.201137488513,115.7798548156,NA
"Acer","ACSA3","NEON.PLA.D05.TREE.00015","TREE_055","TREE","D05",2017-09-14,"Live","single bole tree",NA,130,NA,15.2,18.7,NA,41,"Acer saccharum Marshall",8.9,277.9,"2017",318,"hard maple/oak/hickory/beech","Acer saccharum Marshall","sugar maple","Aceraceae","tree","saccharum",0.841,"hw4",-2.0127,2.4342,"AceraceaeAbove0.50spg","hardwood","Hardwood",0.56,-1.8011,2.3852,0.21103,0.95964,NA,"Check",166.652692590398,178.397518288841,NA
"Acer","ACSA3","NEON.PLA.D05.TREE.00661","TREE_042","TREE","D05",2019-10-23,"Live","single bole tree",NA,140,NA,14.2,15.5,NA,43,"Acer saccharum Marshall",5.9,261.4,"2019",318,"hard maple/oak/hickory/beech","Acer saccharum Marshall","sugar maple","Aceraceae","tree","saccharum",0.841,"hw4",-2.0127,2.4342,"AceraceaeAbove0.50spg","hardwood","Hardwood",0.56,-1.8011,2.3852,0.21103,0.95964,NA,"Check",105.536069580076,114.017463478061,NA
"Acer","ACSA3","NEON.PLA.D05.TREE.00662","TREE_042","TREE","D05",2018-10-10,"Live","single bole tree",NA,140,NA,19.9,18.4,NA,43,"Acer saccharum Marshall",9.1,242.4,"2018",318,"hard maple/oak/hickory/beech","Acer saccharum Marshall","sugar maple","Aceraceae","tree","saccharum",0.841,"hw4",-2.0127,2.4342,"AceraceaeAbove0.50spg","hardwood","Hardwood",0.56,-1.8011,2.3852,0.21103,0.95964,NA,"Check",160.219377869947,171.646787657958,NA
"Acer","ACSA3","NEON.PLA.D05.TREE.00150","TREE_051","TREE","D05",2017-09-26,"Live","single bole tree",NA,130,NA,13.7,22,NA,59,"Acer saccharum Marshall",7.3,94.6,"2017",318,"hard maple/oak/hickory/beech","Acer saccharum Marshall","sugar maple","Aceraceae","tree","saccharum",0.841,"hw4",-2.0127,2.4342,"AceraceaeAbove0.50spg","hardwood","Hardwood",0.56,-1.8011,2.3852,0.21103,0.95964,NA,"Check",247.525978457426,262.868645264899,NA
"Acer","ACSA3","NEON.PLA.D05.TREE.00662","TREE_042","TREE","D05",2021-10-04,"Live","single bole tree","Mostly shaded",150,NA,20.7,18.7,NA,43,"Acer saccharum Marshall",9.1,242.4,"2021",318,"hard maple/oak/hickory/beech","Acer saccharum Marshall","sugar maple","Aceraceae","tree","saccharum",0.841,"hw4",-2.0127,2.4342,"AceraceaeAbove0.50spg","hardwood","Hardwood",0.56,-1.8011,2.3852,0.21103,0.95964,NA,"Check",166.652692590398,178.397518288841,NA
"Acer","ACSA3","NEON.PLA.D05.TREE.00043","TREE_055","TREE","D05",2015-07-29,"Live","single bole tree","Full sun",130,NA,19.5,36,NA,43,"Acer saccharum Marshall",6.7,328.7,"2015",318,"hard maple/oak/hickory/beech","Acer saccharum Marshall","sugar maple","Aceraceae","tree","saccharum",0.841,"hw4",-2.0127,2.4342,"AceraceaeAbove0.50spg","hardwood","Hardwood",0.56,-1.8011,2.3852,0.21103,0.95964,NA,"Check",820.818325035169,850.912558653415,NA
"Acer","ACSA3","NEON.PLA.D05.TREE.00150","TREE_051","TREE","D05",2018-10-09,"Live","single bole tree",NA,130,NA,18.6,22.6,NA,59,"Acer saccharum Marshall",7.3,94.6,"2018",318,"hard maple/oak/hickory/beech","Acer saccharum Marshall","sugar maple","Aceraceae","tree","saccharum",0.841,"hw4",-2.0127,2.4342,"AceraceaeAbove0.50spg","hardwood","Hardwood",0.56,-1.8011,2.3852,0.21103,0.95964,NA,"Check",264.281193147823,280.292616514285,NA
"Acer","ACSA3","NEON.PLA.D05.TREE.00589","TREE_046","TREE","D05",2015-07-28,"Live","single bole tree","Partially shaded",130,NA,16.1,22.3,NA,25,"Acer saccharum Marshall",10.8,318.3,"2015",318,"hard maple/oak/hickory/beech","Acer saccharum Marshall","sugar maple","Aceraceae","tree","saccharum",0.841,"hw4",-2.0127,2.4342,"AceraceaeAbove0.50spg","hardwood","Hardwood",0.56,-1.8011,2.3852,0.21103,0.95964,NA,"Check",255.822768128299,271.499458657582,NA
"Acer","ACSA3","NEON.PLA.D05.TREE.00399","TREE_051","TREE","D05",2016-09-28,"Live","single bole tree",NA,130,NA,16.8,21.1,NA,61,"Acer saccharum Marshall",11.6,229.3,"2016",318,"hard maple/oak/hickory/beech","Acer saccharum Marshall","sugar maple","Aceraceae","tree","saccharum",0.841,"hw4",-2.0127,2.4342,"AceraceaeAbove0.50spg","hardwood","Hardwood",0.56,-1.8011,2.3852,0.21103,0.95964,NA,"Check",223.595906784649,237.941788151835,NA
"Acer","ACSA3","NEON.PLA.D05.TREE.00306","TREE_054","TREE","D05",2016-10-18,"Live, physically damaged","single bole tree",NA,130,NA,12.9,17.8,NA,23,"Acer saccharum Marshall",8.1,300,"2016",318,"hard maple/oak/hickory/beech","Acer saccharum Marshall","sugar maple","Aceraceae","tree","saccharum",0.841,"hw4",-2.0127,2.4342,"AceraceaeAbove0.50spg","hardwood","Hardwood",0.56,-1.8011,2.3852,0.21103,0.95964,NA,"Check",147.797764725291,158.596645827309,NA
"Acer","ACSA3","NEON.PLA.D05.TREE.00080","TREE_049","TREE","D05",2016-09-28,"Live, physically damaged","single bole tree",NA,130,NA,10.9,12.3,NA,39,"Acer saccharum Marshall",7.9,148.5,"2016",318,"hard maple/oak/hickory/beech","Acer saccharum Marshall","sugar maple","Aceraceae","tree","saccharum",0.841,"hw4",-2.0127,2.4342,"AceraceaeAbove0.50spg","hardwood","Hardwood",0.56,-1.8011,2.3852,0.21103,0.95964,NA,"Check",60.1094173824626,65.6801113592681,NA
"Acer","ACSA3","NEON.PLA.D05.TREE.00134","TREE_055","TREE","D05",2017-09-14,"Live","small tree",NA,130,NA,11.4,8.3,NA,NA,"Acer saccharum Marshall",NA,NA,"2017",318,"hard maple/oak/hickory/beech","Acer saccharum Marshall","sugar maple","Aceraceae","tree","saccharum",0.841,"hw4",-2.0127,2.4342,"AceraceaeAbove0.50spg","hardwood","Hardwood",0.56,-1.8011,2.3852,0.21103,0.95964,NA,"Check",15.1374876457008,17.0059416165079,NA
"Acer","ACSA3","NEON.PLA.D05.TREE.00597","TREE_046","TREE","D05",2021-09-21,"Live","single bole tree","Full sun",130,NA,22.7,27.8,NA,59,"Acer saccharum Marshall",3.1,214,"2021",318,"hard maple/oak/hickory/beech","Acer saccharum Marshall","sugar maple","Aceraceae","tree","saccharum",0.841,"hw4",-2.0127,2.4342,"AceraceaeAbove0.50spg","hardwood","Hardwood",0.56,-1.8011,2.3852,0.21103,0.95964,NA,"Check",437.511364552214,459.333220181182,NA
"Acer","ACSA3","NEON.PLA.D05.TREE.00209","TREE_054","TREE","D05",2022-09-07,"Live","single bole tree","Partially shaded",130,NA,12.5,17.6,NA,43,"Acer saccharum Marshall",2.4,292.7,"2022",318,"hard maple/oak/hickory/beech","Acer saccharum Marshall","sugar maple","Aceraceae","tree","saccharum",0.841,"hw4",-2.0127,2.4342,"AceraceaeAbove0.50spg","hardwood","Hardwood",0.56,-1.8011,2.3852,0.21103,0.95964,NA,"Check",143.787930232059,154.379284548219,NA
"Acer","ACSA3","NEON.PLA.D05.TREE.00663","TREE_054","TREE","D05",2021-09-20,"Live","single bole tree","Full sun",130,NA,20.1,33.3,NA,41,"Acer saccharum Marshall",12.4,41.6,"2021",318,"hard maple/oak/hickory/beech","Acer saccharum Marshall","sugar maple","Aceraceae","tree","saccharum",0.841,"hw4",-2.0127,2.4342,"AceraceaeAbove0.50spg","hardwood","Hardwood",0.56,-1.8011,2.3852,0.21103,0.95964,NA,"Check",678.936644233985,706.522821143323,NA
"Acer","ACSA3","NEON.PLA.D05.TREE.00663","TREE_054","TREE","D05",2016-10-18,"Live","single bole tree",NA,130,NA,17.1,32.2,NA,41,"Acer saccharum Marshall",12.4,41.6,"2016",318,"hard maple/oak/hickory/beech","Acer saccharum Marshall","sugar maple","Aceraceae","tree","saccharum",0.841,"hw4",-2.0127,2.4342,"AceraceaeAbove0.50spg","hardwood","Hardwood",0.56,-1.8011,2.3852,0.21103,0.95964,NA,"Check",625.630998977097,652.123774841242,NA
"Acer","ACSA3","NEON.PLA.D05.TREE.00101","TREE_055","TREE","D05",2018-10-10,"Live","single bole tree",NA,130,NA,10.3,11.3,NA,39,"Acer saccharum Marshall",1.8,112.3,"2018",318,"hard maple/oak/hickory/beech","Acer saccharum Marshall","sugar maple","Aceraceae","tree","saccharum",0.841,"hw4",-2.0127,2.4342,"AceraceaeAbove0.50spg","hardwood","Hardwood",0.56,-1.8011,2.3852,0.21103,0.95964,NA,"Check",48.8988947973132,53.6531113774646,NA
"Acer","ACSA3","NEON.PLA.D05.TREE.00615","TREE_042","TREE","D05",2016-09-28,"Live, physically damaged","single bole tree",NA,130,NA,12.1,13.8,NA,61,"Acer saccharum Marshall",16.2,220.9,"2016",318,"hard maple/oak/hickory/beech","Acer saccharum Marshall","sugar maple","Aceraceae","tree","saccharum",0.841,"hw4",-2.0127,2.4342,"AceraceaeAbove0.50spg","hardwood","Hardwood",0.56,-1.8011,2.3852,0.21103,0.95964,NA,"Check",79.540655990085,86.4234910516761,NA
"Acer","ACSA3","NEON.PLA.D05.TREE.00019","TREE_055","TREE","D05",2017-09-14,"Live","single bole tree",NA,130,NA,12.8,14.7,NA,39,"Acer saccharum Marshall",4.6,51.1,"2017",318,"hard maple/oak/hickory/beech","Acer saccharum Marshall","sugar maple","Aceraceae","tree","saccharum",0.841,"hw4",-2.0127,2.4342,"AceraceaeAbove0.50spg","hardwood","Hardwood",0.56,-1.8011,2.3852,0.21103,0.95964,NA,"Check",92.7639754989651,100.479511613661,NA
"Acer","ACSA3","NEON.PLA.D05.TREE.00204","TREE_054","TREE","D05",2015-07-30,"Live","single bole tree","Partially shaded",130,NA,18.6,27.4,NA,43,"Acer saccharum Marshall",10.5,325.5,"2015",318,"hard maple/oak/hickory/beech","Acer saccharum Marshall","sugar maple","Aceraceae","tree","saccharum",0.841,"hw4",-2.0127,2.4342,"AceraceaeAbove0.50spg","hardwood","Hardwood",0.56,-1.8011,2.3852,0.21103,0.95964,NA,"Check",422.345543821426,443.725973699236,NA
"Acer","ACSA3","NEON.PLA.D05.TREE.00047","TREE_054","TREE","D05",2018-10-09,"Live","single bole tree",NA,130,NA,16.1,20.6,NA,39,"Acer saccharum Marshall",9,140.7,"2018",318,"hard maple/oak/hickory/beech","Acer saccharum Marshall","sugar maple","Aceraceae","tree","saccharum",0.841,"hw4",-2.0127,2.4342,"AceraceaeAbove0.50spg","hardwood","Hardwood",0.56,-1.8011,2.3852,0.21103,0.95964,NA,"Check",210.916756505452,224.713054279902,NA
"Acer","ACSA3","NEON.PLA.D05.TREE.00347","TREE_054","TREE","D05",2021-09-20,"Live","single bole tree","Partially shaded",130,NA,16.9,23.6,NA,59,"Acer saccharum Marshall",4.2,145.2,"2021",318,"hard maple/oak/hickory/beech","Acer saccharum Marshall","sugar maple","Aceraceae","tree","saccharum",0.841,"hw4",-2.0127,2.4342,"AceraceaeAbove0.50spg","hardwood","Hardwood",0.56,-1.8011,2.3852,0.21103,0.95964,NA,"Check",293.655334041744,310.786337235253,NA
"Acer","ACSA3","NEON.PLA.D05.TREE.01089","TREE_047","TREE","D05",2017-10-16,"Live","small tree",NA,130,NA,3.9,3.7,NA,NA,"Acer saccharum Marshall",NA,NA,"2017",318,"hard maple/oak/hickory/beech","Acer saccharum Marshall","sugar maple","Aceraceae","tree","saccharum",0.841,"hw4",-2.0127,2.4342,"AceraceaeAbove0.50spg","hardwood","Hardwood",0.56,-1.8011,2.3852,0.21103,0.95964,NA,"Check",2.11811992671781,2.47565641086699,NA
"Acer","ACSA3","NEON.PLA.D05.TREE.00593","TREE_042","TREE","D05",2016-09-28,"Live","single bole tree",NA,130,NA,23.1,32,NA,41,"Acer saccharum Marshall",13.1,178.6,"2016",318,"hard maple/oak/hickory/beech","Acer saccharum Marshall","sugar maple","Aceraceae","tree","saccharum",0.841,"hw4",-2.0127,2.4342,"AceraceaeAbove0.50spg","hardwood","Hardwood",0.56,-1.8011,2.3852,0.21103,0.95964,NA,"Check",616.214017743563,642.504149656533,NA
"Acer","ACSA3","NEON.PLA.D05.TREE.00019","TREE_055","TREE","D05",2016-09-27,"Live","single bole tree",NA,130,NA,13.2,14,NA,39,"Acer saccharum Marshall",4.6,51.1,"2016",318,"hard maple/oak/hickory/beech","Acer saccharum Marshall","sugar maple","Aceraceae","tree","saccharum",0.841,"hw4",-2.0127,2.4342,"AceraceaeAbove0.50spg","hardwood","Hardwood",0.56,-1.8011,2.3852,0.21103,0.95964,NA,"Check",82.3759356969086,89.4410315345985,NA
"Acer","ACSA3","NEON.PLA.D05.TREE.00519","TREE_053","TREE","D05",2015-07-27,"Live","small tree","Partially shaded",130,NA,9,9.1,NA,NA,"Acer saccharum Marshall",NA,NA,"2015",318,"hard maple/oak/hickory/beech","Acer saccharum Marshall","sugar maple","Aceraceae","tree","saccharum",0.841,"hw4",-2.0127,2.4342,"AceraceaeAbove0.50spg","hardwood","Hardwood",0.56,-1.8011,2.3852,0.21103,0.95964,NA,"Check",18.9379282335194,21.1797654730535,NA
"Acer","ACSA3","NEON.PLA.D05.TREE.00643","TREE_053","TREE","D05",2018-10-09,"Live","single bole tree",NA,130,NA,16.4,28.1,NA,25,"Acer saccharum Marshall",6.9,330.4,"2018",318,"hard maple/oak/hickory/beech","Acer saccharum Marshall","sugar maple","Aceraceae","tree","saccharum",0.841,"hw4",-2.0127,2.4342,"AceraceaeAbove0.50spg","hardwood","Hardwood",0.56,-1.8011,2.3852,0.21103,0.95964,NA,"Check",449.093138986623,471.244747817592,NA
"Acer","ACSA3","NEON.PLA.D05.TREE.00440","TREE_051","TREE","D05",2017-09-26,"Live","single bole tree",NA,130,NA,16.2,26.1,NA,41,"Acer saccharum Marshall",2.4,8.3,"2017",318,"hard maple/oak/hickory/beech","Acer saccharum Marshall","sugar maple","Aceraceae","tree","saccharum",0.841,"hw4",-2.0127,2.4342,"AceraceaeAbove0.50spg","hardwood","Hardwood",0.56,-1.8011,2.3852,0.21103,0.95964,NA,"Check",375.216405981196,395.151055876078,NA
"Acer","ACSA3","NEON.PLA.D05.TREE.00440","TREE_051","TREE","D05",2016-09-28,"Live","single bole tree",NA,130,NA,18.1,26.2,NA,41,"Acer saccharum Marshall",2.4,8.3,"2016",318,"hard maple/oak/hickory/beech","Acer saccharum Marshall","sugar maple","Aceraceae","tree","saccharum",0.841,"hw4",-2.0127,2.4342,"AceraceaeAbove0.50spg","hardwood","Hardwood",0.56,-1.8011,2.3852,0.21103,0.95964,NA,"Check",378.725458122992,398.771809215823,NA
"Acer","ACSA3","NEON.PLA.D05.TREE.00440","TREE_051","TREE","D05",2018-10-09,"Live","single bole tree",NA,130,NA,18.8,26.4,NA,41,"Acer saccharum Marshall",2.4,8.3,"2018",318,"hard maple/oak/hickory/beech","Acer saccharum Marshall","sugar maple","Aceraceae","tree","saccharum",0.841,"hw4",-2.0127,2.4342,"AceraceaeAbove0.50spg","hardwood","Hardwood",0.56,-1.8011,2.3852,0.21103,0.95964,NA,"Check",385.801378481692,406.070925224203,NA
"Acer","ACSA3","NEON.PLA.D05.TREE.00440","TREE_051","TREE","D05",2015-08-03,"Live","single bole tree","Full sun",130,NA,15.1,26.1,NA,41,"Acer saccharum Marshall",2.4,8.3,"2015",318,"hard maple/oak/hickory/beech","Acer saccharum Marshall","sugar maple","Aceraceae","tree","saccharum",0.841,"hw4",-2.0127,2.4342,"AceraceaeAbove0.50spg","hardwood","Hardwood",0.56,-1.8011,2.3852,0.21103,0.95964,NA,"Check",375.216405981196,395.151055876078,NA
"Acer","ACSA3","NEON.PLA.D05.TREE.00264","TREE_056","TREE","D05",2021-09-22,"Live, physically damaged","single bole tree","Partially shaded",130,NA,14,20.8,NA,59,"Acer saccharum Marshall",9.7,156.9,"2021",318,"hard maple/oak/hickory/beech","Acer saccharum Marshall","sugar maple","Aceraceae","tree","saccharum",0.841,"hw4",-2.0127,2.4342,"AceraceaeAbove0.50spg","hardwood","Hardwood",0.56,-1.8011,2.3852,0.21103,0.95964,NA,"Check",215.936106404519,229.951832687706,NA
"Acer","ACSA3","NEON.PLA.D05.TREE.00022","TREE_049","TREE","D05",2015-07-28,"Live","single bole tree","Partially shaded",130,NA,19.8,33.3,NA,41,"Acer saccharum Marshall",5.4,263,"2015",318,"hard maple/oak/hickory/beech","Acer saccharum Marshall","sugar maple","Aceraceae","tree","saccharum",0.841,"hw4",-2.0127,2.4342,"AceraceaeAbove0.50spg","hardwood","Hardwood",0.56,-1.8011,2.3852,0.21103,0.95964,NA,"Check",678.936644233985,706.522821143323,NA
"Acer","ACSA3","NEON.PLA.D05.TREE.00521","TREE_053","TREE","D05",2015-07-27,"Live","single bole tree","Full sun",130,NA,18.7,32.9,NA,41,"Acer saccharum Marshall",11.1,124.5,"2015",318,"hard maple/oak/hickory/beech","Acer saccharum Marshall","sugar maple","Aceraceae","tree","saccharum",0.841,"hw4",-2.0127,2.4342,"AceraceaeAbove0.50spg","hardwood","Hardwood",0.56,-1.8011,2.3852,0.21103,0.95964,NA,"Check",659.255483871026,686.448348384447,NA
"Acer","ACSA3","NEON.PLA.D05.TREE.00104","TREE_049","TREE","D05",2022-09-20,"Live","single bole tree","Partially shaded",130,NA,22.1,22.9,NA,25,"Acer saccharum Marshall",7.2,307.3,"2022",318,"hard maple/oak/hickory/beech","Acer saccharum Marshall","sugar maple","Aceraceae","tree","saccharum",0.841,"hw4",-2.0127,2.4342,"AceraceaeAbove0.50spg","hardwood","Hardwood",0.56,-1.8011,2.3852,0.21103,0.95964,NA,"Check",272.902194116997,289.248956675509,NA
"Acer","ACSA3","NEON.PLA.D05.TREE.00618","TREE_042","TREE","D05",2021-10-04,"Live","single bole tree","Full shade",130,NA,14.1,15.4,NA,61,"Acer saccharum Marshall",8,191.9,"2021",318,"hard maple/oak/hickory/beech","Acer saccharum Marshall","sugar maple","Aceraceae","tree","saccharum",0.841,"hw4",-2.0127,2.4342,"AceraceaeAbove0.50spg","hardwood","Hardwood",0.56,-1.8011,2.3852,0.21103,0.95964,NA,"Check",103.886337354745,112.270752098901,NA
"Acer","ACSA3","NEON.PLA.D05.TREE.00323","TREE_051","TREE","D05",2017-09-26,"Live","single bole tree",NA,130,NA,13.1,16.3,NA,39,"Acer saccharum Marshall",9.1,85.2,"2017",318,"hard maple/oak/hickory/beech","Acer saccharum Marshall","sugar maple","Aceraceae","tree","saccharum",0.841,"hw4",-2.0127,2.4342,"AceraceaeAbove0.50spg","hardwood","Hardwood",0.56,-1.8011,2.3852,0.21103,0.95964,NA,"Check",119.28959467043,128.55888072624,NA
"Acer","ACSA3","NEON.PLA.D05.TREE.00323","TREE_051","TREE","D05",2018-10-09,"Live","single bole tree",NA,130,NA,12.7,16.5,NA,39,"Acer saccharum Marshall",9.1,85.2,"2018",318,"hard maple/oak/hickory/beech","Acer saccharum Marshall","sugar maple","Aceraceae","tree","saccharum",0.841,"hw4",-2.0127,2.4342,"AceraceaeAbove0.50spg","hardwood","Hardwood",0.56,-1.8011,2.3852,0.21103,0.95964,NA,"Check",122.883879358667,132.353342126551,NA
"Acer","ACSA3","NEON.PLA.D05.TREE.00546","TREE_053","TREE","D05",2018-10-09,"Live","single bole tree",NA,130,NA,13.6,13.6,NA,41,"Acer saccharum Marshall",12.4,51.5,"2018",318,"hard maple/oak/hickory/beech","Acer saccharum Marshall","sugar maple","Aceraceae","tree","saccharum",0.841,"hw4",-2.0127,2.4342,"AceraceaeAbove0.50spg","hardwood","Hardwood",0.56,-1.8011,2.3852,0.21103,0.95964,NA,"Check",76.7637013300187,83.465925410037,NA
"Acer","ACSA3","NEON.PLA.D05.TREE.00180A","TREE_049","TREE","D05",2018-10-10,"Live","multi-bole tree",NA,130,NA,18.7,16,NA,NA,"Acer saccharum Marshall",NA,NA,"2018",318,"hard maple/oak/hickory/beech","Acer saccharum Marshall","sugar maple","Aceraceae","tree","saccharum",0.841,"hw4",-2.0127,2.4342,"AceraceaeAbove0.50spg","hardwood","Hardwood",0.56,-1.8011,2.3852,0.21103,0.95964,NA,"Check",114.015621268283,122.986995271951,NA
"Acer","ACSA3","NEON.PLA.D05.TREE.00051","TREE_049","TREE","D05",2016-09-28,"Live, physically damaged","single bole tree",NA,140,NA,17.8,24.5,NA,21,"Acer saccharum Marshall",8.2,83,"2016",318,"hard maple/oak/hickory/beech","Acer saccharum Marshall","sugar maple","Aceraceae","tree","saccharum",0.841,"hw4",-2.0127,2.4342,"AceraceaeAbove0.50spg","hardwood","Hardwood",0.56,-1.8011,2.3852,0.21103,0.95964,NA,"Check",321.66482997808,339.806086125333,NA
"Acer","ACSA3","NEON.PLA.D05.TREE.00024","TREE_049","TREE","D05",2017-09-18,"Live","single bole tree",NA,130,NA,12.8,13.2,NA,43,"Acer saccharum Marshall",1.7,198.6,"2017",318,"hard maple/oak/hickory/beech","Acer saccharum Marshall","sugar maple","Aceraceae","tree","saccharum",0.841,"hw4",-2.0127,2.4342,"AceraceaeAbove0.50spg","hardwood","Hardwood",0.56,-1.8011,2.3852,0.21103,0.95964,NA,"Check",71.3832898751995,77.7293702886172,NA
"Acer","ACSA3","NEON.PLA.D05.TREE.00125","TREE_049","TREE","D05",2015-07-28,"Live","single bole tree","Full sun",130,NA,20.4,36,NA,43,"Acer saccharum Marshall",4.1,197.4,"2015",318,"hard maple/oak/hickory/beech","Acer saccharum Marshall","sugar maple","Aceraceae","tree","saccharum",0.841,"hw4",-2.0127,2.4342,"AceraceaeAbove0.50spg","hardwood","Hardwood",0.56,-1.8011,2.3852,0.21103,0.95964,NA,"Check",820.818325035169,850.912558653415,NA
"Acer","ACSA3","NEON.PLA.D05.TREE.00350","TREE_054","TREE","D05",2016-10-18,"Live","single bole tree",NA,130,NA,18.7,30.3,NA,59,"Acer saccharum Marshall",7.8,112.7,"2016",318,"hard maple/oak/hickory/beech","Acer saccharum Marshall","sugar maple","Aceraceae","tree","saccharum",0.841,"hw4",-2.0127,2.4342,"AceraceaeAbove0.50spg","hardwood","Hardwood",0.56,-1.8011,2.3852,0.21103,0.95964,NA,"Check",539.539372585647,564.065017377211,NA
"Acer","ACSA3","NEON.PLA.D05.TREE.00023","TREE_049","TREE","D05",2016-09-28,"Live","single bole tree",NA,130,NA,18.9,37.6,NA,23,"Acer saccharum Marshall",9.5,326.5,"2016",318,"hard maple/oak/hickory/beech","Acer saccharum Marshall","sugar maple","Aceraceae","tree","saccharum",0.841,"hw4",-2.0127,2.4342,"AceraceaeAbove0.50spg","hardwood","Hardwood",0.56,-1.8011,2.3852,0.21103,0.95964,NA,"Check",912.468221843803,943.909281105939,NA
"Acer","ACSA3","NEON.PLA.D05.TREE.00014","TREE_049","TREE","D05",2016-09-28,"Live","single bole tree",NA,130,NA,18.4,26.9,NA,21,"Acer saccharum Marshall",4,40.6,"2016",318,"hard maple/oak/hickory/beech","Acer saccharum Marshall","sugar maple","Aceraceae","tree","saccharum",0.841,"hw4",-2.0127,2.4342,"AceraceaeAbove0.50spg","hardwood","Hardwood",0.56,-1.8011,2.3852,0.21103,0.95964,NA,"Check",403.829923085164,424.656080433153,NA
"Acer","ACSA3","NEON.PLA.D05.TREE.01236","TREE_041","TREE","D05",2016-10-18,"Live","multi-bole tree",NA,130,NA,23.8,39.1,NA,43,"Acer saccharum Marshall",10.6,330.2,"2016",318,"hard maple/oak/hickory/beech","Acer saccharum Marshall","sugar maple","Aceraceae","tree","saccharum",0.841,"hw4",-2.0127,2.4342,"AceraceaeAbove0.50spg","hardwood","Hardwood",0.56,-1.8011,2.3852,0.21103,0.95964,NA,"Check",1003.62659039102,1036.22057280194,NA
"Acer","ACSA3","NEON.PLA.D05.TREE.01236A","TREE_041","TREE","D05",2020-09-28,"Live","multi-bole tree",NA,130,NA,NA,38.7,NA,43,"Acer saccharum Marshall",10.6,330.2,"2020",318,"hard maple/oak/hickory/beech","Acer saccharum Marshall","sugar maple","Aceraceae","tree","saccharum",0.841,"hw4",-2.0127,2.4342,"AceraceaeAbove0.50spg","hardwood","Hardwood",0.56,-1.8011,2.3852,0.21103,0.95964,NA,"Check",978.817053622856,1011.11464882978,NA
"Acer","ACSA3","NEON.PLA.D05.TREE.00688","TREE_046","TREE","D05",2015-07-28,"Live","single bole tree","Mostly shaded",130,NA,13.8,18.1,NA,25,"Acer saccharum Marshall",10.7,331.2,"2015",318,"hard maple/oak/hickory/beech","Acer saccharum Marshall","sugar maple","Aceraceae","tree","saccharum",0.841,"hw4",-2.0127,2.4342,"AceraceaeAbove0.50spg","hardwood","Hardwood",0.56,-1.8011,2.3852,0.21103,0.95964,NA,"Check",153.934754435322,165.04681404859,NA
"Acer","ACSA3","NEON.PLA.D05.TREE.00613","TREE_053","TREE","D05",2017-08-30,"Live","single bole tree",NA,130,NA,14,15.6,NA,59,"Acer saccharum Marshall",14.1,127.8,"2017",318,"hard maple/oak/hickory/beech","Acer saccharum Marshall","sugar maple","Aceraceae","tree","saccharum",0.841,"hw4",-2.0127,2.4342,"AceraceaeAbove0.50spg","hardwood","Hardwood",0.56,-1.8011,2.3852,0.21103,0.95964,NA,"Check",107.201137488513,115.7798548156,NA
"Acer","ACSA3","NEON.PLA.D05.TREE.00688","TREE_046","TREE","D05",2017-09-25,"Live","single bole tree",NA,130,NA,16.4,18.4,NA,25,"Acer saccharum Marshall",10.7,331.2,"2017",318,"hard maple/oak/hickory/beech","Acer saccharum Marshall","sugar maple","Aceraceae","tree","saccharum",0.841,"hw4",-2.0127,2.4342,"AceraceaeAbove0.50spg","hardwood","Hardwood",0.56,-1.8011,2.3852,0.21103,0.95964,NA,"Check",160.219377869947,171.646787657958,NA
"Acer","ACSA3","NEON.PLA.D05.TREE.00045","TREE_050","TREE","D05",2016-09-29,"Live","single bole tree",NA,130,NA,10.1,11.8,NA,39,"Acer saccharum Marshall",11,70.2,"2016",318,"hard maple/oak/hickory/beech","Acer saccharum Marshall","sugar maple","Aceraceae","tree","saccharum",0.841,"hw4",-2.0127,2.4342,"AceraceaeAbove0.50spg","hardwood","Hardwood",0.56,-1.8011,2.3852,0.21103,0.95964,NA,"Check",54.3338748964452,59.4901648628602,NA
"Acer","ACSA3","NEON.PLA.D05.TREE.00125","TREE_049","TREE","D05",2017-09-18,"Live","single bole tree",NA,125,NA,20.9,36.4,NA,43,"Acer saccharum Marshall",4.1,197.4,"2017",318,"hard maple/oak/hickory/beech","Acer saccharum Marshall","sugar maple","Aceraceae","tree","saccharum",0.841,"hw4",-2.0127,2.4342,"AceraceaeAbove0.50spg","hardwood","Hardwood",0.56,-1.8011,2.3852,0.21103,0.95964,NA,"Check",843.195896533465,873.637422581942,NA
"Acer","ACSA3","NEON.PLA.D05.TREE.00550","TREE_053","TREE","D05",2018-10-09,"Live","single bole tree",NA,130,NA,11.5,11,NA,23,"Acer saccharum Marshall",6.7,2.1,"2018",318,"hard maple/oak/hickory/beech","Acer saccharum Marshall","sugar maple","Aceraceae","tree","saccharum",0.841,"hw4",-2.0127,2.4342,"AceraceaeAbove0.50spg","hardwood","Hardwood",0.56,-1.8011,2.3852,0.21103,0.95964,NA,"Check",45.7987442694099,50.3178459619612,NA
"Acer","ACSA3","NEON.PLA.D05.TREE.00080","TREE_049","TREE","D05",2017-09-18,"Live","single bole tree",NA,130,NA,12.9,12.6,NA,39,"Acer saccharum Marshall",7.9,148.5,"2017",318,"hard maple/oak/hickory/beech","Acer saccharum Marshall","sugar maple","Aceraceae","tree","saccharum",0.841,"hw4",-2.0127,2.4342,"AceraceaeAbove0.50spg","hardwood","Hardwood",0.56,-1.8011,2.3852,0.21103,0.95964,NA,"Check",63.7407951962617,69.5658398881796,NA
"Acer","ACSA3","NEON.PLA.D05.TREE.00504","TREE_042","TREE","D05",2019-10-23,"Live","single bole tree",NA,130,NA,20.6,27.6,NA,41,"Acer saccharum Marshall",6.7,59.5,"2019",318,"hard maple/oak/hickory/beech","Acer saccharum Marshall","sugar maple","Aceraceae","tree","saccharum",0.841,"hw4",-2.0127,2.4342,"AceraceaeAbove0.50spg","hardwood","Hardwood",0.56,-1.8011,2.3852,0.21103,0.95964,NA,"Check",429.889050784339,451.490432022694,NA
"Acer","ACSA3","NEON.PLA.D05.TREE.01470","TREE_041","TREE","D05",2021-09-20,"Dead, broken bole","single bole tree","Mostly shaded",130,NA,5.7,20.4,NA,23,"Acer saccharum Marshall",5.3,304,"2021",318,"hard maple/oak/hickory/beech","Acer saccharum Marshall","sugar maple","Aceraceae","tree","saccharum",0.841,"hw4",-2.0127,2.4342,"AceraceaeAbove0.50spg","hardwood","Hardwood",0.56,-1.8011,2.3852,0.21103,0.95964,NA,"Check",205.966813366614,219.544258513272,NA
"Acer","ACSA3","NEON.PLA.D05.TREE.00503","TREE_042","TREE","D05",2018-10-10,"Live","single bole tree",NA,130,NA,20.2,21.5,NA,41,"Acer saccharum Marshall",3.3,82.3,"2018",318,"hard maple/oak/hickory/beech","Acer saccharum Marshall","sugar maple","Aceraceae","tree","saccharum",0.841,"hw4",-2.0127,2.4342,"AceraceaeAbove0.50spg","hardwood","Hardwood",0.56,-1.8011,2.3852,0.21103,0.95964,NA,"Check",234.054607777448,248.842424020446,NA
"Acer","ACSA3","NEON.PLA.D05.TREE.00672","TREE_042","TREE","D05",2017-09-25,"Live","single bole tree",NA,130,NA,22.5,38.3,NA,41,"Acer saccharum Marshall",11.4,144.7,"2017",318,"hard maple/oak/hickory/beech","Acer saccharum Marshall","sugar maple","Aceraceae","tree","saccharum",0.841,"hw4",-2.0127,2.4342,"AceraceaeAbove0.50spg","hardwood","Hardwood",0.56,-1.8011,2.3852,0.21103,0.95964,NA,"Check",954.37257715467,986.365615222201,NA
"Acer","ACSA3","NEON.PLA.D05.TREE.01307","TREE_041","TREE","D05",2015-08-10,"Live","single bole tree","Full sun",130,NA,21.1,36.3,NA,59,"Acer saccharum Marshall",6,98.3,"2015",318,"hard maple/oak/hickory/beech","Acer saccharum Marshall","sugar maple","Aceraceae","tree","saccharum",0.841,"hw4",-2.0127,2.4342,"AceraceaeAbove0.50spg","hardwood","Hardwood",0.56,-1.8011,2.3852,0.21103,0.95964,NA,"Check",837.568244040865,867.92358622241,NA
"Acer","ACSA3","NEON.PLA.D05.TREE.00346","TREE_054","TREE","D05",2018-10-09,"Live","single bole tree",NA,130,NA,13.1,16.8,NA,59,"Acer saccharum Marshall",1.4,166.2,"2018",318,"hard maple/oak/hickory/beech","Acer saccharum Marshall","sugar maple","Aceraceae","tree","saccharum",0.841,"hw4",-2.0127,2.4342,"AceraceaeAbove0.50spg","hardwood","Hardwood",0.56,-1.8011,2.3852,0.21103,0.95964,NA,"Check",128.393592234816,138.165593662423,NA
"Acer","ACSA3","NEON.PLA.D05.TREE.00575","TREE_049","TREE","D05",2017-09-18,"Live","single bole tree",NA,130,NA,16.8,17.5,NA,21,"Acer saccharum Marshall",10,56.2,"2017",318,"hard maple/oak/hickory/beech","Acer saccharum Marshall","sugar maple","Aceraceae","tree","saccharum",0.841,"hw4",-2.0127,2.4342,"AceraceaeAbove0.50spg","hardwood","Hardwood",0.56,-1.8011,2.3852,0.21103,0.95964,NA,"Check",141.807341212963,152.295321612607,NA
"Acer","ACSA3","NEON.PLA.D05.TREE.00163","TREE_055","TREE","D05",2016-09-27,"Live","small tree",NA,130,NA,8.9,8.2,NA,NA,"Acer saccharum Marshall",NA,NA,"2016",318,"hard maple/oak/hickory/beech","Acer saccharum Marshall","sugar maple","Aceraceae","tree","saccharum",0.841,"hw4",-2.0127,2.4342,"AceraceaeAbove0.50spg","hardwood","Hardwood",0.56,-1.8011,2.3852,0.21103,0.95964,NA,"Check",14.6973686878025,16.5213076528975,NA
"Acer","ACSA3","NEON.PLA.D05.TREE.01301","TREE_041","TREE","D05",2017-10-16,"Live","small tree",NA,130,NA,6.3,7,NA,NA,"Acer saccharum Marshall",NA,NA,"2017",318,"hard maple/oak/hickory/beech","Acer saccharum Marshall","sugar maple","Aceraceae","tree","saccharum",0.841,"hw4",-2.0127,2.4342,"AceraceaeAbove0.50spg","hardwood","Hardwood",0.56,-1.8011,2.3852,0.21103,0.95964,NA,"Check",9.99934512588625,11.3277449701088,NA
"Acer","ACSA3","NEON.PLA.D05.TREE.00504","TREE_042","TREE","D05",2021-10-04,"Live","single bole tree","Partially shaded",130,NA,22.7,27.6,NA,41,"Acer saccharum Marshall",6.7,59.5,"2021",318,"hard maple/oak/hickory/beech","Acer saccharum Marshall","sugar maple","Aceraceae","tree","saccharum",0.841,"hw4",-2.0127,2.4342,"AceraceaeAbove0.50spg","hardwood","Hardwood",0.56,-1.8011,2.3852,0.21103,0.95964,NA,"Check",429.889050784339,451.490432022694,NA
"Acer","ACSA3","NEON.PLA.D05.TREE.00646","TREE_053","TREE","D05",2015-07-27,"Live","single bole tree","Full sun",130,NA,21.2,34.9,NA,41,"Acer saccharum Marshall",5.3,91.5,"2015",318,"hard maple/oak/hickory/beech","Acer saccharum Marshall","sugar maple","Aceraceae","tree","saccharum",0.841,"hw4",-2.0127,2.4342,"AceraceaeAbove0.50spg","hardwood","Hardwood",0.56,-1.8011,2.3852,0.21103,0.95964,NA,"Check",761.098998686613,790.20435168332,NA
"Acer","ACSA3","NEON.PLA.D05.TREE.00585","TREE_046","TREE","D05",2017-09-25,"Live","single bole tree",NA,130,NA,11.2,10.8,NA,25,"Acer saccharum Marshall",4.8,272.8,"2017",318,"hard maple/oak/hickory/beech","Acer saccharum Marshall","sugar maple","Aceraceae","tree","saccharum",0.841,"hw4",-2.0127,2.4342,"AceraceaeAbove0.50spg","hardwood","Hardwood",0.56,-1.8011,2.3852,0.21103,0.95964,NA,"Check",43.7981333852721,48.1631130727936,NA
"Acer","ACSA3","NEON.PLA.D05.TREE.00503","TREE_042","TREE","D05",2016-09-28,"Live","single bole tree",NA,130,NA,19.7,21.5,NA,41,"Acer saccharum Marshall",3.3,82.3,"2016",318,"hard maple/oak/hickory/beech","Acer saccharum Marshall","sugar maple","Aceraceae","tree","saccharum",0.841,"hw4",-2.0127,2.4342,"AceraceaeAbove0.50spg","hardwood","Hardwood",0.56,-1.8011,2.3852,0.21103,0.95964,NA,"Check",234.054607777448,248.842424020446,NA
"Acer","ACSA3","NEON.PLA.D05.TREE.01384","TREE_041","TREE","D05",2019-10-23,"Live","single bole tree",NA,130,NA,18.9,19.4,NA,41,"Acer saccharum Marshall",11.9,34.6,"2019",318,"hard maple/oak/hickory/beech","Acer saccharum Marshall","sugar maple","Aceraceae","tree","saccharum",0.841,"hw4",-2.0127,2.4342,"AceraceaeAbove0.50spg","hardwood","Hardwood",0.56,-1.8011,2.3852,0.21103,0.95964,NA,"Check",182.2478725238,194.740775385697,NA
"Acer","ACSA3","NEON.PLA.D05.TREE.01301","TREE_041","TREE","D05",2018-10-10,"Live","small tree",NA,130,NA,7.2,7.2,NA,NA,"Acer saccharum Marshall",NA,NA,"2018",318,"hard maple/oak/hickory/beech","Acer saccharum Marshall","sugar maple","Aceraceae","tree","saccharum",0.841,"hw4",-2.0127,2.4342,"AceraceaeAbove0.50spg","hardwood","Hardwood",0.56,-1.8011,2.3852,0.21103,0.95964,NA,"Check",10.7090925554156,12.1150465815194,NA
"Acer","ACSA3","NEON.PLA.D05.TREE.00560","TREE_042","TREE","D05",2021-10-04,"Live","single bole tree","Partially shaded",130,NA,19.2,36.2,NA,25,"Acer saccharum Marshall",5.9,337.6,"2021",318,"hard maple/oak/hickory/beech","Acer saccharum Marshall","sugar maple","Aceraceae","tree","saccharum",0.841,"hw4",-2.0127,2.4342,"AceraceaeAbove0.50spg","hardwood","Hardwood",0.56,-1.8011,2.3852,0.21103,0.95964,NA,"Check",831.962782343278,862.231512196265,NA
"Acer","ACSA3","NEON.PLA.D05.TREE.02094","TREE_003","TREE","D05",2019-10-08,"Live","single bole tree","Partially shaded",130,NA,20.5,26.8,NA,51,"Acer saccharum Marshall",12.1,223.8,"2019",318,"hard maple/oak/hickory/beech","Acer saccharum Marshall","sugar maple","Aceraceae","tree","saccharum",0.841,"hw4",-2.0127,2.4342,"AceraceaeAbove0.50spg","hardwood","Hardwood",0.56,-1.8011,2.3852,0.21103,0.95964,NA,"Check",400.185373935279,420.900381473869,NA
"Acer","ACSA3","NEON.PLA.D05.TREE.01236","TREE_041","TREE","D05",2018-10-10,"Live","multi-bole tree",NA,130,NA,25.4,40,NA,43,"Acer saccharum Marshall",10.6,330.2,"2018",318,"hard maple/oak/hickory/beech","Acer saccharum Marshall","sugar maple","Aceraceae","tree","saccharum",0.841,"hw4",-2.0127,2.4342,"AceraceaeAbove0.50spg","hardwood","Hardwood",0.56,-1.8011,2.3852,0.21103,0.95964,NA,"Check",1060.79124607324,1094.02110452544,NA
"Acer","ACSA3","NEON.PLA.D05.TREE.01058","TREE_047","TREE","D05",2015-08-06,"Live, physically damaged","single bole tree","Full sun",130,NA,20.1,40.4,NA,57,"Acer saccharum Marshall",10.9,133.3,"2015",318,"hard maple/oak/hickory/beech","Acer saccharum Marshall","sugar maple","Aceraceae","tree","saccharum",0.841,"hw4",-2.0127,2.4342,"AceraceaeAbove0.50spg","hardwood","Hardwood",0.56,-1.8011,2.3852,0.21103,0.95964,NA,"Check",1086.7984621951,1120.29665875377,NA
"Acer","ACSA3","NEON.PLA.D05.TREE.01381","TREE_041","TREE","D05",2015-08-10,"Live","single bole tree","Full sun",130,NA,17.7,23.8,NA,59,"Acer saccharum Marshall",9.9,114.7,"2015",318,"hard maple/oak/hickory/beech","Acer saccharum Marshall","sugar maple","Aceraceae","tree","saccharum",0.841,"hw4",-2.0127,2.4342,"AceraceaeAbove0.50spg","hardwood","Hardwood",0.56,-1.8011,2.3852,0.21103,0.95964,NA,"Check",299.749954011571,317.105348091186,NA
"Acer","ACSA3","NEON.PLA.D05.TREE.01225","TREE_047","TREE","D05",2015-08-06,"Live","single bole tree","Full sun",130,NA,22.5,41.8,NA,59,"Acer saccharum Marshall",9.1,269.3,"2015",318,"hard maple/oak/hickory/beech","Acer saccharum Marshall","sugar maple","Aceraceae","tree","saccharum",0.841,"hw4",-2.0127,2.4342,"AceraceaeAbove0.50spg","hardwood","Hardwood",0.56,-1.8011,2.3852,0.21103,0.95964,NA,"Check",1180.76317831735,1215.12757352498,NA
"Acer","ACSA3","NEON.PLA.D05.TREE.00660","TREE_042","TREE","D05",2017-09-25,"Live","single bole tree",NA,130,NA,13.4,13.3,NA,43,"Acer saccharum Marshall",9.4,288.3,"2017",318,"hard maple/oak/hickory/beech","Acer saccharum Marshall","sugar maple","Aceraceae","tree","saccharum",0.841,"hw4",-2.0127,2.4342,"AceraceaeAbove0.50spg","hardwood","Hardwood",0.56,-1.8011,2.3852,0.21103,0.95964,NA,"Check",72.7068217618969,79.141293226848,NA
"Acer","ACSA3","NEON.PLA.D05.TREE.01478A","TREE_041","TREE","D05",2022-09-07,"Live","multi-bole tree",NA,130,NA,NA,27.2,NA,39,"Acer saccharum Marshall",8,124.8,"2022",318,"hard maple/oak/hickory/beech","Acer saccharum Marshall","sugar maple","Aceraceae","tree","saccharum",0.841,"hw4",-2.0127,2.4342,"AceraceaeAbove0.50spg","hardwood","Hardwood",0.56,-1.8011,2.3852,0.21103,0.95964,NA,"Check",414.880595196093,436.039626078269,NA
"Acer","ACSA3","NEON.PLA.D05.TREE.00042","TREE_055","TREE","D05",2017-09-14,"Live","single bole tree",NA,130,NA,13.3,11.3,NA,41,"Acer saccharum Marshall",7.8,298.8,"2017",318,"hard maple/oak/hickory/beech","Acer saccharum Marshall","sugar maple","Aceraceae","tree","saccharum",0.841,"hw4",-2.0127,2.4342,"AceraceaeAbove0.50spg","hardwood","Hardwood",0.56,-1.8011,2.3852,0.21103,0.95964,NA,"Check",48.8988947973132,53.6531113774646,NA
"Acer","ACSA3","NEON.PLA.D05.TREE.00586","TREE_046","TREE","D05",2016-09-29,"Standing dead","small tree",NA,130,NA,7.3,6.7,NA,NA,"Acer saccharum Marshall",NA,NA,"2016",318,"hard maple/oak/hickory/beech","Acer saccharum Marshall","sugar maple","Aceraceae","tree","saccharum",0.841,"hw4",-2.0127,2.4342,"AceraceaeAbove0.50spg","hardwood","Hardwood",0.56,-1.8011,2.3852,0.21103,0.95964,NA,"Check",8.98804408660884,10.2039715066111,NA
"Acer","ACSA3","NEON.PLA.D05.TREE.00646","TREE_053","TREE","D05",2017-08-30,"Live","single bole tree",NA,130,NA,21.7,35.1,NA,41,"Acer saccharum Marshall",5.3,91.5,"2017",318,"hard maple/oak/hickory/beech","Acer saccharum Marshall","sugar maple","Aceraceae","tree","saccharum",0.841,"hw4",-2.0127,2.4342,"AceraceaeAbove0.50spg","hardwood","Hardwood",0.56,-1.8011,2.3852,0.21103,0.95964,NA,"Check",771.75966886271,801.048373316355,NA
"Acer","ACSA3","NEON.PLA.D05.TREE.01478","TREE_041","TREE","D05",2020-09-28,"Live","multi-bole tree","Partially shaded",130,NA,24.2,32.5,NA,39,"Acer saccharum Marshall",8,124.8,"2020",318,"hard maple/oak/hickory/beech","Acer saccharum Marshall","sugar maple","Aceraceae","tree","saccharum",0.841,"hw4",-2.0127,2.4342,"AceraceaeAbove0.50spg","hardwood","Hardwood",0.56,-1.8011,2.3852,0.21103,0.95964,NA,"Check",639.914533135838,666.709128158524,NA
"Acer","ACSA3","NEON.PLA.D05.TREE.00515","TREE_042","TREE","D05",2020-10-06,"Live","single bole tree","Partially shaded",130,NA,13.2,11.9,NA,25,"Acer saccharum Marshall",8.2,325.2,"2020",318,"hard maple/oak/hickory/beech","Acer saccharum Marshall","sugar maple","Aceraceae","tree","saccharum",0.841,"hw4",-2.0127,2.4342,"AceraceaeAbove0.50spg","hardwood","Hardwood",0.56,-1.8011,2.3852,0.21103,0.95964,NA,"Check",55.4615381144916,60.6997386199753,NA
"Acer","ACSA3","NEON.PLA.D05.TREE.01283","TREE_047","TREE","D05",2018-10-11,"Live","single bole tree",NA,130,NA,20.3,40.3,NA,41,"Acer saccharum Marshall",11.1,54.9,"2018",318,"hard maple/oak/hickory/beech","Acer saccharum Marshall","sugar maple","Aceraceae","tree","saccharum",0.841,"hw4",-2.0127,2.4342,"AceraceaeAbove0.50spg","hardwood","Hardwood",0.56,-1.8011,2.3852,0.21103,0.95964,NA,"Check",1080.2618513932,1113.69380711772,NA
"Acer","ACSA3","NEON.PLA.D05.TREE.01055","TREE_047","TREE","D05",2016-10-19,"Live","single bole tree",NA,130,NA,17.1,41.9,NA,59,"Acer saccharum Marshall",8.7,119.8,"2016",318,"hard maple/oak/hickory/beech","Acer saccharum Marshall","sugar maple","Aceraceae","tree","saccharum",0.841,"hw4",-2.0127,2.4342,"AceraceaeAbove0.50spg","hardwood","Hardwood",0.56,-1.8011,2.3852,0.21103,0.95964,NA,"Check",1187.6510881103,1222.07285128276,NA
"Acer","ACSA3","NEON.PLA.D05.TREE.00125","TREE_049","TREE","D05",2021-09-23,"Live","single bole tree","Partially shaded",130,NA,21,37.2,NA,43,"Acer saccharum Marshall",4.1,197.4,"2021",318,"hard maple/oak/hickory/beech","Acer saccharum Marshall","sugar maple","Aceraceae","tree","saccharum",0.841,"hw4",-2.0127,2.4342,"AceraceaeAbove0.50spg","hardwood","Hardwood",0.56,-1.8011,2.3852,0.21103,0.95964,NA,"Check",889.019159215857,920.13431817518,NA
"Acer","ACSA3","NEON.PLA.D05.TREE.00199","TREE_055","TREE","D05",2018-10-10,"Live","small tree",NA,140,NA,7.6,5.2,NA,NA,"Acer saccharum Marshall",NA,NA,"2018",318,"hard maple/oak/hickory/beech","Acer saccharum Marshall","sugar maple","Aceraceae","tree","saccharum",0.841,"hw4",-2.0127,2.4342,"AceraceaeAbove0.50spg","hardwood","Hardwood",0.56,-1.8011,2.3852,0.21103,0.95964,NA,"Check",4.84986051631252,5.57476793064877,NA
"Acer","ACSA3","NEON.PLA.D05.TREE.00501","TREE_042","TREE","D05",2019-10-23,"Live","single bole tree",NA,130,NA,18.5,32.6,NA,43,"Acer saccharum Marshall",10,201.2,"2019",318,"hard maple/oak/hickory/beech","Acer saccharum Marshall","sugar maple","Aceraceae","tree","saccharum",0.841,"hw4",-2.0127,2.4342,"AceraceaeAbove0.50spg","hardwood","Hardwood",0.56,-1.8011,2.3852,0.21103,0.95964,NA,"Check",644.717974512454,671.612589275499,NA
"Acer","ACSA3","NEON.PLA.D05.TREE.00501","TREE_042","TREE","D05",2021-10-04,"Live","single bole tree","Partially shaded",130,NA,22.1,32.7,NA,43,"Acer saccharum Marshall",10,201.2,"2021",318,"hard maple/oak/hickory/beech","Acer saccharum Marshall","sugar maple","Aceraceae","tree","saccharum",0.841,"hw4",-2.0127,2.4342,"AceraceaeAbove0.50spg","hardwood","Hardwood",0.56,-1.8011,2.3852,0.21103,0.95964,NA,"Check",649.542594646238,676.536929927892,NA
"Acer","ACSA3","NEON.PLA.D05.TREE.00042","TREE_055","TREE","D05",2018-10-10,"Live","single bole tree",NA,130,NA,12.6,11.3,NA,41,"Acer saccharum Marshall",7.8,298.8,"2018",318,"hard maple/oak/hickory/beech","Acer saccharum Marshall","sugar maple","Aceraceae","tree","saccharum",0.841,"hw4",-2.0127,2.4342,"AceraceaeAbove0.50spg","hardwood","Hardwood",0.56,-1.8011,2.3852,0.21103,0.95964,NA,"Check",48.8988947973132,53.6531113774646,NA
"Acer","ACSA3","NEON.PLA.D05.TREE.00514","TREE_042","TREE","D05",2017-09-25,"Live","small tree",NA,130,NA,4.7,5.8,NA,NA,"Acer saccharum Marshall",NA,NA,"2017",318,"hard maple/oak/hickory/beech","Acer saccharum Marshall","sugar maple","Aceraceae","tree","saccharum",0.841,"hw4",-2.0127,2.4342,"AceraceaeAbove0.50spg","hardwood","Hardwood",0.56,-1.8011,2.3852,0.21103,0.95964,NA,"Check",6.32659933231259,7.23342641974888,NA
"Acer","ACSA3","NEON.PLA.D05.TREE.00080","TREE_049","TREE","D05",2018-10-10,"Live","single bole tree",NA,130,NA,14.2,12.7,NA,39,"Acer saccharum Marshall",7.9,148.5,"2018",318,"hard maple/oak/hickory/beech","Acer saccharum Marshall","sugar maple","Aceraceae","tree","saccharum",0.841,"hw4",-2.0127,2.4342,"AceraceaeAbove0.50spg","hardwood","Hardwood",0.56,-1.8011,2.3852,0.21103,0.95964,NA,"Check",64.9792229900794,70.8899783746337,NA
"Acer","ACSA3","NEON.PLA.D05.TREE.00055","TREE_051","TREE","D05",2015-08-03,"Standing dead","small tree","Mostly shaded",130,NA,6.1,8.5,NA,NA,"Acer saccharum Marshall",NA,NA,"2015",318,"hard maple/oak/hickory/beech","Acer saccharum Marshall","sugar maple","Aceraceae","tree","saccharum",0.841,"hw4",-2.0127,2.4342,"AceraceaeAbove0.50spg","hardwood","Hardwood",0.56,-1.8011,2.3852,0.21103,0.95964,NA,"Check",16.0407791034084,17.9997154441089,NA
"Acer","ACSA3","NEON.PLA.D05.TREE.00125","TREE_049","TREE","D05",2016-09-28,"Live","single bole tree",NA,130,NA,19.2,36,NA,43,"Acer saccharum Marshall",4.1,197.4,"2016",318,"hard maple/oak/hickory/beech","Acer saccharum Marshall","sugar maple","Aceraceae","tree","saccharum",0.841,"hw4",-2.0127,2.4342,"AceraceaeAbove0.50spg","hardwood","Hardwood",0.56,-1.8011,2.3852,0.21103,0.95964,NA,"Check",820.818325035169,850.912558653415,NA
"Acer","ACSA3","NEON.PLA.D05.TREE.00045","TREE_050","TREE","D05",2015-07-29,"Live","single bole tree","Partially shaded",130,NA,9.2,11.1,NA,39,"Acer saccharum Marshall",11,70.2,"2015",318,"hard maple/oak/hickory/beech","Acer saccharum Marshall","sugar maple","Aceraceae","tree","saccharum",0.841,"hw4",-2.0127,2.4342,"AceraceaeAbove0.50spg","hardwood","Hardwood",0.56,-1.8011,2.3852,0.21103,0.95964,NA,"Check",46.8188445250131,51.4157976420253,NA
"Acer","ACSA3","NEON.PLA.D05.TREE.00557","TREE_046","TREE","D05",2017-09-25,"Live","single bole tree",NA,130,NA,18.2,29.2,NA,43,"Acer saccharum Marshall",8.3,263.4,"2017",318,"hard maple/oak/hickory/beech","Acer saccharum Marshall","sugar maple","Aceraceae","tree","saccharum",0.841,"hw4",-2.0127,2.4342,"AceraceaeAbove0.50spg","hardwood","Hardwood",0.56,-1.8011,2.3852,0.21103,0.95964,NA,"Check",493.094812065615,516.44417804459,NA
"Acer","ACSA3","NEON.PLA.D05.TREE.00090","TREE_055","TREE","D05",2016-09-27,"Live","small tree",NA,130,NA,5.4,2.9,NA,NA,"Acer saccharum Marshall",NA,NA,"2016",318,"hard maple/oak/hickory/beech","Acer saccharum Marshall","sugar maple","Aceraceae","tree","saccharum",0.841,"hw4",-2.0127,2.4342,"AceraceaeAbove0.50spg","hardwood","Hardwood",0.56,-1.8011,2.3852,0.21103,0.95964,NA,"Check",1.17058543398684,1.3846095489986,NA
"Acer","ACSA3","NEON.PLA.D05.TREE.00010","TREE_055","TREE","D05",2015-07-29,"Live","small tree","Mostly shaded",130,NA,5.6,4.1,NA,NA,"Acer saccharum Marshall",NA,NA,"2015",318,"hard maple/oak/hickory/beech","Acer saccharum Marshall","sugar maple","Aceraceae","tree","saccharum",0.841,"hw4",-2.0127,2.4342,"AceraceaeAbove0.50spg","hardwood","Hardwood",0.56,-1.8011,2.3852,0.21103,0.95964,NA,"Check",2.71939549198339,3.16247916418837,NA
"Acer","ACSA3","NEON.PLA.D05.TREE.00091","TREE_050","TREE","D05",2016-09-29,"Live","single bole tree",NA,130,NA,13.6,15.8,NA,39,"Acer saccharum Marshall",3.9,8.6,"2016",318,"hard maple/oak/hickory/beech","Acer saccharum Marshall","sugar maple","Aceraceae","tree","saccharum",0.841,"hw4",-2.0127,2.4342,"AceraceaeAbove0.50spg","hardwood","Hardwood",0.56,-1.8011,2.3852,0.21103,0.95964,NA,"Check",110.57745172635,119.351832774356,NA
"Acer","ACSA3","NEON.PLA.D05.TREE.01416","TREE_041","TREE","D05",2018-10-10,"Live","single bole tree",NA,130,NA,21.1,29,NA,41,"Acer saccharum Marshall",6.1,240.3,"2018",318,"hard maple/oak/hickory/beech","Acer saccharum Marshall","sugar maple","Aceraceae","tree","saccharum",0.841,"hw4",-2.0127,2.4342,"AceraceaeAbove0.50spg","hardwood","Hardwood",0.56,-1.8011,2.3852,0.21103,0.95964,NA,"Check",484.913977561186,508.047025757933,NA
"Acer","ACSA3","NEON.PLA.D05.TREE.00511","TREE_042","TREE","D05",2021-10-04,"Live, physically damaged","small tree","Full shade",130,NA,7.2,8.2,NA,NA,"Acer saccharum Marshall",NA,NA,"2021",318,"hard maple/oak/hickory/beech","Acer saccharum Marshall","sugar maple","Aceraceae","tree","saccharum",0.841,"hw4",-2.0127,2.4342,"AceraceaeAbove0.50spg","hardwood","Hardwood",0.56,-1.8011,2.3852,0.21103,0.95964,NA,"Check",14.6973686878025,16.5213076528975,NA
"Acer","ACSA3","NEON.PLA.D05.TREE.00633","TREE_053","TREE","D05",2018-10-09,"Live","small tree",NA,140,NA,10.8,9.6,NA,NA,"Acer saccharum Marshall",2.4,NA,"2018",318,"hard maple/oak/hickory/beech","Acer saccharum Marshall","sugar maple","Aceraceae","tree","saccharum",0.841,"hw4",-2.0127,2.4342,"AceraceaeAbove0.50spg","hardwood","Hardwood",0.56,-1.8011,2.3852,0.21103,0.95964,NA,"Check",21.5714105625963,24.0618471059091,NA
"Acer","ACSA3","NEON.PLA.D05.TREE.00583","TREE_053","TREE","D05",2018-10-09,"Live","single bole tree",NA,130,NA,21,28.1,NA,59,"Acer saccharum Marshall",16.2,108.1,"2018",318,"hard maple/oak/hickory/beech","Acer saccharum Marshall","sugar maple","Aceraceae","tree","saccharum",0.841,"hw4",-2.0127,2.4342,"AceraceaeAbove0.50spg","hardwood","Hardwood",0.56,-1.8011,2.3852,0.21103,0.95964,NA,"Check",449.093138986623,471.244747817592,NA
"Acer","ACSA3","NEON.PLA.D05.TREE.01381","TREE_041","TREE","D05",2019-10-23,"Live","single bole tree",NA,130,NA,22.9,25.5,NA,59,"Acer saccharum Marshall",9.9,114.7,"2019",318,"hard maple/oak/hickory/beech","Acer saccharum Marshall","sugar maple","Aceraceae","tree","saccharum",0.841,"hw4",-2.0127,2.4342,"AceraceaeAbove0.50spg","hardwood","Hardwood",0.56,-1.8011,2.3852,0.21103,0.95964,NA,"Check",354.564788060091,373.828017016396,NA
"Acer","ACSA3","NEON.PLA.D05.TREE.01381","TREE_041","TREE","D05",2017-10-16,"Live","single bole tree",NA,130,NA,22.4,24.6,NA,59,"Acer saccharum Marshall",9.9,114.7,"2017",318,"hard maple/oak/hickory/beech","Acer saccharum Marshall","sugar maple","Aceraceae","tree","saccharum",0.841,"hw4",-2.0127,2.4342,"AceraceaeAbove0.50spg","hardwood","Hardwood",0.56,-1.8011,2.3852,0.21103,0.95964,NA,"Check",324.870093917349,343.123628680578,NA
"Acer","ACSA3","NEON.PLA.D05.TREE.00195","TREE_056","TREE","D05",2017-09-25,"Live","single bole tree",NA,130,NA,12.7,13,NA,39,"Acer saccharum Marshall",8.3,140.9,"2017",318,"hard maple/oak/hickory/beech","Acer saccharum Marshall","sugar maple","Aceraceae","tree","saccharum",0.841,"hw4",-2.0127,2.4342,"AceraceaeAbove0.50spg","hardwood","Hardwood",0.56,-1.8011,2.3852,0.21103,0.95964,NA,"Check",68.7790866715438,74.9496989166102,NA
"Acer","ACSA3","NEON.PLA.D05.TREE.00038","TREE_054","TREE","D05",2017-08-30,"Live","single bole tree",NA,130,NA,17.2,22.4,NA,41,"Acer saccharum Marshall",7.5,193.4,"2017",318,"hard maple/oak/hickory/beech","Acer saccharum Marshall","sugar maple","Aceraceae","tree","saccharum",0.841,"hw4",-2.0127,2.4342,"AceraceaeAbove0.50spg","hardwood","Hardwood",0.56,-1.8011,2.3852,0.21103,0.95964,NA,"Check",258.624237055752,274.412431486123,NA
"Acer","ACSA3","NEON.PLA.D05.TREE.00634","TREE_042","TREE","D05",2020-10-06,"Live","single bole tree","Partially shaded",130,NA,19.7,48.5,NA,61,"Acer saccharum Marshall",8.4,182.7,"2020",318,"hard maple/oak/hickory/beech","Acer saccharum Marshall","sugar maple","Aceraceae","tree","saccharum",0.841,"hw4",-2.0127,2.4342,"AceraceaeAbove0.50spg","hardwood","Hardwood",0.56,-1.8011,2.3852,0.21103,0.95964,NA,"Check",1695.61807091164,1732.30118934526,NA
"Acer","ACSA3","NEON.PLA.D05.TREE.00634","TREE_042","TREE","D05",2018-10-10,"Live","single bole tree",NA,130,NA,21.8,48.1,NA,61,"Acer saccharum Marshall",8.4,182.7,"2018",318,"hard maple/oak/hickory/beech","Acer saccharum Marshall","sugar maple","Aceraceae","tree","saccharum",0.841,"hw4",-2.0127,2.4342,"AceraceaeAbove0.50spg","hardwood","Hardwood",0.56,-1.8011,2.3852,0.21103,0.95964,NA,"Check",1661.77813799233,1698.41823829468,NA
"Acer","ACSA3","NEON.PLA.D05.TREE.00038","TREE_054","TREE","D05",2015-07-30,"Live","single bole tree","Full sun",130,NA,17.1,22.3,NA,41,"Acer saccharum Marshall",7.5,193.4,"2015",318,"hard maple/oak/hickory/beech","Acer saccharum Marshall","sugar maple","Aceraceae","tree","saccharum",0.841,"hw4",-2.0127,2.4342,"AceraceaeAbove0.50spg","hardwood","Hardwood",0.56,-1.8011,2.3852,0.21103,0.95964,NA,"Check",255.822768128299,271.499458657582,NA
"Acer","ACSA3","NEON.PLA.D05.TREE.00340","TREE_054","TREE","D05",2021-09-20,"Live","single bole tree","Partially shaded",130,NA,14,24.7,NA,21,"Acer saccharum Marshall",9.7,49.1,"2021",318,"hard maple/oak/hickory/beech","Acer saccharum Marshall","sugar maple","Aceraceae","tree","saccharum",0.841,"hw4",-2.0127,2.4342,"AceraceaeAbove0.50spg","hardwood","Hardwood",0.56,-1.8011,2.3852,0.21103,0.95964,NA,"Check",328.094099399852,346.459904676692,NA
"Acer","ACSA3","NEON.PLA.D05.TREE.01225","TREE_047","TREE","D05",2016-10-19,"Live","single bole tree",NA,130,NA,22.7,40.8,NA,59,"Acer saccharum Marshall",9.1,269.3,"2016",318,"hard maple/oak/hickory/beech","Acer saccharum Marshall","sugar maple","Aceraceae","tree","saccharum",0.841,"hw4",-2.0127,2.4342,"AceraceaeAbove0.50spg","hardwood","Hardwood",0.56,-1.8011,2.3852,0.21103,0.95964,NA,"Check",1113.17761701998,1146.93506265548,NA
"Acer","ACSA3","NEON.PLA.D05.TREE.00396","TREE_051","TREE","D05",2017-09-26,"Live","single bole tree",NA,130,NA,16.5,26.9,NA,59,"Acer saccharum Marshall",9,117.7,"2017",318,"hard maple/oak/hickory/beech","Acer saccharum Marshall","sugar maple","Aceraceae","tree","saccharum",0.841,"hw4",-2.0127,2.4342,"AceraceaeAbove0.50spg","hardwood","Hardwood",0.56,-1.8011,2.3852,0.21103,0.95964,NA,"Check",403.829923085164,424.656080433153,NA
"Acer","ACSA3","NEON.PLA.D05.TREE.00396","TREE_051","TREE","D05",2015-08-03,"Live","single bole tree","Partially shaded",130,NA,16.7,23.7,NA,59,"Acer saccharum Marshall",9,117.7,"2015",318,"hard maple/oak/hickory/beech","Acer saccharum Marshall","sugar maple","Aceraceae","tree","saccharum",0.841,"hw4",-2.0127,2.4342,"AceraceaeAbove0.50spg","hardwood","Hardwood",0.56,-1.8011,2.3852,0.21103,0.95964,NA,"Check",296.693423684228,313.936609459734,NA
"Acer","ACSA3","NEON.PLA.D05.TREE.00684","TREE_049","TREE","D05",2021-09-23,"Live","single bole tree","Full shade",130,NA,15.7,13.5,NA,21,"Acer saccharum Marshall",16.4,88,"2021",318,"hard maple/oak/hickory/beech","Acer saccharum Marshall","sugar maple","Aceraceae","tree","saccharum",0.841,"hw4",-2.0127,2.4342,"AceraceaeAbove0.50spg","hardwood","Hardwood",0.56,-1.8011,2.3852,0.21103,0.95964,NA,"Check",75.3969808404766,82.0095281710613,NA
"Acer","ACSA3","NEON.PLA.D05.TREE.00068","TREE_049","TREE","D05",2021-09-23,"Live, physically damaged","single bole tree","Partially shaded",160,NA,20.1,24.2,NA,23,"Acer saccharum Marshall",4,82.4,"2021",318,"hard maple/oak/hickory/beech","Acer saccharum Marshall","sugar maple","Aceraceae","tree","saccharum",0.841,"hw4",-2.0127,2.4342,"AceraceaeAbove0.50spg","hardwood","Hardwood",0.56,-1.8011,2.3852,0.21103,0.95964,NA,"Check",312.161155858729,329.965565029214,NA
"Acer","ACSA3","NEON.PLA.D05.TREE.00661","TREE_042","TREE","D05",2015-07-27,"Live","single bole tree","Mostly shaded",130,NA,15.9,16.8,NA,43,"Acer saccharum Marshall",5.9,261.4,"2015",318,"hard maple/oak/hickory/beech","Acer saccharum Marshall","sugar maple","Aceraceae","tree","saccharum",0.841,"hw4",-2.0127,2.4342,"AceraceaeAbove0.50spg","hardwood","Hardwood",0.56,-1.8011,2.3852,0.21103,0.95964,NA,"Check",128.393592234816,138.165593662423,NA
"Acer","ACSA3","NEON.PLA.D05.TREE.00121","TREE_050","TREE","D05",2015-07-29,"Live","single bole tree","Mostly shaded",130,NA,6.7,14.2,NA,41,"Acer saccharum Marshall",1.3,331.3,"2015",318,"hard maple/oak/hickory/beech","Acer saccharum Marshall","sugar maple","Aceraceae","tree","saccharum",0.841,"hw4",-2.0127,2.4342,"AceraceaeAbove0.50spg","hardwood","Hardwood",0.56,-1.8011,2.3852,0.21103,0.95964,NA,"Check",85.2699059892735,92.518880201864,NA
"Acer","ACSA3","NEON.PLA.D05.TREE.00714","TREE_051","TREE","D05",2016-09-28,"Live","single bole tree",NA,130,NA,13.9,16.6,NA,59,"Acer saccharum Marshall",9.4,210.8,"2016",318,"hard maple/oak/hickory/beech","Acer saccharum Marshall","sugar maple","Aceraceae","tree","saccharum",0.841,"hw4",-2.0127,2.4342,"AceraceaeAbove0.50spg","hardwood","Hardwood",0.56,-1.8011,2.3852,0.21103,0.95964,NA,"Check",124.704637475395,134.274647285162,NA
"Acer","ACSA3","NEON.PLA.D05.TREE.00715","TREE_051","TREE","D05",2016-09-28,"Live,  other damage","single bole tree",NA,130,NA,13.6,14.2,NA,59,"Acer saccharum Marshall",11.4,218.5,"2016",318,"hard maple/oak/hickory/beech","Acer saccharum Marshall","sugar maple","Aceraceae","tree","saccharum",0.841,"hw4",-2.0127,2.4342,"AceraceaeAbove0.50spg","hardwood","Hardwood",0.56,-1.8011,2.3852,0.21103,0.95964,NA,"Check",85.2699059892735,92.518880201864,NA
"Acer","ACSA3","NEON.PLA.D05.TREE.00014","TREE_049","TREE","D05",2021-09-23,"Live","single bole tree","Partially shaded",130,NA,19.9,27.4,NA,21,"Acer saccharum Marshall",4,40.6,"2021",318,"hard maple/oak/hickory/beech","Acer saccharum Marshall","sugar maple","Aceraceae","tree","saccharum",0.841,"hw4",-2.0127,2.4342,"AceraceaeAbove0.50spg","hardwood","Hardwood",0.56,-1.8011,2.3852,0.21103,0.95964,NA,"Check",422.345543821426,443.725973699236,NA
"Acer","ACSA3","NEON.PLA.D05.TREE.00343","TREE_054","TREE","D05",2015-07-30,"Live","single bole tree","Full sun",130,NA,14.9,22.5,NA,61,"Acer saccharum Marshall",5.7,265.8,"2015",318,"hard maple/oak/hickory/beech","Acer saccharum Marshall","sugar maple","Aceraceae","tree","saccharum",0.841,"hw4",-2.0127,2.4342,"AceraceaeAbove0.50spg","hardwood","Hardwood",0.56,-1.8011,2.3852,0.21103,0.95964,NA,"Check",261.443700450106,277.343473761518,NA
"Acer","ACSA3","NEON.PLA.D05.TREE.00015","TREE_055","TREE","D05",2018-10-10,"Live","single bole tree",NA,130,NA,15,19.3,NA,41,"Acer saccharum Marshall",8.9,277.9,"2018",318,"hard maple/oak/hickory/beech","Acer saccharum Marshall","sugar maple","Aceraceae","tree","saccharum",0.841,"hw4",-2.0127,2.4342,"AceraceaeAbove0.50spg","hardwood","Hardwood",0.56,-1.8011,2.3852,0.21103,0.95964,NA,"Check",179.969577814821,192.355009930292,NA
"Acer","ACSA3","NEON.PLA.D05.TREE.00662","TREE_042","TREE","D05",2020-10-06,"Live","single bole tree","Partially shaded",140,NA,19.4,18.7,NA,43,"Acer saccharum Marshall",9.1,242.4,"2020",318,"hard maple/oak/hickory/beech","Acer saccharum Marshall","sugar maple","Aceraceae","tree","saccharum",0.841,"hw4",-2.0127,2.4342,"AceraceaeAbove0.50spg","hardwood","Hardwood",0.56,-1.8011,2.3852,0.21103,0.95964,NA,"Check",166.652692590398,178.397518288841,NA
"Acer","ACSA3","NEON.PLA.D05.TREE.00123","TREE_049","TREE","D05",2022-09-20,"Live, physically damaged","single bole tree","Partially shaded",130,NA,22.8,43.7,NA,25,"Acer saccharum Marshall",3.9,274,"2022",318,"hard maple/oak/hickory/beech","Acer saccharum Marshall","sugar maple","Aceraceae","tree","saccharum",0.841,"hw4",-2.0127,2.4342,"AceraceaeAbove0.50spg","hardwood","Hardwood",0.56,-1.8011,2.3852,0.21103,0.95964,NA,"Check",1315.6955631563,1351.04101046036,NA
"Acer","ACSA3","NEON.PLA.D05.TREE.00515","TREE_042","TREE","D05",2019-10-23,"Live","single bole tree",NA,130,NA,12.9,11.7,NA,25,"Acer saccharum Marshall",8.2,325.2,"2019",318,"hard maple/oak/hickory/beech","Acer saccharum Marshall","sugar maple","Aceraceae","tree","saccharum",0.841,"hw4",-2.0127,2.4342,"AceraceaeAbove0.50spg","hardwood","Hardwood",0.56,-1.8011,2.3852,0.21103,0.95964,NA,"Check",53.2198346547136,58.2947073064923,NA
"Acer","ACSA3","NEON.PLA.D05.TREE.00343","TREE_054","TREE","D05",2016-10-18,"Live","single bole tree",NA,130,NA,12.4,22.7,NA,61,"Acer saccharum Marshall",5.7,265.8,"2016",318,"hard maple/oak/hickory/beech","Acer saccharum Marshall","sugar maple","Aceraceae","tree","saccharum",0.841,"hw4",-2.0127,2.4342,"AceraceaeAbove0.50spg","hardwood","Hardwood",0.56,-1.8011,2.3852,0.21103,0.95964,NA,"Check",267.136749897871,283.259890690269,NA
"Acer","ACSA3","NEON.PLA.D05.TREE.00688","TREE_046","TREE","D05",2018-10-10,"Live","single bole tree",NA,130,NA,18.1,18.7,NA,25,"Acer saccharum Marshall",10.7,331.2,"2018",318,"hard maple/oak/hickory/beech","Acer saccharum Marshall","sugar maple","Aceraceae","tree","saccharum",0.841,"hw4",-2.0127,2.4342,"AceraceaeAbove0.50spg","hardwood","Hardwood",0.56,-1.8011,2.3852,0.21103,0.95964,NA,"Check",166.652692590398,178.397518288841,NA
"Acer","ACSA3","NEON.PLA.D05.TREE.00306","TREE_054","TREE","D05",2015-07-30,"Live","single bole tree","Full sun",130,NA,10.2,17.8,NA,23,"Acer saccharum Marshall",8.1,300,"2015",318,"hard maple/oak/hickory/beech","Acer saccharum Marshall","sugar maple","Aceraceae","tree","saccharum",0.841,"hw4",-2.0127,2.4342,"AceraceaeAbove0.50spg","hardwood","Hardwood",0.56,-1.8011,2.3852,0.21103,0.95964,NA,"Check",147.797764725291,158.596645827309,NA
"Acer","ACSA3","NEON.PLA.D05.TREE.00630","TREE_042","TREE","D05",2016-09-28,"Live","single bole tree",NA,130,NA,15,12.7,NA,41,"Acer saccharum Marshall",12.8,45.4,"2016",318,"hard maple/oak/hickory/beech","Acer saccharum Marshall","sugar maple","Aceraceae","tree","saccharum",0.841,"hw4",-2.0127,2.4342,"AceraceaeAbove0.50spg","hardwood","Hardwood",0.56,-1.8011,2.3852,0.21103,0.95964,NA,"Check",64.9792229900794,70.8899783746337,NA
"Acer","ACSA3","NEON.PLA.D05.TREE.00399","TREE_051","TREE","D05",2017-09-26,"Live","single bole tree",NA,130,NA,16,21.2,NA,61,"Acer saccharum Marshall",11.6,229.3,"2017",318,"hard maple/oak/hickory/beech","Acer saccharum Marshall","sugar maple","Aceraceae","tree","saccharum",0.841,"hw4",-2.0127,2.4342,"AceraceaeAbove0.50spg","hardwood","Hardwood",0.56,-1.8011,2.3852,0.21103,0.95964,NA,"Check",226.184192058363,240.640379676512,NA
"Acer","ACSA3","NEON.PLA.D05.TREE.00564","TREE_042","TREE","D05",2021-10-04,"Live","single bole tree","Partially shaded",130,NA,22.9,32.9,NA,59,"Acer saccharum Marshall",9.8,162.8,"2021",318,"hard maple/oak/hickory/beech","Acer saccharum Marshall","sugar maple","Aceraceae","tree","saccharum",0.841,"hw4",-2.0127,2.4342,"AceraceaeAbove0.50spg","hardwood","Hardwood",0.56,-1.8011,2.3852,0.21103,0.95964,NA,"Check",659.255483871026,686.448348384447,NA
"Acer","ACSA3","NEON.PLA.D05.TREE.00151","TREE_049","TREE","D05",2018-10-10,"Live","small tree",NA,130,NA,11,5.1,NA,21,"Acer saccharum Marshall",3.9,32.5,"2018",318,"hard maple/oak/hickory/beech","Acer saccharum Marshall","sugar maple","Aceraceae","tree","saccharum",0.841,"hw4",-2.0127,2.4342,"AceraceaeAbove0.50spg","hardwood","Hardwood",0.56,-1.8011,2.3852,0.21103,0.95964,NA,"Check",4.62595316943505,5.32245504379181,NA
"Acer","ACSA3","NEON.PLA.D05.TREE.00574","TREE_046","TREE","D05",2017-09-25,"Live","single bole tree",NA,130,NA,19.5,25.2,NA,57,"Acer saccharum Marshall",9.1,115,"2017",318,"hard maple/oak/hickory/beech","Acer saccharum Marshall","sugar maple","Aceraceae","tree","saccharum",0.841,"hw4",-2.0127,2.4342,"AceraceaeAbove0.50spg","hardwood","Hardwood",0.56,-1.8011,2.3852,0.21103,0.95964,NA,"Check",344.496403783439,363.42330913658,NA
"Acer","ACSA3","NEON.PLA.D05.TREE.01381","TREE_041","TREE","D05",2022-09-07,"Live","single bole tree","Partially shaded",130,NA,24.4,26,NA,59,"Acer saccharum Marshall",9.9,114.7,"2022",318,"hard maple/oak/hickory/beech","Acer saccharum Marshall","sugar maple","Aceraceae","tree","saccharum",0.841,"hw4",-2.0127,2.4342,"AceraceaeAbove0.50spg","hardwood","Hardwood",0.56,-1.8011,2.3852,0.21103,0.95964,NA,"Check",371.726583279994,391.549467998202,NA
"Acer","ACSA3","NEON.PLA.D05.TREE.00513","TREE_042","TREE","D05",2019-10-23,"Live","small tree",NA,130,NA,11.7,10.8,NA,59,"Acer saccharum Marshall",4.2,138.5,"2019",318,"hard maple/oak/hickory/beech","Acer saccharum Marshall","sugar maple","Aceraceae","tree","saccharum",0.841,"hw4",-2.0127,2.4342,"AceraceaeAbove0.50spg","hardwood","Hardwood",0.56,-1.8011,2.3852,0.21103,0.95964,NA,"Check",43.7981333852721,48.1631130727936,NA
"Acer","ACSA3","NEON.PLA.D05.TREE.01383","TREE_041","TREE","D05",2019-10-23,"Live","single bole tree",NA,130,NA,19,23.3,NA,59,"Acer saccharum Marshall",10.6,155.1,"2019",318,"hard maple/oak/hickory/beech","Acer saccharum Marshall","sugar maple","Aceraceae","tree","saccharum",0.841,"hw4",-2.0127,2.4342,"AceraceaeAbove0.50spg","hardwood","Hardwood",0.56,-1.8011,2.3852,0.21103,0.95964,NA,"Check",284.651370566415,301.446018082843,NA
"Acer","ACSA3","NEON.PLA.D05.TREE.00346","TREE_054","TREE","D05",2015-07-30,"Live, disease damaged","single bole tree","Mostly shaded",130,NA,13.4,16.6,NA,59,"Acer saccharum Marshall",1.4,166.2,"2015",318,"hard maple/oak/hickory/beech","Acer saccharum Marshall","sugar maple","Aceraceae","tree","saccharum",0.841,"hw4",-2.0127,2.4342,"AceraceaeAbove0.50spg","hardwood","Hardwood",0.56,-1.8011,2.3852,0.21103,0.95964,NA,"Check",124.704637475395,134.274647285162,NA
"Acer","ACSA3","NEON.PLA.D05.TREE.00503","TREE_042","TREE","D05",2019-10-23,"Live","single bole tree",NA,140,NA,18.6,21.7,NA,41,"Acer saccharum Marshall",3.3,82.3,"2019",318,"hard maple/oak/hickory/beech","Acer saccharum Marshall","sugar maple","Aceraceae","tree","saccharum",0.841,"hw4",-2.0127,2.4342,"AceraceaeAbove0.50spg","hardwood","Hardwood",0.56,-1.8011,2.3852,0.21103,0.95964,NA,"Check",239.389876346729,254.399331536726,NA
"Acer","ACSA3","NEON.PLA.D05.TREE.01055","TREE_047","TREE","D05",2015-08-06,"Live","single bole tree","Full sun",130,NA,17.6,22.2,NA,59,"Acer saccharum Marshall",8.7,119.8,"2015",318,"hard maple/oak/hickory/beech","Acer saccharum Marshall","sugar maple","Aceraceae","tree","saccharum",0.841,"hw4",-2.0127,2.4342,"AceraceaeAbove0.50spg","hardwood","Hardwood",0.56,-1.8011,2.3852,0.21103,0.95964,NA,"Check",253.03925874318,268.604524160092,NA
"Acer","ACSA3","NEON.PLA.D05.TREE.00151A","TREE_049","TREE","D05",2022-09-20,"Live,  other damage","multi-bole tree",NA,130,NA,NA,5.1,NA,NA,"Acer saccharum Marshall",NA,NA,"2022",318,"hard maple/oak/hickory/beech","Acer saccharum Marshall","sugar maple","Aceraceae","tree","saccharum",0.841,"hw4",-2.0127,2.4342,"AceraceaeAbove0.50spg","hardwood","Hardwood",0.56,-1.8011,2.3852,0.21103,0.95964,NA,"Check",4.62595316943505,5.32245504379181,NA
"Acer","ACSA3","NEON.PLA.D05.TREE.01386","TREE_041","TREE","D05",2017-10-16,"Live","single bole tree",NA,140,NA,17.8,17.3,NA,59,"Acer saccharum Marshall",3.4,149,"2017",318,"hard maple/oak/hickory/beech","Acer saccharum Marshall","sugar maple","Aceraceae","tree","saccharum",0.841,"hw4",-2.0127,2.4342,"AceraceaeAbove0.50spg","hardwood","Hardwood",0.56,-1.8011,2.3852,0.21103,0.95964,NA,"Check",137.894619407093,148.176650636138,NA
"Acer","ACSA3","NEON.PLA.D05.TREE.00152","TREE_055","TREE","D05",2015-07-29,"Live","small tree","Mostly shaded",130,NA,5.4,5.6,NA,NA,"Acer saccharum Marshall",NA,NA,"2015",318,"hard maple/oak/hickory/beech","Acer saccharum Marshall","sugar maple","Aceraceae","tree","saccharum",0.841,"hw4",-2.0127,2.4342,"AceraceaeAbove0.50spg","hardwood","Hardwood",0.56,-1.8011,2.3852,0.21103,0.95964,NA,"Check",5.80862319295711,6.65263505378437,NA
"Acer","ACSA3","NEON.PLA.D05.TREE.00348","TREE_054","TREE","D05",2022-09-07,"Live,  other damage","single bole tree","Mostly shaded",130,NA,11.7,14,NA,59,"Acer saccharum Marshall",8.8,121.5,"2022",318,"hard maple/oak/hickory/beech","Acer saccharum Marshall","sugar maple","Aceraceae","tree","saccharum",0.841,"hw4",-2.0127,2.4342,"AceraceaeAbove0.50spg","hardwood","Hardwood",0.56,-1.8011,2.3852,0.21103,0.95964,NA,"Check",82.3759356969086,89.4410315345985,NA
"Acer","ACSA3","NEON.PLA.D05.TREE.01386","TREE_041","TREE","D05",2015-08-10,"Live","single bole tree","Partially shaded",120,NA,16.5,17.6,NA,59,"Acer saccharum Marshall",3.4,149,"2015",318,"hard maple/oak/hickory/beech","Acer saccharum Marshall","sugar maple","Aceraceae","tree","saccharum",0.841,"hw4",-2.0127,2.4342,"AceraceaeAbove0.50spg","hardwood","Hardwood",0.56,-1.8011,2.3852,0.21103,0.95964,NA,"Check",143.787930232059,154.379284548219,NA
"Acer","ACSA3","NEON.PLA.D05.TREE.01383","TREE_041","TREE","D05",2022-09-07,"Live","single bole tree","Partially shaded",130,NA,20.8,24.3,NA,59,"Acer saccharum Marshall",10.6,155.1,"2022",318,"hard maple/oak/hickory/beech","Acer saccharum Marshall","sugar maple","Aceraceae","tree","saccharum",0.841,"hw4",-2.0127,2.4342,"AceraceaeAbove0.50spg","hardwood","Hardwood",0.56,-1.8011,2.3852,0.21103,0.95964,NA,"Check",315.310394181632,333.227083781201,NA
"Acer","ACSA3","NEON.PLA.D05.TREE.00023","TREE_049","TREE","D05",2017-09-18,"Live","single bole tree",NA,130,NA,20,38,NA,23,"Acer saccharum Marshall",9.5,326.5,"2017",318,"hard maple/oak/hickory/beech","Acer saccharum Marshall","sugar maple","Aceraceae","tree","saccharum",0.841,"hw4",-2.0127,2.4342,"AceraceaeAbove0.50spg","hardwood","Hardwood",0.56,-1.8011,2.3852,0.21103,0.95964,NA,"Check",936.277802519961,968.037192148383,NA
"Acer","ACSA3","NEON.PLA.D05.TREE.00492","TREE_051","TREE","D05",2016-09-28,"Live","single bole tree",NA,140,NA,14.2,15.4,NA,59,"Acer saccharum Marshall",2.8,149.3,"2016",318,"hard maple/oak/hickory/beech","Acer saccharum Marshall","sugar maple","Aceraceae","tree","saccharum",0.841,"hw4",-2.0127,2.4342,"AceraceaeAbove0.50spg","hardwood","Hardwood",0.56,-1.8011,2.3852,0.21103,0.95964,NA,"Check",103.886337354745,112.270752098901,NA
"Acer","ACSA3","NEON.PLA.D05.TREE.00515","TREE_042","TREE","D05",2015-07-27,"Live","single bole tree","Mostly shaded",130,NA,12,12.1,NA,25,"Acer saccharum Marshall",8.2,325.2,"2015",318,"hard maple/oak/hickory/beech","Acer saccharum Marshall","sugar maple","Aceraceae","tree","saccharum",0.841,"hw4",-2.0127,2.4342,"AceraceaeAbove0.50spg","hardwood","Hardwood",0.56,-1.8011,2.3852,0.21103,0.95964,NA,"Check",57.7579332767949,63.161418347023,NA
"Acer","ACSA3","NEON.PLA.D05.TREE.00511","TREE_042","TREE","D05",2015-07-27,"Live","small tree","Full shade",130,NA,6.6,8.5,NA,NA,"Acer saccharum Marshall",NA,NA,"2015",318,"hard maple/oak/hickory/beech","Acer saccharum Marshall","sugar maple","Aceraceae","tree","saccharum",0.841,"hw4",-2.0127,2.4342,"AceraceaeAbove0.50spg","hardwood","Hardwood",0.56,-1.8011,2.3852,0.21103,0.95964,NA,"Check",16.0407791034084,17.9997154441089,NA
"Acer","ACSA3","NEON.PLA.D05.TREE.01019","TREE_047","TREE","D05",2018-08-28,"Live","single bole tree",NA,130,NA,19.4,24.7,NA,39,"Acer saccharum Marshall",5,30,"2018",318,"hard maple/oak/hickory/beech","Acer saccharum Marshall","sugar maple","Aceraceae","tree","saccharum",0.841,"hw4",-2.0127,2.4342,"AceraceaeAbove0.50spg","hardwood","Hardwood",0.56,-1.8011,2.3852,0.21103,0.95964,NA,"Check",328.094099399852,346.459904676692,NA
"Acer","ACSA3","NEON.PLA.D05.TREE.01381","TREE_041","TREE","D05",2020-09-28,"Live","single bole tree","Partially shaded",130,NA,21.6,25.5,NA,59,"Acer saccharum Marshall",9.9,114.7,"2020",318,"hard maple/oak/hickory/beech","Acer saccharum Marshall","sugar maple","Aceraceae","tree","saccharum",0.841,"hw4",-2.0127,2.4342,"AceraceaeAbove0.50spg","hardwood","Hardwood",0.56,-1.8011,2.3852,0.21103,0.95964,NA,"Check",354.564788060091,373.828017016396,NA
"Acer","ACSA3","NEON.PLA.D05.TREE.01092","TREE_047","TREE","D05",2016-10-19,"Live","single bole tree",NA,130,NA,21.1,35.3,NA,59,"Acer saccharum Marshall",10.3,207.2,"2016",318,"hard maple/oak/hickory/beech","Acer saccharum Marshall","sugar maple","Aceraceae","tree","saccharum",0.841,"hw4",-2.0127,2.4342,"AceraceaeAbove0.50spg","hardwood","Hardwood",0.56,-1.8011,2.3852,0.21103,0.95964,NA,"Check",782.507815967212,811.978324295407,NA
"Acer","ACSA3","NEON.PLA.D05.TREE.00694","TREE_046","TREE","D05",2018-10-10,"Live","single bole tree",NA,130,NA,12.5,13,NA,59,"Acer saccharum Marshall",13,224.3,"2018",318,"hard maple/oak/hickory/beech","Acer saccharum Marshall","sugar maple","Aceraceae","tree","saccharum",0.841,"hw4",-2.0127,2.4342,"AceraceaeAbove0.50spg","hardwood","Hardwood",0.56,-1.8011,2.3852,0.21103,0.95964,NA,"Check",68.7790866715438,74.9496989166102,NA
"Acer","ACSA3","NEON.PLA.D05.TREE.00545","TREE_046","TREE","D05",2016-09-29,"Live","single bole tree",NA,130,NA,22.8,42.8,NA,59,"Acer saccharum Marshall",6.5,253.8,"2016",318,"hard maple/oak/hickory/beech","Acer saccharum Marshall","sugar maple","Aceraceae","tree","saccharum",0.841,"hw4",-2.0127,2.4342,"AceraceaeAbove0.50spg","hardwood","Hardwood",0.56,-1.8011,2.3852,0.21103,0.95964,NA,"Check",1250.70797419376,1285.61782865601,NA
"Acer","ACSA3","NEON.PLA.D05.TREE.01225","TREE_047","TREE","D05",2017-10-16,"Live","single bole tree",NA,130,NA,22.6,41.3,NA,59,"Acer saccharum Marshall",9.1,269.3,"2017",318,"hard maple/oak/hickory/beech","Acer saccharum Marshall","sugar maple","Aceraceae","tree","saccharum",0.841,"hw4",-2.0127,2.4342,"AceraceaeAbove0.50spg","hardwood","Hardwood",0.56,-1.8011,2.3852,0.21103,0.95964,NA,"Check",1146.67702767276,1180.74542595461,NA
"Acer","ACSA3","NEON.PLA.D05.TREE.00645","TREE_053","TREE","D05",2018-10-09,"Live","single bole tree",NA,130,NA,15.4,18.1,NA,43,"Acer saccharum Marshall",8.4,180.5,"2018",318,"hard maple/oak/hickory/beech","Acer saccharum Marshall","sugar maple","Aceraceae","tree","saccharum",0.841,"hw4",-2.0127,2.4342,"AceraceaeAbove0.50spg","hardwood","Hardwood",0.56,-1.8011,2.3852,0.21103,0.95964,NA,"Check",153.934754435322,165.04681404859,NA
"Acer","ACSA3","NEON.PLA.D05.TREE.00068","TREE_049","TREE","D05",2018-10-10,"Live","single bole tree",NA,130,NA,19.7,25.2,NA,23,"Acer saccharum Marshall",4,82.4,"2018",318,"hard maple/oak/hickory/beech","Acer saccharum Marshall","sugar maple","Aceraceae","tree","saccharum",0.841,"hw4",-2.0127,2.4342,"AceraceaeAbove0.50spg","hardwood","Hardwood",0.56,-1.8011,2.3852,0.21103,0.95964,NA,"Check",344.496403783439,363.42330913658,NA
"Acer","ACSA3","NEON.PLA.D05.TREE.00570","TREE_053","TREE","D05",2016-09-27,"Live","single bole tree",NA,130,NA,21.8,29,NA,25,"Acer saccharum Marshall",12.5,315.8,"2016",318,"hard maple/oak/hickory/beech","Acer saccharum Marshall","sugar maple","Aceraceae","tree","saccharum",0.841,"hw4",-2.0127,2.4342,"AceraceaeAbove0.50spg","hardwood","Hardwood",0.56,-1.8011,2.3852,0.21103,0.95964,NA,"Check",484.913977561186,508.047025757933,NA
"Acer","ACSA3","NEON.PLA.D05.TREE.00668","TREE_053","TREE","D05",2016-09-27,"Live, physically damaged","single bole tree",NA,130,NA,10.9,10,NA,41,"Acer saccharum Marshall",13.5,38.8,"2016",318,"hard maple/oak/hickory/beech","Acer saccharum Marshall","sugar maple","Aceraceae","tree","saccharum",0.841,"hw4",-2.0127,2.4342,"AceraceaeAbove0.50spg","hardwood","Hardwood",0.56,-1.8011,2.3852,0.21103,0.95964,NA,"Check",23.8250548555454,26.5225708257094,NA
"Acer","ACSA3","NEON.PLA.D05.TREE.00105","TREE_055","TREE","D05",2016-09-27,"Live","small tree",NA,130,NA,8.8,5.5,NA,NA,"Acer saccharum Marshall",NA,NA,"2016",318,"hard maple/oak/hickory/beech","Acer saccharum Marshall","sugar maple","Aceraceae","tree","saccharum",0.841,"hw4",-2.0127,2.4342,"AceraceaeAbove0.50spg","hardwood","Hardwood",0.56,-1.8011,2.3852,0.21103,0.95964,NA,"Check",5.55935961646649,6.37277675271249,NA
"Acer","ACSA3","NEON.PLA.D05.TREE.01208","TREE_047","TREE","D05",2015-08-06,"Live","single bole tree","Partially shaded",130,NA,16.7,29.1,NA,41,"Acer saccharum Marshall",5.3,72.5,"2015",318,"hard maple/oak/hickory/beech","Acer saccharum Marshall","sugar maple","Aceraceae","tree","saccharum",0.841,"hw4",-2.0127,2.4342,"AceraceaeAbove0.50spg","hardwood","Hardwood",0.56,-1.8011,2.3852,0.21103,0.95964,NA,"Check",488.994314971795,512.235609014301,NA
"Acer","ACSA3","NEON.PLA.D05.TREE.01236","TREE_041","TREE","D05",2020-09-28,"Live","multi-bole tree","Full sun",130,NA,26.1,40.5,NA,43,"Acer saccharum Marshall",10.6,330.2,"2020",318,"hard maple/oak/hickory/beech","Acer saccharum Marshall","sugar maple","Aceraceae","tree","saccharum",0.841,"hw4",-2.0127,2.4342,"AceraceaeAbove0.50spg","hardwood","Hardwood",0.56,-1.8011,2.3852,0.21103,0.95964,NA,"Check",1093.35831920967,1126.92218853553,NA
"Acer","ACSA3","NEON.PLA.D05.TREE.00024","TREE_049","TREE","D05",2016-09-28,"Live","single bole tree",NA,130,NA,11.3,12.8,NA,43,"Acer saccharum Marshall",1.7,198.6,"2016",318,"hard maple/oak/hickory/beech","Acer saccharum Marshall","sugar maple","Aceraceae","tree","saccharum",0.841,"hw4",-2.0127,2.4342,"AceraceaeAbove0.50spg","hardwood","Hardwood",0.56,-1.8011,2.3852,0.21103,0.95964,NA,"Check",66.2317155494387,72.2286384505297,NA
"Acer","ACSA3","NEON.PLA.D05.TREE.01383","TREE_041","TREE","D05",2016-10-18,"Live, physically damaged","single bole tree",NA,130,NA,18.4,21.7,NA,59,"Acer saccharum Marshall",10.6,155.1,"2016",318,"hard maple/oak/hickory/beech","Acer saccharum Marshall","sugar maple","Aceraceae","tree","saccharum",0.841,"hw4",-2.0127,2.4342,"AceraceaeAbove0.50spg","hardwood","Hardwood",0.56,-1.8011,2.3852,0.21103,0.95964,NA,"Check",239.389876346729,254.399331536726,NA
"Acer","ACSA3","NEON.PLA.D05.TREE.00257","TREE_051","TREE","D05",2016-09-28,"Live","single bole tree",NA,130,NA,13.9,15.4,NA,41,"Acer saccharum Marshall",4.7,338.5,"2016",318,"hard maple/oak/hickory/beech","Acer saccharum Marshall","sugar maple","Aceraceae","tree","saccharum",0.841,"hw4",-2.0127,2.4342,"AceraceaeAbove0.50spg","hardwood","Hardwood",0.56,-1.8011,2.3852,0.21103,0.95964,NA,"Check",103.886337354745,112.270752098901,NA
"Acer","ACSA3","NEON.PLA.D05.TREE.00573","TREE_042","TREE","D05",2016-09-28,"Live","single bole tree",NA,130,NA,23.5,52.1,NA,43,"Acer saccharum Marshall",4.6,208.8,"2016",318,"hard maple/oak/hickory/beech","Acer saccharum Marshall","sugar maple","Aceraceae","tree","saccharum",0.841,"hw4",-2.0127,2.4342,"AceraceaeAbove0.50spg","hardwood","Hardwood",0.56,-1.8011,2.3852,0.21103,0.95964,NA,"Check",2018.46806349911,2054.91350450793,NA
"Acer","ACSA3","NEON.PLA.D05.TREE.00655","TREE_042","TREE","D05",2016-09-28,"Live,  other damage","single bole tree",NA,130,NA,19.5,26.9,NA,25,"Acer saccharum Marshall",6,295.8,"2016",318,"hard maple/oak/hickory/beech","Acer saccharum Marshall","sugar maple","Aceraceae","tree","saccharum",0.841,"hw4",-2.0127,2.4342,"AceraceaeAbove0.50spg","hardwood","Hardwood",0.56,-1.8011,2.3852,0.21103,0.95964,NA,"Check",403.829923085164,424.656080433153,NA
"Acer","ACSA3","NEON.PLA.D05.TREE.00524","TREE_053","TREE","D05",2018-10-09,"Live","single bole tree",NA,130,NA,12.3,12.6,NA,43,"Acer saccharum Marshall",6.2,269.1,"2018",318,"hard maple/oak/hickory/beech","Acer saccharum Marshall","sugar maple","Aceraceae","tree","saccharum",0.841,"hw4",-2.0127,2.4342,"AceraceaeAbove0.50spg","hardwood","Hardwood",0.56,-1.8011,2.3852,0.21103,0.95964,NA,"Check",63.7407951962617,69.5658398881796,NA
"Acer","ACSA3","NEON.PLA.D05.TREE.01266","TREE_047","TREE","D05",2015-08-06,"Live","single bole tree","Full sun",130,NA,18.8,24.4,NA,57,"Acer saccharum Marshall",5.2,106.6,"2015",318,"hard maple/oak/hickory/beech","Acer saccharum Marshall","sugar maple","Aceraceae","tree","saccharum",0.841,"hw4",-2.0127,2.4342,"AceraceaeAbove0.50spg","hardwood","Hardwood",0.56,-1.8011,2.3852,0.21103,0.95964,NA,"Check",318.478274464284,336.507247640343,NA
"Acer","ACSA3","NEON.PLA.D05.TREE.00524","TREE_053","TREE","D05",2017-08-30,"Live","single bole tree",NA,130,NA,12.5,12,NA,43,"Acer saccharum Marshall",6.2,269.1,"2017",318,"hard maple/oak/hickory/beech","Acer saccharum Marshall","sugar maple","Aceraceae","tree","saccharum",0.841,"hw4",-2.0127,2.4342,"AceraceaeAbove0.50spg","hardwood","Hardwood",0.56,-1.8011,2.3852,0.21103,0.95964,NA,"Check",56.6028743174732,61.9234745396948,NA
"Acer","ACSA3","NEON.PLA.D05.TREE.00016","TREE_055","TREE","D05",2016-09-27,"Live","small tree",NA,130,NA,9.3,7.3,NA,NA,"Acer saccharum Marshall",NA,NA,"2016",318,"hard maple/oak/hickory/beech","Acer saccharum Marshall","sugar maple","Aceraceae","tree","saccharum",0.841,"hw4",-2.0127,2.4342,"AceraceaeAbove0.50spg","hardwood","Hardwood",0.56,-1.8011,2.3852,0.21103,0.95964,NA,"Check",11.0747623436148,12.5202587345466,NA
"Acer","ACSA3","NEON.PLA.D05.TREE.00549","TREE_053","TREE","D05",2015-07-27,"Live","single bole tree","Partially shaded",130,NA,18.6,27.4,NA,23,"Acer saccharum Marshall",11.8,58.7,"2015",318,"hard maple/oak/hickory/beech","Acer saccharum Marshall","sugar maple","Aceraceae","tree","saccharum",0.841,"hw4",-2.0127,2.4342,"AceraceaeAbove0.50spg","hardwood","Hardwood",0.56,-1.8011,2.3852,0.21103,0.95964,NA,"Check",422.345543821426,443.725973699236,NA
"Acer","ACSA3","NEON.PLA.D05.TREE.00259","TREE_056","TREE","D05",2021-09-22,"Live","single bole tree","Partially shaded",130,NA,15.2,17,NA,59,"Acer saccharum Marshall",3.3,151.2,"2021",318,"hard maple/oak/hickory/beech","Acer saccharum Marshall","sugar maple","Aceraceae","tree","saccharum",0.841,"hw4",-2.0127,2.4342,"AceraceaeAbove0.50spg","hardwood","Hardwood",0.56,-1.8011,2.3852,0.21103,0.95964,NA,"Check",132.146072699293,142.121236035814,NA
"Acer","ACSA3","NEON.PLA.D05.TREE.00516","TREE_042","TREE","D05",2021-10-04,"Live,  other damage","single bole tree","Partially shaded",140,NA,22.2,47.5,NA,25,"Acer saccharum Marshall",9.4,320.3,"2021",318,"hard maple/oak/hickory/beech","Acer saccharum Marshall","sugar maple","Aceraceae","tree","saccharum",0.841,"hw4",-2.0127,2.4342,"AceraceaeAbove0.50spg","hardwood","Hardwood",0.56,-1.8011,2.3852,0.21103,0.95964,NA,"Check",1611.77004775503,1648.32105557921,NA
"Acer","ACSA3","NEON.PLA.D05.TREE.00549","TREE_053","TREE","D05",2016-09-27,"Live","single bole tree",NA,130,NA,18.3,28.5,NA,23,"Acer saccharum Marshall",11.8,58.7,"2016",318,"hard maple/oak/hickory/beech","Acer saccharum Marshall","sugar maple","Aceraceae","tree","saccharum",0.841,"hw4",-2.0127,2.4342,"AceraceaeAbove0.50spg","hardwood","Hardwood",0.56,-1.8011,2.3852,0.21103,0.95964,NA,"Check",464.813629858453,487.402967191192,NA
"Acer","ACSA3","NEON.PLA.D05.TREE.00516","TREE_042","TREE","D05",2020-10-06,"Live","single bole tree","Mostly shaded",140,NA,18.4,47.4,NA,25,"Acer saccharum Marshall",9.4,320.3,"2020",318,"hard maple/oak/hickory/beech","Acer saccharum Marshall","sugar maple","Aceraceae","tree","saccharum",0.841,"hw4",-2.0127,2.4342,"AceraceaeAbove0.50spg","hardwood","Hardwood",0.56,-1.8011,2.3852,0.21103,0.95964,NA,"Check",1603.52278585013,1640.0561202505,NA
"Acer","ACSA3","NEON.PLA.D05.TREE.00026","TREE_054","TREE","D05",2016-10-18,"Standing dead","single bole tree",NA,130,NA,15.8,22.3,NA,39,"Acer saccharum Marshall",10,158.6,"2016",318,"hard maple/oak/hickory/beech","Acer saccharum Marshall","sugar maple","Aceraceae","tree","saccharum",0.841,"hw4",-2.0127,2.4342,"AceraceaeAbove0.50spg","hardwood","Hardwood",0.56,-1.8011,2.3852,0.21103,0.95964,NA,"Check",255.822768128299,271.499458657582,NA
"Acer","ACSA3","NEON.PLA.D05.TREE.01470","TREE_041","TREE","D05",2020-09-28,"Dead, broken bole","single bole tree",NA,130,NA,5.4,20.3,NA,23,"Acer saccharum Marshall",5.3,304,"2020",318,"hard maple/oak/hickory/beech","Acer saccharum Marshall","sugar maple","Aceraceae","tree","saccharum",0.841,"hw4",-2.0127,2.4342,"AceraceaeAbove0.50spg","hardwood","Hardwood",0.56,-1.8011,2.3852,0.21103,0.95964,NA,"Check",203.517777709207,216.986022147958,NA
"Acer","ACSA3","NEON.PLA.D05.TREE.01470","TREE_041","TREE","D05",2016-10-18,"Live","single bole tree",NA,130,NA,20.2,19.8,NA,23,"Acer saccharum Marshall",5.3,304,"2016",318,"hard maple/oak/hickory/beech","Acer saccharum Marshall","sugar maple","Aceraceae","tree","saccharum",0.841,"hw4",-2.0127,2.4342,"AceraceaeAbove0.50spg","hardwood","Hardwood",0.56,-1.8011,2.3852,0.21103,0.95964,NA,"Check",191.530482356647,204.455134006888,NA
"Acer","ACSA3","NEON.PLA.D05.TREE.00575","TREE_049","TREE","D05",2016-09-28,"Live","single bole tree",NA,130,NA,16.4,17.4,NA,21,"Acer saccharum Marshall",10,56.2,"2016",318,"hard maple/oak/hickory/beech","Acer saccharum Marshall","sugar maple","Aceraceae","tree","saccharum",0.841,"hw4",-2.0127,2.4342,"AceraceaeAbove0.50spg","hardwood","Hardwood",0.56,-1.8011,2.3852,0.21103,0.95964,NA,"Check",139.84291766264,150.227789051729,NA
"Acer","ACSA3","NEON.PLA.D05.TREE.00650","TREE_053","TREE","D05",2015-07-27,"Live","single bole tree","Partially shaded",130,NA,18.6,14.9,NA,23,"Acer saccharum Marshall",10.5,20.6,"2015",318,"hard maple/oak/hickory/beech","Acer saccharum Marshall","sugar maple","Aceraceae","tree","saccharum",0.841,"hw4",-2.0127,2.4342,"AceraceaeAbove0.50spg","hardwood","Hardwood",0.56,-1.8011,2.3852,0.21103,0.95964,NA,"Check",95.866199546691,103.77102250424,NA
"Acer","ACSA3","NEON.PLA.D05.TREE.00252","TREE_056","TREE","D05",2015-07-29,"Live","single bole tree","Partially shaded",130,NA,19,31.3,NA,59,"Acer saccharum Marshall",9.7,173.2,"2015",318,"hard maple/oak/hickory/beech","Acer saccharum Marshall","sugar maple","Aceraceae","tree","saccharum",0.841,"hw4",-2.0127,2.4342,"AceraceaeAbove0.50spg","hardwood","Hardwood",0.56,-1.8011,2.3852,0.21103,0.95964,NA,"Check",583.91485329537,609.487162447371,NA
"Acer","ACSA3","NEON.PLA.D05.TREE.00003","TREE_049","TREE","D05",2016-09-28,"Live","single bole tree",NA,130,NA,20.6,30.9,NA,43,"Acer saccharum Marshall",10.8,239.3,"2016",318,"hard maple/oak/hickory/beech","Acer saccharum Marshall","sugar maple","Aceraceae","tree","saccharum",0.841,"hw4",-2.0127,2.4342,"AceraceaeAbove0.50spg","hardwood","Hardwood",0.56,-1.8011,2.3852,0.21103,0.95964,NA,"Check",565.916591701159,591.073071289533,NA
"Acer","ACSA3","NEON.PLA.D05.TREE.00651","TREE_053","TREE","D05",2017-08-30,"Live","small tree",NA,130,NA,13.4,9.8,NA,NA,"Acer saccharum Marshall",NA,NA,"2017",318,"hard maple/oak/hickory/beech","Acer saccharum Marshall","sugar maple","Aceraceae","tree","saccharum",0.841,"hw4",-2.0127,2.4342,"AceraceaeAbove0.50spg","hardwood","Hardwood",0.56,-1.8011,2.3852,0.21103,0.95964,NA,"Check",22.6817428653426,25.2748189646291,NA
"Acer","ACSA3","NEON.PLA.D05.TREE.00383","TREE_051","TREE","D05",2017-09-26,"Live","single bole tree",NA,130,NA,22.2,27.3,NA,61,"Acer saccharum Marshall",9.6,189.4,"2017",318,"hard maple/oak/hickory/beech","Acer saccharum Marshall","sugar maple","Aceraceae","tree","saccharum",0.841,"hw4",-2.0127,2.4342,"AceraceaeAbove0.50spg","hardwood","Hardwood",0.56,-1.8011,2.3852,0.21103,0.95964,NA,"Check",418.603265285804,439.873049785089,NA
"Acer","ACSA3","NEON.PLA.D05.TREE.00625","TREE_046","TREE","D05",2018-10-10,"Live","single bole tree",NA,130,NA,17.1,18,NA,41,"Acer saccharum Marshall",10,338.9,"2018",318,"hard maple/oak/hickory/beech","Acer saccharum Marshall","sugar maple","Aceraceae","tree","saccharum",0.841,"hw4",-2.0127,2.4342,"AceraceaeAbove0.50spg","hardwood","Hardwood",0.56,-1.8011,2.3852,0.21103,0.95964,NA,"Check",151.872739961301,162.880160204249,NA
"Acer","ACSA3","NEON.PLA.D05.TREE.01359","TREE_041","TREE","D05",2017-10-16,"Live","single bole tree",NA,130,NA,17,19.7,NA,41,"Acer saccharum Marshall",3.5,45.6,"2017",318,"hard maple/oak/hickory/beech","Acer saccharum Marshall","sugar maple","Aceraceae","tree","saccharum",0.841,"hw4",-2.0127,2.4342,"AceraceaeAbove0.50spg","hardwood","Hardwood",0.56,-1.8011,2.3852,0.21103,0.95964,NA,"Check",189.184339903845,202.000782261715,NA
"Acer","ACSA3","NEON.PLA.D05.TREE.00625","TREE_046","TREE","D05",2022-09-19,"Live","single bole tree","Mostly shaded",130,NA,17.1,18.6,NA,41,"Acer saccharum Marshall",10,338.9,"2022",318,"hard maple/oak/hickory/beech","Acer saccharum Marshall","sugar maple","Aceraceae","tree","saccharum",0.841,"hw4",-2.0127,2.4342,"AceraceaeAbove0.50spg","hardwood","Hardwood",0.56,-1.8011,2.3852,0.21103,0.95964,NA,"Check",164.491668217104,176.130465615616,NA
"Acer","ACSA3","NEON.PLA.D05.TREE.01477","TREE_041","TREE","D05",2019-10-23,"Live","single bole tree",NA,130,NA,23.2,39.4,NA,39,"Acer saccharum Marshall",3.7,103.9,"2019",318,"hard maple/oak/hickory/beech","Acer saccharum Marshall","sugar maple","Aceraceae","tree","saccharum",0.841,"hw4",-2.0127,2.4342,"AceraceaeAbove0.50spg","hardwood","Hardwood",0.56,-1.8011,2.3852,0.21103,0.95964,NA,"Check",1022.47429685095,1055.28507749971,NA
"Acer","ACSA3","NEON.PLA.D05.TREE.01386","TREE_041","TREE","D05",2021-09-20,"Live","single bole tree","Partially shaded",130,NA,19.9,18.2,NA,59,"Acer saccharum Marshall",3.4,149,"2021",318,"hard maple/oak/hickory/beech","Acer saccharum Marshall","sugar maple","Aceraceae","tree","saccharum",0.841,"hw4",-2.0127,2.4342,"AceraceaeAbove0.50spg","hardwood","Hardwood",0.56,-1.8011,2.3852,0.21103,0.95964,NA,"Check",156.01317273853,167.23011301627,NA
"Acer","ACSA3","NEON.PLA.D05.TREE.00519","TREE_053","TREE","D05",2017-08-30,"Live","small tree",NA,130,NA,11,9.5,NA,NA,"Acer saccharum Marshall",NA,NA,"2017",318,"hard maple/oak/hickory/beech","Acer saccharum Marshall","sugar maple","Aceraceae","tree","saccharum",0.841,"hw4",-2.0127,2.4342,"AceraceaeAbove0.50spg","hardwood","Hardwood",0.56,-1.8011,2.3852,0.21103,0.95964,NA,"Check",21.0285200671118,23.4683178272082,NA
"Acer","ACSA3","NEON.PLA.D05.TREE.01359","TREE_041","TREE","D05",2016-10-18,"Live","single bole tree",NA,130,NA,17.8,19.8,NA,41,"Acer saccharum Marshall",3.5,45.6,"2016",318,"hard maple/oak/hickory/beech","Acer saccharum Marshall","sugar maple","Aceraceae","tree","saccharum",0.841,"hw4",-2.0127,2.4342,"AceraceaeAbove0.50spg","hardwood","Hardwood",0.56,-1.8011,2.3852,0.21103,0.95964,NA,"Check",191.530482356647,204.455134006888,NA
"Acer","ACSA3","NEON.PLA.D05.TREE.00139","TREE_055","TREE","D05",2018-10-10,"Live","multi-bole tree",NA,130,NA,12.6,11,NA,61,"Acer saccharum Marshall",1.7,268.2,"2018",318,"hard maple/oak/hickory/beech","Acer saccharum Marshall","sugar maple","Aceraceae","tree","saccharum",0.841,"hw4",-2.0127,2.4342,"AceraceaeAbove0.50spg","hardwood","Hardwood",0.56,-1.8011,2.3852,0.21103,0.95964,NA,"Check",45.7987442694099,50.3178459619612,NA
"Acer","ACSA3","NEON.PLA.D05.TREE.00554","TREE_046","TREE","D05",2022-09-19,"Live","small tree","Full shade",130,NA,6.2,5.6,NA,NA,"Acer saccharum Marshall",NA,NA,"2022",318,"hard maple/oak/hickory/beech","Acer saccharum Marshall","sugar maple","Aceraceae","tree","saccharum",0.841,"hw4",-2.0127,2.4342,"AceraceaeAbove0.50spg","hardwood","Hardwood",0.56,-1.8011,2.3852,0.21103,0.95964,NA,"Check",5.80862319295711,6.65263505378437,NA
"Acer","ACSA3","NEON.PLA.D05.TREE.01465","TREE_041","TREE","D05",2020-09-28,"Live, physically damaged","single bole tree","Partially shaded",130,NA,19.8,32.1,NA,23,"Acer saccharum Marshall",10.9,308.3,"2020",318,"hard maple/oak/hickory/beech","Acer saccharum Marshall","sugar maple","Aceraceae","tree","saccharum",0.841,"hw4",-2.0127,2.4342,"AceraceaeAbove0.50spg","hardwood","Hardwood",0.56,-1.8011,2.3852,0.21103,0.95964,NA,"Check",620.911989810331,647.30358445235,NA
"Acer","ACSA3","NEON.PLA.D05.TREE.00635","TREE_046","TREE","D05",2022-09-19,"Live","single bole tree","Full sun",130,NA,21.1,31.6,NA,41,"Acer saccharum Marshall",4.6,298.8,"2022",318,"hard maple/oak/hickory/beech","Acer saccharum Marshall","sugar maple","Aceraceae","tree","saccharum",0.841,"hw4",-2.0127,2.4342,"AceraceaeAbove0.50spg","hardwood","Hardwood",0.56,-1.8011,2.3852,0.21103,0.95964,NA,"Check",597.631930100211,623.513467070818,NA
"Acer","ACSA3","NEON.PLA.D05.TREE.00617","TREE_046","TREE","D05",2015-07-28,"Live","single bole tree","Full sun",130,NA,20.4,55.3,NA,39,"Acer saccharum Marshall",14.1,45,"2015",318,"hard maple/oak/hickory/beech","Acer saccharum Marshall","sugar maple","Aceraceae","tree","saccharum",0.841,"hw4",-2.0127,2.4342,"AceraceaeAbove0.50spg","hardwood","Hardwood",0.56,-1.8011,2.3852,0.21103,0.95964,NA,"Check",2333.65692976729,2368.86434845971,NA
"Acer","ACSA3","NEON.PLA.D05.TREE.01478A","TREE_041","TREE","D05",2018-10-10,"Live","multi-bole tree",NA,130,NA,23.6,26.3,NA,39,"Acer saccharum Marshall",8,124.8,"2018",318,"hard maple/oak/hickory/beech","Acer saccharum Marshall","sugar maple","Aceraceae","tree","saccharum",0.841,"hw4",-2.0127,2.4342,"AceraceaeAbove0.50spg","hardwood","Hardwood",0.56,-1.8011,2.3852,0.21103,0.95964,NA,"Check",382.253771660947,402.411756269813,NA
"Acer","ACSA3","NEON.PLA.D05.TREE.00635","TREE_046","TREE","D05",2015-07-28,"Live","single bole tree","Full sun",130,NA,17.2,28.8,NA,41,"Acer saccharum Marshall",4.6,298.8,"2015",318,"hard maple/oak/hickory/beech","Acer saccharum Marshall","sugar maple","Aceraceae","tree","saccharum",0.841,"hw4",-2.0127,2.4342,"AceraceaeAbove0.50spg","hardwood","Hardwood",0.56,-1.8011,2.3852,0.21103,0.95964,NA,"Check",476.813661292737,499.729710577046,NA
"Acer","ACSA3","NEON.PLA.D05.TREE.00513","TREE_042","TREE","D05",2016-09-28,"Live, physically damaged","small tree",NA,130,NA,12.3,9.7,NA,59,"Acer saccharum Marshall",4.2,138.5,"2016",318,"hard maple/oak/hickory/beech","Acer saccharum Marshall","sugar maple","Aceraceae","tree","saccharum",0.841,"hw4",-2.0127,2.4342,"AceraceaeAbove0.50spg","hardwood","Hardwood",0.56,-1.8011,2.3852,0.21103,0.95964,NA,"Check",22.1224725450055,24.6640026506971,NA
"Acer","ACSA3","NEON.PLA.D05.TREE.00014","TREE_049","TREE","D05",2017-09-18,"Live","single bole tree",NA,130,NA,15.3,27.2,NA,21,"Acer saccharum Marshall",4,40.6,"2017",318,"hard maple/oak/hickory/beech","Acer saccharum Marshall","sugar maple","Aceraceae","tree","saccharum",0.841,"hw4",-2.0127,2.4342,"AceraceaeAbove0.50spg","hardwood","Hardwood",0.56,-1.8011,2.3852,0.21103,0.95964,NA,"Check",414.880595196093,436.039626078269,NA
"Acer","ACSA3","NEON.PLA.D05.TREE.01070","TREE_041","TREE","D05",2016-10-18,"Live","single bole tree",NA,130,NA,19,25.5,NA,43,"Acer saccharum Marshall",6.8,297.3,"2016",318,"hard maple/oak/hickory/beech","Acer saccharum Marshall","sugar maple","Aceraceae","tree","saccharum",0.841,"hw4",-2.0127,2.4342,"AceraceaeAbove0.50spg","hardwood","Hardwood",0.56,-1.8011,2.3852,0.21103,0.95964,NA,"Check",354.564788060091,373.828017016396,NA
"Acer","ACSA3","NEON.PLA.D05.TREE.00579","TREE_046","TREE","D05",2021-09-21,"Live","single bole tree","Partially shaded",130,NA,18.5,24,NA,39,"Acer saccharum Marshall",4.3,62,"2021",318,"hard maple/oak/hickory/beech","Acer saccharum Marshall","sugar maple","Aceraceae","tree","saccharum",0.841,"hw4",-2.0127,2.4342,"AceraceaeAbove0.50spg","hardwood","Hardwood",0.56,-1.8011,2.3852,0.21103,0.95964,NA,"Check",305.9184716183,323.498344397543,NA
"Acer","ACSA3","NEON.PLA.D05.TREE.00051","TREE_049","TREE","D05",2018-10-10,"Live","single bole tree",NA,130,NA,19.1,25.3,NA,21,"Acer saccharum Marshall",8.2,83,"2018",318,"hard maple/oak/hickory/beech","Acer saccharum Marshall","sugar maple","Aceraceae","tree","saccharum",0.841,"hw4",-2.0127,2.4342,"AceraceaeAbove0.50spg","hardwood","Hardwood",0.56,-1.8011,2.3852,0.21103,0.95964,NA,"Check",347.83354977105,366.872598488547,NA
"Acer","ACSA3","NEON.PLA.D05.TREE.01236","TREE_041","TREE","D05",2015-08-10,"Live","multi-bole tree","Full sun",130,NA,23.7,38.7,NA,43,"Acer saccharum Marshall",10.6,330.2,"2015",318,"hard maple/oak/hickory/beech","Acer saccharum Marshall","sugar maple","Aceraceae","tree","saccharum",0.841,"hw4",-2.0127,2.4342,"AceraceaeAbove0.50spg","hardwood","Hardwood",0.56,-1.8011,2.3852,0.21103,0.95964,NA,"Check",978.817053622856,1011.11464882978,NA
"Acer","ACSA3","NEON.PLA.D05.TREE.01383","TREE_041","TREE","D05",2021-09-20,"Live","single bole tree","Partially shaded",130,NA,20.2,24,NA,59,"Acer saccharum Marshall",10.6,155.1,"2021",318,"hard maple/oak/hickory/beech","Acer saccharum Marshall","sugar maple","Aceraceae","tree","saccharum",0.841,"hw4",-2.0127,2.4342,"AceraceaeAbove0.50spg","hardwood","Hardwood",0.56,-1.8011,2.3852,0.21103,0.95964,NA,"Check",305.9184716183,323.498344397543,NA
"Acer","ACSA3","NEON.PLA.D05.TREE.00098","TREE_056","TREE","D05",2016-09-28,"Live","single bole tree",NA,130,NA,21.1,55.1,NA,23,"Acer saccharum Marshall",3.9,355.9,"2016",318,"hard maple/oak/hickory/beech","Acer saccharum Marshall","sugar maple","Aceraceae","tree","saccharum",0.841,"hw4",-2.0127,2.4342,"AceraceaeAbove0.50spg","hardwood","Hardwood",0.56,-1.8011,2.3852,0.21103,0.95964,NA,"Check",2313.16556316183,2348.48073654318,NA
"Acer","ACSA3","NEON.PLA.D05.TREE.01479","TREE_041","TREE","D05",2021-09-20,"Live","single bole tree","Full sun",140,NA,20.9,27,NA,23,"Acer saccharum Marshall",7.6,339.6,"2021",318,"hard maple/oak/hickory/beech","Acer saccharum Marshall","sugar maple","Aceraceae","tree","saccharum",0.841,"hw4",-2.0127,2.4342,"AceraceaeAbove0.50spg","hardwood","Hardwood",0.56,-1.8011,2.3852,0.21103,0.95964,NA,"Check",407.49395541266,428.431169041645,NA
"Acer","ACSA3","NEON.PLA.D05.TREE.01071","TREE_047","TREE","D05",2018-10-11,"Live","single bole tree",NA,130,NA,19.9,45.3,NA,61,"Acer saccharum Marshall",7.7,192.1,"2018",318,"hard maple/oak/hickory/beech","Acer saccharum Marshall","sugar maple","Aceraceae","tree","saccharum",0.841,"hw4",-2.0127,2.4342,"AceraceaeAbove0.50spg","hardwood","Hardwood",0.56,-1.8011,2.3852,0.21103,0.95964,NA,"Check",1436.05058955779,1472.03331851404,NA
"Acer","ACSA3","NEON.PLA.D05.TREE.00343","TREE_054","TREE","D05",2017-08-30,"Live","single bole tree",NA,130,NA,13.8,23,NA,61,"Acer saccharum Marshall",5.7,265.8,"2017",318,"hard maple/oak/hickory/beech","Acer saccharum Marshall","sugar maple","Aceraceae","tree","saccharum",0.841,"hw4",-2.0127,2.4342,"AceraceaeAbove0.50spg","hardwood","Hardwood",0.56,-1.8011,2.3852,0.21103,0.95964,NA,"Check",275.812150651963,292.270809958485,NA
"Acer","ACSA3","NEON.PLA.D05.TREE.00525","TREE_042","TREE","D05",2017-09-25,"Live","single bole tree",NA,130,NA,10.7,9.1,NA,NA,"Acer saccharum Marshall",NA,NA,"2017",318,"hard maple/oak/hickory/beech","Acer saccharum Marshall","sugar maple","Aceraceae","tree","saccharum",0.841,"hw4",-2.0127,2.4342,"AceraceaeAbove0.50spg","hardwood","Hardwood",0.56,-1.8011,2.3852,0.21103,0.95964,NA,"Check",18.9379282335194,21.1797654730535,NA
"Acer","ACSA3","NEON.PLA.D05.TREE.01384","TREE_041","TREE","D05",2018-10-10,"Live","single bole tree",NA,130,NA,18.5,19.1,NA,41,"Acer saccharum Marshall",11.9,34.6,"2018",318,"hard maple/oak/hickory/beech","Acer saccharum Marshall","sugar maple","Aceraceae","tree","saccharum",0.841,"hw4",-2.0127,2.4342,"AceraceaeAbove0.50spg","hardwood","Hardwood",0.56,-1.8011,2.3852,0.21103,0.95964,NA,"Check",175.463552835106,187.634630440587,NA
"Acer","ACSA3","NEON.PLA.D05.TREE.00573","TREE_042","TREE","D05",2020-10-06,"Live","single bole tree","Full sun",130,NA,21.4,52.7,NA,43,"Acer saccharum Marshall",4.6,208.8,"2020",318,"hard maple/oak/hickory/beech","Acer saccharum Marshall","sugar maple","Aceraceae","tree","saccharum",0.841,"hw4",-2.0127,2.4342,"AceraceaeAbove0.50spg","hardwood","Hardwood",0.56,-1.8011,2.3852,0.21103,0.95964,NA,"Check",2075.51987176271,2111.81022366889,NA
"Acer","ACSA3","NEON.PLA.D05.TREE.00549","TREE_053","TREE","D05",2017-08-30,"Live","single bole tree",NA,130,NA,19.7,28,NA,23,"Acer saccharum Marshall",11.8,58.7,"2017",318,"hard maple/oak/hickory/beech","Acer saccharum Marshall","sugar maple","Aceraceae","tree","saccharum",0.841,"hw4",-2.0127,2.4342,"AceraceaeAbove0.50spg","hardwood","Hardwood",0.56,-1.8011,2.3852,0.21103,0.95964,NA,"Check",445.212732575779,467.254556333132,NA
"Acer","ACSA3","NEON.PLA.D05.TREE.00399","TREE_051","TREE","D05",2018-10-09,"Live","single bole tree",NA,130,NA,15.8,21.3,NA,61,"Acer saccharum Marshall",11.6,229.3,"2018",318,"hard maple/oak/hickory/beech","Acer saccharum Marshall","sugar maple","Aceraceae","tree","saccharum",0.841,"hw4",-2.0127,2.4342,"AceraceaeAbove0.50spg","hardwood","Hardwood",0.56,-1.8011,2.3852,0.21103,0.95964,NA,"Check",228.790046706794,243.356661447306,NA
"Acer","ACSA3","NEON.PLA.D05.TREE.00688","TREE_046","TREE","D05",2016-09-29,"Live","single bole tree",NA,130,NA,17.3,18.4,NA,25,"Acer saccharum Marshall",10.7,331.2,"2016",318,"hard maple/oak/hickory/beech","Acer saccharum Marshall","sugar maple","Aceraceae","tree","saccharum",0.841,"hw4",-2.0127,2.4342,"AceraceaeAbove0.50spg","hardwood","Hardwood",0.56,-1.8011,2.3852,0.21103,0.95964,NA,"Check",160.219377869947,171.646787657958,NA
"Acer","ACSA3","NEON.PLA.D05.TREE.01019","TREE_047","TREE","D05",2015-08-06,"Live, disease damaged","single bole tree","Full sun",130,NA,17.5,23.1,NA,39,"Acer saccharum Marshall",5,30,"2015",318,"hard maple/oak/hickory/beech","Acer saccharum Marshall","sugar maple","Aceraceae","tree","saccharum",0.841,"hw4",-2.0127,2.4342,"AceraceaeAbove0.50spg","hardwood","Hardwood",0.56,-1.8011,2.3852,0.21103,0.95964,NA,"Check",278.740309372215,295.310917613293,NA
"Acer","ACSA3","NEON.PLA.D05.TREE.00516","TREE_042","TREE","D05",2019-10-23,"Live","single bole tree",NA,150,NA,18.4,47.7,NA,25,"Acer saccharum Marshall",9.4,320.3,"2019",318,"hard maple/oak/hickory/beech","Acer saccharum Marshall","sugar maple","Aceraceae","tree","saccharum",0.841,"hw4",-2.0127,2.4342,"AceraceaeAbove0.50spg","hardwood","Hardwood",0.56,-1.8011,2.3852,0.21103,0.95964,NA,"Check",1628.3394118243,1664.92335822249,NA
"Acer","ACSA3","NEON.PLA.D05.TREE.00252","TREE_056","TREE","D05",2018-10-09,"Live","single bole tree",NA,130,NA,17.5,31.8,NA,59,"Acer saccharum Marshall",9.7,173.2,"2018",318,"hard maple/oak/hickory/beech","Acer saccharum Marshall","sugar maple","Aceraceae","tree","saccharum",0.841,"hw4",-2.0127,2.4342,"AceraceaeAbove0.50spg","hardwood","Hardwood",0.56,-1.8011,2.3852,0.21103,0.95964,NA,"Check",606.88107093587,632.967447073664,NA
"Acer","ACSA3","NEON.PLA.D05.TREE.00252","TREE_056","TREE","D05",2016-09-28,"Live","single bole tree",NA,130,NA,20.4,31.7,NA,59,"Acer saccharum Marshall",9.7,173.2,"2016",318,"hard maple/oak/hickory/beech","Acer saccharum Marshall","sugar maple","Aceraceae","tree","saccharum",0.841,"hw4",-2.0127,2.4342,"AceraceaeAbove0.50spg","hardwood","Hardwood",0.56,-1.8011,2.3852,0.21103,0.95964,NA,"Check",602.246039081618,628.23012928128,NA
"Acer","ACSA3","NEON.PLA.D05.TREE.00252","TREE_056","TREE","D05",2017-08-28,"Live","single bole tree",NA,130,NA,18.5,31.7,NA,59,"Acer saccharum Marshall",9.7,173.2,"2017",318,"hard maple/oak/hickory/beech","Acer saccharum Marshall","sugar maple","Aceraceae","tree","saccharum",0.841,"hw4",-2.0127,2.4342,"AceraceaeAbove0.50spg","hardwood","Hardwood",0.56,-1.8011,2.3852,0.21103,0.95964,NA,"Check",602.246039081618,628.23012928128,NA
"Acer","ACSA3","NEON.PLA.D05.TREE.00565","TREE_042","TREE","D05",2018-10-10,"Live","single bole tree",NA,130,NA,15.1,12.7,NA,61,"Acer saccharum Marshall",8.9,254.9,"2018",318,"hard maple/oak/hickory/beech","Acer saccharum Marshall","sugar maple","Aceraceae","tree","saccharum",0.841,"hw4",-2.0127,2.4342,"AceraceaeAbove0.50spg","hardwood","Hardwood",0.56,-1.8011,2.3852,0.21103,0.95964,NA,"Check",64.9792229900794,70.8899783746337,NA
"Acer","ACSA3","NEON.PLA.D05.TREE.01301","TREE_041","TREE","D05",2015-08-10,"Live","small tree","Mostly shaded",120,NA,5.9,6.8,NA,NA,"Acer saccharum Marshall",NA,NA,"2015",318,"hard maple/oak/hickory/beech","Acer saccharum Marshall","sugar maple","Aceraceae","tree","saccharum",0.841,"hw4",-2.0127,2.4342,"AceraceaeAbove0.50spg","hardwood","Hardwood",0.56,-1.8011,2.3852,0.21103,0.95964,NA,"Check",9.31809437119529,10.5709952190487,NA
"Acer","ACSA3","NEON.PLA.D05.TREE.00682","TREE_046","TREE","D05",2017-09-25,"Live","small tree",NA,150,NA,6.2,4.5,NA,NA,"Acer saccharum Marshall",NA,NA,"2017",318,"hard maple/oak/hickory/beech","Acer saccharum Marshall","sugar maple","Aceraceae","tree","saccharum",0.841,"hw4",-2.0127,2.4342,"AceraceaeAbove0.50spg","hardwood","Hardwood",0.56,-1.8011,2.3852,0.21103,0.95964,NA,"Check",3.41101642197202,3.94873605934139,NA
"Acer","ACSA3","NEON.PLA.D05.TREE.00512","TREE_042","TREE","D05",2021-10-04,"Live","single bole tree","Partially shaded",130,NA,23.7,41.9,NA,43,"Acer saccharum Marshall",6.2,301.4,"2021",318,"hard maple/oak/hickory/beech","Acer saccharum Marshall","sugar maple","Aceraceae","tree","saccharum",0.841,"hw4",-2.0127,2.4342,"AceraceaeAbove0.50spg","hardwood","Hardwood",0.56,-1.8011,2.3852,0.21103,0.95964,NA,"Check",1187.6510881103,1222.07285128276,NA
"Acer","ACSA3","NEON.PLA.D05.TREE.00743","TREE_051","TREE","D05",2018-10-09,"Live","small tree",NA,130,NA,9.8,7.2,NA,NA,"Acer saccharum Marshall",NA,NA,"2018",318,"hard maple/oak/hickory/beech","Acer saccharum Marshall","sugar maple","Aceraceae","tree","saccharum",0.841,"hw4",-2.0127,2.4342,"AceraceaeAbove0.50spg","hardwood","Hardwood",0.56,-1.8011,2.3852,0.21103,0.95964,NA,"Check",10.7090925554156,12.1150465815194,NA
"Acer","ACSA3","NEON.PLA.D05.TREE.00592","TREE_046","TREE","D05",2022-09-19,"Live,  other damage","small tree","Mostly shaded",130,NA,6.9,6.8,NA,NA,"Acer saccharum Marshall",NA,NA,"2022",318,"hard maple/oak/hickory/beech","Acer saccharum Marshall","sugar maple","Aceraceae","tree","saccharum",0.841,"hw4",-2.0127,2.4342,"AceraceaeAbove0.50spg","hardwood","Hardwood",0.56,-1.8011,2.3852,0.21103,0.95964,NA,"Check",9.31809437119529,10.5709952190487,NA
"Acer","ACSA3","NEON.PLA.D05.TREE.01477","TREE_041","TREE","D05",2021-09-20,"Live","single bole tree","Partially shaded",130,NA,26,40.4,NA,39,"Acer saccharum Marshall",3.7,103.9,"2021",318,"hard maple/oak/hickory/beech","Acer saccharum Marshall","sugar maple","Aceraceae","tree","saccharum",0.841,"hw4",-2.0127,2.4342,"AceraceaeAbove0.50spg","hardwood","Hardwood",0.56,-1.8011,2.3852,0.21103,0.95964,NA,"Check",1086.7984621951,1120.29665875377,NA
"Acer","ACSA3","NEON.PLA.D05.TREE.01036","TREE_041","TREE","D05",2015-08-10,"Live, disease damaged","small tree","Partially shaded",130,NA,7.4,7.9,NA,NA,"Acer saccharum Marshall",NA,NA,"2015",318,"hard maple/oak/hickory/beech","Acer saccharum Marshall","sugar maple","Aceraceae","tree","saccharum",0.841,"hw4",-2.0127,2.4342,"AceraceaeAbove0.50spg","hardwood","Hardwood",0.56,-1.8011,2.3852,0.21103,0.95964,NA,"Check",13.4226348216678,15.1159607641599,NA
"Acer","ACSA3","NEON.PLA.D05.TREE.00634","TREE_042","TREE","D05",2019-10-23,"Live","single bole tree",NA,140,NA,18.6,48.6,NA,61,"Acer saccharum Marshall",8.4,182.7,"2019",318,"hard maple/oak/hickory/beech","Acer saccharum Marshall","sugar maple","Aceraceae","tree","saccharum",0.841,"hw4",-2.0127,2.4342,"AceraceaeAbove0.50spg","hardwood","Hardwood",0.56,-1.8011,2.3852,0.21103,0.95964,NA,"Check",1704.14091221568,1740.83270864489,NA
"Acer","ACSA3","NEON.PLA.D05.TREE.00560","TREE_042","TREE","D05",2019-10-23,"Live","single bole tree",NA,130,NA,19.7,36.2,NA,25,"Acer saccharum Marshall",5.9,337.6,"2019",318,"hard maple/oak/hickory/beech","Acer saccharum Marshall","sugar maple","Aceraceae","tree","saccharum",0.841,"hw4",-2.0127,2.4342,"AceraceaeAbove0.50spg","hardwood","Hardwood",0.56,-1.8011,2.3852,0.21103,0.95964,NA,"Check",831.962782343278,862.231512196265,NA
"Acer","ACSA3","NEON.PLA.D05.TREE.00519","TREE_053","TREE","D05",2016-09-27,"Live","small tree",NA,130,NA,10.9,9.3,NA,NA,"Acer saccharum Marshall",NA,NA,"2016",318,"hard maple/oak/hickory/beech","Acer saccharum Marshall","sugar maple","Aceraceae","tree","saccharum",0.841,"hw4",-2.0127,2.4342,"AceraceaeAbove0.50spg","hardwood","Hardwood",0.56,-1.8011,2.3852,0.21103,0.95964,NA,"Check",19.9671050400866,22.3069989436384,NA
"Acer","ACSA3","NEON.PLA.D05.TREE.00585","TREE_046","TREE","D05",2021-09-21,"Live","single bole tree","Full shade",130,NA,10.9,11.1,NA,25,"Acer saccharum Marshall",4.8,272.8,"2021",318,"hard maple/oak/hickory/beech","Acer saccharum Marshall","sugar maple","Aceraceae","tree","saccharum",0.841,"hw4",-2.0127,2.4342,"AceraceaeAbove0.50spg","hardwood","Hardwood",0.56,-1.8011,2.3852,0.21103,0.95964,NA,"Check",46.8188445250131,51.4157976420253,NA
"Acer","ACSA3","NEON.PLA.D05.TREE.01225","TREE_047","TREE","D05",2018-08-28,"Live","single bole tree",NA,130,NA,21.7,42.6,NA,59,"Acer saccharum Marshall",9.1,269.3,"2018",318,"hard maple/oak/hickory/beech","Acer saccharum Marshall","sugar maple","Aceraceae","tree","saccharum",0.841,"hw4",-2.0127,2.4342,"AceraceaeAbove0.50spg","hardwood","Hardwood",0.56,-1.8011,2.3852,0.21103,0.95964,NA,"Check",1236.52910305327,1271.33494464771,NA
"Acer","ACSA3","NEON.PLA.D05.TREE.01359","TREE_041","TREE","D05",2015-08-10,"Live","single bole tree","Partially shaded",130,NA,15.3,20.2,NA,41,"Acer saccharum Marshall",3.5,45.6,"2015",318,"hard maple/oak/hickory/beech","Acer saccharum Marshall","sugar maple","Aceraceae","tree","saccharum",0.841,"hw4",-2.0127,2.4342,"AceraceaeAbove0.50spg","hardwood","Hardwood",0.56,-1.8011,2.3852,0.21103,0.95964,NA,"Check",201.085983591102,214.445182878565,NA
"Acer","ACSA3","NEON.PLA.D05.TREE.00545","TREE_046","TREE","D05",2021-09-21,"Live","single bole tree","Full sun",130,NA,21.4,44.3,NA,59,"Acer saccharum Marshall",6.5,253.8,"2021",318,"hard maple/oak/hickory/beech","Acer saccharum Marshall","sugar maple","Aceraceae","tree","saccharum",0.841,"hw4",-2.0127,2.4342,"AceraceaeAbove0.50spg","hardwood","Hardwood",0.56,-1.8011,2.3852,0.21103,0.95964,NA,"Check",1360.10189793798,1395.70738493016,NA
"Acer","ACSA3","NEON.PLA.D05.TREE.00340","TREE_054","TREE","D05",2015-07-30,"Live","single bole tree","Full sun",130,NA,13.9,24.3,NA,21,"Acer saccharum Marshall",9.7,49.1,"2015",318,"hard maple/oak/hickory/beech","Acer saccharum Marshall","sugar maple","Aceraceae","tree","saccharum",0.841,"hw4",-2.0127,2.4342,"AceraceaeAbove0.50spg","hardwood","Hardwood",0.56,-1.8011,2.3852,0.21103,0.95964,NA,"Check",315.310394181632,333.227083781201,NA
"Acer","ACSA3","NEON.PLA.D05.TREE.00396","TREE_051","TREE","D05",2016-09-28,"Live","single bole tree",NA,130,NA,18.8,24.5,NA,59,"Acer saccharum Marshall",9,117.7,"2016",318,"hard maple/oak/hickory/beech","Acer saccharum Marshall","sugar maple","Aceraceae","tree","saccharum",0.841,"hw4",-2.0127,2.4342,"AceraceaeAbove0.50spg","hardwood","Hardwood",0.56,-1.8011,2.3852,0.21103,0.95964,NA,"Check",321.66482997808,339.806086125333,NA
"Acer","ACSA3","NEON.PLA.D05.TREE.00396","TREE_051","TREE","D05",2018-10-09,"Live","single bole tree",NA,130,NA,15.4,24.3,NA,59,"Acer saccharum Marshall",9,117.7,"2018",318,"hard maple/oak/hickory/beech","Acer saccharum Marshall","sugar maple","Aceraceae","tree","saccharum",0.841,"hw4",-2.0127,2.4342,"AceraceaeAbove0.50spg","hardwood","Hardwood",0.56,-1.8011,2.3852,0.21103,0.95964,NA,"Check",315.310394181632,333.227083781201,NA
"Acer","ACSA3","NEON.PLA.D05.TREE.01360","TREE_041","TREE","D05",2015-08-10,"Standing dead","single bole tree","Full sun",130,NA,21.1,29.7,NA,41,"Acer saccharum Marshall",8.7,1.5,"2015",318,"hard maple/oak/hickory/beech","Acer saccharum Marshall","sugar maple","Aceraceae","tree","saccharum",0.841,"hw4",-2.0127,2.4342,"AceraceaeAbove0.50spg","hardwood","Hardwood",0.56,-1.8011,2.3852,0.21103,0.95964,NA,"Check",513.900742539396,537.787732829428,NA
"Acer","ACSA3","NEON.PLA.D05.TREE.00646","TREE_053","TREE","D05",2018-10-09,"Live","single bole tree",NA,130,NA,22,35.1,NA,41,"Acer saccharum Marshall",5.3,91.5,"2018",318,"hard maple/oak/hickory/beech","Acer saccharum Marshall","sugar maple","Aceraceae","tree","saccharum",0.841,"hw4",-2.0127,2.4342,"AceraceaeAbove0.50spg","hardwood","Hardwood",0.56,-1.8011,2.3852,0.21103,0.95964,NA,"Check",771.75966886271,801.048373316355,NA
"Acer","ACSA3","NEON.PLA.D05.TREE.00513","TREE_042","TREE","D05",2017-09-25,"Live","single bole tree",NA,130,NA,12,10.2,NA,59,"Acer saccharum Marshall",4.2,138.5,"2017",318,"hard maple/oak/hickory/beech","Acer saccharum Marshall","sugar maple","Aceraceae","tree","saccharum",0.841,"hw4",-2.0127,2.4342,"AceraceaeAbove0.50spg","hardwood","Hardwood",0.56,-1.8011,2.3852,0.21103,0.95964,NA,"Check",38.1092177562497,42.0247693313574,NA
"Acer","ACSA3","NEON.PLA.D05.TREE.01208","TREE_047","TREE","D05",2018-10-11,"Live","single bole tree",NA,130,NA,18.1,29.9,NA,41,"Acer saccharum Marshall",5.3,72.5,"2018",318,"hard maple/oak/hickory/beech","Acer saccharum Marshall","sugar maple","Aceraceae","tree","saccharum",0.841,"hw4",-2.0127,2.4342,"AceraceaeAbove0.50spg","hardwood","Hardwood",0.56,-1.8011,2.3852,0.21103,0.95964,NA,"Check",522.365279847923,546.465975873807,NA
"Acer","ACSA3","NEON.PLA.D05.TREE.01478A","TREE_041","TREE","D05",2019-10-23,"Live","multi-bole tree",NA,130,NA,23.9,26.7,NA,39,"Acer saccharum Marshall",8,124.8,"2019",318,"hard maple/oak/hickory/beech","Acer saccharum Marshall","sugar maple","Aceraceae","tree","saccharum",0.841,"hw4",-2.0127,2.4342,"AceraceaeAbove0.50spg","hardwood","Hardwood",0.56,-1.8011,2.3852,0.21103,0.95964,NA,"Check",396.560276481515,417.16404436656,NA
"Acer","ACSA3","NEON.PLA.D05.TREE.01208","TREE_047","TREE","D05",2016-10-19,"Live","single bole tree",NA,130,NA,17.5,29.3,NA,41,"Acer saccharum Marshall",5.3,72.5,"2016",318,"hard maple/oak/hickory/beech","Acer saccharum Marshall","sugar maple","Aceraceae","tree","saccharum",0.841,"hw4",-2.0127,2.4342,"AceraceaeAbove0.50spg","hardwood","Hardwood",0.56,-1.8011,2.3852,0.21103,0.95964,NA,"Check",497.215498893679,520.672759276331,NA
"Acer","ACSA3","NEON.PLA.D05.TREE.00610","TREE_046","TREE","D05",2021-09-21,"Live","single bole tree","Partially shaded",130,NA,20.5,30.5,NA,41,"Acer saccharum Marshall",5.2,126.5,"2021",318,"hard maple/oak/hickory/beech","Acer saccharum Marshall","sugar maple","Aceraceae","tree","saccharum",0.841,"hw4",-2.0127,2.4342,"AceraceaeAbove0.50spg","hardwood","Hardwood",0.56,-1.8011,2.3852,0.21103,0.95964,NA,"Check",548.249400189421,572.98623042529,NA
"Acer","ACSA3","NEON.PLA.D05.TREE.00514","TREE_042","TREE","D05",2018-10-10,"Live","small tree",NA,130,NA,5,5.7,NA,NA,"Acer saccharum Marshall",NA,NA,"2018",318,"hard maple/oak/hickory/beech","Acer saccharum Marshall","sugar maple","Aceraceae","tree","saccharum",0.841,"hw4",-2.0127,2.4342,"AceraceaeAbove0.50spg","hardwood","Hardwood",0.56,-1.8011,2.3852,0.21103,0.95964,NA,"Check",6.06435313558522,6.93950229249957,NA
"Acer","ACSA3","NEON.PLA.D05.TREE.00501","TREE_042","TREE","D05",2015-07-27,"Live","single bole tree","Partially shaded",130,NA,18.9,32.3,NA,43,"Acer saccharum Marshall",10,201.2,"2015",318,"hard maple/oak/hickory/beech","Acer saccharum Marshall","sugar maple","Aceraceae","tree","saccharum",0.841,"hw4",-2.0127,2.4342,"AceraceaeAbove0.50spg","hardwood","Hardwood",0.56,-1.8011,2.3852,0.21103,0.95964,NA,"Check",630.371073674637,656.964745706132,NA
"Acer","ACSA3","NEON.PLA.D05.TREE.00257","TREE_051","TREE","D05",2018-10-09,"Live","single bole tree",NA,130,NA,14.1,15.5,NA,41,"Acer saccharum Marshall",4.7,338.5,"2018",318,"hard maple/oak/hickory/beech","Acer saccharum Marshall","sugar maple","Aceraceae","tree","saccharum",0.841,"hw4",-2.0127,2.4342,"AceraceaeAbove0.50spg","hardwood","Hardwood",0.56,-1.8011,2.3852,0.21103,0.95964,NA,"Check",105.536069580076,114.017463478061,NA
"Acer","ACSA3","NEON.PLA.D05.TREE.00350","TREE_054","TREE","D05",2022-09-07,"Live","single bole tree","Full sun",130,NA,20.8,31.4,NA,59,"Acer saccharum Marshall",7.8,112.7,"2022",318,"hard maple/oak/hickory/beech","Acer saccharum Marshall","sugar maple","Aceraceae","tree","saccharum",0.841,"hw4",-2.0127,2.4342,"AceraceaeAbove0.50spg","hardwood","Hardwood",0.56,-1.8011,2.3852,0.21103,0.95964,NA,"Check",588.466365968363,614.142008851252,NA
"Acer","ACSA3","NEON.PLA.D05.TREE.00159","TREE_055","TREE","D05",2015-07-29,"Live","single bole tree","Partially shaded",130,NA,20.1,39.4,NA,59,"Acer saccharum Marshall",6.9,194.9,"2015",318,"hard maple/oak/hickory/beech","Acer saccharum Marshall","sugar maple","Aceraceae","tree","saccharum",0.841,"hw4",-2.0127,2.4342,"AceraceaeAbove0.50spg","hardwood","Hardwood",0.56,-1.8011,2.3852,0.21103,0.95964,NA,"Check",1022.47429685095,1055.28507749971,NA
"Acer","ACSA3","NEON.PLA.D05.TREE.00501","TREE_042","TREE","D05",2018-10-10,"Live","single bole tree",NA,130,NA,18.2,32.4,NA,43,"Acer saccharum Marshall",10,201.2,"2018",318,"hard maple/oak/hickory/beech","Acer saccharum Marshall","sugar maple","Aceraceae","tree","saccharum",0.841,"hw4",-2.0127,2.4342,"AceraceaeAbove0.50spg","hardwood","Hardwood",0.56,-1.8011,2.3852,0.21103,0.95964,NA,"Check",635.132242283819,661.826521882481,NA
"Acer","ACSA3","NEON.PLA.D05.TREE.01236A","TREE_041","TREE","D05",2021-09-20,"Live","multi-bole tree",NA,130,NA,NA,39.3,NA,43,"Acer saccharum Marshall",10.6,330.2,"2021",318,"hard maple/oak/hickory/beech","Acer saccharum Marshall","sugar maple","Aceraceae","tree","saccharum",0.841,"hw4",-2.0127,2.4342,"AceraceaeAbove0.50spg","hardwood","Hardwood",0.56,-1.8011,2.3852,0.21103,0.95964,NA,"Check",1016.16876725431,1048.90781166318,NA
"Acer","ACSA3","NEON.PLA.D05.TREE.00501","TREE_042","TREE","D05",2017-09-25,"Live","single bole tree",NA,130,NA,20.2,32,NA,43,"Acer saccharum Marshall",10,201.2,"2017",318,"hard maple/oak/hickory/beech","Acer saccharum Marshall","sugar maple","Aceraceae","tree","saccharum",0.841,"hw4",-2.0127,2.4342,"AceraceaeAbove0.50spg","hardwood","Hardwood",0.56,-1.8011,2.3852,0.21103,0.95964,NA,"Check",616.214017743563,642.504149656533,NA
"Acer","ACSA3","NEON.PLA.D05.TREE.00523","TREE_042","TREE","D05",2016-09-28,"Live","single bole tree",NA,130,NA,22.2,41.8,NA,61,"Acer saccharum Marshall",9.7,252.8,"2016",318,"hard maple/oak/hickory/beech","Acer saccharum Marshall","sugar maple","Aceraceae","tree","saccharum",0.841,"hw4",-2.0127,2.4342,"AceraceaeAbove0.50spg","hardwood","Hardwood",0.56,-1.8011,2.3852,0.21103,0.95964,NA,"Check",1180.76317831735,1215.12757352498,NA
"Acer","ACSA3","NEON.PLA.D05.TREE.00662","TREE_042","TREE","D05",2016-09-28,"Live","single bole tree",NA,130,NA,17.2,18.4,NA,43,"Acer saccharum Marshall",9.1,242.4,"2016",318,"hard maple/oak/hickory/beech","Acer saccharum Marshall","sugar maple","Aceraceae","tree","saccharum",0.841,"hw4",-2.0127,2.4342,"AceraceaeAbove0.50spg","hardwood","Hardwood",0.56,-1.8011,2.3852,0.21103,0.95964,NA,"Check",160.219377869947,171.646787657958,NA
"Acer","ACSA3","NEON.PLA.D05.TREE.01384","TREE_041","TREE","D05",2022-09-07,"Live","single bole tree","Partially shaded",130,NA,20.9,20.2,NA,41,"Acer saccharum Marshall",11.9,34.6,"2022",318,"hard maple/oak/hickory/beech","Acer saccharum Marshall","sugar maple","Aceraceae","tree","saccharum",0.841,"hw4",-2.0127,2.4342,"AceraceaeAbove0.50spg","hardwood","Hardwood",0.56,-1.8011,2.3852,0.21103,0.95964,NA,"Check",201.085983591102,214.445182878565,NA
"Acer","ACSA3","NEON.PLA.D05.TREE.01470","TREE_041","TREE","D05",2022-09-06,"Dead, broken bole","single bole tree","Full shade",130,NA,5.7,20.2,NA,23,"Acer saccharum Marshall",5.3,304,"2022",318,"hard maple/oak/hickory/beech","Acer saccharum Marshall","sugar maple","Aceraceae","tree","saccharum",0.841,"hw4",-2.0127,2.4342,"AceraceaeAbove0.50spg","hardwood","Hardwood",0.56,-1.8011,2.3852,0.21103,0.95964,NA,"Check",201.085983591102,214.445182878565,NA
"Acer","ACSA3","NEON.PLA.D05.TREE.01283","TREE_047","TREE","D05",2015-08-06,"Live","single bole tree","Full sun",130,NA,19.8,39.6,NA,41,"Acer saccharum Marshall",11.1,54.9,"2015",318,"hard maple/oak/hickory/beech","Acer saccharum Marshall","sugar maple","Aceraceae","tree","saccharum",0.841,"hw4",-2.0127,2.4342,"AceraceaeAbove0.50spg","hardwood","Hardwood",0.56,-1.8011,2.3852,0.21103,0.95964,NA,"Check",1035.15436516929,1068.10701186361,NA
"Acer","ACSA3","NEON.PLA.D05.TREE.00203","TREE_054","TREE","D05",2016-10-18,"Live","single bole tree",NA,130,NA,19.9,35.1,NA,43,"Acer saccharum Marshall",9.3,339.9,"2016",318,"hard maple/oak/hickory/beech","Acer saccharum Marshall","sugar maple","Aceraceae","tree","saccharum",0.841,"hw4",-2.0127,2.4342,"AceraceaeAbove0.50spg","hardwood","Hardwood",0.56,-1.8011,2.3852,0.21103,0.95964,NA,"Check",771.75966886271,801.048373316355,NA
"Acer","ACSA3","NEON.PLA.D05.TREE.00517","TREE_053","TREE","D05",2018-10-09,"Live","single bole tree",NA,130,NA,18,19.6,NA,43,"Acer saccharum Marshall",6.4,329.1,"2018",318,"hard maple/oak/hickory/beech","Acer saccharum Marshall","sugar maple","Aceraceae","tree","saccharum",0.841,"hw4",-2.0127,2.4342,"AceraceaeAbove0.50spg","hardwood","Hardwood",0.56,-1.8011,2.3852,0.21103,0.95964,NA,"Check",186.855215841316,199.563627713359,NA
"Acer","ACSA3","NEON.PLA.D05.TREE.00517","TREE_053","TREE","D05",2015-07-27,"Live","single bole tree","Partially shaded",130,NA,14,19.2,NA,43,"Acer saccharum Marshall",6.4,329.1,"2015",318,"hard maple/oak/hickory/beech","Acer saccharum Marshall","sugar maple","Aceraceae","tree","saccharum",0.841,"hw4",-2.0127,2.4342,"AceraceaeAbove0.50spg","hardwood","Hardwood",0.56,-1.8011,2.3852,0.21103,0.95964,NA,"Check",177.708150586367,189.986306317738,NA
"Acer","ACSA3","NEON.PLA.D05.TREE.00152","TREE_055","TREE","D05",2016-09-27,"Live","small tree",NA,130,NA,5.9,5.9,NA,NA,"Acer saccharum Marshall",NA,NA,"2016",318,"hard maple/oak/hickory/beech","Acer saccharum Marshall","sugar maple","Aceraceae","tree","saccharum",0.841,"hw4",-2.0127,2.4342,"AceraceaeAbove0.50spg","hardwood","Hardwood",0.56,-1.8011,2.3852,0.21103,0.95964,NA,"Check",6.59541117827534,7.53445487192896,NA
"Acer","ACSA3","NEON.PLA.D05.TREE.00592","TREE_046","TREE","D05",2017-09-25,"Live","single bole tree",NA,130,NA,6.2,6.7,NA,NA,"Acer saccharum Marshall",NA,NA,"2017",318,"hard maple/oak/hickory/beech","Acer saccharum Marshall","sugar maple","Aceraceae","tree","saccharum",0.841,"hw4",-2.0127,2.4342,"AceraceaeAbove0.50spg","hardwood","Hardwood",0.56,-1.8011,2.3852,0.21103,0.95964,NA,"Check",8.98804408660884,10.2039715066111,NA
"Acer","ACSA3","NEON.PLA.D05.TREE.00495","TREE_051","TREE","D05",2017-09-26,"Live","single bole tree",NA,130,NA,12.9,15.1,NA,59,"Acer saccharum Marshall",11,144.8,"2017",318,"hard maple/oak/hickory/beech","Acer saccharum Marshall","sugar maple","Aceraceae","tree","saccharum",0.841,"hw4",-2.0127,2.4342,"AceraceaeAbove0.50spg","hardwood","Hardwood",0.56,-1.8011,2.3852,0.21103,0.95964,NA,"Check",99.0287235982339,107.124306479667,NA
"Acer","ACSA3","NEON.PLA.D05.TREE.00625","TREE_046","TREE","D05",2021-09-21,"Live","single bole tree","Full shade",130,NA,16.9,18.4,NA,41,"Acer saccharum Marshall",10,338.9,"2021",318,"hard maple/oak/hickory/beech","Acer saccharum Marshall","sugar maple","Aceraceae","tree","saccharum",0.841,"hw4",-2.0127,2.4342,"AceraceaeAbove0.50spg","hardwood","Hardwood",0.56,-1.8011,2.3852,0.21103,0.95964,NA,"Check",160.219377869947,171.646787657958,NA
"Acer","ACSA3","NEON.PLA.D05.TREE.00592","TREE_046","TREE","D05",2021-09-21,"Live,  other damage","small tree","Mostly shaded",130,NA,6.8,6.8,NA,NA,"Acer saccharum Marshall",NA,NA,"2021",318,"hard maple/oak/hickory/beech","Acer saccharum Marshall","sugar maple","Aceraceae","tree","saccharum",0.841,"hw4",-2.0127,2.4342,"AceraceaeAbove0.50spg","hardwood","Hardwood",0.56,-1.8011,2.3852,0.21103,0.95964,NA,"Check",9.31809437119529,10.5709952190487,NA
"Acer","ACSA3","NEON.PLA.D05.TREE.00565","TREE_042","TREE","D05",2019-10-23,"Live","single bole tree",NA,130,NA,13.4,13.4,NA,61,"Acer saccharum Marshall",8.9,254.9,"2019",318,"hard maple/oak/hickory/beech","Acer saccharum Marshall","sugar maple","Aceraceae","tree","saccharum",0.841,"hw4",-2.0127,2.4342,"AceraceaeAbove0.50spg","hardwood","Hardwood",0.56,-1.8011,2.3852,0.21103,0.95964,NA,"Check",74.0447031678835,80.5679982829085,NA
"Acer","ACSA3","NEON.PLA.D05.TREE.00592","TREE_046","TREE","D05",2018-10-10,"Live","small tree",NA,130,NA,6.7,6.7,NA,NA,"Acer saccharum Marshall",NA,NA,"2018",318,"hard maple/oak/hickory/beech","Acer saccharum Marshall","sugar maple","Aceraceae","tree","saccharum",0.841,"hw4",-2.0127,2.4342,"AceraceaeAbove0.50spg","hardwood","Hardwood",0.56,-1.8011,2.3852,0.21103,0.95964,NA,"Check",8.98804408660884,10.2039715066111,NA
"Acer","ACSA3","NEON.PLA.D05.TREE.00495","TREE_051","TREE","D05",2015-08-03,"Live","single bole tree","Partially shaded",130,NA,13.7,14.8,NA,59,"Acer saccharum Marshall",11,144.8,"2015",318,"hard maple/oak/hickory/beech","Acer saccharum Marshall","sugar maple","Aceraceae","tree","saccharum",0.841,"hw4",-2.0127,2.4342,"AceraceaeAbove0.50spg","hardwood","Hardwood",0.56,-1.8011,2.3852,0.21103,0.95964,NA,"Check",94.3075720084885,102.117565406473,NA
"Acer","ACSA3","NEON.PLA.D05.TREE.00504","TREE_042","TREE","D05",2018-10-10,"Live","single bole tree",NA,130,NA,21.9,27.1,NA,41,"Acer saccharum Marshall",6.7,59.5,"2018",318,"hard maple/oak/hickory/beech","Acer saccharum Marshall","sugar maple","Aceraceae","tree","saccharum",0.841,"hw4",-2.0127,2.4342,"AceraceaeAbove0.50spg","hardwood","Hardwood",0.56,-1.8011,2.3852,0.21103,0.95964,NA,"Check",411.177502333111,432.225675033119,NA
"Acer","ACSA3","NEON.PLA.D05.TREE.02095","TREE_003","TREE","D05",2019-10-08,"Live, broken bole","single bole tree","Mostly shaded",150,NA,10.8,24.5,NA,51,"Acer saccharum Marshall",8,190.8,"2019",318,"hard maple/oak/hickory/beech","Acer saccharum Marshall","sugar maple","Aceraceae","tree","saccharum",0.841,"hw4",-2.0127,2.4342,"AceraceaeAbove0.50spg","hardwood","Hardwood",0.56,-1.8011,2.3852,0.21103,0.95964,NA,"Check",321.66482997808,339.806086125333,NA
"Acer","ACSA3","NEON.PLA.D05.TREE.00348","TREE_054","TREE","D05",2015-07-30,"Live, disease damaged","single bole tree","Mostly shaded",140,NA,9.3,12.2,NA,59,"Acer saccharum Marshall",8.8,121.5,"2015",318,"hard maple/oak/hickory/beech","Acer saccharum Marshall","sugar maple","Aceraceae","tree","saccharum",0.841,"hw4",-2.0127,2.4342,"AceraceaeAbove0.50spg","hardwood","Hardwood",0.56,-1.8011,2.3852,0.21103,0.95964,NA,"Check",58.9267645297337,64.4136155332911,NA
"Acer","ACSA3","NEON.PLA.D05.TREE.01453","TREE_041","TREE","D05",2020-09-28,"Live, physically damaged","single bole tree","Partially shaded",130,NA,22,24.4,NA,41,"Acer saccharum Marshall",9.4,233.6,"2020",318,"hard maple/oak/hickory/beech","Acer saccharum Marshall","sugar maple","Aceraceae","tree","saccharum",0.841,"hw4",-2.0127,2.4342,"AceraceaeAbove0.50spg","hardwood","Hardwood",0.56,-1.8011,2.3852,0.21103,0.95964,NA,"Check",318.478274464284,336.507247640343,NA
"Acer","ACSA3","NEON.PLA.D05.TREE.02094","TREE_003","TREE","D05",2018-04-25,"Live","single bole tree","Mostly shaded",130,NA,20.4,26.1,NA,51,"Acer saccharum Marshall",12.1,223.8,"2018",318,"hard maple/oak/hickory/beech","Acer saccharum Marshall","sugar maple","Aceraceae","tree","saccharum",0.841,"hw4",-2.0127,2.4342,"AceraceaeAbove0.50spg","hardwood","Hardwood",0.56,-1.8011,2.3852,0.21103,0.95964,NA,"Check",375.216405981196,395.151055876078,NA
"Acer","ACSA3","NEON.PLA.D05.TREE.00512","TREE_042","TREE","D05",2017-09-25,"Live","single bole tree",NA,130,NA,22.9,41.3,NA,43,"Acer saccharum Marshall",6.2,301.4,"2017",318,"hard maple/oak/hickory/beech","Acer saccharum Marshall","sugar maple","Aceraceae","tree","saccharum",0.841,"hw4",-2.0127,2.4342,"AceraceaeAbove0.50spg","hardwood","Hardwood",0.56,-1.8011,2.3852,0.21103,0.95964,NA,"Check",1146.67702767276,1180.74542595461,NA
"Acer","ACSA3","NEON.PLA.D05.TREE.01092","TREE_047","TREE","D05",2018-08-28,"Live","single bole tree",NA,130,NA,21.5,35.5,NA,59,"Acer saccharum Marshall",10.3,207.2,"2018",318,"hard maple/oak/hickory/beech","Acer saccharum Marshall","sugar maple","Aceraceae","tree","saccharum",0.841,"hw4",-2.0127,2.4342,"AceraceaeAbove0.50spg","hardwood","Hardwood",0.56,-1.8011,2.3852,0.21103,0.95964,NA,"Check",793.343656077341,822.994392895654,NA
"Acer","ACSA3","NEON.PLA.D05.TREE.01092","TREE_047","TREE","D05",2015-08-06,"Live","single bole tree","Full sun",130,NA,19,35.1,NA,59,"Acer saccharum Marshall",10.3,207.2,"2015",318,"hard maple/oak/hickory/beech","Acer saccharum Marshall","sugar maple","Aceraceae","tree","saccharum",0.841,"hw4",-2.0127,2.4342,"AceraceaeAbove0.50spg","hardwood","Hardwood",0.56,-1.8011,2.3852,0.21103,0.95964,NA,"Check",771.75966886271,801.048373316355,NA
"Acer","ACSA3","NEON.PLA.D05.TREE.00514","TREE_042","TREE","D05",2019-10-23,"Live","small tree",NA,130,NA,4.7,5.7,NA,NA,"Acer saccharum Marshall",NA,NA,"2019",318,"hard maple/oak/hickory/beech","Acer saccharum Marshall","sugar maple","Aceraceae","tree","saccharum",0.841,"hw4",-2.0127,2.4342,"AceraceaeAbove0.50spg","hardwood","Hardwood",0.56,-1.8011,2.3852,0.21103,0.95964,NA,"Check",6.06435313558522,6.93950229249957,NA
"Acer","ACSA3","NEON.PLA.D05.TREE.00662","TREE_042","TREE","D05",2017-09-25,"Live","single bole tree",NA,150,NA,19.4,18.3,NA,43,"Acer saccharum Marshall",9.1,242.4,"2017",318,"hard maple/oak/hickory/beech","Acer saccharum Marshall","sugar maple","Aceraceae","tree","saccharum",0.841,"hw4",-2.0127,2.4342,"AceraceaeAbove0.50spg","hardwood","Hardwood",0.56,-1.8011,2.3852,0.21103,0.95964,NA,"Check",158.108034160774,169.430092471183,NA
"Acer","ACSA3","NEON.PLA.D05.TREE.00586","TREE_046","TREE","D05",2015-07-28,"Standing dead","small tree","Mostly shaded",130,NA,7.4,6.8,NA,NA,"Acer saccharum Marshall",NA,NA,"2015",318,"hard maple/oak/hickory/beech","Acer saccharum Marshall","sugar maple","Aceraceae","tree","saccharum",0.841,"hw4",-2.0127,2.4342,"AceraceaeAbove0.50spg","hardwood","Hardwood",0.56,-1.8011,2.3852,0.21103,0.95964,NA,"Check",9.31809437119529,10.5709952190487,NA
"Acer","ACSA3","NEON.PLA.D05.TREE.01236","TREE_041","TREE","D05",2022-09-07,"Live","multi-bole tree","Full sun",130,NA,26.6,41.2,NA,43,"Acer saccharum Marshall",10.6,330.2,"2022",318,"hard maple/oak/hickory/beech","Acer saccharum Marshall","sugar maple","Aceraceae","tree","saccharum",0.841,"hw4",-2.0127,2.4342,"AceraceaeAbove0.50spg","hardwood","Hardwood",0.56,-1.8011,2.3852,0.21103,0.95964,NA,"Check",1139.93030507496,1173.93769591311,NA
"Acer","ACSA3","NEON.PLA.D05.TREE.00513","TREE_042","TREE","D05",2021-10-04,"Live","single bole tree","Full shade",130,NA,12.2,10.3,NA,59,"Acer saccharum Marshall",4.2,138.5,"2021",318,"hard maple/oak/hickory/beech","Acer saccharum Marshall","sugar maple","Aceraceae","tree","saccharum",0.841,"hw4",-2.0127,2.4342,"AceraceaeAbove0.50spg","hardwood","Hardwood",0.56,-1.8011,2.3852,0.21103,0.95964,NA,"Check",39.0250859870374,43.0141709731242,NA
"Acer","ACSA3","NEON.PLA.D05.TREE.01236","TREE_041","TREE","D05",2019-10-23,"Live","multi-bole tree",NA,130,NA,25.3,40.5,NA,43,"Acer saccharum Marshall",10.6,330.2,"2019",318,"hard maple/oak/hickory/beech","Acer saccharum Marshall","sugar maple","Aceraceae","tree","saccharum",0.841,"hw4",-2.0127,2.4342,"AceraceaeAbove0.50spg","hardwood","Hardwood",0.56,-1.8011,2.3852,0.21103,0.95964,NA,"Check",1093.35831920967,1126.92218853553,NA
"Acer","ACSA3","NEON.PLA.D05.TREE.00107","TREE_056","TREE","D05",2021-09-22,"Live","single bole tree","Full sun",130,NA,19.9,31.2,NA,39,"Acer saccharum Marshall",4.4,119.2,"2021",318,"hard maple/oak/hickory/beech","Acer saccharum Marshall","sugar maple","Aceraceae","tree","saccharum",0.841,"hw4",-2.0127,2.4342,"AceraceaeAbove0.50spg","hardwood","Hardwood",0.56,-1.8011,2.3852,0.21103,0.95964,NA,"Check",579.384148449605,604.852870835354,NA
"Acer","ACSA3","NEON.PLA.D05.TREE.00563","TREE_046","TREE","D05",2018-10-10,"Live","single bole tree",NA,130,NA,16.3,19.6,NA,57,"Acer saccharum Marshall",8.9,135.5,"2018",318,"hard maple/oak/hickory/beech","Acer saccharum Marshall","sugar maple","Aceraceae","tree","saccharum",0.841,"hw4",-2.0127,2.4342,"AceraceaeAbove0.50spg","hardwood","Hardwood",0.56,-1.8011,2.3852,0.21103,0.95964,NA,"Check",186.855215841316,199.563627713359,NA
"Acer","ACSA3","NEON.PLA.D05.TREE.00532","TREE_046","TREE","D05",2017-09-25,"Live","single bole tree",NA,130,NA,19,28.3,NA,23,"Acer saccharum Marshall",10.3,19.9,"2017",318,"hard maple/oak/hickory/beech","Acer saccharum Marshall","sugar maple","Aceraceae","tree","saccharum",0.841,"hw4",-2.0127,2.4342,"AceraceaeAbove0.50spg","hardwood","Hardwood",0.56,-1.8011,2.3852,0.21103,0.95964,NA,"Check",456.913550167974,479.28431290368,NA
"Acer","ACSA3","NEON.PLA.D05.TREE.00025","TREE_049","TREE","D05",2022-09-20,"Live","single bole tree","Mostly shaded",130,NA,18.1,14,NA,25,"Acer saccharum Marshall",7,302.1,"2022",318,"hard maple/oak/hickory/beech","Acer saccharum Marshall","sugar maple","Aceraceae","tree","saccharum",0.841,"hw4",-2.0127,2.4342,"AceraceaeAbove0.50spg","hardwood","Hardwood",0.56,-1.8011,2.3852,0.21103,0.95964,NA,"Check",82.3759356969086,89.4410315345985,NA
"Acer","ACSA3","NEON.PLA.D05.TREE.00564","TREE_042","TREE","D05",2018-10-10,"Live","single bole tree",NA,130,NA,21.1,32.6,NA,59,"Acer saccharum Marshall",9.8,162.8,"2018",318,"hard maple/oak/hickory/beech","Acer saccharum Marshall","sugar maple","Aceraceae","tree","saccharum",0.841,"hw4",-2.0127,2.4342,"AceraceaeAbove0.50spg","hardwood","Hardwood",0.56,-1.8011,2.3852,0.21103,0.95964,NA,"Check",644.717974512454,671.612589275499,NA
"Acer","ACSA3","NEON.PLA.D05.TREE.00257","TREE_051","TREE","D05",2015-08-03,"Live","single bole tree","Full sun",130,NA,12.4,15.1,NA,41,"Acer saccharum Marshall",4.7,338.5,"2015",318,"hard maple/oak/hickory/beech","Acer saccharum Marshall","sugar maple","Aceraceae","tree","saccharum",0.841,"hw4",-2.0127,2.4342,"AceraceaeAbove0.50spg","hardwood","Hardwood",0.56,-1.8011,2.3852,0.21103,0.95964,NA,"Check",99.0287235982339,107.124306479667,NA
"Acer","ACSA3","NEON.PLA.D05.TREE.00514","TREE_042","TREE","D05",2016-09-28,"Live","small tree",NA,130,NA,4.2,5.4,NA,NA,"Acer saccharum Marshall",NA,NA,"2016",318,"hard maple/oak/hickory/beech","Acer saccharum Marshall","sugar maple","Aceraceae","tree","saccharum",0.841,"hw4",-2.0127,2.4342,"AceraceaeAbove0.50spg","hardwood","Hardwood",0.56,-1.8011,2.3852,0.21103,0.95964,NA,"Check",5.31651201147292,6.09987890897784,NA
"Acer","ACSA3","NEON.PLA.D05.TREE.00159","TREE_055","TREE","D05",2018-10-10,"Live","single bole tree",NA,130,NA,20.9,39.8,NA,59,"Acer saccharum Marshall",6.9,194.9,"2018",318,"hard maple/oak/hickory/beech","Acer saccharum Marshall","sugar maple","Aceraceae","tree","saccharum",0.841,"hw4",-2.0127,2.4342,"AceraceaeAbove0.50spg","hardwood","Hardwood",0.56,-1.8011,2.3852,0.21103,0.95964,NA,"Check",1047.92661429059,1081.01896258817,NA
"Acer","ACSA3","NEON.PLA.D05.TREE.00523","TREE_042","TREE","D05",2019-10-23,"Live","single bole tree",NA,130,NA,20.2,42.9,NA,61,"Acer saccharum Marshall",9.7,252.8,"2019",318,"hard maple/oak/hickory/beech","Acer saccharum Marshall","sugar maple","Aceraceae","tree","saccharum",0.841,"hw4",-2.0127,2.4342,"AceraceaeAbove0.50spg","hardwood","Hardwood",0.56,-1.8011,2.3852,0.21103,0.95964,NA,"Check",1257.83315174203,1292.79404208142,NA
"Acer","ACSA3","NEON.PLA.D05.TREE.00266","TREE_054","TREE","D05",2017-08-30,"Live","single bole tree",NA,130,NA,14.3,20.8,NA,39,"Acer saccharum Marshall",6,104.1,"2017",318,"hard maple/oak/hickory/beech","Acer saccharum Marshall","sugar maple","Aceraceae","tree","saccharum",0.841,"hw4",-2.0127,2.4342,"AceraceaeAbove0.50spg","hardwood","Hardwood",0.56,-1.8011,2.3852,0.21103,0.95964,NA,"Check",215.936106404519,229.951832687706,NA
"Acer","ACSA3","NEON.PLA.D05.TREE.00514","TREE_042","TREE","D05",2015-07-27,"Live","small tree","Full shade",130,NA,4,6.2,NA,NA,"Acer saccharum Marshall",NA,NA,"2015",318,"hard maple/oak/hickory/beech","Acer saccharum Marshall","sugar maple","Aceraceae","tree","saccharum",0.841,"hw4",-2.0127,2.4342,"AceraceaeAbove0.50spg","hardwood","Hardwood",0.56,-1.8011,2.3852,0.21103,0.95964,NA,"Check",7.44172744467372,8.48063311953538,NA
"Acer","ACSA3","NEON.PLA.D05.TREE.00651","TREE_053","TREE","D05",2018-10-09,"Live","small tree",NA,130,NA,11.3,9.9,NA,NA,"Acer saccharum Marshall",NA,NA,"2018",318,"hard maple/oak/hickory/beech","Acer saccharum Marshall","sugar maple","Aceraceae","tree","saccharum",0.841,"hw4",-2.0127,2.4342,"AceraceaeAbove0.50spg","hardwood","Hardwood",0.56,-1.8011,2.3852,0.21103,0.95964,NA,"Check",23.2492581602743,25.8943303327572,NA
"Acer","ACSA3","NEON.PLA.D05.TREE.01384","TREE_041","TREE","D05",2015-08-10,"Live","single bole tree","Partially shaded",130,NA,17.1,18,NA,41,"Acer saccharum Marshall",11.9,34.6,"2015",318,"hard maple/oak/hickory/beech","Acer saccharum Marshall","sugar maple","Aceraceae","tree","saccharum",0.841,"hw4",-2.0127,2.4342,"AceraceaeAbove0.50spg","hardwood","Hardwood",0.56,-1.8011,2.3852,0.21103,0.95964,NA,"Check",151.872739961301,162.880160204249,NA
"Acer","ACSA3","NEON.PLA.D05.TREE.00503","TREE_042","TREE","D05",2015-07-27,"Live","single bole tree","Mostly shaded",130,NA,15.8,22,NA,41,"Acer saccharum Marshall",3.3,82.3,"2015",318,"hard maple/oak/hickory/beech","Acer saccharum Marshall","sugar maple","Aceraceae","tree","saccharum",0.841,"hw4",-2.0127,2.4342,"AceraceaeAbove0.50spg","hardwood","Hardwood",0.56,-1.8011,2.3852,0.21103,0.95964,NA,"Check",247.525978457426,262.868645264899,NA
"Acer","ACSA3","NEON.PLA.D05.TREE.00574","TREE_046","TREE","D05",2022-09-19,"Live","single bole tree","Full sun",130,NA,22.8,25.7,NA,57,"Acer saccharum Marshall",9.1,115,"2022",318,"hard maple/oak/hickory/beech","Acer saccharum Marshall","sugar maple","Aceraceae","tree","saccharum",0.841,"hw4",-2.0127,2.4342,"AceraceaeAbove0.50spg","hardwood","Hardwood",0.56,-1.8011,2.3852,0.21103,0.95964,NA,"Check",361.372171221535,380.859413610118,NA
"Acer","ACSA3","NEON.PLA.D05.TREE.00329","TREE_051","TREE","D05",2017-09-26,"Live","single bole tree",NA,130,NA,10.4,12.2,NA,57,"Acer saccharum Marshall",6.2,97.7,"2017",318,"hard maple/oak/hickory/beech","Acer saccharum Marshall","sugar maple","Aceraceae","tree","saccharum",0.841,"hw4",-2.0127,2.4342,"AceraceaeAbove0.50spg","hardwood","Hardwood",0.56,-1.8011,2.3852,0.21103,0.95964,NA,"Check",58.9267645297337,64.4136155332911,NA
"Acer","ACSA3","NEON.PLA.D05.TREE.00301","TREE_054","TREE","D05",2021-09-20,"Live","single bole tree","Partially shaded",130,NA,12.8,20,NA,39,"Acer saccharum Marshall",1.4,114.9,"2021",318,"hard maple/oak/hickory/beech","Acer saccharum Marshall","sugar maple","Aceraceae","tree","saccharum",0.841,"hw4",-2.0127,2.4342,"AceraceaeAbove0.50spg","hardwood","Hardwood",0.56,-1.8011,2.3852,0.21103,0.95964,NA,"Check",196.273972149929,209.415563279415,NA
"Acer","ACSA3","NEON.PLA.D05.TREE.00047","TREE_054","TREE","D05",2022-09-07,"Live","single bole tree","Full sun",130,NA,17.4,21,NA,39,"Acer saccharum Marshall",9,140.7,"2022",318,"hard maple/oak/hickory/beech","Acer saccharum Marshall","sugar maple","Aceraceae","tree","saccharum",0.841,"hw4",-2.0127,2.4342,"AceraceaeAbove0.50spg","hardwood","Hardwood",0.56,-1.8011,2.3852,0.21103,0.95964,NA,"Check",221.025154853372,235.260854683632,NA
"Acer","ACSA3","NEON.PLA.D05.TREE.00699","TREE_056","TREE","D05",2016-09-28,"Live","single bole tree",NA,130,NA,10.4,10.6,NA,39,"Acer saccharum Marshall",8.5,125.9,"2016",318,"hard maple/oak/hickory/beech","Acer saccharum Marshall","sugar maple","Aceraceae","tree","saccharum",0.841,"hw4",-2.0127,2.4342,"AceraceaeAbove0.50spg","hardwood","Hardwood",0.56,-1.8011,2.3852,0.21103,0.95964,NA,"Check",41.8499586767446,46.0629511160927,NA
"Acer","ACSA3","NEON.PLA.D05.TREE.00003","TREE_049","TREE","D05",2015-07-28,"Live","single bole tree","Partially shaded",130,NA,17.5,30.8,NA,43,"Acer saccharum Marshall",10.8,239.3,"2015",318,"hard maple/oak/hickory/beech","Acer saccharum Marshall","sugar maple","Aceraceae","tree","saccharum",0.841,"hw4",-2.0127,2.4342,"AceraceaeAbove0.50spg","hardwood","Hardwood",0.56,-1.8011,2.3852,0.21103,0.95964,NA,"Check",561.468828726528,586.52074513325,NA
"Acer","ACSA3","NEON.PLA.D05.TREE.00204","TREE_054","TREE","D05",2017-08-30,"Live","single bole tree",NA,130,NA,16.3,27.6,NA,43,"Acer saccharum Marshall",10.5,325.5,"2017",318,"hard maple/oak/hickory/beech","Acer saccharum Marshall","sugar maple","Aceraceae","tree","saccharum",0.841,"hw4",-2.0127,2.4342,"AceraceaeAbove0.50spg","hardwood","Hardwood",0.56,-1.8011,2.3852,0.21103,0.95964,NA,"Check",429.889050784339,451.490432022694,NA
"Acer","ACSA3","NEON.PLA.D05.TREE.01089","TREE_047","TREE","D05",2016-10-19,"Live","small tree",NA,130,NA,4.6,3.6,NA,NA,"Acer saccharum Marshall",NA,NA,"2016",318,"hard maple/oak/hickory/beech","Acer saccharum Marshall","sugar maple","Aceraceae","tree","saccharum",0.841,"hw4",-2.0127,2.4342,"AceraceaeAbove0.50spg","hardwood","Hardwood",0.56,-1.8011,2.3852,0.21103,0.95964,NA,"Check",1.9814606707525,2.31904055006851,NA
"Acer","ACSA3","NEON.PLA.D05.TREE.00615","TREE_042","TREE","D05",2019-10-23,"Live","single bole tree",NA,130,NA,11.9,14.7,NA,61,"Acer saccharum Marshall",16.2,220.9,"2019",318,"hard maple/oak/hickory/beech","Acer saccharum Marshall","sugar maple","Aceraceae","tree","saccharum",0.841,"hw4",-2.0127,2.4342,"AceraceaeAbove0.50spg","hardwood","Hardwood",0.56,-1.8011,2.3852,0.21103,0.95964,NA,"Check",92.7639754989651,100.479511613661,NA
"Acer","ACSA3","NEON.PLA.D05.TREE.00593","TREE_042","TREE","D05",2015-07-27,"Live","single bole tree","Partially shaded",130,NA,20.5,32.7,NA,41,"Acer saccharum Marshall",13.1,178.6,"2015",318,"hard maple/oak/hickory/beech","Acer saccharum Marshall","sugar maple","Aceraceae","tree","saccharum",0.841,"hw4",-2.0127,2.4342,"AceraceaeAbove0.50spg","hardwood","Hardwood",0.56,-1.8011,2.3852,0.21103,0.95964,NA,"Check",649.542594646238,676.536929927892,NA
"Acer","ACSA3","NEON.PLA.D05.TREE.00058","TREE_049","TREE","D05",2021-09-23,"Live","small tree","Full shade",140,NA,7.3,6,NA,NA,"Acer saccharum Marshall",NA,NA,"2021",318,"hard maple/oak/hickory/beech","Acer saccharum Marshall","sugar maple","Aceraceae","tree","saccharum",0.841,"hw4",-2.0127,2.4342,"AceraceaeAbove0.50spg","hardwood","Hardwood",0.56,-1.8011,2.3852,0.21103,0.95964,NA,"Check",6.87083758902683,7.8426345851942,NA
"Acer","ACSA3","NEON.PLA.D05.TREE.00058","TREE_049","TREE","D05",2017-09-18,"Live","small tree",NA,135,NA,6.6,5.7,NA,NA,"Acer saccharum Marshall",NA,NA,"2017",318,"hard maple/oak/hickory/beech","Acer saccharum Marshall","sugar maple","Aceraceae","tree","saccharum",0.841,"hw4",-2.0127,2.4342,"AceraceaeAbove0.50spg","hardwood","Hardwood",0.56,-1.8011,2.3852,0.21103,0.95964,NA,"Check",6.06435313558522,6.93950229249957,NA
"Acer","ACSA3","NEON.PLA.D05.TREE.00058","TREE_049","TREE","D05",2015-07-28,"Live","small tree","Full shade",130,NA,6.1,6.6,NA,NA,"Acer saccharum Marshall",NA,NA,"2015",318,"hard maple/oak/hickory/beech","Acer saccharum Marshall","sugar maple","Aceraceae","tree","saccharum",0.841,"hw4",-2.0127,2.4342,"AceraceaeAbove0.50spg","hardwood","Hardwood",0.56,-1.8011,2.3852,0.21103,0.95964,NA,"Check",8.66498384078552,9.84445805475761,NA
"Acer","ACSA3","NEON.PLA.D05.TREE.00653","TREE_046","TREE","D05",2018-10-10,"Live","single bole tree",NA,130,NA,15.2,28.9,NA,23,"Acer saccharum Marshall",7.6,81.5,"2018",318,"hard maple/oak/hickory/beech","Acer saccharum Marshall","sugar maple","Aceraceae","tree","saccharum",0.841,"hw4",-2.0127,2.4342,"AceraceaeAbove0.50spg","hardwood","Hardwood",0.56,-1.8011,2.3852,0.21103,0.95964,NA,"Check",480.853769724272,503.878401792058,NA
"Acer","ACSA3","NEON.PLA.D05.TREE.00505","TREE_053","TREE","D05",2018-10-09,"Dead, broken bole","single bole tree",NA,130,NA,2.2,16.6,NA,23,"Acer saccharum Marshall",2.2,23,"2018",318,"hard maple/oak/hickory/beech","Acer saccharum Marshall","sugar maple","Aceraceae","tree","saccharum",0.841,"hw4",-2.0127,2.4342,"AceraceaeAbove0.50spg","hardwood","Hardwood",0.56,-1.8011,2.3852,0.21103,0.95964,NA,"Check",124.704637475395,134.274647285162,NA
"Acer","ACSA3","NEON.PLA.D05.TREE.01002","TREE_047","TREE","D05",2015-08-06,"Live","single bole tree","Partially shaded",130,NA,6.3,33.6,NA,39,"Acer saccharum Marshall",4.6,52.7,"2015",318,"hard maple/oak/hickory/beech","Acer saccharum Marshall","sugar maple","Aceraceae","tree","saccharum",0.841,"hw4",-2.0127,2.4342,"AceraceaeAbove0.50spg","hardwood","Hardwood",0.56,-1.8011,2.3852,0.21103,0.95964,NA,"Check",693.921854246421,721.799626631831,NA
"Acer","ACSA3","NEON.PLA.D05.TREE.02883","TREE_017","TREE","D05",2017-10-23,"Live","multi-bole tree","Full sun",130,NA,20.9,34.6,NA,49,"Acer saccharum Marshall",6.7,148.8,"2017",318,"hard maple/oak/hickory/beech","Acer saccharum Marshall","sugar maple","Aceraceae","tree","saccharum",0.841,"hw4",-2.0127,2.4342,"AceraceaeAbove0.50spg","hardwood","Hardwood",0.56,-1.8011,2.3852,0.21103,0.95964,NA,"Check",745.271538275624,774.099023278098,NA
"Acer","ACSA3","NEON.PLA.D05.TREE.00139A","TREE_055","TREE","D05",2018-10-10,"Live","multi-bole tree",NA,130,NA,12.6,4.5,NA,61,"Acer saccharum Marshall",1.7,268.2,"2018",318,"hard maple/oak/hickory/beech","Acer saccharum Marshall","sugar maple","Aceraceae","tree","saccharum",0.841,"hw4",-2.0127,2.4342,"AceraceaeAbove0.50spg","hardwood","Hardwood",0.56,-1.8011,2.3852,0.21103,0.95964,NA,"Check",3.41101642197202,3.94873605934139,NA
"Acer","ACSA3","NEON.PLA.D05.TREE.00675","TREE_046","TREE","D05",2017-09-25,"Live","small tree",NA,130,NA,11,9.8,NA,41,"Acer saccharum Marshall",4.1,121.9,"2017",318,"hard maple/oak/hickory/beech","Acer saccharum Marshall","sugar maple","Aceraceae","tree","saccharum",0.841,"hw4",-2.0127,2.4342,"AceraceaeAbove0.50spg","hardwood","Hardwood",0.56,-1.8011,2.3852,0.21103,0.95964,NA,"Check",22.6817428653426,25.2748189646291,NA
"Acer","ACSA3","NEON.PLA.D05.TREE.00139A","TREE_055","TREE","D05",2017-09-14,"Live","single bole tree",NA,130,NA,5.5,4.4,NA,61,"Acer saccharum Marshall",1.7,268.2,"2017",318,"hard maple/oak/hickory/beech","Acer saccharum Marshall","sugar maple","Aceraceae","tree","saccharum",0.841,"hw4",-2.0127,2.4342,"AceraceaeAbove0.50spg","hardwood","Hardwood",0.56,-1.8011,2.3852,0.21103,0.95964,NA,"Check",3.22943400789303,3.7426476431902,NA
"Acer","ACSA3","NEON.PLA.D05.TREE.01442","TREE_041","TREE","D05",2015-08-10,"Live","single bole tree","Full sun",130,NA,22.6,30.4,NA,21,"Acer saccharum Marshall",6.9,82.6,"2015",318,"hard maple/oak/hickory/beech","Acer saccharum Marshall","sugar maple","Aceraceae","tree","saccharum",0.841,"hw4",-2.0127,2.4342,"AceraceaeAbove0.50spg","hardwood","Hardwood",0.56,-1.8011,2.3852,0.21103,0.95964,NA,"Check",543.884113439514,568.51546136031,NA
"Acer","ACSA3","NEON.PLA.D05.TREE.00555","TREE_042","TREE","D05",2020-10-06,"Live","single bole tree","Partially shaded",130,NA,20,29.9,NA,41,"Acer saccharum Marshall",5.9,92.1,"2020",318,"hard maple/oak/hickory/beech","Acer saccharum Marshall","sugar maple","Aceraceae","tree","saccharum",0.841,"hw4",-2.0127,2.4342,"AceraceaeAbove0.50spg","hardwood","Hardwood",0.56,-1.8011,2.3852,0.21103,0.95964,NA,"Check",522.365279847923,546.465975873807,NA
"Acer","ACSA3","NEON.PLA.D05.TREE.00060","TREE_055","TREE","D05",2016-09-27,"Live","single bole tree",NA,130,NA,16.8,22.7,NA,57,"Acer saccharum Marshall",8.8,128.1,"2016",318,"hard maple/oak/hickory/beech","Acer saccharum Marshall","sugar maple","Aceraceae","tree","saccharum",0.841,"hw4",-2.0127,2.4342,"AceraceaeAbove0.50spg","hardwood","Hardwood",0.56,-1.8011,2.3852,0.21103,0.95964,NA,"Check",267.136749897871,283.259890690269,NA
"Acer","ACSA3","NEON.PLA.D05.TREE.00060","TREE_055","TREE","D05",2015-07-29,"Live","single bole tree","Partially shaded",130,NA,16.5,22.1,NA,57,"Acer saccharum Marshall",8.8,128.1,"2015",318,"hard maple/oak/hickory/beech","Acer saccharum Marshall","sugar maple","Aceraceae","tree","saccharum",0.841,"hw4",-2.0127,2.4342,"AceraceaeAbove0.50spg","hardwood","Hardwood",0.56,-1.8011,2.3852,0.21103,0.95964,NA,"Check",250.273673887103,265.727596791943,NA
"Acer","ACSA3","NEON.PLA.D05.TREE.00555","TREE_042","TREE","D05",2017-09-25,"Live","single bole tree",NA,130,NA,21.6,29.2,NA,41,"Acer saccharum Marshall",5.9,92.1,"2017",318,"hard maple/oak/hickory/beech","Acer saccharum Marshall","sugar maple","Aceraceae","tree","saccharum",0.841,"hw4",-2.0127,2.4342,"AceraceaeAbove0.50spg","hardwood","Hardwood",0.56,-1.8011,2.3852,0.21103,0.95964,NA,"Check",493.094812065615,516.44417804459,NA
"Acer","ACSA3","NEON.PLA.D05.TREE.00655","TREE_042","TREE","D05",2021-10-04,"Live","single bole tree","Partially shaded",130,NA,20.5,27.3,NA,25,"Acer saccharum Marshall",6,295.8,"2021",318,"hard maple/oak/hickory/beech","Acer saccharum Marshall","sugar maple","Aceraceae","tree","saccharum",0.841,"hw4",-2.0127,2.4342,"AceraceaeAbove0.50spg","hardwood","Hardwood",0.56,-1.8011,2.3852,0.21103,0.95964,NA,"Check",418.603265285804,439.873049785089,NA
"Acer","ACSA3","NEON.PLA.D05.TREE.00508","TREE_053","TREE","D05",2015-07-27,"Live","single bole tree","Mostly shaded",130,NA,18.4,14.3,NA,41,"Acer saccharum Marshall",14.4,1.8,"2015",318,"hard maple/oak/hickory/beech","Acer saccharum Marshall","sugar maple","Aceraceae","tree","saccharum",0.841,"hw4",-2.0127,2.4342,"AceraceaeAbove0.50spg","hardwood","Hardwood",0.56,-1.8011,2.3852,0.21103,0.95964,NA,"Check",86.7390135294007,94.0805234753916,NA
"Acer","ACSA3","NEON.PLA.D05.TREE.00257","TREE_051","TREE","D05",2017-09-26,"Live","single bole tree",NA,130,NA,13.6,15.5,NA,41,"Acer saccharum Marshall",4.7,338.5,"2017",318,"hard maple/oak/hickory/beech","Acer saccharum Marshall","sugar maple","Aceraceae","tree","saccharum",0.841,"hw4",-2.0127,2.4342,"AceraceaeAbove0.50spg","hardwood","Hardwood",0.56,-1.8011,2.3852,0.21103,0.95964,NA,"Check",105.536069580076,114.017463478061,NA
"Acer","ACSA3","NEON.PLA.D05.TREE.00509","TREE_042","TREE","D05",2017-09-25,"Live","small tree",NA,130,NA,7.7,7.7,NA,NA,"Acer saccharum Marshall",NA,NA,"2017",318,"hard maple/oak/hickory/beech","Acer saccharum Marshall","sugar maple","Aceraceae","tree","saccharum",0.841,"hw4",-2.0127,2.4342,"AceraceaeAbove0.50spg","hardwood","Hardwood",0.56,-1.8011,2.3852,0.21103,0.95964,NA,"Check",12.6104223555827,14.2191388623095,NA
"Acer","ACSA3","NEON.PLA.D05.TREE.00580","TREE_046","TREE","D05",2018-10-10,"Live","single bole tree",NA,130,NA,17.3,22.9,NA,41,"Acer saccharum Marshall",10.9,288.8,"2018",318,"hard maple/oak/hickory/beech","Acer saccharum Marshall","sugar maple","Aceraceae","tree","saccharum",0.841,"hw4",-2.0127,2.4342,"AceraceaeAbove0.50spg","hardwood","Hardwood",0.56,-1.8011,2.3852,0.21103,0.95964,NA,"Check",272.902194116997,289.248956675509,NA
"Acer","ACSA3","NEON.PLA.D05.TREE.00123","TREE_049","TREE","D05",2015-07-28,"Live","single bole tree","Full sun",130,NA,21,42.5,NA,25,"Acer saccharum Marshall",3.9,274,"2015",318,"hard maple/oak/hickory/beech","Acer saccharum Marshall","sugar maple","Aceraceae","tree","saccharum",0.841,"hw4",-2.0127,2.4342,"AceraceaeAbove0.50spg","hardwood","Hardwood",0.56,-1.8011,2.3852,0.21103,0.95964,NA,"Check",1229.47536103425,1264.22823226646,NA
"Acer","ACSA3","NEON.PLA.D05.TREE.00501","TREE_042","TREE","D05",2016-09-28,"Live","single bole tree",NA,130,NA,21,32.1,NA,43,"Acer saccharum Marshall",10,201.2,"2016",318,"hard maple/oak/hickory/beech","Acer saccharum Marshall","sugar maple","Aceraceae","tree","saccharum",0.841,"hw4",-2.0127,2.4342,"AceraceaeAbove0.50spg","hardwood","Hardwood",0.56,-1.8011,2.3852,0.21103,0.95964,NA,"Check",620.911989810331,647.30358445235,NA
"Acer","ACSA3","NEON.PLA.D05.TREE.00123","TREE_049","TREE","D05",2021-09-23,"Live, physically damaged","single bole tree","Partially shaded",130,NA,21.2,43.6,NA,25,"Acer saccharum Marshall",3.9,274,"2021",318,"hard maple/oak/hickory/beech","Acer saccharum Marshall","sugar maple","Aceraceae","tree","saccharum",0.841,"hw4",-2.0127,2.4342,"AceraceaeAbove0.50spg","hardwood","Hardwood",0.56,-1.8011,2.3852,0.21103,0.95964,NA,"Check",1308.37882990585,1343.6785455087,NA
"Acer","ACSA3","NEON.PLA.D05.TREE.03420","TREE_053","TREE","D05",2018-10-09,"Standing dead","small tree",NA,130,NA,2.4,2.3,NA,NA,"Acer saccharum Marshall",NA,NA,"2018",318,"hard maple/oak/hickory/beech","Acer saccharum Marshall","sugar maple","Aceraceae","tree","saccharum",0.841,"hw4",-2.0127,2.4342,"AceraceaeAbove0.50spg","hardwood","Hardwood",0.56,-1.8011,2.3852,0.21103,0.95964,NA,"Check",0.665812290446989,0.796542315661327,NA
"Acer","ACSA3","NEON.PLA.D05.TREE.01383","TREE_041","TREE","D05",2017-10-16,"Live","single bole tree",NA,130,NA,18.4,22,NA,59,"Acer saccharum Marshall",10.6,155.1,"2017",318,"hard maple/oak/hickory/beech","Acer saccharum Marshall","sugar maple","Aceraceae","tree","saccharum",0.841,"hw4",-2.0127,2.4342,"AceraceaeAbove0.50spg","hardwood","Hardwood",0.56,-1.8011,2.3852,0.21103,0.95964,NA,"Check",247.525978457426,262.868645264899,NA
"Acer","ACSA3","NEON.PLA.D05.TREE.01301","TREE_041","TREE","D05",2022-09-07,"Live","small tree","Full shade",140,NA,8,8.3,NA,NA,"Acer saccharum Marshall",NA,NA,"2022",318,"hard maple/oak/hickory/beech","Acer saccharum Marshall","sugar maple","Aceraceae","tree","saccharum",0.841,"hw4",-2.0127,2.4342,"AceraceaeAbove0.50spg","hardwood","Hardwood",0.56,-1.8011,2.3852,0.21103,0.95964,NA,"Check",15.1374876457008,17.0059416165079,NA
"Acer","ACSA3","NEON.PLA.D05.TREE.00565","TREE_042","TREE","D05",2017-09-25,"Live","single bole tree",NA,130,NA,15,12.7,NA,61,"Acer saccharum Marshall",8.9,254.9,"2017",318,"hard maple/oak/hickory/beech","Acer saccharum Marshall","sugar maple","Aceraceae","tree","saccharum",0.841,"hw4",-2.0127,2.4342,"AceraceaeAbove0.50spg","hardwood","Hardwood",0.56,-1.8011,2.3852,0.21103,0.95964,NA,"Check",64.9792229900794,70.8899783746337,NA
"Acer","ACSA3","NEON.PLA.D05.TREE.01019","TREE_047","TREE","D05",2017-10-16,"Live","single bole tree",NA,130,NA,16.5,23.8,NA,39,"Acer saccharum Marshall",5,30,"2017",318,"hard maple/oak/hickory/beech","Acer saccharum Marshall","sugar maple","Aceraceae","tree","saccharum",0.841,"hw4",-2.0127,2.4342,"AceraceaeAbove0.50spg","hardwood","Hardwood",0.56,-1.8011,2.3852,0.21103,0.95964,NA,"Check",299.749954011571,317.105348091186,NA
"Acer","ACSA3","NEON.PLA.D05.TREE.01478A","TREE_041","TREE","D05",2020-09-28,"Live","multi-bole tree",NA,130,NA,NA,26.8,NA,39,"Acer saccharum Marshall",8,124.8,"2020",318,"hard maple/oak/hickory/beech","Acer saccharum Marshall","sugar maple","Aceraceae","tree","saccharum",0.841,"hw4",-2.0127,2.4342,"AceraceaeAbove0.50spg","hardwood","Hardwood",0.56,-1.8011,2.3852,0.21103,0.95964,NA,"Check",400.185373935279,420.900381473869,NA
"Acer","ACSA3","NEON.PLA.D05.TREE.00495","TREE_051","TREE","D05",2018-10-09,"Live","single bole tree",NA,130,NA,15.1,15.5,NA,59,"Acer saccharum Marshall",11,144.8,"2018",318,"hard maple/oak/hickory/beech","Acer saccharum Marshall","sugar maple","Aceraceae","tree","saccharum",0.841,"hw4",-2.0127,2.4342,"AceraceaeAbove0.50spg","hardwood","Hardwood",0.56,-1.8011,2.3852,0.21103,0.95964,NA,"Check",105.536069580076,114.017463478061,NA
"Acer","ACSA3","NEON.PLA.D05.TREE.01301","TREE_041","TREE","D05",2016-10-18,"Live","small tree",NA,130,NA,5.3,6.9,NA,NA,"Acer saccharum Marshall",NA,NA,"2016",318,"hard maple/oak/hickory/beech","Acer saccharum Marshall","sugar maple","Aceraceae","tree","saccharum",0.841,"hw4",-2.0127,2.4342,"AceraceaeAbove0.50spg","hardwood","Hardwood",0.56,-1.8011,2.3852,0.21103,0.95964,NA,"Check",9.6551798053093,10.9455721749046,NA
"Acer","ACSA3","NEON.PLA.D05.TREE.01453","TREE_041","TREE","D05",2015-08-10,"Live","single bole tree","Partially shaded",130,NA,21.9,23.5,NA,41,"Acer saccharum Marshall",9.4,233.6,"2015",318,"hard maple/oak/hickory/beech","Acer saccharum Marshall","sugar maple","Aceraceae","tree","saccharum",0.841,"hw4",-2.0127,2.4342,"AceraceaeAbove0.50spg","hardwood","Hardwood",0.56,-1.8011,2.3852,0.21103,0.95964,NA,"Check",290.635651259067,307.654501364913,NA
"Acer","ACSA3","NEON.PLA.D05.TREE.00672","TREE_042","TREE","D05",2021-10-04,"Live","single bole tree","Partially shaded",130,NA,22.3,40.3,NA,41,"Acer saccharum Marshall",11.4,144.7,"2021",318,"hard maple/oak/hickory/beech","Acer saccharum Marshall","sugar maple","Aceraceae","tree","saccharum",0.841,"hw4",-2.0127,2.4342,"AceraceaeAbove0.50spg","hardwood","Hardwood",0.56,-1.8011,2.3852,0.21103,0.95964,NA,"Check",1080.2618513932,1113.69380711772,NA
"Acer","ACSA3","NEON.PLA.D05.TREE.01470","TREE_041","TREE","D05",2018-10-10,"Live","single bole tree",NA,130,NA,19.5,20.3,NA,23,"Acer saccharum Marshall",5.3,304,"2018",318,"hard maple/oak/hickory/beech","Acer saccharum Marshall","sugar maple","Aceraceae","tree","saccharum",0.841,"hw4",-2.0127,2.4342,"AceraceaeAbove0.50spg","hardwood","Hardwood",0.56,-1.8011,2.3852,0.21103,0.95964,NA,"Check",203.517777709207,216.986022147958,NA
"Acer","ACSA3","NEON.PLA.D05.TREE.00592","TREE_046","TREE","D05",2015-07-28,"Live","small tree","Full shade",130,NA,5.9,6.6,NA,NA,"Acer saccharum Marshall",NA,NA,"2015",318,"hard maple/oak/hickory/beech","Acer saccharum Marshall","sugar maple","Aceraceae","tree","saccharum",0.841,"hw4",-2.0127,2.4342,"AceraceaeAbove0.50spg","hardwood","Hardwood",0.56,-1.8011,2.3852,0.21103,0.95964,NA,"Check",8.66498384078552,9.84445805475761,NA
"Acer","ACSA3","NEON.PLA.D05.TREE.00511","TREE_042","TREE","D05",2019-10-23,"Live","small tree",NA,130,NA,6.7,8.1,NA,NA,"Acer saccharum Marshall",NA,NA,"2019",318,"hard maple/oak/hickory/beech","Acer saccharum Marshall","sugar maple","Aceraceae","tree","saccharum",0.841,"hw4",-2.0127,2.4342,"AceraceaeAbove0.50spg","hardwood","Hardwood",0.56,-1.8011,2.3852,0.21103,0.95964,NA,"Check",14.2648806435313,16.0447917579938,NA
"Acer","ACSA3","NEON.PLA.D05.TREE.00511","TREE_042","TREE","D05",2020-10-06,"Live","small tree","Mostly shaded",130,NA,7.1,8.2,NA,NA,"Acer saccharum Marshall",NA,NA,"2020",318,"hard maple/oak/hickory/beech","Acer saccharum Marshall","sugar maple","Aceraceae","tree","saccharum",0.841,"hw4",-2.0127,2.4342,"AceraceaeAbove0.50spg","hardwood","Hardwood",0.56,-1.8011,2.3852,0.21103,0.95964,NA,"Check",14.6973686878025,16.5213076528975,NA
"Acer","ACSA3","NEON.PLA.D05.TREE.00517","TREE_053","TREE","D05",2017-08-30,"Live","single bole tree",NA,130,NA,17.6,19.5,NA,43,"Acer saccharum Marshall",6.4,329.1,"2017",318,"hard maple/oak/hickory/beech","Acer saccharum Marshall","sugar maple","Aceraceae","tree","saccharum",0.841,"hw4",-2.0127,2.4342,"AceraceaeAbove0.50spg","hardwood","Hardwood",0.56,-1.8011,2.3852,0.21103,0.95964,NA,"Check",184.543072605388,197.143636682921,NA
"Acer","ACSA3","NEON.PLA.D05.TREE.01463","TREE_041","TREE","D05",2016-10-18,"Live","single bole tree",NA,130,NA,18.5,19.4,NA,21,"Acer saccharum Marshall",2.4,78.1,"2016",318,"hard maple/oak/hickory/beech","Acer saccharum Marshall","sugar maple","Aceraceae","tree","saccharum",0.841,"hw4",-2.0127,2.4342,"AceraceaeAbove0.50spg","hardwood","Hardwood",0.56,-1.8011,2.3852,0.21103,0.95964,NA,"Check",182.2478725238,194.740775385697,NA
"Acer","ACSA3","NEON.PLA.D05.TREE.01301","TREE_041","TREE","D05",2021-09-20,"Live","small tree","Full shade",140,NA,8.4,8.2,NA,NA,"Acer saccharum Marshall",NA,NA,"2021",318,"hard maple/oak/hickory/beech","Acer saccharum Marshall","sugar maple","Aceraceae","tree","saccharum",0.841,"hw4",-2.0127,2.4342,"AceraceaeAbove0.50spg","hardwood","Hardwood",0.56,-1.8011,2.3852,0.21103,0.95964,NA,"Check",14.6973686878025,16.5213076528975,NA
"Acer","ACSA3","NEON.PLA.D05.TREE.00163","TREE_055","TREE","D05",2015-07-29,"Live","small tree","Mostly shaded",130,NA,8.4,8,NA,NA,"Acer saccharum Marshall",NA,NA,"2015",318,"hard maple/oak/hickory/beech","Acer saccharum Marshall","sugar maple","Aceraceae","tree","saccharum",0.841,"hw4",-2.0127,2.4342,"AceraceaeAbove0.50spg","hardwood","Hardwood",0.56,-1.8011,2.3852,0.21103,0.95964,NA,"Check",13.8399829653975,15.5763556521787,NA
"Acer","ACSA3","NEON.PLA.D05.TREE.01036","TREE_041","TREE","D05",2018-10-10,"Live","small tree",NA,130,NA,9,8.5,NA,NA,"Acer saccharum Marshall",NA,NA,"2018",318,"hard maple/oak/hickory/beech","Acer saccharum Marshall","sugar maple","Aceraceae","tree","saccharum",0.841,"hw4",-2.0127,2.4342,"AceraceaeAbove0.50spg","hardwood","Hardwood",0.56,-1.8011,2.3852,0.21103,0.95964,NA,"Check",16.0407791034084,17.9997154441089,NA
"Acer","ACSA3","NEON.PLA.D05.TREE.00625","TREE_046","TREE","D05",2016-09-29,"Live,  other damage","single bole tree",NA,130,NA,16.5,17.6,NA,41,"Acer saccharum Marshall",10,338.9,"2016",318,"hard maple/oak/hickory/beech","Acer saccharum Marshall","sugar maple","Aceraceae","tree","saccharum",0.841,"hw4",-2.0127,2.4342,"AceraceaeAbove0.50spg","hardwood","Hardwood",0.56,-1.8011,2.3852,0.21103,0.95964,NA,"Check",143.787930232059,154.379284548219,NA
"Acer","ACSA3","NEON.PLA.D05.TREE.01359","TREE_041","TREE","D05",2018-10-10,"Live","single bole tree",NA,130,NA,18.5,20.2,NA,41,"Acer saccharum Marshall",3.5,45.6,"2018",318,"hard maple/oak/hickory/beech","Acer saccharum Marshall","sugar maple","Aceraceae","tree","saccharum",0.841,"hw4",-2.0127,2.4342,"AceraceaeAbove0.50spg","hardwood","Hardwood",0.56,-1.8011,2.3852,0.21103,0.95964,NA,"Check",201.085983591102,214.445182878565,NA
"Acer","ACSA3","NEON.PLA.D05.TREE.01386","TREE_041","TREE","D05",2018-10-10,"Live","single bole tree",NA,130,NA,16.3,17.7,NA,59,"Acer saccharum Marshall",3.4,149,"2018",318,"hard maple/oak/hickory/beech","Acer saccharum Marshall","sugar maple","Aceraceae","tree","saccharum",0.841,"hw4",-2.0127,2.4342,"AceraceaeAbove0.50spg","hardwood","Hardwood",0.56,-1.8011,2.3852,0.21103,0.95964,NA,"Check",145.78472476424,156.479713960954,NA
"Acer","ACSA3","NEON.PLA.D05.TREE.01359","TREE_041","TREE","D05",2022-09-07,"Live,  other damage","single bole tree","Mostly shaded",130,NA,19.3,20.2,NA,41,"Acer saccharum Marshall",3.5,45.6,"2022",318,"hard maple/oak/hickory/beech","Acer saccharum Marshall","sugar maple","Aceraceae","tree","saccharum",0.841,"hw4",-2.0127,2.4342,"AceraceaeAbove0.50spg","hardwood","Hardwood",0.56,-1.8011,2.3852,0.21103,0.95964,NA,"Check",201.085983591102,214.445182878565,NA
"Acer","ACSA3","NEON.PLA.D05.TREE.01386","TREE_041","TREE","D05",2016-10-18,"Live","single bole tree",NA,140,NA,13.8,16.7,NA,59,"Acer saccharum Marshall",3.4,149,"2016",318,"hard maple/oak/hickory/beech","Acer saccharum Marshall","sugar maple","Aceraceae","tree","saccharum",0.841,"hw4",-2.0127,2.4342,"AceraceaeAbove0.50spg","hardwood","Hardwood",0.56,-1.8011,2.3852,0.21103,0.95964,NA,"Check",126.541194682436,136.21205203379,NA
"Acer","ACSA3","NEON.PLA.D05.TREE.01307","TREE_041","TREE","D05",2021-09-20,"Live","single bole tree","Partially shaded",130,NA,22,37.6,NA,59,"Acer saccharum Marshall",6,98.3,"2021",318,"hard maple/oak/hickory/beech","Acer saccharum Marshall","sugar maple","Aceraceae","tree","saccharum",0.841,"hw4",-2.0127,2.4342,"AceraceaeAbove0.50spg","hardwood","Hardwood",0.56,-1.8011,2.3852,0.21103,0.95964,NA,"Check",912.468221843803,943.909281105939,NA
"Acer","ACSA3","NEON.PLA.D05.TREE.00593","TREE_042","TREE","D05",2017-09-25,"Live","single bole tree",NA,130,NA,22.9,33.2,NA,41,"Acer saccharum Marshall",13.1,178.6,"2017",318,"hard maple/oak/hickory/beech","Acer saccharum Marshall","sugar maple","Aceraceae","tree","saccharum",0.841,"hw4",-2.0127,2.4342,"AceraceaeAbove0.50spg","hardwood","Hardwood",0.56,-1.8011,2.3852,0.21103,0.95964,NA,"Check",673.984361398593,701.47268728387,NA
"Acer","ACSA3","NEON.PLA.D05.TREE.01465","TREE_041","TREE","D05",2015-08-10,"Live","single bole tree","Partially shaded",130,NA,22.3,30.9,NA,23,"Acer saccharum Marshall",10.9,308.3,"2015",318,"hard maple/oak/hickory/beech","Acer saccharum Marshall","sugar maple","Aceraceae","tree","saccharum",0.841,"hw4",-2.0127,2.4342,"AceraceaeAbove0.50spg","hardwood","Hardwood",0.56,-1.8011,2.3852,0.21103,0.95964,NA,"Check",565.916591701159,591.073071289533,NA
"Acer","ACSA3","NEON.PLA.D05.TREE.01465","TREE_041","TREE","D05",2018-10-10,"Live","single bole tree",NA,130,NA,19.8,31.8,NA,23,"Acer saccharum Marshall",10.9,308.3,"2018",318,"hard maple/oak/hickory/beech","Acer saccharum Marshall","sugar maple","Aceraceae","tree","saccharum",0.841,"hw4",-2.0127,2.4342,"AceraceaeAbove0.50spg","hardwood","Hardwood",0.56,-1.8011,2.3852,0.21103,0.95964,NA,"Check",606.88107093587,632.967447073664,NA
"Acer","ACSA3","NEON.PLA.D05.TREE.00523","TREE_042","TREE","D05",2018-10-10,"Live","single bole tree",NA,130,NA,21.9,43,NA,61,"Acer saccharum Marshall",9.7,252.8,"2018",318,"hard maple/oak/hickory/beech","Acer saccharum Marshall","sugar maple","Aceraceae","tree","saccharum",0.841,"hw4",-2.0127,2.4342,"AceraceaeAbove0.50spg","hardwood","Hardwood",0.56,-1.8011,2.3852,0.21103,0.95964,NA,"Check",1264.98218950684,1299.99346426988,NA
"Acer","ACSA3","NEON.PLA.D05.TREE.00565","TREE_042","TREE","D05",2015-07-27,"Live","single bole tree","Mostly shaded",130,NA,10,13,NA,61,"Acer saccharum Marshall",8.9,254.9,"2015",318,"hard maple/oak/hickory/beech","Acer saccharum Marshall","sugar maple","Aceraceae","tree","saccharum",0.841,"hw4",-2.0127,2.4342,"AceraceaeAbove0.50spg","hardwood","Hardwood",0.56,-1.8011,2.3852,0.21103,0.95964,NA,"Check",68.7790866715438,74.9496989166102,NA
"Acer","ACSA3","NEON.PLA.D05.TREE.00545","TREE_046","TREE","D05",2022-09-19,"Live","single bole tree","Full sun",130,NA,23.3,44.6,NA,59,"Acer saccharum Marshall",6.5,253.8,"2022",318,"hard maple/oak/hickory/beech","Acer saccharum Marshall","sugar maple","Aceraceae","tree","saccharum",0.841,"hw4",-2.0127,2.4342,"AceraceaeAbove0.50spg","hardwood","Hardwood",0.56,-1.8011,2.3852,0.21103,0.95964,NA,"Check",1382.6313800254,1418.35751358325,NA
"Acer","ACSA3","NEON.PLA.D05.TREE.01307","TREE_041","TREE","D05",2017-10-16,"Live","single bole tree",NA,130,NA,21.7,37.7,NA,59,"Acer saccharum Marshall",6,98.3,"2017",318,"hard maple/oak/hickory/beech","Acer saccharum Marshall","sugar maple","Aceraceae","tree","saccharum",0.841,"hw4",-2.0127,2.4342,"AceraceaeAbove0.50spg","hardwood","Hardwood",0.56,-1.8011,2.3852,0.21103,0.95964,NA,"Check",918.386753419542,949.908113506199,NA
"Acer","ACSA3","NEON.PLA.D05.TREE.00570","TREE_053","TREE","D05",2018-10-09,"Live","single bole tree",NA,130,NA,14.6,30.5,NA,25,"Acer saccharum Marshall",12.5,315.8,"2018",318,"hard maple/oak/hickory/beech","Acer saccharum Marshall","sugar maple","Aceraceae","tree","saccharum",0.841,"hw4",-2.0127,2.4342,"AceraceaeAbove0.50spg","hardwood","Hardwood",0.56,-1.8011,2.3852,0.21103,0.95964,NA,"Check",548.249400189421,572.98623042529,NA
"Acer","ACSA3","NEON.PLA.D05.TREE.00585","TREE_046","TREE","D05",2015-07-28,"Live","single bole tree","Mostly shaded",130,NA,5.4,10.7,NA,25,"Acer saccharum Marshall",4.8,272.8,"2015",318,"hard maple/oak/hickory/beech","Acer saccharum Marshall","sugar maple","Aceraceae","tree","saccharum",0.841,"hw4",-2.0127,2.4342,"AceraceaeAbove0.50spg","hardwood","Hardwood",0.56,-1.8011,2.3852,0.21103,0.95964,NA,"Check",42.8175178958638,47.1062350927348,NA
"Acer","ACSA3","NEON.PLA.D05.TREE.01465","TREE_041","TREE","D05",2022-09-07,"Live","single bole tree","Partially shaded",130,NA,23,32.3,NA,23,"Acer saccharum Marshall",10.9,308.3,"2022",318,"hard maple/oak/hickory/beech","Acer saccharum Marshall","sugar maple","Aceraceae","tree","saccharum",0.841,"hw4",-2.0127,2.4342,"AceraceaeAbove0.50spg","hardwood","Hardwood",0.56,-1.8011,2.3852,0.21103,0.95964,NA,"Check",630.371073674637,656.964745706132,NA
"Acer","ACSA3","NEON.PLA.D05.TREE.00613","TREE_053","TREE","D05",2016-09-27,"Live","single bole tree",NA,130,NA,12,14.6,NA,59,"Acer saccharum Marshall",14.1,127.8,"2016",318,"hard maple/oak/hickory/beech","Acer saccharum Marshall","sugar maple","Aceraceae","tree","saccharum",0.841,"hw4",-2.0127,2.4342,"AceraceaeAbove0.50spg","hardwood","Hardwood",0.56,-1.8011,2.3852,0.21103,0.95964,NA,"Check",91.2353658355506,98.856820951819,NA
"Acer","ACSA3","NEON.PLA.D05.TREE.01036","TREE_041","TREE","D05",2019-10-23,"Live","small tree",NA,130,NA,9.7,8.4,NA,NA,"Acer saccharum Marshall",NA,NA,"2019",318,"hard maple/oak/hickory/beech","Acer saccharum Marshall","sugar maple","Aceraceae","tree","saccharum",0.841,"hw4",-2.0127,2.4342,"AceraceaeAbove0.50spg","hardwood","Hardwood",0.56,-1.8011,2.3852,0.21103,0.95964,NA,"Check",15.5852777858815,17.498731642492,NA
"Acer","ACSA3","NEON.PLA.D05.TREE.00042","TREE_055","TREE","D05",2015-07-29,"Live","single bole tree","Mostly shaded",130,NA,13.9,10.6,NA,41,"Acer saccharum Marshall",7.8,298.8,"2015",318,"hard maple/oak/hickory/beech","Acer saccharum Marshall","sugar maple","Aceraceae","tree","saccharum",0.841,"hw4",-2.0127,2.4342,"AceraceaeAbove0.50spg","hardwood","Hardwood",0.56,-1.8011,2.3852,0.21103,0.95964,NA,"Check",41.8499586767446,46.0629511160927,NA
"Acer","ACSA3","NEON.PLA.D05.TREE.01307","TREE_041","TREE","D05",2022-09-07,"Live","single bole tree","Partially shaded",130,NA,23,37.9,NA,59,"Acer saccharum Marshall",6,98.3,"2022",318,"hard maple/oak/hickory/beech","Acer saccharum Marshall","sugar maple","Aceraceae","tree","saccharum",0.841,"hw4",-2.0127,2.4342,"AceraceaeAbove0.50spg","hardwood","Hardwood",0.56,-1.8011,2.3852,0.21103,0.95964,NA,"Check",930.291517815402,961.972046501915,NA
"Acer","ACSA3","NEON.PLA.D05.TREE.00026","TREE_054","TREE","D05",2021-09-20,"Live, broken bole","single bole tree","Partially shaded",130,NA,10.7,22.6,NA,39,"Acer saccharum Marshall",10,158.6,"2021",318,"hard maple/oak/hickory/beech","Acer saccharum Marshall","sugar maple","Aceraceae","tree","saccharum",0.841,"hw4",-2.0127,2.4342,"AceraceaeAbove0.50spg","hardwood","Hardwood",0.56,-1.8011,2.3852,0.21103,0.95964,NA,"Check",264.281193147823,280.292616514285,NA
"Acer","ACSA3","NEON.PLA.D05.TREE.00597","TREE_046","TREE","D05",2016-09-29,"Live","single bole tree",NA,130,NA,22.5,26.9,NA,59,"Acer saccharum Marshall",3.1,214,"2016",318,"hard maple/oak/hickory/beech","Acer saccharum Marshall","sugar maple","Aceraceae","tree","saccharum",0.841,"hw4",-2.0127,2.4342,"AceraceaeAbove0.50spg","hardwood","Hardwood",0.56,-1.8011,2.3852,0.21103,0.95964,NA,"Check",403.829923085164,424.656080433153,NA
"Acer","ACSA3","NEON.PLA.D05.TREE.00116","TREE_056","TREE","D05",2018-10-09,"Live","single bole tree",NA,130,NA,19.2,33.2,NA,41,"Acer saccharum Marshall",4.7,258.3,"2018",318,"hard maple/oak/hickory/beech","Acer saccharum Marshall","sugar maple","Aceraceae","tree","saccharum",0.841,"hw4",-2.0127,2.4342,"AceraceaeAbove0.50spg","hardwood","Hardwood",0.56,-1.8011,2.3852,0.21103,0.95964,NA,"Check",673.984361398593,701.47268728387,NA
"Acer","ACSA3","NEON.PLA.D05.TREE.00266","TREE_054","TREE","D05",2022-09-07,"Live,  other damage","single bole tree","Full sun",130,NA,14.1,21.3,NA,39,"Acer saccharum Marshall",6,104.1,"2022",318,"hard maple/oak/hickory/beech","Acer saccharum Marshall","sugar maple","Aceraceae","tree","saccharum",0.841,"hw4",-2.0127,2.4342,"AceraceaeAbove0.50spg","hardwood","Hardwood",0.56,-1.8011,2.3852,0.21103,0.95964,NA,"Check",228.790046706794,243.356661447306,NA
"Acer","ACSA3","NEON.PLA.D05.TREE.00662","TREE_042","TREE","D05",2015-07-27,"Live","single bole tree","Mostly shaded",120,NA,17.2,18.6,NA,43,"Acer saccharum Marshall",9.1,242.4,"2015",318,"hard maple/oak/hickory/beech","Acer saccharum Marshall","sugar maple","Aceraceae","tree","saccharum",0.841,"hw4",-2.0127,2.4342,"AceraceaeAbove0.50spg","hardwood","Hardwood",0.56,-1.8011,2.3852,0.21103,0.95964,NA,"Check",164.491668217104,176.130465615616,NA
"Acer","ACSA3","NEON.PLA.D05.TREE.00651","TREE_053","TREE","D05",2015-07-27,"Live","small tree","Mostly shaded",130,NA,12.1,9.5,NA,NA,"Acer saccharum Marshall",NA,NA,"2015",318,"hard maple/oak/hickory/beech","Acer saccharum Marshall","sugar maple","Aceraceae","tree","saccharum",0.841,"hw4",-2.0127,2.4342,"AceraceaeAbove0.50spg","hardwood","Hardwood",0.56,-1.8011,2.3852,0.21103,0.95964,NA,"Check",21.0285200671118,23.4683178272082,NA
"Acer","ACSA3","NEON.PLA.D05.TREE.00055","TREE_051","TREE","D05",2018-10-09,"Standing dead","small tree",NA,130,NA,6.8,8.6,NA,NA,"Acer saccharum Marshall",NA,NA,"2018",318,"hard maple/oak/hickory/beech","Acer saccharum Marshall","sugar maple","Aceraceae","tree","saccharum",0.841,"hw4",-2.0127,2.4342,"AceraceaeAbove0.50spg","hardwood","Hardwood",0.56,-1.8011,2.3852,0.21103,0.95964,NA,"Check",16.5040313248373,18.5089304595812,NA
"Acer","ACSA3","NEON.PLA.D05.TREE.00550","TREE_053","TREE","D05",2015-07-27,"Live","single bole tree","Mostly shaded",130,NA,14.6,10.8,NA,23,"Acer saccharum Marshall",6.7,2.1,"2015",318,"hard maple/oak/hickory/beech","Acer saccharum Marshall","sugar maple","Aceraceae","tree","saccharum",0.841,"hw4",-2.0127,2.4342,"AceraceaeAbove0.50spg","hardwood","Hardwood",0.56,-1.8011,2.3852,0.21103,0.95964,NA,"Check",43.7981333852721,48.1631130727936,NA
"Acer","ACSA3","NEON.PLA.D05.TREE.00024","TREE_049","TREE","D05",2021-09-23,"Live","single bole tree","Mostly shaded",130,NA,16.7,13.6,NA,43,"Acer saccharum Marshall",1.7,198.6,"2021",318,"hard maple/oak/hickory/beech","Acer saccharum Marshall","sugar maple","Aceraceae","tree","saccharum",0.841,"hw4",-2.0127,2.4342,"AceraceaeAbove0.50spg","hardwood","Hardwood",0.56,-1.8011,2.3852,0.21103,0.95964,NA,"Check",76.7637013300187,83.465925410037,NA
"Acer","ACSA3","NEON.PLA.D05.TREE.00515","TREE_042","TREE","D05",2017-09-25,"Live","single bole tree",NA,130,NA,12.3,11.6,NA,25,"Acer saccharum Marshall",8.2,325.2,"2017",318,"hard maple/oak/hickory/beech","Acer saccharum Marshall","sugar maple","Aceraceae","tree","saccharum",0.841,"hw4",-2.0127,2.4342,"AceraceaeAbove0.50spg","hardwood","Hardwood",0.56,-1.8011,2.3852,0.21103,0.95964,NA,"Check",52.1193671403053,57.1133197489124,NA
"Acer","ACSA3","NEON.PLA.D05.TREE.01381","TREE_041","TREE","D05",2021-09-20,"Live","single bole tree","Partially shaded",130,NA,23.1,25.8,NA,59,"Acer saccharum Marshall",9.9,114.7,"2021",318,"hard maple/oak/hickory/beech","Acer saccharum Marshall","sugar maple","Aceraceae","tree","saccharum",0.841,"hw4",-2.0127,2.4342,"AceraceaeAbove0.50spg","hardwood","Hardwood",0.56,-1.8011,2.3852,0.21103,0.95964,NA,"Check",364.804498029941,384.403675285001,NA
"Acer","ACSA3","NEON.PLA.D05.TREE.01383","TREE_041","TREE","D05",2015-08-10,"Live","single bole tree","Full sun",130,NA,16.1,21.3,NA,59,"Acer saccharum Marshall",10.6,155.1,"2015",318,"hard maple/oak/hickory/beech","Acer saccharum Marshall","sugar maple","Aceraceae","tree","saccharum",0.841,"hw4",-2.0127,2.4342,"AceraceaeAbove0.50spg","hardwood","Hardwood",0.56,-1.8011,2.3852,0.21103,0.95964,NA,"Check",228.790046706794,243.356661447306,NA
"Acer","ACSA3","NEON.PLA.D05.TREE.01307","TREE_041","TREE","D05",2019-10-23,"Live","single bole tree",NA,130,NA,22.3,37.4,NA,59,"Acer saccharum Marshall",6,98.3,"2019",318,"hard maple/oak/hickory/beech","Acer saccharum Marshall","sugar maple","Aceraceae","tree","saccharum",0.841,"hw4",-2.0127,2.4342,"AceraceaeAbove0.50spg","hardwood","Hardwood",0.56,-1.8011,2.3852,0.21103,0.95964,NA,"Check",900.698729933418,931.977771597359,NA
"Acer","ACSA3","NEON.PLA.D05.TREE.01478","TREE_041","TREE","D05",2016-10-18,"Live","multi-bole tree",NA,130,NA,24.5,32,NA,39,"Acer saccharum Marshall",8,124.8,"2016",318,"hard maple/oak/hickory/beech","Acer saccharum Marshall","sugar maple","Aceraceae","tree","saccharum",0.841,"hw4",-2.0127,2.4342,"AceraceaeAbove0.50spg","hardwood","Hardwood",0.56,-1.8011,2.3852,0.21103,0.95964,NA,"Check",616.214017743563,642.504149656533,NA
"Acer","ACSA3","NEON.PLA.D05.TREE.00589","TREE_046","TREE","D05",2021-09-21,"Live","single bole tree","Partially shaded",130,NA,20,23.4,NA,25,"Acer saccharum Marshall",10.8,318.3,"2021",318,"hard maple/oak/hickory/beech","Acer saccharum Marshall","sugar maple","Aceraceae","tree","saccharum",0.841,"hw4",-2.0127,2.4342,"AceraceaeAbove0.50spg","hardwood","Hardwood",0.56,-1.8011,2.3852,0.21103,0.95964,NA,"Check",287.63434142995,304.541071717494,NA
"Acer","ACSA3","NEON.PLA.D05.TREE.01283","TREE_047","TREE","D05",2016-10-19,"Live","single bole tree",NA,130,NA,21.1,39.7,NA,41,"Acer saccharum Marshall",11.1,54.9,"2016",318,"hard maple/oak/hickory/beech","Acer saccharum Marshall","sugar maple","Aceraceae","tree","saccharum",0.841,"hw4",-2.0127,2.4342,"AceraceaeAbove0.50spg","hardwood","Hardwood",0.56,-1.8011,2.3852,0.21103,0.95964,NA,"Check",1041.52895449994,1074.55172423987,NA
"Acer","ACSA3","NEON.PLA.D05.TREE.01470","TREE_041","TREE","D05",2017-10-16,"Live","single bole tree",NA,130,NA,17.6,20,NA,23,"Acer saccharum Marshall",5.3,304,"2017",318,"hard maple/oak/hickory/beech","Acer saccharum Marshall","sugar maple","Aceraceae","tree","saccharum",0.841,"hw4",-2.0127,2.4342,"AceraceaeAbove0.50spg","hardwood","Hardwood",0.56,-1.8011,2.3852,0.21103,0.95964,NA,"Check",196.273972149929,209.415563279415,NA
"Acer","ACSA3","NEON.PLA.D05.TREE.01301","TREE_041","TREE","D05",2019-10-23,"Live","small tree",NA,130,NA,NA,7.2,NA,NA,"Acer saccharum Marshall",NA,NA,"2019",318,"hard maple/oak/hickory/beech","Acer saccharum Marshall","sugar maple","Aceraceae","tree","saccharum",0.841,"hw4",-2.0127,2.4342,"AceraceaeAbove0.50spg","hardwood","Hardwood",0.56,-1.8011,2.3852,0.21103,0.95964,NA,"Check",10.7090925554156,12.1150465815194,NA
"Acer","ACSA3","NEON.PLA.D05.TREE.00348","TREE_054","TREE","D05",2017-08-30,"Live","single bole tree",NA,145,NA,10.4,13.2,NA,59,"Acer saccharum Marshall",8.8,121.5,"2017",318,"hard maple/oak/hickory/beech","Acer saccharum Marshall","sugar maple","Aceraceae","tree","saccharum",0.841,"hw4",-2.0127,2.4342,"AceraceaeAbove0.50spg","hardwood","Hardwood",0.56,-1.8011,2.3852,0.21103,0.95964,NA,"Check",71.3832898751995,77.7293702886172,NA
"Acer","ACSA3","NEON.PLA.D05.TREE.00570","TREE_053","TREE","D05",2015-07-27,"Live","single bole tree","Partially shaded",130,NA,16.2,29.1,NA,25,"Acer saccharum Marshall",12.5,315.8,"2015",318,"hard maple/oak/hickory/beech","Acer saccharum Marshall","sugar maple","Aceraceae","tree","saccharum",0.841,"hw4",-2.0127,2.4342,"AceraceaeAbove0.50spg","hardwood","Hardwood",0.56,-1.8011,2.3852,0.21103,0.95964,NA,"Check",488.994314971795,512.235609014301,NA
"Acer","ACSA3","NEON.PLA.D05.TREE.01478A","TREE_041","TREE","D05",2017-10-16,"Live","multi-bole tree",NA,140,NA,NA,26.5,NA,39,"Acer saccharum Marshall",8,124.8,"2017",318,"hard maple/oak/hickory/beech","Acer saccharum Marshall","sugar maple","Aceraceae","tree","saccharum",0.841,"hw4",-2.0127,2.4342,"AceraceaeAbove0.50spg","hardwood","Hardwood",0.56,-1.8011,2.3852,0.21103,0.95964,NA,"Check",389.36831040333,409.749344199338,NA
"Acer","ACSA3","NEON.PLA.D05.TREE.00563","TREE_046","TREE","D05",2015-07-28,"Live","single bole tree","Partially shaded",130,NA,12.9,19.1,NA,57,"Acer saccharum Marshall",8.9,135.5,"2015",318,"hard maple/oak/hickory/beech","Acer saccharum Marshall","sugar maple","Aceraceae","tree","saccharum",0.841,"hw4",-2.0127,2.4342,"AceraceaeAbove0.50spg","hardwood","Hardwood",0.56,-1.8011,2.3852,0.21103,0.95964,NA,"Check",175.463552835106,187.634630440587,NA
"Acer","ACSA3","NEON.PLA.D05.TREE.01470","TREE_041","TREE","D05",2019-10-23,"Dead, broken bole","single bole tree",NA,130,NA,5.1,20.3,NA,23,"Acer saccharum Marshall",5.3,304,"2019",318,"hard maple/oak/hickory/beech","Acer saccharum Marshall","sugar maple","Aceraceae","tree","saccharum",0.841,"hw4",-2.0127,2.4342,"AceraceaeAbove0.50spg","hardwood","Hardwood",0.56,-1.8011,2.3852,0.21103,0.95964,NA,"Check",203.517777709207,216.986022147958,NA
"Acer","ACSA3","NEON.PLA.D05.TREE.01307","TREE_041","TREE","D05",2018-10-10,"Live","single bole tree",NA,130,NA,23.3,37.1,NA,59,"Acer saccharum Marshall",6,98.3,"2018",318,"hard maple/oak/hickory/beech","Acer saccharum Marshall","sugar maple","Aceraceae","tree","saccharum",0.841,"hw4",-2.0127,2.4342,"AceraceaeAbove0.50spg","hardwood","Hardwood",0.56,-1.8011,2.3852,0.21103,0.95964,NA,"Check",883.213028983085,914.245555743148,NA
"Acer","ACSA3","NEON.PLA.D05.TREE.01307","TREE_041","TREE","D05",2016-10-18,"Live","single bole tree",NA,130,NA,20.6,36.5,NA,59,"Acer saccharum Marshall",6,98.3,"2016",318,"hard maple/oak/hickory/beech","Acer saccharum Marshall","sugar maple","Aceraceae","tree","saccharum",0.841,"hw4",-2.0127,2.4342,"AceraceaeAbove0.50spg","hardwood","Hardwood",0.56,-1.8011,2.3852,0.21103,0.95964,NA,"Check",848.845766343809,879.373044348599,NA
"Acer","ACSA3","NEON.PLA.D05.TREE.00134","TREE_055","TREE","D05",2016-09-27,"Live","small tree",NA,130,NA,10.7,7.8,NA,NA,"Acer saccharum Marshall",NA,NA,"2016",318,"hard maple/oak/hickory/beech","Acer saccharum Marshall","sugar maple","Aceraceae","tree","saccharum",0.841,"hw4",-2.0127,2.4342,"AceraceaeAbove0.50spg","hardwood","Hardwood",0.56,-1.8011,2.3852,0.21103,0.95964,NA,"Check",13.012795090781,14.6635682250601,NA
"Acer","ACSA3","NEON.PLA.D05.TREE.00581","TREE_046","TREE","D05",2017-09-25,"Live","small tree",NA,130,NA,6.6,4.4,NA,NA,"Acer saccharum Marshall",NA,NA,"2017",318,"hard maple/oak/hickory/beech","Acer saccharum Marshall","sugar maple","Aceraceae","tree","saccharum",0.841,"hw4",-2.0127,2.4342,"AceraceaeAbove0.50spg","hardwood","Hardwood",0.56,-1.8011,2.3852,0.21103,0.95964,NA,"Check",3.22943400789303,3.7426476431902,NA
"Acer","ACSA3","NEON.PLA.D05.TREE.00523","TREE_042","TREE","D05",2015-07-27,"Live","single bole tree","Partially shaded",130,NA,20.3,45.1,NA,61,"Acer saccharum Marshall",9.7,252.8,"2015",318,"hard maple/oak/hickory/beech","Acer saccharum Marshall","sugar maple","Aceraceae","tree","saccharum",0.841,"hw4",-2.0127,2.4342,"AceraceaeAbove0.50spg","hardwood","Hardwood",0.56,-1.8011,2.3852,0.21103,0.95964,NA,"Check",1420.66615588149,1456.5791745394,NA
"Acer","ACSA3","NEON.PLA.D05.TREE.01383","TREE_041","TREE","D05",2018-10-10,"Live","single bole tree",NA,130,NA,18.5,22.7,NA,59,"Acer saccharum Marshall",10.6,155.1,"2018",318,"hard maple/oak/hickory/beech","Acer saccharum Marshall","sugar maple","Aceraceae","tree","saccharum",0.841,"hw4",-2.0127,2.4342,"AceraceaeAbove0.50spg","hardwood","Hardwood",0.56,-1.8011,2.3852,0.21103,0.95964,NA,"Check",267.136749897871,283.259890690269,NA
"Acer","ACSA3","NEON.PLA.D05.TREE.00266","TREE_054","TREE","D05",2015-07-30,"Live","single bole tree","Mostly shaded",130,NA,14.3,20.8,NA,39,"Acer saccharum Marshall",6,104.1,"2015",318,"hard maple/oak/hickory/beech","Acer saccharum Marshall","sugar maple","Aceraceae","tree","saccharum",0.841,"hw4",-2.0127,2.4342,"AceraceaeAbove0.50spg","hardwood","Hardwood",0.56,-1.8011,2.3852,0.21103,0.95964,NA,"Check",215.936106404519,229.951832687706,NA
"Acer","ACSA3","NEON.PLA.D05.TREE.00575","TREE_049","TREE","D05",2015-07-28,"Live","single bole tree","Mostly shaded",130,NA,16.8,17.5,NA,21,"Acer saccharum Marshall",10,56.2,"2015",318,"hard maple/oak/hickory/beech","Acer saccharum Marshall","sugar maple","Aceraceae","tree","saccharum",0.841,"hw4",-2.0127,2.4342,"AceraceaeAbove0.50spg","hardwood","Hardwood",0.56,-1.8011,2.3852,0.21103,0.95964,NA,"Check",141.807341212963,152.295321612607,NA
"Acer","ACSA3","NEON.PLA.D05.TREE.00563","TREE_046","TREE","D05",2021-09-21,"Live","single bole tree","Mostly shaded",130,NA,15.9,20,NA,57,"Acer saccharum Marshall",8.9,135.5,"2021",318,"hard maple/oak/hickory/beech","Acer saccharum Marshall","sugar maple","Aceraceae","tree","saccharum",0.841,"hw4",-2.0127,2.4342,"AceraceaeAbove0.50spg","hardwood","Hardwood",0.56,-1.8011,2.3852,0.21103,0.95964,NA,"Check",196.273972149929,209.415563279415,NA
"Acer","ACSA3","NEON.PLA.D05.TREE.02199","TREE_003","TREE","D05",2018-04-25,"Live","single bole tree","Mostly shaded",130,NA,16.3,31.8,NA,31,"Acer saccharum Marshall",4.3,69.4,"2018",318,"hard maple/oak/hickory/beech","Acer saccharum Marshall","sugar maple","Aceraceae","tree","saccharum",0.841,"hw4",-2.0127,2.4342,"AceraceaeAbove0.50spg","hardwood","Hardwood",0.56,-1.8011,2.3852,0.21103,0.95964,NA,"Check",606.88107093587,632.967447073664,NA
"Amelanchier","AMELA","NEON.PLA.D05.TREE.02072","TREE_016","TREE","D05",2019-10-30,"Live","small tree",NA,130,NA,2.1,1.4,NA,NA,"Amelanchier sp.",NA,NA,"2019",356,"woodland","Amelanchier Medik.","serviceberry","Rosaceae","shrub/tree","spp.",NA,"wl",-0.7152,1.7029,"Cornaceae/Ericaceae/Lauraceae/Platanaceae/Rosaceae/Ulmaceae","hardwood","Hardwood",0.47,-2.2118,2.4133,NA,NA,NA,"Check",NA,NA,NA
"Amelanchier","AMELA","NEON.PLA.D05.TREE.00972","TREE_016","TREE","D05",2019-10-30,"Live","small tree",NA,130,NA,3.3,2.6,NA,NA,"Amelanchier sp.",NA,NA,"2019",356,"woodland","Amelanchier Medik.","serviceberry","Rosaceae","shrub/tree","spp.",NA,"wl",-0.7152,1.7029,"Cornaceae/Ericaceae/Lauraceae/Platanaceae/Rosaceae/Ulmaceae","hardwood","Hardwood",0.47,-2.2118,2.4133,NA,NA,NA,"Check",NA,NA,NA
"Amelanchier","AMELA","NEON.PLA.D05.TREE.02072","TREE_016","TREE","D05",2017-10-24,"Live","small tree",NA,130,NA,1.9,1.2,NA,NA,"Amelanchier sp.",NA,NA,"2017",356,"woodland","Amelanchier Medik.","serviceberry","Rosaceae","shrub/tree","spp.",NA,"wl",-0.7152,1.7029,"Cornaceae/Ericaceae/Lauraceae/Platanaceae/Rosaceae/Ulmaceae","hardwood","Hardwood",0.47,-2.2118,2.4133,NA,NA,NA,"Check",NA,NA,NA
"Betula","BEPA","NEON.PLA.D05.TREE.00810","TREE_052","TREE","D05",2018-08-29,"Live","multi-bole tree",NA,130,NA,8.5,12.1,NA,21,"Betula papyrifera Marshall",2.5,14.3,"2018",375,"soft maple/birch","Betula papyrifera Marshall","paper birch","Betulaceae","tree","papyrifera",0.792,"hw2",-1.9123,2.3651,"Betulaceae0.40-0.49spg","hardwood","Hardwood",0.47,-2.2271,2.4513,0.37119,0.87982,NA,"Check",53.7519645415796,48.6423487999654,NA
"Betula","BEAL2","NEON.PLA.D05.TREE.01289A","TREE_047","TREE","D05",2015-08-06,"Live","multi-bole tree",NA,130,NA,NA,22.1,NA,NA,"Betula alleghaniensis Britton",NA,NA,"2015",371,"soft maple/birch","Betula alleghaniensis Britton","yellow birch","Betulaceae","tree","alleghaniensis",0.789,"hw2",-1.9123,2.3651,"Betulaceae0.50-0.59spg","hardwood","Hardwood",0.55,-1.8096,2.348,0.37119,0.87982,NA,"Check",223.419373034474,234.819286526719,NA
"Betula","BEPA","NEON.PLA.D05.TREE.00810","TREE_052","TREE","D05",2015-08-03,"Live","multi-bole tree","Partially shaded",130,NA,9.4,12.7,NA,21,"Betula papyrifera Marshall",2.5,14.3,"2015",375,"soft maple/birch","Betula papyrifera Marshall","paper birch","Betulaceae","tree","papyrifera",0.792,"hw2",-1.9123,2.3651,"Betulaceae0.40-0.49spg","hardwood","Hardwood",0.47,-2.2271,2.4513,0.37119,0.87982,NA,"Check",60.2705067069696,54.7692533686194,NA
"Betula","BEPA","NEON.PLA.D05.TREE.00755","TREE_025","TREE","D05",2017-10-18,"Live","single bole tree",NA,130,NA,12.4,10.9,NA,21,"Betula papyrifera Marshall",6,30.3,"2017",375,"soft maple/birch","Betula papyrifera Marshall","paper birch","Betulaceae","tree","papyrifera",0.792,"hw2",-1.9123,2.3651,"Betulaceae0.40-0.49spg","hardwood","Hardwood",0.47,-2.2271,2.4513,0.37119,0.87982,NA,"Check",41.9871186662819,37.655319229097,NA
"Betula","BEAL2","NEON.PLA.D05.TREE.00983","TREE_040","TREE","D05",2020-09-29,"Live,  other damage","single bole tree","Partially shaded",130,NA,9.3,27.5,NA,59,"Betula alleghaniensis Britton",12,155.9,"2020",371,"soft maple/birch","Betula alleghaniensis Britton","yellow birch","Betulaceae","tree","alleghaniensis",0.789,"hw2",-1.9123,2.3651,"Betulaceae0.50-0.59spg","hardwood","Hardwood",0.55,-1.8096,2.348,0.37119,0.87982,NA,"Check",374.683368879199,392.332125097191,NA
"Betula","BEPA","NEON.PLA.D05.TREE.00810A","TREE_052","TREE","D05",2016-09-29,"Live","multi-bole tree",NA,130,NA,NA,11.8,NA,21,"Betula papyrifera Marshall",2.5,14.3,"2016",375,"soft maple/birch","Betula papyrifera Marshall","paper birch","Betulaceae","tree","papyrifera",0.792,"hw2",-1.9123,2.3651,"Betulaceae0.40-0.49spg","hardwood","Hardwood",0.47,-2.2271,2.4513,0.37119,0.87982,NA,"Check",50.6531895911395,45.7390482932269,NA
"Betula","BEPA","NEON.PLA.D05.TREE.03644","TREE_004","TREE","D05",2018-05-02,"Dead, broken bole","single bole tree","Partially shaded",130,NA,11.2,25,NA,NA,"Betula papyrifera Marshall",NA,NA,"2018",375,"soft maple/birch","Betula papyrifera Marshall","paper birch","Betulaceae","tree","papyrifera",0.792,"hw2",-1.9123,2.3651,"Betulaceae0.40-0.49spg","hardwood","Hardwood",0.47,-2.2271,2.4513,0.37119,0.87982,NA,"Check",299.06567957419,288.10653055453,NA
"Betula","BEPA","NEON.PLA.D05.TREE.00476","TREE_052","TREE","D05",2018-08-29,"Live","single bole tree",NA,130,NA,7.8,20.3,NA,23,"Betula papyrifera Marshall",7.1,279.1,"2018",375,"soft maple/birch","Betula papyrifera Marshall","paper birch","Betulaceae","tree","papyrifera",0.792,"hw2",-1.9123,2.3651,"Betulaceae0.40-0.49spg","hardwood","Hardwood",0.47,-2.2271,2.4513,0.37119,0.87982,NA,"Check",182.750065600249,172.921023372881,NA
"Betula","BEPA","NEON.PLA.D05.TREE.01050","TREE_047","TREE","D05",2017-10-16,"Live","single bole tree",NA,130,NA,21.4,40.8,NA,61,"Betula papyrifera Marshall",4.4,227.3,"2017",375,"soft maple/birch","Betula papyrifera Marshall","paper birch","Betulaceae","tree","papyrifera",0.792,"hw2",-1.9123,2.3651,"Betulaceae0.40-0.49spg","hardwood","Hardwood",0.47,-2.2271,2.4513,0.37119,0.87982,NA,"Check",952.513224356256,957.18088502785,NA
"Betula","BEPA","NEON.PLA.D05.TREE.01427","TREE_039","TREE","D05",2020-10-01,"Live","single bole tree","Full sun",130,NA,18,34.5,NA,61,"Betula papyrifera Marshall",9.6,263,"2020",375,"soft maple/birch","Betula papyrifera Marshall","paper birch","Betulaceae","tree","papyrifera",0.792,"hw2",-1.9123,2.3651,"Betulaceae0.40-0.49spg","hardwood","Hardwood",0.47,-2.2271,2.4513,0.37119,0.87982,NA,"Check",640.611313163539,634.510344882374,NA
"Betula","BEPA","NEON.PLA.D05.TREE.02694","TREE_023","TREE","D05",2018-05-08,"Live","single bole tree","Full shade",130,NA,9.1,15.6,NA,41,"Betula papyrifera Marshall",5.9,142.1,"2018",375,"soft maple/birch","Betula papyrifera Marshall","paper birch","Betulaceae","tree","papyrifera",0.792,"hw2",-1.9123,2.3651,"Betulaceae0.40-0.49spg","hardwood","Hardwood",0.47,-2.2271,2.4513,0.37119,0.87982,NA,"Check",98.0296946401653,90.6753179928425,NA
"Betula","BEPA","NEON.PLA.D05.TREE.03644","TREE_004","TREE","D05",2018-05-01,"Dead, broken bole","single bole tree","Partially shaded",130,NA,11.2,25,NA,NA,"Betula papyrifera Marshall",NA,NA,"2018",375,"soft maple/birch","Betula papyrifera Marshall","paper birch","Betulaceae","tree","papyrifera",0.792,"hw2",-1.9123,2.3651,"Betulaceae0.40-0.49spg","hardwood","Hardwood",0.47,-2.2271,2.4513,0.37119,0.87982,NA,"Check",299.06567957419,288.10653055453,NA
"Betula","BEPA","NEON.PLA.D05.TREE.01427","TREE_039","TREE","D05",2019-10-23,"Live","single bole tree",NA,130,NA,15.9,33.6,NA,61,"Betula papyrifera Marshall",9.6,263,"2019",375,"soft maple/birch","Betula papyrifera Marshall","paper birch","Betulaceae","tree","papyrifera",0.792,"hw2",-1.9123,2.3651,"Betulaceae0.40-0.49spg","hardwood","Hardwood",0.47,-2.2271,2.4513,0.37119,0.87982,NA,"Check",601.788226977074,594.700399191885,NA
"Betula","BEPA","NEON.PLA.D05.TREE.01050","TREE_047","TREE","D05",2016-10-19,"Live","single bole tree",NA,130,NA,22.1,39.9,NA,61,"Betula papyrifera Marshall",4.4,227.3,"2016",375,"soft maple/birch","Betula papyrifera Marshall","paper birch","Betulaceae","tree","papyrifera",0.792,"hw2",-1.9123,2.3651,"Betulaceae0.40-0.49spg","hardwood","Hardwood",0.47,-2.2271,2.4513,0.37119,0.87982,NA,"Check",903.565536496763,906.249163166356,NA
"Betula","BEPA","NEON.PLA.D05.TREE.00810","TREE_052","TREE","D05",2016-09-29,"Live","multi-bole tree",NA,130,NA,10.4,12.4,NA,21,"Betula papyrifera Marshall",2.5,14.3,"2016",375,"soft maple/birch","Betula papyrifera Marshall","paper birch","Betulaceae","tree","papyrifera",0.792,"hw2",-1.9123,2.3651,"Betulaceae0.40-0.49spg","hardwood","Hardwood",0.47,-2.2271,2.4513,0.37119,0.87982,NA,"Check",56.9574175074409,51.6520230536831,NA
"Betula","BEPA","NEON.PLA.D05.TREE.00476","TREE_052","TREE","D05",2015-08-03,"Live","single bole tree",NA,3,NA,8.4,19.5,NA,23,"Betula papyrifera Marshall",7.1,279.1,"2015",375,"soft maple/birch","Betula papyrifera Marshall","paper birch","Betulaceae","tree","papyrifera",0.792,"hw2",-1.9123,2.3651,"Betulaceae0.40-0.49spg","hardwood","Hardwood",0.47,-2.2271,2.4513,0.37119,0.87982,NA,"Check",0.27062265635465,0.240522268978321,NA
"Betula","BEPA","NEON.PLA.D05.TREE.03658","TREE_004","TREE","D05",2019-10-08,"Live","single bole tree","Open grown",130,NA,11.9,29,NA,31,"Betula papyrifera Marshall",9.4,33.7,"2019",375,"soft maple/birch","Betula papyrifera Marshall","paper birch","Betulaceae","tree","papyrifera",0.792,"hw2",-1.9123,2.3651,"Betulaceae0.40-0.49spg","hardwood","Hardwood",0.47,-2.2271,2.4513,0.37119,0.87982,NA,"Check",424.830968017863,414.532868446629,NA
"Betula","BEPA","NEON.PLA.D05.TREE.00810","TREE_052","TREE","D05",2017-09-26,"Live","multi-bole tree",NA,130,NA,11.5,13,NA,21,"Betula papyrifera Marshall",2.5,14.3,"2017",375,"soft maple/birch","Betula papyrifera Marshall","paper birch","Betulaceae","tree","papyrifera",0.792,"hw2",-1.9123,2.3651,"Betulaceae0.40-0.49spg","hardwood","Hardwood",0.47,-2.2271,2.4513,0.37119,0.87982,NA,"Check",63.6921757480048,57.9952064632417,NA
"Betula","BEAL2","NEON.PLA.D05.TREE.01325","TREE_040","TREE","D05",2015-08-10,"Live,  other damage","single bole tree","Full sun",130,NA,8.2,21.4,NA,41,"Betula alleghaniensis Britton",4.5,134.3,"2015",371,"soft maple/birch","Betula alleghaniensis Britton","yellow birch","Betulaceae","tree","alleghaniensis",0.789,"hw2",-1.9123,2.3651,"Betulaceae0.50-0.59spg","hardwood","Hardwood",0.55,-1.8096,2.348,0.37119,0.87982,NA,"Check",207.04286925793,217.726978332905,NA
"Betula","BEAL2","NEON.PLA.D05.TREE.01325","TREE_040","TREE","D05",2018-10-18,"Live","single bole tree",NA,130,NA,11,21.2,NA,41,"Betula alleghaniensis Britton",4.5,134.3,"2018",371,"soft maple/birch","Betula alleghaniensis Britton","yellow birch","Betulaceae","tree","alleghaniensis",0.789,"hw2",-1.9123,2.3651,"Betulaceae0.50-0.59spg","hardwood","Hardwood",0.55,-1.8096,2.348,0.37119,0.87982,NA,"Check",202.495607466234,212.979256699527,NA
"Betula","BEPA","NEON.PLA.D05.TREE.00810A","TREE_052","TREE","D05",2017-09-26,"Live","multi-bole tree",NA,130,NA,NA,11.6,NA,21,"Betula papyrifera Marshall",2.5,14.3,"2017",375,"soft maple/birch","Betula papyrifera Marshall","paper birch","Betulaceae","tree","papyrifera",0.792,"hw2",-1.9123,2.3651,"Betulaceae0.40-0.49spg","hardwood","Hardwood",0.47,-2.2271,2.4513,0.37119,0.87982,NA,"Check",48.6461251289593,43.8620199755232,NA
"Betula","BEAL2","NEON.PLA.D05.TREE.00893","TREE_025","TREE","D05",2018-10-17,"Live","single bole tree",NA,130,NA,13,24.4,NA,21,"Betula alleghaniensis Britton",7.5,4,"2018",371,"soft maple/birch","Betula alleghaniensis Britton","yellow birch","Betulaceae","tree","alleghaniensis",0.789,"hw2",-1.9123,2.3651,"Betulaceae0.50-0.59spg","hardwood","Hardwood",0.55,-1.8096,2.348,0.37119,0.87982,NA,"Check",282.367260606187,296.272960913263,NA
"Betula","BEPA","NEON.PLA.D05.TREE.02223","TREE_015","TREE","D05",2018-05-08,"Live","single bole tree","Partially shaded",130,NA,15.6,16.2,NA,51,"Betula papyrifera Marshall",7.7,250.3,"2018",375,"soft maple/birch","Betula papyrifera Marshall","paper birch","Betulaceae","tree","papyrifera",0.792,"hw2",-1.9123,2.3651,"Betulaceae0.40-0.49spg","hardwood","Hardwood",0.47,-2.2271,2.4513,0.37119,0.87982,NA,"Check",107.182189168625,99.4642276184723,NA
"Betula","BEPA","NEON.PLA.D05.TREE.03658","TREE_004","TREE","D05",2018-05-02,"Live, physically damaged","single bole tree","Partially shaded",140,NA,11.7,21.1,NA,31,"Betula papyrifera Marshall",9.4,33.7,"2018",375,"soft maple/birch","Betula papyrifera Marshall","paper birch","Betulaceae","tree","papyrifera",0.792,"hw2",-1.9123,2.3651,"Betulaceae0.40-0.49spg","hardwood","Hardwood",0.47,-2.2271,2.4513,0.37119,0.87982,NA,"Check",200.243808785346,190.106226758888,NA
"Betula","BEPA","NEON.PLA.D05.TREE.02234","TREE_015","TREE","D05",2018-05-08,"Live","single bole tree","Partially shaded",130,NA,14.9,19.1,NA,33,"Betula papyrifera Marshall",6.2,305.3,"2018",375,"soft maple/birch","Betula papyrifera Marshall","paper birch","Betulaceae","tree","papyrifera",0.792,"hw2",-1.9123,2.3651,"Betulaceae0.40-0.49spg","hardwood","Hardwood",0.47,-2.2271,2.4513,0.37119,0.87982,NA,"Check",158.223387785889,148.929198582516,NA
"Betula","BEPA","NEON.PLA.D05.TREE.00810B","TREE_052","TREE","D05",2016-09-29,"Live, broken bole","multi-bole tree",NA,130,NA,NA,11.3,NA,21,"Betula papyrifera Marshall",2.5,14.3,"2016",375,"soft maple/birch","Betula papyrifera Marshall","paper birch","Betulaceae","tree","papyrifera",0.792,"hw2",-1.9123,2.3651,"Betulaceae0.40-0.49spg","hardwood","Hardwood",0.47,-2.2271,2.4513,0.37119,0.87982,NA,"Check",45.7229759051063,41.1333373952534,NA
"Betula","BEPA","NEON.PLA.D05.TREE.03279","TREE_025","TREE","D05",2018-10-17,"Live","single bole tree",NA,130,NA,13.6,10.2,NA,21,"Betula papyrifera Marshall",9.1,23,"2018",375,"soft maple/birch","Betula papyrifera Marshall","paper birch","Betulaceae","tree","papyrifera",0.792,"hw2",-1.9123,2.3651,"Betulaceae0.40-0.49spg","hardwood","Hardwood",0.47,-2.2271,2.4513,0.37119,0.87982,NA,"Check",35.8871465748658,32.0010597278733,NA
"Betula","BEPA","NEON.PLA.D05.TREE.00755","TREE_025","TREE","D05",2015-08-04,"Live","single bole tree","Partially shaded",130,NA,9.1,10.1,NA,21,"Betula papyrifera Marshall",6,30.3,"2015",375,"soft maple/birch","Betula papyrifera Marshall","paper birch","Betulaceae","tree","papyrifera",0.792,"hw2",-1.9123,2.3651,"Betulaceae0.40-0.49spg","hardwood","Hardwood",0.47,-2.2271,2.4513,0.37119,0.87982,NA,"Check",35.060583804626,31.2374621500316,NA
"Betula","BEPA","NEON.PLA.D05.TREE.01427","TREE_039","TREE","D05",2021-09-30,"Live","single bole tree","Partially shaded",130,NA,18.3,33.9,NA,61,"Betula papyrifera Marshall",9.6,263,"2021",375,"soft maple/birch","Betula papyrifera Marshall","paper birch","Betulaceae","tree","papyrifera",0.792,"hw2",-1.9123,2.3651,"Betulaceae0.40-0.49spg","hardwood","Hardwood",0.47,-2.2271,2.4513,0.37119,0.87982,NA,"Check",614.573696192337,607.800817055574,NA
"Betula","BEPA","NEON.PLA.D05.TREE.00810A","TREE_052","TREE","D05",2018-08-29,"Live","multi-bole tree",NA,130,NA,8.5,11.7,NA,21,"Betula papyrifera Marshall",2.5,14.3,"2018",375,"soft maple/birch","Betula papyrifera Marshall","paper birch","Betulaceae","tree","papyrifera",0.792,"hw2",-1.9123,2.3651,"Betulaceae0.40-0.49spg","hardwood","Hardwood",0.47,-2.2271,2.4513,0.37119,0.87982,NA,"Check",49.6438030369609,44.79471339641,NA
"Betula","BEPA","NEON.PLA.D05.TREE.01414","TREE_039","TREE","D05",2020-10-01,"Live","single bole tree","Full sun",130,NA,18.6,29.2,NA,61,"Betula papyrifera Marshall",8.1,251,"2020",375,"soft maple/birch","Betula papyrifera Marshall","paper birch","Betulaceae","tree","papyrifera",0.792,"hw2",-1.9123,2.3651,"Betulaceae0.40-0.49spg","hardwood","Hardwood",0.47,-2.2271,2.4513,0.37119,0.87982,NA,"Check",431.793046445421,421.575868229415,NA
"Betula","BEPA","NEON.PLA.D05.TREE.02876","TREE_017","TREE","D05",2019-11-04,"Dead, broken bole","single bole tree","Mostly shaded",130,NA,9.3,25.5,NA,NA,"Betula papyrifera Marshall",NA,NA,"2019",375,"soft maple/birch","Betula papyrifera Marshall","paper birch","Betulaceae","tree","papyrifera",0.792,"hw2",-1.9123,2.3651,"Betulaceae0.40-0.49spg","hardwood","Hardwood",0.47,-2.2271,2.4513,0.37119,0.87982,NA,"Check",313.405665474538,302.436848319569,NA
"Betula","BEPA","NEON.PLA.D05.TREE.01414","TREE_039","TREE","D05",2019-10-23,"Live","single bole tree",NA,130,NA,16.4,28.7,NA,61,"Betula papyrifera Marshall",8.1,251,"2019",375,"soft maple/birch","Betula papyrifera Marshall","paper birch","Betulaceae","tree","papyrifera",0.792,"hw2",-1.9123,2.3651,"Betulaceae0.40-0.49spg","hardwood","Hardwood",0.47,-2.2271,2.4513,0.37119,0.87982,NA,"Check",414.510118266425,404.099816114671,NA
"Betula","BEAL2","NEON.PLA.D05.TREE.01400","TREE_041","TREE","D05",2017-10-16,"Live, broken bole","single bole tree",NA,130,NA,15.1,29.5,NA,61,"Betula alleghaniensis Britton",7.4,199.5,"2017",371,"soft maple/birch","Betula alleghaniensis Britton","yellow birch","Betulaceae","tree","alleghaniensis",0.789,"hw2",-1.9123,2.3651,"Betulaceae0.50-0.59spg","hardwood","Hardwood",0.55,-1.8096,2.348,0.37119,0.87982,NA,"Check",442.358841740218,462.639594952341,NA
"Betula","BEAL2","NEON.PLA.D05.TREE.01325","TREE_040","TREE","D05",2016-10-20,"Live","single bole tree",NA,130,NA,15.3,21.1,NA,41,"Betula alleghaniensis Britton",4.5,134.3,"2016",371,"soft maple/birch","Betula alleghaniensis Britton","yellow birch","Betulaceae","tree","alleghaniensis",0.789,"hw2",-1.9123,2.3651,"Betulaceae0.50-0.59spg","hardwood","Hardwood",0.55,-1.8096,2.348,0.37119,0.87982,NA,"Check",200.243808785346,210.627906212249,NA
"Betula","BEAL2","NEON.PLA.D05.TREE.01289A","TREE_047","TREE","D05",2016-10-19,"Live","multi-bole tree",NA,130,NA,NA,22.3,NA,NA,"Betula alleghaniensis Britton",NA,NA,"2016",371,"soft maple/birch","Betula alleghaniensis Britton","yellow birch","Betulaceae","tree","alleghaniensis",0.789,"hw2",-1.9123,2.3651,"Betulaceae0.50-0.59spg","hardwood","Hardwood",0.55,-1.8096,2.348,0.37119,0.87982,NA,"Check",228.230926803817,239.83939720706,NA
"Betula","BEAL2","NEON.PLA.D05.TREE.01344","TREE_040","TREE","D05",2016-10-20,"Live","single bole tree",NA,130,NA,15.3,20.8,NA,25,"Betula alleghaniensis Britton",6,287.1,"2016",371,"soft maple/birch","Betula alleghaniensis Britton","yellow birch","Betulaceae","tree","alleghaniensis",0.789,"hw2",-1.9123,2.3651,"Betulaceae0.50-0.59spg","hardwood","Hardwood",0.55,-1.8096,2.348,0.37119,0.87982,NA,"Check",193.575440303986,203.663599935173,NA
"Betula","BEPA","NEON.PLA.D05.TREE.00449","TREE_052","TREE","D05",2016-09-29,"Live","single bole tree",NA,130,NA,10.5,15.5,NA,21,"Betula papyrifera Marshall",11.4,52.1,"2016",375,"soft maple/birch","Betula papyrifera Marshall","paper birch","Betulaceae","tree","papyrifera",0.792,"hw2",-1.9123,2.3651,"Betulaceae0.40-0.49spg","hardwood","Hardwood",0.47,-2.2271,2.4513,0.37119,0.87982,NA,"Check",96.5499740966975,89.2571161851204,NA
"Betula","BEPA","NEON.PLA.D05.TREE.01427","TREE_039","TREE","D05",2015-08-11,"Live","single bole tree","Full sun",130,NA,19.1,33.3,NA,61,"Betula papyrifera Marshall",9.6,263,"2015",375,"soft maple/birch","Betula papyrifera Marshall","paper birch","Betulaceae","tree","papyrifera",0.792,"hw2",-1.9123,2.3651,"Betulaceae0.40-0.49spg","hardwood","Hardwood",0.47,-2.2271,2.4513,0.37119,0.87982,NA,"Check",589.157646894467,581.768642506742,NA
"Betula","BEAL2","NEON.PLA.D05.TREE.01344","TREE_040","TREE","D05",2021-10-05,"Live","single bole tree","Partially shaded",130,NA,15.4,23.3,NA,25,"Betula alleghaniensis Britton",6,287.1,"2021",371,"soft maple/birch","Betula alleghaniensis Britton","yellow birch","Betulaceae","tree","alleghaniensis",0.789,"hw2",-1.9123,2.3651,"Betulaceae0.50-0.59spg","hardwood","Hardwood",0.55,-1.8096,2.348,0.37119,0.87982,NA,"Check",253.181606401647,265.859637415804,NA
"Betula","BEAL2","NEON.PLA.D05.TREE.01344","TREE_040","TREE","D05",2020-09-29,"Live","single bole tree","Partially shaded",130,NA,15.5,22.8,NA,25,"Betula alleghaniensis Britton",6,287.1,"2020",371,"soft maple/birch","Betula alleghaniensis Britton","yellow birch","Betulaceae","tree","alleghaniensis",0.789,"hw2",-1.9123,2.3651,"Betulaceae0.50-0.59spg","hardwood","Hardwood",0.55,-1.8096,2.348,0.37119,0.87982,NA,"Check",240.519542393953,252.657227585398,NA
"Betula","BEAL2","NEON.PLA.D05.TREE.01355","TREE_040","TREE","D05",2017-10-19,"Live, broken bole","single bole tree",NA,130,NA,7.2,15.5,NA,41,"Betula alleghaniensis Britton",8.9,133.3,"2017",371,"soft maple/birch","Betula alleghaniensis Britton","yellow birch","Betulaceae","tree","alleghaniensis",0.789,"hw2",-1.9123,2.3651,"Betulaceae0.50-0.59spg","hardwood","Hardwood",0.55,-1.8096,2.348,0.37119,0.87982,NA,"Check",96.5499740966975,102.093838553608,NA
"Betula","BEAL2","NEON.PLA.D05.TREE.01325","TREE_040","TREE","D05",2019-10-23,"Live","single bole tree",NA,130,NA,10.6,20.9,NA,41,"Betula alleghaniensis Britton",4.5,134.3,"2019",371,"soft maple/birch","Betula alleghaniensis Britton","yellow birch","Betulaceae","tree","alleghaniensis",0.789,"hw2",-1.9123,2.3651,"Betulaceae0.50-0.59spg","hardwood","Hardwood",0.55,-1.8096,2.348,0.37119,0.87982,NA,"Check",195.783750407091,205.970102603357,NA
"Betula","BEAL2","NEON.PLA.D05.TREE.01400","TREE_041","TREE","D05",2018-10-10,"Live, broken bole","single bole tree",NA,130,NA,12.5,29.9,NA,61,"Betula alleghaniensis Britton",7.4,199.5,"2018",371,"soft maple/birch","Betula alleghaniensis Britton","yellow birch","Betulaceae","tree","alleghaniensis",0.789,"hw2",-1.9123,2.3651,"Betulaceae0.50-0.59spg","hardwood","Hardwood",0.55,-1.8096,2.348,0.37119,0.87982,NA,"Check",456.676422007491,477.503606117744,NA
"Betula","BEPA","NEON.PLA.D05.TREE.02876","TREE_017","TREE","D05",2017-10-23,"Dead, broken bole","single bole tree",NA,130,NA,10.1,25.5,NA,NA,"Betula papyrifera Marshall",NA,NA,"2017",375,"soft maple/birch","Betula papyrifera Marshall","paper birch","Betulaceae","tree","papyrifera",0.792,"hw2",-1.9123,2.3651,"Betulaceae0.40-0.49spg","hardwood","Hardwood",0.47,-2.2271,2.4513,0.37119,0.87982,NA,"Check",313.405665474538,302.436848319569,NA
"Betula","BEPA","NEON.PLA.D05.TREE.00476","TREE_052","TREE","D05",2017-09-26,"Live","single bole tree",NA,130,NA,8.9,18.5,NA,23,"Betula papyrifera Marshall",7.1,279.1,"2017",375,"soft maple/birch","Betula papyrifera Marshall","paper birch","Betulaceae","tree","papyrifera",0.792,"hw2",-1.9123,2.3651,"Betulaceae0.40-0.49spg","hardwood","Hardwood",0.47,-2.2271,2.4513,0.37119,0.87982,NA,"Check",146.71905365089,137.721206031422,NA
"Betula","BEPA","NEON.PLA.D05.TREE.00449","TREE_052","TREE","D05",2018-08-29,"Live","single bole tree",NA,130,NA,10.3,15.7,NA,21,"Betula papyrifera Marshall",11.4,52.1,"2018",375,"soft maple/birch","Betula papyrifera Marshall","paper birch","Betulaceae","tree","papyrifera",0.792,"hw2",-1.9123,2.3651,"Betulaceae0.40-0.49spg","hardwood","Hardwood",0.47,-2.2271,2.4513,0.37119,0.87982,NA,"Check",99.5224205347923,92.1067752110979,NA
"Betula","BEAL2","NEON.PLA.D05.TREE.01325","TREE_040","TREE","D05",2021-10-05,"Live","single bole tree","Partially shaded",130,NA,12.2,21.3,NA,41,"Betula alleghaniensis Britton",4.5,134.3,"2021",371,"soft maple/birch","Betula alleghaniensis Britton","yellow birch","Betulaceae","tree","alleghaniensis",0.789,"hw2",-1.9123,2.3651,"Betulaceae0.50-0.59spg","hardwood","Hardwood",0.55,-1.8096,2.348,0.37119,0.87982,NA,"Check",204.76195261905,215.345605878815,NA
"Betula","BEAL2","NEON.PLA.D05.TREE.01325","TREE_040","TREE","D05",2017-10-19,"Live","single bole tree",NA,130,NA,10.8,20.8,NA,41,"Betula alleghaniensis Britton",4.5,134.3,"2017",371,"soft maple/birch","Betula alleghaniensis Britton","yellow birch","Betulaceae","tree","alleghaniensis",0.789,"hw2",-1.9123,2.3651,"Betulaceae0.50-0.59spg","hardwood","Hardwood",0.55,-1.8096,2.348,0.37119,0.87982,NA,"Check",193.575440303986,203.663599935173,NA
"Betula","BEAL2","NEON.PLA.D05.TREE.00983","TREE_040","TREE","D05",2021-10-05,"Live, physically damaged","single bole tree","Partially shaded",130,NA,9.9,28.4,NA,59,"Betula alleghaniensis Britton",12,155.9,"2021",371,"soft maple/birch","Betula alleghaniensis Britton","yellow birch","Betulaceae","tree","alleghaniensis",0.789,"hw2",-1.9123,2.3651,"Betulaceae0.50-0.59spg","hardwood","Hardwood",0.55,-1.8096,2.348,0.37119,0.87982,NA,"Check",404.335495292833,423.147878642816,NA
"Betula","BEAL2","NEON.PLA.D05.TREE.01400","TREE_041","TREE","D05",2021-09-20,"Live, broken bole","single bole tree","Mostly shaded",130,NA,9.1,30.4,NA,61,"Betula alleghaniensis Britton",7.4,199.5,"2021",371,"soft maple/birch","Betula alleghaniensis Britton","yellow birch","Betulaceae","tree","alleghaniensis",0.789,"hw2",-1.9123,2.3651,"Betulaceae0.50-0.59spg","hardwood","Hardwood",0.55,-1.8096,2.348,0.37119,0.87982,NA,"Check",474.944622560788,496.464134665,NA
"Betula","BEAL2","NEON.PLA.D05.TREE.01400","TREE_041","TREE","D05",2022-09-07,"Live, broken bole","single bole tree","Mostly shaded",130,NA,10.9,31.1,NA,61,"Betula alleghaniensis Britton",7.4,199.5,"2022",371,"soft maple/birch","Betula alleghaniensis Britton","yellow birch","Betulaceae","tree","alleghaniensis",0.789,"hw2",-1.9123,2.3651,"Betulaceae0.50-0.59spg","hardwood","Hardwood",0.55,-1.8096,2.348,0.37119,0.87982,NA,"Check",501.217537361463,523.723545118384,NA
"Betula","BEAL2","NEON.PLA.D05.TREE.01344","TREE_040","TREE","D05",2018-10-18,"Live","single bole tree",NA,130,NA,15.9,21.8,NA,25,"Betula alleghaniensis Britton",6,287.1,"2018",371,"soft maple/birch","Betula alleghaniensis Britton","yellow birch","Betulaceae","tree","alleghaniensis",0.789,"hw2",-1.9123,2.3651,"Betulaceae0.50-0.59spg","hardwood","Hardwood",0.55,-1.8096,2.348,0.37119,0.87982,NA,"Check",216.312748362951,227.403189935527,NA
"Betula","BEAL2","NEON.PLA.D05.TREE.00983","TREE_040","TREE","D05",2017-10-19,"Live, physically damaged","single bole tree",NA,130,NA,9.2,26.3,NA,59,"Betula alleghaniensis Britton",12,155.9,"2017",371,"soft maple/birch","Betula alleghaniensis Britton","yellow birch","Betulaceae","tree","alleghaniensis",0.789,"hw2",-1.9123,2.3651,"Betulaceae0.50-0.59spg","hardwood","Hardwood",0.55,-1.8096,2.348,0.37119,0.87982,NA,"Check",337.159967273274,353.310710394702,NA
"Betula","BEAL2","NEON.PLA.D05.TREE.00893","TREE_025","TREE","D05",2017-10-18,"Live","single bole tree",NA,130,NA,11.7,24.9,NA,21,"Betula alleghaniensis Britton",7.5,4,"2017",371,"soft maple/birch","Betula alleghaniensis Britton","yellow birch","Betulaceae","tree","alleghaniensis",0.789,"hw2",-1.9123,2.3651,"Betulaceae0.50-0.59spg","hardwood","Hardwood",0.55,-1.8096,2.348,0.37119,0.87982,NA,"Check",296.244119359332,310.725411996,NA
"Betula","BEAL2","NEON.PLA.D05.TREE.01289A","TREE_047","TREE","D05",2018-10-11,"Live","multi-bole tree",NA,130,NA,16.8,22.6,NA,NA,"Betula alleghaniensis Britton",NA,NA,"2018",371,"soft maple/birch","Betula alleghaniensis Britton","yellow birch","Betulaceae","tree","alleghaniensis",0.789,"hw2",-1.9123,2.3651,"Betulaceae0.50-0.59spg","hardwood","Hardwood",0.55,-1.8096,2.348,0.37119,0.87982,NA,"Check",235.559450029828,247.484110498384,NA
"Betula","BEAL2","NEON.PLA.D05.TREE.01400","TREE_041","TREE","D05",2020-09-28,"Live, broken bole","single bole tree","Mostly shaded",130,NA,12.5,30.2,NA,61,"Betula alleghaniensis Britton",7.4,199.5,"2020",371,"soft maple/birch","Betula alleghaniensis Britton","yellow birch","Betulaceae","tree","alleghaniensis",0.789,"hw2",-1.9123,2.3651,"Betulaceae0.50-0.59spg","hardwood","Hardwood",0.55,-1.8096,2.348,0.37119,0.87982,NA,"Check",467.587704972764,488.829050535037,NA
"Betula","BEAL2","NEON.PLA.D05.TREE.01325","TREE_040","TREE","D05",2020-09-29,"Live","single bole tree","Full sun",130,NA,12.2,21.2,NA,41,"Betula alleghaniensis Britton",4.5,134.3,"2020",371,"soft maple/birch","Betula alleghaniensis Britton","yellow birch","Betulaceae","tree","alleghaniensis",0.789,"hw2",-1.9123,2.3651,"Betulaceae0.50-0.59spg","hardwood","Hardwood",0.55,-1.8096,2.348,0.37119,0.87982,NA,"Check",202.495607466234,212.979256699527,NA
"Betula","BEAL2","NEON.PLA.D05.TREE.01289","TREE_047","TREE","D05",2017-10-16,"Live","multi-bole tree",NA,140,NA,18.6,28.7,NA,41,"Betula alleghaniensis Britton",8.9,16.9,"2017",371,"soft maple/birch","Betula alleghaniensis Britton","yellow birch","Betulaceae","tree","alleghaniensis",0.789,"hw2",-1.9123,2.3651,"Betulaceae0.50-0.59spg","hardwood","Hardwood",0.55,-1.8096,2.348,0.37119,0.87982,NA,"Check",414.510118266425,433.717952694452,NA
"Betula","BEAL2","NEON.PLA.D05.TREE.01355","TREE_040","TREE","D05",2019-10-23,"Live, physically damaged","single bole tree",NA,80,NA,7.1,17.4,NA,41,"Betula alleghaniensis Britton",8.9,133.3,"2019",371,"soft maple/birch","Betula alleghaniensis Britton","yellow birch","Betulaceae","tree","alleghaniensis",0.789,"hw2",-1.9123,2.3651,"Betulaceae0.50-0.59spg","hardwood","Hardwood",0.55,-1.8096,2.348,0.37119,0.87982,NA,"Check",126.91755275432,133.940014160645,NA
"Betula","BEAL2","NEON.PLA.D05.TREE.01400","TREE_041","TREE","D05",2019-10-23,"Live, broken bole","single bole tree",NA,130,NA,12.5,29.9,NA,61,"Betula alleghaniensis Britton",7.4,199.5,"2019",371,"soft maple/birch","Betula alleghaniensis Britton","yellow birch","Betulaceae","tree","alleghaniensis",0.789,"hw2",-1.9123,2.3651,"Betulaceae0.50-0.59spg","hardwood","Hardwood",0.55,-1.8096,2.348,0.37119,0.87982,NA,"Check",456.676422007491,477.503606117744,NA
"Betula","BEAL2","NEON.PLA.D05.TREE.00983","TREE_040","TREE","D05",2018-10-18,"Standing dead","single bole tree",NA,130,NA,9.1,26.5,NA,59,"Betula alleghaniensis Britton",12,155.9,"2018",371,"soft maple/birch","Betula alleghaniensis Britton","yellow birch","Betulaceae","tree","alleghaniensis",0.789,"hw2",-1.9123,2.3651,"Betulaceae0.50-0.59spg","hardwood","Hardwood",0.55,-1.8096,2.348,0.37119,0.87982,NA,"Check",343.255479464212,359.651617260588,NA
"Betula","BEAL2","NEON.PLA.D05.TREE.01289","TREE_047","TREE","D05",2015-08-06,"Live","multi-bole tree","Full sun",130,NA,17.2,27.4,NA,41,"Betula alleghaniensis Britton",8.9,16.9,"2015",371,"soft maple/birch","Betula alleghaniensis Britton","yellow birch","Betulaceae","tree","alleghaniensis",0.789,"hw2",-1.9123,2.3651,"Betulaceae0.50-0.59spg","hardwood","Hardwood",0.55,-1.8096,2.348,0.37119,0.87982,NA,"Check",371.468950146417,388.990528677456,NA
"Betula","BEAL2","NEON.PLA.D05.TREE.01289A","TREE_047","TREE","D05",2017-10-16,"Live","multi-bole tree",NA,140,NA,NA,22.4,NA,NA,"Betula alleghaniensis Britton",NA,NA,"2017",371,"soft maple/birch","Betula alleghaniensis Britton","yellow birch","Betulaceae","tree","alleghaniensis",0.789,"hw2",-1.9123,2.3651,"Betulaceae0.50-0.59spg","hardwood","Hardwood",0.55,-1.8096,2.348,0.37119,0.87982,NA,"Check",230.65891797748,242.372338214264,NA
"Betula","BEPA","NEON.PLA.D05.TREE.01050","TREE_047","TREE","D05",2015-08-06,"Live","single bole tree","Full sun",130,NA,20.6,40.5,NA,61,"Betula papyrifera Marshall",4.4,227.3,"2015",375,"soft maple/birch","Betula papyrifera Marshall","paper birch","Betulaceae","tree","papyrifera",0.792,"hw2",-1.9123,2.3651,"Betulaceae0.40-0.49spg","hardwood","Hardwood",0.47,-2.2271,2.4513,0.37119,0.87982,NA,"Check",936.03165839151,940.020354865611,NA
"Betula","BEPA","NEON.PLA.D05.TREE.00810B","TREE_052","TREE","D05",2018-08-29,"Dead, broken bole","multi-bole tree",NA,130,NA,8.5,11.2,NA,21,"Betula papyrifera Marshall",2.5,14.3,"2018",375,"soft maple/birch","Betula papyrifera Marshall","paper birch","Betulaceae","tree","papyrifera",0.792,"hw2",-1.9123,2.3651,"Betulaceae0.40-0.49spg","hardwood","Hardwood",0.47,-2.2271,2.4513,0.37119,0.87982,NA,"Check",44.771764187965,40.2467576262158,NA
"Betula","BEAL2","NEON.PLA.D05.TREE.01355","TREE_040","TREE","D05",2020-09-29,"Live, broken bole","single bole tree","Partially shaded",130,NA,7.9,16.7,NA,41,"Betula alleghaniensis Britton",8.9,133.3,"2020",371,"soft maple/birch","Betula alleghaniensis Britton","yellow birch","Betulaceae","tree","alleghaniensis",0.789,"hw2",-1.9123,2.3651,"Betulaceae0.50-0.59spg","hardwood","Hardwood",0.55,-1.8096,2.348,0.37119,0.87982,NA,"Check",115.171596800027,121.629516348289,NA
"Betula","BEAL2","NEON.PLA.D05.TREE.01344","TREE_040","TREE","D05",2017-10-19,"Live","single bole tree",NA,130,NA,16.5,21.9,NA,25,"Betula alleghaniensis Britton",6,287.1,"2017",371,"soft maple/birch","Betula alleghaniensis Britton","yellow birch","Betulaceae","tree","alleghaniensis",0.789,"hw2",-1.9123,2.3651,"Betulaceae0.50-0.59spg","hardwood","Hardwood",0.55,-1.8096,2.348,0.37119,0.87982,NA,"Check",218.666895058173,229.860044895917,NA
"Betula","BEAL2","NEON.PLA.D05.TREE.00983","TREE_040","TREE","D05",2015-08-10,"Live","single bole tree","Full sun",130,NA,8.6,25,NA,59,"Betula alleghaniensis Britton",12,155.9,"2015",371,"soft maple/birch","Betula alleghaniensis Britton","yellow birch","Betulaceae","tree","alleghaniensis",0.789,"hw2",-1.9123,2.3651,"Betulaceae0.50-0.59spg","hardwood","Hardwood",0.55,-1.8096,2.348,0.37119,0.87982,NA,"Check",299.06567957419,313.663400119256,NA
"Betula","BEAL2","NEON.PLA.D05.TREE.01344","TREE_040","TREE","D05",2019-10-23,"Live","single bole tree",NA,130,NA,13.4,22.1,NA,25,"Betula alleghaniensis Britton",6,287.1,"2019",371,"soft maple/birch","Betula alleghaniensis Britton","yellow birch","Betulaceae","tree","alleghaniensis",0.789,"hw2",-1.9123,2.3651,"Betulaceae0.50-0.59spg","hardwood","Hardwood",0.55,-1.8096,2.348,0.37119,0.87982,NA,"Check",223.419373034474,234.819286526719,NA
"Betula","BEAL2","NEON.PLA.D05.TREE.01344","TREE_040","TREE","D05",2015-08-10,"Live","single bole tree","Partially shaded",130,NA,14.4,21.2,NA,25,"Betula alleghaniensis Britton",6,287.1,"2015",371,"soft maple/birch","Betula alleghaniensis Britton","yellow birch","Betulaceae","tree","alleghaniensis",0.789,"hw2",-1.9123,2.3651,"Betulaceae0.50-0.59spg","hardwood","Hardwood",0.55,-1.8096,2.348,0.37119,0.87982,NA,"Check",202.495607466234,212.979256699527,NA
"Betula","BEPA","NEON.PLA.D05.TREE.00449","TREE_052","TREE","D05",2017-09-26,"Live","single bole tree",NA,130,NA,10.4,15.8,NA,21,"Betula papyrifera Marshall",11.4,52.1,"2017",375,"soft maple/birch","Betula papyrifera Marshall","paper birch","Betulaceae","tree","papyrifera",0.792,"hw2",-1.9123,2.3651,"Betulaceae0.40-0.49spg","hardwood","Hardwood",0.47,-2.2271,2.4513,0.37119,0.87982,NA,"Check",101.028182156511,93.5515261200352,NA
"Betula","BEPA","NEON.PLA.D05.TREE.00414","TREE_052","TREE","D05",2015-08-03,"Live","single bole tree","Mostly shaded",130,NA,7.2,10.9,NA,21,"Betula papyrifera Marshall",11.3,59.1,"2015",375,"soft maple/birch","Betula papyrifera Marshall","paper birch","Betulaceae","tree","papyrifera",0.792,"hw2",-1.9123,2.3651,"Betulaceae0.40-0.49spg","hardwood","Hardwood",0.47,-2.2271,2.4513,0.37119,0.87982,NA,"Check",41.9871186662819,37.655319229097,NA
"Betula","BEPA","NEON.PLA.D05.TREE.00414","TREE_052","TREE","D05",2018-08-29,"Live","single bole tree",NA,130,NA,10,10.5,NA,21,"Betula papyrifera Marshall",11.3,59.1,"2018",375,"soft maple/birch","Betula papyrifera Marshall","paper birch","Betulaceae","tree","papyrifera",0.792,"hw2",-1.9123,2.3651,"Betulaceae0.40-0.49spg","hardwood","Hardwood",0.47,-2.2271,2.4513,0.37119,0.87982,NA,"Check",38.4338130654385,34.3577003885717,NA
"Betula","BEPA","NEON.PLA.D05.TREE.00449","TREE_052","TREE","D05",2015-08-03,"Live","single bole tree","Partially shaded",130,NA,8.2,15.6,NA,21,"Betula papyrifera Marshall",11.4,52.1,"2015",375,"soft maple/birch","Betula papyrifera Marshall","paper birch","Betulaceae","tree","papyrifera",0.792,"hw2",-1.9123,2.3651,"Betulaceae0.40-0.49spg","hardwood","Hardwood",0.47,-2.2271,2.4513,0.37119,0.87982,NA,"Check",98.0296946401653,90.6753179928425,NA
"Betula","BEPA","NEON.PLA.D05.TREE.00414","TREE_052","TREE","D05",2016-09-29,"Live","single bole tree",NA,130,NA,9.8,10.4,NA,21,"Betula papyrifera Marshall",11.3,59.1,"2016",375,"soft maple/birch","Betula papyrifera Marshall","paper birch","Betulaceae","tree","papyrifera",0.792,"hw2",-1.9123,2.3651,"Betulaceae0.40-0.49spg","hardwood","Hardwood",0.47,-2.2271,2.4513,0.37119,0.87982,NA,"Check",37.5737215879843,33.5611306893404,NA
"Betula","BEPA","NEON.PLA.D05.TREE.02234","TREE_015","TREE","D05",2019-10-24,"Live","single bole tree","Full sun",130,NA,15,19.4,NA,33,"Betula papyrifera Marshall",6.2,305.3,"2019",375,"soft maple/birch","Betula papyrifera Marshall","paper birch","Betulaceae","tree","papyrifera",0.792,"hw2",-1.9123,2.3651,"Betulaceae0.40-0.49spg","hardwood","Hardwood",0.47,-2.2271,2.4513,0.37119,0.87982,NA,"Check",164.164229895948,154.728793784404,NA
"Betula","BEPA","NEON.PLA.D05.TREE.01427","TREE_039","TREE","D05",2016-10-18,"Live","single bole tree",NA,130,NA,16.3,33.5,NA,61,"Betula papyrifera Marshall",9.6,263,"2016",375,"soft maple/birch","Betula papyrifera Marshall","paper birch","Betulaceae","tree","papyrifera",0.792,"hw2",-1.9123,2.3651,"Betulaceae0.40-0.49spg","hardwood","Hardwood",0.47,-2.2271,2.4513,0.37119,0.87982,NA,"Check",597.560848658381,590.371107074299,NA
"Betula","BEAL2","NEON.PLA.D05.TREE.00893","TREE_025","TREE","D05",2016-10-18,"Live","single bole tree",NA,130,NA,11.6,24,NA,21,"Betula alleghaniensis Britton",7.5,4,"2016",371,"soft maple/birch","Betula alleghaniensis Britton","yellow birch","Betulaceae","tree","alleghaniensis",0.789,"hw2",-1.9123,2.3651,"Betulaceae0.50-0.59spg","hardwood","Hardwood",0.55,-1.8096,2.348,0.37119,0.87982,NA,"Check",271.541535830182,284.994645865966,NA
"Betula","BEPA","NEON.PLA.D05.TREE.00414","TREE_052","TREE","D05",2017-09-26,"Live","single bole tree",NA,130,NA,9.5,10,NA,21,"Betula papyrifera Marshall",11.3,59.1,"2017",375,"soft maple/birch","Betula papyrifera Marshall","paper birch","Betulaceae","tree","papyrifera",0.792,"hw2",-1.9123,2.3651,"Betulaceae0.40-0.49spg","hardwood","Hardwood",0.47,-2.2271,2.4513,0.37119,0.87982,NA,"Check",19.7275698253496,17.2118596860371,NA
"Betula","BEPA","NEON.PLA.D05.TREE.01414","TREE_039","TREE","D05",2016-10-18,"Live","single bole tree",NA,130,NA,19.5,28.4,NA,61,"Betula papyrifera Marshall",8.1,251,"2016",375,"soft maple/birch","Betula papyrifera Marshall","paper birch","Betulaceae","tree","papyrifera",0.792,"hw2",-1.9123,2.3651,"Betulaceae0.40-0.49spg","hardwood","Hardwood",0.47,-2.2271,2.4513,0.37119,0.87982,NA,"Check",404.335495292833,393.823843477964,NA
"Betula","BEPA","NEON.PLA.D05.TREE.01414","TREE_039","TREE","D05",2017-10-17,"Live","single bole tree",NA,130,NA,18.4,28.5,NA,61,"Betula papyrifera Marshall",8.1,251,"2017",375,"soft maple/birch","Betula papyrifera Marshall","paper birch","Betulaceae","tree","papyrifera",0.792,"hw2",-1.9123,2.3651,"Betulaceae0.40-0.49spg","hardwood","Hardwood",0.47,-2.2271,2.4513,0.37119,0.87982,NA,"Check",407.710823350654,397.231760176293,NA
"Betula","BEPA","NEON.PLA.D05.TREE.01427","TREE_039","TREE","D05",2017-10-17,"Live","single bole tree",NA,130,NA,17,33.6,NA,61,"Betula papyrifera Marshall",9.6,263,"2017",375,"soft maple/birch","Betula papyrifera Marshall","paper birch","Betulaceae","tree","papyrifera",0.792,"hw2",-1.9123,2.3651,"Betulaceae0.40-0.49spg","hardwood","Hardwood",0.47,-2.2271,2.4513,0.37119,0.87982,NA,"Check",601.788226977074,594.700399191885,NA
"Betula","BEAL2","NEON.PLA.D05.TREE.01355","TREE_040","TREE","D05",2018-10-18,"Live, broken bole","single bole tree",NA,130,NA,7.4,15.7,NA,41,"Betula alleghaniensis Britton",8.9,133.3,"2018",371,"soft maple/birch","Betula alleghaniensis Britton","yellow birch","Betulaceae","tree","alleghaniensis",0.789,"hw2",-1.9123,2.3651,"Betulaceae0.50-0.59spg","hardwood","Hardwood",0.55,-1.8096,2.348,0.37119,0.87982,NA,"Check",99.5224205347923,105.213892819671,NA
"Betula","BEPA","NEON.PLA.D05.TREE.02223","TREE_015","TREE","D05",2019-10-24,"Live","single bole tree","Partially shaded",130,NA,16.9,16.4,NA,51,"Betula papyrifera Marshall",7.7,250.3,"2019",375,"soft maple/birch","Betula papyrifera Marshall","paper birch","Betulaceae","tree","papyrifera",0.792,"hw2",-1.9123,2.3651,"Betulaceae0.40-0.49spg","hardwood","Hardwood",0.47,-2.2271,2.4513,0.37119,0.87982,NA,"Check",110.338187918991,102.501326101374,NA
"Betula","BEAL2","NEON.PLA.D05.TREE.01289","TREE_047","TREE","D05",2016-10-19,"Live","multi-bole tree",NA,130,NA,17.7,28.1,NA,41,"Betula alleghaniensis Britton",8.9,16.9,"2016",371,"soft maple/birch","Betula alleghaniensis Britton","yellow birch","Betulaceae","tree","alleghaniensis",0.789,"hw2",-1.9123,2.3651,"Betulaceae0.50-0.59spg","hardwood","Hardwood",0.55,-1.8096,2.348,0.37119,0.87982,NA,"Check",394.306539171731,412.727250856274,NA
"Betula","BEAL2","NEON.PLA.D05.TREE.00983","TREE_040","TREE","D05",2019-10-23,"Live, physically damaged","single bole tree",NA,130,NA,8.5,27.2,NA,59,"Betula alleghaniensis Britton",12,155.9,"2019",371,"soft maple/birch","Betula alleghaniensis Britton","yellow birch","Betulaceae","tree","alleghaniensis",0.789,"hw2",-1.9123,2.3651,"Betulaceae0.50-0.59spg","hardwood","Hardwood",0.55,-1.8096,2.348,0.37119,0.87982,NA,"Check",365.088015750804,382.356512937598,NA
"Betula","BENI","NEON.PLA.D05.TREE.03946","TREE_004","TREE","D05",2019-10-08,"Live","small tree",NA,130,NA,5,5.7,NA,NA,"Betula nigra L.",NA,NA,"2019",373,"soft maple/birch","Betula nigra L.","river birch","Betulaceae","tree","nigra",0.792,"hw2",-1.9123,2.3651,"BetulaceaeBelow0.40spg","hardwood","Hardwood",0.37,-2.5932,2.5349,0.37119,0.87982,NA,"Check",5.22027293838689,3.41297560429491,NA
"Betula","BEPA","NEON.PLA.D05.TREE.00476","TREE_052","TREE","D05",2016-09-29,"Live,  other damage","single bole tree",NA,130,NA,8.8,18.3,NA,23,"Betula papyrifera Marshall",7.1,279.1,"2016",375,"soft maple/birch","Betula papyrifera Marshall","paper birch","Betulaceae","tree","papyrifera",0.792,"hw2",-1.9123,2.3651,"Betulaceae0.40-0.49spg","hardwood","Hardwood",0.47,-2.2271,2.4513,0.37119,0.87982,NA,"Check",142.995290570622,134.100104291788,NA
"Betula","BEPA","NEON.PLA.D05.TREE.02694","TREE_023","TREE","D05",2019-11-04,"Live","single bole tree","Mostly shaded",130,NA,7.2,16.1,NA,41,"Betula papyrifera Marshall",5.9,142.1,"2019",375,"soft maple/birch","Betula papyrifera Marshall","paper birch","Betulaceae","tree","papyrifera",0.792,"hw2",-1.9123,2.3651,"Betulaceae0.40-0.49spg","hardwood","Hardwood",0.47,-2.2271,2.4513,0.37119,0.87982,NA,"Check",105.623983312216,97.9659217969306,NA
"Betula","BEAL2","NEON.PLA.D05.TREE.01355","TREE_040","TREE","D05",2021-10-05,"Live, broken bole","single bole tree","Partially shaded",130,NA,7.3,15.6,NA,41,"Betula alleghaniensis Britton",8.9,133.3,"2021",371,"soft maple/birch","Betula alleghaniensis Britton","yellow birch","Betulaceae","tree","alleghaniensis",0.789,"hw2",-1.9123,2.3651,"Betulaceae0.50-0.59spg","hardwood","Hardwood",0.55,-1.8096,2.348,0.37119,0.87982,NA,"Check",98.0296946401653,103.647125596301,NA
"Betula","BEPA","NEON.PLA.D05.TREE.01414","TREE_039","TREE","D05",2015-08-11,"Live","single bole tree","Full sun",130,NA,18.5,28.3,NA,61,"Betula papyrifera Marshall",8.1,251,"2015",375,"soft maple/birch","Betula papyrifera Marshall","paper birch","Betulaceae","tree","papyrifera",0.792,"hw2",-1.9123,2.3651,"Betulaceae0.40-0.49spg","hardwood","Hardwood",0.47,-2.2271,2.4513,0.37119,0.87982,NA,"Check",400.976352471854,390.43329754186,NA
"Betula","BEAL2","NEON.PLA.D05.TREE.01400","TREE_041","TREE","D05",2016-10-18,"Live, physically damaged","single bole tree",NA,130,NA,15.2,29.4,NA,61,"Betula alleghaniensis Britton",7.4,199.5,"2016",371,"soft maple/birch","Betula alleghaniensis Britton","yellow birch","Betulaceae","tree","alleghaniensis",0.789,"hw2",-1.9123,2.3651,"Betulaceae0.50-0.59spg","hardwood","Hardwood",0.55,-1.8096,2.348,0.37119,0.87982,NA,"Check",438.820525741208,458.965707234106,NA
"Betula","BEPA","NEON.PLA.D05.TREE.03644","TREE_004","TREE","D05",2019-10-08,"Standing dead","single bole tree","Mostly shaded",130,NA,11.3,24.3,NA,NA,"Betula papyrifera Marshall",NA,NA,"2019",375,"soft maple/birch","Betula papyrifera Marshall","paper birch","Betulaceae","tree","papyrifera",0.792,"hw2",-1.9123,2.3651,"Betulaceae0.40-0.49spg","hardwood","Hardwood",0.47,-2.2271,2.4513,0.37119,0.87982,NA,"Check",279.637917965113,268.732020732604,NA
"Betula","BEPA","NEON.PLA.D05.TREE.01050","TREE_047","TREE","D05",2018-10-11,"Live","single bole tree",NA,130,NA,23.8,41.4,NA,61,"Betula papyrifera Marshall",4.4,227.3,"2018",375,"soft maple/birch","Betula papyrifera Marshall","paper birch","Betulaceae","tree","papyrifera",0.792,"hw2",-1.9123,2.3651,"Betulaceae0.40-0.49spg","hardwood","Hardwood",0.47,-2.2271,2.4513,0.37119,0.87982,NA,"Check",985.975603360107,992.054874887354,NA
"Betula","BEAL2","NEON.PLA.D05.TREE.00893","TREE_025","TREE","D05",2015-08-04,"Live","single bole tree","Partially shaded",130,NA,10,23.8,NA,21,"Betula alleghaniensis Britton",7.5,4,"2015",371,"soft maple/birch","Betula alleghaniensis Britton","yellow birch","Betulaceae","tree","alleghaniensis",0.789,"hw2",-1.9123,2.3651,"Betulaceae0.50-0.59spg","hardwood","Hardwood",0.55,-1.8096,2.348,0.37119,0.87982,NA,"Check",266.220088449297,279.449541063804,NA
"Betula","BEPA","NEON.PLA.D05.TREE.00755","TREE_025","TREE","D05",2018-10-17,"Live","single bole tree",NA,130,NA,12.5,11.3,NA,21,"Betula papyrifera Marshall",6,30.3,"2018",375,"soft maple/birch","Betula papyrifera Marshall","paper birch","Betulaceae","tree","papyrifera",0.792,"hw2",-1.9123,2.3651,"Betulaceae0.40-0.49spg","hardwood","Hardwood",0.47,-2.2271,2.4513,0.37119,0.87982,NA,"Check",45.7229759051063,41.1333373952534,NA
"Betula","BEAL2","NEON.PLA.D05.TREE.01355","TREE_040","TREE","D05",2016-10-20,"Live, physically damaged","single bole tree",NA,140,NA,5.2,16.1,NA,41,"Betula alleghaniensis Britton",8.9,133.3,"2016",371,"soft maple/birch","Betula alleghaniensis Britton","yellow birch","Betulaceae","tree","alleghaniensis",0.789,"hw2",-1.9123,2.3651,"Betulaceae0.50-0.59spg","hardwood","Hardwood",0.55,-1.8096,2.348,0.37119,0.87982,NA,"Check",105.623983312216,111.616361835889,NA
"Betula","BEAL2","NEON.PLA.D05.TREE.01400","TREE_041","TREE","D05",2015-08-10,"Live, physically damaged","single bole tree","Partially shaded",130,NA,12,29.3,NA,61,"Betula alleghaniensis Britton",7.4,199.5,"2015",371,"soft maple/birch","Betula alleghaniensis Britton","yellow birch","Betulaceae","tree","alleghaniensis",0.789,"hw2",-1.9123,2.3651,"Betulaceae0.50-0.59spg","hardwood","Hardwood",0.55,-1.8096,2.348,0.37119,0.87982,NA,"Check",435.298600768617,455.308625868294,NA
"Betula","BEPA","NEON.PLA.D05.TREE.01427","TREE_039","TREE","D05",2018-10-17,"Live","single bole tree",NA,130,NA,16.6,33.7,NA,61,"Betula papyrifera Marshall",9.6,263,"2018",375,"soft maple/birch","Betula papyrifera Marshall","paper birch","Betulaceae","tree","papyrifera",0.792,"hw2",-1.9123,2.3651,"Betulaceae0.40-0.49spg","hardwood","Hardwood",0.47,-2.2271,2.4513,0.37119,0.87982,NA,"Check",606.032815222953,599.048431467823,NA
"Betula","BEAL2","NEON.PLA.D05.TREE.01289","TREE_047","TREE","D05",2018-10-11,"Live","multi-bole tree",NA,130,NA,16.8,29.9,NA,41,"Betula alleghaniensis Britton",8.9,16.9,"2018",371,"soft maple/birch","Betula alleghaniensis Britton","yellow birch","Betulaceae","tree","alleghaniensis",0.789,"hw2",-1.9123,2.3651,"Betulaceae0.50-0.59spg","hardwood","Hardwood",0.55,-1.8096,2.348,0.37119,0.87982,NA,"Check",456.676422007491,477.503606117744,NA
"Betula","BEAL2","NEON.PLA.D05.TREE.01355","TREE_040","TREE","D05",2015-08-10,"Live, physically damaged","single bole tree","Mostly shaded",90,NA,6.7,17.7,NA,41,"Betula alleghaniensis Britton",8.9,133.3,"2015",371,"soft maple/birch","Betula alleghaniensis Britton","yellow birch","Betulaceae","tree","alleghaniensis",0.789,"hw2",-1.9123,2.3651,"Betulaceae0.50-0.59spg","hardwood","Hardwood",0.55,-1.8096,2.348,0.37119,0.87982,NA,"Check",132.15397619164,139.425411507599,NA
"Betula","BEAL2","NEON.PLA.D05.TREE.00983","TREE_040","TREE","D05",2016-10-20,"Live,  other damage","single bole tree",NA,130,NA,8.3,26.4,NA,59,"Betula alleghaniensis Britton",12,155.9,"2016",371,"soft maple/birch","Betula alleghaniensis Britton","yellow birch","Betulaceae","tree","alleghaniensis",0.789,"hw2",-1.9123,2.3651,"Betulaceae0.50-0.59spg","hardwood","Hardwood",0.55,-1.8096,2.348,0.37119,0.87982,NA,"Check",340.199843660913,356.473069575232,NA
"Betula","BEPA","NEON.PLA.D05.TREE.01414","TREE_039","TREE","D05",2021-09-30,"Live","single bole tree","Partially shaded",130,NA,20.3,29.1,NA,61,"Betula papyrifera Marshall",8.1,251,"2021",375,"soft maple/birch","Betula papyrifera Marshall","paper birch","Betulaceae","tree","papyrifera",0.792,"hw2",-1.9123,2.3651,"Betulaceae0.40-0.49spg","hardwood","Hardwood",0.47,-2.2271,2.4513,0.37119,0.87982,NA,"Check",428.303842350396,418.045586989296,NA
"Betula","BENI","NEON.PLA.D05.TREE.03946","TREE_004","TREE","D05",2018-05-02,"Live","small tree",NA,130,NA,4.9,5.1,NA,NA,"Betula nigra L.",NA,NA,"2018",373,"soft maple/birch","Betula nigra L.","river birch","Betulaceae","tree","nigra",0.792,"hw2",-1.9123,2.3651,"BetulaceaeBelow0.40spg","hardwood","Hardwood",0.37,-2.5932,2.5349,0.37119,0.87982,NA,"Check",4.01280275261851,2.57445705532139,NA
"Betula","BEPA","NEON.PLA.D05.TREE.00810B","TREE_052","TREE","D05",2017-09-26,"Dead, broken bole","multi-bole tree",NA,130,NA,NA,11.1,NA,21,"Betula papyrifera Marshall",2.5,14.3,"2017",375,"soft maple/birch","Betula papyrifera Marshall","paper birch","Betulaceae","tree","papyrifera",0.792,"hw2",-1.9123,2.3651,"Betulaceae0.40-0.49spg","hardwood","Hardwood",0.47,-2.2271,2.4513,0.37119,0.87982,NA,"Check",43.8320758928712,39.3715921181797,NA
"Carpinus","CACA18","NEON.PLA.D05.TREE.00171","TREE_056","TREE","D05",2016-09-28,"Live","small tree",NA,130,NA,6,7,NA,NA,"Carpinus caroliniana Walter",NA,NA,"2016",391,"mixed hardwood","Carpinus caroliniana Walter","American hornbeam","Betulaceae","tree","caroliniana",0.84,"hw3",-2.48,2.4835,"BetulaceaeAbove0.60spg","hardwood","Hardwood",0.62,-2.2652,2.5349,0.35633,0.92508,NA,"Check",6.81864804412273,9.25828879076031,NA
"Carpinus","CACA18","NEON.PLA.D05.TREE.03423","TREE_051","TREE","D05",2018-10-09,"Live","single bole tree",NA,130,NA,8.4,10,NA,41,"Carpinus caroliniana Walter",15.9,54.2,"2018",391,"mixed hardwood","Carpinus caroliniana Walter","American hornbeam","Betulaceae","tree","caroliniana",0.84,"hw3",-2.48,2.4835,"BetulaceaeAbove0.60spg","hardwood","Hardwood",0.62,-2.2652,2.5349,0.35633,0.92508,NA,"Check",16.5347370136258,22.866079117355,NA
"Carpinus","CACA18","NEON.PLA.D05.TREE.00629","TREE_046","TREE","D05",2015-07-28,"Live","small tree","Full shade",130,NA,6.6,8.7,NA,25,"Carpinus caroliniana Walter",6.4,290.5,"2015",391,"mixed hardwood","Carpinus caroliniana Walter","American hornbeam","Betulaceae","tree","caroliniana",0.84,"hw3",-2.48,2.4835,"BetulaceaeAbove0.60spg","hardwood","Hardwood",0.62,-2.2652,2.5349,0.35633,0.92508,NA,"Check",11.7002018905089,16.0649380551788,NA
"Carpinus","CACA18","NEON.PLA.D05.TREE.00629","TREE_046","TREE","D05",2022-09-19,"Live","single bole tree","Full shade",130,NA,8.1,10.5,NA,25,"Carpinus caroliniana Walter",6.4,290.5,"2022",391,"mixed hardwood","Carpinus caroliniana Walter","American hornbeam","Betulaceae","tree","caroliniana",0.84,"hw3",-2.48,2.4835,"BetulaceaeAbove0.60spg","hardwood","Hardwood",0.62,-2.2652,2.5349,0.35633,0.92508,NA,"Check",28.7788416198593,40.257693939914,NA
"Carpinus","CACA18","NEON.PLA.D05.TREE.03543","TREE_056","TREE","D05",2021-09-22,"Live","single bole tree","Mostly shaded",130,NA,6.8,10.6,NA,41,"Carpinus caroliniana Walter",14.3,217,"2021",391,"mixed hardwood","Carpinus caroliniana Walter","American hornbeam","Betulaceae","tree","caroliniana",0.84,"hw3",-2.48,2.4835,"BetulaceaeAbove0.60spg","hardwood","Hardwood",0.62,-2.2652,2.5349,0.35633,0.92508,NA,"Check",29.4643456923515,41.236707046762,NA
"Carpinus","CACA18","NEON.PLA.D05.TREE.00093","TREE_055","TREE","D05",2016-09-27,"Live","small tree",NA,130,NA,9.3,8.3,NA,NA,"Carpinus caroliniana Walter",NA,NA,"2016",391,"mixed hardwood","Carpinus caroliniana Walter","American hornbeam","Betulaceae","tree","caroliniana",0.84,"hw3",-2.48,2.4835,"BetulaceaeAbove0.60spg","hardwood","Hardwood",0.62,-2.2652,2.5349,0.35633,0.92508,NA,"Check",10.4094488197829,14.2581361745916,NA
"Carpinus","CACA18","NEON.PLA.D05.TREE.00171","TREE_056","TREE","D05",2017-09-25,"Live","small tree",NA,130,NA,4.6,7.2,NA,NA,"Carpinus caroliniana Walter",NA,NA,"2017",391,"mixed hardwood","Carpinus caroliniana Walter","American hornbeam","Betulaceae","tree","caroliniana",0.84,"hw3",-2.48,2.4835,"BetulaceaeAbove0.60spg","hardwood","Hardwood",0.62,-2.2652,2.5349,0.35633,0.92508,NA,"Check",7.31278064885134,9.94360461037116,NA
"Carpinus","CACA18","NEON.PLA.D05.TREE.03542","TREE_056","TREE","D05",2021-09-22,"Live","small tree","Mostly shaded",130,NA,6.5,8.2,NA,NA,"Carpinus caroliniana Walter",NA,NA,"2021",391,"mixed hardwood","Carpinus caroliniana Walter","American hornbeam","Betulaceae","tree","caroliniana",0.84,"hw3",-2.48,2.4835,"BetulaceaeAbove0.60spg","hardwood","Hardwood",0.62,-2.2652,2.5349,0.35633,0.92508,NA,"Check",10.1007586527101,13.8266966967403,NA
"Carpinus","CACA18","NEON.PLA.D05.TREE.00171","TREE_056","TREE","D05",2021-09-22,"Live","small tree","Mostly shaded",130,NA,7.3,8,NA,NA,"Carpinus caroliniana Walter",NA,NA,"2021",391,"mixed hardwood","Carpinus caroliniana Walter","American hornbeam","Betulaceae","tree","caroliniana",0.84,"hw3",-2.48,2.4835,"BetulaceaeAbove0.60spg","hardwood","Hardwood",0.62,-2.2652,2.5349,0.35633,0.92508,NA,"Check",9.49994901535937,12.9877676297486,NA
"Carpinus","CACA18","NEON.PLA.D05.TREE.00171","TREE_056","TREE","D05",2022-09-20,"Live","small tree","Full shade",130,NA,7.9,8.2,NA,NA,"Carpinus caroliniana Walter",NA,NA,"2022",391,"mixed hardwood","Carpinus caroliniana Walter","American hornbeam","Betulaceae","tree","caroliniana",0.84,"hw3",-2.48,2.4835,"BetulaceaeAbove0.60spg","hardwood","Hardwood",0.62,-2.2652,2.5349,0.35633,0.92508,NA,"Check",10.1007586527101,13.8266966967403,NA
"Carpinus","CACA18","NEON.PLA.D05.TREE.00629","TREE_046","TREE","D05",2017-09-25,"Live","small tree",NA,130,NA,8.1,9.4,NA,25,"Carpinus caroliniana Walter",6.4,290.5,"2017",391,"mixed hardwood","Carpinus caroliniana Walter","American hornbeam","Betulaceae","tree","caroliniana",0.84,"hw3",-2.48,2.4835,"BetulaceaeAbove0.60spg","hardwood","Hardwood",0.62,-2.2652,2.5349,0.35633,0.92508,NA,"Check",14.1794803868069,19.5467022682558,NA
"Carpinus","CACA18","NEON.PLA.D05.TREE.01651","TREE_056","TREE","D05",2021-09-22,"Live","sapling","Full shade",10,10,0.7,1.1,1.1,NA,"Carpinus caroliniana Walter",NA,NA,"2021",391,"mixed hardwood","Carpinus caroliniana Walter","American hornbeam","Betulaceae","tree","caroliniana",0.84,"hw3",-2.48,2.4835,"BetulaceaeAbove0.60spg","hardwood","Hardwood",0.62,-2.2652,2.5349,0.35633,0.92508,0.777869901180713,"Check",0.0291048084267283,0.0352981360887419,NA
"Carpinus","CACA18","NEON.PLA.D05.TREE.00171","TREE_056","TREE","D05",2018-10-09,"Live","small tree",NA,130,NA,6.7,7.4,NA,NA,"Carpinus caroliniana Walter",NA,NA,"2018",391,"mixed hardwood","Carpinus caroliniana Walter","American hornbeam","Betulaceae","tree","caroliniana",0.84,"hw3",-2.48,2.4835,"BetulaceaeAbove0.60spg","hardwood","Hardwood",0.62,-2.2652,2.5349,0.35633,0.92508,NA,"Check",7.82770171202458,10.6587723875045,NA
"Carpinus","CACA18","NEON.PLA.D05.TREE.03543","TREE_056","TREE","D05",2016-09-28,"Live","single bole tree",NA,130,NA,5.9,10.1,NA,41,"Carpinus caroliniana Walter",14.3,217,"2016",391,"mixed hardwood","Carpinus caroliniana Walter","American hornbeam","Betulaceae","tree","caroliniana",0.84,"hw3",-2.48,2.4835,"BetulaceaeAbove0.60spg","hardwood","Hardwood",0.62,-2.2652,2.5349,0.35633,0.92508,NA,"Check",26.1325516038943,36.4829871303807,NA
"Carpinus","CACA18","NEON.PLA.D05.TREE.00629","TREE_046","TREE","D05",2021-09-21,"Live","single bole tree","Full shade",130,NA,8,10.2,NA,25,"Carpinus caroliniana Walter",6.4,290.5,"2021",391,"mixed hardwood","Carpinus caroliniana Walter","American hornbeam","Betulaceae","tree","caroliniana",0.84,"hw3",-2.48,2.4835,"BetulaceaeAbove0.60spg","hardwood","Hardwood",0.62,-2.2652,2.5349,0.35633,0.92508,NA,"Check",26.7798543996179,37.4056077179616,NA
"Carpinus","CACA18","NEON.PLA.D05.TREE.00629","TREE_046","TREE","D05",2016-09-29,"Live","small tree",NA,130,NA,7.2,9.1,NA,25,"Carpinus caroliniana Walter",6.4,290.5,"2016",391,"mixed hardwood","Carpinus caroliniana Walter","American hornbeam","Betulaceae","tree","caroliniana",0.84,"hw3",-2.48,2.4835,"BetulaceaeAbove0.60spg","hardwood","Hardwood",0.62,-2.2652,2.5349,0.35633,0.92508,NA,"Check",13.0820736449444,18.0038641483594,NA
"Carpinus","CACA18","NEON.PLA.D05.TREE.03543","TREE_056","TREE","D05",2018-10-09,"Live","single bole tree",NA,130,NA,6.3,10.3,NA,41,"Carpinus caroliniana Walter",14.3,217,"2018",391,"mixed hardwood","Carpinus caroliniana Walter","American hornbeam","Betulaceae","tree","caroliniana",0.84,"hw3",-2.48,2.4835,"BetulaceaeAbove0.60spg","hardwood","Hardwood",0.62,-2.2652,2.5349,0.35633,0.92508,NA,"Check",27.4366404784122,38.3422169754935,NA
"Carpinus","CACA18","NEON.PLA.D05.TREE.00629","TREE_046","TREE","D05",2018-10-10,"Live","small tree",NA,130,NA,7.1,9.6,NA,25,"Carpinus caroliniana Walter",6.4,290.5,"2018",391,"mixed hardwood","Carpinus caroliniana Walter","American hornbeam","Betulaceae","tree","caroliniana",0.84,"hw3",-2.48,2.4835,"BetulaceaeAbove0.60spg","hardwood","Hardwood",0.62,-2.2652,2.5349,0.35633,0.92508,NA,"Check",14.9405951972669,20.6182143576713,NA
"Carpinus","CACA18","NEON.PLA.D05.TREE.03542","TREE_056","TREE","D05",2018-10-09,"Live","small tree",NA,130,NA,5.9,7.7,NA,NA,"Carpinus caroliniana Walter",NA,NA,"2018",391,"mixed hardwood","Carpinus caroliniana Walter","American hornbeam","Betulaceae","tree","caroliniana",0.84,"hw3",-2.48,2.4835,"BetulaceaeAbove0.60spg","hardwood","Hardwood",0.62,-2.2652,2.5349,0.35633,0.92508,NA,"Check",8.63966708071442,11.7884591005869,NA
"Carpinus","CACA18","NEON.PLA.D05.TREE.00093","TREE_055","TREE","D05",2015-07-29,"Live","small tree","Mostly shaded",130,NA,5.9,8.1,NA,NA,"Carpinus caroliniana Walter",NA,NA,"2015",391,"mixed hardwood","Carpinus caroliniana Walter","American hornbeam","Betulaceae","tree","caroliniana",0.84,"hw3",-2.48,2.4835,"BetulaceaeAbove0.60spg","hardwood","Hardwood",0.62,-2.2652,2.5349,0.35633,0.92508,NA,"Check",9.79760296357156,13.4032579616988,NA
"Carpinus","CACA18","NEON.PLA.D05.TREE.03542","TREE_056","TREE","D05",2017-09-25,"Live","small tree",NA,130,NA,5.4,7.8,NA,NA,"Carpinus caroliniana Walter",NA,NA,"2017",391,"mixed hardwood","Carpinus caroliniana Walter","American hornbeam","Betulaceae","tree","caroliniana",0.84,"hw3",-2.48,2.4835,"BetulaceaeAbove0.60spg","hardwood","Hardwood",0.62,-2.2652,2.5349,0.35633,0.92508,NA,"Check",8.92101434254576,12.1804213036179,NA
"Carpinus","CACA18","NEON.PLA.D05.TREE.00093","TREE_055","TREE","D05",2017-09-14,"Live","small tree",NA,130,NA,7.5,8.9,NA,NA,"Carpinus caroliniana Walter",NA,NA,"2017",391,"mixed hardwood","Carpinus caroliniana Walter","American hornbeam","Betulaceae","tree","caroliniana",0.84,"hw3",-2.48,2.4835,"BetulaceaeAbove0.60spg","hardwood","Hardwood",0.62,-2.2652,2.5349,0.35633,0.92508,NA,"Check",12.3796216921513,17.017683007011,NA
"Carpinus","CACA18","NEON.PLA.D05.TREE.03542","TREE_056","TREE","D05",2016-09-28,"Live","small tree",NA,130,NA,5.5,7.1,NA,NA,"Carpinus caroliniana Walter",NA,NA,"2016",391,"mixed hardwood","Carpinus caroliniana Walter","American hornbeam","Betulaceae","tree","caroliniana",0.84,"hw3",-2.48,2.4835,"BetulaceaeAbove0.60spg","hardwood","Hardwood",0.62,-2.2652,2.5349,0.35633,0.92508,NA,"Check",7.06313327145438,9.5972429739009,NA
"Carpinus","CACA18","NEON.PLA.D05.TREE.03542","TREE_056","TREE","D05",2022-09-20,"Live","small tree","Mostly shaded",130,NA,7,8.3,NA,NA,"Carpinus caroliniana Walter",NA,NA,"2022",391,"mixed hardwood","Carpinus caroliniana Walter","American hornbeam","Betulaceae","tree","caroliniana",0.84,"hw3",-2.48,2.4835,"BetulaceaeAbove0.60spg","hardwood","Hardwood",0.62,-2.2652,2.5349,0.35633,0.92508,NA,"Check",10.4094488197829,14.2581361745916,NA
"Fraxinus","FRNI","NEON.PLA.D05.TREE.03895","TREE_052","TREE","D05",2017-09-26,"Live","single bole tree",NA,130,NA,7.2,10,NA,41,"Fraxinus nigra Marshall",2.4,145,"2017",543,"mixed hardwood","Fraxinus nigra Marshall","black ash","Oleaceae","tree","nigra",0.936,"hw3",-2.48,2.4835,"OleaceaeBelow0.55spg","hardwood","Hardwood",0.51,-2.0314,2.3524,0.07555,1.07047,NA,"Check",21.6328259054109,25.2698984134749,NA
"Fraxinus","FRPE","NEON.PLA.D05.TREE.00004","TREE_051","TREE","D05",2018-10-09,"Live","single bole tree",NA,130,NA,13.5,10.6,NA,39,"Fraxinus pennsylvanica Marshall",7.5,39,"2018",544,"mixed hardwood","Fraxinus pennsylvanica Marshall","green ash","Oleaceae","tree","pennsylvanica",0.936,"hw3",-2.48,2.4835,"OleaceaeBelow0.55spg","hardwood","Hardwood",0.51,-2.0314,2.3524,0.07555,1.07047,NA,"Check",29.4643456923515,33.8613061924714,NA
"Fraxinus","FRPE","NEON.PLA.D05.TREE.00736","TREE_051","TREE","D05",2016-09-28,"Live","single bole tree",NA,130,NA,14.2,10.6,NA,59,"Fraxinus pennsylvanica Marshall",8.5,252.2,"2016",544,"mixed hardwood","Fraxinus pennsylvanica Marshall","green ash","Oleaceae","tree","pennsylvanica",0.936,"hw3",-2.48,2.4835,"OleaceaeBelow0.55spg","hardwood","Hardwood",0.51,-2.0314,2.3524,0.07555,1.07047,NA,"Check",29.4643456923515,33.8613061924714,NA
"Fraxinus","FRAM2","NEON.PLA.D05.TREE.03549","TREE_051","TREE","D05",2017-09-26,"Live","small tree",NA,130,NA,1.7,1.9,NA,NA,"Fraxinus americana L.",NA,NA,"2017",541,"mixed hardwood","Fraxinus americana L.","white ash","Oleaceae","tree","americana",0.936,"hw3",-2.48,2.4835,"OleaceaeAbove0.55spg","hardwood","Hardwood",0.55,-1.8384,2.3524,0.07555,1.07047,NA,"Check",0.349862844831376,0.616257619390134,NA
"Fraxinus","FRPE","NEON.PLA.D05.TREE.00082","TREE_051","TREE","D05",2015-08-03,"Live, disease damaged","small tree","Mostly shaded",130,NA,3.2,1.6,NA,NA,"Fraxinus pennsylvanica Marshall",NA,NA,"2015",544,"mixed hardwood","Fraxinus pennsylvanica Marshall","green ash","Oleaceae","tree","pennsylvanica",0.936,"hw3",-2.48,2.4835,"OleaceaeBelow0.55spg","hardwood","Hardwood",0.51,-2.0314,2.3524,0.07555,1.07047,NA,"Check",0.228320671025557,0.339137132084596,NA
"Fraxinus","FRPE","NEON.PLA.D05.TREE.00082","TREE_051","TREE","D05",2018-10-09,"Standing dead","small tree",NA,130,NA,2.7,1.6,NA,NA,"Fraxinus pennsylvanica Marshall",NA,NA,"2018",544,"mixed hardwood","Fraxinus pennsylvanica Marshall","green ash","Oleaceae","tree","pennsylvanica",0.936,"hw3",-2.48,2.4835,"OleaceaeBelow0.55spg","hardwood","Hardwood",0.51,-2.0314,2.3524,0.07555,1.07047,NA,"Check",0.228320671025557,0.339137132084596,NA
"Fraxinus","FRAM2","NEON.PLA.D05.TREE.03549","TREE_051","TREE","D05",2016-09-28,"Standing dead","small tree",NA,130,NA,1.8,1.8,NA,NA,"Fraxinus americana L.",NA,NA,"2016",541,"mixed hardwood","Fraxinus americana L.","white ash","Oleaceae","tree","americana",0.936,"hw3",-2.48,2.4835,"OleaceaeAbove0.55spg","hardwood","Hardwood",0.55,-1.8384,2.3524,0.07555,1.07047,NA,"Check",0.305902144546893,0.54265695312436,NA
"Fraxinus","FRPE","NEON.PLA.D05.TREE.00742","TREE_051","TREE","D05",2015-08-03,"Live","single bole tree","Partially shaded",130,NA,14,11.4,NA,59,"Fraxinus pennsylvanica Marshall",10,198.5,"2015",544,"mixed hardwood","Fraxinus pennsylvanica Marshall","green ash","Oleaceae","tree","pennsylvanica",0.936,"hw3",-2.48,2.4835,"OleaceaeBelow0.55spg","hardwood","Hardwood",0.51,-2.0314,2.3524,0.07555,1.07047,NA,"Check",35.2998518884918,40.1825192788793,NA
"Fraxinus","FRPE","NEON.PLA.D05.TREE.00740","TREE_051","TREE","D05",2016-09-28,"Live","small tree",NA,130,NA,4.4,3.7,NA,NA,"Fraxinus pennsylvanica Marshall",NA,NA,"2016",544,"mixed hardwood","Fraxinus pennsylvanica Marshall","green ash","Oleaceae","tree","pennsylvanica",0.936,"hw3",-2.48,2.4835,"OleaceaeBelow0.55spg","hardwood","Hardwood",0.51,-2.0314,2.3524,0.07555,1.07047,NA,"Check",1.8312272272622,2.4369197725763,NA
"Fraxinus","FRPE","NEON.PLA.D05.TREE.00740","TREE_051","TREE","D05",2017-09-26,"Live","small tree",NA,130,NA,4.8,3.8,NA,NA,"Fraxinus pennsylvanica Marshall",NA,NA,"2017",544,"mixed hardwood","Fraxinus pennsylvanica Marshall","green ash","Oleaceae","tree","pennsylvanica",0.936,"hw3",-2.48,2.4835,"OleaceaeBelow0.55spg","hardwood","Hardwood",0.51,-2.0314,2.3524,0.07555,1.07047,NA,"Check",1.95661697684331,2.59469567975292,NA
"Fraxinus","FRPE","NEON.PLA.D05.TREE.00736","TREE_051","TREE","D05",2017-09-26,"Live","single bole tree",NA,130,NA,14.2,10.3,NA,59,"Fraxinus pennsylvanica Marshall",8.5,252.2,"2017",544,"mixed hardwood","Fraxinus pennsylvanica Marshall","green ash","Oleaceae","tree","pennsylvanica",0.936,"hw3",-2.48,2.4835,"OleaceaeBelow0.55spg","hardwood","Hardwood",0.51,-2.0314,2.3524,0.07555,1.07047,NA,"Check",27.4366404784122,31.6499098154163,NA
"Fraxinus","FRPE","NEON.PLA.D05.TREE.00736","TREE_051","TREE","D05",2018-10-09,"Live","single bole tree",NA,130,NA,13.9,11.1,NA,59,"Fraxinus pennsylvanica Marshall",8.5,252.2,"2018",544,"mixed hardwood","Fraxinus pennsylvanica Marshall","green ash","Oleaceae","tree","pennsylvanica",0.936,"hw3",-2.48,2.4835,"OleaceaeBelow0.55spg","hardwood","Hardwood",0.51,-2.0314,2.3524,0.07555,1.07047,NA,"Check",33.0376617710938,37.739137004288,NA
"Fraxinus","FRPE","NEON.PLA.D05.TREE.00752","TREE_051","TREE","D05",2015-08-03,"Live","small tree","Mostly shaded",130,NA,7,4.6,NA,NA,"Fraxinus pennsylvanica Marshall",NA,NA,"2015",544,"mixed hardwood","Fraxinus pennsylvanica Marshall","green ash","Oleaceae","tree","pennsylvanica",0.936,"hw3",-2.48,2.4835,"OleaceaeBelow0.55spg","hardwood","Hardwood",0.51,-2.0314,2.3524,0.07555,1.07047,NA,"Check",3.14465010694578,4.06700793067797,NA
"Fraxinus","FRPE","NEON.PLA.D05.TREE.00773","TREE_051","TREE","D05",2015-08-03,"Live","small tree","Mostly shaded",130,NA,6.9,4.2,NA,NA,"Fraxinus pennsylvanica Marshall",NA,NA,"2015",544,"mixed hardwood","Fraxinus pennsylvanica Marshall","green ash","Oleaceae","tree","pennsylvanica",0.936,"hw3",-2.48,2.4835,"OleaceaeBelow0.55spg","hardwood","Hardwood",0.51,-2.0314,2.3524,0.07555,1.07047,NA,"Check",2.50872390388638,3.28348568144299,NA
"Fraxinus","FRPE","NEON.PLA.D05.TREE.00337","TREE_051","TREE","D05",2017-09-26,"Live","single bole tree",NA,130,NA,11.7,13.4,NA,39,"Fraxinus pennsylvanica Marshall",4.2,41.8,"2017",544,"mixed hardwood","Fraxinus pennsylvanica Marshall","green ash","Oleaceae","tree","pennsylvanica",0.936,"hw3",-2.48,2.4835,"OleaceaeBelow0.55spg","hardwood","Hardwood",0.51,-2.0314,2.3524,0.07555,1.07047,NA,"Check",52.7368823038839,58.7726830305032,NA
"Fraxinus","FRPE","NEON.PLA.D05.TREE.00740","TREE_051","TREE","D05",2018-10-09,"Live","small tree",NA,130,NA,5.4,3.7,NA,NA,"Fraxinus pennsylvanica Marshall",NA,NA,"2018",544,"mixed hardwood","Fraxinus pennsylvanica Marshall","green ash","Oleaceae","tree","pennsylvanica",0.936,"hw3",-2.48,2.4835,"OleaceaeBelow0.55spg","hardwood","Hardwood",0.51,-2.0314,2.3524,0.07555,1.07047,NA,"Check",1.8312272272622,2.4369197725763,NA
"Fraxinus","FRNI","NEON.PLA.D05.TREE.00236","TREE_052","TREE","D05",2018-08-29,"Live","single bole tree",NA,130,NA,12.8,14.1,NA,41,"Fraxinus nigra Marshall",6,185.2,"2018",543,"mixed hardwood","Fraxinus nigra Marshall","black ash","Oleaceae","tree","nigra",0.936,"hw3",-2.48,2.4835,"OleaceaeBelow0.55spg","hardwood","Hardwood",0.51,-2.0314,2.3524,0.07555,1.07047,NA,"Check",59.8460307180024,66.2517310357447,NA
"Fraxinus","FRNI","NEON.PLA.D05.TREE.00802","TREE_052","TREE","D05",2018-08-29,"Live","multi-bole tree",NA,130,NA,13.3,18.9,NA,21,"Fraxinus nigra Marshall",5.2,34,"2018",543,"mixed hardwood","Fraxinus nigra Marshall","black ash","Oleaceae","tree","nigra",0.936,"hw3",-2.48,2.4835,"OleaceaeBelow0.55spg","hardwood","Hardwood",0.51,-2.0314,2.3524,0.07555,1.07047,NA,"Check",123.891803643674,131.984501850149,NA
"Fraxinus","FRNI","NEON.PLA.D05.TREE.00345","TREE_052","TREE","D05",2017-09-26,"Live","single bole tree",NA,130,NA,10.1,10.1,NA,23,"Fraxinus nigra Marshall",1.5,352.4,"2017",543,"mixed hardwood","Fraxinus nigra Marshall","black ash","Oleaceae","tree","nigra",0.936,"hw3",-2.48,2.4835,"OleaceaeBelow0.55spg","hardwood","Hardwood",0.51,-2.0314,2.3524,0.07555,1.07047,NA,"Check",26.1325516038943,30.2231543533484,NA
"Fraxinus","FRNI","NEON.PLA.D05.TREE.00205","TREE_052","TREE","D05",2016-09-29,"Live","single bole tree",NA,130,NA,14.7,25.6,NA,41,"Fraxinus nigra Marshall",8.4,234.2,"2016",543,"mixed hardwood","Fraxinus nigra Marshall","black ash","Oleaceae","tree","nigra",0.936,"hw3",-2.48,2.4835,"OleaceaeBelow0.55spg","hardwood","Hardwood",0.51,-2.0314,2.3524,0.07555,1.07047,NA,"Check",263.216820455347,269.474629732668,NA
"Fraxinus","FRNI","NEON.PLA.D05.TREE.00205","TREE_052","TREE","D05",2017-09-26,"Live","single bole tree",NA,130,NA,14.2,25.7,NA,41,"Fraxinus nigra Marshall",8.4,234.2,"2017",543,"mixed hardwood","Fraxinus nigra Marshall","black ash","Oleaceae","tree","nigra",0.936,"hw3",-2.48,2.4835,"OleaceaeBelow0.55spg","hardwood","Hardwood",0.51,-2.0314,2.3524,0.07555,1.07047,NA,"Check",265.777735426694,271.957392647688,NA
"Fraxinus","FRPE","NEON.PLA.D05.TREE.00740","TREE_051","TREE","D05",2015-08-03,"Live","small tree","Mostly shaded",130,NA,4,3.7,NA,NA,"Fraxinus pennsylvanica Marshall",NA,NA,"2015",544,"mixed hardwood","Fraxinus pennsylvanica Marshall","green ash","Oleaceae","tree","pennsylvanica",0.936,"hw3",-2.48,2.4835,"OleaceaeBelow0.55spg","hardwood","Hardwood",0.51,-2.0314,2.3524,0.07555,1.07047,NA,"Check",1.8312272272622,2.4369197725763,NA
"Fraxinus","FRNI","NEON.PLA.D05.TREE.00463","TREE_052","TREE","D05",2018-08-29,"Live","single bole tree",NA,130,NA,14.8,24.4,NA,41,"Fraxinus nigra Marshall",8.2,186.4,"2018",543,"mixed hardwood","Fraxinus nigra Marshall","black ash","Oleaceae","tree","nigra",0.936,"hw3",-2.48,2.4835,"OleaceaeBelow0.55spg","hardwood","Hardwood",0.51,-2.0314,2.3524,0.07555,1.07047,NA,"Check",233.631995605681,240.69663398604,NA
"Fraxinus","FRNI","NEON.PLA.D05.TREE.00463","TREE_052","TREE","D05",2015-08-03,"Live","single bole tree","Full sun",130,NA,13.1,23.8,NA,41,"Fraxinus nigra Marshall",8.2,186.4,"2015",543,"mixed hardwood","Fraxinus nigra Marshall","black ash","Oleaceae","tree","nigra",0.936,"hw3",-2.48,2.4835,"OleaceaeBelow0.55spg","hardwood","Hardwood",0.51,-2.0314,2.3524,0.07555,1.07047,NA,"Check",219.623373266739,227.004163786636,NA
"Fraxinus","FRNI","NEON.PLA.D05.TREE.00345","TREE_052","TREE","D05",2015-08-03,"Live, disease damaged","single bole tree","Partially shaded",130,NA,8.6,10,NA,23,"Fraxinus nigra Marshall",1.5,352.4,"2015",543,"mixed hardwood","Fraxinus nigra Marshall","black ash","Oleaceae","tree","nigra",0.936,"hw3",-2.48,2.4835,"OleaceaeBelow0.55spg","hardwood","Hardwood",0.51,-2.0314,2.3524,0.07555,1.07047,NA,"Check",21.6328259054109,25.2698984134749,NA
"Fraxinus","FRNI","NEON.PLA.D05.TREE.00236","TREE_052","TREE","D05",2016-09-29,"Live,  other damage","single bole tree",NA,130,NA,12.9,13.8,NA,41,"Fraxinus nigra Marshall",6,185.2,"2016",543,"mixed hardwood","Fraxinus nigra Marshall","black ash","Oleaceae","tree","nigra",0.936,"hw3",-2.48,2.4835,"OleaceaeBelow0.55spg","hardwood","Hardwood",0.51,-2.0314,2.3524,0.07555,1.07047,NA,"Check",56.733476367667,62.9833493989493,NA
"Fraxinus","FRPE","NEON.PLA.D05.TREE.00337","TREE_051","TREE","D05",2018-10-09,"Live","single bole tree",NA,130,NA,14.7,13.8,NA,39,"Fraxinus pennsylvanica Marshall",4.2,41.8,"2018",544,"mixed hardwood","Fraxinus pennsylvanica Marshall","green ash","Oleaceae","tree","pennsylvanica",0.936,"hw3",-2.48,2.4835,"OleaceaeBelow0.55spg","hardwood","Hardwood",0.51,-2.0314,2.3524,0.07555,1.07047,NA,"Check",56.733476367667,62.9833493989493,NA
"Fraxinus","FRPE","NEON.PLA.D05.TREE.00875","TREE_052","TREE","D05",2018-08-29,"Dead, broken bole","single bole tree",NA,130,NA,9.1,12.8,NA,41,"Fraxinus pennsylvanica Marshall",6.5,107.3,"2018",544,"mixed hardwood","Fraxinus pennsylvanica Marshall","green ash","Oleaceae","tree","pennsylvanica",0.936,"hw3",-2.48,2.4835,"OleaceaeBelow0.55spg","hardwood","Hardwood",0.51,-2.0314,2.3524,0.07555,1.07047,NA,"Check",47.0658216206163,52.7685210184025,NA
"Fraxinus","FRPE","NEON.PLA.D05.TREE.00004","TREE_051","TREE","D05",2017-09-26,"Live","single bole tree",NA,130,NA,12.8,10.3,NA,39,"Fraxinus pennsylvanica Marshall",7.5,39,"2017",544,"mixed hardwood","Fraxinus pennsylvanica Marshall","green ash","Oleaceae","tree","pennsylvanica",0.936,"hw3",-2.48,2.4835,"OleaceaeBelow0.55spg","hardwood","Hardwood",0.51,-2.0314,2.3524,0.07555,1.07047,NA,"Check",27.4366404784122,31.6499098154163,NA
"Fraxinus","FRNI","NEON.PLA.D05.TREE.03893","TREE_052","TREE","D05",2017-09-26,"Live","single bole tree",NA,130,NA,11,10.2,NA,23,"Fraxinus nigra Marshall",1.1,50.9,"2017",543,"mixed hardwood","Fraxinus nigra Marshall","black ash","Oleaceae","tree","nigra",0.936,"hw3",-2.48,2.4835,"OleaceaeBelow0.55spg","hardwood","Hardwood",0.51,-2.0314,2.3524,0.07555,1.07047,NA,"Check",26.7798543996179,30.9318028544107,NA
"Fraxinus","FRNI","NEON.PLA.D05.TREE.00205","TREE_052","TREE","D05",2015-08-03,"Live","single bole tree","Full sun",130,NA,14.3,25.3,NA,41,"Fraxinus nigra Marshall",8.4,234.2,"2015",543,"mixed hardwood","Fraxinus nigra Marshall","black ash","Oleaceae","tree","nigra",0.936,"hw3",-2.48,2.4835,"OleaceaeBelow0.55spg","hardwood","Hardwood",0.51,-2.0314,2.3524,0.07555,1.07047,NA,"Check",255.622747955464,262.104757209036,NA
"Fraxinus","FRNI","NEON.PLA.D05.TREE.00817","TREE_052","TREE","D05",2017-09-26,"Live","single bole tree",NA,130,NA,11.2,10.8,NA,39,"Fraxinus nigra Marshall",11.2,139.3,"2017",543,"mixed hardwood","Fraxinus nigra Marshall","black ash","Oleaceae","tree","nigra",0.936,"hw3",-2.48,2.4835,"OleaceaeBelow0.55spg","hardwood","Hardwood",0.51,-2.0314,2.3524,0.07555,1.07047,NA,"Check",30.8643817267358,35.3834545726455,NA
"Fraxinus","FRNI","NEON.PLA.D05.TREE.00817","TREE_052","TREE","D05",2018-08-29,"Live","single bole tree",NA,130,NA,10.7,10.8,NA,39,"Fraxinus nigra Marshall",11.2,139.3,"2018",543,"mixed hardwood","Fraxinus nigra Marshall","black ash","Oleaceae","tree","nigra",0.936,"hw3",-2.48,2.4835,"OleaceaeBelow0.55spg","hardwood","Hardwood",0.51,-2.0314,2.3524,0.07555,1.07047,NA,"Check",30.8643817267358,35.3834545726455,NA
"Fraxinus","FRNI","NEON.PLA.D05.TREE.00834","TREE_052","TREE","D05",2015-08-03,"Live","single bole tree","Full sun",130,NA,14.1,29.3,NA,39,"Fraxinus nigra Marshall",6.4,136,"2015",543,"mixed hardwood","Fraxinus nigra Marshall","black ash","Oleaceae","tree","nigra",0.936,"hw3",-2.48,2.4835,"OleaceaeBelow0.55spg","hardwood","Hardwood",0.51,-2.0314,2.3524,0.07555,1.07047,NA,"Check",368.057286556157,370.197583547066,NA
"Fraxinus","FRNI","NEON.PLA.D05.TREE.00463","TREE_052","TREE","D05",2016-09-29,"Live","single bole tree",NA,130,NA,15,23.9,NA,41,"Fraxinus nigra Marshall",8.2,186.4,"2016",543,"mixed hardwood","Fraxinus nigra Marshall","black ash","Oleaceae","tree","nigra",0.936,"hw3",-2.48,2.4835,"OleaceaeBelow0.55spg","hardwood","Hardwood",0.51,-2.0314,2.3524,0.07555,1.07047,NA,"Check",221.922262753277,229.254258511422,NA
"Fraxinus","FRNI","NEON.PLA.D05.TREE.00802","TREE_052","TREE","D05",2015-08-03,"Live","single bole tree","Full sun",130,NA,12.2,18.6,NA,21,"Fraxinus nigra Marshall",5.2,34,"2015",543,"mixed hardwood","Fraxinus nigra Marshall","black ash","Oleaceae","tree","nigra",0.936,"hw3",-2.48,2.4835,"OleaceaeBelow0.55spg","hardwood","Hardwood",0.51,-2.0314,2.3524,0.07555,1.07047,NA,"Check",119.065264710379,127.109040218533,NA
"Fraxinus","FRNI","NEON.PLA.D05.TREE.00395","TREE_052","TREE","D05",2016-09-29,"Live","single bole tree",NA,130,NA,12.7,19.8,NA,21,"Fraxinus nigra Marshall",8.7,36.9,"2016",543,"mixed hardwood","Fraxinus nigra Marshall","black ash","Oleaceae","tree","nigra",0.936,"hw3",-2.48,2.4835,"OleaceaeBelow0.55spg","hardwood","Hardwood",0.51,-2.0314,2.3524,0.07555,1.07047,NA,"Check",139.064950291518,147.247992659707,NA
"Fraxinus","FRNI","NEON.PLA.D05.TREE.03893","TREE_052","TREE","D05",2018-08-29,"Live","single bole tree",NA,130,NA,9.7,10.3,NA,23,"Fraxinus nigra Marshall",1.1,50.9,"2018",543,"mixed hardwood","Fraxinus nigra Marshall","black ash","Oleaceae","tree","nigra",0.936,"hw3",-2.48,2.4835,"OleaceaeBelow0.55spg","hardwood","Hardwood",0.51,-2.0314,2.3524,0.07555,1.07047,NA,"Check",27.4366404784122,31.6499098154163,NA
"Fraxinus","FRNI","NEON.PLA.D05.TREE.00506","TREE_053","TREE","D05",2015-07-27,"Live,  other damage","sapling","Full shade",10,NA,0.9,1.4,NA,NA,"Fraxinus nigra Marshall",NA,NA,"2015",543,"mixed hardwood","Fraxinus nigra Marshall","black ash","Oleaceae","tree","nigra",0.936,"hw3",-2.48,2.4835,"OleaceaeBelow0.55spg","hardwood","Hardwood",0.51,-2.0314,2.3524,0.07555,1.07047,0.999590927277837,"Check",0.0709858768397719,0.112146438963534,NA
"Fraxinus","FRNI","NEON.PLA.D05.TREE.00236","TREE_052","TREE","D05",2017-09-26,"Live","single bole tree",NA,130,NA,11.4,13.9,NA,41,"Fraxinus nigra Marshall",6,185.2,"2017",543,"mixed hardwood","Fraxinus nigra Marshall","black ash","Oleaceae","tree","nigra",0.936,"hw3",-2.48,2.4835,"OleaceaeBelow0.55spg","hardwood","Hardwood",0.51,-2.0314,2.3524,0.07555,1.07047,NA,"Check",57.7599676483321,64.0622526042174,NA
"Fraxinus","FRNI","NEON.PLA.D05.TREE.00345","TREE_052","TREE","D05",2016-09-29,"Live","single bole tree",NA,130,NA,9.4,10,NA,23,"Fraxinus nigra Marshall",1.5,352.4,"2016",543,"mixed hardwood","Fraxinus nigra Marshall","black ash","Oleaceae","tree","nigra",0.936,"hw3",-2.48,2.4835,"OleaceaeBelow0.55spg","hardwood","Hardwood",0.51,-2.0314,2.3524,0.07555,1.07047,NA,"Check",21.6328259054109,25.2698984134749,NA
"Fraxinus","FRNI","NEON.PLA.D05.TREE.00433","TREE_052","TREE","D05",2017-09-26,"Live","single bole tree",NA,130,NA,15.9,24.4,NA,23,"Fraxinus nigra Marshall",10,302.1,"2017",543,"mixed hardwood","Fraxinus nigra Marshall","black ash","Oleaceae","tree","nigra",0.936,"hw3",-2.48,2.4835,"OleaceaeBelow0.55spg","hardwood","Hardwood",0.51,-2.0314,2.3524,0.07555,1.07047,NA,"Check",233.631995605681,240.69663398604,NA
"Fraxinus","FRNI","NEON.PLA.D05.TREE.00817","TREE_052","TREE","D05",2015-08-03,"Live","single bole tree","Partially shaded",130,NA,9.4,10.7,NA,39,"Fraxinus nigra Marshall",11.2,139.3,"2015",543,"mixed hardwood","Fraxinus nigra Marshall","black ash","Oleaceae","tree","nigra",0.936,"hw3",-2.48,2.4835,"OleaceaeBelow0.55spg","hardwood","Hardwood",0.51,-2.0314,2.3524,0.07555,1.07047,NA,"Check",30.1595110740406,34.6175707195489,NA
"Fraxinus","FRNI","NEON.PLA.D05.TREE.00813","TREE_052","TREE","D05",2018-08-29,"Live","single bole tree",NA,130,NA,11.8,15.5,NA,39,"Fraxinus nigra Marshall",5.6,164.4,"2018",543,"mixed hardwood","Fraxinus nigra Marshall","black ash","Oleaceae","tree","nigra",0.936,"hw3",-2.48,2.4835,"OleaceaeBelow0.55spg","hardwood","Hardwood",0.51,-2.0314,2.3524,0.07555,1.07047,NA,"Check",75.7074219142073,82.7771512548749,NA
"Fraxinus","FRNI","NEON.PLA.D05.TREE.00236","TREE_052","TREE","D05",2015-08-03,"Live, physically damaged","single bole tree","Partially shaded",130,NA,13.3,13.9,NA,41,"Fraxinus nigra Marshall",6,185.2,"2015",543,"mixed hardwood","Fraxinus nigra Marshall","black ash","Oleaceae","tree","nigra",0.936,"hw3",-2.48,2.4835,"OleaceaeBelow0.55spg","hardwood","Hardwood",0.51,-2.0314,2.3524,0.07555,1.07047,NA,"Check",57.7599676483321,64.0622526042174,NA
"Fraxinus","FRNI","NEON.PLA.D05.TREE.00437","TREE_052","TREE","D05",2018-08-29,"Live","single bole tree",NA,130,NA,10.3,11.5,NA,23,"Fraxinus nigra Marshall",8.1,323.1,"2018",543,"mixed hardwood","Fraxinus nigra Marshall","black ash","Oleaceae","tree","nigra",0.936,"hw3",-2.48,2.4835,"OleaceaeBelow0.55spg","hardwood","Hardwood",0.51,-2.0314,2.3524,0.07555,1.07047,NA,"Check",36.0738729508933,41.0166124358424,NA
"Fraxinus","FRNI","NEON.PLA.D05.TREE.00813","TREE_052","TREE","D05",2017-09-26,"Live","single bole tree",NA,130,NA,12,15.5,NA,39,"Fraxinus nigra Marshall",5.6,164.4,"2017",543,"mixed hardwood","Fraxinus nigra Marshall","black ash","Oleaceae","tree","nigra",0.936,"hw3",-2.48,2.4835,"OleaceaeBelow0.55spg","hardwood","Hardwood",0.51,-2.0314,2.3524,0.07555,1.07047,NA,"Check",75.7074219142073,82.7771512548749,NA
"Fraxinus","FRNI","NEON.PLA.D05.TREE.00834","TREE_052","TREE","D05",2016-09-29,"Live","single bole tree",NA,130,NA,15.2,30.2,NA,39,"Fraxinus nigra Marshall",6.4,136,"2016",543,"mixed hardwood","Fraxinus nigra Marshall","black ash","Oleaceae","tree","nigra",0.936,"hw3",-2.48,2.4835,"OleaceaeBelow0.55spg","hardwood","Hardwood",0.51,-2.0314,2.3524,0.07555,1.07047,NA,"Check",396.777400419097,397.504932536181,NA
"Fraxinus","FRPE","NEON.PLA.D05.TREE.00766","TREE_051","TREE","D05",2016-09-28,"Live","small tree",NA,130,NA,6.5,1.9,NA,NA,"Fraxinus pennsylvanica Marshall",NA,NA,"2016",544,"mixed hardwood","Fraxinus pennsylvanica Marshall","green ash","Oleaceae","tree","pennsylvanica",0.936,"hw3",-2.48,2.4835,"OleaceaeBelow0.55spg","hardwood","Hardwood",0.51,-2.0314,2.3524,0.07555,1.07047,NA,"Check",0.349862844831376,0.508093298613045,NA
"Fraxinus","FRPE","NEON.PLA.D05.TREE.00766","TREE_051","TREE","D05",2017-09-26,"Live","small tree",NA,130,NA,3.2,1.8,NA,NA,"Fraxinus pennsylvanica Marshall",NA,NA,"2017",544,"mixed hardwood","Fraxinus pennsylvanica Marshall","green ash","Oleaceae","tree","pennsylvanica",0.936,"hw3",-2.48,2.4835,"OleaceaeBelow0.55spg","hardwood","Hardwood",0.51,-2.0314,2.3524,0.07555,1.07047,NA,"Check",0.305902144546893,0.447410875992286,NA
"Fraxinus","FRPE","NEON.PLA.D05.TREE.00600","TREE_051","TREE","D05",2018-10-09,"Live","single bole tree",NA,130,NA,14.5,10.7,NA,39,"Fraxinus pennsylvanica Marshall",8.5,41.1,"2018",544,"mixed hardwood","Fraxinus pennsylvanica Marshall","green ash","Oleaceae","tree","pennsylvanica",0.936,"hw3",-2.48,2.4835,"OleaceaeBelow0.55spg","hardwood","Hardwood",0.51,-2.0314,2.3524,0.07555,1.07047,NA,"Check",30.1595110740406,34.6175707195489,NA
"Fraxinus","FRNI","NEON.PLA.D05.TREE.00817","TREE_052","TREE","D05",2016-09-29,"Live","single bole tree",NA,130,NA,10.7,10.7,NA,39,"Fraxinus nigra Marshall",11.2,139.3,"2016",543,"mixed hardwood","Fraxinus nigra Marshall","black ash","Oleaceae","tree","nigra",0.936,"hw3",-2.48,2.4835,"OleaceaeBelow0.55spg","hardwood","Hardwood",0.51,-2.0314,2.3524,0.07555,1.07047,NA,"Check",30.1595110740406,34.6175707195489,NA
"Fraxinus","FRPE","NEON.PLA.D05.TREE.00600","TREE_051","TREE","D05",2015-08-03,"Live","small tree","Partially shaded",130,NA,13,9.9,NA,39,"Fraxinus pennsylvanica Marshall",8.5,41.1,"2015",544,"mixed hardwood","Fraxinus pennsylvanica Marshall","green ash","Oleaceae","tree","pennsylvanica",0.936,"hw3",-2.48,2.4835,"OleaceaeBelow0.55spg","hardwood","Hardwood",0.51,-2.0314,2.3524,0.07555,1.07047,NA,"Check",21.0995533041502,24.6794642585088,NA
"Fraxinus","FRPE","NEON.PLA.D05.TREE.00312","TREE_051","TREE","D05",2015-08-03,"Live","small tree","Mostly shaded",130,NA,3.1,5,NA,NA,"Fraxinus pennsylvanica Marshall",NA,NA,"2015",544,"mixed hardwood","Fraxinus pennsylvanica Marshall","green ash","Oleaceae","tree","pennsylvanica",0.936,"hw3",-2.48,2.4835,"OleaceaeBelow0.55spg","hardwood","Hardwood",0.51,-2.0314,2.3524,0.07555,1.07047,NA,"Check",3.86816740454718,4.94835141581678,NA
"Fraxinus","FRPE","NEON.PLA.D05.TREE.00146","TREE_056","TREE","D05",2017-09-25,"Live","small tree",NA,130,NA,12.4,8.5,NA,NA,"Fraxinus pennsylvanica Marshall",NA,NA,"2017",544,"mixed hardwood","Fraxinus pennsylvanica Marshall","green ash","Oleaceae","tree","pennsylvanica",0.936,"hw3",-2.48,2.4835,"OleaceaeBelow0.55spg","hardwood","Hardwood",0.51,-2.0314,2.3524,0.07555,1.07047,NA,"Check",14.4485796776451,17.2412431584896,NA
"Fraxinus","FRPE","NEON.PLA.D05.TREE.00146","TREE_056","TREE","D05",2022-09-20,"Live","small tree","Full shade",130,NA,9.9,8.9,NA,NA,"Fraxinus pennsylvanica Marshall",NA,NA,"2022",544,"mixed hardwood","Fraxinus pennsylvanica Marshall","green ash","Oleaceae","tree","pennsylvanica",0.936,"hw3",-2.48,2.4835,"OleaceaeBelow0.55spg","hardwood","Hardwood",0.51,-2.0314,2.3524,0.07555,1.07047,NA,"Check",16.1965806060579,19.2109369945684,NA
"Fraxinus","FRPE","NEON.PLA.D05.TREE.00332","TREE_051","TREE","D05",2015-08-03,"Live","small tree","Partially shaded",130,NA,11.4,7.1,NA,NA,"Fraxinus pennsylvanica Marshall",NA,NA,"2015",544,"mixed hardwood","Fraxinus pennsylvanica Marshall","green ash","Oleaceae","tree","pennsylvanica",0.936,"hw3",-2.48,2.4835,"OleaceaeBelow0.55spg","hardwood","Hardwood",0.51,-2.0314,2.3524,0.07555,1.07047,NA,"Check",9.24088071568202,11.2902520003489,NA
"Fraxinus","FRNI","NEON.PLA.D05.TREE.00868","TREE_052","TREE","D05",2015-08-03,"Live","single bole tree","Full sun",130,NA,16.5,31.4,NA,41,"Fraxinus nigra Marshall",3.7,264.6,"2015",543,"mixed hardwood","Fraxinus nigra Marshall","black ash","Oleaceae","tree","nigra",0.936,"hw3",-2.48,2.4835,"OleaceaeBelow0.55spg","hardwood","Hardwood",0.51,-2.0314,2.3524,0.07555,1.07047,NA,"Check",437.093618466646,435.663818433376,NA
"Fraxinus","FRNI","NEON.PLA.D05.TREE.00433","TREE_052","TREE","D05",2015-08-03,"Live","single bole tree","Open grown",130,NA,14.5,24.2,NA,23,"Fraxinus nigra Marshall",10,302.1,"2015",543,"mixed hardwood","Fraxinus nigra Marshall","black ash","Oleaceae","tree","nigra",0.936,"hw3",-2.48,2.4835,"OleaceaeBelow0.55spg","hardwood","Hardwood",0.51,-2.0314,2.3524,0.07555,1.07047,NA,"Check",228.904929987045,236.081228473124,NA
"Fraxinus","FRNI","NEON.PLA.D05.TREE.03425","TREE_051","TREE","D05",2018-10-09,"Live","small tree",NA,130,NA,9.8,8.2,NA,57,"Fraxinus nigra Marshall",10.1,122.6,"2018",543,"mixed hardwood","Fraxinus nigra Marshall","black ash","Oleaceae","tree","nigra",0.936,"hw3",-2.48,2.4835,"OleaceaeBelow0.55spg","hardwood","Hardwood",0.51,-2.0314,2.3524,0.07555,1.07047,NA,"Check",13.2150849007508,15.8437945574738,NA
"Fraxinus","FRNI","NEON.PLA.D05.TREE.00462","TREE_052","TREE","D05",2017-09-26,"Dead, broken bole","single bole tree",NA,140,NA,10,24.2,NA,41,"Fraxinus nigra Marshall",10.6,245.1,"2017",543,"mixed hardwood","Fraxinus nigra Marshall","black ash","Oleaceae","tree","nigra",0.936,"hw3",-2.48,2.4835,"OleaceaeBelow0.55spg","hardwood","Hardwood",0.51,-2.0314,2.3524,0.07555,1.07047,NA,"Check",228.904929987045,236.081228473124,NA
"Fraxinus","FRNI","NEON.PLA.D05.TREE.00834","TREE_052","TREE","D05",2018-08-29,"Live","single bole tree",NA,130,NA,10.8,30.3,NA,39,"Fraxinus nigra Marshall",6.4,136,"2018",543,"mixed hardwood","Fraxinus nigra Marshall","black ash","Oleaceae","tree","nigra",0.936,"hw3",-2.48,2.4835,"OleaceaeBelow0.55spg","hardwood","Hardwood",0.51,-2.0314,2.3524,0.07555,1.07047,NA,"Check",400.048321688026,400.608194632958,NA
"Fraxinus","FRNI","NEON.PLA.D05.TREE.00802A","TREE_052","TREE","D05",2018-08-29,"Live","multi-bole tree",NA,130,NA,13.3,9.3,NA,21,"Fraxinus nigra Marshall",5.2,34,"2018",543,"mixed hardwood","Fraxinus nigra Marshall","black ash","Oleaceae","tree","nigra",0.936,"hw3",-2.48,2.4835,"OleaceaeBelow0.55spg","hardwood","Hardwood",0.51,-2.0314,2.3524,0.07555,1.07047,NA,"Check",18.0651119794246,21.3040799969089,NA
"Fraxinus","FRNI","NEON.PLA.D05.TREE.00462","TREE_052","TREE","D05",2016-09-29,"Live,  other damage","single bole tree",NA,140,NA,9.7,24.3,NA,41,"Fraxinus nigra Marshall",10.6,245.1,"2016",543,"mixed hardwood","Fraxinus nigra Marshall","black ash","Oleaceae","tree","nigra",0.936,"hw3",-2.48,2.4835,"OleaceaeBelow0.55spg","hardwood","Hardwood",0.51,-2.0314,2.3524,0.07555,1.07047,NA,"Check",231.26124820256,238.382509558791,NA
"Fraxinus","FRPE","NEON.PLA.D05.TREE.00600","TREE_051","TREE","D05",2016-09-28,"Live","single bole tree",NA,130,NA,13.8,10.1,NA,39,"Fraxinus pennsylvanica Marshall",8.5,41.1,"2016",544,"mixed hardwood","Fraxinus pennsylvanica Marshall","green ash","Oleaceae","tree","pennsylvanica",0.936,"hw3",-2.48,2.4835,"OleaceaeBelow0.55spg","hardwood","Hardwood",0.51,-2.0314,2.3524,0.07555,1.07047,NA,"Check",26.1325516038943,30.2231543533484,NA
"Fraxinus","FRPE","NEON.PLA.D05.TREE.00358","TREE_051","TREE","D05",2015-08-03,"Live","small tree","Mostly shaded",130,NA,8.3,5.9,NA,NA,"Fraxinus pennsylvanica Marshall",NA,NA,"2015",544,"mixed hardwood","Fraxinus pennsylvanica Marshall","green ash","Oleaceae","tree","pennsylvanica",0.936,"hw3",-2.48,2.4835,"OleaceaeBelow0.55spg","hardwood","Hardwood",0.51,-2.0314,2.3524,0.07555,1.07047,NA,"Check",5.83477651345546,7.30391597220159,NA
"Fraxinus","FRPE","NEON.PLA.D05.TREE.00875","TREE_052","TREE","D05",2017-09-26,"Live, broken bole","single bole tree",NA,130,NA,9.2,12.6,NA,41,"Fraxinus pennsylvanica Marshall",6.5,107.3,"2017",544,"mixed hardwood","Fraxinus pennsylvanica Marshall","green ash","Oleaceae","tree","pennsylvanica",0.936,"hw3",-2.48,2.4835,"OleaceaeBelow0.55spg","hardwood","Hardwood",0.51,-2.0314,2.3524,0.07555,1.07047,NA,"Check",45.2605611033702,50.8494031597074,NA
"Fraxinus","FRPE","NEON.PLA.D05.TREE.00296","TREE_051","TREE","D05",2018-10-09,"Live","small tree",NA,130,NA,8.6,6.3,NA,NA,"Fraxinus pennsylvanica Marshall",NA,NA,"2018",544,"mixed hardwood","Fraxinus pennsylvanica Marshall","green ash","Oleaceae","tree","pennsylvanica",0.936,"hw3",-2.48,2.4835,"OleaceaeBelow0.55spg","hardwood","Hardwood",0.51,-2.0314,2.3524,0.07555,1.07047,NA,"Check",6.86713380743613,8.52260193961822,NA
"Fraxinus","FRPE","NEON.PLA.D05.TREE.00595","TREE_046","TREE","D05",2021-09-21,"Live","small tree","Full shade",130,NA,6.5,3.6,NA,NA,"Fraxinus pennsylvanica Marshall",NA,NA,"2021",544,"mixed hardwood","Fraxinus pennsylvanica Marshall","green ash","Oleaceae","tree","pennsylvanica",0.936,"hw3",-2.48,2.4835,"OleaceaeBelow0.55spg","hardwood","Hardwood",0.51,-2.0314,2.3524,0.07555,1.07047,NA,"Check",1.71076562748955,2.28480688523265,NA
"Fraxinus","FRPE","NEON.PLA.D05.TREE.00761","TREE_052","TREE","D05",2017-09-26,"Live","single bole tree",NA,140,NA,10.4,10.2,NA,41,"Fraxinus pennsylvanica Marshall",3.5,120.4,"2017",544,"mixed hardwood","Fraxinus pennsylvanica Marshall","green ash","Oleaceae","tree","pennsylvanica",0.936,"hw3",-2.48,2.4835,"OleaceaeBelow0.55spg","hardwood","Hardwood",0.51,-2.0314,2.3524,0.07555,1.07047,NA,"Check",26.7798543996179,30.9318028544107,NA
"Fraxinus","FRPE","NEON.PLA.D05.TREE.00750","TREE_051","TREE","D05",2015-08-03,"Live","single bole tree","Full sun",130,NA,13.4,11.2,NA,59,"Fraxinus pennsylvanica Marshall",2.8,216.6,"2015",544,"mixed hardwood","Fraxinus pennsylvanica Marshall","green ash","Oleaceae","tree","pennsylvanica",0.936,"hw3",-2.48,2.4835,"OleaceaeBelow0.55spg","hardwood","Hardwood",0.51,-2.0314,2.3524,0.07555,1.07047,NA,"Check",33.7817889358751,38.5438121448212,NA
"Fraxinus","FRPE","NEON.PLA.D05.TREE.00201","TREE_051","TREE","D05",2016-09-28,"Live","single bole tree",NA,130,NA,13.7,12,NA,57,"Fraxinus pennsylvanica Marshall",2.3,141.2,"2016",544,"mixed hardwood","Fraxinus pennsylvanica Marshall","green ash","Oleaceae","tree","pennsylvanica",0.936,"hw3",-2.48,2.4835,"OleaceaeBelow0.55spg","hardwood","Hardwood",0.51,-2.0314,2.3524,0.07555,1.07047,NA,"Check",40.095562396041,45.3356819280001,NA
"Fraxinus","FRPE","NEON.PLA.D05.TREE.00706","TREE_051","TREE","D05",2015-08-03,"Live","small tree","Partially shaded",130,NA,7.9,5.2,NA,NA,"Fraxinus pennsylvanica Marshall",NA,NA,"2015",544,"mixed hardwood","Fraxinus pennsylvanica Marshall","green ash","Oleaceae","tree","pennsylvanica",0.936,"hw3",-2.48,2.4835,"OleaceaeBelow0.55spg","hardwood","Hardwood",0.51,-2.0314,2.3524,0.07555,1.07047,NA,"Check",4.26390538400983,5.42662437960621,NA
"Fraxinus","FRPE","NEON.PLA.D05.TREE.00706","TREE_051","TREE","D05",2017-09-26,"Live","small tree",NA,130,NA,10.5,5.2,NA,NA,"Fraxinus pennsylvanica Marshall",NA,NA,"2017",544,"mixed hardwood","Fraxinus pennsylvanica Marshall","green ash","Oleaceae","tree","pennsylvanica",0.936,"hw3",-2.48,2.4835,"OleaceaeBelow0.55spg","hardwood","Hardwood",0.51,-2.0314,2.3524,0.07555,1.07047,NA,"Check",4.26390538400983,5.42662437960621,NA
"Fraxinus","FRPE","NEON.PLA.D05.TREE.00717","TREE_051","TREE","D05",2016-09-28,"Live","small tree",NA,130,NA,4.7,3.4,NA,NA,"Fraxinus pennsylvanica Marshall",NA,NA,"2016",544,"mixed hardwood","Fraxinus pennsylvanica Marshall","green ash","Oleaceae","tree","pennsylvanica",0.936,"hw3",-2.48,2.4835,"OleaceaeBelow0.55spg","hardwood","Hardwood",0.51,-2.0314,2.3524,0.07555,1.07047,NA,"Check",1.48436650446023,1.99735150193766,NA
"Fraxinus","FRPE","NEON.PLA.D05.TREE.00202","TREE_051","TREE","D05",2018-10-09,"Live","single bole tree",NA,130,NA,15,16.7,NA,39,"Fraxinus pennsylvanica Marshall",7.9,22.7,"2018",544,"mixed hardwood","Fraxinus pennsylvanica Marshall","green ash","Oleaceae","tree","pennsylvanica",0.936,"hw3",-2.48,2.4835,"OleaceaeBelow0.55spg","hardwood","Hardwood",0.51,-2.0314,2.3524,0.07555,1.07047,NA,"Check",91.1099988119741,98.6489384430605,NA
"Fraxinus","FRPE","NEON.PLA.D05.TREE.00308","TREE_051","TREE","D05",2016-09-28,"Live","single bole tree",NA,130,NA,11.6,12.7,NA,57,"Fraxinus pennsylvanica Marshall",9.5,130.1,"2016",544,"mixed hardwood","Fraxinus pennsylvanica Marshall","green ash","Oleaceae","tree","pennsylvanica",0.936,"hw3",-2.48,2.4835,"OleaceaeBelow0.55spg","hardwood","Hardwood",0.51,-2.0314,2.3524,0.07555,1.07047,NA,"Check",46.1579195496462,51.8038530356099,NA
"Fraxinus","FRPE","NEON.PLA.D05.TREE.00773","TREE_051","TREE","D05",2018-10-09,"Live","small tree",NA,130,NA,8.2,4.2,NA,NA,"Fraxinus pennsylvanica Marshall",NA,NA,"2018",544,"mixed hardwood","Fraxinus pennsylvanica Marshall","green ash","Oleaceae","tree","pennsylvanica",0.936,"hw3",-2.48,2.4835,"OleaceaeBelow0.55spg","hardwood","Hardwood",0.51,-2.0314,2.3524,0.07555,1.07047,NA,"Check",2.50872390388638,3.28348568144299,NA
"Fraxinus","FRPE","NEON.PLA.D05.TREE.00773","TREE_051","TREE","D05",2016-09-28,"Live","small tree",NA,130,NA,7.9,4.3,NA,NA,"Fraxinus pennsylvanica Marshall",NA,NA,"2016",544,"mixed hardwood","Fraxinus pennsylvanica Marshall","green ash","Oleaceae","tree","pennsylvanica",0.936,"hw3",-2.48,2.4835,"OleaceaeBelow0.55spg","hardwood","Hardwood",0.51,-2.0314,2.3524,0.07555,1.07047,NA,"Check",2.65969700750899,3.47036129448434,NA
"Fraxinus","FRPE","NEON.PLA.D05.TREE.00036","TREE_051","TREE","D05",2017-09-26,"Live","small tree",NA,130,NA,5.4,3,NA,NA,"Fraxinus pennsylvanica Marshall",NA,NA,"2017",544,"mixed hardwood","Fraxinus pennsylvanica Marshall","green ash","Oleaceae","tree","pennsylvanica",0.936,"hw3",-2.48,2.4835,"OleaceaeBelow0.55spg","hardwood","Hardwood",0.51,-2.0314,2.3524,0.07555,1.07047,NA,"Check",1.08778706763657,1.48793354746382,NA
"Fraxinus","FRPE","NEON.PLA.D05.TREE.00036","TREE_051","TREE","D05",2018-10-09,"Live","small tree",NA,130,NA,5.3,3,NA,NA,"Fraxinus pennsylvanica Marshall",NA,NA,"2018",544,"mixed hardwood","Fraxinus pennsylvanica Marshall","green ash","Oleaceae","tree","pennsylvanica",0.936,"hw3",-2.48,2.4835,"OleaceaeBelow0.55spg","hardwood","Hardwood",0.51,-2.0314,2.3524,0.07555,1.07047,NA,"Check",1.08778706763657,1.48793354746382,NA
"Fraxinus","FRPE","NEON.PLA.D05.TREE.00036","TREE_051","TREE","D05",2016-09-28,"Live","small tree",NA,130,NA,6.3,2.9,NA,NA,"Fraxinus pennsylvanica Marshall",NA,NA,"2016",544,"mixed hardwood","Fraxinus pennsylvanica Marshall","green ash","Oleaceae","tree","pennsylvanica",0.936,"hw3",-2.48,2.4835,"OleaceaeBelow0.55spg","hardwood","Hardwood",0.51,-2.0314,2.3524,0.07555,1.07047,NA,"Check",0.999950917005268,1.37387919291129,NA
"Fraxinus","FRPE","NEON.PLA.D05.TREE.00036","TREE_051","TREE","D05",2015-08-03,"Live, insect damaged","small tree","Mostly shaded",130,NA,5.3,2.9,NA,NA,"Fraxinus pennsylvanica Marshall",NA,NA,"2015",544,"mixed hardwood","Fraxinus pennsylvanica Marshall","green ash","Oleaceae","tree","pennsylvanica",0.936,"hw3",-2.48,2.4835,"OleaceaeBelow0.55spg","hardwood","Hardwood",0.51,-2.0314,2.3524,0.07555,1.07047,NA,"Check",0.999950917005268,1.37387919291129,NA
"Fraxinus","FRPE","NEON.PLA.D05.TREE.00775","TREE_052","TREE","D05",2016-09-29,"Live","single bole tree",NA,130,NA,12.9,16.3,NA,23,"Fraxinus pennsylvanica Marshall",6,31,"2016",544,"mixed hardwood","Fraxinus pennsylvanica Marshall","green ash","Oleaceae","tree","pennsylvanica",0.936,"hw3",-2.48,2.4835,"OleaceaeBelow0.55spg","hardwood","Hardwood",0.51,-2.0314,2.3524,0.07555,1.07047,NA,"Check",85.7862335300412,93.1803441358055,NA
"Fraxinus","FRPE","NEON.PLA.D05.TREE.00280","TREE_056","TREE","D05",2021-09-22,"Live","small tree","Mostly shaded",130,NA,7.9,9.8,NA,NA,"Fraxinus pennsylvanica Marshall",NA,NA,"2021",544,"mixed hardwood","Fraxinus pennsylvanica Marshall","green ash","Oleaceae","tree","pennsylvanica",0.936,"hw3",-2.48,2.4835,"OleaceaeBelow0.55spg","hardwood","Hardwood",0.51,-2.0314,2.3524,0.07555,1.07047,NA,"Check",20.5742121725013,24.0970409946562,NA
"Fraxinus","FRPE","NEON.PLA.D05.TREE.00065","TREE_056","TREE","D05",2016-09-28,"Live","single bole tree",NA,130,NA,15.7,19.2,NA,39,"Fraxinus pennsylvanica Marshall",12.2,142.8,"2016",544,"mixed hardwood","Fraxinus pennsylvanica Marshall","green ash","Oleaceae","tree","pennsylvanica",0.936,"hw3",-2.48,2.4835,"OleaceaeBelow0.55spg","hardwood","Hardwood",0.51,-2.0314,2.3524,0.07555,1.07047,NA,"Check",128.833346038995,136.965756276599,NA
"Fraxinus","FRPE","NEON.PLA.D05.TREE.00065","TREE_056","TREE","D05",2021-09-22,"Live","single bole tree","Full sun",130,NA,17.2,22.3,NA,39,"Fraxinus pennsylvanica Marshall",12.2,142.8,"2021",544,"mixed hardwood","Fraxinus pennsylvanica Marshall","green ash","Oleaceae","tree","pennsylvanica",0.936,"hw3",-2.48,2.4835,"OleaceaeBelow0.55spg","hardwood","Hardwood",0.51,-2.0314,2.3524,0.07555,1.07047,NA,"Check",186.837828994701,194.772011435582,NA
"Fraxinus","FRPE","NEON.PLA.D05.TREE.00065","TREE_056","TREE","D05",2018-10-09,"Live","single bole tree",NA,130,NA,17,20.3,NA,39,"Fraxinus pennsylvanica Marshall",12.2,142.8,"2018",544,"mixed hardwood","Fraxinus pennsylvanica Marshall","green ash","Oleaceae","tree","pennsylvanica",0.936,"hw3",-2.48,2.4835,"OleaceaeBelow0.55spg","hardwood","Hardwood",0.51,-2.0314,2.3524,0.07555,1.07047,NA,"Check",147.95038343561,156.144923428916,NA
"Fraxinus","FRPE","NEON.PLA.D05.TREE.00065","TREE_056","TREE","D05",2015-07-29,"Live","single bole tree","Partially shaded",130,NA,14.8,18,NA,39,"Fraxinus pennsylvanica Marshall",12.2,142.8,"2015",544,"mixed hardwood","Fraxinus pennsylvanica Marshall","green ash","Oleaceae","tree","pennsylvanica",0.936,"hw3",-2.48,2.4835,"OleaceaeBelow0.55spg","hardwood","Hardwood",0.51,-2.0314,2.3524,0.07555,1.07047,NA,"Check",109.753644724106,117.673109682539,NA
"Fraxinus","FRPE","NEON.PLA.D05.TREE.00065","TREE_056","TREE","D05",2017-09-25,"Live","single bole tree",NA,130,NA,15.6,19.5,NA,39,"Fraxinus pennsylvanica Marshall",12.2,142.8,"2017",544,"mixed hardwood","Fraxinus pennsylvanica Marshall","green ash","Oleaceae","tree","pennsylvanica",0.936,"hw3",-2.48,2.4835,"OleaceaeBelow0.55spg","hardwood","Hardwood",0.51,-2.0314,2.3524,0.07555,1.07047,NA,"Check",133.890770931877,142.053392266377,NA
"Fraxinus","FRPE","NEON.PLA.D05.TREE.00312","TREE_051","TREE","D05",2018-10-09,"Live","small tree",NA,130,NA,5.1,5.1,NA,NA,"Fraxinus pennsylvanica Marshall",NA,NA,"2018",544,"mixed hardwood","Fraxinus pennsylvanica Marshall","green ash","Oleaceae","tree","pennsylvanica",0.936,"hw3",-2.48,2.4835,"OleaceaeBelow0.55spg","hardwood","Hardwood",0.51,-2.0314,2.3524,0.07555,1.07047,NA,"Check",4.06315871970353,5.1843173493092,NA
"Fraxinus","FRPE","NEON.PLA.D05.TREE.00376","TREE_051","TREE","D05",2017-09-26,"Live","small tree",NA,130,NA,8.3,7,NA,NA,"Fraxinus pennsylvanica Marshall",NA,NA,"2017",544,"mixed hardwood","Fraxinus pennsylvanica Marshall","green ash","Oleaceae","tree","pennsylvanica",0.936,"hw3",-2.48,2.4835,"OleaceaeBelow0.55spg","hardwood","Hardwood",0.51,-2.0314,2.3524,0.07555,1.07047,NA,"Check",8.92101434254577,10.9197356617687,NA
"Fraxinus","FRPE","NEON.PLA.D05.TREE.00376","TREE_051","TREE","D05",2015-08-03,"Live","small tree","Mostly shaded",130,NA,11,6.4,NA,NA,"Fraxinus pennsylvanica Marshall",NA,NA,"2015",544,"mixed hardwood","Fraxinus pennsylvanica Marshall","green ash","Oleaceae","tree","pennsylvanica",0.936,"hw3",-2.48,2.4835,"OleaceaeBelow0.55spg","hardwood","Hardwood",0.51,-2.0314,2.3524,0.07555,1.07047,NA,"Check",7.14103596920777,8.84425522497735,NA
"Fraxinus","FRPE","NEON.PLA.D05.TREE.00722","TREE_051","TREE","D05",2015-08-03,"Live","small tree","Mostly shaded",130,NA,5.6,4,NA,NA,"Fraxinus pennsylvanica Marshall",NA,NA,"2015",544,"mixed hardwood","Fraxinus pennsylvanica Marshall","green ash","Oleaceae","tree","pennsylvanica",0.936,"hw3",-2.48,2.4835,"OleaceaeBelow0.55spg","hardwood","Hardwood",0.51,-2.0314,2.3524,0.07555,1.07047,NA,"Check",2.22243589939113,2.92744955140391,NA
"Fraxinus","FRPE","NEON.PLA.D05.TREE.00487","TREE_051","TREE","D05",2015-08-03,"Live,  other damage","small tree","Partially shaded",130,NA,10.7,7.8,NA,NA,"Fraxinus pennsylvanica Marshall",NA,NA,"2015",544,"mixed hardwood","Fraxinus pennsylvanica Marshall","green ash","Oleaceae","tree","pennsylvanica",0.936,"hw3",-2.48,2.4835,"OleaceaeBelow0.55spg","hardwood","Hardwood",0.51,-2.0314,2.3524,0.07555,1.07047,NA,"Check",11.671594777282,14.0853239362647,NA
"Fraxinus","FRPE","NEON.PLA.D05.TREE.00488","TREE_051","TREE","D05",2015-08-03,"Standing dead","small tree","Full shade",130,NA,1.7,1.3,NA,NA,"Fraxinus pennsylvanica Marshall",NA,NA,"2015",544,"mixed hardwood","Fraxinus pennsylvanica Marshall","green ash","Oleaceae","tree","pennsylvanica",0.936,"hw3",-2.48,2.4835,"OleaceaeBelow0.55spg","hardwood","Hardwood",0.51,-2.0314,2.3524,0.07555,1.07047,NA,"Check",0.136330042680714,0.208086467677069,NA
"Fraxinus","FRPE","NEON.PLA.D05.TREE.00196","TREE_046","TREE","D05",2021-09-21,"Live","small tree","Full shade",140,NA,5,2.2,NA,NA,"Fraxinus pennsylvanica Marshall",NA,NA,"2021",544,"mixed hardwood","Fraxinus pennsylvanica Marshall","green ash","Oleaceae","tree","pennsylvanica",0.936,"hw3",-2.48,2.4835,"OleaceaeBelow0.55spg","hardwood","Hardwood",0.51,-2.0314,2.3524,0.07555,1.07047,NA,"Check",0.503523776721647,0.717329366116371,NA
"Fraxinus","FRPE","NEON.PLA.D05.TREE.00196","TREE_046","TREE","D05",2016-09-29,"Live","small tree",NA,140,NA,3.8,2,NA,NA,"Fraxinus pennsylvanica Marshall",NA,NA,"2016",544,"mixed hardwood","Fraxinus pennsylvanica Marshall","green ash","Oleaceae","tree","pennsylvanica",0.936,"hw3",-2.48,2.4835,"OleaceaeBelow0.55spg","hardwood","Hardwood",0.51,-2.0314,2.3524,0.07555,1.07047,NA,"Check",0.397393948544189,0.573253160554742,NA
"Fraxinus","FRPE","NEON.PLA.D05.TREE.00196","TREE_046","TREE","D05",2022-09-19,"Live","small tree","Full shade",140,NA,5.5,2.3,NA,NA,"Fraxinus pennsylvanica Marshall",NA,NA,"2022",544,"mixed hardwood","Fraxinus pennsylvanica Marshall","green ash","Oleaceae","tree","pennsylvanica",0.936,"hw3",-2.48,2.4835,"OleaceaeBelow0.55spg","hardwood","Hardwood",0.51,-2.0314,2.3524,0.07555,1.07047,NA,"Check",0.562295147919206,0.796401478257504,NA
"Fraxinus","FRPE","NEON.PLA.D05.TREE.00196","TREE_046","TREE","D05",2015-07-28,"Live","small tree","Full shade",120,NA,3.8,2.4,NA,NA,"Fraxinus pennsylvanica Marshall",NA,NA,"2015",544,"mixed hardwood","Fraxinus pennsylvanica Marshall","green ash","Oleaceae","tree","pennsylvanica",0.936,"hw3",-2.48,2.4835,"OleaceaeBelow0.55spg","hardwood","Hardwood",0.51,-2.0314,2.3524,0.07555,1.07047,NA,"Check",0.624982524584384,0.880262946184229,NA
"Fraxinus","FRPE","NEON.PLA.D05.TREE.00686","TREE_046","TREE","D05",2015-07-28,"Live","sapling","Full shade",10,NA,0.9,1.1,NA,NA,"Fraxinus pennsylvanica Marshall",NA,NA,"2015",544,"mixed hardwood","Fraxinus pennsylvanica Marshall","green ash","Oleaceae","tree","pennsylvanica",0.936,"hw3",-2.48,2.4835,"OleaceaeBelow0.55spg","hardwood","Hardwood",0.51,-2.0314,2.3524,0.07555,1.07047,0.777869901180713,"Check",0.0380785768280983,0.0621688803439083,NA
"Fraxinus","FRPE","NEON.PLA.D05.TREE.00790","TREE_052","TREE","D05",2015-08-03,"Live","single bole tree","Partially shaded",130,NA,15.1,23.9,NA,41,"Fraxinus pennsylvanica Marshall",10,118.9,"2015",544,"mixed hardwood","Fraxinus pennsylvanica Marshall","green ash","Oleaceae","tree","pennsylvanica",0.936,"hw3",-2.48,2.4835,"OleaceaeBelow0.55spg","hardwood","Hardwood",0.51,-2.0314,2.3524,0.07555,1.07047,NA,"Check",221.922262753277,229.254258511422,NA
"Fraxinus","FRPE","NEON.PLA.D05.TREE.00140","TREE_046","TREE","D05",2015-07-28,"Live,  other damage","sapling","Full shade",10,NA,1.2,1.4,NA,NA,"Fraxinus pennsylvanica Marshall",NA,NA,"2015",544,"mixed hardwood","Fraxinus pennsylvanica Marshall","green ash","Oleaceae","tree","pennsylvanica",0.936,"hw3",-2.48,2.4835,"OleaceaeBelow0.55spg","hardwood","Hardwood",0.51,-2.0314,2.3524,0.07555,1.07047,0.999590927277837,"Check",0.0709858768397719,0.112146438963534,NA
"Fraxinus","FRPE","NEON.PLA.D05.TREE.00595","TREE_046","TREE","D05",2022-09-19,"Live","small tree","Full shade",130,NA,7.2,3.9,NA,NA,"Fraxinus pennsylvanica Marshall",NA,NA,"2022",544,"mixed hardwood","Fraxinus pennsylvanica Marshall","green ash","Oleaceae","tree","pennsylvanica",0.936,"hw3",-2.48,2.4835,"OleaceaeBelow0.55spg","hardwood","Hardwood",0.51,-2.0314,2.3524,0.07555,1.07047,NA,"Check",2.0869988356571,2.75818808219217,NA
"Fraxinus","FRPE","NEON.PLA.D05.TREE.00325","TREE_051","TREE","D05",2017-09-26,"Live","single bole tree",NA,130,NA,14.4,19.9,NA,57,"Fraxinus pennsylvanica Marshall",6.7,157.9,"2017",544,"mixed hardwood","Fraxinus pennsylvanica Marshall","green ash","Oleaceae","tree","pennsylvanica",0.936,"hw3",-2.48,2.4835,"OleaceaeBelow0.55spg","hardwood","Hardwood",0.51,-2.0314,2.3524,0.07555,1.07047,NA,"Check",140.815771895319,149.003395894307,NA
"Fraxinus","FRPE","NEON.PLA.D05.TREE.00201","TREE_051","TREE","D05",2015-08-03,"Live","single bole tree","Partially shaded",130,NA,10.7,11.8,NA,57,"Fraxinus pennsylvanica Marshall",2.3,141.2,"2015",544,"mixed hardwood","Fraxinus pennsylvanica Marshall","green ash","Oleaceae","tree","pennsylvanica",0.936,"hw3",-2.48,2.4835,"OleaceaeBelow0.55spg","hardwood","Hardwood",0.51,-2.0314,2.3524,0.07555,1.07047,NA,"Check",38.4564020910432,43.5782136190843,NA
"Fraxinus","FRPE","NEON.PLA.D05.TREE.00201","TREE_051","TREE","D05",2018-10-09,"Live","single bole tree",NA,130,NA,13.3,12.5,NA,57,"Fraxinus pennsylvanica Marshall",2.3,141.2,"2018",544,"mixed hardwood","Fraxinus pennsylvanica Marshall","green ash","Oleaceae","tree","pennsylvanica",0.936,"hw3",-2.48,2.4835,"OleaceaeBelow0.55spg","hardwood","Hardwood",0.51,-2.0314,2.3524,0.07555,1.07047,NA,"Check",44.3737060591293,49.9051429646647,NA
"Fraxinus","FRPE","NEON.PLA.D05.TREE.00079","TREE_046","TREE","D05",2015-07-28,"Live, insect damaged","sapling","Full shade",10,NA,0.6,1,NA,NA,"Fraxinus pennsylvanica Marshall",NA,NA,"2015",544,"mixed hardwood","Fraxinus pennsylvanica Marshall","green ash","Oleaceae","tree","pennsylvanica",0.936,"hw3",-2.48,2.4835,"OleaceaeBelow0.55spg","hardwood","Hardwood",0.51,-2.0314,2.3524,0.07555,1.07047,0.704469670267665,"Check",0.029770030348578,0.0492396288427953,NA
"Fraxinus","FRPE","NEON.PLA.D05.TREE.00297","TREE_051","TREE","D05",2015-08-03,"Live","small tree","Full sun",130,NA,12.9,9.1,NA,NA,"Fraxinus pennsylvanica Marshall",NA,NA,"2015",544,"mixed hardwood","Fraxinus pennsylvanica Marshall","green ash","Oleaceae","tree","pennsylvanica",0.936,"hw3",-2.48,2.4835,"OleaceaeBelow0.55spg","hardwood","Hardwood",0.51,-2.0314,2.3524,0.07555,1.07047,NA,"Check",17.1156167412662,20.2419555727583,NA
"Fraxinus","FRPE","NEON.PLA.D05.TREE.00327","TREE_051","TREE","D05",2016-09-28,"Live","small tree",NA,130,NA,10,8.3,NA,NA,"Fraxinus pennsylvanica Marshall",NA,NA,"2016",544,"mixed hardwood","Fraxinus pennsylvanica Marshall","green ash","Oleaceae","tree","pennsylvanica",0.936,"hw3",-2.48,2.4835,"OleaceaeBelow0.55spg","hardwood","Hardwood",0.51,-2.0314,2.3524,0.07555,1.07047,NA,"Check",13.6189522641987,16.3020717605442,NA
"Fraxinus","FRPE","NEON.PLA.D05.TREE.00202","TREE_051","TREE","D05",2016-09-28,"Live, physically damaged","single bole tree",NA,130,NA,15.5,16.1,NA,39,"Fraxinus pennsylvanica Marshall",7.9,22.7,"2016",544,"mixed hardwood","Fraxinus pennsylvanica Marshall","green ash","Oleaceae","tree","pennsylvanica",0.936,"hw3",-2.48,2.4835,"OleaceaeBelow0.55spg","hardwood","Hardwood",0.51,-2.0314,2.3524,0.07555,1.07047,NA,"Check",83.1958662408938,90.5130876738031,NA
"Fraxinus","FRPE","NEON.PLA.D05.TREE.00784","TREE_051","TREE","D05",2016-09-28,"Standing dead","small tree",NA,130,NA,7.5,2.6,NA,NA,"Fraxinus pennsylvanica Marshall",NA,NA,"2016",544,"mixed hardwood","Fraxinus pennsylvanica Marshall","green ash","Oleaceae","tree","pennsylvanica",0.936,"hw3",-2.48,2.4835,"OleaceaeBelow0.55spg","hardwood","Hardwood",0.51,-2.0314,2.3524,0.07555,1.07047,NA,"Check",0.762429277368456,1.06264156636305,NA
"Fraxinus","FRPE","NEON.PLA.D05.TREE.00784","TREE_051","TREE","D05",2016-09-28,"Standing dead","small tree",NA,10,NA,7.5,1.2,NA,NA,"Fraxinus pennsylvanica Marshall",NA,NA,"2016",544,"mixed hardwood","Fraxinus pennsylvanica Marshall","green ash","Oleaceae","tree","pennsylvanica",0.936,"hw3",-2.48,2.4835,"OleaceaeBelow0.55spg","hardwood","Hardwood",0.51,-2.0314,2.3524,0.07555,1.07047,0.851537287154131,"Check",0.047673174135982,0.0769156312118596,NA
"Fraxinus","FRPE","NEON.PLA.D05.TREE.00879","TREE_052","TREE","D05",2016-09-29,"Live","single bole tree",NA,130,NA,13.6,19.2,NA,41,"Fraxinus pennsylvanica Marshall",3.4,159.1,"2016",544,"mixed hardwood","Fraxinus pennsylvanica Marshall","green ash","Oleaceae","tree","pennsylvanica",0.936,"hw3",-2.48,2.4835,"OleaceaeBelow0.55spg","hardwood","Hardwood",0.51,-2.0314,2.3524,0.07555,1.07047,NA,"Check",128.833346038995,136.965756276599,NA
"Fraxinus","FRPE","NEON.PLA.D05.TREE.00754","TREE_051","TREE","D05",2017-09-26,"Live","single bole tree",NA,130,NA,15.5,12.5,NA,59,"Fraxinus pennsylvanica Marshall",3.4,192.6,"2017",544,"mixed hardwood","Fraxinus pennsylvanica Marshall","green ash","Oleaceae","tree","pennsylvanica",0.936,"hw3",-2.48,2.4835,"OleaceaeBelow0.55spg","hardwood","Hardwood",0.51,-2.0314,2.3524,0.07555,1.07047,NA,"Check",44.3737060591293,49.9051429646647,NA
"Fraxinus","FRPE","NEON.PLA.D05.TREE.00754","TREE_051","TREE","D05",2016-09-28,"Live","single bole tree",NA,130,NA,14,12.2,NA,59,"Fraxinus pennsylvanica Marshall",3.4,192.6,"2016",544,"mixed hardwood","Fraxinus pennsylvanica Marshall","green ash","Oleaceae","tree","pennsylvanica",0.936,"hw3",-2.48,2.4835,"OleaceaeBelow0.55spg","hardwood","Hardwood",0.51,-2.0314,2.3524,0.07555,1.07047,NA,"Check",41.7757566215683,47.1332139955116,NA
"Fraxinus","FRPE","NEON.PLA.D05.TREE.00754","TREE_051","TREE","D05",2018-10-09,"Live","single bole tree",NA,130,NA,15.8,13,NA,59,"Fraxinus pennsylvanica Marshall",3.4,192.6,"2018",544,"mixed hardwood","Fraxinus pennsylvanica Marshall","green ash","Oleaceae","tree","pennsylvanica",0.936,"hw3",-2.48,2.4835,"OleaceaeBelow0.55spg","hardwood","Hardwood",0.51,-2.0314,2.3524,0.07555,1.07047,NA,"Check",48.9134167129305,54.7286242877076,NA
"Fraxinus","FRPE","NEON.PLA.D05.TREE.00881","TREE_052","TREE","D05",2018-08-29,"Live","single bole tree",NA,130,NA,13.7,13.7,NA,41,"Fraxinus pennsylvanica Marshall",4,184.9,"2018",544,"mixed hardwood","Fraxinus pennsylvanica Marshall","green ash","Oleaceae","tree","pennsylvanica",0.936,"hw3",-2.48,2.4835,"OleaceaeBelow0.55spg","hardwood","Hardwood",0.51,-2.0314,2.3524,0.07555,1.07047,NA,"Check",55.7179607929574,61.9149678346598,NA
"Fraxinus","FRPE","NEON.PLA.D05.TREE.00881","TREE_052","TREE","D05",2016-09-29,"Live","single bole tree",NA,130,NA,13.8,13.6,NA,41,"Fraxinus pennsylvanica Marshall",4,184.9,"2016",544,"mixed hardwood","Fraxinus pennsylvanica Marshall","green ash","Oleaceae","tree","pennsylvanica",0.936,"hw3",-2.48,2.4835,"OleaceaeBelow0.55spg","hardwood","Hardwood",0.51,-2.0314,2.3524,0.07555,1.07047,NA,"Check",54.7133823970619,60.8570809795934,NA
"Fraxinus","FRPE","NEON.PLA.D05.TREE.00881","TREE_052","TREE","D05",2015-08-03,"Live","single bole tree","Mostly shaded",130,NA,13.3,14,NA,41,"Fraxinus pennsylvanica Marshall",4,184.9,"2015",544,"mixed hardwood","Fraxinus pennsylvanica Marshall","green ash","Oleaceae","tree","pennsylvanica",0.936,"hw3",-2.48,2.4835,"OleaceaeBelow0.55spg","hardwood","Hardwood",0.51,-2.0314,2.3524,0.07555,1.07047,NA,"Check",58.7974730181621,65.151704256128,NA
"Fraxinus","FRPE","NEON.PLA.D05.TREE.00375","TREE_051","TREE","D05",2015-08-03,"Standing dead","small tree","Full shade",130,NA,1.5,1.6,NA,NA,"Fraxinus pennsylvanica Marshall",NA,NA,"2015",544,"mixed hardwood","Fraxinus pennsylvanica Marshall","green ash","Oleaceae","tree","pennsylvanica",0.936,"hw3",-2.48,2.4835,"OleaceaeBelow0.55spg","hardwood","Hardwood",0.51,-2.0314,2.3524,0.07555,1.07047,NA,"Check",0.228320671025557,0.339137132084596,NA
"Fraxinus","FRPE","NEON.PLA.D05.TREE.00376","TREE_051","TREE","D05",2016-09-28,"Live","small tree",NA,130,NA,9.1,7,NA,NA,"Fraxinus pennsylvanica Marshall",NA,NA,"2016",544,"mixed hardwood","Fraxinus pennsylvanica Marshall","green ash","Oleaceae","tree","pennsylvanica",0.936,"hw3",-2.48,2.4835,"OleaceaeBelow0.55spg","hardwood","Hardwood",0.51,-2.0314,2.3524,0.07555,1.07047,NA,"Check",8.92101434254577,10.9197356617687,NA
"Fraxinus","FRPE","NEON.PLA.D05.TREE.00146","TREE_056","TREE","D05",2021-09-22,"Live","small tree","Mostly shaded",130,NA,9.8,8.9,NA,NA,"Fraxinus pennsylvanica Marshall",NA,NA,"2021",544,"mixed hardwood","Fraxinus pennsylvanica Marshall","green ash","Oleaceae","tree","pennsylvanica",0.936,"hw3",-2.48,2.4835,"OleaceaeBelow0.55spg","hardwood","Hardwood",0.51,-2.0314,2.3524,0.07555,1.07047,NA,"Check",16.1965806060579,19.2109369945684,NA
"Fraxinus","FRPE","NEON.PLA.D05.TREE.00146","TREE_056","TREE","D05",2018-10-09,"Live","small tree",NA,130,NA,9.4,8.6,NA,NA,"Fraxinus pennsylvanica Marshall",NA,NA,"2018",544,"mixed hardwood","Fraxinus pennsylvanica Marshall","green ash","Oleaceae","tree","pennsylvanica",0.936,"hw3",-2.48,2.4835,"OleaceaeBelow0.55spg","hardwood","Hardwood",0.51,-2.0314,2.3524,0.07555,1.07047,NA,"Check",14.8744240636917,17.7222007898159,NA
"Fraxinus","FRPE","NEON.PLA.D05.TREE.00458","TREE_051","TREE","D05",2017-09-26,"Live","small tree",NA,130,NA,5.5,3.7,NA,NA,"Fraxinus pennsylvanica Marshall",NA,NA,"2017",544,"mixed hardwood","Fraxinus pennsylvanica Marshall","green ash","Oleaceae","tree","pennsylvanica",0.936,"hw3",-2.48,2.4835,"OleaceaeBelow0.55spg","hardwood","Hardwood",0.51,-2.0314,2.3524,0.07555,1.07047,NA,"Check",1.8312272272622,2.4369197725763,NA
"Fraxinus","FRPE","NEON.PLA.D05.TREE.00458","TREE_051","TREE","D05",2018-10-09,"Live","small tree",NA,130,NA,5.6,3.7,NA,NA,"Fraxinus pennsylvanica Marshall",NA,NA,"2018",544,"mixed hardwood","Fraxinus pennsylvanica Marshall","green ash","Oleaceae","tree","pennsylvanica",0.936,"hw3",-2.48,2.4835,"OleaceaeBelow0.55spg","hardwood","Hardwood",0.51,-2.0314,2.3524,0.07555,1.07047,NA,"Check",1.8312272272622,2.4369197725763,NA
"Fraxinus","FRPE","NEON.PLA.D05.TREE.00487","TREE_051","TREE","D05",2017-09-26,"Live","small tree",NA,160,NA,7.9,8.2,NA,NA,"Fraxinus pennsylvanica Marshall",NA,NA,"2017",544,"mixed hardwood","Fraxinus pennsylvanica Marshall","green ash","Oleaceae","tree","pennsylvanica",0.936,"hw3",-2.48,2.4835,"OleaceaeBelow0.55spg","hardwood","Hardwood",0.51,-2.0314,2.3524,0.07555,1.07047,NA,"Check",13.2150849007508,15.8437945574738,NA
"Fraxinus","FRPE","NEON.PLA.D05.TREE.00884","TREE_052","TREE","D05",2016-09-29,"Live","single bole tree",NA,130,NA,11.5,15.6,NA,41,"Fraxinus pennsylvanica Marshall",5.6,157.6,"2016",544,"mixed hardwood","Fraxinus pennsylvanica Marshall","green ash","Oleaceae","tree","pennsylvanica",0.936,"hw3",-2.48,2.4835,"OleaceaeBelow0.55spg","hardwood","Hardwood",0.51,-2.0314,2.3524,0.07555,1.07047,NA,"Check",76.9262611453581,84.0389262040654,NA
"Fraxinus","FRPE","NEON.PLA.D05.TREE.00884","TREE_052","TREE","D05",2018-08-29,"Live","single bole tree",NA,130,NA,11.4,15.4,NA,41,"Fraxinus pennsylvanica Marshall",5.6,157.6,"2018",544,"mixed hardwood","Fraxinus pennsylvanica Marshall","green ash","Oleaceae","tree","pennsylvanica",0.936,"hw3",-2.48,2.4835,"OleaceaeBelow0.55spg","hardwood","Hardwood",0.51,-2.0314,2.3524,0.07555,1.07047,NA,"Check",74.5001925274713,81.5263376310452,NA
"Fraxinus","FRPE","NEON.PLA.D05.TREE.00884","TREE_052","TREE","D05",2015-08-03,"Live, disease damaged","single bole tree","Partially shaded",130,NA,11.4,15.6,NA,41,"Fraxinus pennsylvanica Marshall",5.6,157.6,"2015",544,"mixed hardwood","Fraxinus pennsylvanica Marshall","green ash","Oleaceae","tree","pennsylvanica",0.936,"hw3",-2.48,2.4835,"OleaceaeBelow0.55spg","hardwood","Hardwood",0.51,-2.0314,2.3524,0.07555,1.07047,NA,"Check",76.9262611453581,84.0389262040654,NA
"Fraxinus","FRPE","NEON.PLA.D05.TREE.00595","TREE_046","TREE","D05",2016-09-29,"Live","small tree",NA,130,NA,5.6,3.3,NA,NA,"Fraxinus pennsylvanica Marshall",NA,NA,"2016",544,"mixed hardwood","Fraxinus pennsylvanica Marshall","green ash","Oleaceae","tree","pennsylvanica",0.936,"hw3",-2.48,2.4835,"OleaceaeBelow0.55spg","hardwood","Hardwood",0.51,-2.0314,2.3524,0.07555,1.07047,NA,"Check",1.37829640982675,1.86189715446598,NA
"Fraxinus","FRPE","NEON.PLA.D05.TREE.00595","TREE_046","TREE","D05",2017-09-25,"Live","small tree",NA,130,NA,6,3.3,NA,NA,"Fraxinus pennsylvanica Marshall",NA,NA,"2017",544,"mixed hardwood","Fraxinus pennsylvanica Marshall","green ash","Oleaceae","tree","pennsylvanica",0.936,"hw3",-2.48,2.4835,"OleaceaeBelow0.55spg","hardwood","Hardwood",0.51,-2.0314,2.3524,0.07555,1.07047,NA,"Check",1.37829640982675,1.86189715446598,NA
"Fraxinus","FRPE","NEON.PLA.D05.TREE.00790","TREE_052","TREE","D05",2017-09-26,"Live","single bole tree",NA,130,NA,17.4,23.4,NA,41,"Fraxinus pennsylvanica Marshall",10,118.9,"2017",544,"mixed hardwood","Fraxinus pennsylvanica Marshall","green ash","Oleaceae","tree","pennsylvanica",0.936,"hw3",-2.48,2.4835,"OleaceaeBelow0.55spg","hardwood","Hardwood",0.51,-2.0314,2.3524,0.07555,1.07047,NA,"Check",210.570373157682,218.131091455054,NA
"Fraxinus","FRPE","NEON.PLA.D05.TREE.00790","TREE_052","TREE","D05",2018-08-29,"Live","single bole tree",NA,130,NA,14.4,23.6,NA,41,"Fraxinus pennsylvanica Marshall",10,118.9,"2018",544,"mixed hardwood","Fraxinus pennsylvanica Marshall","green ash","Oleaceae","tree","pennsylvanica",0.936,"hw3",-2.48,2.4835,"OleaceaeBelow0.55spg","hardwood","Hardwood",0.51,-2.0314,2.3524,0.07555,1.07047,NA,"Check",215.068419842963,222.542204192505,NA
"Fraxinus","FRPE","NEON.PLA.D05.TREE.00342","TREE_051","TREE","D05",2017-09-26,"Live","small tree",NA,130,NA,7.2,6.3,NA,NA,"Fraxinus pennsylvanica Marshall",NA,NA,"2017",544,"mixed hardwood","Fraxinus pennsylvanica Marshall","green ash","Oleaceae","tree","pennsylvanica",0.936,"hw3",-2.48,2.4835,"OleaceaeBelow0.55spg","hardwood","Hardwood",0.51,-2.0314,2.3524,0.07555,1.07047,NA,"Check",6.86713380743613,8.52260193961822,NA
"Fraxinus","FRPE","NEON.PLA.D05.TREE.00703","TREE_052","TREE","D05",2016-09-29,"Live","single bole tree",NA,130,NA,12.3,12.9,NA,41,"Fraxinus pennsylvanica Marshall",12,135.3,"2016",544,"mixed hardwood","Fraxinus pennsylvanica Marshall","green ash","Oleaceae","tree","pennsylvanica",0.936,"hw3",-2.48,2.4835,"OleaceaeBelow0.55spg","hardwood","Hardwood",0.51,-2.0314,2.3524,0.07555,1.07047,NA,"Check",47.9843073756847,53.74343538953,NA
"Fraxinus","FRPE","NEON.PLA.D05.TREE.00469","TREE_051","TREE","D05",2016-09-28,"Live","small tree",NA,130,NA,2.7,1.9,NA,NA,"Fraxinus pennsylvanica Marshall",NA,NA,"2016",544,"mixed hardwood","Fraxinus pennsylvanica Marshall","green ash","Oleaceae","tree","pennsylvanica",0.936,"hw3",-2.48,2.4835,"OleaceaeBelow0.55spg","hardwood","Hardwood",0.51,-2.0314,2.3524,0.07555,1.07047,NA,"Check",0.349862844831376,0.508093298613045,NA
"Fraxinus","FRPE","NEON.PLA.D05.TREE.00790","TREE_052","TREE","D05",2016-09-29,"Live","single bole tree",NA,130,NA,15.5,23,NA,41,"Fraxinus pennsylvanica Marshall",10,118.9,"2016",544,"mixed hardwood","Fraxinus pennsylvanica Marshall","green ash","Oleaceae","tree","pennsylvanica",0.936,"hw3",-2.48,2.4835,"OleaceaeBelow0.55spg","hardwood","Hardwood",0.51,-2.0314,2.3524,0.07555,1.07047,NA,"Check",201.744064221011,209.460796621197,NA
"Fraxinus","FRPE","NEON.PLA.D05.TREE.00053","TREE_046","TREE","D05",2015-07-28,"Live, insect damaged","sapling","Full shade",10,NA,0.5,1.2,NA,NA,"Fraxinus pennsylvanica Marshall",NA,NA,"2015",544,"mixed hardwood","Fraxinus pennsylvanica Marshall","green ash","Oleaceae","tree","pennsylvanica",0.936,"hw3",-2.48,2.4835,"OleaceaeBelow0.55spg","hardwood","Hardwood",0.51,-2.0314,2.3524,0.07555,1.07047,0.851537287154131,"Check",0.047673174135982,0.0769156312118596,NA
"Fraxinus","FRPE","NEON.PLA.D05.TREE.00717","TREE_051","TREE","D05",2017-09-26,"Live","small tree",NA,130,NA,5,3.4,NA,NA,"Fraxinus pennsylvanica Marshall",NA,NA,"2017",544,"mixed hardwood","Fraxinus pennsylvanica Marshall","green ash","Oleaceae","tree","pennsylvanica",0.936,"hw3",-2.48,2.4835,"OleaceaeBelow0.55spg","hardwood","Hardwood",0.51,-2.0314,2.3524,0.07555,1.07047,NA,"Check",1.48436650446023,1.99735150193766,NA
"Fraxinus","FRPE","NEON.PLA.D05.TREE.00297","TREE_051","TREE","D05",2017-09-26,"Live","small tree",NA,130,NA,11.4,9.4,NA,NA,"Fraxinus pennsylvanica Marshall",NA,NA,"2017",544,"mixed hardwood","Fraxinus pennsylvanica Marshall","green ash","Oleaceae","tree","pennsylvanica",0.936,"hw3",-2.48,2.4835,"OleaceaeBelow0.55spg","hardwood","Hardwood",0.51,-2.0314,2.3524,0.07555,1.07047,NA,"Check",18.5513824855034,21.8468817926939,NA
"Fraxinus","FRPE","NEON.PLA.D05.TREE.00297","TREE_051","TREE","D05",2016-09-28,"Live","small tree",NA,130,NA,11.6,8.9,NA,NA,"Fraxinus pennsylvanica Marshall",NA,NA,"2016",544,"mixed hardwood","Fraxinus pennsylvanica Marshall","green ash","Oleaceae","tree","pennsylvanica",0.936,"hw3",-2.48,2.4835,"OleaceaeBelow0.55spg","hardwood","Hardwood",0.51,-2.0314,2.3524,0.07555,1.07047,NA,"Check",16.1965806060579,19.2109369945684,NA
"Fraxinus","FRPE","NEON.PLA.D05.TREE.00298","TREE_051","TREE","D05",2017-09-26,"Live","small tree",NA,130,NA,11.6,9.1,NA,NA,"Fraxinus pennsylvanica Marshall",NA,NA,"2017",544,"mixed hardwood","Fraxinus pennsylvanica Marshall","green ash","Oleaceae","tree","pennsylvanica",0.936,"hw3",-2.48,2.4835,"OleaceaeBelow0.55spg","hardwood","Hardwood",0.51,-2.0314,2.3524,0.07555,1.07047,NA,"Check",17.1156167412662,20.2419555727583,NA
"Fraxinus","FRPE","NEON.PLA.D05.TREE.00327","TREE_051","TREE","D05",2018-10-09,"Live","small tree",NA,130,NA,10.7,8.7,NA,NA,"Fraxinus pennsylvanica Marshall",NA,NA,"2018",544,"mixed hardwood","Fraxinus pennsylvanica Marshall","green ash","Oleaceae","tree","pennsylvanica",0.936,"hw3",-2.48,2.4835,"OleaceaeBelow0.55spg","hardwood","Hardwood",0.51,-2.0314,2.3524,0.07555,1.07047,NA,"Check",15.3076780324332,18.2107815974873,NA
"Fraxinus","FRPE","NEON.PLA.D05.TREE.00328","TREE_051","TREE","D05",2017-09-26,"Live","single bole tree",NA,130,NA,12.6,11.6,NA,57,"Fraxinus pennsylvanica Marshall",6.5,102.5,"2017",544,"mixed hardwood","Fraxinus pennsylvanica Marshall","green ash","Oleaceae","tree","pennsylvanica",0.936,"hw3",-2.48,2.4835,"OleaceaeBelow0.55spg","hardwood","Hardwood",0.51,-2.0314,2.3524,0.07555,1.07047,NA,"Check",36.857943598166,41.8605724721308,NA
"Fraxinus","FRPE","NEON.PLA.D05.TREE.00328","TREE_051","TREE","D05",2016-09-28,"Live","single bole tree",NA,130,NA,13,11.4,NA,57,"Fraxinus pennsylvanica Marshall",6.5,102.5,"2016",544,"mixed hardwood","Fraxinus pennsylvanica Marshall","green ash","Oleaceae","tree","pennsylvanica",0.936,"hw3",-2.48,2.4835,"OleaceaeBelow0.55spg","hardwood","Hardwood",0.51,-2.0314,2.3524,0.07555,1.07047,NA,"Check",35.2998518884918,40.1825192788793,NA
"Fraxinus","FRPE","NEON.PLA.D05.TREE.00328","TREE_051","TREE","D05",2018-10-09,"Live","single bole tree",NA,130,NA,13.8,12,NA,57,"Fraxinus pennsylvanica Marshall",6.5,102.5,"2018",544,"mixed hardwood","Fraxinus pennsylvanica Marshall","green ash","Oleaceae","tree","pennsylvanica",0.936,"hw3",-2.48,2.4835,"OleaceaeBelow0.55spg","hardwood","Hardwood",0.51,-2.0314,2.3524,0.07555,1.07047,NA,"Check",40.095562396041,45.3356819280001,NA
"Fraxinus","FRPE","NEON.PLA.D05.TREE.00162","TREE_056","TREE","D05",2015-07-29,"Live","sapling","Full shade",10,NA,0.9,1.3,NA,NA,"Fraxinus pennsylvanica Marshall",NA,NA,"2015",544,"mixed hardwood","Fraxinus pennsylvanica Marshall","green ash","Oleaceae","tree","pennsylvanica",0.936,"hw3",-2.48,2.4835,"OleaceaeBelow0.55spg","hardwood","Hardwood",0.51,-2.0314,2.3524,0.07555,1.07047,0.925450366054231,"Check",0.0586207347282223,0.0935518979336238,NA
"Fraxinus","FRPE","NEON.PLA.D05.TREE.00354","TREE_051","TREE","D05",2017-09-26,"Live","single bole tree",NA,130,NA,14.3,13.8,NA,59,"Fraxinus pennsylvanica Marshall",10.2,162.7,"2017",544,"mixed hardwood","Fraxinus pennsylvanica Marshall","green ash","Oleaceae","tree","pennsylvanica",0.936,"hw3",-2.48,2.4835,"OleaceaeBelow0.55spg","hardwood","Hardwood",0.51,-2.0314,2.3524,0.07555,1.07047,NA,"Check",56.733476367667,62.9833493989493,NA
"Fraxinus","FRPE","NEON.PLA.D05.TREE.00775","TREE_052","TREE","D05",2018-08-29,"Live","single bole tree",NA,130,NA,13,17,NA,23,"Fraxinus pennsylvanica Marshall",6,31,"2018",544,"mixed hardwood","Fraxinus pennsylvanica Marshall","green ash","Oleaceae","tree","pennsylvanica",0.936,"hw3",-2.48,2.4835,"OleaceaeBelow0.55spg","hardwood","Hardwood",0.51,-2.0314,2.3524,0.07555,1.07047,NA,"Check",95.2290783454417,102.86845854728,NA
"Fraxinus","FRPE","NEON.PLA.D05.TREE.00146","TREE_056","TREE","D05",2016-09-28,"Live","small tree",NA,130,NA,9.8,8.5,NA,NA,"Fraxinus pennsylvanica Marshall",NA,NA,"2016",544,"mixed hardwood","Fraxinus pennsylvanica Marshall","green ash","Oleaceae","tree","pennsylvanica",0.936,"hw3",-2.48,2.4835,"OleaceaeBelow0.55spg","hardwood","Hardwood",0.51,-2.0314,2.3524,0.07555,1.07047,NA,"Check",14.4485796776451,17.2412431584896,NA
"Fraxinus","FRPE","NEON.PLA.D05.TREE.00722","TREE_051","TREE","D05",2016-09-28,"Live","small tree",NA,130,NA,6.1,4,NA,NA,"Fraxinus pennsylvanica Marshall",NA,NA,"2016",544,"mixed hardwood","Fraxinus pennsylvanica Marshall","green ash","Oleaceae","tree","pennsylvanica",0.936,"hw3",-2.48,2.4835,"OleaceaeBelow0.55spg","hardwood","Hardwood",0.51,-2.0314,2.3524,0.07555,1.07047,NA,"Check",2.22243589939113,2.92744955140391,NA
"Fraxinus","FRPE","NEON.PLA.D05.TREE.00722","TREE_051","TREE","D05",2017-09-26,"Live","small tree",NA,130,NA,5.8,4,NA,NA,"Fraxinus pennsylvanica Marshall",NA,NA,"2017",544,"mixed hardwood","Fraxinus pennsylvanica Marshall","green ash","Oleaceae","tree","pennsylvanica",0.936,"hw3",-2.48,2.4835,"OleaceaeBelow0.55spg","hardwood","Hardwood",0.51,-2.0314,2.3524,0.07555,1.07047,NA,"Check",2.22243589939113,2.92744955140391,NA
"Fraxinus","FRPE","NEON.PLA.D05.TREE.00263","TREE_051","TREE","D05",2017-09-26,"Live","small tree",NA,130,NA,9,7.6,NA,NA,"Fraxinus pennsylvanica Marshall",NA,NA,"2017",544,"mixed hardwood","Fraxinus pennsylvanica Marshall","green ash","Oleaceae","tree","pennsylvanica",0.936,"hw3",-2.48,2.4835,"OleaceaeBelow0.55spg","hardwood","Hardwood",0.51,-2.0314,2.3524,0.07555,1.07047,NA,"Check",10.9424308714937,13.2504122548087,NA
"Fraxinus","FRPE","NEON.PLA.D05.TREE.00487","TREE_051","TREE","D05",2016-09-28,"Live","small tree",NA,130,NA,11.3,7.9,NA,NA,"Fraxinus pennsylvanica Marshall",NA,NA,"2016",544,"mixed hardwood","Fraxinus pennsylvanica Marshall","green ash","Oleaceae","tree","pennsylvanica",0.936,"hw3",-2.48,2.4835,"OleaceaeBelow0.55spg","hardwood","Hardwood",0.51,-2.0314,2.3524,0.07555,1.07047,NA,"Check",12.0467566210903,14.5138110741838,NA
"Fraxinus","FRPE","NEON.PLA.D05.TREE.00800","TREE_052","TREE","D05",2017-09-26,"Live","single bole tree",NA,130,NA,12.4,14.9,NA,41,"Fraxinus pennsylvanica Marshall",8.6,152.9,"2017",544,"mixed hardwood","Fraxinus pennsylvanica Marshall","green ash","Oleaceae","tree","pennsylvanica",0.936,"hw3",-2.48,2.4835,"OleaceaeBelow0.55spg","hardwood","Hardwood",0.51,-2.0314,2.3524,0.07555,1.07047,NA,"Check",68.6369193127227,75.43581161367,NA
"Fraxinus","FRPE","NEON.PLA.D05.TREE.00800","TREE_052","TREE","D05",2015-08-03,"Live, disease damaged","single bole tree","Partially shaded",130,NA,12.4,14.3,NA,41,"Fraxinus pennsylvanica Marshall",8.6,152.9,"2015",544,"mixed hardwood","Fraxinus pennsylvanica Marshall","green ash","Oleaceae","tree","pennsylvanica",0.936,"hw3",-2.48,2.4835,"OleaceaeBelow0.55spg","hardwood","Hardwood",0.51,-2.0314,2.3524,0.07555,1.07047,NA,"Check",61.9764553684838,68.4836160881025,NA
"Fraxinus","FRPE","NEON.PLA.D05.TREE.00800","TREE_052","TREE","D05",2018-08-29,"Live","single bole tree",NA,130,NA,12.4,15.5,NA,41,"Fraxinus pennsylvanica Marshall",8.6,152.9,"2018",544,"mixed hardwood","Fraxinus pennsylvanica Marshall","green ash","Oleaceae","tree","pennsylvanica",0.936,"hw3",-2.48,2.4835,"OleaceaeBelow0.55spg","hardwood","Hardwood",0.51,-2.0314,2.3524,0.07555,1.07047,NA,"Check",75.7074219142073,82.7771512548749,NA
"Fraxinus","FRPE","NEON.PLA.D05.TREE.00800","TREE_052","TREE","D05",2016-09-29,"Live","single bole tree",NA,130,NA,12.6,14.6,NA,41,"Fraxinus pennsylvanica Marshall",8.6,152.9,"2016",544,"mixed hardwood","Fraxinus pennsylvanica Marshall","green ash","Oleaceae","tree","pennsylvanica",0.936,"hw3",-2.48,2.4835,"OleaceaeBelow0.55spg","hardwood","Hardwood",0.51,-2.0314,2.3524,0.07555,1.07047,NA,"Check",65.2559328231368,71.9114171467137,NA
"Fraxinus","FRPE","NEON.PLA.D05.TREE.00358","TREE_051","TREE","D05",2016-09-28,"Live","small tree",NA,130,NA,9,6.3,NA,NA,"Fraxinus pennsylvanica Marshall",NA,NA,"2016",544,"mixed hardwood","Fraxinus pennsylvanica Marshall","green ash","Oleaceae","tree","pennsylvanica",0.936,"hw3",-2.48,2.4835,"OleaceaeBelow0.55spg","hardwood","Hardwood",0.51,-2.0314,2.3524,0.07555,1.07047,NA,"Check",6.86713380743613,8.52260193961822,NA
"Fraxinus","FRPE","NEON.PLA.D05.TREE.00342","TREE_051","TREE","D05",2016-09-28,"Live","small tree",NA,130,NA,7.7,5.6,NA,NA,"Fraxinus pennsylvanica Marshall",NA,NA,"2016",544,"mixed hardwood","Fraxinus pennsylvanica Marshall","green ash","Oleaceae","tree","pennsylvanica",0.936,"hw3",-2.48,2.4835,"OleaceaeBelow0.55spg","hardwood","Hardwood",0.51,-2.0314,2.3524,0.07555,1.07047,NA,"Check",5.12552339657022,6.4601263286022,NA
"Fraxinus","FRPE","NEON.PLA.D05.TREE.00595","TREE_046","TREE","D05",2015-07-28,"Live","small tree","Full shade",130,NA,4.8,3.2,NA,NA,"Fraxinus pennsylvanica Marshall",NA,NA,"2015",544,"mixed hardwood","Fraxinus pennsylvanica Marshall","green ash","Oleaceae","tree","pennsylvanica",0.936,"hw3",-2.48,2.4835,"OleaceaeBelow0.55spg","hardwood","Hardwood",0.51,-2.0314,2.3524,0.07555,1.07047,NA,"Check",1.27688923729005,1.73188202612736,NA
"Fraxinus","FRPE","NEON.PLA.D05.TREE.00500","TREE_051","TREE","D05",2018-10-09,"Standing dead","small tree",NA,130,NA,2.6,1.2,NA,NA,"Fraxinus pennsylvanica Marshall",NA,NA,"2018",544,"mixed hardwood","Fraxinus pennsylvanica Marshall","green ash","Oleaceae","tree","pennsylvanica",0.936,"hw3",-2.48,2.4835,"OleaceaeBelow0.55spg","hardwood","Hardwood",0.51,-2.0314,2.3524,0.07555,1.07047,NA,"Check",0.111753177350918,0.1723730869341,NA
"Fraxinus","FRPE","NEON.PLA.D05.TREE.00500","TREE_051","TREE","D05",2017-09-26,"Live","small tree",NA,130,NA,3.2,1.2,NA,NA,"Fraxinus pennsylvanica Marshall",NA,NA,"2017",544,"mixed hardwood","Fraxinus pennsylvanica Marshall","green ash","Oleaceae","tree","pennsylvanica",0.936,"hw3",-2.48,2.4835,"OleaceaeBelow0.55spg","hardwood","Hardwood",0.51,-2.0314,2.3524,0.07555,1.07047,NA,"Check",0.111753177350918,0.1723730869341,NA
"Fraxinus","FRPE","NEON.PLA.D05.TREE.00325","TREE_051","TREE","D05",2015-08-03,"Live","single bole tree","Full sun",130,NA,15,19.6,NA,57,"Fraxinus pennsylvanica Marshall",6.7,157.9,"2015",544,"mixed hardwood","Fraxinus pennsylvanica Marshall","green ash","Oleaceae","tree","pennsylvanica",0.936,"hw3",-2.48,2.4835,"OleaceaeBelow0.55spg","hardwood","Hardwood",0.51,-2.0314,2.3524,0.07555,1.07047,NA,"Check",135.602481806724,143.773012182728,NA
"Fraxinus","FRPE","NEON.PLA.D05.TREE.00875","TREE_052","TREE","D05",2015-08-03,"Live, disease damaged","single bole tree","Mostly shaded",130,NA,10.5,12.5,NA,41,"Fraxinus pennsylvanica Marshall",6.5,107.3,"2015",544,"mixed hardwood","Fraxinus pennsylvanica Marshall","green ash","Oleaceae","tree","pennsylvanica",0.936,"hw3",-2.48,2.4835,"OleaceaeBelow0.55spg","hardwood","Hardwood",0.51,-2.0314,2.3524,0.07555,1.07047,NA,"Check",44.3737060591293,49.9051429646647,NA
"Fraxinus","FRPE","NEON.PLA.D05.TREE.00456","TREE_051","TREE","D05",2017-09-26,"Live","small tree",NA,130,NA,3.5,2,NA,NA,"Fraxinus pennsylvanica Marshall",NA,NA,"2017",544,"mixed hardwood","Fraxinus pennsylvanica Marshall","green ash","Oleaceae","tree","pennsylvanica",0.936,"hw3",-2.48,2.4835,"OleaceaeBelow0.55spg","hardwood","Hardwood",0.51,-2.0314,2.3524,0.07555,1.07047,NA,"Check",0.397393948544189,0.573253160554742,NA
"Fraxinus","FRPE","NEON.PLA.D05.TREE.00308","TREE_051","TREE","D05",2017-09-26,"Live","single bole tree",NA,13,NA,9.4,12.5,NA,57,"Fraxinus pennsylvanica Marshall",9.5,130.1,"2017",544,"mixed hardwood","Fraxinus pennsylvanica Marshall","green ash","Oleaceae","tree","pennsylvanica",0.936,"hw3",-2.48,2.4835,"OleaceaeBelow0.55spg","hardwood","Hardwood",0.51,-2.0314,2.3524,0.07555,1.07047,NA,"Check",0.27062265635465,0.240522268978321,NA
"Fraxinus","FRPE","NEON.PLA.D05.TREE.00308","TREE_051","TREE","D05",2015-08-03,"Live","single bole tree","Partially shaded",130,NA,10.9,12.5,NA,57,"Fraxinus pennsylvanica Marshall",9.5,130.1,"2015",544,"mixed hardwood","Fraxinus pennsylvanica Marshall","green ash","Oleaceae","tree","pennsylvanica",0.936,"hw3",-2.48,2.4835,"OleaceaeBelow0.55spg","hardwood","Hardwood",0.51,-2.0314,2.3524,0.07555,1.07047,NA,"Check",44.3737060591293,49.9051429646647,NA
"Fraxinus","FRPE","NEON.PLA.D05.TREE.00308","TREE_051","TREE","D05",2018-10-09,"Live","single bole tree",NA,130,NA,12,12.7,NA,57,"Fraxinus pennsylvanica Marshall",9.5,130.1,"2018",544,"mixed hardwood","Fraxinus pennsylvanica Marshall","green ash","Oleaceae","tree","pennsylvanica",0.936,"hw3",-2.48,2.4835,"OleaceaeBelow0.55spg","hardwood","Hardwood",0.51,-2.0314,2.3524,0.07555,1.07047,NA,"Check",46.1579195496462,51.8038530356099,NA
"Fraxinus","FRPE","NEON.PLA.D05.TREE.00309","TREE_051","TREE","D05",2017-09-26,"Live","single bole tree",NA,130,NA,12.4,13,NA,57,"Fraxinus pennsylvanica Marshall",8.4,118.9,"2017",544,"mixed hardwood","Fraxinus pennsylvanica Marshall","green ash","Oleaceae","tree","pennsylvanica",0.936,"hw3",-2.48,2.4835,"OleaceaeBelow0.55spg","hardwood","Hardwood",0.51,-2.0314,2.3524,0.07555,1.07047,NA,"Check",48.9134167129305,54.7286242877076,NA
"Fraxinus","FRPE","NEON.PLA.D05.TREE.00309","TREE_051","TREE","D05",2015-08-03,"Live","single bole tree","Full sun",130,NA,12.7,12.7,NA,57,"Fraxinus pennsylvanica Marshall",8.4,118.9,"2015",544,"mixed hardwood","Fraxinus pennsylvanica Marshall","green ash","Oleaceae","tree","pennsylvanica",0.936,"hw3",-2.48,2.4835,"OleaceaeBelow0.55spg","hardwood","Hardwood",0.51,-2.0314,2.3524,0.07555,1.07047,NA,"Check",46.1579195496462,51.8038530356099,NA
"Fraxinus","FRPE","NEON.PLA.D05.TREE.00309","TREE_051","TREE","D05",2018-10-09,"Live","single bole tree",NA,130,NA,12.6,13.1,NA,57,"Fraxinus pennsylvanica Marshall",8.4,118.9,"2018",544,"mixed hardwood","Fraxinus pennsylvanica Marshall","green ash","Oleaceae","tree","pennsylvanica",0.936,"hw3",-2.48,2.4835,"OleaceaeBelow0.55spg","hardwood","Hardwood",0.51,-2.0314,2.3524,0.07555,1.07047,NA,"Check",49.8531893710008,55.7241157107396,NA
"Fraxinus","FRPE","NEON.PLA.D05.TREE.00309","TREE_051","TREE","D05",2016-09-28,"Live","single bole tree",NA,130,NA,13.8,12.9,NA,57,"Fraxinus pennsylvanica Marshall",8.4,118.9,"2016",544,"mixed hardwood","Fraxinus pennsylvanica Marshall","green ash","Oleaceae","tree","pennsylvanica",0.936,"hw3",-2.48,2.4835,"OleaceaeBelow0.55spg","hardwood","Hardwood",0.51,-2.0314,2.3524,0.07555,1.07047,NA,"Check",47.9843073756847,53.74343538953,NA
"Fraxinus","FRPE","NEON.PLA.D05.TREE.00065","TREE_056","TREE","D05",2022-09-20,"Live","single bole tree","Partially shaded",130,NA,18.7,22.9,NA,39,"Fraxinus pennsylvanica Marshall",12.2,142.8,"2022",544,"mixed hardwood","Fraxinus pennsylvanica Marshall","green ash","Oleaceae","tree","pennsylvanica",0.936,"hw3",-2.48,2.4835,"OleaceaeBelow0.55spg","hardwood","Hardwood",0.51,-2.0314,2.3524,0.07555,1.07047,NA,"Check",199.572687307242,207.324763248364,NA
"Fraxinus","FRPE","NEON.PLA.D05.TREE.00456","TREE_051","TREE","D05",2018-10-09,"Live","small tree",NA,130,NA,3.9,2,NA,NA,"Fraxinus pennsylvanica Marshall",NA,NA,"2018",544,"mixed hardwood","Fraxinus pennsylvanica Marshall","green ash","Oleaceae","tree","pennsylvanica",0.936,"hw3",-2.48,2.4835,"OleaceaeBelow0.55spg","hardwood","Hardwood",0.51,-2.0314,2.3524,0.07555,1.07047,NA,"Check",0.397393948544189,0.573253160554742,NA
"Fraxinus","FRPE","NEON.PLA.D05.TREE.00341","TREE_051","TREE","D05",2018-10-09,"Live","single bole tree",NA,130,NA,12.4,10.5,NA,57,"Fraxinus pennsylvanica Marshall",7.2,115.1,"2018",544,"mixed hardwood","Fraxinus pennsylvanica Marshall","green ash","Oleaceae","tree","pennsylvanica",0.936,"hw3",-2.48,2.4835,"OleaceaeBelow0.55spg","hardwood","Hardwood",0.51,-2.0314,2.3524,0.07555,1.07047,NA,"Check",28.7788416198593,33.1146292138984,NA
"Fraxinus","FRPE","NEON.PLA.D05.TREE.00456","TREE_051","TREE","D05",2016-09-28,"Live","small tree",NA,130,NA,3.6,2,NA,NA,"Fraxinus pennsylvanica Marshall",NA,NA,"2016",544,"mixed hardwood","Fraxinus pennsylvanica Marshall","green ash","Oleaceae","tree","pennsylvanica",0.936,"hw3",-2.48,2.4835,"OleaceaeBelow0.55spg","hardwood","Hardwood",0.51,-2.0314,2.3524,0.07555,1.07047,NA,"Check",0.397393948544189,0.573253160554742,NA
"Fraxinus","FRPE","NEON.PLA.D05.TREE.00310","TREE_051","TREE","D05",2017-09-26,"Live","small tree",NA,130,NA,11.1,8.5,NA,NA,"Fraxinus pennsylvanica Marshall",NA,NA,"2017",544,"mixed hardwood","Fraxinus pennsylvanica Marshall","green ash","Oleaceae","tree","pennsylvanica",0.936,"hw3",-2.48,2.4835,"OleaceaeBelow0.55spg","hardwood","Hardwood",0.51,-2.0314,2.3524,0.07555,1.07047,NA,"Check",14.4485796776451,17.2412431584896,NA
"Fraxinus","FRPE","NEON.PLA.D05.TREE.00719","TREE_051","TREE","D05",2016-09-28,"Standing dead","small tree",NA,130,NA,4.6,2.4,NA,NA,"Fraxinus pennsylvanica Marshall",NA,NA,"2016",544,"mixed hardwood","Fraxinus pennsylvanica Marshall","green ash","Oleaceae","tree","pennsylvanica",0.936,"hw3",-2.48,2.4835,"OleaceaeBelow0.55spg","hardwood","Hardwood",0.51,-2.0314,2.3524,0.07555,1.07047,NA,"Check",0.624982524584384,0.880262946184229,NA
"Fraxinus","FRPE","NEON.PLA.D05.TREE.00146","TREE_056","TREE","D05",2015-07-29,"Live","small tree","Mostly shaded",130,NA,8.5,8.2,NA,NA,"Fraxinus pennsylvanica Marshall",NA,NA,"2015",544,"mixed hardwood","Fraxinus pennsylvanica Marshall","green ash","Oleaceae","tree","pennsylvanica",0.936,"hw3",-2.48,2.4835,"OleaceaeBelow0.55spg","hardwood","Hardwood",0.51,-2.0314,2.3524,0.07555,1.07047,NA,"Check",13.2150849007508,15.8437945574738,NA
"Fraxinus","FRPE","NEON.PLA.D05.TREE.00312","TREE_051","TREE","D05",2017-09-26,"Live","small tree",NA,130,NA,4.6,5.2,NA,NA,"Fraxinus pennsylvanica Marshall",NA,NA,"2017",544,"mixed hardwood","Fraxinus pennsylvanica Marshall","green ash","Oleaceae","tree","pennsylvanica",0.936,"hw3",-2.48,2.4835,"OleaceaeBelow0.55spg","hardwood","Hardwood",0.51,-2.0314,2.3524,0.07555,1.07047,NA,"Check",4.26390538400983,5.42662437960621,NA
"Fraxinus","FRPE","NEON.PLA.D05.TREE.00487","TREE_051","TREE","D05",2018-10-09,"Live","small tree",NA,130,NA,10.3,8.5,NA,NA,"Fraxinus pennsylvanica Marshall",NA,NA,"2018",544,"mixed hardwood","Fraxinus pennsylvanica Marshall","green ash","Oleaceae","tree","pennsylvanica",0.936,"hw3",-2.48,2.4835,"OleaceaeBelow0.55spg","hardwood","Hardwood",0.51,-2.0314,2.3524,0.07555,1.07047,NA,"Check",14.4485796776451,17.2412431584896,NA
"Fraxinus","FRPE","NEON.PLA.D05.TREE.00488","TREE_051","TREE","D05",2018-10-09,"Standing dead","small tree",NA,130,NA,1.8,1.3,NA,NA,"Fraxinus pennsylvanica Marshall",NA,NA,"2018",544,"mixed hardwood","Fraxinus pennsylvanica Marshall","green ash","Oleaceae","tree","pennsylvanica",0.936,"hw3",-2.48,2.4835,"OleaceaeBelow0.55spg","hardwood","Hardwood",0.51,-2.0314,2.3524,0.07555,1.07047,NA,"Check",0.136330042680714,0.208086467677069,NA
"Fraxinus","FRPE","NEON.PLA.D05.TREE.00488","TREE_051","TREE","D05",2017-09-26,"Live","small tree",NA,130,NA,2.2,1.3,NA,NA,"Fraxinus pennsylvanica Marshall",NA,NA,"2017",544,"mixed hardwood","Fraxinus pennsylvanica Marshall","green ash","Oleaceae","tree","pennsylvanica",0.936,"hw3",-2.48,2.4835,"OleaceaeBelow0.55spg","hardwood","Hardwood",0.51,-2.0314,2.3524,0.07555,1.07047,NA,"Check",0.136330042680714,0.208086467677069,NA
"Fraxinus","FRPE","NEON.PLA.D05.TREE.00488","TREE_051","TREE","D05",2016-09-28,"Standing dead","small tree",NA,130,NA,1.8,1.4,NA,NA,"Fraxinus pennsylvanica Marshall",NA,NA,"2016",544,"mixed hardwood","Fraxinus pennsylvanica Marshall","green ash","Oleaceae","tree","pennsylvanica",0.936,"hw3",-2.48,2.4835,"OleaceaeBelow0.55spg","hardwood","Hardwood",0.51,-2.0314,2.3524,0.07555,1.07047,NA,"Check",0.163878594969734,0.247716586671881,NA
"Fraxinus","FRPE","NEON.PLA.D05.TREE.00297","TREE_051","TREE","D05",2018-10-09,"Live","small tree",NA,130,NA,12.2,9.4,NA,NA,"Fraxinus pennsylvanica Marshall",NA,NA,"2018",544,"mixed hardwood","Fraxinus pennsylvanica Marshall","green ash","Oleaceae","tree","pennsylvanica",0.936,"hw3",-2.48,2.4835,"OleaceaeBelow0.55spg","hardwood","Hardwood",0.51,-2.0314,2.3524,0.07555,1.07047,NA,"Check",18.5513824855034,21.8468817926939,NA
"Fraxinus","FRPE","NEON.PLA.D05.TREE.00341","TREE_051","TREE","D05",2015-08-03,"Live","single bole tree","Full sun",130,NA,13.3,10.1,NA,57,"Fraxinus pennsylvanica Marshall",7.2,115.1,"2015",544,"mixed hardwood","Fraxinus pennsylvanica Marshall","green ash","Oleaceae","tree","pennsylvanica",0.936,"hw3",-2.48,2.4835,"OleaceaeBelow0.55spg","hardwood","Hardwood",0.51,-2.0314,2.3524,0.07555,1.07047,NA,"Check",26.1325516038943,30.2231543533484,NA
"Fraxinus","FRPE","NEON.PLA.D05.TREE.00342","TREE_051","TREE","D05",2015-08-03,"Live","small tree","Mostly shaded",130,NA,6.9,5.9,NA,NA,"Fraxinus pennsylvanica Marshall",NA,NA,"2015",544,"mixed hardwood","Fraxinus pennsylvanica Marshall","green ash","Oleaceae","tree","pennsylvanica",0.936,"hw3",-2.48,2.4835,"OleaceaeBelow0.55spg","hardwood","Hardwood",0.51,-2.0314,2.3524,0.07555,1.07047,NA,"Check",5.83477651345546,7.30391597220159,NA
"Fraxinus","FRPE","NEON.PLA.D05.TREE.00469","TREE_051","TREE","D05",2017-09-26,"Live","small tree",NA,130,NA,2.2,1.7,NA,NA,"Fraxinus pennsylvanica Marshall",NA,NA,"2017",544,"mixed hardwood","Fraxinus pennsylvanica Marshall","green ash","Oleaceae","tree","pennsylvanica",0.936,"hw3",-2.48,2.4835,"OleaceaeBelow0.55spg","hardwood","Hardwood",0.51,-2.0314,2.3524,0.07555,1.07047,NA,"Check",0.265419698473999,0.391121363876423,NA
"Fraxinus","FRPE","NEON.PLA.D05.TREE.00724","TREE_052","TREE","D05",2016-09-29,"Live","single bole tree",NA,130,NA,11.5,11.7,NA,41,"Fraxinus pennsylvanica Marshall",7,98.5,"2016",544,"mixed hardwood","Fraxinus pennsylvanica Marshall","green ash","Oleaceae","tree","pennsylvanica",0.936,"hw3",-2.48,2.4835,"OleaceaeBelow0.55spg","hardwood","Hardwood",0.51,-2.0314,2.3524,0.07555,1.07047,NA,"Check",37.6521059880645,42.7144295388105,NA
"Fraxinus","FRPE","NEON.PLA.D05.TREE.00500","TREE_051","TREE","D05",2016-09-28,"Standing dead","small tree",NA,130,NA,2.3,1.2,NA,NA,"Fraxinus pennsylvanica Marshall",NA,NA,"2016",544,"mixed hardwood","Fraxinus pennsylvanica Marshall","green ash","Oleaceae","tree","pennsylvanica",0.936,"hw3",-2.48,2.4835,"OleaceaeBelow0.55spg","hardwood","Hardwood",0.51,-2.0314,2.3524,0.07555,1.07047,NA,"Check",0.111753177350918,0.1723730869341,NA
"Fraxinus","FRPE","NEON.PLA.D05.TREE.00724","TREE_052","TREE","D05",2018-08-29,"Live","single bole tree",NA,130,NA,12.5,12,NA,41,"Fraxinus pennsylvanica Marshall",7,98.5,"2018",544,"mixed hardwood","Fraxinus pennsylvanica Marshall","green ash","Oleaceae","tree","pennsylvanica",0.936,"hw3",-2.48,2.4835,"OleaceaeBelow0.55spg","hardwood","Hardwood",0.51,-2.0314,2.3524,0.07555,1.07047,NA,"Check",40.095562396041,45.3356819280001,NA
"Fraxinus","FRPE","NEON.PLA.D05.TREE.00177","TREE_056","TREE","D05",2018-10-09,"Live","small tree",NA,130,NA,2.3,1.7,NA,NA,"Fraxinus pennsylvanica Marshall",NA,NA,"2018",544,"mixed hardwood","Fraxinus pennsylvanica Marshall","green ash","Oleaceae","tree","pennsylvanica",0.936,"hw3",-2.48,2.4835,"OleaceaeBelow0.55spg","hardwood","Hardwood",0.51,-2.0314,2.3524,0.07555,1.07047,NA,"Check",0.265419698473999,0.391121363876423,NA
"Fraxinus","FRPE","NEON.PLA.D05.TREE.00642","TREE_046","TREE","D05",2017-09-25,"Live","small tree",NA,130,NA,6.5,2.8,NA,NA,"Fraxinus pennsylvanica Marshall",NA,NA,"2017",544,"mixed hardwood","Fraxinus pennsylvanica Marshall","green ash","Oleaceae","tree","pennsylvanica",0.936,"hw3",-2.48,2.4835,"OleaceaeBelow0.55spg","hardwood","Hardwood",0.51,-2.0314,2.3524,0.07555,1.07047,NA,"Check",0.916495266062201,1.26502191427283,NA
"Fraxinus","FRPE","NEON.PLA.D05.TREE.00792","TREE_051","TREE","D05",2018-10-09,"Live","small tree",NA,130,NA,10.2,9.1,NA,NA,"Fraxinus pennsylvanica Marshall",NA,NA,"2018",544,"mixed hardwood","Fraxinus pennsylvanica Marshall","green ash","Oleaceae","tree","pennsylvanica",0.936,"hw3",-2.48,2.4835,"OleaceaeBelow0.55spg","hardwood","Hardwood",0.51,-2.0314,2.3524,0.07555,1.07047,NA,"Check",17.1156167412662,20.2419555727583,NA
"Fraxinus","FRPE","NEON.PLA.D05.TREE.00327","TREE_051","TREE","D05",2017-09-26,"Live","small tree",NA,130,NA,12.4,8.5,NA,NA,"Fraxinus pennsylvanica Marshall",NA,NA,"2017",544,"mixed hardwood","Fraxinus pennsylvanica Marshall","green ash","Oleaceae","tree","pennsylvanica",0.936,"hw3",-2.48,2.4835,"OleaceaeBelow0.55spg","hardwood","Hardwood",0.51,-2.0314,2.3524,0.07555,1.07047,NA,"Check",14.4485796776451,17.2412431584896,NA
"Fraxinus","FRPE","NEON.PLA.D05.TREE.00400","TREE_051","TREE","D05",2015-08-03,"Standing dead","single bole tree","Full shade",130,NA,1.5,1.8,NA,NA,"Fraxinus pennsylvanica Marshall",NA,NA,"2015",544,"mixed hardwood","Fraxinus pennsylvanica Marshall","green ash","Oleaceae","tree","pennsylvanica",0.936,"hw3",-2.48,2.4835,"OleaceaeBelow0.55spg","hardwood","Hardwood",0.51,-2.0314,2.3524,0.07555,1.07047,NA,"Check",0.305902144546893,0.447410875992286,NA
"Fraxinus","FRPE","NEON.PLA.D05.TREE.00879","TREE_052","TREE","D05",2017-09-26,"Live","single bole tree",NA,130,NA,14,19.6,NA,41,"Fraxinus pennsylvanica Marshall",3.4,159.1,"2017",544,"mixed hardwood","Fraxinus pennsylvanica Marshall","green ash","Oleaceae","tree","pennsylvanica",0.936,"hw3",-2.48,2.4835,"OleaceaeBelow0.55spg","hardwood","Hardwood",0.51,-2.0314,2.3524,0.07555,1.07047,NA,"Check",135.602481806724,143.773012182728,NA
"Fraxinus","FRPE","NEON.PLA.D05.TREE.00879","TREE_052","TREE","D05",2015-08-03,"Live, disease damaged","single bole tree","Partially shaded",130,NA,13.4,19.5,NA,41,"Fraxinus pennsylvanica Marshall",3.4,159.1,"2015",544,"mixed hardwood","Fraxinus pennsylvanica Marshall","green ash","Oleaceae","tree","pennsylvanica",0.936,"hw3",-2.48,2.4835,"OleaceaeBelow0.55spg","hardwood","Hardwood",0.51,-2.0314,2.3524,0.07555,1.07047,NA,"Check",133.890770931877,142.053392266377,NA
"Fraxinus","FRPE","NEON.PLA.D05.TREE.00879","TREE_052","TREE","D05",2018-08-29,"Live","single bole tree",NA,130,NA,13.4,19.7,NA,41,"Fraxinus pennsylvanica Marshall",3.4,159.1,"2018",544,"mixed hardwood","Fraxinus pennsylvanica Marshall","green ash","Oleaceae","tree","pennsylvanica",0.936,"hw3",-2.48,2.4835,"OleaceaeBelow0.55spg","hardwood","Hardwood",0.51,-2.0314,2.3524,0.07555,1.07047,NA,"Check",137.327197580313,145.504538523152,NA
"Fraxinus","FRPE","NEON.PLA.D05.TREE.00649","TREE_053","TREE","D05",2015-07-27,"Live,  other damage","sapling","Full shade",10,NA,0.7,1.6,NA,NA,"Fraxinus pennsylvanica Marshall",NA,NA,"2015",544,"mixed hardwood","Fraxinus pennsylvanica Marshall","green ash","Oleaceae","tree","pennsylvanica",0.936,"hw3",-2.48,2.4835,"OleaceaeBelow0.55spg","hardwood","Hardwood",0.51,-2.0314,2.3524,0.07555,1.07047,1.14849394850273,"Check",0.100217348798189,0.155471316565273,NA
"Fraxinus","FRPE","NEON.PLA.D05.TREE.00642","TREE_046","TREE","D05",2022-09-19,"Live","small tree","Full shade",130,NA,8.4,3.5,NA,NA,"Fraxinus pennsylvanica Marshall",NA,NA,"2022",544,"mixed hardwood","Fraxinus pennsylvanica Marshall","green ash","Oleaceae","tree","pennsylvanica",0.936,"hw3",-2.48,2.4835,"OleaceaeBelow0.55spg","hardwood","Hardwood",0.51,-2.0314,2.3524,0.07555,1.07047,NA,"Check",1.59516731869515,2.1383025977439,NA
"Fraxinus","FRPE","NEON.PLA.D05.TREE.00177","TREE_056","TREE","D05",2015-07-29,"Live","small tree","Full shade",130,NA,2.2,1.8,NA,NA,"Fraxinus pennsylvanica Marshall",NA,NA,"2015",544,"mixed hardwood","Fraxinus pennsylvanica Marshall","green ash","Oleaceae","tree","pennsylvanica",0.936,"hw3",-2.48,2.4835,"OleaceaeBelow0.55spg","hardwood","Hardwood",0.51,-2.0314,2.3524,0.07555,1.07047,NA,"Check",0.305902144546893,0.447410875992286,NA
"Fraxinus","FRPE","NEON.PLA.D05.TREE.00642","TREE_046","TREE","D05",2015-07-28,"Live","small tree","Full shade",130,NA,4.1,2.4,NA,NA,"Fraxinus pennsylvanica Marshall",NA,NA,"2015",544,"mixed hardwood","Fraxinus pennsylvanica Marshall","green ash","Oleaceae","tree","pennsylvanica",0.936,"hw3",-2.48,2.4835,"OleaceaeBelow0.55spg","hardwood","Hardwood",0.51,-2.0314,2.3524,0.07555,1.07047,NA,"Check",0.624982524584384,0.880262946184229,NA
"Fraxinus","FRPE","NEON.PLA.D05.TREE.00354","TREE_051","TREE","D05",2018-10-09,"Live","single bole tree",NA,130,NA,13.5,14.1,NA,59,"Fraxinus pennsylvanica Marshall",10.2,162.7,"2018",544,"mixed hardwood","Fraxinus pennsylvanica Marshall","green ash","Oleaceae","tree","pennsylvanica",0.936,"hw3",-2.48,2.4835,"OleaceaeBelow0.55spg","hardwood","Hardwood",0.51,-2.0314,2.3524,0.07555,1.07047,NA,"Check",59.8460307180024,66.2517310357447,NA
"Fraxinus","FRPE","NEON.PLA.D05.TREE.00310","TREE_051","TREE","D05",2015-08-03,"Live","small tree","Partially shaded",130,NA,10.8,8.4,NA,NA,"Fraxinus pennsylvanica Marshall",NA,NA,"2015",544,"mixed hardwood","Fraxinus pennsylvanica Marshall","green ash","Oleaceae","tree","pennsylvanica",0.936,"hw3",-2.48,2.4835,"OleaceaeBelow0.55spg","hardwood","Hardwood",0.51,-2.0314,2.3524,0.07555,1.07047,NA,"Check",14.0301030906055,16.7678773473828,NA
"Fraxinus","FRPE","NEON.PLA.D05.TREE.00775","TREE_052","TREE","D05",2015-08-03,"Live","single bole tree","Full sun",130,NA,9.6,15.5,NA,23,"Fraxinus pennsylvanica Marshall",6,31,"2015",544,"mixed hardwood","Fraxinus pennsylvanica Marshall","green ash","Oleaceae","tree","pennsylvanica",0.936,"hw3",-2.48,2.4835,"OleaceaeBelow0.55spg","hardwood","Hardwood",0.51,-2.0314,2.3524,0.07555,1.07047,NA,"Check",75.7074219142073,82.7771512548749,NA
"Fraxinus","FRPE","NEON.PLA.D05.TREE.00719","TREE_051","TREE","D05",2017-09-26,"Live","small tree",NA,130,NA,4.5,2.5,NA,NA,"Fraxinus pennsylvanica Marshall",NA,NA,"2017",544,"mixed hardwood","Fraxinus pennsylvanica Marshall","green ash","Oleaceae","tree","pennsylvanica",0.936,"hw3",-2.48,2.4835,"OleaceaeBelow0.55spg","hardwood","Hardwood",0.51,-2.0314,2.3524,0.07555,1.07047,NA,"Check",0.691667336252113,0.968986156325778,NA
"Fraxinus","FRPE","NEON.PLA.D05.TREE.00469","TREE_051","TREE","D05",2015-08-03,"Live","small tree","Full shade",130,NA,2.6,1.7,NA,NA,"Fraxinus pennsylvanica Marshall",NA,NA,"2015",544,"mixed hardwood","Fraxinus pennsylvanica Marshall","green ash","Oleaceae","tree","pennsylvanica",0.936,"hw3",-2.48,2.4835,"OleaceaeBelow0.55spg","hardwood","Hardwood",0.51,-2.0314,2.3524,0.07555,1.07047,NA,"Check",0.265419698473999,0.391121363876423,NA
"Fraxinus","FRPE","NEON.PLA.D05.TREE.00263","TREE_051","TREE","D05",2015-08-03,"Live","small tree","Partially shaded",130,NA,10,7.1,NA,NA,"Fraxinus pennsylvanica Marshall",NA,NA,"2015",544,"mixed hardwood","Fraxinus pennsylvanica Marshall","green ash","Oleaceae","tree","pennsylvanica",0.936,"hw3",-2.48,2.4835,"OleaceaeBelow0.55spg","hardwood","Hardwood",0.51,-2.0314,2.3524,0.07555,1.07047,NA,"Check",9.24088071568202,11.2902520003489,NA
"Fraxinus","FRPE","NEON.PLA.D05.TREE.00500","TREE_051","TREE","D05",2015-08-03,"Standing dead","small tree","Full shade",130,NA,2.6,1.3,NA,NA,"Fraxinus pennsylvanica Marshall",NA,NA,"2015",544,"mixed hardwood","Fraxinus pennsylvanica Marshall","green ash","Oleaceae","tree","pennsylvanica",0.936,"hw3",-2.48,2.4835,"OleaceaeBelow0.55spg","hardwood","Hardwood",0.51,-2.0314,2.3524,0.07555,1.07047,NA,"Check",0.136330042680714,0.208086467677069,NA
"Fraxinus","FRPE","NEON.PLA.D05.TREE.01645","TREE_056","TREE","D05",2022-09-20,"Live","single bole tree","Partially shaded",130,NA,16.6,10.8,NA,23,"Fraxinus pennsylvanica Marshall",9.7,333,"2022",544,"mixed hardwood","Fraxinus pennsylvanica Marshall","green ash","Oleaceae","tree","pennsylvanica",0.936,"hw3",-2.48,2.4835,"OleaceaeBelow0.55spg","hardwood","Hardwood",0.51,-2.0314,2.3524,0.07555,1.07047,NA,"Check",30.8643817267358,35.3834545726455,NA
"Fraxinus","FRPE","NEON.PLA.D05.TREE.00858","TREE_052","TREE","D05",2015-08-03,"Live","single bole tree","Partially shaded",130,NA,13.2,14.6,NA,41,"Fraxinus pennsylvanica Marshall",9.8,93.3,"2015",544,"mixed hardwood","Fraxinus pennsylvanica Marshall","green ash","Oleaceae","tree","pennsylvanica",0.936,"hw3",-2.48,2.4835,"OleaceaeBelow0.55spg","hardwood","Hardwood",0.51,-2.0314,2.3524,0.07555,1.07047,NA,"Check",65.2559328231368,71.9114171467137,NA
"Fraxinus","FRPE","NEON.PLA.D05.TREE.00858","TREE_052","TREE","D05",2018-08-29,"Live","single bole tree",NA,130,NA,13.6,15.4,NA,41,"Fraxinus pennsylvanica Marshall",9.8,93.3,"2018",544,"mixed hardwood","Fraxinus pennsylvanica Marshall","green ash","Oleaceae","tree","pennsylvanica",0.936,"hw3",-2.48,2.4835,"OleaceaeBelow0.55spg","hardwood","Hardwood",0.51,-2.0314,2.3524,0.07555,1.07047,NA,"Check",74.5001925274713,81.5263376310452,NA
"Fraxinus","FRPE","NEON.PLA.D05.TREE.00858","TREE_052","TREE","D05",2016-09-29,"Live","single bole tree",NA,130,NA,13.9,14.9,NA,41,"Fraxinus pennsylvanica Marshall",9.8,93.3,"2016",544,"mixed hardwood","Fraxinus pennsylvanica Marshall","green ash","Oleaceae","tree","pennsylvanica",0.936,"hw3",-2.48,2.4835,"OleaceaeBelow0.55spg","hardwood","Hardwood",0.51,-2.0314,2.3524,0.07555,1.07047,NA,"Check",68.6369193127227,75.43581161367,NA
"Fraxinus","FRPE","NEON.PLA.D05.TREE.00499","TREE_051","TREE","D05",2015-08-03,"Live","small tree","Mostly shaded",130,NA,7.4,2.8,NA,NA,"Fraxinus pennsylvanica Marshall",NA,NA,"2015",544,"mixed hardwood","Fraxinus pennsylvanica Marshall","green ash","Oleaceae","tree","pennsylvanica",0.936,"hw3",-2.48,2.4835,"OleaceaeBelow0.55spg","hardwood","Hardwood",0.51,-2.0314,2.3524,0.07555,1.07047,NA,"Check",0.916495266062201,1.26502191427283,NA
"Fraxinus","FRPE","NEON.PLA.D05.TREE.00703","TREE_052","TREE","D05",2018-08-29,"Live","single bole tree",NA,130,NA,12.1,13,NA,41,"Fraxinus pennsylvanica Marshall",12,135.3,"2018",544,"mixed hardwood","Fraxinus pennsylvanica Marshall","green ash","Oleaceae","tree","pennsylvanica",0.936,"hw3",-2.48,2.4835,"OleaceaeBelow0.55spg","hardwood","Hardwood",0.51,-2.0314,2.3524,0.07555,1.07047,NA,"Check",48.9134167129305,54.7286242877076,NA
"Fraxinus","FRPE","NEON.PLA.D05.TREE.00595","TREE_046","TREE","D05",2018-10-10,"Live","small tree",NA,130,NA,6.7,3.4,NA,NA,"Fraxinus pennsylvanica Marshall",NA,NA,"2018",544,"mixed hardwood","Fraxinus pennsylvanica Marshall","green ash","Oleaceae","tree","pennsylvanica",0.936,"hw3",-2.48,2.4835,"OleaceaeBelow0.55spg","hardwood","Hardwood",0.51,-2.0314,2.3524,0.07555,1.07047,NA,"Check",1.48436650446023,1.99735150193766,NA
"Fraxinus","FRPE","NEON.PLA.D05.TREE.00499","TREE_051","TREE","D05",2017-09-26,"Live","small tree",NA,130,NA,4.6,3,NA,NA,"Fraxinus pennsylvanica Marshall",NA,NA,"2017",544,"mixed hardwood","Fraxinus pennsylvanica Marshall","green ash","Oleaceae","tree","pennsylvanica",0.936,"hw3",-2.48,2.4835,"OleaceaeBelow0.55spg","hardwood","Hardwood",0.51,-2.0314,2.3524,0.07555,1.07047,NA,"Check",1.08778706763657,1.48793354746382,NA
"Fraxinus","FRPE","NEON.PLA.D05.TREE.00708","TREE_051","TREE","D05",2016-09-28,"Live","single bole tree",NA,130,NA,12.8,10.2,NA,59,"Fraxinus pennsylvanica Marshall",5.8,201.5,"2016",544,"mixed hardwood","Fraxinus pennsylvanica Marshall","green ash","Oleaceae","tree","pennsylvanica",0.936,"hw3",-2.48,2.4835,"OleaceaeBelow0.55spg","hardwood","Hardwood",0.51,-2.0314,2.3524,0.07555,1.07047,NA,"Check",26.7798543996179,30.9318028544107,NA
"Fraxinus","FRPE","NEON.PLA.D05.TREE.00708","TREE_051","TREE","D05",2015-08-03,"Live","single bole tree","Partially shaded",130,NA,13.7,10.1,NA,59,"Fraxinus pennsylvanica Marshall",5.8,201.5,"2015",544,"mixed hardwood","Fraxinus pennsylvanica Marshall","green ash","Oleaceae","tree","pennsylvanica",0.936,"hw3",-2.48,2.4835,"OleaceaeBelow0.55spg","hardwood","Hardwood",0.51,-2.0314,2.3524,0.07555,1.07047,NA,"Check",26.1325516038943,30.2231543533484,NA
"Fraxinus","FRPE","NEON.PLA.D05.TREE.00337","TREE_051","TREE","D05",2016-09-28,"Live","single bole tree",NA,130,NA,14.2,13.3,NA,39,"Fraxinus pennsylvanica Marshall",4.2,41.8,"2016",544,"mixed hardwood","Fraxinus pennsylvanica Marshall","green ash","Oleaceae","tree","pennsylvanica",0.936,"hw3",-2.48,2.4835,"OleaceaeBelow0.55spg","hardwood","Hardwood",0.51,-2.0314,2.3524,0.07555,1.07047,NA,"Check",51.7648828181459,57.7461174286828,NA
"Fraxinus","FRPE","NEON.PLA.D05.TREE.00875","TREE_052","TREE","D05",2016-09-29,"Live,  other damage","single bole tree",NA,130,NA,10.2,12.6,NA,41,"Fraxinus pennsylvanica Marshall",6.5,107.3,"2016",544,"mixed hardwood","Fraxinus pennsylvanica Marshall","green ash","Oleaceae","tree","pennsylvanica",0.936,"hw3",-2.48,2.4835,"OleaceaeBelow0.55spg","hardwood","Hardwood",0.51,-2.0314,2.3524,0.07555,1.07047,NA,"Check",45.2605611033702,50.8494031597074,NA
"Fraxinus","FRPE","NEON.PLA.D05.TREE.00458","TREE_051","TREE","D05",2016-09-28,"Live","small tree",NA,130,NA,5.1,3.7,NA,NA,"Fraxinus pennsylvanica Marshall",NA,NA,"2016",544,"mixed hardwood","Fraxinus pennsylvanica Marshall","green ash","Oleaceae","tree","pennsylvanica",0.936,"hw3",-2.48,2.4835,"OleaceaeBelow0.55spg","hardwood","Hardwood",0.51,-2.0314,2.3524,0.07555,1.07047,NA,"Check",1.8312272272622,2.4369197725763,NA
"Fraxinus","FRPE","NEON.PLA.D05.TREE.00169","TREE_056","TREE","D05",2016-09-28,"Live","small tree",NA,130,NA,5.9,3.8,NA,NA,"Fraxinus pennsylvanica Marshall",NA,NA,"2016",544,"mixed hardwood","Fraxinus pennsylvanica Marshall","green ash","Oleaceae","tree","pennsylvanica",0.936,"hw3",-2.48,2.4835,"OleaceaeBelow0.55spg","hardwood","Hardwood",0.51,-2.0314,2.3524,0.07555,1.07047,NA,"Check",1.95661697684331,2.59469567975292,NA
"Fraxinus","FRPE","NEON.PLA.D05.TREE.00485","TREE_051","TREE","D05",2015-08-03,"Live","small tree","Mostly shaded",130,NA,8.3,4.5,NA,NA,"Fraxinus pennsylvanica Marshall",NA,NA,"2015",544,"mixed hardwood","Fraxinus pennsylvanica Marshall","green ash","Oleaceae","tree","pennsylvanica",0.936,"hw3",-2.48,2.4835,"OleaceaeBelow0.55spg","hardwood","Hardwood",0.51,-2.0314,2.3524,0.07555,1.07047,NA,"Check",2.97760121625454,3.86207420038609,NA
"Fraxinus","FRPE","NEON.PLA.D05.TREE.00354","TREE_051","TREE","D05",2016-09-28,"Live","single bole tree",NA,130,NA,15.3,13.4,NA,59,"Fraxinus pennsylvanica Marshall",10.2,162.7,"2016",544,"mixed hardwood","Fraxinus pennsylvanica Marshall","green ash","Oleaceae","tree","pennsylvanica",0.936,"hw3",-2.48,2.4835,"OleaceaeBelow0.55spg","hardwood","Hardwood",0.51,-2.0314,2.3524,0.07555,1.07047,NA,"Check",52.7368823038839,58.7726830305032,NA
"Fraxinus","FRPE","NEON.PLA.D05.TREE.00792","TREE_051","TREE","D05",2017-09-26,"Live","small tree",NA,130,NA,9.1,8.9,NA,NA,"Fraxinus pennsylvanica Marshall",NA,NA,"2017",544,"mixed hardwood","Fraxinus pennsylvanica Marshall","green ash","Oleaceae","tree","pennsylvanica",0.936,"hw3",-2.48,2.4835,"OleaceaeBelow0.55spg","hardwood","Hardwood",0.51,-2.0314,2.3524,0.07555,1.07047,NA,"Check",16.1965806060579,19.2109369945684,NA
"Fraxinus","FRPE","NEON.PLA.D05.TREE.00792","TREE_051","TREE","D05",2015-08-03,"Live","small tree","Partially shaded",130,NA,9.2,9,NA,NA,"Fraxinus pennsylvanica Marshall",NA,NA,"2015",544,"mixed hardwood","Fraxinus pennsylvanica Marshall","green ash","Oleaceae","tree","pennsylvanica",0.936,"hw3",-2.48,2.4835,"OleaceaeBelow0.55spg","hardwood","Hardwood",0.51,-2.0314,2.3524,0.07555,1.07047,NA,"Check",16.6523115445451,19.7225731376133,NA
"Fraxinus","FRPE","NEON.PLA.D05.TREE.00717","TREE_051","TREE","D05",2018-10-09,"Live","small tree",NA,130,NA,5.4,3.4,NA,NA,"Fraxinus pennsylvanica Marshall",NA,NA,"2018",544,"mixed hardwood","Fraxinus pennsylvanica Marshall","green ash","Oleaceae","tree","pennsylvanica",0.936,"hw3",-2.48,2.4835,"OleaceaeBelow0.55spg","hardwood","Hardwood",0.51,-2.0314,2.3524,0.07555,1.07047,NA,"Check",1.48436650446023,1.99735150193766,NA
"Fraxinus","FRPE","NEON.PLA.D05.TREE.00327","TREE_051","TREE","D05",2015-08-03,"Live","small tree","Full sun",130,NA,10.2,8.2,NA,NA,"Fraxinus pennsylvanica Marshall",NA,NA,"2015",544,"mixed hardwood","Fraxinus pennsylvanica Marshall","green ash","Oleaceae","tree","pennsylvanica",0.936,"hw3",-2.48,2.4835,"OleaceaeBelow0.55spg","hardwood","Hardwood",0.51,-2.0314,2.3524,0.07555,1.07047,NA,"Check",13.2150849007508,15.8437945574738,NA
"Fraxinus","FRPE","NEON.PLA.D05.TREE.00724","TREE_052","TREE","D05",2015-08-03,"Live","single bole tree","Mostly shaded",130,NA,11.6,11.3,NA,41,"Fraxinus pennsylvanica Marshall",7,98.5,"2015",544,"mixed hardwood","Fraxinus pennsylvanica Marshall","green ash","Oleaceae","tree","pennsylvanica",0.936,"hw3",-2.48,2.4835,"OleaceaeBelow0.55spg","hardwood","Hardwood",0.51,-2.0314,2.3524,0.07555,1.07047,NA,"Check",34.5358380634313,39.3582626799004,NA
"Fraxinus","FRPE","NEON.PLA.D05.TREE.00202","TREE_051","TREE","D05",2017-09-26,"Live","single bole tree",NA,130,NA,14.8,16.4,NA,39,"Fraxinus pennsylvanica Marshall",7.9,22.7,"2017",544,"mixed hardwood","Fraxinus pennsylvanica Marshall","green ash","Oleaceae","tree","pennsylvanica",0.936,"hw3",-2.48,2.4835,"OleaceaeBelow0.55spg","hardwood","Hardwood",0.51,-2.0314,2.3524,0.07555,1.07047,NA,"Check",87.0992432081307,94.5306964634156,NA
"Fraxinus","FRPE","NEON.PLA.D05.TREE.00773","TREE_051","TREE","D05",2017-09-26,"Live","small tree",NA,130,NA,7,4.4,NA,NA,"Fraxinus pennsylvanica Marshall",NA,NA,"2017",544,"mixed hardwood","Fraxinus pennsylvanica Marshall","green ash","Oleaceae","tree","pennsylvanica",0.936,"hw3",-2.48,2.4835,"OleaceaeBelow0.55spg","hardwood","Hardwood",0.51,-2.0314,2.3524,0.07555,1.07047,NA,"Check",2.81596969879061,3.66320794291669,NA
"Fraxinus","FRPE","NEON.PLA.D05.TREE.00858","TREE_052","TREE","D05",2017-09-26,"Live","single bole tree",NA,130,NA,14.7,15.1,NA,41,"Fraxinus pennsylvanica Marshall",9.8,93.3,"2017",544,"mixed hardwood","Fraxinus pennsylvanica Marshall","green ash","Oleaceae","tree","pennsylvanica",0.936,"hw3",-2.48,2.4835,"OleaceaeBelow0.55spg","hardwood","Hardwood",0.51,-2.0314,2.3524,0.07555,1.07047,NA,"Check",70.9478000642637,77.8394144497504,NA
"Fraxinus","FRPE","NEON.PLA.D05.TREE.00341","TREE_051","TREE","D05",2017-09-26,"Live","single bole tree",NA,130,NA,11.6,10.2,NA,57,"Fraxinus pennsylvanica Marshall",7.2,115.1,"2017",544,"mixed hardwood","Fraxinus pennsylvanica Marshall","green ash","Oleaceae","tree","pennsylvanica",0.936,"hw3",-2.48,2.4835,"OleaceaeBelow0.55spg","hardwood","Hardwood",0.51,-2.0314,2.3524,0.07555,1.07047,NA,"Check",26.7798543996179,30.9318028544107,NA
"Fraxinus","FRPE","NEON.PLA.D05.TREE.00642","TREE_046","TREE","D05",2016-09-29,"Live, physically damaged","small tree",NA,130,NA,6.2,2.8,NA,NA,"Fraxinus pennsylvanica Marshall",NA,NA,"2016",544,"mixed hardwood","Fraxinus pennsylvanica Marshall","green ash","Oleaceae","tree","pennsylvanica",0.936,"hw3",-2.48,2.4835,"OleaceaeBelow0.55spg","hardwood","Hardwood",0.51,-2.0314,2.3524,0.07555,1.07047,NA,"Check",0.916495266062201,1.26502191427283,NA
"Fraxinus","FRPE","NEON.PLA.D05.TREE.00485","TREE_051","TREE","D05",2016-09-28,"Live","small tree",NA,130,NA,8.9,4.6,NA,NA,"Fraxinus pennsylvanica Marshall",NA,NA,"2016",544,"mixed hardwood","Fraxinus pennsylvanica Marshall","green ash","Oleaceae","tree","pennsylvanica",0.936,"hw3",-2.48,2.4835,"OleaceaeBelow0.55spg","hardwood","Hardwood",0.51,-2.0314,2.3524,0.07555,1.07047,NA,"Check",3.14465010694578,4.06700793067797,NA
"Fraxinus","FRPE","NEON.PLA.D05.TREE.00169","TREE_056","TREE","D05",2015-07-29,"Live","small tree","Mostly shaded",130,NA,5.3,3.8,NA,NA,"Fraxinus pennsylvanica Marshall",NA,NA,"2015",544,"mixed hardwood","Fraxinus pennsylvanica Marshall","green ash","Oleaceae","tree","pennsylvanica",0.936,"hw3",-2.48,2.4835,"OleaceaeBelow0.55spg","hardwood","Hardwood",0.51,-2.0314,2.3524,0.07555,1.07047,NA,"Check",1.95661697684331,2.59469567975292,NA
"Fraxinus","FRPE","NEON.PLA.D05.TREE.00310","TREE_051","TREE","D05",2018-10-09,"Live","small tree",NA,130,NA,11.8,8.7,NA,NA,"Fraxinus pennsylvanica Marshall",NA,NA,"2018",544,"mixed hardwood","Fraxinus pennsylvanica Marshall","green ash","Oleaceae","tree","pennsylvanica",0.936,"hw3",-2.48,2.4835,"OleaceaeBelow0.55spg","hardwood","Hardwood",0.51,-2.0314,2.3524,0.07555,1.07047,NA,"Check",15.3076780324332,18.2107815974873,NA
"Fraxinus","FRPE","NEON.PLA.D05.TREE.00719","TREE_051","TREE","D05",2018-10-09,"Standing dead","small tree",NA,130,NA,4.9,2.5,NA,NA,"Fraxinus pennsylvanica Marshall",NA,NA,"2018",544,"mixed hardwood","Fraxinus pennsylvanica Marshall","green ash","Oleaceae","tree","pennsylvanica",0.936,"hw3",-2.48,2.4835,"OleaceaeBelow0.55spg","hardwood","Hardwood",0.51,-2.0314,2.3524,0.07555,1.07047,NA,"Check",0.691667336252113,0.968986156325778,NA
"Fraxinus","FRPE","NEON.PLA.D05.TREE.01645","TREE_056","TREE","D05",2021-09-22,"Live","single bole tree","Mostly shaded",130,NA,15.9,10.7,NA,23,"Fraxinus pennsylvanica Marshall",9.7,333,"2021",544,"mixed hardwood","Fraxinus pennsylvanica Marshall","green ash","Oleaceae","tree","pennsylvanica",0.936,"hw3",-2.48,2.4835,"OleaceaeBelow0.55spg","hardwood","Hardwood",0.51,-2.0314,2.3524,0.07555,1.07047,NA,"Check",30.1595110740406,34.6175707195489,NA
"Fraxinus","FRPE","NEON.PLA.D05.TREE.00708","TREE_051","TREE","D05",2018-10-09,"Live","single bole tree",NA,130,NA,13.9,10.5,NA,59,"Fraxinus pennsylvanica Marshall",5.8,201.5,"2018",544,"mixed hardwood","Fraxinus pennsylvanica Marshall","green ash","Oleaceae","tree","pennsylvanica",0.936,"hw3",-2.48,2.4835,"OleaceaeBelow0.55spg","hardwood","Hardwood",0.51,-2.0314,2.3524,0.07555,1.07047,NA,"Check",28.7788416198593,33.1146292138984,NA
"Fraxinus","FRPE","NEON.PLA.D05.TREE.00169","TREE_056","TREE","D05",2022-09-20,"Live","small tree","Full shade",130,NA,9,5.3,NA,NA,"Fraxinus pennsylvanica Marshall",NA,NA,"2022",544,"mixed hardwood","Fraxinus pennsylvanica Marshall","green ash","Oleaceae","tree","pennsylvanica",0.936,"hw3",-2.48,2.4835,"OleaceaeBelow0.55spg","hardwood","Hardwood",0.51,-2.0314,2.3524,0.07555,1.07047,NA,"Check",4.47046168861714,5.67531604899221,NA
"Fraxinus","FRPE","NEON.PLA.D05.TREE.00332","TREE_051","TREE","D05",2017-09-26,"Live","small tree",NA,130,NA,12.2,7.2,NA,NA,"Fraxinus pennsylvanica Marshall",NA,NA,"2017",544,"mixed hardwood","Fraxinus pennsylvanica Marshall","green ash","Oleaceae","tree","pennsylvanica",0.936,"hw3",-2.48,2.4835,"OleaceaeBelow0.55spg","hardwood","Hardwood",0.51,-2.0314,2.3524,0.07555,1.07047,NA,"Check",9.56750086382955,11.6678936139597,NA
"Fraxinus","FRPE","NEON.PLA.D05.TREE.00332","TREE_051","TREE","D05",2018-10-09,"Live","small tree",NA,130,NA,12.1,7.3,NA,NA,"Fraxinus pennsylvanica Marshall",NA,NA,"2018",544,"mixed hardwood","Fraxinus pennsylvanica Marshall","green ash","Oleaceae","tree","pennsylvanica",0.936,"hw3",-2.48,2.4835,"OleaceaeBelow0.55spg","hardwood","Hardwood",0.51,-2.0314,2.3524,0.07555,1.07047,NA,"Check",9.90092061391117,12.0526957087455,NA
"Fraxinus","FRPE","NEON.PLA.D05.TREE.00332","TREE_051","TREE","D05",2016-09-28,"Live","small tree",NA,130,NA,12.2,7.1,NA,NA,"Fraxinus pennsylvanica Marshall",NA,NA,"2016",544,"mixed hardwood","Fraxinus pennsylvanica Marshall","green ash","Oleaceae","tree","pennsylvanica",0.936,"hw3",-2.48,2.4835,"OleaceaeBelow0.55spg","hardwood","Hardwood",0.51,-2.0314,2.3524,0.07555,1.07047,NA,"Check",9.24088071568202,11.2902520003489,NA
"Fraxinus","FRPE","NEON.PLA.D05.TREE.00333","TREE_051","TREE","D05",2018-10-09,"Dead, broken bole","small tree",NA,130,NA,5.4,8.8,NA,NA,"Fraxinus pennsylvanica Marshall",NA,NA,"2018",544,"mixed hardwood","Fraxinus pennsylvanica Marshall","green ash","Oleaceae","tree","pennsylvanica",0.936,"hw3",-2.48,2.4835,"OleaceaeBelow0.55spg","hardwood","Hardwood",0.51,-2.0314,2.3524,0.07555,1.07047,NA,"Check",15.7483831173488,18.7070167023818,NA
"Fraxinus","FRPE","NEON.PLA.D05.TREE.00333","TREE_051","TREE","D05",2017-09-26,"Live","small tree",NA,130,NA,3.6,8.7,NA,NA,"Fraxinus pennsylvanica Marshall",NA,NA,"2017",544,"mixed hardwood","Fraxinus pennsylvanica Marshall","green ash","Oleaceae","tree","pennsylvanica",0.936,"hw3",-2.48,2.4835,"OleaceaeBelow0.55spg","hardwood","Hardwood",0.51,-2.0314,2.3524,0.07555,1.07047,NA,"Check",15.3076780324332,18.2107815974873,NA
"Fraxinus","FRPE","NEON.PLA.D05.TREE.00341","TREE_051","TREE","D05",2016-09-28,"Live","single bole tree",NA,130,NA,13,10.1,NA,57,"Fraxinus pennsylvanica Marshall",7.2,115.1,"2016",544,"mixed hardwood","Fraxinus pennsylvanica Marshall","green ash","Oleaceae","tree","pennsylvanica",0.936,"hw3",-2.48,2.4835,"OleaceaeBelow0.55spg","hardwood","Hardwood",0.51,-2.0314,2.3524,0.07555,1.07047,NA,"Check",26.1325516038943,30.2231543533484,NA
"Fraxinus","FRPE","NEON.PLA.D05.TREE.00703","TREE_052","TREE","D05",2017-09-26,"Live","single bole tree",NA,130,NA,12.4,12.8,NA,41,"Fraxinus pennsylvanica Marshall",12,135.3,"2017",544,"mixed hardwood","Fraxinus pennsylvanica Marshall","green ash","Oleaceae","tree","pennsylvanica",0.936,"hw3",-2.48,2.4835,"OleaceaeBelow0.55spg","hardwood","Hardwood",0.51,-2.0314,2.3524,0.07555,1.07047,NA,"Check",47.0658216206163,52.7685210184025,NA
"Fraxinus","FRPE","NEON.PLA.D05.TREE.00499","TREE_051","TREE","D05",2018-10-09,"Live","small tree",NA,130,NA,5.4,2.8,NA,NA,"Fraxinus pennsylvanica Marshall",NA,NA,"2018",544,"mixed hardwood","Fraxinus pennsylvanica Marshall","green ash","Oleaceae","tree","pennsylvanica",0.936,"hw3",-2.48,2.4835,"OleaceaeBelow0.55spg","hardwood","Hardwood",0.51,-2.0314,2.3524,0.07555,1.07047,NA,"Check",0.916495266062201,1.26502191427283,NA
"Fraxinus","FRPE","NEON.PLA.D05.TREE.00642","TREE_046","TREE","D05",2018-10-10,"Live","small tree",NA,130,NA,7.1,3.2,NA,NA,"Fraxinus pennsylvanica Marshall",NA,NA,"2018",544,"mixed hardwood","Fraxinus pennsylvanica Marshall","green ash","Oleaceae","tree","pennsylvanica",0.936,"hw3",-2.48,2.4835,"OleaceaeBelow0.55spg","hardwood","Hardwood",0.51,-2.0314,2.3524,0.07555,1.07047,NA,"Check",1.27688923729005,1.73188202612736,NA
"Fraxinus","FRPE","NEON.PLA.D05.TREE.00485","TREE_051","TREE","D05",2017-09-26,"Live","small tree",NA,130,NA,9.3,4.7,NA,NA,"Fraxinus pennsylvanica Marshall",NA,NA,"2017",544,"mixed hardwood","Fraxinus pennsylvanica Marshall","green ash","Oleaceae","tree","pennsylvanica",0.936,"hw3",-2.48,2.4835,"OleaceaeBelow0.55spg","hardwood","Hardwood",0.51,-2.0314,2.3524,0.07555,1.07047,NA,"Check",3.31717424960937,4.27805631353121,NA
"Fraxinus","FRPE","NEON.PLA.D05.TREE.00456","TREE_051","TREE","D05",2015-08-03,"Live, disease damaged","small tree","Full shade",130,NA,8.3,2,NA,NA,"Fraxinus pennsylvanica Marshall",NA,NA,"2015",544,"mixed hardwood","Fraxinus pennsylvanica Marshall","green ash","Oleaceae","tree","pennsylvanica",0.936,"hw3",-2.48,2.4835,"OleaceaeBelow0.55spg","hardwood","Hardwood",0.51,-2.0314,2.3524,0.07555,1.07047,NA,"Check",0.397393948544189,0.573253160554742,NA
"Fraxinus","FRPE","NEON.PLA.D05.TREE.00494","TREE_051","TREE","D05",2018-10-09,"Live","small tree",NA,130,NA,7.9,4.9,NA,NA,"Fraxinus pennsylvanica Marshall",NA,NA,"2018",544,"mixed hardwood","Fraxinus pennsylvanica Marshall","green ash","Oleaceae","tree","pennsylvanica",0.936,"hw3",-2.48,2.4835,"OleaceaeBelow0.55spg","hardwood","Hardwood",0.51,-2.0314,2.3524,0.07555,1.07047,NA,"Check",3.67887659466631,4.71868248031096,NA
"Fraxinus","FRPE","NEON.PLA.D05.TREE.00169","TREE_056","TREE","D05",2021-09-22,"Live","small tree","Full shade",130,NA,7.8,5.1,NA,NA,"Fraxinus pennsylvanica Marshall",NA,NA,"2021",544,"mixed hardwood","Fraxinus pennsylvanica Marshall","green ash","Oleaceae","tree","pennsylvanica",0.936,"hw3",-2.48,2.4835,"OleaceaeBelow0.55spg","hardwood","Hardwood",0.51,-2.0314,2.3524,0.07555,1.07047,NA,"Check",4.06315871970353,5.1843173493092,NA
"Fraxinus","FRPE","NEON.PLA.D05.TREE.00485","TREE_051","TREE","D05",2018-10-09,"Live","small tree",NA,130,NA,8.8,4.8,NA,NA,"Fraxinus pennsylvanica Marshall",NA,NA,"2018",544,"mixed hardwood","Fraxinus pennsylvanica Marshall","green ash","Oleaceae","tree","pennsylvanica",0.936,"hw3",-2.48,2.4835,"OleaceaeBelow0.55spg","hardwood","Hardwood",0.51,-2.0314,2.3524,0.07555,1.07047,NA,"Check",3.49523087660703,4.49526586897628,NA
"Fraxinus","FRPE","NEON.PLA.D05.TREE.00775","TREE_052","TREE","D05",2017-09-26,"Live","single bole tree",NA,130,NA,12.8,16.4,NA,23,"Fraxinus pennsylvanica Marshall",6,31,"2017",544,"mixed hardwood","Fraxinus pennsylvanica Marshall","green ash","Oleaceae","tree","pennsylvanica",0.936,"hw3",-2.48,2.4835,"OleaceaeBelow0.55spg","hardwood","Hardwood",0.51,-2.0314,2.3524,0.07555,1.07047,NA,"Check",87.0992432081307,94.5306964634156,NA
"Fraxinus","FRPE","NEON.PLA.D05.TREE.00690","TREE_046","TREE","D05",2015-07-28,"Live,  other damage","sapling","Full shade",10,NA,0.5,1.4,NA,NA,"Fraxinus pennsylvanica Marshall",NA,NA,"2015",544,"mixed hardwood","Fraxinus pennsylvanica Marshall","green ash","Oleaceae","tree","pennsylvanica",0.936,"hw3",-2.48,2.4835,"OleaceaeBelow0.55spg","hardwood","Hardwood",0.51,-2.0314,2.3524,0.07555,1.07047,0.999590927277837,"Check",0.0709858768397719,0.112146438963534,NA
"Fraxinus","FRPE","NEON.PLA.D05.TREE.00719","TREE_051","TREE","D05",2015-08-03,"Live","small tree","Mostly shaded",130,NA,4.1,2.5,NA,NA,"Fraxinus pennsylvanica Marshall",NA,NA,"2015",544,"mixed hardwood","Fraxinus pennsylvanica Marshall","green ash","Oleaceae","tree","pennsylvanica",0.936,"hw3",-2.48,2.4835,"OleaceaeBelow0.55spg","hardwood","Hardwood",0.51,-2.0314,2.3524,0.07555,1.07047,NA,"Check",0.691667336252113,0.968986156325778,NA
"Fraxinus","FRPE","NEON.PLA.D05.TREE.00177","TREE_056","TREE","D05",2022-09-21,"Live, physically damaged","small tree","Full shade",130,NA,1.7,1.9,NA,NA,"Fraxinus pennsylvanica Marshall",NA,NA,"2022",544,"mixed hardwood","Fraxinus pennsylvanica Marshall","green ash","Oleaceae","tree","pennsylvanica",0.936,"hw3",-2.48,2.4835,"OleaceaeBelow0.55spg","hardwood","Hardwood",0.51,-2.0314,2.3524,0.07555,1.07047,NA,"Check",0.349862844831376,0.508093298613045,NA
"Fraxinus","FRPE","NEON.PLA.D05.TREE.00499","TREE_051","TREE","D05",2016-09-28,"Live","small tree",NA,130,NA,4.5,2.8,NA,NA,"Fraxinus pennsylvanica Marshall",NA,NA,"2016",544,"mixed hardwood","Fraxinus pennsylvanica Marshall","green ash","Oleaceae","tree","pennsylvanica",0.936,"hw3",-2.48,2.4835,"OleaceaeBelow0.55spg","hardwood","Hardwood",0.51,-2.0314,2.3524,0.07555,1.07047,NA,"Check",0.916495266062201,1.26502191427283,NA
"Fraxinus","FRPE","NEON.PLA.D05.TREE.00169","TREE_056","TREE","D05",2018-10-09,"Live","small tree",NA,130,NA,6.7,4.1,NA,NA,"Fraxinus pennsylvanica Marshall",NA,NA,"2018",544,"mixed hardwood","Fraxinus pennsylvanica Marshall","green ash","Oleaceae","tree","pennsylvanica",0.936,"hw3",-2.48,2.4835,"OleaceaeBelow0.55spg","hardwood","Hardwood",0.51,-2.0314,2.3524,0.07555,1.07047,NA,"Check",2.36299043337754,3.1025317928694,NA
"Fraxinus","FRPE","NEON.PLA.D05.TREE.00177","TREE_056","TREE","D05",2017-09-25,"Live","small tree",NA,130,NA,2.3,1.7,NA,NA,"Fraxinus pennsylvanica Marshall",NA,NA,"2017",544,"mixed hardwood","Fraxinus pennsylvanica Marshall","green ash","Oleaceae","tree","pennsylvanica",0.936,"hw3",-2.48,2.4835,"OleaceaeBelow0.55spg","hardwood","Hardwood",0.51,-2.0314,2.3524,0.07555,1.07047,NA,"Check",0.265419698473999,0.391121363876423,NA
"Fraxinus","FRPE","NEON.PLA.D05.TREE.00642","TREE_046","TREE","D05",2021-09-21,"Live","small tree","Full shade",130,NA,7.7,3.4,NA,NA,"Fraxinus pennsylvanica Marshall",NA,NA,"2021",544,"mixed hardwood","Fraxinus pennsylvanica Marshall","green ash","Oleaceae","tree","pennsylvanica",0.936,"hw3",-2.48,2.4835,"OleaceaeBelow0.55spg","hardwood","Hardwood",0.51,-2.0314,2.3524,0.07555,1.07047,NA,"Check",1.48436650446023,1.99735150193766,NA
"Fraxinus","FRPE","NEON.PLA.D05.TREE.00708","TREE_051","TREE","D05",2017-09-26,"Live","single bole tree",NA,130,NA,11.2,10.4,NA,59,"Fraxinus pennsylvanica Marshall",5.8,201.5,"2017",544,"mixed hardwood","Fraxinus pennsylvanica Marshall","green ash","Oleaceae","tree","pennsylvanica",0.936,"hw3",-2.48,2.4835,"OleaceaeBelow0.55spg","hardwood","Hardwood",0.51,-2.0314,2.3524,0.07555,1.07047,NA,"Check",28.1029546800135,32.3775078115703,NA
"Fraxinus","FRPE","NEON.PLA.D05.TREE.00494","TREE_051","TREE","D05",2015-08-03,"Live","small tree","Mostly shaded",130,NA,7.1,4.6,NA,NA,"Fraxinus pennsylvanica Marshall",NA,NA,"2015",544,"mixed hardwood","Fraxinus pennsylvanica Marshall","green ash","Oleaceae","tree","pennsylvanica",0.936,"hw3",-2.48,2.4835,"OleaceaeBelow0.55spg","hardwood","Hardwood",0.51,-2.0314,2.3524,0.07555,1.07047,NA,"Check",3.14465010694578,4.06700793067797,NA
"Fraxinus","FRPE","NEON.PLA.D05.TREE.00082","TREE_051","TREE","D05",2016-09-28,"Live","small tree",NA,130,NA,3,1.6,NA,NA,"Fraxinus pennsylvanica Marshall",NA,NA,"2016",544,"mixed hardwood","Fraxinus pennsylvanica Marshall","green ash","Oleaceae","tree","pennsylvanica",0.936,"hw3",-2.48,2.4835,"OleaceaeBelow0.55spg","hardwood","Hardwood",0.51,-2.0314,2.3524,0.07555,1.07047,NA,"Check",0.228320671025557,0.339137132084596,NA
"Fraxinus","FRPE","NEON.PLA.D05.TREE.00706","TREE_051","TREE","D05",2016-09-28,"Live","small tree",NA,130,NA,12,5.2,NA,NA,"Fraxinus pennsylvanica Marshall",NA,NA,"2016",544,"mixed hardwood","Fraxinus pennsylvanica Marshall","green ash","Oleaceae","tree","pennsylvanica",0.936,"hw3",-2.48,2.4835,"OleaceaeBelow0.55spg","hardwood","Hardwood",0.51,-2.0314,2.3524,0.07555,1.07047,NA,"Check",4.26390538400983,5.42662437960621,NA
"Fraxinus","FRPE","NEON.PLA.D05.TREE.00330","TREE_051","TREE","D05",2016-09-28,"Live","small tree",NA,130,NA,12,9,NA,NA,"Fraxinus pennsylvanica Marshall",NA,NA,"2016",544,"mixed hardwood","Fraxinus pennsylvanica Marshall","green ash","Oleaceae","tree","pennsylvanica",0.936,"hw3",-2.48,2.4835,"OleaceaeBelow0.55spg","hardwood","Hardwood",0.51,-2.0314,2.3524,0.07555,1.07047,NA,"Check",16.6523115445451,19.7225731376133,NA
"Fraxinus","FRPE","NEON.PLA.D05.TREE.00330","TREE_051","TREE","D05",2015-08-03,"Live","small tree","Full sun",120,NA,9.7,8.6,NA,NA,"Fraxinus pennsylvanica Marshall",NA,NA,"2015",544,"mixed hardwood","Fraxinus pennsylvanica Marshall","green ash","Oleaceae","tree","pennsylvanica",0.936,"hw3",-2.48,2.4835,"OleaceaeBelow0.55spg","hardwood","Hardwood",0.51,-2.0314,2.3524,0.07555,1.07047,NA,"Check",14.8744240636917,17.7222007898159,NA
"Fraxinus","FRPE","NEON.PLA.D05.TREE.00280","TREE_056","TREE","D05",2015-07-29,"Live","small tree","Mostly shaded",130,NA,5.9,7.4,NA,NA,"Fraxinus pennsylvanica Marshall",NA,NA,"2015",544,"mixed hardwood","Fraxinus pennsylvanica Marshall","green ash","Oleaceae","tree","pennsylvanica",0.936,"hw3",-2.48,2.4835,"OleaceaeBelow0.55spg","hardwood","Hardwood",0.51,-2.0314,2.3524,0.07555,1.07047,NA,"Check",10.2411854652524,12.444693175581,NA
"Fraxinus","FRPE","NEON.PLA.D05.TREE.00280","TREE_056","TREE","D05",2018-10-09,"Live","small tree",NA,130,NA,9,8.5,NA,NA,"Fraxinus pennsylvanica Marshall",NA,NA,"2018",544,"mixed hardwood","Fraxinus pennsylvanica Marshall","green ash","Oleaceae","tree","pennsylvanica",0.936,"hw3",-2.48,2.4835,"OleaceaeBelow0.55spg","hardwood","Hardwood",0.51,-2.0314,2.3524,0.07555,1.07047,NA,"Check",14.4485796776451,17.2412431584896,NA
"Fraxinus","FRPE","NEON.PLA.D05.TREE.00280","TREE_056","TREE","D05",2016-09-28,"Live","small tree",NA,130,NA,7.5,7.7,NA,NA,"Fraxinus pennsylvanica Marshall",NA,NA,"2016",544,"mixed hardwood","Fraxinus pennsylvanica Marshall","green ash","Oleaceae","tree","pennsylvanica",0.936,"hw3",-2.48,2.4835,"OleaceaeBelow0.55spg","hardwood","Hardwood",0.51,-2.0314,2.3524,0.07555,1.07047,NA,"Check",11.3035008469615,13.6642021351173,NA
"Fraxinus","FRPE","NEON.PLA.D05.TREE.00365","TREE_051","TREE","D05",2016-09-28,"Live","small tree",NA,130,NA,3.3,2.1,NA,NA,"Fraxinus pennsylvanica Marshall",NA,NA,"2016",544,"mixed hardwood","Fraxinus pennsylvanica Marshall","green ash","Oleaceae","tree","pennsylvanica",0.936,"hw3",-2.48,2.4835,"OleaceaeBelow0.55spg","hardwood","Hardwood",0.51,-2.0314,2.3524,0.07555,1.07047,NA,"Check",0.448585130507355,0.64297215424968,NA
"Fraxinus","FRPE","NEON.PLA.D05.TREE.00365","TREE_051","TREE","D05",2017-09-26,"Live","small tree",NA,130,NA,3.9,2,NA,NA,"Fraxinus pennsylvanica Marshall",NA,NA,"2017",544,"mixed hardwood","Fraxinus pennsylvanica Marshall","green ash","Oleaceae","tree","pennsylvanica",0.936,"hw3",-2.48,2.4835,"OleaceaeBelow0.55spg","hardwood","Hardwood",0.51,-2.0314,2.3524,0.07555,1.07047,NA,"Check",0.397393948544189,0.573253160554742,NA
"Fraxinus","FRPE","NEON.PLA.D05.TREE.00365","TREE_051","TREE","D05",2018-10-09,"Standing dead","small tree",NA,130,NA,3.3,2,NA,NA,"Fraxinus pennsylvanica Marshall",NA,NA,"2018",544,"mixed hardwood","Fraxinus pennsylvanica Marshall","green ash","Oleaceae","tree","pennsylvanica",0.936,"hw3",-2.48,2.4835,"OleaceaeBelow0.55spg","hardwood","Hardwood",0.51,-2.0314,2.3524,0.07555,1.07047,NA,"Check",0.397393948544189,0.573253160554742,NA
"Fraxinus","FRPE","NEON.PLA.D05.TREE.00365","TREE_051","TREE","D05",2015-08-03,"Live,  other damage","small tree","Full shade",130,NA,3.2,2.1,NA,NA,"Fraxinus pennsylvanica Marshall",NA,NA,"2015",544,"mixed hardwood","Fraxinus pennsylvanica Marshall","green ash","Oleaceae","tree","pennsylvanica",0.936,"hw3",-2.48,2.4835,"OleaceaeBelow0.55spg","hardwood","Hardwood",0.51,-2.0314,2.3524,0.07555,1.07047,NA,"Check",0.448585130507355,0.64297215424968,NA
"Fraxinus","FRPE","NEON.PLA.D05.TREE.00458","TREE_051","TREE","D05",2015-08-03,"Live","small tree","Mostly shaded",30,NA,5.7,3.6,NA,NA,"Fraxinus pennsylvanica Marshall",NA,NA,"2015",544,"mixed hardwood","Fraxinus pennsylvanica Marshall","green ash","Oleaceae","tree","pennsylvanica",0.936,"hw3",-2.48,2.4835,"OleaceaeBelow0.55spg","hardwood","Hardwood",0.51,-2.0314,2.3524,0.07555,1.07047,2.66911221996253,"Check",0.813758028842211,1.13028726766188,NA
"Fraxinus","FRPE","NEON.PLA.D05.TREE.00196","TREE_046","TREE","D05",2018-10-10,"Live","small tree",NA,130,NA,4.3,2.2,NA,NA,"Fraxinus pennsylvanica Marshall",NA,NA,"2018",544,"mixed hardwood","Fraxinus pennsylvanica Marshall","green ash","Oleaceae","tree","pennsylvanica",0.936,"hw3",-2.48,2.4835,"OleaceaeBelow0.55spg","hardwood","Hardwood",0.51,-2.0314,2.3524,0.07555,1.07047,NA,"Check",0.503523776721647,0.717329366116371,NA
"Fraxinus","FRPE","NEON.PLA.D05.TREE.00196","TREE_046","TREE","D05",2017-09-25,"Live","small tree",NA,130,NA,4.3,2,NA,NA,"Fraxinus pennsylvanica Marshall",NA,NA,"2017",544,"mixed hardwood","Fraxinus pennsylvanica Marshall","green ash","Oleaceae","tree","pennsylvanica",0.936,"hw3",-2.48,2.4835,"OleaceaeBelow0.55spg","hardwood","Hardwood",0.51,-2.0314,2.3524,0.07555,1.07047,NA,"Check",0.397393948544189,0.573253160554742,NA
"Fraxinus","FRPE","NEON.PLA.D05.TREE.00082","TREE_051","TREE","D05",2017-09-26,"Live","small tree",NA,130,NA,3,1.5,NA,NA,"Fraxinus pennsylvanica Marshall",NA,NA,"2017",544,"mixed hardwood","Fraxinus pennsylvanica Marshall","green ash","Oleaceae","tree","pennsylvanica",0.936,"hw3",-2.48,2.4835,"OleaceaeBelow0.55spg","hardwood","Hardwood",0.51,-2.0314,2.3524,0.07555,1.07047,NA,"Check",0.194507296296749,0.291367141876111,NA
"Fraxinus","FRPE","NEON.PLA.D05.TREE.00746","TREE_051","TREE","D05",2015-08-03,"Live","small tree","Full shade",130,NA,2.1,1.8,NA,NA,"Fraxinus pennsylvanica Marshall",NA,NA,"2015",544,"mixed hardwood","Fraxinus pennsylvanica Marshall","green ash","Oleaceae","tree","pennsylvanica",0.936,"hw3",-2.48,2.4835,"OleaceaeBelow0.55spg","hardwood","Hardwood",0.51,-2.0314,2.3524,0.07555,1.07047,NA,"Check",0.305902144546893,0.447410875992286,NA
"Fraxinus","FRPE","NEON.PLA.D05.TREE.00746","TREE_051","TREE","D05",2016-09-28,"Live","small tree",NA,130,NA,1.7,1.9,NA,NA,"Fraxinus pennsylvanica Marshall",NA,NA,"2016",544,"mixed hardwood","Fraxinus pennsylvanica Marshall","green ash","Oleaceae","tree","pennsylvanica",0.936,"hw3",-2.48,2.4835,"OleaceaeBelow0.55spg","hardwood","Hardwood",0.51,-2.0314,2.3524,0.07555,1.07047,NA,"Check",0.349862844831376,0.508093298613045,NA
"Fraxinus","FRPE","NEON.PLA.D05.TREE.00746","TREE_051","TREE","D05",2017-09-26,"Live","small tree",NA,130,NA,1.8,1.8,NA,NA,"Fraxinus pennsylvanica Marshall",NA,NA,"2017",544,"mixed hardwood","Fraxinus pennsylvanica Marshall","green ash","Oleaceae","tree","pennsylvanica",0.936,"hw3",-2.48,2.4835,"OleaceaeBelow0.55spg","hardwood","Hardwood",0.51,-2.0314,2.3524,0.07555,1.07047,NA,"Check",0.305902144546893,0.447410875992286,NA
"Fraxinus","FRPE","NEON.PLA.D05.TREE.00333","TREE_051","TREE","D05",2016-09-28,"Dead, broken bole","small tree",NA,130,NA,NA,9,NA,NA,"Fraxinus pennsylvanica Marshall",NA,NA,"2016",544,"mixed hardwood","Fraxinus pennsylvanica Marshall","green ash","Oleaceae","tree","pennsylvanica",0.936,"hw3",-2.48,2.4835,"OleaceaeBelow0.55spg","hardwood","Hardwood",0.51,-2.0314,2.3524,0.07555,1.07047,NA,"Check",16.6523115445451,19.7225731376133,NA
"Fraxinus","FRPE","NEON.PLA.D05.TREE.00334","TREE_051","TREE","D05",2018-10-09,"Live","single bole tree",NA,130,NA,15.6,15.3,NA,41,"Fraxinus pennsylvanica Marshall",10.2,347.3,"2018",544,"mixed hardwood","Fraxinus pennsylvanica Marshall","green ash","Oleaceae","tree","pennsylvanica",0.936,"hw3",-2.48,2.4835,"OleaceaeBelow0.55spg","hardwood","Hardwood",0.51,-2.0314,2.3524,0.07555,1.07047,NA,"Check",73.3045367092585,80.2864603591135,NA
"Fraxinus","FRPE","NEON.PLA.D05.TREE.00748","TREE_051","TREE","D05",2015-08-03,"Live","single bole tree","Full sun",130,NA,11.5,13.5,NA,57,"Fraxinus pennsylvanica Marshall",10.1,114.9,"2015",544,"mixed hardwood","Fraxinus pennsylvanica Marshall","green ash","Oleaceae","tree","pennsylvanica",0.936,"hw3",-2.48,2.4835,"OleaceaeBelow0.55spg","hardwood","Hardwood",0.51,-2.0314,2.3524,0.07555,1.07047,NA,"Check",53.7197025073117,59.8096617743837,NA
"Fraxinus","FRPE","NEON.PLA.D05.TREE.00748","TREE_051","TREE","D05",2018-10-09,"Live","single bole tree",NA,130,NA,13.9,14,NA,57,"Fraxinus pennsylvanica Marshall",10.1,114.9,"2018",544,"mixed hardwood","Fraxinus pennsylvanica Marshall","green ash","Oleaceae","tree","pennsylvanica",0.936,"hw3",-2.48,2.4835,"OleaceaeBelow0.55spg","hardwood","Hardwood",0.51,-2.0314,2.3524,0.07555,1.07047,NA,"Check",58.7974730181621,65.151704256128,NA
"Fraxinus","FRPE","NEON.PLA.D05.TREE.00748","TREE_051","TREE","D05",2016-09-28,"Live","single bole tree",NA,130,NA,13.7,13.7,NA,57,"Fraxinus pennsylvanica Marshall",10.1,114.9,"2016",544,"mixed hardwood","Fraxinus pennsylvanica Marshall","green ash","Oleaceae","tree","pennsylvanica",0.936,"hw3",-2.48,2.4835,"OleaceaeBelow0.55spg","hardwood","Hardwood",0.51,-2.0314,2.3524,0.07555,1.07047,NA,"Check",55.7179607929574,61.9149678346598,NA
"Fraxinus","FRPE","NEON.PLA.D05.TREE.00759","TREE_051","TREE","D05",2015-08-03,"Live","single bole tree","Full sun",130,NA,14.9,15.7,NA,59,"Fraxinus pennsylvanica Marshall",6,202.7,"2015",544,"mixed hardwood","Fraxinus pennsylvanica Marshall","green ash","Oleaceae","tree","pennsylvanica",0.936,"hw3",-2.48,2.4835,"OleaceaeBelow0.55spg","hardwood","Hardwood",0.51,-2.0314,2.3524,0.07555,1.07047,NA,"Check",78.156746376134,85.3116873479543,NA
"Fraxinus","FRPE","NEON.PLA.D05.TREE.00296","TREE_051","TREE","D05",2016-09-28,"Live","small tree",NA,130,NA,7.8,5.3,NA,NA,"Fraxinus pennsylvanica Marshall",NA,NA,"2016",544,"mixed hardwood","Fraxinus pennsylvanica Marshall","green ash","Oleaceae","tree","pennsylvanica",0.936,"hw3",-2.48,2.4835,"OleaceaeBelow0.55spg","hardwood","Hardwood",0.51,-2.0314,2.3524,0.07555,1.07047,NA,"Check",4.47046168861714,5.67531604899221,NA
"Fraxinus","FRPE","NEON.PLA.D05.TREE.00296","TREE_051","TREE","D05",2015-08-03,"Live,  other damage","small tree","Mostly shaded",130,NA,7.2,5.6,NA,NA,"Fraxinus pennsylvanica Marshall",NA,NA,"2015",544,"mixed hardwood","Fraxinus pennsylvanica Marshall","green ash","Oleaceae","tree","pennsylvanica",0.936,"hw3",-2.48,2.4835,"OleaceaeBelow0.55spg","hardwood","Hardwood",0.51,-2.0314,2.3524,0.07555,1.07047,NA,"Check",5.12552339657022,6.4601263286022,NA
"Fraxinus","FRPE","NEON.PLA.D05.TREE.00296","TREE_051","TREE","D05",2017-09-26,"Live","small tree",NA,130,NA,8,6.2,NA,NA,"Fraxinus pennsylvanica Marshall",NA,NA,"2017",544,"mixed hardwood","Fraxinus pennsylvanica Marshall","green ash","Oleaceae","tree","pennsylvanica",0.936,"hw3",-2.48,2.4835,"OleaceaeBelow0.55spg","hardwood","Hardwood",0.51,-2.0314,2.3524,0.07555,1.07047,NA,"Check",6.59960611224601,8.20777998570938,NA
"Fraxinus","FRPE","NEON.PLA.D05.TREE.00746","TREE_051","TREE","D05",2018-10-09,"Live","small tree",NA,130,NA,1.9,1.6,NA,NA,"Fraxinus pennsylvanica Marshall",NA,NA,"2018",544,"mixed hardwood","Fraxinus pennsylvanica Marshall","green ash","Oleaceae","tree","pennsylvanica",0.936,"hw3",-2.48,2.4835,"OleaceaeBelow0.55spg","hardwood","Hardwood",0.51,-2.0314,2.3524,0.07555,1.07047,NA,"Check",0.228320671025557,0.339137132084596,NA
"Fraxinus","FRPE","NEON.PLA.D05.TREE.00750","TREE_051","TREE","D05",2016-09-28,"Live","single bole tree",NA,130,NA,14.5,11.5,NA,59,"Fraxinus pennsylvanica Marshall",2.8,216.6,"2016",544,"mixed hardwood","Fraxinus pennsylvanica Marshall","green ash","Oleaceae","tree","pennsylvanica",0.936,"hw3",-2.48,2.4835,"OleaceaeBelow0.55spg","hardwood","Hardwood",0.51,-2.0314,2.3524,0.07555,1.07047,NA,"Check",36.0738729508933,41.0166124358424,NA
"Fraxinus","FRPE","NEON.PLA.D05.TREE.00750","TREE_051","TREE","D05",2017-09-26,"Live","single bole tree",NA,130,NA,13.4,11.6,NA,59,"Fraxinus pennsylvanica Marshall",2.8,216.6,"2017",544,"mixed hardwood","Fraxinus pennsylvanica Marshall","green ash","Oleaceae","tree","pennsylvanica",0.936,"hw3",-2.48,2.4835,"OleaceaeBelow0.55spg","hardwood","Hardwood",0.51,-2.0314,2.3524,0.07555,1.07047,NA,"Check",36.857943598166,41.8605724721308,NA
"Fraxinus","FRPE","NEON.PLA.D05.TREE.00750","TREE_051","TREE","D05",2018-10-09,"Live","single bole tree",NA,130,NA,15.7,11.7,NA,59,"Fraxinus pennsylvanica Marshall",2.8,216.6,"2018",544,"mixed hardwood","Fraxinus pennsylvanica Marshall","green ash","Oleaceae","tree","pennsylvanica",0.936,"hw3",-2.48,2.4835,"OleaceaeBelow0.55spg","hardwood","Hardwood",0.51,-2.0314,2.3524,0.07555,1.07047,NA,"Check",37.6521059880645,42.7144295388105,NA
"Fraxinus","FRPE","NEON.PLA.D05.TREE.00201","TREE_051","TREE","D05",2017-09-26,"Live","single bole tree",NA,130,NA,12.8,12.3,NA,57,"Fraxinus pennsylvanica Marshall",2.3,141.2,"2017",544,"mixed hardwood","Fraxinus pennsylvanica Marshall","green ash","Oleaceae","tree","pennsylvanica",0.936,"hw3",-2.48,2.4835,"OleaceaeBelow0.55spg","hardwood","Hardwood",0.51,-2.0314,2.3524,0.07555,1.07047,NA,"Check",42.631344457986,48.0470771786934,NA
"Fraxinus","FRPE","NEON.PLA.D05.TREE.00202","TREE_051","TREE","D05",2015-08-03,"Live","single bole tree","Full sun",130,NA,12.7,15.7,NA,39,"Fraxinus pennsylvanica Marshall",7.9,22.7,"2015",544,"mixed hardwood","Fraxinus pennsylvanica Marshall","green ash","Oleaceae","tree","pennsylvanica",0.936,"hw3",-2.48,2.4835,"OleaceaeBelow0.55spg","hardwood","Hardwood",0.51,-2.0314,2.3524,0.07555,1.07047,NA,"Check",78.156746376134,85.3116873479543,NA
"Fraxinus","FRPE","NEON.PLA.D05.TREE.00298","TREE_051","TREE","D05",2016-09-28,"Live","small tree",NA,130,NA,11.3,8.8,NA,NA,"Fraxinus pennsylvanica Marshall",NA,NA,"2016",544,"mixed hardwood","Fraxinus pennsylvanica Marshall","green ash","Oleaceae","tree","pennsylvanica",0.936,"hw3",-2.48,2.4835,"OleaceaeBelow0.55spg","hardwood","Hardwood",0.51,-2.0314,2.3524,0.07555,1.07047,NA,"Check",15.7483831173488,18.7070167023818,NA
"Fraxinus","FRPE","NEON.PLA.D05.TREE.00752","TREE_051","TREE","D05",2016-09-28,"Live","small tree",NA,130,NA,7.1,4.6,NA,NA,"Fraxinus pennsylvanica Marshall",NA,NA,"2016",544,"mixed hardwood","Fraxinus pennsylvanica Marshall","green ash","Oleaceae","tree","pennsylvanica",0.936,"hw3",-2.48,2.4835,"OleaceaeBelow0.55spg","hardwood","Hardwood",0.51,-2.0314,2.3524,0.07555,1.07047,NA,"Check",3.14465010694578,4.06700793067797,NA
"Fraxinus","FRPE","NEON.PLA.D05.TREE.00752","TREE_051","TREE","D05",2017-09-26,"Live","small tree",NA,130,NA,7.5,4.7,NA,NA,"Fraxinus pennsylvanica Marshall",NA,NA,"2017",544,"mixed hardwood","Fraxinus pennsylvanica Marshall","green ash","Oleaceae","tree","pennsylvanica",0.936,"hw3",-2.48,2.4835,"OleaceaeBelow0.55spg","hardwood","Hardwood",0.51,-2.0314,2.3524,0.07555,1.07047,NA,"Check",3.31717424960937,4.27805631353121,NA
"Fraxinus","FRPE","NEON.PLA.D05.TREE.00752","TREE_051","TREE","D05",2018-10-09,"Live","small tree",NA,130,NA,7.7,4.2,NA,NA,"Fraxinus pennsylvanica Marshall",NA,NA,"2018",544,"mixed hardwood","Fraxinus pennsylvanica Marshall","green ash","Oleaceae","tree","pennsylvanica",0.936,"hw3",-2.48,2.4835,"OleaceaeBelow0.55spg","hardwood","Hardwood",0.51,-2.0314,2.3524,0.07555,1.07047,NA,"Check",2.50872390388638,3.28348568144299,NA
"Fraxinus","FRPE","NEON.PLA.D05.TREE.00784","TREE_051","TREE","D05",2015-08-03,"Standing dead","small tree","Mostly shaded",130,NA,4.1,2.6,NA,NA,"Fraxinus pennsylvanica Marshall",NA,NA,"2015",544,"mixed hardwood","Fraxinus pennsylvanica Marshall","green ash","Oleaceae","tree","pennsylvanica",0.936,"hw3",-2.48,2.4835,"OleaceaeBelow0.55spg","hardwood","Hardwood",0.51,-2.0314,2.3524,0.07555,1.07047,NA,"Check",0.762429277368456,1.06264156636305,NA
"Fraxinus","FRPE","NEON.PLA.D05.TREE.00742","TREE_051","TREE","D05",2017-09-26,"Live","single bole tree",NA,130,NA,13.6,11.8,NA,59,"Fraxinus pennsylvanica Marshall",10,198.5,"2017",544,"mixed hardwood","Fraxinus pennsylvanica Marshall","green ash","Oleaceae","tree","pennsylvanica",0.936,"hw3",-2.48,2.4835,"OleaceaeBelow0.55spg","hardwood","Hardwood",0.51,-2.0314,2.3524,0.07555,1.07047,NA,"Check",38.4564020910432,43.5782136190843,NA
"Fraxinus","FRPE","NEON.PLA.D05.TREE.00742","TREE_051","TREE","D05",2016-09-28,"Live","single bole tree",NA,130,NA,12.9,11.5,NA,59,"Fraxinus pennsylvanica Marshall",10,198.5,"2016",544,"mixed hardwood","Fraxinus pennsylvanica Marshall","green ash","Oleaceae","tree","pennsylvanica",0.936,"hw3",-2.48,2.4835,"OleaceaeBelow0.55spg","hardwood","Hardwood",0.51,-2.0314,2.3524,0.07555,1.07047,NA,"Check",36.0738729508933,41.0166124358424,NA
"Fraxinus","FRPE","NEON.PLA.D05.TREE.00742","TREE_051","TREE","D05",2018-10-09,"Live","single bole tree",NA,130,NA,13.3,11.9,NA,59,"Fraxinus pennsylvanica Marshall",10,198.5,"2018",544,"mixed hardwood","Fraxinus pennsylvanica Marshall","green ash","Oleaceae","tree","pennsylvanica",0.936,"hw3",-2.48,2.4835,"OleaceaeBelow0.55spg","hardwood","Hardwood",0.51,-2.0314,2.3524,0.07555,1.07047,NA,"Check",39.2708736926787,44.4519545306489,NA
"Fraxinus","FRPE","NEON.PLA.D05.TREE.00742","TREE_051","TREE","D05",2018-10-09,"Standing dead","small tree",NA,130,NA,6.2,4,NA,59,"Fraxinus pennsylvanica Marshall",10,198.5,"2018",544,"mixed hardwood","Fraxinus pennsylvanica Marshall","green ash","Oleaceae","tree","pennsylvanica",0.936,"hw3",-2.48,2.4835,"OleaceaeBelow0.55spg","hardwood","Hardwood",0.51,-2.0314,2.3524,0.07555,1.07047,NA,"Check",2.22243589939113,2.92744955140391,NA
"Fraxinus","FRPE","NEON.PLA.D05.TREE.00169","TREE_056","TREE","D05",2017-08-28,"Live","small tree",NA,130,NA,6.1,3.9,NA,NA,"Fraxinus pennsylvanica Marshall",NA,NA,"2017",544,"mixed hardwood","Fraxinus pennsylvanica Marshall","green ash","Oleaceae","tree","pennsylvanica",0.936,"hw3",-2.48,2.4835,"OleaceaeBelow0.55spg","hardwood","Hardwood",0.51,-2.0314,2.3524,0.07555,1.07047,NA,"Check",2.0869988356571,2.75818808219217,NA
"Fraxinus","FRPE","NEON.PLA.D05.TREE.00280","TREE_056","TREE","D05",2017-08-28,"Live","single bole tree",NA,130,NA,7.1,8,NA,NA,"Fraxinus pennsylvanica Marshall",NA,NA,"2017",544,"mixed hardwood","Fraxinus pennsylvanica Marshall","green ash","Oleaceae","tree","pennsylvanica",0.936,"hw3",-2.48,2.4835,"OleaceaeBelow0.55spg","hardwood","Hardwood",0.51,-2.0314,2.3524,0.07555,1.07047,NA,"Check",12.4290300468761,14.9496966884958,NA
"Fraxinus","FRPE","NEON.PLA.D05.TREE.00754","TREE_051","TREE","D05",2015-08-03,"Live","single bole tree","Full sun",130,NA,14.9,12.1,NA,59,"Fraxinus pennsylvanica Marshall",3.4,192.6,"2015",544,"mixed hardwood","Fraxinus pennsylvanica Marshall","green ash","Oleaceae","tree","pennsylvanica",0.936,"hw3",-2.48,2.4835,"OleaceaeBelow0.55spg","hardwood","Hardwood",0.51,-2.0314,2.3524,0.07555,1.07047,NA,"Check",40.930509624014,46.2294253046862,NA
"Fraxinus","FRPE","NEON.PLA.D05.TREE.00177","TREE_056","TREE","D05",2021-09-22,"Live","small tree","Full shade",130,NA,1.9,1.9,NA,NA,"Fraxinus pennsylvanica Marshall",NA,NA,"2021",544,"mixed hardwood","Fraxinus pennsylvanica Marshall","green ash","Oleaceae","tree","pennsylvanica",0.936,"hw3",-2.48,2.4835,"OleaceaeBelow0.55spg","hardwood","Hardwood",0.51,-2.0314,2.3524,0.07555,1.07047,NA,"Check",0.349862844831376,0.508093298613045,NA
"Fraxinus","FRPE","NEON.PLA.D05.TREE.00021","TREE_055","TREE","D05",2017-09-14,"Live","single bole tree",NA,130,NA,19.2,16.8,NA,NA,"Fraxinus pennsylvanica Marshall",NA,NA,"2017",544,"mixed hardwood","Fraxinus pennsylvanica Marshall","green ash","Oleaceae","tree","pennsylvanica",0.936,"hw3",-2.48,2.4835,"OleaceaeBelow0.55spg","hardwood","Hardwood",0.51,-2.0314,2.3524,0.07555,1.07047,NA,"Check",92.4709429036184,100.044160387924,NA
"Fraxinus","FRPE","NEON.PLA.D05.TREE.00021","TREE_055","TREE","D05",2015-07-29,"Live","small tree","Partially shaded",130,NA,16.5,15.5,NA,NA,"Fraxinus pennsylvanica Marshall",NA,NA,"2015",544,"mixed hardwood","Fraxinus pennsylvanica Marshall","green ash","Oleaceae","tree","pennsylvanica",0.936,"hw3",-2.48,2.4835,"OleaceaeBelow0.55spg","hardwood","Hardwood",0.51,-2.0314,2.3524,0.07555,1.07047,NA,"Check",75.7074219142073,82.7771512548749,NA
"Fraxinus","FRPE","NEON.PLA.D05.TREE.00021","TREE_055","TREE","D05",2018-10-10,"Live","single bole tree",NA,130,NA,18.6,16.8,NA,NA,"Fraxinus pennsylvanica Marshall",NA,NA,"2018",544,"mixed hardwood","Fraxinus pennsylvanica Marshall","green ash","Oleaceae","tree","pennsylvanica",0.936,"hw3",-2.48,2.4835,"OleaceaeBelow0.55spg","hardwood","Hardwood",0.51,-2.0314,2.3524,0.07555,1.07047,NA,"Check",92.4709429036184,100.044160387924,NA
"Fraxinus","FRPE","NEON.PLA.D05.TREE.00021","TREE_055","TREE","D05",2016-09-27,"Live","single bole tree",NA,130,NA,18.7,16.1,NA,NA,"Fraxinus pennsylvanica Marshall",NA,NA,"2016",544,"mixed hardwood","Fraxinus pennsylvanica Marshall","green ash","Oleaceae","tree","pennsylvanica",0.936,"hw3",-2.48,2.4835,"OleaceaeBelow0.55spg","hardwood","Hardwood",0.51,-2.0314,2.3524,0.07555,1.07047,NA,"Check",83.1958662408938,90.5130876738031,NA
"Fraxinus","FRPE","NEON.PLA.D05.TREE.00263","TREE_051","TREE","D05",2018-10-09,"Live","small tree",NA,130,NA,11.9,7.7,NA,NA,"Fraxinus pennsylvanica Marshall",NA,NA,"2018",544,"mixed hardwood","Fraxinus pennsylvanica Marshall","green ash","Oleaceae","tree","pennsylvanica",0.936,"hw3",-2.48,2.4835,"OleaceaeBelow0.55spg","hardwood","Hardwood",0.51,-2.0314,2.3524,0.07555,1.07047,NA,"Check",11.3035008469615,13.6642021351173,NA
"Fraxinus","FRPE","NEON.PLA.D05.TREE.00376","TREE_051","TREE","D05",2018-10-09,"Live","small tree",NA,130,NA,10.3,6.8,NA,NA,"Fraxinus pennsylvanica Marshall",NA,NA,"2018",544,"mixed hardwood","Fraxinus pennsylvanica Marshall","green ash","Oleaceae","tree","pennsylvanica",0.936,"hw3",-2.48,2.4835,"OleaceaeBelow0.55spg","hardwood","Hardwood",0.51,-2.0314,2.3524,0.07555,1.07047,NA,"Check",8.30135793323311,10.1999363643892,NA
"Fraxinus","FRPE","NEON.PLA.D05.TREE.00594","TREE_046","TREE","D05",2017-09-25,"Live","small tree",NA,130,NA,9.3,6.6,NA,NA,"Fraxinus pennsylvanica Marshall",NA,NA,"2017",544,"mixed hardwood","Fraxinus pennsylvanica Marshall","green ash","Oleaceae","tree","pennsylvanica",0.936,"hw3",-2.48,2.4835,"OleaceaeBelow0.55spg","hardwood","Hardwood",0.51,-2.0314,2.3524,0.07555,1.07047,NA,"Check",7.70815819521787,9.5082074808398,NA
"Fraxinus","FRPE","NEON.PLA.D05.TREE.00594","TREE_046","TREE","D05",2015-07-28,"Live","small tree","Mostly shaded",130,NA,6.1,5.4,NA,NA,"Fraxinus pennsylvanica Marshall",NA,NA,"2015",544,"mixed hardwood","Fraxinus pennsylvanica Marshall","green ash","Oleaceae","tree","pennsylvanica",0.936,"hw3",-2.48,2.4835,"OleaceaeBelow0.55spg","hardwood","Hardwood",0.51,-2.0314,2.3524,0.07555,1.07047,NA,"Check",4.68288138799718,5.93043536074725,NA
"Fraxinus","FRPE","NEON.PLA.D05.TREE.00594","TREE_046","TREE","D05",2022-09-19,"Live","small tree","Partially shaded",130,NA,12.2,9.1,NA,NA,"Fraxinus pennsylvanica Marshall",NA,NA,"2022",544,"mixed hardwood","Fraxinus pennsylvanica Marshall","green ash","Oleaceae","tree","pennsylvanica",0.936,"hw3",-2.48,2.4835,"OleaceaeBelow0.55spg","hardwood","Hardwood",0.51,-2.0314,2.3524,0.07555,1.07047,NA,"Check",17.1156167412662,20.2419555727583,NA
"Fraxinus","FRPE","NEON.PLA.D05.TREE.00594","TREE_046","TREE","D05",2016-09-29,"Live","small tree",NA,130,NA,8.3,6,NA,NA,"Fraxinus pennsylvanica Marshall",NA,NA,"2016",544,"mixed hardwood","Fraxinus pennsylvanica Marshall","green ash","Oleaceae","tree","pennsylvanica",0.936,"hw3",-2.48,2.4835,"OleaceaeBelow0.55spg","hardwood","Hardwood",0.51,-2.0314,2.3524,0.07555,1.07047,NA,"Check",6.08347721163172,7.59847602379827,NA
"Fraxinus","FRPE","NEON.PLA.D05.TREE.00594","TREE_046","TREE","D05",2018-10-10,"Live","small tree",NA,130,NA,9.7,6.7,NA,NA,"Fraxinus pennsylvanica Marshall",NA,NA,"2018",544,"mixed hardwood","Fraxinus pennsylvanica Marshall","green ash","Oleaceae","tree","pennsylvanica",0.936,"hw3",-2.48,2.4835,"OleaceaeBelow0.55spg","hardwood","Hardwood",0.51,-2.0314,2.3524,0.07555,1.07047,NA,"Check",8.00147454073023,9.85058134938422,NA
"Fraxinus","FRPE","NEON.PLA.D05.TREE.00594","TREE_046","TREE","D05",2021-09-21,"Live","small tree","Mostly shaded",130,NA,11.7,8.7,NA,NA,"Fraxinus pennsylvanica Marshall",NA,NA,"2021",544,"mixed hardwood","Fraxinus pennsylvanica Marshall","green ash","Oleaceae","tree","pennsylvanica",0.936,"hw3",-2.48,2.4835,"OleaceaeBelow0.55spg","hardwood","Hardwood",0.51,-2.0314,2.3524,0.07555,1.07047,NA,"Check",15.3076780324332,18.2107815974873,NA
"Fraxinus","FRPE","NEON.PLA.D05.TREE.00747","TREE_051","TREE","D05",2015-08-03,"Standing dead","small tree","Partially shaded",130,NA,7.4,5.5,NA,NA,"Fraxinus pennsylvanica Marshall",NA,NA,"2015",544,"mixed hardwood","Fraxinus pennsylvanica Marshall","green ash","Oleaceae","tree","pennsylvanica",0.936,"hw3",-2.48,2.4835,"OleaceaeBelow0.55spg","hardwood","Hardwood",0.51,-2.0314,2.3524,0.07555,1.07047,NA,"Check",4.90121771522796,6.19202479580562,NA
"Fraxinus","FRPE","NEON.PLA.D05.TREE.00748","TREE_051","TREE","D05",2017-09-26,"Live","single bole tree",NA,130,NA,13.8,13.9,NA,57,"Fraxinus pennsylvanica Marshall",10.1,114.9,"2017",544,"mixed hardwood","Fraxinus pennsylvanica Marshall","green ash","Oleaceae","tree","pennsylvanica",0.936,"hw3",-2.48,2.4835,"OleaceaeBelow0.55spg","hardwood","Hardwood",0.51,-2.0314,2.3524,0.07555,1.07047,NA,"Check",57.7599676483321,64.0622526042174,NA
"Fraxinus","FRPE","NEON.PLA.D05.TREE.00759","TREE_051","TREE","D05",2016-09-28,"Live","single bole tree",NA,130,NA,14.5,16,NA,59,"Fraxinus pennsylvanica Marshall",6,202.7,"2016",544,"mixed hardwood","Fraxinus pennsylvanica Marshall","green ash","Oleaceae","tree","pennsylvanica",0.936,"hw3",-2.48,2.4835,"OleaceaeBelow0.55spg","hardwood","Hardwood",0.51,-2.0314,2.3524,0.07555,1.07047,NA,"Check",81.9184378325501,89.1961351022244,NA
"Fraxinus","FRPE","NEON.PLA.D05.TREE.00759","TREE_051","TREE","D05",2018-10-09,"Live","single bole tree",NA,130,NA,15,16.9,NA,59,"Fraxinus pennsylvanica Marshall",6,202.7,"2018",544,"mixed hardwood","Fraxinus pennsylvanica Marshall","green ash","Oleaceae","tree","pennsylvanica",0.936,"hw3",-2.48,2.4835,"OleaceaeBelow0.55spg","hardwood","Hardwood",0.51,-2.0314,2.3524,0.07555,1.07047,NA,"Check",93.8439578526064,101.450659219577,NA
"Fraxinus","FRPE","NEON.PLA.D05.TREE.00759","TREE_051","TREE","D05",2017-09-26,"Live","single bole tree",NA,130,NA,14.5,16.3,NA,59,"Fraxinus pennsylvanica Marshall",6,202.7,"2017",544,"mixed hardwood","Fraxinus pennsylvanica Marshall","green ash","Oleaceae","tree","pennsylvanica",0.936,"hw3",-2.48,2.4835,"OleaceaeBelow0.55spg","hardwood","Hardwood",0.51,-2.0314,2.3524,0.07555,1.07047,NA,"Check",85.7862335300412,93.1803441358055,NA
"Fraxinus","FRPE","NEON.PLA.D05.TREE.00358","TREE_051","TREE","D05",2017-09-26,"Live","small tree",NA,130,NA,7.2,6.3,NA,NA,"Fraxinus pennsylvanica Marshall",NA,NA,"2017",544,"mixed hardwood","Fraxinus pennsylvanica Marshall","green ash","Oleaceae","tree","pennsylvanica",0.936,"hw3",-2.48,2.4835,"OleaceaeBelow0.55spg","hardwood","Hardwood",0.51,-2.0314,2.3524,0.07555,1.07047,NA,"Check",6.86713380743613,8.52260193961822,NA
"Fraxinus","FRPE","NEON.PLA.D05.TREE.00342","TREE_051","TREE","D05",2018-10-09,"Live","small tree",NA,130,NA,7.5,6.2,NA,NA,"Fraxinus pennsylvanica Marshall",NA,NA,"2018",544,"mixed hardwood","Fraxinus pennsylvanica Marshall","green ash","Oleaceae","tree","pennsylvanica",0.936,"hw3",-2.48,2.4835,"OleaceaeBelow0.55spg","hardwood","Hardwood",0.51,-2.0314,2.3524,0.07555,1.07047,NA,"Check",6.59960611224601,8.20777998570938,NA
"Fraxinus","FRPE","NEON.PLA.D05.TREE.00325","TREE_051","TREE","D05",2018-10-09,"Live","single bole tree",NA,130,NA,15.9,20.4,NA,57,"Fraxinus pennsylvanica Marshall",6.7,157.9,"2018",544,"mixed hardwood","Fraxinus pennsylvanica Marshall","green ash","Oleaceae","tree","pennsylvanica",0.936,"hw3",-2.48,2.4835,"OleaceaeBelow0.55spg","hardwood","Hardwood",0.51,-2.0314,2.3524,0.07555,1.07047,NA,"Check",149.767025935374,157.960389267862,NA
"Fraxinus","FRPE","NEON.PLA.D05.TREE.00325","TREE_051","TREE","D05",2016-09-28,"Live","single bole tree",NA,130,NA,15.9,19.7,NA,57,"Fraxinus pennsylvanica Marshall",6.7,157.9,"2016",544,"mixed hardwood","Fraxinus pennsylvanica Marshall","green ash","Oleaceae","tree","pennsylvanica",0.936,"hw3",-2.48,2.4835,"OleaceaeBelow0.55spg","hardwood","Hardwood",0.51,-2.0314,2.3524,0.07555,1.07047,NA,"Check",137.327197580313,145.504538523152,NA
"Fraxinus","FRPE","NEON.PLA.D05.TREE.00706","TREE_051","TREE","D05",2018-10-09,"Live","small tree",NA,130,NA,8.8,5.3,NA,NA,"Fraxinus pennsylvanica Marshall",NA,NA,"2018",544,"mixed hardwood","Fraxinus pennsylvanica Marshall","green ash","Oleaceae","tree","pennsylvanica",0.936,"hw3",-2.48,2.4835,"OleaceaeBelow0.55spg","hardwood","Hardwood",0.51,-2.0314,2.3524,0.07555,1.07047,NA,"Check",4.47046168861714,5.67531604899221,NA
"Fraxinus","FRPE","NEON.PLA.D05.TREE.00761","TREE_052","TREE","D05",2015-08-03,"Live, disease damaged","single bole tree","Mostly shaded",130,NA,10.1,10.5,NA,41,"Fraxinus pennsylvanica Marshall",3.5,120.4,"2015",544,"mixed hardwood","Fraxinus pennsylvanica Marshall","green ash","Oleaceae","tree","pennsylvanica",0.936,"hw3",-2.48,2.4835,"OleaceaeBelow0.55spg","hardwood","Hardwood",0.51,-2.0314,2.3524,0.07555,1.07047,NA,"Check",28.7788416198593,33.1146292138984,NA
"Fraxinus","FRPE","NEON.PLA.D05.TREE.00761","TREE_052","TREE","D05",2016-09-29,"Live,  other damage","single bole tree",NA,140,NA,11.1,10.2,NA,41,"Fraxinus pennsylvanica Marshall",3.5,120.4,"2016",544,"mixed hardwood","Fraxinus pennsylvanica Marshall","green ash","Oleaceae","tree","pennsylvanica",0.936,"hw3",-2.48,2.4835,"OleaceaeBelow0.55spg","hardwood","Hardwood",0.51,-2.0314,2.3524,0.07555,1.07047,NA,"Check",26.7798543996179,30.9318028544107,NA
"Fraxinus","FRPE","NEON.PLA.D05.TREE.00761","TREE_052","TREE","D05",2018-08-29,"Live","single bole tree",NA,130,NA,10.4,10.2,NA,41,"Fraxinus pennsylvanica Marshall",3.5,120.4,"2018",544,"mixed hardwood","Fraxinus pennsylvanica Marshall","green ash","Oleaceae","tree","pennsylvanica",0.936,"hw3",-2.48,2.4835,"OleaceaeBelow0.55spg","hardwood","Hardwood",0.51,-2.0314,2.3524,0.07555,1.07047,NA,"Check",26.7798543996179,30.9318028544107,NA
"Fraxinus","FRPE","NEON.PLA.D05.TREE.00298","TREE_051","TREE","D05",2015-08-03,"Live","small tree","Full sun",130,NA,11.1,8.7,NA,NA,"Fraxinus pennsylvanica Marshall",NA,NA,"2015",544,"mixed hardwood","Fraxinus pennsylvanica Marshall","green ash","Oleaceae","tree","pennsylvanica",0.936,"hw3",-2.48,2.4835,"OleaceaeBelow0.55spg","hardwood","Hardwood",0.51,-2.0314,2.3524,0.07555,1.07047,NA,"Check",15.3076780324332,18.2107815974873,NA
"Fraxinus","FRPE","NEON.PLA.D05.TREE.00298","TREE_051","TREE","D05",2018-10-09,"Live","small tree",NA,130,NA,12.7,9.3,NA,NA,"Fraxinus pennsylvanica Marshall",NA,NA,"2018",544,"mixed hardwood","Fraxinus pennsylvanica Marshall","green ash","Oleaceae","tree","pennsylvanica",0.936,"hw3",-2.48,2.4835,"OleaceaeBelow0.55spg","hardwood","Hardwood",0.51,-2.0314,2.3524,0.07555,1.07047,NA,"Check",18.0651119794246,21.3040799969089,NA
"Fraxinus","FRPE","NEON.PLA.D05.TREE.00717","TREE_051","TREE","D05",2015-08-03,"Live","small tree","Mostly shaded",130,NA,4.4,3.3,NA,NA,"Fraxinus pennsylvanica Marshall",NA,NA,"2015",544,"mixed hardwood","Fraxinus pennsylvanica Marshall","green ash","Oleaceae","tree","pennsylvanica",0.936,"hw3",-2.48,2.4835,"OleaceaeBelow0.55spg","hardwood","Hardwood",0.51,-2.0314,2.3524,0.07555,1.07047,NA,"Check",1.37829640982675,1.86189715446598,NA
"Fraxinus","FRPE","NEON.PLA.D05.TREE.00763","TREE_051","TREE","D05",2017-09-26,"Live","single bole tree",NA,130,NA,17.3,23.4,NA,57,"Fraxinus pennsylvanica Marshall",12,127.6,"2017",544,"mixed hardwood","Fraxinus pennsylvanica Marshall","green ash","Oleaceae","tree","pennsylvanica",0.936,"hw3",-2.48,2.4835,"OleaceaeBelow0.55spg","hardwood","Hardwood",0.51,-2.0314,2.3524,0.07555,1.07047,NA,"Check",210.570373157682,218.131091455054,NA
"Fraxinus","FRPE","NEON.PLA.D05.TREE.00763","TREE_051","TREE","D05",2015-08-03,"Live","small tree","Full sun",130,NA,15.4,22.7,NA,57,"Fraxinus pennsylvanica Marshall",12,127.6,"2015",544,"mixed hardwood","Fraxinus pennsylvanica Marshall","green ash","Oleaceae","tree","pennsylvanica",0.936,"hw3",-2.48,2.4835,"OleaceaeBelow0.55spg","hardwood","Hardwood",0.51,-2.0314,2.3524,0.07555,1.07047,NA,"Check",195.27196710364,203.090409799282,NA
"Fraxinus","FRPE","NEON.PLA.D05.TREE.00763","TREE_051","TREE","D05",2018-10-09,"Live","single bole tree",NA,130,NA,17.8,23.8,NA,57,"Fraxinus pennsylvanica Marshall",12,127.6,"2018",544,"mixed hardwood","Fraxinus pennsylvanica Marshall","green ash","Oleaceae","tree","pennsylvanica",0.936,"hw3",-2.48,2.4835,"OleaceaeBelow0.55spg","hardwood","Hardwood",0.51,-2.0314,2.3524,0.07555,1.07047,NA,"Check",219.623373266739,227.004163786636,NA
"Fraxinus","FRPE","NEON.PLA.D05.TREE.00328","TREE_051","TREE","D05",2015-08-03,"Live","single bole tree","Full sun",130,NA,12.8,11.2,NA,57,"Fraxinus pennsylvanica Marshall",6.5,102.5,"2015",544,"mixed hardwood","Fraxinus pennsylvanica Marshall","green ash","Oleaceae","tree","pennsylvanica",0.936,"hw3",-2.48,2.4835,"OleaceaeBelow0.55spg","hardwood","Hardwood",0.51,-2.0314,2.3524,0.07555,1.07047,NA,"Check",33.7817889358751,38.5438121448212,NA
"Fraxinus","FRPE","NEON.PLA.D05.TREE.00109","TREE_056","TREE","D05",2017-09-25,"Live","single bole tree",NA,130,NA,14,13.7,NA,41,"Fraxinus pennsylvanica Marshall",10.1,206.3,"2017",544,"mixed hardwood","Fraxinus pennsylvanica Marshall","green ash","Oleaceae","tree","pennsylvanica",0.936,"hw3",-2.48,2.4835,"OleaceaeBelow0.55spg","hardwood","Hardwood",0.51,-2.0314,2.3524,0.07555,1.07047,NA,"Check",55.7179607929574,61.9149678346598,NA
"Fraxinus","FRPE","NEON.PLA.D05.TREE.00109","TREE_056","TREE","D05",2021-09-22,"Live","single bole tree","Partially shaded",130,NA,14.8,15.6,NA,41,"Fraxinus pennsylvanica Marshall",10.1,206.3,"2021",544,"mixed hardwood","Fraxinus pennsylvanica Marshall","green ash","Oleaceae","tree","pennsylvanica",0.936,"hw3",-2.48,2.4835,"OleaceaeBelow0.55spg","hardwood","Hardwood",0.51,-2.0314,2.3524,0.07555,1.07047,NA,"Check",76.9262611453581,84.0389262040654,NA
"Fraxinus","FRPE","NEON.PLA.D05.TREE.00109","TREE_056","TREE","D05",2015-07-29,"Live","single bole tree","Mostly shaded",130,NA,10,19.7,NA,41,"Fraxinus pennsylvanica Marshall",10.1,206.3,"2015",544,"mixed hardwood","Fraxinus pennsylvanica Marshall","green ash","Oleaceae","tree","pennsylvanica",0.936,"hw3",-2.48,2.4835,"OleaceaeBelow0.55spg","hardwood","Hardwood",0.51,-2.0314,2.3524,0.07555,1.07047,NA,"Check",137.327197580313,145.504538523152,NA
"Fraxinus","FRPE","NEON.PLA.D05.TREE.00109","TREE_056","TREE","D05",2016-09-28,"Live","single bole tree",NA,130,NA,13.3,13.2,NA,41,"Fraxinus pennsylvanica Marshall",10.1,206.3,"2016",544,"mixed hardwood","Fraxinus pennsylvanica Marshall","green ash","Oleaceae","tree","pennsylvanica",0.936,"hw3",-2.48,2.4835,"OleaceaeBelow0.55spg","hardwood","Hardwood",0.51,-2.0314,2.3524,0.07555,1.07047,NA,"Check",50.8036649309672,56.7299375173009,NA
"Fraxinus","FRPE","NEON.PLA.D05.TREE.00109","TREE_056","TREE","D05",2018-10-09,"Live","single bole tree",NA,130,NA,14.8,14.1,NA,41,"Fraxinus pennsylvanica Marshall",10.1,206.3,"2018",544,"mixed hardwood","Fraxinus pennsylvanica Marshall","green ash","Oleaceae","tree","pennsylvanica",0.936,"hw3",-2.48,2.4835,"OleaceaeBelow0.55spg","hardwood","Hardwood",0.51,-2.0314,2.3524,0.07555,1.07047,NA,"Check",59.8460307180024,66.2517310357447,NA
"Fraxinus","FRPE","NEON.PLA.D05.TREE.00109","TREE_056","TREE","D05",2022-09-20,"Live","single bole tree","Partially shaded",130,NA,16.2,16,NA,41,"Fraxinus pennsylvanica Marshall",10.1,206.3,"2022",544,"mixed hardwood","Fraxinus pennsylvanica Marshall","green ash","Oleaceae","tree","pennsylvanica",0.936,"hw3",-2.48,2.4835,"OleaceaeBelow0.55spg","hardwood","Hardwood",0.51,-2.0314,2.3524,0.07555,1.07047,NA,"Check",81.9184378325501,89.1961351022244,NA
"Fraxinus","FRPE","NEON.PLA.D05.TREE.00354","TREE_051","TREE","D05",2015-08-03,"Live","single bole tree","Partially shaded",130,NA,13,13.4,NA,59,"Fraxinus pennsylvanica Marshall",10.2,162.7,"2015",544,"mixed hardwood","Fraxinus pennsylvanica Marshall","green ash","Oleaceae","tree","pennsylvanica",0.936,"hw3",-2.48,2.4835,"OleaceaeBelow0.55spg","hardwood","Hardwood",0.51,-2.0314,2.3524,0.07555,1.07047,NA,"Check",52.7368823038839,58.7726830305032,NA
"Fraxinus","FRNI","NEON.PLA.D05.TREE.00802A","TREE_052","TREE","D05",2016-09-29,"Live,  other damage","multi-bole tree",NA,130,NA,NA,9,NA,21,"Fraxinus nigra Marshall",5.2,34,"2016",543,"mixed hardwood","Fraxinus nigra Marshall","black ash","Oleaceae","tree","nigra",0.936,"hw3",-2.48,2.4835,"OleaceaeBelow0.55spg","hardwood","Hardwood",0.51,-2.0314,2.3524,0.07555,1.07047,NA,"Check",16.6523115445451,19.7225731376133,NA
"Fraxinus","FRNI","NEON.PLA.D05.TREE.00834","TREE_052","TREE","D05",2017-09-26,"Live","single bole tree",NA,130,NA,14.2,29.7,NA,39,"Fraxinus nigra Marshall",6.4,136,"2017",543,"mixed hardwood","Fraxinus nigra Marshall","black ash","Oleaceae","tree","nigra",0.936,"hw3",-2.48,2.4835,"OleaceaeBelow0.55spg","hardwood","Hardwood",0.51,-2.0314,2.3524,0.07555,1.07047,NA,"Check",380.662702697937,382.196284557878,NA
"Fraxinus","FRPE","NEON.PLA.D05.TREE.00001","TREE_056","TREE","D05",2022-09-20,"Live","single bole tree","Partially shaded",130,NA,15.5,14.1,NA,41,"Fraxinus pennsylvanica Marshall",9.7,205.2,"2022",544,"mixed hardwood","Fraxinus pennsylvanica Marshall","green ash","Oleaceae","tree","pennsylvanica",0.936,"hw3",-2.48,2.4835,"OleaceaeBelow0.55spg","hardwood","Hardwood",0.51,-2.0314,2.3524,0.07555,1.07047,NA,"Check",59.8460307180024,66.2517310357447,NA
"Fraxinus","FRPE","NEON.PLA.D05.TREE.00001","TREE_056","TREE","D05",2016-09-28,"Live","single bole tree",NA,130,NA,12.4,11.2,NA,41,"Fraxinus pennsylvanica Marshall",9.7,205.2,"2016",544,"mixed hardwood","Fraxinus pennsylvanica Marshall","green ash","Oleaceae","tree","pennsylvanica",0.936,"hw3",-2.48,2.4835,"OleaceaeBelow0.55spg","hardwood","Hardwood",0.51,-2.0314,2.3524,0.07555,1.07047,NA,"Check",33.7817889358751,38.5438121448212,NA
"Fraxinus","FRPE","NEON.PLA.D05.TREE.00001","TREE_056","TREE","D05",2017-09-25,"Live","single bole tree",NA,130,NA,12,11.5,NA,41,"Fraxinus pennsylvanica Marshall",9.7,205.2,"2017",544,"mixed hardwood","Fraxinus pennsylvanica Marshall","green ash","Oleaceae","tree","pennsylvanica",0.936,"hw3",-2.48,2.4835,"OleaceaeBelow0.55spg","hardwood","Hardwood",0.51,-2.0314,2.3524,0.07555,1.07047,NA,"Check",36.0738729508933,41.0166124358424,NA
"Fraxinus","FRPE","NEON.PLA.D05.TREE.00330","TREE_051","TREE","D05",2018-10-09,"Live","small tree",NA,130,NA,12.8,9.4,NA,NA,"Fraxinus pennsylvanica Marshall",NA,NA,"2018",544,"mixed hardwood","Fraxinus pennsylvanica Marshall","green ash","Oleaceae","tree","pennsylvanica",0.936,"hw3",-2.48,2.4835,"OleaceaeBelow0.55spg","hardwood","Hardwood",0.51,-2.0314,2.3524,0.07555,1.07047,NA,"Check",18.5513824855034,21.8468817926939,NA
"Fraxinus","FRPE","NEON.PLA.D05.TREE.00001","TREE_056","TREE","D05",2018-10-09,"Live","single bole tree",NA,130,NA,12.4,12.2,NA,41,"Fraxinus pennsylvanica Marshall",9.7,205.2,"2018",544,"mixed hardwood","Fraxinus pennsylvanica Marshall","green ash","Oleaceae","tree","pennsylvanica",0.936,"hw3",-2.48,2.4835,"OleaceaeBelow0.55spg","hardwood","Hardwood",0.51,-2.0314,2.3524,0.07555,1.07047,NA,"Check",41.7757566215683,47.1332139955116,NA
"Fraxinus","FRPE","NEON.PLA.D05.TREE.00001","TREE_056","TREE","D05",2021-09-22,"Live","single bole tree","Partially shaded",130,NA,13.5,13.6,NA,41,"Fraxinus pennsylvanica Marshall",9.7,205.2,"2021",544,"mixed hardwood","Fraxinus pennsylvanica Marshall","green ash","Oleaceae","tree","pennsylvanica",0.936,"hw3",-2.48,2.4835,"OleaceaeBelow0.55spg","hardwood","Hardwood",0.51,-2.0314,2.3524,0.07555,1.07047,NA,"Check",54.7133823970619,60.8570809795934,NA
"Fraxinus","FRPE","NEON.PLA.D05.TREE.00001","TREE_056","TREE","D05",2015-07-29,"Live","single bole tree","Mostly shaded",130,NA,6.3,10.3,NA,41,"Fraxinus pennsylvanica Marshall",9.7,205.2,"2015",544,"mixed hardwood","Fraxinus pennsylvanica Marshall","green ash","Oleaceae","tree","pennsylvanica",0.936,"hw3",-2.48,2.4835,"OleaceaeBelow0.55spg","hardwood","Hardwood",0.51,-2.0314,2.3524,0.07555,1.07047,NA,"Check",27.4366404784122,31.6499098154163,NA
"Fraxinus","FRPE","NEON.PLA.D05.TREE.00600","TREE_051","TREE","D05",2017-09-26,"Live","single bole tree",NA,130,NA,10.9,10.2,NA,39,"Fraxinus pennsylvanica Marshall",8.5,41.1,"2017",544,"mixed hardwood","Fraxinus pennsylvanica Marshall","green ash","Oleaceae","tree","pennsylvanica",0.936,"hw3",-2.48,2.4835,"OleaceaeBelow0.55spg","hardwood","Hardwood",0.51,-2.0314,2.3524,0.07555,1.07047,NA,"Check",26.7798543996179,30.9318028544107,NA
"Fraxinus","FRPE","NEON.PLA.D05.TREE.00004","TREE_051","TREE","D05",2016-09-28,"Live","single bole tree",NA,130,NA,12.8,10.2,NA,39,"Fraxinus pennsylvanica Marshall",7.5,39,"2016",544,"mixed hardwood","Fraxinus pennsylvanica Marshall","green ash","Oleaceae","tree","pennsylvanica",0.936,"hw3",-2.48,2.4835,"OleaceaeBelow0.55spg","hardwood","Hardwood",0.51,-2.0314,2.3524,0.07555,1.07047,NA,"Check",26.7798543996179,30.9318028544107,NA
"Fraxinus","FRPE","NEON.PLA.D05.TREE.00004","TREE_051","TREE","D05",2015-08-03,"Live","small tree","Partially shaded",130,NA,11,9.9,NA,39,"Fraxinus pennsylvanica Marshall",7.5,39,"2015",544,"mixed hardwood","Fraxinus pennsylvanica Marshall","green ash","Oleaceae","tree","pennsylvanica",0.936,"hw3",-2.48,2.4835,"OleaceaeBelow0.55spg","hardwood","Hardwood",0.51,-2.0314,2.3524,0.07555,1.07047,NA,"Check",21.0995533041502,24.6794642585088,NA
"Fraxinus","FRPE","NEON.PLA.D05.TREE.00766","TREE_051","TREE","D05",2018-10-09,"Standing dead","small tree",NA,130,NA,3.2,1.8,NA,NA,"Fraxinus pennsylvanica Marshall",NA,NA,"2018",544,"mixed hardwood","Fraxinus pennsylvanica Marshall","green ash","Oleaceae","tree","pennsylvanica",0.936,"hw3",-2.48,2.4835,"OleaceaeBelow0.55spg","hardwood","Hardwood",0.51,-2.0314,2.3524,0.07555,1.07047,NA,"Check",0.305902144546893,0.447410875992286,NA
"Fraxinus","FRPE","NEON.PLA.D05.TREE.00736","TREE_051","TREE","D05",2015-08-03,"Live","single bole tree","Full sun",130,NA,12.5,10.6,NA,59,"Fraxinus pennsylvanica Marshall",8.5,252.2,"2015",544,"mixed hardwood","Fraxinus pennsylvanica Marshall","green ash","Oleaceae","tree","pennsylvanica",0.936,"hw3",-2.48,2.4835,"OleaceaeBelow0.55spg","hardwood","Hardwood",0.51,-2.0314,2.3524,0.07555,1.07047,NA,"Check",29.4643456923515,33.8613061924714,NA
"Fraxinus","FRPE","NEON.PLA.D05.TREE.00333","TREE_051","TREE","D05",2015-08-03,"Live","small tree","Mostly shaded",130,NA,3.4,9.1,NA,NA,"Fraxinus pennsylvanica Marshall",NA,NA,"2015",544,"mixed hardwood","Fraxinus pennsylvanica Marshall","green ash","Oleaceae","tree","pennsylvanica",0.936,"hw3",-2.48,2.4835,"OleaceaeBelow0.55spg","hardwood","Hardwood",0.51,-2.0314,2.3524,0.07555,1.07047,NA,"Check",17.1156167412662,20.2419555727583,NA
"Fraxinus","FRPE","NEON.PLA.D05.TREE.00330","TREE_051","TREE","D05",2017-09-26,"Live","small tree",NA,130,NA,10.8,9.3,NA,NA,"Fraxinus pennsylvanica Marshall",NA,NA,"2017",544,"mixed hardwood","Fraxinus pennsylvanica Marshall","green ash","Oleaceae","tree","pennsylvanica",0.936,"hw3",-2.48,2.4835,"OleaceaeBelow0.55spg","hardwood","Hardwood",0.51,-2.0314,2.3524,0.07555,1.07047,NA,"Check",18.0651119794246,21.3040799969089,NA
"Fraxinus","FRPE","NEON.PLA.D05.TREE.00766","TREE_051","TREE","D05",2015-08-03,"Live","small tree","Mostly shaded",130,NA,3.7,1.9,NA,NA,"Fraxinus pennsylvanica Marshall",NA,NA,"2015",544,"mixed hardwood","Fraxinus pennsylvanica Marshall","green ash","Oleaceae","tree","pennsylvanica",0.936,"hw3",-2.48,2.4835,"OleaceaeBelow0.55spg","hardwood","Hardwood",0.51,-2.0314,2.3524,0.07555,1.07047,NA,"Check",0.349862844831376,0.508093298613045,NA
"Fraxinus","FRPE","NEON.PLA.D05.TREE.00334","TREE_051","TREE","D05",2015-08-03,"Live","single bole tree","Full sun",130,NA,14.2,14,NA,41,"Fraxinus pennsylvanica Marshall",10.2,347.3,"2015",544,"mixed hardwood","Fraxinus pennsylvanica Marshall","green ash","Oleaceae","tree","pennsylvanica",0.936,"hw3",-2.48,2.4835,"OleaceaeBelow0.55spg","hardwood","Hardwood",0.51,-2.0314,2.3524,0.07555,1.07047,NA,"Check",58.7974730181621,65.151704256128,NA
"Fraxinus","FRPE","NEON.PLA.D05.TREE.00334","TREE_051","TREE","D05",2017-09-26,"Live","single bole tree",NA,13,NA,14.2,15,NA,41,"Fraxinus pennsylvanica Marshall",10.2,347.3,"2017",544,"mixed hardwood","Fraxinus pennsylvanica Marshall","green ash","Oleaceae","tree","pennsylvanica",0.936,"hw3",-2.48,2.4835,"OleaceaeBelow0.55spg","hardwood","Hardwood",0.51,-2.0314,2.3524,0.07555,1.07047,NA,"Check",0.27062265635465,0.240522268978321,NA
"Fraxinus","FRPE","NEON.PLA.D05.TREE.00334","TREE_051","TREE","D05",2016-09-28,"Live","single bole tree",NA,130,NA,15.3,14.7,NA,41,"Fraxinus pennsylvanica Marshall",10.2,347.3,"2016",544,"mixed hardwood","Fraxinus pennsylvanica Marshall","green ash","Oleaceae","tree","pennsylvanica",0.936,"hw3",-2.48,2.4835,"OleaceaeBelow0.55spg","hardwood","Hardwood",0.51,-2.0314,2.3524,0.07555,1.07047,NA,"Check",66.3715997789585,73.0754481982492,NA
"Fraxinus","FRNI","NEON.PLA.D05.TREE.00395","TREE_052","TREE","D05",2015-08-03,"Live","single bole tree","Full sun",130,NA,12,20.1,NA,21,"Fraxinus nigra Marshall",8.7,36.9,"2015",543,"mixed hardwood","Fraxinus nigra Marshall","black ash","Oleaceae","tree","nigra",0.936,"hw3",-2.48,2.4835,"OleaceaeBelow0.55spg","hardwood","Hardwood",0.51,-2.0314,2.3524,0.07555,1.07047,NA,"Check",144.356749185017,152.550134518084,NA
"Fraxinus","FRNI","NEON.PLA.D05.TREE.00868","TREE_052","TREE","D05",2018-08-29,"Live","single bole tree",NA,130,NA,18.8,32.7,NA,41,"Fraxinus nigra Marshall",3.7,264.6,"2018",543,"mixed hardwood","Fraxinus nigra Marshall","black ash","Oleaceae","tree","nigra",0.936,"hw3",-2.48,2.4835,"OleaceaeBelow0.55spg","hardwood","Hardwood",0.51,-2.0314,2.3524,0.07555,1.07047,NA,"Check",483.424913967742,479.287743062839,NA
"Fraxinus","FRNI","NEON.PLA.D05.TREE.00345","TREE_052","TREE","D05",2018-08-29,"Live","single bole tree",NA,130,NA,9.6,10.3,NA,23,"Fraxinus nigra Marshall",1.5,352.4,"2018",543,"mixed hardwood","Fraxinus nigra Marshall","black ash","Oleaceae","tree","nigra",0.936,"hw3",-2.48,2.4835,"OleaceaeBelow0.55spg","hardwood","Hardwood",0.51,-2.0314,2.3524,0.07555,1.07047,NA,"Check",27.4366404784122,31.6499098154163,NA
"Fraxinus","FRNI","NEON.PLA.D05.TREE.00395","TREE_052","TREE","D05",2017-09-26,"Live","single bole tree",NA,130,NA,12.9,19.9,NA,21,"Fraxinus nigra Marshall",8.7,36.9,"2017",543,"mixed hardwood","Fraxinus nigra Marshall","black ash","Oleaceae","tree","nigra",0.936,"hw3",-2.48,2.4835,"OleaceaeBelow0.55spg","hardwood","Hardwood",0.51,-2.0314,2.3524,0.07555,1.07047,NA,"Check",140.815771895319,149.003395894307,NA
"Fraxinus","FRNI","NEON.PLA.D05.TREE.00462","TREE_052","TREE","D05",2018-08-29,"Live","single bole tree",NA,130,NA,8.1,24.4,NA,41,"Fraxinus nigra Marshall",10.6,245.1,"2018",543,"mixed hardwood","Fraxinus nigra Marshall","black ash","Oleaceae","tree","nigra",0.936,"hw3",-2.48,2.4835,"OleaceaeBelow0.55spg","hardwood","Hardwood",0.51,-2.0314,2.3524,0.07555,1.07047,NA,"Check",233.631995605681,240.69663398604,NA
"Fraxinus","FRNI","NEON.PLA.D05.TREE.03424","TREE_051","TREE","D05",2018-10-09,"Live","small tree",NA,130,NA,10.7,7.8,NA,57,"Fraxinus nigra Marshall",10.2,124.9,"2018",543,"mixed hardwood","Fraxinus nigra Marshall","black ash","Oleaceae","tree","nigra",0.936,"hw3",-2.48,2.4835,"OleaceaeBelow0.55spg","hardwood","Hardwood",0.51,-2.0314,2.3524,0.07555,1.07047,NA,"Check",11.671594777282,14.0853239362647,NA
"Fraxinus","FRNI","NEON.PLA.D05.TREE.00868","TREE_052","TREE","D05",2016-09-29,"Live","single bole tree",NA,130,NA,20.7,31.4,NA,41,"Fraxinus nigra Marshall",3.7,264.6,"2016",543,"mixed hardwood","Fraxinus nigra Marshall","black ash","Oleaceae","tree","nigra",0.936,"hw3",-2.48,2.4835,"OleaceaeBelow0.55spg","hardwood","Hardwood",0.51,-2.0314,2.3524,0.07555,1.07047,NA,"Check",437.093618466646,435.663818433376,NA
"Fraxinus","FRNI","NEON.PLA.D05.TREE.00437","TREE_052","TREE","D05",2015-08-03,"Live","single bole tree","Mostly shaded",130,NA,7.8,10.7,NA,23,"Fraxinus nigra Marshall",8.1,323.1,"2015",543,"mixed hardwood","Fraxinus nigra Marshall","black ash","Oleaceae","tree","nigra",0.936,"hw3",-2.48,2.4835,"OleaceaeBelow0.55spg","hardwood","Hardwood",0.51,-2.0314,2.3524,0.07555,1.07047,NA,"Check",30.1595110740406,34.6175707195489,NA
"Fraxinus","FRNI","NEON.PLA.D05.TREE.00463","TREE_052","TREE","D05",2017-09-26,"Live","single bole tree",NA,130,NA,15.5,24.1,NA,41,"Fraxinus nigra Marshall",8.2,186.4,"2017",543,"mixed hardwood","Fraxinus nigra Marshall","black ash","Oleaceae","tree","nigra",0.936,"hw3",-2.48,2.4835,"OleaceaeBelow0.55spg","hardwood","Hardwood",0.51,-2.0314,2.3524,0.07555,1.07047,NA,"Check",226.563012218592,233.792772078642,NA
"Fraxinus","FRNI","NEON.PLA.D05.TREE.00802","TREE_052","TREE","D05",2016-09-29,"Live,  other damage","multi-bole tree",NA,130,NA,13.2,18.7,NA,21,"Fraxinus nigra Marshall",5.2,34,"2016",543,"mixed hardwood","Fraxinus nigra Marshall","black ash","Oleaceae","tree","nigra",0.936,"hw3",-2.48,2.4835,"OleaceaeBelow0.55spg","hardwood","Hardwood",0.51,-2.0314,2.3524,0.07555,1.07047,NA,"Check",120.661387416388,128.722475933113,NA
"Fraxinus","FRNI","NEON.PLA.D05.TREE.00438","TREE_052","TREE","D05",2016-09-29,"Live","single bole tree",NA,130,NA,13.9,27.6,NA,41,"Fraxinus nigra Marshall",8.3,262.6,"2016",543,"mixed hardwood","Fraxinus nigra Marshall","black ash","Oleaceae","tree","nigra",0.936,"hw3",-2.48,2.4835,"OleaceaeBelow0.55spg","hardwood","Hardwood",0.51,-2.0314,2.3524,0.07555,1.07047,NA,"Check",317.283428795698,321.639008087533,NA
"Fraxinus","FRNI","NEON.PLA.D05.TREE.00433","TREE_052","TREE","D05",2018-08-29,"Live","single bole tree",NA,130,NA,16.8,24.5,NA,23,"Fraxinus nigra Marshall",10,302.1,"2018",543,"mixed hardwood","Fraxinus nigra Marshall","black ash","Oleaceae","tree","nigra",0.936,"hw3",-2.48,2.4835,"OleaceaeBelow0.55spg","hardwood","Hardwood",0.51,-2.0314,2.3524,0.07555,1.07047,NA,"Check",236.017200875929,243.02362035563,NA
"Fraxinus","FRNI","NEON.PLA.D05.TREE.00462","TREE_052","TREE","D05",2015-08-03,"Live, disease damaged","single bole tree","Partially shaded",150,NA,12.9,28.9,NA,41,"Fraxinus nigra Marshall",10.6,245.1,"2015",543,"mixed hardwood","Fraxinus nigra Marshall","black ash","Oleaceae","tree","nigra",0.936,"hw3",-2.48,2.4835,"OleaceaeBelow0.55spg","hardwood","Hardwood",0.51,-2.0314,2.3524,0.07555,1.07047,NA,"Check",355.704596570811,358.418381823822,NA
"Fraxinus","FRNI","NEON.PLA.D05.TREE.00395","TREE_052","TREE","D05",2018-08-29,"Live","single bole tree",NA,130,NA,12.7,20,NA,21,"Fraxinus nigra Marshall",8.7,36.9,"2018",543,"mixed hardwood","Fraxinus nigra Marshall","black ash","Oleaceae","tree","nigra",0.936,"hw3",-2.48,2.4835,"OleaceaeBelow0.55spg","hardwood","Hardwood",0.51,-2.0314,2.3524,0.07555,1.07047,NA,"Check",142.579694263447,150.770769459309,NA
"Fraxinus","FRNI","NEON.PLA.D05.TREE.00802A","TREE_052","TREE","D05",2017-09-26,"Live","single bole tree",NA,130,NA,NA,9.2,NA,21,"Fraxinus nigra Marshall",5.2,34,"2017",543,"mixed hardwood","Fraxinus nigra Marshall","black ash","Oleaceae","tree","nigra",0.936,"hw3",-2.48,2.4835,"OleaceaeBelow0.55spg","hardwood","Hardwood",0.51,-2.0314,2.3524,0.07555,1.07047,NA,"Check",17.5865367711389,20.769114522976,NA
"Fraxinus","FRNI","NEON.PLA.D05.TREE.00802","TREE_052","TREE","D05",2017-09-26,"Live","single bole tree",NA,130,NA,13.6,18.7,NA,21,"Fraxinus nigra Marshall",5.2,34,"2017",543,"mixed hardwood","Fraxinus nigra Marshall","black ash","Oleaceae","tree","nigra",0.936,"hw3",-2.48,2.4835,"OleaceaeBelow0.55spg","hardwood","Hardwood",0.51,-2.0314,2.3524,0.07555,1.07047,NA,"Check",120.661387416388,128.722475933113,NA
"Fraxinus","FRNI","NEON.PLA.D05.TREE.00868","TREE_052","TREE","D05",2017-09-26,"Live","single bole tree",NA,130,NA,18.4,32,NA,41,"Fraxinus nigra Marshall",3.7,264.6,"2017",543,"mixed hardwood","Fraxinus nigra Marshall","black ash","Oleaceae","tree","nigra",0.936,"hw3",-2.48,2.4835,"OleaceaeBelow0.55spg","hardwood","Hardwood",0.51,-2.0314,2.3524,0.07555,1.07047,NA,"Check",458.130974887897,455.500647286942,NA
"Fraxinus","FRNI","NEON.PLA.D05.TREE.00433","TREE_052","TREE","D05",2016-09-29,"Live","single bole tree",NA,130,NA,14.4,24.1,NA,23,"Fraxinus nigra Marshall",10,302.1,"2016",543,"mixed hardwood","Fraxinus nigra Marshall","black ash","Oleaceae","tree","nigra",0.936,"hw3",-2.48,2.4835,"OleaceaeBelow0.55spg","hardwood","Hardwood",0.51,-2.0314,2.3524,0.07555,1.07047,NA,"Check",226.563012218592,233.792772078642,NA
"Fraxinus","FRPE","NEON.PLA.D05.TREE.00884","TREE_052","TREE","D05",2017-09-26,"Live","single bole tree",NA,130,NA,11.9,15.5,NA,41,"Fraxinus pennsylvanica Marshall",5.6,157.6,"2017",544,"mixed hardwood","Fraxinus pennsylvanica Marshall","green ash","Oleaceae","tree","pennsylvanica",0.936,"hw3",-2.48,2.4835,"OleaceaeBelow0.55spg","hardwood","Hardwood",0.51,-2.0314,2.3524,0.07555,1.07047,NA,"Check",75.7074219142073,82.7771512548749,NA
"Fraxinus","FRNI","NEON.PLA.D05.TREE.00438","TREE_052","TREE","D05",2015-08-03,"Live","single bole tree","Partially shaded",130,NA,13.4,27.7,NA,41,"Fraxinus nigra Marshall",8.3,262.6,"2015",543,"mixed hardwood","Fraxinus nigra Marshall","black ash","Oleaceae","tree","nigra",0.936,"hw3",-2.48,2.4835,"OleaceaeBelow0.55spg","hardwood","Hardwood",0.51,-2.0314,2.3524,0.07555,1.07047,NA,"Check",320.146082092537,324.387117214138,NA
"Fraxinus","FRNI","NEON.PLA.D05.TREE.00205","TREE_052","TREE","D05",2018-08-29,"Live","single bole tree",NA,130,NA,15.5,26.1,NA,41,"Fraxinus nigra Marshall",8.4,234.2,"2018",543,"mixed hardwood","Fraxinus nigra Marshall","black ash","Oleaceae","tree","nigra",0.936,"hw3",-2.48,2.4835,"OleaceaeBelow0.55spg","hardwood","Hardwood",0.51,-2.0314,2.3524,0.07555,1.07047,NA,"Check",276.169926815925,282.019617304091,NA
"Fraxinus","FRNI","NEON.PLA.D05.TREE.00345","TREE_052","TREE","D05",2018-08-29,"Live","single bole tree",NA,130,NA,11.3,10.3,NA,23,"Fraxinus nigra Marshall",1.5,352.4,"2018",543,"mixed hardwood","Fraxinus nigra Marshall","black ash","Oleaceae","tree","nigra",0.936,"hw3",-2.48,2.4835,"OleaceaeBelow0.55spg","hardwood","Hardwood",0.51,-2.0314,2.3524,0.07555,1.07047,NA,"Check",27.4366404784122,31.6499098154163,NA
"Fraxinus","FRNI","NEON.PLA.D05.TREE.03895","TREE_052","TREE","D05",2018-08-29,"Live","single bole tree",NA,130,NA,8,10.3,NA,41,"Fraxinus nigra Marshall",2.4,145,"2018",543,"mixed hardwood","Fraxinus nigra Marshall","black ash","Oleaceae","tree","nigra",0.936,"hw3",-2.48,2.4835,"OleaceaeBelow0.55spg","hardwood","Hardwood",0.51,-2.0314,2.3524,0.07555,1.07047,NA,"Check",27.4366404784122,31.6499098154163,NA
"Fraxinus","FRNI","NEON.PLA.D05.TREE.00438","TREE_052","TREE","D05",2018-08-29,"Live","single bole tree",NA,130,NA,14.3,27.7,NA,41,"Fraxinus nigra Marshall",8.3,262.6,"2018",543,"mixed hardwood","Fraxinus nigra Marshall","black ash","Oleaceae","tree","nigra",0.936,"hw3",-2.48,2.4835,"OleaceaeBelow0.55spg","hardwood","Hardwood",0.51,-2.0314,2.3524,0.07555,1.07047,NA,"Check",320.146082092537,324.387117214138,NA
"Fraxinus","FRNI","NEON.PLA.D05.TREE.00813","TREE_052","TREE","D05",2016-09-29,"Live","single bole tree",NA,130,NA,11,15.8,NA,39,"Fraxinus nigra Marshall",5.6,164.4,"2016",543,"mixed hardwood","Fraxinus nigra Marshall","black ash","Oleaceae","tree","nigra",0.936,"hw3",-2.48,2.4835,"OleaceaeBelow0.55spg","hardwood","Hardwood",0.51,-2.0314,2.3524,0.07555,1.07047,NA,"Check",79.3989136422341,86.5954594528511,NA
"Fraxinus","FRNI","NEON.PLA.D05.TREE.00437","TREE_052","TREE","D05",2017-09-26,"Live","single bole tree",NA,130,NA,9.1,11.2,NA,23,"Fraxinus nigra Marshall",8.1,323.1,"2017",543,"mixed hardwood","Fraxinus nigra Marshall","black ash","Oleaceae","tree","nigra",0.936,"hw3",-2.48,2.4835,"OleaceaeBelow0.55spg","hardwood","Hardwood",0.51,-2.0314,2.3524,0.07555,1.07047,NA,"Check",33.7817889358751,38.5438121448212,NA
"Fraxinus","FRPE","NEON.PLA.D05.TREE.00494","TREE_051","TREE","D05",2016-09-28,"Live","small tree",NA,130,NA,9.8,4.5,NA,NA,"Fraxinus pennsylvanica Marshall",NA,NA,"2016",544,"mixed hardwood","Fraxinus pennsylvanica Marshall","green ash","Oleaceae","tree","pennsylvanica",0.936,"hw3",-2.48,2.4835,"OleaceaeBelow0.55spg","hardwood","Hardwood",0.51,-2.0314,2.3524,0.07555,1.07047,NA,"Check",2.97760121625454,3.86207420038609,NA
"Fraxinus","FRPE","NEON.PLA.D05.TREE.00337","TREE_051","TREE","D05",2015-08-03,"Live","single bole tree","Partially shaded",130,NA,14.1,13.1,NA,39,"Fraxinus pennsylvanica Marshall",4.2,41.8,"2015",544,"mixed hardwood","Fraxinus pennsylvanica Marshall","green ash","Oleaceae","tree","pennsylvanica",0.936,"hw3",-2.48,2.4835,"OleaceaeBelow0.55spg","hardwood","Hardwood",0.51,-2.0314,2.3524,0.07555,1.07047,NA,"Check",49.8531893710008,55.7241157107396,NA
"Fraxinus","FRPE","NEON.PLA.D05.TREE.00792","TREE_051","TREE","D05",2016-09-28,"Live","small tree",NA,130,NA,9.8,8.7,NA,NA,"Fraxinus pennsylvanica Marshall",NA,NA,"2016",544,"mixed hardwood","Fraxinus pennsylvanica Marshall","green ash","Oleaceae","tree","pennsylvanica",0.936,"hw3",-2.48,2.4835,"OleaceaeBelow0.55spg","hardwood","Hardwood",0.51,-2.0314,2.3524,0.07555,1.07047,NA,"Check",15.3076780324332,18.2107815974873,NA
"Fraxinus","FRPE","NEON.PLA.D05.TREE.00469","TREE_051","TREE","D05",2018-10-09,"Live","small tree",NA,130,NA,2.7,1.7,NA,NA,"Fraxinus pennsylvanica Marshall",NA,NA,"2018",544,"mixed hardwood","Fraxinus pennsylvanica Marshall","green ash","Oleaceae","tree","pennsylvanica",0.936,"hw3",-2.48,2.4835,"OleaceaeBelow0.55spg","hardwood","Hardwood",0.51,-2.0314,2.3524,0.07555,1.07047,NA,"Check",0.265419698473999,0.391121363876423,NA
"Fraxinus","FRPE","NEON.PLA.D05.TREE.00724","TREE_052","TREE","D05",2017-09-26,"Live","single bole tree",NA,130,NA,12.5,11.8,NA,41,"Fraxinus pennsylvanica Marshall",7,98.5,"2017",544,"mixed hardwood","Fraxinus pennsylvanica Marshall","green ash","Oleaceae","tree","pennsylvanica",0.936,"hw3",-2.48,2.4835,"OleaceaeBelow0.55spg","hardwood","Hardwood",0.51,-2.0314,2.3524,0.07555,1.07047,NA,"Check",38.4564020910432,43.5782136190843,NA
"Fraxinus","FRNI","NEON.PLA.D05.TREE.00438","TREE_052","TREE","D05",2017-09-26,"Live","single bole tree",NA,130,NA,14.8,27.5,NA,41,"Fraxinus nigra Marshall",8.3,262.6,"2017",543,"mixed hardwood","Fraxinus nigra Marshall","black ash","Oleaceae","tree","nigra",0.936,"hw3",-2.48,2.4835,"OleaceaeBelow0.55spg","hardwood","Hardwood",0.51,-2.0314,2.3524,0.07555,1.07047,NA,"Check",314.436120991045,318.90433176791,NA
"Larix","LALA","NEON.PLA.D05.TREE.00948A","TREE_048","TREE","D05",2021-09-23,"Live","multi-bole tree",NA,130,NA,NA,8.9,NA,41,"Larix laricina (Du Roi) K. Koch",9.3,296.4,"2021",71,"spruce","Larix laricina (Du Roi) K. Koch","tamarack","Pinaceae","tree","laricina",0.631,"sw5",-2.0773,2.3323,"Larix","conifer","Conifer",0.49,-2.3012,2.3853,NA,NA,NA,"Check",7.00988446020157,6.14032773252214,NA
"Larix","LALA","NEON.PLA.D05.TREE.02547","TREE_009","TREE","D05",2019-10-16,"Live","single bole tree","Full sun",140,NA,17.2,19.3,NA,41,"Larix laricina (Du Roi) K. Koch",8.8,340.6,"2019",71,"spruce","Larix laricina (Du Roi) K. Koch","tamarack","Pinaceae","tree","laricina",0.631,"sw5",-2.0773,2.3323,"Larix","conifer","Conifer",0.49,-2.3012,2.3853,NA,NA,NA,"Check",124.780115859558,116.692081704935,NA
"Larix","LALA","NEON.PLA.D05.TREE.02621","TREE_012","TREE","D05",2017-10-30,"Live","single bole tree","Partially shaded",130,NA,18,24.7,NA,41,"Larix laricina (Du Roi) K. Koch",6.1,133.8,"2017",71,"spruce","Larix laricina (Du Roi) K. Koch","tamarack","Pinaceae","tree","laricina",0.631,"sw5",-2.0773,2.3323,"Larix","conifer","Conifer",0.49,-2.3012,2.3853,NA,NA,NA,"Check",221.833523213955,210.184933109139,NA
"Larix","LALA","NEON.PLA.D05.TREE.01196","TREE_048","TREE","D05",2018-10-16,"Live","single bole tree",NA,130,NA,12.5,11.4,NA,39,"Larix laricina (Du Roi) K. Koch",8.4,55.6,"2018",71,"spruce","Larix laricina (Du Roi) K. Koch","tamarack","Pinaceae","tree","laricina",0.631,"sw5",-2.0773,2.3323,"Larix","conifer","Conifer",0.49,-2.3012,2.3853,NA,NA,NA,"Check",36.547633193836,33.238137503609,NA
"Larix","LALA","NEON.PLA.D05.TREE.01049","TREE_048","TREE","D05",2017-10-18,"Live","single bole tree",NA,130,NA,12.6,11.6,NA,59,"Larix laricina (Du Roi) K. Koch",5.7,117.7,"2017",71,"spruce","Larix laricina (Du Roi) K. Koch","tamarack","Pinaceae","tree","laricina",0.631,"sw5",-2.0773,2.3323,"Larix","conifer","Conifer",0.49,-2.3012,2.3853,NA,NA,NA,"Check",38.0605834056345,34.646006294159,NA
"Larix","LALA","NEON.PLA.D05.TREE.00948","TREE_048","TREE","D05",2015-08-05,"Live","single bole tree","Partially shaded",130,NA,9.1,17.1,NA,41,"Larix laricina (Du Roi) K. Koch",9.3,296.4,"2015",71,"spruce","Larix laricina (Du Roi) K. Koch","tamarack","Pinaceae","tree","laricina",0.631,"sw5",-2.0773,2.3323,"Larix","conifer","Conifer",0.49,-2.3012,2.3853,NA,NA,NA,"Check",94.092910194365,87.4313451920926,NA
"Larix","LALA","NEON.PLA.D05.TREE.01282","TREE_048","TREE","D05",2015-08-05,"Live","single bole tree","Full sun",130,NA,18,24.6,NA,61,"Larix laricina (Du Roi) K. Koch",6.8,251.2,"2015",71,"spruce","Larix laricina (Du Roi) K. Koch","tamarack","Pinaceae","tree","laricina",0.631,"sw5",-2.0773,2.3323,"Larix","conifer","Conifer",0.49,-2.3012,2.3853,NA,NA,NA,"Check",219.744504626584,208.160848373748,NA
"Larix","LALA","NEON.PLA.D05.TREE.01011","TREE_048","TREE","D05",2021-09-23,"Live","single bole tree","Partially shaded",130,NA,15.1,17,NA,59,"Larix laricina (Du Roi) K. Koch",6.2,121.5,"2021",71,"spruce","Larix laricina (Du Roi) K. Koch","tamarack","Pinaceae","tree","laricina",0.631,"sw5",-2.0773,2.3323,"Larix","conifer","Conifer",0.49,-2.3012,2.3853,NA,NA,NA,"Check",92.8145561301351,86.2166909621714,NA
"Larix","LALA","NEON.PLA.D05.TREE.02549","TREE_009","TREE","D05",2019-10-16,"Live","single bole tree","Mostly shaded",130,NA,12.3,13.3,NA,41,"Larix laricina (Du Roi) K. Koch",6.3,337.8,"2019",71,"spruce","Larix laricina (Du Roi) K. Koch","tamarack","Pinaceae","tree","laricina",0.631,"sw5",-2.0773,2.3323,"Larix","conifer","Conifer",0.49,-2.3012,2.3853,NA,NA,NA,"Check",52.3599538352495,48.0092429211947,NA
"Larix","LALA","NEON.PLA.D05.TREE.00944","TREE_048","TREE","D05",2018-10-16,"Live","single bole tree",NA,130,NA,17.6,20,NA,59,"Larix laricina (Du Roi) K. Koch",3.2,187.1,"2018",71,"spruce","Larix laricina (Du Roi) K. Koch","tamarack","Pinaceae","tree","laricina",0.631,"sw5",-2.0773,2.3323,"Larix","conifer","Conifer",0.49,-2.3012,2.3853,NA,NA,NA,"Check",135.591458296699,127.04231146422,NA
"Larix","LALA","NEON.PLA.D05.TREE.01011","TREE_048","TREE","D05",2017-10-18,"Live","single bole tree",NA,130,NA,15.5,10.2,NA,59,"Larix laricina (Du Roi) K. Koch",6.2,121.5,"2017",71,"spruce","Larix laricina (Du Roi) K. Koch","tamarack","Pinaceae","tree","laricina",0.631,"sw5",-2.0773,2.3323,"Larix","conifer","Conifer",0.49,-2.3012,2.3853,NA,NA,NA,"Check",28.1966980322354,25.4926819648916,NA
"Larix","LALA","NEON.PLA.D05.TREE.01049","TREE_048","TREE","D05",2021-09-23,"Live","single bole tree","Mostly shaded",130,NA,12.9,11.8,NA,59,"Larix laricina (Du Roi) K. Koch",5.7,117.7,"2021",71,"spruce","Larix laricina (Du Roi) K. Koch","tamarack","Pinaceae","tree","laricina",0.631,"sw5",-2.0773,2.3323,"Larix","conifer","Conifer",0.49,-2.3012,2.3853,NA,NA,NA,"Check",39.6086899453712,36.0879066156781,NA
"Larix","LALA","NEON.PLA.D05.TREE.02658","TREE_012","TREE","D05",2017-10-30,"Live","single bole tree","Mostly shaded",130,NA,13.9,14.5,NA,41,"Larix laricina (Du Roi) K. Koch",1.9,42,"2017",71,"spruce","Larix laricina (Du Roi) K. Koch","tamarack","Pinaceae","tree","laricina",0.631,"sw5",-2.0773,2.3323,"Larix","conifer","Conifer",0.49,-2.3012,2.3853,NA,NA,NA,"Check",64.0469811842236,58.9946506872273,NA
"Larix","LALA","NEON.PLA.D05.TREE.00948","TREE_048","TREE","D05",2018-10-16,"Live","multi-bole tree",NA,130,NA,8.9,17.3,NA,41,"Larix laricina (Du Roi) K. Koch",9.3,296.4,"2018",71,"spruce","Larix laricina (Du Roi) K. Koch","tamarack","Pinaceae","tree","laricina",0.631,"sw5",-2.0773,2.3323,"Larix","conifer","Conifer",0.49,-2.3012,2.3853,NA,NA,NA,"Check",96.6796343203744,89.8903161842756,NA
"Larix","LALA","NEON.PLA.D05.TREE.02621","TREE_012","TREE","D05",2019-10-17,"Live","single bole tree","Partially shaded",120,NA,17.8,25.2,NA,41,"Larix laricina (Du Roi) K. Koch",6.1,133.8,"2019",71,"spruce","Larix laricina (Du Roi) K. Koch","tamarack","Pinaceae","tree","laricina",0.631,"sw5",-2.0773,2.3323,"Larix","conifer","Conifer",0.49,-2.3012,2.3853,NA,NA,NA,"Check",232.448396164756,220.476470649892,NA
"Larix","LALA","NEON.PLA.D05.TREE.02620","TREE_012","TREE","D05",2017-10-30,"Live","single bole tree","Partially shaded",130,NA,20.1,30.2,NA,41,"Larix laricina (Du Roi) K. Koch",3.6,107.7,"2017",71,"spruce","Larix laricina (Du Roi) K. Koch","tamarack","Pinaceae","tree","laricina",0.631,"sw5",-2.0773,2.3323,"Larix","conifer","Conifer",0.49,-2.3012,2.3853,NA,NA,NA,"Check",354.535938997214,339.517449127905,NA
"Larix","LALA","NEON.PLA.D05.TREE.02847","TREE_011","TREE","D05",2020-06-09,"Live","small tree",NA,130,NA,2.6,1.2,NA,NA,"Larix laricina (Du Roi) K. Koch",NA,NA,"2020",71,"spruce","Larix laricina (Du Roi) K. Koch","tamarack","Pinaceae","tree","laricina",0.631,"sw5",-2.0773,2.3323,"Larix","conifer","Conifer",0.49,-2.3012,2.3853,NA,NA,NA,"Check",0.0654821555994016,0.0515801493198298,NA
"Larix","LALA","NEON.PLA.D05.TREE.02659","TREE_012","TREE","D05",2019-10-17,"Live","single bole tree","Mostly shaded",130,NA,16.1,22.8,NA,41,"Larix laricina (Du Roi) K. Koch",4.6,32.6,"2019",71,"spruce","Larix laricina (Du Roi) K. Koch","tamarack","Pinaceae","tree","laricina",0.631,"sw5",-2.0773,2.3323,"Larix","conifer","Conifer",0.49,-2.3012,2.3853,NA,NA,NA,"Check",184.056651355047,173.653495129748,NA
"Larix","LALA","NEON.PLA.D05.TREE.01239","TREE_048","TREE","D05",2017-10-18,"Live","single bole tree",NA,130,NA,15.6,14.3,NA,59,"Larix laricina (Du Roi) K. Koch",5.8,171.7,"2017",71,"spruce","Larix laricina (Du Roi) K. Koch","tamarack","Pinaceae","tree","laricina",0.631,"sw5",-2.0773,2.3323,"Larix","conifer","Conifer",0.49,-2.3012,2.3853,NA,NA,NA,"Check",62.0055141358375,57.072196648976,NA
"Larix","LALA","NEON.PLA.D05.TREE.01324","TREE_040","TREE","D05",2018-10-18,"Live, physically damaged","single bole tree",NA,130,NA,10.1,25.9,NA,43,"Larix laricina (Du Roi) K. Koch",9.6,247.4,"2018",71,"spruce","Larix laricina (Du Roi) K. Koch","tamarack","Pinaceae","tree","laricina",0.631,"sw5",-2.0773,2.3323,"Larix","conifer","Conifer",0.49,-2.3012,2.3853,NA,NA,NA,"Check",247.787339407856,235.36694237511,NA
"Larix","LALA","NEON.PLA.D05.TREE.02571","TREE_009","TREE","D05",2019-10-16,"Live","single bole tree","Full sun",130,NA,19.3,32.3,NA,33,"Larix laricina (Du Roi) K. Koch",11.4,336.2,"2019",71,"spruce","Larix laricina (Du Roi) K. Koch","tamarack","Pinaceae","tree","laricina",0.631,"sw5",-2.0773,2.3323,"Larix","conifer","Conifer",0.49,-2.3012,2.3853,NA,NA,NA,"Check",414.718219751175,398.56789664804,NA
"Larix","LALA","NEON.PLA.D05.TREE.01011","TREE_048","TREE","D05",2016-10-19,"Live","single bole tree",NA,130,NA,15.4,16.1,NA,59,"Larix laricina (Du Roi) K. Koch",6.2,121.5,"2016",71,"spruce","Larix laricina (Du Roi) K. Koch","tamarack","Pinaceae","tree","laricina",0.631,"sw5",-2.0773,2.3323,"Larix","conifer","Conifer",0.49,-2.3012,2.3853,NA,NA,NA,"Check",81.7560806510027,75.7257006537595,NA
"Larix","LALA","NEON.PLA.D05.TREE.02591","TREE_009","TREE","D05",2017-10-26,"Live","single bole tree","Partially shaded",130,NA,20.5,18.6,NA,41,"Larix laricina (Du Roi) K. Koch",8.9,259,"2017",71,"spruce","Larix laricina (Du Roi) K. Koch","tamarack","Pinaceae","tree","laricina",0.631,"sw5",-2.0773,2.3323,"Larix","conifer","Conifer",0.49,-2.3012,2.3853,NA,NA,NA,"Check",114.478811642303,106.849074332995,NA
"Larix","LALA","NEON.PLA.D05.TREE.01282","TREE_048","TREE","D05",2017-10-18,"Live","single bole tree",NA,130,NA,17.8,25,NA,61,"Larix laricina (Du Roi) K. Koch",6.8,251.2,"2017",71,"spruce","Larix laricina (Du Roi) K. Koch","tamarack","Pinaceae","tree","laricina",0.631,"sw5",-2.0773,2.3323,"Larix","conifer","Conifer",0.49,-2.3012,2.3853,NA,NA,NA,"Check",228.168430465638,216.325562135372,NA
"Larix","LALA","NEON.PLA.D05.TREE.01430","TREE_040","TREE","D05",2018-10-18,"Live","single bole tree",NA,130,NA,13.4,37,NA,59,"Larix laricina (Du Roi) K. Koch",8,145.8,"2018",71,"spruce","Larix laricina (Du Roi) K. Koch","tamarack","Pinaceae","tree","laricina",0.631,"sw5",-2.0773,2.3323,"Larix","conifer","Conifer",0.49,-2.3012,2.3853,NA,NA,NA,"Check",569.320672627895,551.103425725996,NA
"Larix","LALA","NEON.PLA.D05.TREE.01430","TREE_040","TREE","D05",2020-09-29,"Live,  other damage","single bole tree","Partially shaded",200,NA,13.4,35.1,NA,59,"Larix laricina (Du Roi) K. Koch",8,145.8,"2020",71,"spruce","Larix laricina (Du Roi) K. Koch","tamarack","Pinaceae","tree","laricina",0.631,"sw5",-2.0773,2.3323,"Larix","conifer","Conifer",0.49,-2.3012,2.3853,NA,NA,NA,"Check",503.454075060513,485.984707090989,NA
"Larix","LALA","NEON.PLA.D05.TREE.02548","TREE_009","TREE","D05",2017-10-26,"Live","single bole tree","Full sun",130,NA,20.7,26.7,NA,41,"Larix laricina (Du Roi) K. Koch",7.1,330.1,"2017",71,"spruce","Larix laricina (Du Roi) K. Koch","tamarack","Pinaceae","tree","laricina",0.631,"sw5",-2.0773,2.3323,"Larix","conifer","Conifer",0.49,-2.3012,2.3853,NA,NA,NA,"Check",266.006523680836,253.080596835404,NA
"Larix","LALA","NEON.PLA.D05.TREE.01263A","TREE_048","TREE","D05",2016-10-19,"Live","multi-bole tree",NA,130,NA,NA,4.7,NA,59,"Larix laricina (Du Roi) K. Koch",7.8,138.5,"2016",71,"spruce","Larix laricina (Du Roi) K. Koch","tamarack","Pinaceae","tree","laricina",0.631,"sw5",-2.0773,2.3323,"Larix","conifer","Conifer",0.49,-2.3012,2.3853,NA,NA,NA,"Check",1.58118389188028,1.33895687457714,NA
"Larix","LALA","NEON.PLA.D05.TREE.01492","TREE_040","TREE","D05",2015-08-10,"Live","single bole tree","Open grown",130,NA,14.1,44.1,NA,43,"Larix laricina (Du Roi) K. Koch",6.9,291.3,"2015",71,"spruce","Larix laricina (Du Roi) K. Koch","tamarack","Pinaceae","tree","laricina",0.631,"sw5",-2.0773,2.3323,"Larix","conifer","Conifer",0.49,-2.3012,2.3853,NA,NA,NA,"Check",857.361929242151,837.685321886285,NA
"Larix","LALA","NEON.PLA.D05.TREE.01324","TREE_040","TREE","D05",2017-10-19,"Live","single bole tree",NA,130,NA,10.2,26.2,NA,43,"Larix laricina (Du Roi) K. Koch",9.6,247.4,"2017",71,"spruce","Larix laricina (Du Roi) K. Koch","tamarack","Pinaceae","tree","laricina",0.631,"sw5",-2.0773,2.3323,"Larix","conifer","Conifer",0.49,-2.3012,2.3853,NA,NA,NA,"Check",254.533045850443,241.922136044847,NA
"Larix","LALA","NEON.PLA.D05.TREE.00978","TREE_048","TREE","D05",2021-09-23,"Live","single bole tree","Full sun",130,NA,16.2,18.8,NA,59,"Larix laricina (Du Roi) K. Koch",5.4,215.8,"2021",71,"spruce","Larix laricina (Du Roi) K. Koch","tamarack","Pinaceae","tree","laricina",0.631,"sw5",-2.0773,2.3323,"Larix","conifer","Conifer",0.49,-2.3012,2.3853,NA,NA,NA,"Check",117.370356735653,109.610019772763,NA
"Larix","LALA","NEON.PLA.D05.TREE.02549","TREE_009","TREE","D05",2017-10-26,"Live","single bole tree","Mostly shaded",130,NA,15.5,13.5,NA,41,"Larix laricina (Du Roi) K. Koch",6.3,337.8,"2017",71,"spruce","Larix laricina (Du Roi) K. Koch","tamarack","Pinaceae","tree","laricina",0.631,"sw5",-2.0773,2.3323,"Larix","conifer","Conifer",0.49,-2.3012,2.3853,NA,NA,NA,"Check",54.2147576832264,49.7492658489398,NA
"Larix","LALA","NEON.PLA.D05.TREE.01048","TREE_048","TREE","D05",2017-10-18,"Live","single bole tree",NA,130,NA,19.3,25.2,NA,59,"Larix laricina (Du Roi) K. Koch",7.3,105.6,"2017",71,"spruce","Larix laricina (Du Roi) K. Koch","tamarack","Pinaceae","tree","laricina",0.631,"sw5",-2.0773,2.3323,"Larix","conifer","Conifer",0.49,-2.3012,2.3853,NA,NA,NA,"Check",232.448396164756,220.476470649892,NA
"Larix","LALA","NEON.PLA.D05.TREE.00944","TREE_048","TREE","D05",2017-10-18,"Live","single bole tree",NA,130,NA,17.6,19.8,NA,59,"Larix laricina (Du Roi) K. Koch",3.2,187.1,"2017",71,"spruce","Larix laricina (Du Roi) K. Koch","tamarack","Pinaceae","tree","laricina",0.631,"sw5",-2.0773,2.3323,"Larix","conifer","Conifer",0.49,-2.3012,2.3853,NA,NA,NA,"Check",132.450101666113,124.032933861372,NA
"Larix","LALA","NEON.PLA.D05.TREE.02548","TREE_009","TREE","D05",2019-10-16,"Live","single bole tree","Partially shaded",130,NA,19.2,27.1,NA,41,"Larix laricina (Du Roi) K. Koch",7.1,330.1,"2019",71,"spruce","Larix laricina (Du Roi) K. Koch","tamarack","Pinaceae","tree","laricina",0.631,"sw5",-2.0773,2.3323,"Larix","conifer","Conifer",0.49,-2.3012,2.3853,NA,NA,NA,"Check",275.393921232608,262.218414899155,NA
"Larix","LALA","NEON.PLA.D05.TREE.00944","TREE_048","TREE","D05",2021-09-23,"Live","single bole tree","Partially shaded",130,NA,17.6,20.9,NA,59,"Larix laricina (Du Roi) K. Koch",3.2,187.1,"2021",71,"spruce","Larix laricina (Du Roi) K. Koch","tamarack","Pinaceae","tree","laricina",0.631,"sw5",-2.0773,2.3323,"Larix","conifer","Conifer",0.49,-2.3012,2.3853,NA,NA,NA,"Check",150.25096010841,141.106322837487,NA
"Larix","LALA","NEON.PLA.D05.TREE.02620","TREE_012","TREE","D05",2019-10-17,"Live","single bole tree","Partially shaded",120,NA,19.6,30.4,NA,41,"Larix laricina (Du Roi) K. Koch",3.6,107.7,"2019",71,"spruce","Larix laricina (Du Roi) K. Koch","tamarack","Pinaceae","tree","laricina",0.631,"sw5",-2.0773,2.3323,"Larix","conifer","Conifer",0.49,-2.3012,2.3853,NA,NA,NA,"Check",360.036168910651,344.905323194144,NA
"Larix","LALA","NEON.PLA.D05.TREE.01324","TREE_040","TREE","D05",2021-10-05,"Live","single bole tree","Partially shaded",130,NA,10.3,26.2,NA,43,"Larix laricina (Du Roi) K. Koch",9.6,247.4,"2021",71,"spruce","Larix laricina (Du Roi) K. Koch","tamarack","Pinaceae","tree","laricina",0.631,"sw5",-2.0773,2.3323,"Larix","conifer","Conifer",0.49,-2.3012,2.3853,NA,NA,NA,"Check",254.533045850443,241.922136044847,NA
"Larix","LALA","NEON.PLA.D05.TREE.01245","TREE_048","TREE","D05",2018-10-16,"Live","single bole tree",NA,130,NA,14.3,13.8,NA,61,"Larix laricina (Du Roi) K. Koch",6.2,258.7,"2018",71,"spruce","Larix laricina (Du Roi) K. Koch","tamarack","Pinaceae","tree","laricina",0.631,"sw5",-2.0773,2.3323,"Larix","conifer","Conifer",0.49,-2.3012,2.3853,NA,NA,NA,"Check",57.066346093433,52.4270140026644,NA
"Larix","LALA","NEON.PLA.D05.TREE.01282","TREE_048","TREE","D05",2016-10-19,"Live","single bole tree",NA,130,NA,18.5,24.8,NA,61,"Larix laricina (Du Roi) K. Koch",6.8,251.2,"2016",71,"spruce","Larix laricina (Du Roi) K. Koch","tamarack","Pinaceae","tree","laricina",0.631,"sw5",-2.0773,2.3323,"Larix","conifer","Conifer",0.49,-2.3012,2.3853,NA,NA,NA,"Check",223.933840269819,212.220401831139,NA
"Larix","LALA","NEON.PLA.D05.TREE.02546","TREE_009","TREE","D05",2019-10-16,"Live","single bole tree","Mostly shaded",130,NA,14.2,16.9,NA,41,"Larix laricina (Du Roi) K. Koch",8.6,337,"2019",71,"spruce","Larix laricina (Du Roi) K. Koch","tamarack","Pinaceae","tree","laricina",0.631,"sw5",-2.0773,2.3323,"Larix","conifer","Conifer",0.49,-2.3012,2.3853,NA,NA,NA,"Check",91.5461814654691,85.0118945334015,NA
"Larix","LALA","NEON.PLA.D05.TREE.00948","TREE_048","TREE","D05",2021-09-23,"Live, physically damaged","multi-bole tree","Partially shaded",130,NA,11,17.8,NA,41,"Larix laricina (Du Roi) K. Koch",9.3,296.4,"2021",71,"spruce","Larix laricina (Du Roi) K. Koch","tamarack","Pinaceae","tree","laricina",0.631,"sw5",-2.0773,2.3323,"Larix","conifer","Conifer",0.49,-2.3012,2.3853,NA,NA,NA,"Check",103.322437732794,96.211806631009,NA
"Larix","LALA","NEON.PLA.D05.TREE.01228","TREE_048","TREE","D05",2021-09-23,"Live","single bole tree","Mostly shaded",130,NA,11.1,12.6,NA,61,"Larix laricina (Du Roi) K. Koch",6.5,256.7,"2021",71,"spruce","Larix laricina (Du Roi) K. Koch","tamarack","Pinaceae","tree","laricina",0.631,"sw5",-2.0773,2.3323,"Larix","conifer","Conifer",0.49,-2.3012,2.3853,NA,NA,NA,"Check",46.1566515362556,42.20028650904,NA
"Larix","LALA","NEON.PLA.D05.TREE.00969","TREE_048","TREE","D05",2016-10-19,"Live","single bole tree",NA,130,NA,18.5,30.9,NA,57,"Larix laricina (Du Roi) K. Koch",6.7,147.7,"2016",71,"spruce","Larix laricina (Du Roi) K. Koch","tamarack","Pinaceae","tree","laricina",0.631,"sw5",-2.0773,2.3323,"Larix","conifer","Conifer",0.49,-2.3012,2.3853,NA,NA,NA,"Check",373.998822015576,358.591094026587,NA
"Larix","LALA","NEON.PLA.D05.TREE.00978","TREE_048","TREE","D05",2018-10-16,"Live","single bole tree",NA,130,NA,17.9,17.9,NA,59,"Larix laricina (Du Roi) K. Koch",5.4,215.8,"2018",71,"spruce","Larix laricina (Du Roi) K. Koch","tamarack","Pinaceae","tree","laricina",0.631,"sw5",-2.0773,2.3323,"Larix","conifer","Conifer",0.49,-2.3012,2.3853,NA,NA,NA,"Check",104.681321583967,97.5061195211074,NA
"Larix","LALA","NEON.PLA.D05.TREE.02591","TREE_009","TREE","D05",2019-10-16,"Live","single bole tree","Partially shaded",130,NA,20.9,19.4,NA,41,"Larix laricina (Du Roi) K. Koch",8.9,259,"2019",71,"spruce","Larix laricina (Du Roi) K. Koch","tamarack","Pinaceae","tree","laricina",0.631,"sw5",-2.0773,2.3323,"Larix","conifer","Conifer",0.49,-2.3012,2.3853,NA,NA,NA,"Check",126.293223256858,118.139466317456,NA
"Larix","LALA","NEON.PLA.D05.TREE.01196","TREE_048","TREE","D05",2015-08-05,"Live","single bole tree","Partially shaded",130,NA,8.9,10.7,NA,39,"Larix laricina (Du Roi) K. Koch",8.4,55.6,"2015",71,"spruce","Larix laricina (Du Roi) K. Koch","tamarack","Pinaceae","tree","laricina",0.631,"sw5",-2.0773,2.3323,"Larix","conifer","Conifer",0.49,-2.3012,2.3853,NA,NA,NA,"Check",31.5262167741877,28.5752910905046,NA
"Larix","LALA","NEON.PLA.D05.TREE.01196","TREE_048","TREE","D05",2021-09-23,"Live","single bole tree","Partially shaded",130,NA,12.3,12.4,NA,39,"Larix laricina (Du Roi) K. Koch",8.4,55.6,"2021",71,"spruce","Larix laricina (Du Roi) K. Koch","tamarack","Pinaceae","tree","laricina",0.631,"sw5",-2.0773,2.3323,"Larix","conifer","Conifer",0.49,-2.3012,2.3853,NA,NA,NA,"Check",44.4659391204555,40.6200341194641,NA
"Larix","LALA","NEON.PLA.D05.TREE.00944","TREE_048","TREE","D05",2016-10-19,"Live","single bole tree",NA,130,NA,17.9,19.7,NA,59,"Larix laricina (Du Roi) K. Koch",3.2,187.1,"2016",71,"spruce","Larix laricina (Du Roi) K. Koch","tamarack","Pinaceae","tree","laricina",0.631,"sw5",-2.0773,2.3323,"Larix","conifer","Conifer",0.49,-2.3012,2.3853,NA,NA,NA,"Check",130.895179202746,122.543936604671,NA
"Larix","LALA","NEON.PLA.D05.TREE.01273","TREE_048","TREE","D05",2021-09-23,"Live","single bole tree","Partially shaded",130,NA,17.9,23.4,NA,41,"Larix laricina (Du Roi) K. Koch",9,45.5,"2021",71,"spruce","Larix laricina (Du Roi) K. Koch","tamarack","Pinaceae","tree","laricina",0.631,"sw5",-2.0773,2.3323,"Larix","conifer","Conifer",0.49,-2.3012,2.3853,NA,NA,NA,"Check",195.551979710748,184.753265358685,NA
"Larix","LALA","NEON.PLA.D05.TREE.01245","TREE_048","TREE","D05",2015-08-05,"Live","single bole tree","Partially shaded",130,NA,12.5,13.8,NA,61,"Larix laricina (Du Roi) K. Koch",6.2,258.7,"2015",71,"spruce","Larix laricina (Du Roi) K. Koch","tamarack","Pinaceae","tree","laricina",0.631,"sw5",-2.0773,2.3323,"Larix","conifer","Conifer",0.49,-2.3012,2.3853,NA,NA,NA,"Check",57.066346093433,52.4270140026644,NA
"Larix","LALA","NEON.PLA.D05.TREE.02545","TREE_009","TREE","D05",2017-10-26,"Live","single bole tree","Partially shaded",130,NA,20.2,22.1,NA,41,"Larix laricina (Du Roi) K. Koch",4.7,318.4,"2017",71,"spruce","Larix laricina (Du Roi) K. Koch","tamarack","Pinaceae","tree","laricina",0.631,"sw5",-2.0773,2.3323,"Larix","conifer","Conifer",0.49,-2.3012,2.3853,NA,NA,NA,"Check",171.145771172556,161.20571295493,NA
"Larix","LALA","NEON.PLA.D05.TREE.02545","TREE_009","TREE","D05",2019-10-16,"Live","single bole tree","Full sun",130,NA,19.2,22.5,NA,41,"Larix laricina (Du Roi) K. Koch",4.7,318.4,"2019",71,"spruce","Larix laricina (Du Roi) K. Koch","tamarack","Pinaceae","tree","laricina",0.631,"sw5",-2.0773,2.3323,"Larix","conifer","Conifer",0.49,-2.3012,2.3853,NA,NA,NA,"Check",178.457728075778,168.252876853053,NA
"Larix","LALA","NEON.PLA.D05.TREE.00948","TREE_048","TREE","D05",2017-10-18,"Live","multi-bole tree",NA,130,NA,8.7,17.3,NA,41,"Larix laricina (Du Roi) K. Koch",9.3,296.4,"2017",71,"spruce","Larix laricina (Du Roi) K. Koch","tamarack","Pinaceae","tree","laricina",0.631,"sw5",-2.0773,2.3323,"Larix","conifer","Conifer",0.49,-2.3012,2.3853,NA,NA,NA,"Check",96.6796343203744,89.8903161842756,NA
"Larix","LALA","NEON.PLA.D05.TREE.02546","TREE_009","TREE","D05",2017-10-26,"Live,  other damage","single bole tree","Mostly shaded",150,NA,15.7,16,NA,41,"Larix laricina (Du Roi) K. Koch",8.6,337,"2017",71,"spruce","Larix laricina (Du Roi) K. Koch","tamarack","Pinaceae","tree","laricina",0.631,"sw5",-2.0773,2.3323,"Larix","conifer","Conifer",0.49,-2.3012,2.3853,NA,NA,NA,"Check",80.5766315940639,74.6086072438907,NA
"Larix","LALA","NEON.PLA.D05.TREE.02547","TREE_009","TREE","D05",2017-10-26,"Live, physically damaged","single bole tree","Partially shaded",140,NA,18.1,18.9,NA,41,"Larix laricina (Du Roi) K. Koch",8.8,340.6,"2017",71,"spruce","Larix laricina (Du Roi) K. Koch","tamarack","Pinaceae","tree","laricina",0.631,"sw5",-2.0773,2.3323,"Larix","conifer","Conifer",0.49,-2.3012,2.3853,NA,NA,NA,"Check",118.831598337426,111.005853338697,NA
"Larix","LALA","NEON.PLA.D05.TREE.01228","TREE_048","TREE","D05",2018-10-16,"Live","single bole tree",NA,130,NA,11.3,12.3,NA,61,"Larix laricina (Du Roi) K. Koch",6.5,256.7,"2018",71,"spruce","Larix laricina (Du Roi) K. Koch","tamarack","Pinaceae","tree","laricina",0.631,"sw5",-2.0773,2.3323,"Larix","conifer","Conifer",0.49,-2.3012,2.3853,NA,NA,NA,"Check",43.6340740327904,39.8430155174533,NA
"Larix","LALA","NEON.PLA.D05.TREE.01049","TREE_048","TREE","D05",2016-10-19,"Live","single bole tree",NA,130,NA,13.1,11.6,NA,59,"Larix laricina (Du Roi) K. Koch",5.7,117.7,"2016",71,"spruce","Larix laricina (Du Roi) K. Koch","tamarack","Pinaceae","tree","laricina",0.631,"sw5",-2.0773,2.3323,"Larix","conifer","Conifer",0.49,-2.3012,2.3853,NA,NA,NA,"Check",38.0605834056345,34.646006294159,NA
"Larix","LALA","NEON.PLA.D05.TREE.00948A","TREE_048","TREE","D05",2018-10-16,"Live","multi-bole tree",NA,130,NA,8.9,8.8,NA,41,"Larix laricina (Du Roi) K. Koch",9.3,296.4,"2018",71,"spruce","Larix laricina (Du Roi) K. Koch","tamarack","Pinaceae","tree","laricina",0.631,"sw5",-2.0773,2.3323,"Larix","conifer","Conifer",0.49,-2.3012,2.3853,NA,NA,NA,"Check",6.82755934274828,5.97703896046939,NA
"Larix","LALA","NEON.PLA.D05.TREE.00969","TREE_048","TREE","D05",2021-09-23,"Live","single bole tree","Partially shaded",130,NA,16.8,32,NA,57,"Larix laricina (Du Roi) K. Koch",6.7,147.7,"2021",71,"spruce","Larix laricina (Du Roi) K. Koch","tamarack","Pinaceae","tree","laricina",0.631,"sw5",-2.0773,2.3323,"Larix","conifer","Conifer",0.49,-2.3012,2.3853,NA,NA,NA,"Check",405.790025034341,389.794566956632,NA
"Larix","LALA","NEON.PLA.D05.TREE.02619","TREE_012","TREE","D05",2017-10-30,"Live","single bole tree","Mostly shaded",130,NA,15.8,18.5,NA,41,"Larix laricina (Du Roi) K. Koch",1.8,116.4,"2017",71,"spruce","Larix laricina (Du Roi) K. Koch","tamarack","Pinaceae","tree","laricina",0.631,"sw5",-2.0773,2.3323,"Larix","conifer","Conifer",0.49,-2.3012,2.3853,NA,NA,NA,"Check",113.048471542247,105.483920316745,NA
"Larix","LALA","NEON.PLA.D05.TREE.01229","TREE_048","TREE","D05",2017-10-18,"Live","single bole tree",NA,130,NA,15.8,17.8,NA,59,"Larix laricina (Du Roi) K. Koch",8.3,130.5,"2017",71,"spruce","Larix laricina (Du Roi) K. Koch","tamarack","Pinaceae","tree","laricina",0.631,"sw5",-2.0773,2.3323,"Larix","conifer","Conifer",0.49,-2.3012,2.3853,NA,NA,NA,"Check",103.322437732794,96.211806631009,NA
"Larix","LALA","NEON.PLA.D05.TREE.02619","TREE_012","TREE","D05",2019-10-17,"Live","single bole tree","Mostly shaded",130,NA,12.7,17.7,NA,41,"Larix laricina (Du Roi) K. Koch",1.8,116.4,"2019",71,"spruce","Larix laricina (Du Roi) K. Koch","tamarack","Pinaceae","tree","laricina",0.631,"sw5",-2.0773,2.3323,"Larix","conifer","Conifer",0.49,-2.3012,2.3853,NA,NA,NA,"Check",101.973686946569,94.927527760325,NA
"Larix","LALA","NEON.PLA.D05.TREE.01239","TREE_048","TREE","D05",2021-09-23,"Live","single bole tree","Partially shaded",130,NA,16.8,14.9,NA,59,"Larix laricina (Du Roi) K. Koch",5.8,171.7,"2021",71,"spruce","Larix laricina (Du Roi) K. Koch","tamarack","Pinaceae","tree","laricina",0.631,"sw5",-2.0773,2.3323,"Larix","conifer","Conifer",0.49,-2.3012,2.3853,NA,NA,NA,"Check",68.2436750811203,62.9510160692088,NA
"Larix","LALA","NEON.PLA.D05.TREE.02649","TREE_012","TREE","D05",2017-10-30,"Live","single bole tree","Partially shaded",130,NA,19.7,21.6,NA,51,"Larix laricina (Du Roi) K. Koch",8.5,235.3,"2017",71,"spruce","Larix laricina (Du Roi) K. Koch","tamarack","Pinaceae","tree","laricina",0.631,"sw5",-2.0773,2.3323,"Larix","conifer","Conifer",0.49,-2.3012,2.3853,NA,NA,NA,"Check",162.250691554386,152.642008119156,NA
"Larix","LALA","NEON.PLA.D05.TREE.01263A","TREE_048","TREE","D05",2017-10-18,"Live","multi-bole tree",NA,130,NA,NA,4.6,NA,59,"Larix laricina (Du Roi) K. Koch",7.8,138.5,"2017",71,"spruce","Larix laricina (Du Roi) K. Koch","tamarack","Pinaceae","tree","laricina",0.631,"sw5",-2.0773,2.3323,"Larix","conifer","Conifer",0.49,-2.3012,2.3853,NA,NA,NA,"Check",1.50382963224168,1.27200208960805,NA
"Larix","LALA","NEON.PLA.D05.TREE.02650","TREE_012","TREE","D05",2017-10-30,"Live","single bole tree","Partially shaded",130,NA,15.7,15.4,NA,51,"Larix laricina (Du Roi) K. Koch",6.8,231.3,"2017",71,"spruce","Larix laricina (Du Roi) K. Koch","tamarack","Pinaceae","tree","laricina",0.631,"sw5",-2.0773,2.3323,"Larix","conifer","Conifer",0.49,-2.3012,2.3853,NA,NA,NA,"Check",73.7046095650156,68.1074646500765,NA
"Larix","LALA","NEON.PLA.D05.TREE.01228","TREE_048","TREE","D05",2017-10-18,"Live","single bole tree",NA,130,NA,10.4,12.5,NA,61,"Larix laricina (Du Roi) K. Koch",6.5,256.7,"2017",71,"spruce","Larix laricina (Du Roi) K. Koch","tamarack","Pinaceae","tree","laricina",0.631,"sw5",-2.0773,2.3323,"Larix","conifer","Conifer",0.49,-2.3012,2.3853,NA,NA,NA,"Check",45.3067902826582,41.405782097439,NA
"Larix","LALA","NEON.PLA.D05.TREE.02574","TREE_009","TREE","D05",2017-10-26,"Live","single bole tree","Full sun",130,NA,21.2,34.2,NA,33,"Larix laricina (Du Roi) K. Koch",5.2,0.1,"2017",71,"spruce","Larix laricina (Du Roi) K. Koch","tamarack","Pinaceae","tree","laricina",0.631,"sw5",-2.0773,2.3323,"Larix","conifer","Conifer",0.49,-2.3012,2.3853,NA,NA,NA,"Check",473.859028703035,456.787287640705,NA
"Larix","LALA","NEON.PLA.D05.TREE.01492","TREE_040","TREE","D05",2020-09-29,"Live","multi-bole tree","Full sun",140,NA,13.9,18.5,NA,43,"Larix laricina (Du Roi) K. Koch",6.9,291.3,"2020",71,"spruce","Larix laricina (Du Roi) K. Koch","tamarack","Pinaceae","tree","laricina",0.631,"sw5",-2.0773,2.3323,"Larix","conifer","Conifer",0.49,-2.3012,2.3853,NA,NA,NA,"Check",113.048471542247,105.483920316745,NA
"Larix","LALA","NEON.PLA.D05.TREE.01228","TREE_048","TREE","D05",2015-08-05,"Live","single bole tree","Partially shaded",130,NA,9.3,12.5,NA,61,"Larix laricina (Du Roi) K. Koch",6.5,256.7,"2015",71,"spruce","Larix laricina (Du Roi) K. Koch","tamarack","Pinaceae","tree","laricina",0.631,"sw5",-2.0773,2.3323,"Larix","conifer","Conifer",0.49,-2.3012,2.3853,NA,NA,NA,"Check",45.3067902826582,41.405782097439,NA
"Larix","LALA","NEON.PLA.D05.TREE.00978","TREE_048","TREE","D05",2017-10-18,"Live","single bole tree",NA,130,NA,18.1,17.9,NA,59,"Larix laricina (Du Roi) K. Koch",5.4,215.8,"2017",71,"spruce","Larix laricina (Du Roi) K. Koch","tamarack","Pinaceae","tree","laricina",0.631,"sw5",-2.0773,2.3323,"Larix","conifer","Conifer",0.49,-2.3012,2.3853,NA,NA,NA,"Check",104.681321583967,97.5061195211074,NA
"Larix","LALA","NEON.PLA.D05.TREE.02617","TREE_012","TREE","D05",2017-10-30,"Live","single bole tree","Mostly shaded",130,NA,17.3,19.6,NA,41,"Larix laricina (Du Roi) K. Koch",3.5,102.8,"2017",71,"spruce","Larix laricina (Du Roi) K. Koch","tamarack","Pinaceae","tree","laricina",0.631,"sw5",-2.0773,2.3323,"Larix","conifer","Conifer",0.49,-2.3012,2.3853,NA,NA,NA,"Check",129.350737129112,121.065373231793,NA
"Larix","LALA","NEON.PLA.D05.TREE.01048","TREE_048","TREE","D05",2021-09-23,"Live","single bole tree","Partially shaded",130,NA,20.6,25.8,NA,59,"Larix laricina (Du Roi) K. Koch",7.3,105.6,"2021",71,"spruce","Larix laricina (Du Roi) K. Koch","tamarack","Pinaceae","tree","laricina",0.631,"sw5",-2.0773,2.3323,"Larix","conifer","Conifer",0.49,-2.3012,2.3853,NA,NA,NA,"Check",245.561746174376,233.205088740355,NA
"Larix","LALA","NEON.PLA.D05.TREE.01248","TREE_048","TREE","D05",2016-10-19,"Live","single bole tree",NA,130,NA,17.9,26.3,NA,41,"Larix laricina (Du Roi) K. Koch",12.4,41.8,"2016",71,"spruce","Larix laricina (Du Roi) K. Koch","tamarack","Pinaceae","tree","laricina",0.631,"sw5",-2.0773,2.3323,"Larix","conifer","Conifer",0.49,-2.3012,2.3853,NA,NA,NA,"Check",256.804639144787,244.130468812326,NA
"Larix","LALA","NEON.PLA.D05.TREE.01245","TREE_048","TREE","D05",2016-10-19,"Live","single bole tree",NA,130,NA,14,14,NA,61,"Larix laricina (Du Roi) K. Koch",6.2,258.7,"2016",71,"spruce","Larix laricina (Du Roi) K. Koch","tamarack","Pinaceae","tree","laricina",0.631,"sw5",-2.0773,2.3323,"Larix","conifer","Conifer",0.49,-2.3012,2.3853,NA,NA,NA,"Check",59.0139236340881,54.2576202682992,NA
"Larix","LALA","NEON.PLA.D05.TREE.02649","TREE_012","TREE","D05",2019-10-17,"Live","single bole tree","Partially shaded",130,NA,19.1,22.1,NA,51,"Larix laricina (Du Roi) K. Koch",8.5,235.3,"2019",71,"spruce","Larix laricina (Du Roi) K. Koch","tamarack","Pinaceae","tree","laricina",0.631,"sw5",-2.0773,2.3323,"Larix","conifer","Conifer",0.49,-2.3012,2.3853,NA,NA,NA,"Check",171.145771172556,161.20571295493,NA
"Larix","LALA","NEON.PLA.D05.TREE.01248","TREE_048","TREE","D05",2021-09-23,"Live","single bole tree","Partially shaded",130,NA,18.1,27.3,NA,41,"Larix laricina (Du Roi) K. Koch",12.4,41.8,"2021",71,"spruce","Larix laricina (Du Roi) K. Koch","tamarack","Pinaceae","tree","laricina",0.631,"sw5",-2.0773,2.3323,"Larix","conifer","Conifer",0.49,-2.3012,2.3853,NA,NA,NA,"Check",280.157474924348,266.858045103339,NA
"Larix","LALA","NEON.PLA.D05.TREE.02650","TREE_012","TREE","D05",2019-10-17,"Live","single bole tree","Partially shaded",130,NA,15.6,15.1,NA,51,"Larix laricina (Du Roi) K. Koch",6.8,231.3,"2019",71,"spruce","Larix laricina (Du Roi) K. Koch","tamarack","Pinaceae","tree","laricina",0.631,"sw5",-2.0773,2.3323,"Larix","conifer","Conifer",0.49,-2.3012,2.3853,NA,NA,NA,"Check",70.3992458686397,64.9853183234589,NA
"Larix","LALA","NEON.PLA.D05.TREE.01260","TREE_048","TREE","D05",2015-08-05,"Live","single bole tree","Partially shaded",130,NA,16,24.5,NA,43,"Larix laricina (Du Roi) K. Koch",9.9,285.5,"2015",71,"spruce","Larix laricina (Du Roi) K. Koch","tamarack","Pinaceae","tree","laricina",0.631,"sw5",-2.0773,2.3323,"Larix","conifer","Conifer",0.49,-2.3012,2.3853,NA,NA,NA,"Check",217.666769286758,206.148129844694,NA
"Larix","LALA","NEON.PLA.D05.TREE.01239","TREE_048","TREE","D05",2018-10-16,"Live","single bole tree",NA,130,NA,14.7,14.4,NA,59,"Larix laricina (Du Roi) K. Koch",5.8,171.7,"2018",71,"spruce","Larix laricina (Du Roi) K. Koch","tamarack","Pinaceae","tree","laricina",0.631,"sw5",-2.0773,2.3323,"Larix","conifer","Conifer",0.49,-2.3012,2.3853,NA,NA,NA,"Check",63.0215257252302,58.028800123624,NA
"Larix","LALA","NEON.PLA.D05.TREE.02588","TREE_009","TREE","D05",2017-10-26,"Live","single bole tree","Partially shaded",130,NA,19,15.5,NA,31,"Larix laricina (Du Roi) K. Koch",6.5,26.3,"2017",71,"spruce","Larix laricina (Du Roi) K. Koch","tamarack","Pinaceae","tree","laricina",0.631,"sw5",-2.0773,2.3323,"Larix","conifer","Conifer",0.49,-2.3012,2.3853,NA,NA,NA,"Check",74.8256834593093,69.1671271844409,NA
"Larix","LALA","NEON.PLA.D05.TREE.01263","TREE_048","TREE","D05",2016-10-19,"Live","multi-bole tree",NA,130,NA,11.1,12.8,NA,59,"Larix laricina (Du Roi) K. Koch",7.9,138.5,"2016",71,"spruce","Larix laricina (Du Roi) K. Koch","tamarack","Pinaceae","tree","laricina",0.631,"sw5",-2.0773,2.3323,"Larix","conifer","Conifer",0.49,-2.3012,2.3853,NA,NA,NA,"Check",47.8834997470011,43.8156722017835,NA
"Larix","LALA","NEON.PLA.D05.TREE.00964","TREE_040","TREE","D05",2019-10-23,"Live","single bole tree",NA,130,NA,13,41.1,NA,61,"Larix laricina (Du Roi) K. Koch",4.9,203.9,"2019",71,"spruce","Larix laricina (Du Roi) K. Koch","tamarack","Pinaceae","tree","laricina",0.631,"sw5",-2.0773,2.3323,"Larix","conifer","Conifer",0.49,-2.3012,2.3853,NA,NA,NA,"Check",727.45034453361,708.10626356976,NA
"Larix","LALA","NEON.PLA.D05.TREE.01049","TREE_048","TREE","D05",2018-10-16,"Live","single bole tree",NA,130,NA,11.7,11.6,NA,59,"Larix laricina (Du Roi) K. Koch",5.7,117.7,"2018",71,"spruce","Larix laricina (Du Roi) K. Koch","tamarack","Pinaceae","tree","laricina",0.631,"sw5",-2.0773,2.3323,"Larix","conifer","Conifer",0.49,-2.3012,2.3853,NA,NA,NA,"Check",38.0605834056345,34.646006294159,NA
"Larix","LALA","NEON.PLA.D05.TREE.02663","TREE_012","TREE","D05",2019-10-17,"Live","single bole tree","Partially shaded",130,NA,13.1,15.4,NA,41,"Larix laricina (Du Roi) K. Koch",7.3,355.9,"2019",71,"spruce","Larix laricina (Du Roi) K. Koch","tamarack","Pinaceae","tree","laricina",0.631,"sw5",-2.0773,2.3323,"Larix","conifer","Conifer",0.49,-2.3012,2.3853,NA,NA,NA,"Check",73.7046095650156,68.1074646500765,NA
"Larix","LALA","NEON.PLA.D05.TREE.02617","TREE_012","TREE","D05",2019-10-17,"Live","single bole tree","Mostly shaded",130,NA,16.2,19.7,NA,41,"Larix laricina (Du Roi) K. Koch",3.5,102.8,"2019",71,"spruce","Larix laricina (Du Roi) K. Koch","tamarack","Pinaceae","tree","laricina",0.631,"sw5",-2.0773,2.3323,"Larix","conifer","Conifer",0.49,-2.3012,2.3853,NA,NA,NA,"Check",130.895179202746,122.543936604671,NA
"Larix","LALA","NEON.PLA.D05.TREE.01260","TREE_048","TREE","D05",2017-10-18,"Live","single bole tree",NA,130,NA,17.3,24.7,NA,43,"Larix laricina (Du Roi) K. Koch",9.9,285.5,"2017",71,"spruce","Larix laricina (Du Roi) K. Koch","tamarack","Pinaceae","tree","laricina",0.631,"sw5",-2.0773,2.3323,"Larix","conifer","Conifer",0.49,-2.3012,2.3853,NA,NA,NA,"Check",221.833523213955,210.184933109139,NA
"Larix","LALA","NEON.PLA.D05.TREE.00979","TREE_048","TREE","D05",2021-09-23,"Live","single bole tree","Partially shaded",130,NA,19.3,30.5,NA,59,"Larix laricina (Du Roi) K. Koch",10.8,218.5,"2021",71,"spruce","Larix laricina (Du Roi) K. Koch","tamarack","Pinaceae","tree","laricina",0.631,"sw5",-2.0773,2.3323,"Larix","conifer","Conifer",0.49,-2.3012,2.3853,NA,NA,NA,"Check",362.804435601946,347.617750658243,NA
"Larix","LALA","NEON.PLA.D05.TREE.02643","TREE_012","TREE","D05",2019-10-17,"Live","single bole tree","Partially shaded",130,NA,15,19.6,NA,33,"Larix laricina (Du Roi) K. Koch",4.2,338.3,"2019",71,"spruce","Larix laricina (Du Roi) K. Koch","tamarack","Pinaceae","tree","laricina",0.631,"sw5",-2.0773,2.3323,"Larix","conifer","Conifer",0.49,-2.3012,2.3853,NA,NA,NA,"Check",129.350737129112,121.065373231793,NA
"Larix","LALA","NEON.PLA.D05.TREE.01260","TREE_048","TREE","D05",2016-10-19,"Live","single bole tree",NA,130,NA,16.4,24.5,NA,43,"Larix laricina (Du Roi) K. Koch",9.9,285.5,"2016",71,"spruce","Larix laricina (Du Roi) K. Koch","tamarack","Pinaceae","tree","laricina",0.631,"sw5",-2.0773,2.3323,"Larix","conifer","Conifer",0.49,-2.3012,2.3853,NA,NA,NA,"Check",217.666769286758,206.148129844694,NA
"Larix","LALA","NEON.PLA.D05.TREE.01027","TREE_048","TREE","D05",2016-10-19,"Live","single bole tree",NA,130,NA,16.9,15.5,NA,61,"Larix laricina (Du Roi) K. Koch",9.5,261.1,"2016",71,"spruce","Larix laricina (Du Roi) K. Koch","tamarack","Pinaceae","tree","laricina",0.631,"sw5",-2.0773,2.3323,"Larix","conifer","Conifer",0.49,-2.3012,2.3853,NA,NA,NA,"Check",74.8256834593093,69.1671271844409,NA
"Larix","LALA","NEON.PLA.D05.TREE.00948","TREE_048","TREE","D05",2016-10-19,"Live, physically damaged","multi-bole tree",NA,130,NA,10.1,17.3,NA,41,"Larix laricina (Du Roi) K. Koch",9.3,296.4,"2016",71,"spruce","Larix laricina (Du Roi) K. Koch","tamarack","Pinaceae","tree","laricina",0.631,"sw5",-2.0773,2.3323,"Larix","conifer","Conifer",0.49,-2.3012,2.3853,NA,NA,NA,"Check",96.6796343203744,89.8903161842756,NA
"Larix","LALA","NEON.PLA.D05.TREE.01263A","TREE_048","TREE","D05",2018-10-16,"Live","multi-bole tree",NA,130,NA,10.9,4.6,NA,59,"Larix laricina (Du Roi) K. Koch",7.8,138.5,"2018",71,"spruce","Larix laricina (Du Roi) K. Koch","tamarack","Pinaceae","tree","laricina",0.631,"sw5",-2.0773,2.3323,"Larix","conifer","Conifer",0.49,-2.3012,2.3853,NA,NA,NA,"Check",1.50382963224168,1.27200208960805,NA
"Larix","LALA","NEON.PLA.D05.TREE.02659","TREE_012","TREE","D05",2017-10-30,"Live","single bole tree","Mostly shaded",130,NA,16.5,22.4,NA,41,"Larix laricina (Du Roi) K. Koch",4.6,32.6,"2017",71,"spruce","Larix laricina (Du Roi) K. Koch","tamarack","Pinaceae","tree","laricina",0.631,"sw5",-2.0773,2.3323,"Larix","conifer","Conifer",0.49,-2.3012,2.3853,NA,NA,NA,"Check",176.613349024172,166.474659920963,NA
"Larix","LALA","NEON.PLA.D05.TREE.00944","TREE_048","TREE","D05",2015-08-05,"Live","single bole tree","Partially shaded",130,NA,16.8,19.3,NA,59,"Larix laricina (Du Roi) K. Koch",3.2,187.1,"2015",71,"spruce","Larix laricina (Du Roi) K. Koch","tamarack","Pinaceae","tree","laricina",0.631,"sw5",-2.0773,2.3323,"Larix","conifer","Conifer",0.49,-2.3012,2.3853,NA,NA,NA,"Check",124.780115859558,116.692081704935,NA
"Larix","LALA","NEON.PLA.D05.TREE.02575","TREE_009","TREE","D05",2019-10-16,"Standing dead","single bole tree","Mostly shaded",130,NA,10.3,11.9,NA,33,"Larix laricina (Du Roi) K. Koch",3.2,357.3,"2019",71,"spruce","Larix laricina (Du Roi) K. Koch","tamarack","Pinaceae","tree","laricina",0.631,"sw5",-2.0773,2.3323,"Larix","conifer","Conifer",0.49,-2.3012,2.3853,NA,NA,NA,"Check",40.3959895143994,36.8216889719633,NA
"Larix","LALA","NEON.PLA.D05.TREE.02555","TREE_009","TREE","D05",2017-10-26,"Live","single bole tree","Full sun",130,NA,20.7,30.6,NA,51,"Larix laricina (Du Roi) K. Koch",9.6,263.4,"2017",71,"spruce","Larix laricina (Du Roi) K. Koch","tamarack","Pinaceae","tree","laricina",0.631,"sw5",-2.0773,2.3323,"Larix","conifer","Conifer",0.49,-2.3012,2.3853,NA,NA,NA,"Check",365.584821083333,350.342525906139,NA
"Larix","LALA","NEON.PLA.D05.TREE.01049","TREE_048","TREE","D05",2015-08-05,"Live","single bole tree","Partially shaded",130,NA,9.9,11.8,NA,59,"Larix laricina (Du Roi) K. Koch",5.7,117.7,"2015",71,"spruce","Larix laricina (Du Roi) K. Koch","tamarack","Pinaceae","tree","laricina",0.631,"sw5",-2.0773,2.3323,"Larix","conifer","Conifer",0.49,-2.3012,2.3853,NA,NA,NA,"Check",39.6086899453712,36.0879066156781,NA
"Larix","LALA","NEON.PLA.D05.TREE.00969","TREE_048","TREE","D05",2017-10-18,"Live","single bole tree",NA,130,NA,17.2,31,NA,57,"Larix laricina (Du Roi) K. Koch",6.7,147.7,"2017",71,"spruce","Larix laricina (Du Roi) K. Koch","tamarack","Pinaceae","tree","laricina",0.631,"sw5",-2.0773,2.3323,"Larix","conifer","Conifer",0.49,-2.3012,2.3853,NA,NA,NA,"Check",376.827814261743,361.365415927948,NA
"Larix","LALA","NEON.PLA.D05.TREE.00969","TREE_048","TREE","D05",2018-10-16,"Live","single bole tree",NA,130,NA,18.3,31.2,NA,57,"Larix laricina (Du Roi) K. Koch",6.7,147.7,"2018",71,"spruce","Larix laricina (Du Roi) K. Koch","tamarack","Pinaceae","tree","laricina",0.631,"sw5",-2.0773,2.3323,"Larix","conifer","Conifer",0.49,-2.3012,2.3853,NA,NA,NA,"Check",382.522365150161,366.951351322353,NA
"Larix","LALA","NEON.PLA.D05.TREE.02642","TREE_012","TREE","D05",2017-10-30,"Live","single bole tree","Partially shaded",130,NA,11.1,12,NA,33,"Larix laricina (Du Roi) K. Koch",3.5,352.6,"2017",71,"spruce","Larix laricina (Du Roi) K. Koch","tamarack","Pinaceae","tree","laricina",0.631,"sw5",-2.0773,2.3323,"Larix","conifer","Conifer",0.49,-2.3012,2.3853,NA,NA,NA,"Check",41.1921530926886,37.5640633628941,NA
"Larix","LALA","NEON.PLA.D05.TREE.01430","TREE_040","TREE","D05",2016-10-20,"Live","single bole tree",NA,130,NA,11,36.3,NA,59,"Larix laricina (Du Roi) K. Koch",8,145.8,"2016",71,"spruce","Larix laricina (Du Roi) K. Koch","tamarack","Pinaceae","tree","laricina",0.631,"sw5",-2.0773,2.3323,"Larix","conifer","Conifer",0.49,-2.3012,2.3853,NA,NA,NA,"Check",544.515559632637,526.558722071087,NA
"Larix","LALA","NEON.PLA.D05.TREE.01430","TREE_040","TREE","D05",2019-10-23,"Live","single bole tree",NA,130,NA,8.6,36.9,NA,59,"Larix laricina (Du Roi) K. Koch",8,145.8,"2019",71,"spruce","Larix laricina (Du Roi) K. Koch","tamarack","Pinaceae","tree","laricina",0.631,"sw5",-2.0773,2.3323,"Larix","conifer","Conifer",0.49,-2.3012,2.3853,NA,NA,NA,"Check",565.738411291201,547.557244676176,NA
"Larix","LALA","NEON.PLA.D05.TREE.01430","TREE_040","TREE","D05",2017-10-19,"Live","single bole tree",NA,130,NA,12.6,36.7,NA,59,"Larix laricina (Du Roi) K. Koch",8,145.8,"2017",71,"spruce","Larix laricina (Du Roi) K. Koch","tamarack","Pinaceae","tree","laricina",0.631,"sw5",-2.0773,2.3323,"Larix","conifer","Conifer",0.49,-2.3012,2.3853,NA,NA,NA,"Check",558.612609038352,540.504733053074,NA
"Larix","LALA","NEON.PLA.D05.TREE.00964","TREE_040","TREE","D05",2016-10-20,"Live","single bole tree",NA,130,NA,16.4,39.5,NA,61,"Larix laricina (Du Roi) K. Koch",4.9,203.9,"2016",71,"spruce","Larix laricina (Du Roi) K. Koch","tamarack","Pinaceae","tree","laricina",0.631,"sw5",-2.0773,2.3323,"Larix","conifer","Conifer",0.49,-2.3012,2.3853,NA,NA,NA,"Check",663.106795957112,644.116746268343,NA
"Larix","LALA","NEON.PLA.D05.TREE.01282","TREE_048","TREE","D05",2018-10-16,"Live","single bole tree",NA,130,NA,18.1,24.9,NA,61,"Larix laricina (Du Roi) K. Koch",6.8,251.2,"2018",71,"spruce","Larix laricina (Du Roi) K. Koch","tamarack","Pinaceae","tree","laricina",0.631,"sw5",-2.0773,2.3323,"Larix","conifer","Conifer",0.49,-2.3012,2.3853,NA,NA,NA,"Check",226.045470974032,214.267272275826,NA
"Larix","LALA","NEON.PLA.D05.TREE.01228","TREE_048","TREE","D05",2016-10-19,"Live","single bole tree",NA,130,NA,10.6,12.3,NA,61,"Larix laricina (Du Roi) K. Koch",6.5,256.7,"2016",71,"spruce","Larix laricina (Du Roi) K. Koch","tamarack","Pinaceae","tree","laricina",0.631,"sw5",-2.0773,2.3323,"Larix","conifer","Conifer",0.49,-2.3012,2.3853,NA,NA,NA,"Check",43.6340740327904,39.8430155174533,NA
"Larix","LALA","NEON.PLA.D05.TREE.02644","TREE_012","TREE","D05",2017-10-30,"Live","single bole tree","Partially shaded",130,NA,14.6,18.4,NA,33,"Larix laricina (Du Roi) K. Koch",4,320.3,"2017",71,"spruce","Larix laricina (Du Roi) K. Koch","tamarack","Pinaceae","tree","laricina",0.631,"sw5",-2.0773,2.3323,"Larix","conifer","Conifer",0.49,-2.3012,2.3853,NA,NA,NA,"Check",111.628395224771,104.128950558596,NA
"Larix","LALA","NEON.PLA.D05.TREE.00964","TREE_040","TREE","D05",2018-10-18,"Live","single bole tree",NA,130,NA,15.9,40.9,NA,61,"Larix laricina (Du Roi) K. Koch",4.9,203.9,"2018",71,"spruce","Larix laricina (Du Roi) K. Koch","tamarack","Pinaceae","tree","laricina",0.631,"sw5",-2.0773,2.3323,"Larix","conifer","Conifer",0.49,-2.3012,2.3853,NA,NA,NA,"Check",719.220974257186,699.914748234508,NA
"Larix","LALA","NEON.PLA.D05.TREE.00977","TREE_048","TREE","D05",2016-10-19,"Live","single bole tree",NA,130,NA,13.4,18,NA,41,"Larix laricina (Du Roi) K. Koch",9.3,299.4,"2016",71,"spruce","Larix laricina (Du Roi) K. Koch","tamarack","Pinaceae","tree","laricina",0.631,"sw5",-2.0773,2.3323,"Larix","conifer","Conifer",0.49,-2.3012,2.3853,NA,NA,NA,"Check",106.050357381735,98.8104881130062,NA
"Larix","LALA","NEON.PLA.D05.TREE.00978","TREE_048","TREE","D05",2015-08-05,"Live","single bole tree","Full sun",130,NA,17.2,17.9,NA,59,"Larix laricina (Du Roi) K. Koch",5.4,215.8,"2015",71,"spruce","Larix laricina (Du Roi) K. Koch","tamarack","Pinaceae","tree","laricina",0.631,"sw5",-2.0773,2.3323,"Larix","conifer","Conifer",0.49,-2.3012,2.3853,NA,NA,NA,"Check",104.681321583967,97.5061195211074,NA
"Larix","LALA","NEON.PLA.D05.TREE.00979","TREE_048","TREE","D05",2016-10-19,"Live","single bole tree",NA,130,NA,19,29.7,NA,59,"Larix laricina (Du Roi) K. Koch",10.8,218.5,"2016",71,"spruce","Larix laricina (Du Roi) K. Koch","tamarack","Pinaceae","tree","laricina",0.631,"sw5",-2.0773,2.3323,"Larix","conifer","Conifer",0.49,-2.3012,2.3853,NA,NA,NA,"Check",340.996514198515,326.262753273828,NA
"Larix","LALA","NEON.PLA.D05.TREE.00948A","TREE_048","TREE","D05",2016-10-19,"Live","multi-bole tree",NA,130,NA,10.1,8.6,NA,41,"Larix laricina (Du Roi) K. Koch",9.3,296.4,"2016",71,"spruce","Larix laricina (Du Roi) K. Koch","tamarack","Pinaceae","tree","laricina",0.631,"sw5",-2.0773,2.3323,"Larix","conifer","Conifer",0.49,-2.3012,2.3853,NA,NA,NA,"Check",6.47111749256596,5.65810137823006,NA
"Larix","LALA","NEON.PLA.D05.TREE.01229","TREE_048","TREE","D05",2021-09-23,"Live","single bole tree","Partially shaded",130,NA,16.4,18.6,NA,59,"Larix laricina (Du Roi) K. Koch",8.3,130.5,"2021",71,"spruce","Larix laricina (Du Roi) K. Koch","tamarack","Pinaceae","tree","laricina",0.631,"sw5",-2.0773,2.3323,"Larix","conifer","Conifer",0.49,-2.3012,2.3853,NA,NA,NA,"Check",114.478811642303,106.849074332995,NA
"Larix","LALA","NEON.PLA.D05.TREE.01260","TREE_048","TREE","D05",2021-09-23,"Live","single bole tree","Partially shaded",130,NA,17.2,25.1,NA,43,"Larix laricina (Du Roi) K. Koch",9.9,285.5,"2021",71,"spruce","Larix laricina (Du Roi) K. Koch","tamarack","Pinaceae","tree","laricina",0.631,"sw5",-2.0773,2.3323,"Larix","conifer","Conifer",0.49,-2.3012,2.3853,NA,NA,NA,"Check",230.302733843136,218.395289058326,NA
"Larix","LALA","NEON.PLA.D05.TREE.01260","TREE_048","TREE","D05",2018-10-16,"Live","single bole tree",NA,130,NA,17,24.8,NA,43,"Larix laricina (Du Roi) K. Koch",9.9,285.5,"2018",71,"spruce","Larix laricina (Du Roi) K. Koch","tamarack","Pinaceae","tree","laricina",0.631,"sw5",-2.0773,2.3323,"Larix","conifer","Conifer",0.49,-2.3012,2.3853,NA,NA,NA,"Check",223.933840269819,212.220401831139,NA
"Larix","LALA","NEON.PLA.D05.TREE.02586","TREE_009","TREE","D05",2017-10-26,"Live","single bole tree","Full sun",130,NA,20.8,27.9,NA,31,"Larix laricina (Du Roi) K. Koch",8.9,32.6,"2017",71,"spruce","Larix laricina (Du Roi) K. Koch","tamarack","Pinaceae","tree","laricina",0.631,"sw5",-2.0773,2.3323,"Larix","conifer","Conifer",0.49,-2.3012,2.3853,NA,NA,NA,"Check",294.728922277613,281.06142531149,NA
"Larix","LALA","NEON.PLA.D05.TREE.01239","TREE_048","TREE","D05",2016-10-19,"Live","single bole tree",NA,130,NA,16,14.3,NA,59,"Larix laricina (Du Roi) K. Koch",5.8,171.7,"2016",71,"spruce","Larix laricina (Du Roi) K. Koch","tamarack","Pinaceae","tree","laricina",0.631,"sw5",-2.0773,2.3323,"Larix","conifer","Conifer",0.49,-2.3012,2.3853,NA,NA,NA,"Check",62.0055141358375,57.072196648976,NA
"Larix","LALA","NEON.PLA.D05.TREE.01519","TREE_012","TREE","D05",2019-10-17,"Standing dead","small tree",NA,130,NA,1.8,1.7,NA,NA,"Larix laricina (Du Roi) K. Koch",NA,NA,"2019",71,"spruce","Larix laricina (Du Roi) K. Koch","tamarack","Pinaceae","tree","laricina",0.631,"sw5",-2.0773,2.3323,"Larix","conifer","Conifer",0.49,-2.3012,2.3853,NA,NA,NA,"Check",0.147545023750692,0.118386281876078,NA
"Larix","LALA","NEON.PLA.D05.TREE.01048","TREE_048","TREE","D05",2015-08-05,"Live","single bole tree","Full sun",130,NA,18.4,25.9,NA,59,"Larix laricina (Du Roi) K. Koch",7.3,105.6,"2015",71,"spruce","Larix laricina (Du Roi) K. Koch","tamarack","Pinaceae","tree","laricina",0.631,"sw5",-2.0773,2.3323,"Larix","conifer","Conifer",0.49,-2.3012,2.3853,NA,NA,NA,"Check",247.787339407856,235.36694237511,NA
"Larix","LALA","NEON.PLA.D05.TREE.02588","TREE_009","TREE","D05",2019-10-16,"Live","single bole tree","Mostly shaded",130,NA,19.6,15.9,NA,31,"Larix laricina (Du Roi) K. Koch",6.5,26.3,"2019",71,"spruce","Larix laricina (Du Roi) K. Koch","tamarack","Pinaceae","tree","laricina",0.631,"sw5",-2.0773,2.3323,"Larix","conifer","Conifer",0.49,-2.3012,2.3853,NA,NA,NA,"Check",79.4069629067793,73.5011440377582,NA
"Larix","LALA","NEON.PLA.D05.TREE.02589","TREE_009","TREE","D05",2019-10-16,"Live","single bole tree","Partially shaded",130,NA,20.5,21.8,NA,31,"Larix laricina (Du Roi) K. Koch",7.6,18.2,"2019",71,"spruce","Larix laricina (Du Roi) K. Koch","tamarack","Pinaceae","tree","laricina",0.631,"sw5",-2.0773,2.3323,"Larix","conifer","Conifer",0.49,-2.3012,2.3853,NA,NA,NA,"Check",165.776189489301,156.034923526162,NA
"Larix","LALA","NEON.PLA.D05.TREE.02589","TREE_009","TREE","D05",2017-10-26,"Live","single bole tree","Partially shaded",130,NA,16.4,21.2,NA,31,"Larix laricina (Du Roi) K. Koch",7.6,18.2,"2017",71,"spruce","Larix laricina (Du Roi) K. Koch","tamarack","Pinaceae","tree","laricina",0.631,"sw5",-2.0773,2.3323,"Larix","conifer","Conifer",0.49,-2.3012,2.3853,NA,NA,NA,"Check",155.329234229291,145.985750649826,NA
"Larix","LALA","NEON.PLA.D05.TREE.01324","TREE_040","TREE","D05",2019-10-23,"Live, physically damaged","single bole tree",NA,130,NA,7.2,25.9,NA,43,"Larix laricina (Du Roi) K. Koch",9.6,247.4,"2019",71,"spruce","Larix laricina (Du Roi) K. Koch","tamarack","Pinaceae","tree","laricina",0.631,"sw5",-2.0773,2.3323,"Larix","conifer","Conifer",0.49,-2.3012,2.3853,NA,NA,NA,"Check",247.787339407856,235.36694237511,NA
"Larix","LALA","NEON.PLA.D05.TREE.00969","TREE_048","TREE","D05",2015-08-05,"Live","single bole tree","Partially shaded",130,NA,17.6,30.6,NA,57,"Larix laricina (Du Roi) K. Koch",6.7,147.7,"2015",71,"spruce","Larix laricina (Du Roi) K. Koch","tamarack","Pinaceae","tree","laricina",0.631,"sw5",-2.0773,2.3323,"Larix","conifer","Conifer",0.49,-2.3012,2.3853,NA,NA,NA,"Check",365.584821083333,350.342525906139,NA
"Larix","LALA","NEON.PLA.D05.TREE.00931","TREE_048","TREE","D05",2015-08-05,"Live","single bole tree","Partially shaded",130,NA,12,12.4,NA,59,"Larix laricina (Du Roi) K. Koch",9.2,268.6,"2015",71,"spruce","Larix laricina (Du Roi) K. Koch","tamarack","Pinaceae","tree","laricina",0.631,"sw5",-2.0773,2.3323,"Larix","conifer","Conifer",0.49,-2.3012,2.3853,NA,NA,NA,"Check",44.4659391204555,40.6200341194641,NA
"Larix","LALA","NEON.PLA.D05.TREE.00931","TREE_048","TREE","D05",2016-10-19,"Live","single bole tree",NA,130,NA,12.9,12.5,NA,59,"Larix laricina (Du Roi) K. Koch",9.2,268.6,"2016",71,"spruce","Larix laricina (Du Roi) K. Koch","tamarack","Pinaceae","tree","laricina",0.631,"sw5",-2.0773,2.3323,"Larix","conifer","Conifer",0.49,-2.3012,2.3853,NA,NA,NA,"Check",45.3067902826582,41.405782097439,NA
"Larix","LALA","NEON.PLA.D05.TREE.02571","TREE_009","TREE","D05",2017-10-26,"Live","single bole tree","Full sun",130,NA,20.3,31.1,NA,33,"Larix laricina (Du Roi) K. Koch",11.4,336.2,"2017",71,"spruce","Larix laricina (Du Roi) K. Koch","tamarack","Pinaceae","tree","laricina",0.631,"sw5",-2.0773,2.3323,"Larix","conifer","Conifer",0.49,-2.3012,2.3853,NA,NA,NA,"Check",379.668990957632,364.152163217107,NA
"Larix","LALA","NEON.PLA.D05.TREE.01038","TREE_048","TREE","D05",2015-08-05,"Live","single bole tree","Partially shaded",130,NA,13.7,19.5,NA,59,"Larix laricina (Du Roi) K. Koch",7.7,132.3,"2015",71,"spruce","Larix laricina (Du Roi) K. Koch","tamarack","Pinaceae","tree","laricina",0.631,"sw5",-2.0773,2.3323,"Larix","conifer","Conifer",0.49,-2.3012,2.3853,NA,NA,NA,"Check",127.816757736771,119.597223303775,NA
"Larix","LALA","NEON.PLA.D05.TREE.01038","TREE_048","TREE","D05",2016-10-19,"Live","single bole tree",NA,130,NA,17,19.5,NA,59,"Larix laricina (Du Roi) K. Koch",7.7,132.3,"2016",71,"spruce","Larix laricina (Du Roi) K. Koch","tamarack","Pinaceae","tree","laricina",0.631,"sw5",-2.0773,2.3323,"Larix","conifer","Conifer",0.49,-2.3012,2.3853,NA,NA,NA,"Check",127.816757736771,119.597223303775,NA
"Larix","LALA","NEON.PLA.D05.TREE.01492A","TREE_040","TREE","D05",2020-09-29,"Live","multi-bole tree",NA,165,NA,NA,20.2,NA,NA,"Larix laricina (Du Roi) K. Koch",NA,NA,"2020",71,"spruce","Larix laricina (Du Roi) K. Koch","tamarack","Pinaceae","tree","laricina",0.631,"sw5",-2.0773,2.3323,"Larix","conifer","Conifer",0.49,-2.3012,2.3853,NA,NA,NA,"Check",138.774947499012,130.09366828777,NA
"Larix","LALA","NEON.PLA.D05.TREE.01492B","TREE_040","TREE","D05",2021-10-05,"Live, physically damaged","multi-bole tree",NA,160,NA,NA,19.5,NA,NA,"Larix laricina (Du Roi) K. Koch",NA,NA,"2021",71,"spruce","Larix laricina (Du Roi) K. Koch","tamarack","Pinaceae","tree","laricina",0.631,"sw5",-2.0773,2.3323,"Larix","conifer","Conifer",0.49,-2.3012,2.3853,NA,NA,NA,"Check",127.816757736771,119.597223303775,NA
"Larix","LALA","NEON.PLA.D05.TREE.01492B","TREE_040","TREE","D05",2020-09-29,"Live","multi-bole tree",NA,160,NA,NA,19.4,NA,NA,"Larix laricina (Du Roi) K. Koch",NA,NA,"2020",71,"spruce","Larix laricina (Du Roi) K. Koch","tamarack","Pinaceae","tree","laricina",0.631,"sw5",-2.0773,2.3323,"Larix","conifer","Conifer",0.49,-2.3012,2.3853,NA,NA,NA,"Check",126.293223256858,118.139466317456,NA
"Larix","LALA","NEON.PLA.D05.TREE.02574","TREE_009","TREE","D05",2019-10-16,"Live","single bole tree","Full sun",130,NA,21.3,35,NA,33,"Larix laricina (Du Roi) K. Koch",5.2,0.1,"2019",71,"spruce","Larix laricina (Du Roi) K. Koch","tamarack","Pinaceae","tree","laricina",0.631,"sw5",-2.0773,2.3323,"Larix","conifer","Conifer",0.49,-2.3012,2.3853,NA,NA,NA,"Check",500.115105942129,482.688602817286,NA
"Larix","LALA","NEON.PLA.D05.TREE.02665","TREE_012","TREE","D05",2019-10-17,"Live","single bole tree","Partially shaded",130,NA,20,29.9,NA,41,"Larix laricina (Du Roi) K. Koch",5,341.5,"2019",71,"spruce","Larix laricina (Du Roi) K. Koch","tamarack","Pinaceae","tree","laricina",0.631,"sw5",-2.0773,2.3323,"Larix","conifer","Conifer",0.49,-2.3012,2.3853,NA,NA,NA,"Check",346.376153654409,331.527855014903,NA
"Larix","LALA","NEON.PLA.D05.TREE.02645","TREE_012","TREE","D05",2017-10-30,"Live","single bole tree","Partially shaded",130,NA,23.2,26.3,NA,33,"Larix laricina (Du Roi) K. Koch",8,307.5,"2017",71,"spruce","Larix laricina (Du Roi) K. Koch","tamarack","Pinaceae","tree","laricina",0.631,"sw5",-2.0773,2.3323,"Larix","conifer","Conifer",0.49,-2.3012,2.3853,NA,NA,NA,"Check",256.804639144787,244.130468812326,NA
"Larix","LALA","NEON.PLA.D05.TREE.02575","TREE_009","TREE","D05",2017-10-26,"Standing dead","single bole tree","Mostly shaded",130,NA,10.7,11.5,NA,33,"Larix laricina (Du Roi) K. Koch",3.2,357.3,"2017",71,"spruce","Larix laricina (Du Roi) K. Koch","tamarack","Pinaceae","tree","laricina",0.631,"sw5",-2.0773,2.3323,"Larix","conifer","Conifer",0.49,-2.3012,2.3853,NA,NA,NA,"Check",37.2997263660338,33.9378321062625,NA
"Larix","LALA","NEON.PLA.D05.TREE.01229","TREE_048","TREE","D05",2018-10-16,"Live","single bole tree",NA,130,NA,15.1,17.9,NA,59,"Larix laricina (Du Roi) K. Koch",8.3,130.5,"2018",71,"spruce","Larix laricina (Du Roi) K. Koch","tamarack","Pinaceae","tree","laricina",0.631,"sw5",-2.0773,2.3323,"Larix","conifer","Conifer",0.49,-2.3012,2.3853,NA,NA,NA,"Check",104.681321583967,97.5061195211074,NA
"Larix","LALA","NEON.PLA.D05.TREE.01038","TREE_048","TREE","D05",2018-10-16,"Live","single bole tree",NA,130,NA,17.3,19.6,NA,59,"Larix laricina (Du Roi) K. Koch",7.7,132.3,"2018",71,"spruce","Larix laricina (Du Roi) K. Koch","tamarack","Pinaceae","tree","laricina",0.631,"sw5",-2.0773,2.3323,"Larix","conifer","Conifer",0.49,-2.3012,2.3853,NA,NA,NA,"Check",129.350737129112,121.065373231793,NA
"Larix","LALA","NEON.PLA.D05.TREE.01027","TREE_048","TREE","D05",2015-08-05,"Live","single bole tree","Full sun",130,NA,16.9,15.6,NA,61,"Larix laricina (Du Roi) K. Koch",9.5,261.1,"2015",71,"spruce","Larix laricina (Du Roi) K. Koch","tamarack","Pinaceae","tree","laricina",0.631,"sw5",-2.0773,2.3323,"Larix","conifer","Conifer",0.49,-2.3012,2.3853,NA,NA,NA,"Check",75.956435081385,70.2363028355662,NA
"Larix","LALA","NEON.PLA.D05.TREE.01273","TREE_048","TREE","D05",2018-10-16,"Live","single bole tree",NA,130,NA,17.6,23.2,NA,41,"Larix laricina (Du Roi) K. Koch",9,45.5,"2018",71,"spruce","Larix laricina (Du Roi) K. Koch","tamarack","Pinaceae","tree","laricina",0.631,"sw5",-2.0773,2.3323,"Larix","conifer","Conifer",0.49,-2.3012,2.3853,NA,NA,NA,"Check",191.675983314893,181.008941449102,NA
"Larix","LALA","NEON.PLA.D05.TREE.01273","TREE_048","TREE","D05",2015-08-05,"Live","single bole tree","Full sun",130,NA,14.8,23,NA,41,"Larix laricina (Du Roi) K. Koch",9,45.5,"2015",71,"spruce","Larix laricina (Du Roi) K. Koch","tamarack","Pinaceae","tree","laricina",0.631,"sw5",-2.0773,2.3323,"Larix","conifer","Conifer",0.49,-2.3012,2.3853,NA,NA,NA,"Check",187.844249584665,177.309067384992,NA
"Larix","LALA","NEON.PLA.D05.TREE.01218","TREE_048","TREE","D05",2018-10-16,"Live","single bole tree",NA,130,NA,14.8,19.7,NA,61,"Larix laricina (Du Roi) K. Koch",8,198.2,"2018",71,"spruce","Larix laricina (Du Roi) K. Koch","tamarack","Pinaceae","tree","laricina",0.631,"sw5",-2.0773,2.3323,"Larix","conifer","Conifer",0.49,-2.3012,2.3853,NA,NA,NA,"Check",130.895179202746,122.543936604671,NA
"Larix","LALA","NEON.PLA.D05.TREE.01218","TREE_048","TREE","D05",2017-10-18,"Live","single bole tree",NA,130,NA,15.1,19.5,NA,61,"Larix laricina (Du Roi) K. Koch",8,198.2,"2017",71,"spruce","Larix laricina (Du Roi) K. Koch","tamarack","Pinaceae","tree","laricina",0.631,"sw5",-2.0773,2.3323,"Larix","conifer","Conifer",0.49,-2.3012,2.3853,NA,NA,NA,"Check",127.816757736771,119.597223303775,NA
"Larix","LALA","NEON.PLA.D05.TREE.01218","TREE_048","TREE","D05",2021-09-23,"Live","single bole tree","Full sun",130,NA,14.4,20.2,NA,61,"Larix laricina (Du Roi) K. Koch",8,198.2,"2021",71,"spruce","Larix laricina (Du Roi) K. Koch","tamarack","Pinaceae","tree","laricina",0.631,"sw5",-2.0773,2.3323,"Larix","conifer","Conifer",0.49,-2.3012,2.3853,NA,NA,NA,"Check",138.774947499012,130.09366828777,NA
"Larix","LALA","NEON.PLA.D05.TREE.00964","TREE_040","TREE","D05",2020-09-29,"Live","single bole tree","Full sun",130,NA,15.5,41.5,NA,61,"Larix laricina (Du Roi) K. Koch",4.9,203.9,"2020",71,"spruce","Larix laricina (Du Roi) K. Koch","tamarack","Pinaceae","tree","laricina",0.631,"sw5",-2.0773,2.3323,"Larix","conifer","Conifer",0.49,-2.3012,2.3853,NA,NA,NA,"Check",744.069749929469,724.655617739783,NA
"Larix","LALA","NEON.PLA.D05.TREE.01282","TREE_048","TREE","D05",2021-09-23,"Live","single bole tree","Partially shaded",130,NA,18.5,25.9,NA,61,"Larix laricina (Du Roi) K. Koch",6.8,251.2,"2021",71,"spruce","Larix laricina (Du Roi) K. Koch","tamarack","Pinaceae","tree","laricina",0.631,"sw5",-2.0773,2.3323,"Larix","conifer","Conifer",0.49,-2.3012,2.3853,NA,NA,NA,"Check",247.787339407856,235.36694237511,NA
"Larix","LALA","NEON.PLA.D05.TREE.02652","TREE_012","TREE","D05",2017-10-30,"Dead, broken bole","single bole tree",NA,130,NA,14,24.2,NA,41,"Larix laricina (Du Roi) K. Koch",NA,NA,"2017",71,"spruce","Larix laricina (Du Roi) K. Koch","tamarack","Pinaceae","tree","laricina",0.631,"sw5",-2.0773,2.3323,"Larix","conifer","Conifer",0.49,-2.3012,2.3853,NA,NA,NA,"Check",211.501109920839,200.177993023792,NA
"Larix","LALA","NEON.PLA.D05.TREE.00977","TREE_048","TREE","D05",2018-10-16,"Live","single bole tree",NA,130,NA,13.1,19.1,NA,41,"Larix laricina (Du Roi) K. Koch",9.3,299.4,"2018",71,"spruce","Larix laricina (Du Roi) K. Koch","tamarack","Pinaceae","tree","laricina",0.631,"sw5",-2.0773,2.3323,"Larix","conifer","Conifer",0.49,-2.3012,2.3853,NA,NA,NA,"Check",121.785110685641,113.828347002771,NA
"Larix","LALA","NEON.PLA.D05.TREE.02653","TREE_012","TREE","D05",2017-10-30,"Live","single bole tree","Partially shaded",130,NA,15.8,16,NA,41,"Larix laricina (Du Roi) K. Koch",5.8,88.1,"2017",71,"spruce","Larix laricina (Du Roi) K. Koch","tamarack","Pinaceae","tree","laricina",0.631,"sw5",-2.0773,2.3323,"Larix","conifer","Conifer",0.49,-2.3012,2.3853,NA,NA,NA,"Check",80.5766315940639,74.6086072438907,NA
"Larix","LALA","NEON.PLA.D05.TREE.01047","TREE_048","TREE","D05",2015-08-05,"Live","single bole tree","Partially shaded",130,NA,10.8,12.5,NA,59,"Larix laricina (Du Roi) K. Koch",8.3,125,"2015",71,"spruce","Larix laricina (Du Roi) K. Koch","tamarack","Pinaceae","tree","laricina",0.631,"sw5",-2.0773,2.3323,"Larix","conifer","Conifer",0.49,-2.3012,2.3853,NA,NA,NA,"Check",45.3067902826582,41.405782097439,NA
"Larix","LALA","NEON.PLA.D05.TREE.01248","TREE_048","TREE","D05",2015-08-05,"Live","single bole tree","Full sun",130,NA,13.1,26,NA,41,"Larix laricina (Du Roi) K. Koch",12.4,41.8,"2015",71,"spruce","Larix laricina (Du Roi) K. Koch","tamarack","Pinaceae","tree","laricina",0.631,"sw5",-2.0773,2.3323,"Larix","conifer","Conifer",0.49,-2.3012,2.3853,NA,NA,NA,"Check",250.024410632995,237.540389992672,NA
"Larix","LALA","NEON.PLA.D05.TREE.01430","TREE_040","TREE","D05",2015-08-04,"Live","single bole tree","Full sun",130,NA,13,36.2,NA,59,"Larix laricina (Du Roi) K. Koch",8,145.8,"2015",71,"spruce","Larix laricina (Du Roi) K. Koch","tamarack","Pinaceae","tree","laricina",0.631,"sw5",-2.0773,2.3323,"Larix","conifer","Conifer",0.49,-2.3012,2.3853,NA,NA,NA,"Check",541.023427973829,523.105265432226,NA
"Larix","LALA","NEON.PLA.D05.TREE.01047","TREE_048","TREE","D05",2021-09-23,"Live","single bole tree","Partially shaded",130,NA,15.3,13,NA,59,"Larix laricina (Du Roi) K. Koch",8.3,125,"2021",71,"spruce","Larix laricina (Du Roi) K. Koch","tamarack","Pinaceae","tree","laricina",0.631,"sw5",-2.0773,2.3323,"Larix","conifer","Conifer",0.49,-2.3012,2.3853,NA,NA,NA,"Check",49.6466733586978,45.4664050345671,NA
"Larix","LALA","NEON.PLA.D05.TREE.01047","TREE_048","TREE","D05",2016-10-19,"Live","single bole tree",NA,130,NA,15.4,12.6,NA,59,"Larix laricina (Du Roi) K. Koch",8.3,125,"2016",71,"spruce","Larix laricina (Du Roi) K. Koch","tamarack","Pinaceae","tree","laricina",0.631,"sw5",-2.0773,2.3323,"Larix","conifer","Conifer",0.49,-2.3012,2.3853,NA,NA,NA,"Check",46.1566515362556,42.20028650904,NA
"Larix","LALA","NEON.PLA.D05.TREE.01047","TREE_048","TREE","D05",2017-10-18,"Live","single bole tree",NA,130,NA,15.2,12.5,NA,59,"Larix laricina (Du Roi) K. Koch",8.3,125,"2017",71,"spruce","Larix laricina (Du Roi) K. Koch","tamarack","Pinaceae","tree","laricina",0.631,"sw5",-2.0773,2.3323,"Larix","conifer","Conifer",0.49,-2.3012,2.3853,NA,NA,NA,"Check",45.3067902826582,41.405782097439,NA
"Larix","LALA","NEON.PLA.D05.TREE.01048","TREE_048","TREE","D05",2018-10-16,"Live","single bole tree",NA,130,NA,20,25.1,NA,59,"Larix laricina (Du Roi) K. Koch",7.3,105.6,"2018",71,"spruce","Larix laricina (Du Roi) K. Koch","tamarack","Pinaceae","tree","laricina",0.631,"sw5",-2.0773,2.3323,"Larix","conifer","Conifer",0.49,-2.3012,2.3853,NA,NA,NA,"Check",230.302733843136,218.395289058326,NA
"Larix","LALA","NEON.PLA.D05.TREE.01248","TREE_048","TREE","D05",2018-10-16,"Live","single bole tree",NA,130,NA,18,26.5,NA,41,"Larix laricina (Du Roi) K. Koch",12.4,41.8,"2018",71,"spruce","Larix laricina (Du Roi) K. Koch","tamarack","Pinaceae","tree","laricina",0.631,"sw5",-2.0773,2.3323,"Larix","conifer","Conifer",0.49,-2.3012,2.3853,NA,NA,NA,"Check",261.382450080114,248.582139360494,NA
"Larix","LALA","NEON.PLA.D05.TREE.02658","TREE_012","TREE","D05",2019-10-17,"Live","single bole tree","Mostly shaded",130,NA,13.9,24.8,NA,41,"Larix laricina (Du Roi) K. Koch",1.9,42,"2019",71,"spruce","Larix laricina (Du Roi) K. Koch","tamarack","Pinaceae","tree","laricina",0.631,"sw5",-2.0773,2.3323,"Larix","conifer","Conifer",0.49,-2.3012,2.3853,NA,NA,NA,"Check",223.933840269819,212.220401831139,NA
"Larix","LALA","NEON.PLA.D05.TREE.01324","TREE_040","TREE","D05",2015-08-10,"Live, physically damaged","single bole tree","Partially shaded",130,NA,10.1,26.1,NA,43,"Larix laricina (Du Roi) K. Koch",9.6,247.4,"2015",71,"spruce","Larix laricina (Du Roi) K. Koch","tamarack","Pinaceae","tree","laricina",0.631,"sw5",-2.0773,2.3323,"Larix","conifer","Conifer",0.49,-2.3012,2.3853,NA,NA,NA,"Check",252.272974557271,239.725448820368,NA
"Larix","LALA","NEON.PLA.D05.TREE.01048","TREE_048","TREE","D05",2016-10-19,"Live","single bole tree",NA,130,NA,19.9,24.9,NA,59,"Larix laricina (Du Roi) K. Koch",7.3,105.6,"2016",71,"spruce","Larix laricina (Du Roi) K. Koch","tamarack","Pinaceae","tree","laricina",0.631,"sw5",-2.0773,2.3323,"Larix","conifer","Conifer",0.49,-2.3012,2.3853,NA,NA,NA,"Check",226.045470974032,214.267272275826,NA
"Larix","LALA","NEON.PLA.D05.TREE.00979","TREE_048","TREE","D05",2015-08-05,"Live","single bole tree","Open grown",130,NA,18,29.4,NA,59,"Larix laricina (Du Roi) K. Koch",10.8,218.5,"2015",71,"spruce","Larix laricina (Du Roi) K. Koch","tamarack","Pinaceae","tree","laricina",0.631,"sw5",-2.0773,2.3323,"Larix","conifer","Conifer",0.49,-2.3012,2.3853,NA,NA,NA,"Check",333.017112974558,318.456725702186,NA
"Larix","LALA","NEON.PLA.D05.TREE.01011","TREE_048","TREE","D05",2018-10-16,"Live","single bole tree",NA,130,NA,15.7,16.5,NA,59,"Larix laricina (Du Roi) K. Koch",6.2,121.5,"2018",71,"spruce","Larix laricina (Du Roi) K. Koch","tamarack","Pinaceae","tree","laricina",0.631,"sw5",-2.0773,2.3323,"Larix","conifer","Conifer",0.49,-2.3012,2.3853,NA,NA,NA,"Check",86.5720847311769,80.2908379413038,NA
"Larix","LALA","NEON.PLA.D05.TREE.02555","TREE_009","TREE","D05",2019-10-16,"Live","single bole tree","Full sun",130,NA,19.6,31.1,NA,51,"Larix laricina (Du Roi) K. Koch",9.6,263.4,"2019",71,"spruce","Larix laricina (Du Roi) K. Koch","tamarack","Pinaceae","tree","laricina",0.631,"sw5",-2.0773,2.3323,"Larix","conifer","Conifer",0.49,-2.3012,2.3853,NA,NA,NA,"Check",379.668990957632,364.152163217107,NA
"Larix","LALA","NEON.PLA.D05.TREE.02661","TREE_012","TREE","D05",2019-10-17,"Live","single bole tree","Partially shaded",130,NA,20.2,28,NA,41,"Larix laricina (Du Roi) K. Koch",6.8,9.6,"2019",71,"spruce","Larix laricina (Du Roi) K. Koch","tamarack","Pinaceae","tree","laricina",0.631,"sw5",-2.0773,2.3323,"Larix","conifer","Conifer",0.49,-2.3012,2.3853,NA,NA,NA,"Check",297.198593129271,283.470317673178,NA
"Larix","LALA","NEON.PLA.D05.TREE.02541","TREE_009","TREE","D05",2017-10-26,"Live","single bole tree","Partially shaded",130,NA,16.4,16.5,NA,41,"Larix laricina (Du Roi) K. Koch",9.9,321.9,"2017",71,"spruce","Larix laricina (Du Roi) K. Koch","tamarack","Pinaceae","tree","laricina",0.631,"sw5",-2.0773,2.3323,"Larix","conifer","Conifer",0.49,-2.3012,2.3853,NA,NA,NA,"Check",86.5720847311769,80.2908379413038,NA
"Larix","LALA","NEON.PLA.D05.TREE.01038","TREE_048","TREE","D05",2021-09-23,"Live","single bole tree","Partially shaded",130,NA,18,20,NA,59,"Larix laricina (Du Roi) K. Koch",7.7,132.3,"2021",71,"spruce","Larix laricina (Du Roi) K. Koch","tamarack","Pinaceae","tree","laricina",0.631,"sw5",-2.0773,2.3323,"Larix","conifer","Conifer",0.49,-2.3012,2.3853,NA,NA,NA,"Check",135.591458296699,127.04231146422,NA
"Larix","LALA","NEON.PLA.D05.TREE.01038","TREE_048","TREE","D05",2017-10-18,"Live","single bole tree",NA,130,NA,17.7,19.5,NA,59,"Larix laricina (Du Roi) K. Koch",7.7,132.3,"2017",71,"spruce","Larix laricina (Du Roi) K. Koch","tamarack","Pinaceae","tree","laricina",0.631,"sw5",-2.0773,2.3323,"Larix","conifer","Conifer",0.49,-2.3012,2.3853,NA,NA,NA,"Check",127.816757736771,119.597223303775,NA
"Larix","LALA","NEON.PLA.D05.TREE.01196","TREE_048","TREE","D05",2016-10-19,"Live","single bole tree",NA,130,NA,11.8,10.8,NA,39,"Larix laricina (Du Roi) K. Koch",8.4,55.6,"2016",71,"spruce","Larix laricina (Du Roi) K. Koch","tamarack","Pinaceae","tree","laricina",0.631,"sw5",-2.0773,2.3323,"Larix","conifer","Conifer",0.49,-2.3012,2.3853,NA,NA,NA,"Check",32.2176825271974,29.2164350098496,NA
"Larix","LALA","NEON.PLA.D05.TREE.02642","TREE_012","TREE","D05",2019-10-17,"Live","single bole tree","Partially shaded",130,NA,11.9,12.7,NA,33,"Larix laricina (Du Roi) K. Koch",3.5,352.6,"2019",71,"spruce","Larix laricina (Du Roi) K. Koch","tamarack","Pinaceae","tree","laricina",0.631,"sw5",-2.0773,2.3323,"Larix","conifer","Conifer",0.49,-2.3012,2.3853,NA,NA,NA,"Check",47.0155467701548,43.0035742791927,NA
"Larix","LALA","NEON.PLA.D05.TREE.01027","TREE_048","TREE","D05",2021-09-23,"Live","single bole tree","Partially shaded",130,NA,17.6,16.1,NA,61,"Larix laricina (Du Roi) K. Koch",9.5,261.1,"2021",71,"spruce","Larix laricina (Du Roi) K. Koch","tamarack","Pinaceae","tree","laricina",0.631,"sw5",-2.0773,2.3323,"Larix","conifer","Conifer",0.49,-2.3012,2.3853,NA,NA,NA,"Check",81.7560806510027,75.7257006537595,NA
"Larix","LALA","NEON.PLA.D05.TREE.02664","TREE_012","TREE","D05",2019-10-17,"Live","multi-bole tree","Mostly shaded",130,NA,17.3,17.4,NA,41,"Larix laricina (Du Roi) K. Koch",5.1,1.3,"2019",71,"spruce","Larix laricina (Du Roi) K. Koch","tamarack","Pinaceae","tree","laricina",0.631,"sw5",-2.0773,2.3323,"Larix","conifer","Conifer",0.49,-2.3012,2.3853,NA,NA,NA,"Check",97.9880430926372,91.1346773116609,NA
"Larix","LALA","NEON.PLA.D05.TREE.02643","TREE_012","TREE","D05",2017-10-30,"Live","single bole tree","Mostly shaded",130,NA,15.1,19.4,NA,33,"Larix laricina (Du Roi) K. Koch",4.2,338.3,"2017",71,"spruce","Larix laricina (Du Roi) K. Koch","tamarack","Pinaceae","tree","laricina",0.631,"sw5",-2.0773,2.3323,"Larix","conifer","Conifer",0.49,-2.3012,2.3853,NA,NA,NA,"Check",126.293223256858,118.139466317456,NA
"Larix","LALA","NEON.PLA.D05.TREE.02644","TREE_012","TREE","D05",2019-10-17,"Live","single bole tree","Partially shaded",130,NA,15.4,18.4,NA,33,"Larix laricina (Du Roi) K. Koch",4,320.3,"2019",71,"spruce","Larix laricina (Du Roi) K. Koch","tamarack","Pinaceae","tree","laricina",0.631,"sw5",-2.0773,2.3323,"Larix","conifer","Conifer",0.49,-2.3012,2.3853,NA,NA,NA,"Check",111.628395224771,104.128950558596,NA
"Larix","LALA","NEON.PLA.D05.TREE.01263","TREE_048","TREE","D05",2021-09-23,"Live","single bole tree","Partially shaded",130,NA,11.6,13.1,NA,59,"Larix laricina (Du Roi) K. Koch",7.9,138.5,"2021",71,"spruce","Larix laricina (Du Roi) K. Koch","tamarack","Pinaceae","tree","laricina",0.631,"sw5",-2.0773,2.3323,"Larix","conifer","Conifer",0.49,-2.3012,2.3853,NA,NA,NA,"Check",50.5419409022448,46.3050928921266,NA
"Larix","LALA","NEON.PLA.D05.TREE.01263","TREE_048","TREE","D05",2017-10-18,"Live","multi-bole tree",NA,130,NA,11.2,12.9,NA,59,"Larix laricina (Du Roi) K. Koch",7.9,138.5,"2017",71,"spruce","Larix laricina (Du Roi) K. Koch","tamarack","Pinaceae","tree","laricina",0.631,"sw5",-2.0773,2.3323,"Larix","conifer","Conifer",0.49,-2.3012,2.3853,NA,NA,NA,"Check",48.7605341048323,44.6366069413216,NA
"Larix","LALA","NEON.PLA.D05.TREE.02646","TREE_012","TREE","D05",2019-10-17,"Live","single bole tree","Mostly shaded",130,NA,9.6,15.2,NA,33,"Larix laricina (Du Roi) K. Koch",7.1,292.6,"2019",71,"spruce","Larix laricina (Du Roi) K. Koch","tamarack","Pinaceae","tree","laricina",0.631,"sw5",-2.0773,2.3323,"Larix","conifer","Conifer",0.49,-2.3012,2.3853,NA,NA,NA,"Check",71.4914116984433,66.0165840571659,NA
"Larix","LALA","NEON.PLA.D05.TREE.02661","TREE_012","TREE","D05",2017-10-30,"Live","single bole tree","Partially shaded",130,NA,16.3,28.1,NA,41,"Larix laricina (Du Roi) K. Koch",6.8,9.6,"2017",71,"spruce","Larix laricina (Du Roi) K. Koch","tamarack","Pinaceae","tree","laricina",0.631,"sw5",-2.0773,2.3323,"Larix","conifer","Conifer",0.49,-2.3012,2.3853,NA,NA,NA,"Check",299.68004321425,285.891157568471,NA
"Larix","LALA","NEON.PLA.D05.TREE.01229","TREE_048","TREE","D05",2016-10-19,"Live","single bole tree",NA,130,NA,17,17.6,NA,59,"Larix laricina (Du Roi) K. Koch",8.3,130.5,"2016",71,"spruce","Larix laricina (Du Roi) K. Koch","tamarack","Pinaceae","tree","laricina",0.631,"sw5",-2.0773,2.3323,"Larix","conifer","Conifer",0.49,-2.3012,2.3853,NA,NA,NA,"Check",100.63505027268,93.6532611516621,NA
"Larix","LALA","NEON.PLA.D05.TREE.01229","TREE_048","TREE","D05",2015-08-05,"Live","single bole tree","Partially shaded",130,NA,13.9,17.7,NA,59,"Larix laricina (Du Roi) K. Koch",8.3,130.5,"2015",71,"spruce","Larix laricina (Du Roi) K. Koch","tamarack","Pinaceae","tree","laricina",0.631,"sw5",-2.0773,2.3323,"Larix","conifer","Conifer",0.49,-2.3012,2.3853,NA,NA,NA,"Check",101.973686946569,94.927527760325,NA
"Larix","LALA","NEON.PLA.D05.TREE.02648","TREE_012","TREE","D05",2017-10-30,"Live","single bole tree","Partially shaded",130,NA,19,26.4,NA,51,"Larix laricina (Du Roi) K. Koch",6.2,260.7,"2017",71,"spruce","Larix laricina (Du Roi) K. Koch","tamarack","Pinaceae","tree","laricina",0.631,"sw5",-2.0773,2.3323,"Larix","conifer","Conifer",0.49,-2.3012,2.3853,NA,NA,NA,"Check",259.087769035335,246.350464228841,NA
"Larix","LALA","NEON.PLA.D05.TREE.01218","TREE_048","TREE","D05",2016-10-19,"Live","single bole tree",NA,130,NA,14.3,19.4,NA,61,"Larix laricina (Du Roi) K. Koch",8,198.2,"2016",71,"spruce","Larix laricina (Du Roi) K. Koch","tamarack","Pinaceae","tree","laricina",0.631,"sw5",-2.0773,2.3323,"Larix","conifer","Conifer",0.49,-2.3012,2.3853,NA,NA,NA,"Check",126.293223256858,118.139466317456,NA
"Larix","LALA","NEON.PLA.D05.TREE.02657","TREE_012","TREE","D05",2017-10-30,"Standing dead","single bole tree",NA,130,NA,17.1,18.6,NA,41,"Larix laricina (Du Roi) K. Koch",3.8,47,"2017",71,"spruce","Larix laricina (Du Roi) K. Koch","tamarack","Pinaceae","tree","laricina",0.631,"sw5",-2.0773,2.3323,"Larix","conifer","Conifer",0.49,-2.3012,2.3853,NA,NA,NA,"Check",114.478811642303,106.849074332995,NA
"Larix","LALA","NEON.PLA.D05.TREE.00964","TREE_040","TREE","D05",2017-10-19,"Live","single bole tree",NA,130,NA,16.9,40.6,NA,61,"Larix laricina (Du Roi) K. Koch",4.9,203.9,"2017",71,"spruce","Larix laricina (Du Roi) K. Koch","tamarack","Pinaceae","tree","laricina",0.631,"sw5",-2.0773,2.3323,"Larix","conifer","Conifer",0.49,-2.3012,2.3853,NA,NA,NA,"Check",706.977090638924,687.731134914919,NA
"Larix","LALA","NEON.PLA.D05.TREE.01245","TREE_048","TREE","D05",2021-09-23,"Live","single bole tree","Partially shaded",130,NA,15.2,14,NA,61,"Larix laricina (Du Roi) K. Koch",6.2,258.7,"2021",71,"spruce","Larix laricina (Du Roi) K. Koch","tamarack","Pinaceae","tree","laricina",0.631,"sw5",-2.0773,2.3323,"Larix","conifer","Conifer",0.49,-2.3012,2.3853,NA,NA,NA,"Check",59.0139236340881,54.2576202682992,NA
"Larix","LALA","NEON.PLA.D05.TREE.02651","TREE_012","TREE","D05",2017-10-30,"Live","single bole tree","Partially shaded",130,NA,18.5,21.3,NA,51,"Larix laricina (Du Roi) K. Koch",8.6,183.8,"2017",71,"spruce","Larix laricina (Du Roi) K. Koch","tamarack","Pinaceae","tree","laricina",0.631,"sw5",-2.0773,2.3323,"Larix","conifer","Conifer",0.49,-2.3012,2.3853,NA,NA,NA,"Check",157.043447965042,147.63366673214,NA
"Larix","LALA","NEON.PLA.D05.TREE.02651","TREE_012","TREE","D05",2019-10-17,"Live","single bole tree","Full sun",130,NA,19.4,21.8,NA,51,"Larix laricina (Du Roi) K. Koch",8.6,183.8,"2019",71,"spruce","Larix laricina (Du Roi) K. Koch","tamarack","Pinaceae","tree","laricina",0.631,"sw5",-2.0773,2.3323,"Larix","conifer","Conifer",0.49,-2.3012,2.3853,NA,NA,NA,"Check",165.776189489301,156.034923526162,NA
"Larix","LALA","NEON.PLA.D05.TREE.00964","TREE_040","TREE","D05",2021-10-05,"Live","single bole tree","Full sun",130,NA,17.5,42.1,NA,61,"Larix laricina (Du Roi) K. Koch",4.9,203.9,"2021",71,"spruce","Larix laricina (Du Roi) K. Koch","tamarack","Pinaceae","tree","laricina",0.631,"sw5",-2.0773,2.3323,"Larix","conifer","Conifer",0.49,-2.3012,2.3853,NA,NA,NA,"Check",769.401812161653,749.897009072217,NA
"Larix","LALA","NEON.PLA.D05.TREE.00977","TREE_048","TREE","D05",2021-09-23,"Live","single bole tree","Partially shaded",130,NA,13.8,20.3,NA,41,"Larix laricina (Du Roi) K. Koch",9.3,299.4,"2021",71,"spruce","Larix laricina (Du Roi) K. Koch","tamarack","Pinaceae","tree","laricina",0.631,"sw5",-2.0773,2.3323,"Larix","conifer","Conifer",0.49,-2.3012,2.3853,NA,NA,NA,"Check",140.382535457925,131.635139337309,NA
"Larix","LALA","NEON.PLA.D05.TREE.02653","TREE_012","TREE","D05",2019-10-17,"Live","single bole tree","Partially shaded",130,NA,17.8,16.5,NA,41,"Larix laricina (Du Roi) K. Koch",5.8,88.1,"2019",71,"spruce","Larix laricina (Du Roi) K. Koch","tamarack","Pinaceae","tree","laricina",0.631,"sw5",-2.0773,2.3323,"Larix","conifer","Conifer",0.49,-2.3012,2.3853,NA,NA,NA,"Check",86.5720847311769,80.2908379413038,NA
"Larix","LALA","NEON.PLA.D05.TREE.02541","TREE_009","TREE","D05",2019-10-16,"Live","single bole tree","Partially shaded",130,NA,14.2,16.8,NA,41,"Larix laricina (Du Roi) K. Koch",9.9,321.9,"2019",71,"spruce","Larix laricina (Du Roi) K. Koch","tamarack","Pinaceae","tree","laricina",0.631,"sw5",-2.0773,2.3323,"Larix","conifer","Conifer",0.49,-2.3012,2.3853,NA,NA,NA,"Check",90.2877666550668,83.8169335227651,NA
"Larix","LALA","NEON.PLA.D05.TREE.01047","TREE_048","TREE","D05",2018-10-16,"Live","single bole tree",NA,130,NA,15.1,12.8,NA,59,"Larix laricina (Du Roi) K. Koch",8.3,125,"2018",71,"spruce","Larix laricina (Du Roi) K. Koch","tamarack","Pinaceae","tree","laricina",0.631,"sw5",-2.0773,2.3323,"Larix","conifer","Conifer",0.49,-2.3012,2.3853,NA,NA,NA,"Check",47.8834997470011,43.8156722017835,NA
"Larix","LALA","NEON.PLA.D05.TREE.00931","TREE_048","TREE","D05",2021-09-23,"Live","single bole tree","Partially shaded",130,NA,14.7,14.9,NA,59,"Larix laricina (Du Roi) K. Koch",9.2,268.6,"2021",71,"spruce","Larix laricina (Du Roi) K. Koch","tamarack","Pinaceae","tree","laricina",0.631,"sw5",-2.0773,2.3323,"Larix","conifer","Conifer",0.49,-2.3012,2.3853,NA,NA,NA,"Check",68.2436750811203,62.9510160692088,NA
"Larix","LALA","NEON.PLA.D05.TREE.02656","TREE_012","TREE","D05",2019-10-17,"Live","single bole tree","Partially shaded",130,NA,19.1,13.5,NA,41,"Larix laricina (Du Roi) K. Koch",4.4,57.7,"2019",71,"spruce","Larix laricina (Du Roi) K. Koch","tamarack","Pinaceae","tree","laricina",0.631,"sw5",-2.0773,2.3323,"Larix","conifer","Conifer",0.49,-2.3012,2.3853,NA,NA,NA,"Check",54.2147576832264,49.7492658489398,NA
"Larix","LALA","NEON.PLA.D05.TREE.02656","TREE_012","TREE","D05",2017-10-30,"Live","single bole tree","Mostly shaded",130,NA,19.3,13.2,NA,41,"Larix laricina (Du Roi) K. Koch",4.4,57.7,"2017",71,"spruce","Larix laricina (Du Roi) K. Koch","tamarack","Pinaceae","tree","laricina",0.631,"sw5",-2.0773,2.3323,"Larix","conifer","Conifer",0.49,-2.3012,2.3853,NA,NA,NA,"Check",51.4463600092717,47.1526968000165,NA
"Larix","LALA","NEON.PLA.D05.TREE.01027","TREE_048","TREE","D05",2017-10-18,"Live","single bole tree",NA,130,NA,15.8,15.9,NA,61,"Larix laricina (Du Roi) K. Koch",9.5,261.1,"2017",71,"spruce","Larix laricina (Du Roi) K. Koch","tamarack","Pinaceae","tree","laricina",0.631,"sw5",-2.0773,2.3323,"Larix","conifer","Conifer",0.49,-2.3012,2.3853,NA,NA,NA,"Check",79.4069629067793,73.5011440377582,NA
"Larix","LALA","NEON.PLA.D05.TREE.02657","TREE_012","TREE","D05",2019-10-17,"Standing dead","single bole tree","Mostly shaded",130,NA,17.8,18.3,NA,41,"Larix laricina (Du Roi) K. Koch",3.8,47,"2019",71,"spruce","Larix laricina (Du Roi) K. Koch","tamarack","Pinaceae","tree","laricina",0.631,"sw5",-2.0773,2.3323,"Larix","conifer","Conifer",0.49,-2.3012,2.3853,NA,NA,NA,"Check",110.21856422047,102.784143812359,NA
"Larix","LALA","NEON.PLA.D05.TREE.01324","TREE_040","TREE","D05",2020-09-29,"Live, physically damaged","single bole tree","Partially shaded",130,NA,10.4,26,NA,43,"Larix laricina (Du Roi) K. Koch",9.6,247.4,"2020",71,"spruce","Larix laricina (Du Roi) K. Koch","tamarack","Pinaceae","tree","laricina",0.631,"sw5",-2.0773,2.3323,"Larix","conifer","Conifer",0.49,-2.3012,2.3853,NA,NA,NA,"Check",250.024410632995,237.540389992672,NA
"Larix","LALA","NEON.PLA.D05.TREE.02664A","TREE_012","TREE","D05",2019-10-17,"Dead, broken bole","multi-bole tree","Mostly shaded",145,NA,17.3,7,NA,NA,"Larix laricina (Du Roi) K. Koch",NA,NA,"2019",71,"spruce","Larix laricina (Du Roi) K. Koch","tamarack","Pinaceae","tree","laricina",0.631,"sw5",-2.0773,2.3323,"Larix","conifer","Conifer",0.49,-2.3012,2.3853,NA,NA,NA,"Check",4.0037846115086,3.46277221164576,NA
"Larix","LALA","NEON.PLA.D05.TREE.01324","TREE_040","TREE","D05",2016-10-20,"Live,  other damage","single bole tree",NA,130,NA,10,25.9,NA,43,"Larix laricina (Du Roi) K. Koch",9.6,247.4,"2016",71,"spruce","Larix laricina (Du Roi) K. Koch","tamarack","Pinaceae","tree","laricina",0.631,"sw5",-2.0773,2.3323,"Larix","conifer","Conifer",0.49,-2.3012,2.3853,NA,NA,NA,"Check",247.787339407856,235.36694237511,NA
"Larix","LALA","NEON.PLA.D05.TREE.00979","TREE_048","TREE","D05",2018-10-16,"Live","single bole tree",NA,130,NA,17.9,29.9,NA,59,"Larix laricina (Du Roi) K. Koch",10.8,218.5,"2018",71,"spruce","Larix laricina (Du Roi) K. Koch","tamarack","Pinaceae","tree","laricina",0.631,"sw5",-2.0773,2.3323,"Larix","conifer","Conifer",0.49,-2.3012,2.3853,NA,NA,NA,"Check",346.376153654409,331.527855014903,NA
"Larix","LALA","NEON.PLA.D05.TREE.01492","TREE_040","TREE","D05",2021-10-05,"Live, physically damaged","multi-bole tree","Partially shaded",140,NA,8.7,19,NA,43,"Larix laricina (Du Roi) K. Koch",6.9,291.3,"2021",71,"spruce","Larix laricina (Du Roi) K. Koch","tamarack","Pinaceae","tree","laricina",0.631,"sw5",-2.0773,2.3323,"Larix","conifer","Conifer",0.49,-2.3012,2.3853,NA,NA,NA,"Check",120.303176939898,112.41195544876,NA
"Larix","LALA","NEON.PLA.D05.TREE.03044","TREE_012","TREE","D05",2019-10-17,"Standing dead","single bole tree","Mostly shaded",130,NA,13,16.2,NA,33,"Larix laricina (Du Roi) K. Koch",5.7,315,"2019",71,"spruce","Larix laricina (Du Roi) K. Koch","tamarack","Pinaceae","tree","laricina",0.631,"sw5",-2.0773,2.3323,"Larix","conifer","Conifer",0.49,-2.3012,2.3853,NA,NA,NA,"Check",82.9453303480515,76.8524474137919,NA
"Larix","LALA","NEON.PLA.D05.TREE.02646","TREE_012","TREE","D05",2017-10-30,"Live","single bole tree","Partially shaded",130,NA,10.2,15.5,NA,33,"Larix laricina (Du Roi) K. Koch",7.1,292.6,"2017",71,"spruce","Larix laricina (Du Roi) K. Koch","tamarack","Pinaceae","tree","laricina",0.631,"sw5",-2.0773,2.3323,"Larix","conifer","Conifer",0.49,-2.3012,2.3853,NA,NA,NA,"Check",74.8256834593093,69.1671271844409,NA
"Larix","LALA","NEON.PLA.D05.TREE.01492","TREE_040","TREE","D05",2017-10-19,"Live","single bole tree",NA,130,NA,13.4,47.1,NA,43,"Larix laricina (Du Roi) K. Koch",6.9,291.3,"2017",71,"spruce","Larix laricina (Du Roi) K. Koch","tamarack","Pinaceae","tree","laricina",0.631,"sw5",-2.0773,2.3323,"Larix","conifer","Conifer",0.49,-2.3012,2.3853,NA,NA,NA,"Check",999.601120875781,980.072736019682,NA
"Larix","LALA","NEON.PLA.D05.TREE.01492A","TREE_040","TREE","D05",2021-10-05,"Live, physically damaged","multi-bole tree",NA,165,NA,NA,20.5,NA,NA,"Larix laricina (Du Roi) K. Koch",NA,NA,"2021",71,"spruce","Larix laricina (Du Roi) K. Koch","tamarack","Pinaceae","tree","laricina",0.631,"sw5",-2.0773,2.3323,"Larix","conifer","Conifer",0.49,-2.3012,2.3853,NA,NA,NA,"Check",143.629484873475,134.749767035109,NA
"Larix","LALA","NEON.PLA.D05.TREE.02664","TREE_012","TREE","D05",2017-10-30,"Live","single bole tree","Mostly shaded",130,NA,17.2,17.3,NA,41,"Larix laricina (Du Roi) K. Koch",5.1,1.3,"2017",71,"spruce","Larix laricina (Du Roi) K. Koch","tamarack","Pinaceae","tree","laricina",0.631,"sw5",-2.0773,2.3323,"Larix","conifer","Conifer",0.49,-2.3012,2.3853,NA,NA,NA,"Check",96.6796343203744,89.8903161842756,NA
"Larix","LALA","NEON.PLA.D05.TREE.01027","TREE_048","TREE","D05",2018-10-16,"Live","single bole tree",NA,130,NA,16.1,15.7,NA,61,"Larix laricina (Du Roi) K. Koch",9.5,261.1,"2018",71,"spruce","Larix laricina (Du Roi) K. Koch","tamarack","Pinaceae","tree","laricina",0.631,"sw5",-2.0773,2.3323,"Larix","conifer","Conifer",0.49,-2.3012,2.3853,NA,NA,NA,"Check",77.0968851346093,71.3150152045904,NA
"Larix","LALA","NEON.PLA.D05.TREE.00931","TREE_048","TREE","D05",2017-10-18,"Live","single bole tree",NA,130,NA,13.4,12.8,NA,59,"Larix laricina (Du Roi) K. Koch",9.2,268.6,"2017",71,"spruce","Larix laricina (Du Roi) K. Koch","tamarack","Pinaceae","tree","laricina",0.631,"sw5",-2.0773,2.3323,"Larix","conifer","Conifer",0.49,-2.3012,2.3853,NA,NA,NA,"Check",47.8834997470011,43.8156722017835,NA
"Larix","LALA","NEON.PLA.D05.TREE.00964","TREE_040","TREE","D05",2015-08-04,"Live","single bole tree","Open grown",130,NA,15.4,39.1,NA,61,"Larix laricina (Du Roi) K. Koch",4.9,203.9,"2015",71,"spruce","Larix laricina (Du Roi) K. Koch","tamarack","Pinaceae","tree","laricina",0.631,"sw5",-2.0773,2.3323,"Larix","conifer","Conifer",0.49,-2.3012,2.3853,NA,NA,NA,"Check",647.55091893514,628.667135645324,NA
"Larix","LALA","NEON.PLA.D05.TREE.01430","TREE_040","TREE","D05",2021-10-05,"Live","single bole tree","Partially shaded",200,NA,13.5,35.6,NA,59,"Larix laricina (Du Roi) K. Koch",8,145.8,"2021",71,"spruce","Larix laricina (Du Roi) K. Koch","tamarack","Pinaceae","tree","laricina",0.631,"sw5",-2.0773,2.3323,"Larix","conifer","Conifer",0.49,-2.3012,2.3853,NA,NA,NA,"Check",520.339629055535,502.661031846568,NA
"Larix","LALA","NEON.PLA.D05.TREE.01248","TREE_048","TREE","D05",2017-10-18,"Live","single bole tree",NA,130,NA,18,26.5,NA,41,"Larix laricina (Du Roi) K. Koch",12.4,41.8,"2017",71,"spruce","Larix laricina (Du Roi) K. Koch","tamarack","Pinaceae","tree","laricina",0.631,"sw5",-2.0773,2.3323,"Larix","conifer","Conifer",0.49,-2.3012,2.3853,NA,NA,NA,"Check",261.382450080114,248.582139360494,NA
"Larix","LALA","NEON.PLA.D05.TREE.02665","TREE_012","TREE","D05",2017-10-30,"Live","single bole tree","Partially shaded",130,NA,20.9,31.4,NA,41,"Larix laricina (Du Roi) K. Koch",5,341.5,"2017",71,"spruce","Larix laricina (Du Roi) K. Koch","tamarack","Pinaceae","tree","laricina",0.631,"sw5",-2.0773,2.3323,"Larix","conifer","Conifer",0.49,-2.3012,2.3853,NA,NA,NA,"Check",388.265758073059,372.587111542082,NA
"Larix","LALA","NEON.PLA.D05.TREE.00948A","TREE_048","TREE","D05",2017-10-18,"Live","multi-bole tree",NA,130,NA,NA,8.6,NA,41,"Larix laricina (Du Roi) K. Koch",9.3,296.4,"2017",71,"spruce","Larix laricina (Du Roi) K. Koch","tamarack","Pinaceae","tree","laricina",0.631,"sw5",-2.0773,2.3323,"Larix","conifer","Conifer",0.49,-2.3012,2.3853,NA,NA,NA,"Check",6.47111749256596,5.65810137823006,NA
"Larix","LALA","NEON.PLA.D05.TREE.02586","TREE_009","TREE","D05",2019-10-16,"Live","single bole tree","Full sun",130,NA,22.3,28.5,NA,31,"Larix laricina (Du Roi) K. Koch",8.9,32.6,"2019",71,"spruce","Larix laricina (Du Roi) K. Koch","tamarack","Pinaceae","tree","laricina",0.631,"sw5",-2.0773,2.3323,"Larix","conifer","Conifer",0.49,-2.3012,2.3853,NA,NA,NA,"Check",309.723914647686,295.694320402025,NA
"Larix","LALA","NEON.PLA.D05.TREE.01273","TREE_048","TREE","D05",2016-10-19,"Live","single bole tree",NA,130,NA,17.6,23,NA,41,"Larix laricina (Du Roi) K. Koch",9,45.5,"2016",71,"spruce","Larix laricina (Du Roi) K. Koch","tamarack","Pinaceae","tree","laricina",0.631,"sw5",-2.0773,2.3323,"Larix","conifer","Conifer",0.49,-2.3012,2.3853,NA,NA,NA,"Check",187.844249584665,177.309067384992,NA
"Larix","LALA","NEON.PLA.D05.TREE.02648","TREE_012","TREE","D05",2019-10-17,"Live","single bole tree","Partially shaded",120,NA,18.1,26.7,NA,51,"Larix laricina (Du Roi) K. Koch",6.2,260.7,"2019",71,"spruce","Larix laricina (Du Roi) K. Koch","tamarack","Pinaceae","tree","laricina",0.631,"sw5",-2.0773,2.3323,"Larix","conifer","Conifer",0.49,-2.3012,2.3853,NA,NA,NA,"Check",266.006523680836,253.080596835404,NA
"Larix","LALA","NEON.PLA.D05.TREE.01492","TREE_040","TREE","D05",2016-10-20,"Live,  other damage","single bole tree",NA,130,NA,13.9,41,NA,43,"Larix laricina (Du Roi) K. Koch",6.9,291.3,"2016",71,"spruce","Larix laricina (Du Roi) K. Koch","tamarack","Pinaceae","tree","laricina",0.631,"sw5",-2.0773,2.3323,"Larix","conifer","Conifer",0.49,-2.3012,2.3853,NA,NA,NA,"Check",723.328974039301,704.003586573563,NA
"Larix","LALA","NEON.PLA.D05.TREE.00979","TREE_048","TREE","D05",2017-10-18,"Live","single bole tree",NA,130,NA,17.9,29.6,NA,59,"Larix laricina (Du Roi) K. Koch",10.8,218.5,"2017",71,"spruce","Larix laricina (Du Roi) K. Koch","tamarack","Pinaceae","tree","laricina",0.631,"sw5",-2.0773,2.3323,"Larix","conifer","Conifer",0.49,-2.3012,2.3853,NA,NA,NA,"Check",338.32471951767,323.648543283422,NA
"Larix","LALA","NEON.PLA.D05.TREE.01245","TREE_048","TREE","D05",2017-10-18,"Live","single bole tree",NA,130,NA,13.9,13.8,NA,61,"Larix laricina (Du Roi) K. Koch",6.2,258.7,"2017",71,"spruce","Larix laricina (Du Roi) K. Koch","tamarack","Pinaceae","tree","laricina",0.631,"sw5",-2.0773,2.3323,"Larix","conifer","Conifer",0.49,-2.3012,2.3853,NA,NA,NA,"Check",57.066346093433,52.4270140026644,NA
"Larix","LALA","NEON.PLA.D05.TREE.00978","TREE_048","TREE","D05",2016-10-19,"Live","single bole tree",NA,130,NA,17.7,18,NA,59,"Larix laricina (Du Roi) K. Koch",5.4,215.8,"2016",71,"spruce","Larix laricina (Du Roi) K. Koch","tamarack","Pinaceae","tree","laricina",0.631,"sw5",-2.0773,2.3323,"Larix","conifer","Conifer",0.49,-2.3012,2.3853,NA,NA,NA,"Check",106.050357381735,98.8104881130062,NA
"Larix","LALA","NEON.PLA.D05.TREE.01263","TREE_048","TREE","D05",2018-10-16,"Live","multi-bole tree",NA,130,NA,10.9,12.7,NA,59,"Larix laricina (Du Roi) K. Koch",7.9,138.5,"2018",71,"spruce","Larix laricina (Du Roi) K. Koch","tamarack","Pinaceae","tree","laricina",0.631,"sw5",-2.0773,2.3323,"Larix","conifer","Conifer",0.49,-2.3012,2.3853,NA,NA,NA,"Check",47.0155467701548,43.0035742791927,NA
"Larix","LALA","NEON.PLA.D05.TREE.00977","TREE_048","TREE","D05",2017-10-18,"Live","single bole tree",NA,130,NA,13.1,18.5,NA,41,"Larix laricina (Du Roi) K. Koch",9.3,299.4,"2017",71,"spruce","Larix laricina (Du Roi) K. Koch","tamarack","Pinaceae","tree","laricina",0.631,"sw5",-2.0773,2.3323,"Larix","conifer","Conifer",0.49,-2.3012,2.3853,NA,NA,NA,"Check",113.048471542247,105.483920316745,NA
"Larix","LALA","NEON.PLA.D05.TREE.02647","TREE_012","TREE","D05",2017-10-30,"Live","single bole tree","Partially shaded",130,NA,20.9,27.7,NA,33,"Larix laricina (Du Roi) K. Koch",7.2,295.1,"2017",71,"spruce","Larix laricina (Du Roi) K. Koch","tamarack","Pinaceae","tree","laricina",0.631,"sw5",-2.0773,2.3323,"Larix","conifer","Conifer",0.49,-2.3012,2.3853,NA,NA,NA,"Check",289.824862256137,276.279417317582,NA
"Larix","LALA","NEON.PLA.D05.TREE.01239","TREE_048","TREE","D05",2015-08-05,"Live","single bole tree","Partially shaded",130,NA,13.3,14.5,NA,59,"Larix laricina (Du Roi) K. Koch",5.8,171.7,"2015",71,"spruce","Larix laricina (Du Roi) K. Koch","tamarack","Pinaceae","tree","laricina",0.631,"sw5",-2.0773,2.3323,"Larix","conifer","Conifer",0.49,-2.3012,2.3853,NA,NA,NA,"Check",64.0469811842236,58.9946506872273,NA
"Larix","LALA","NEON.PLA.D05.TREE.01492","TREE_040","TREE","D05",2018-10-18,"Live","single bole tree",NA,130,NA,14.2,43.9,NA,43,"Larix laricina (Du Roi) K. Koch",6.9,291.3,"2018",71,"spruce","Larix laricina (Du Roi) K. Koch","tamarack","Pinaceae","tree","laricina",0.631,"sw5",-2.0773,2.3323,"Larix","conifer","Conifer",0.49,-2.3012,2.3853,NA,NA,NA,"Check",848.320717360521,828.651953229754,NA
"Larix","LALA","NEON.PLA.D05.TREE.02647","TREE_012","TREE","D05",2019-10-17,"Live","single bole tree","Partially shaded",130,NA,20.6,27.5,NA,33,"Larix laricina (Du Roi) K. Koch",7.2,295.1,"2019",71,"spruce","Larix laricina (Du Roi) K. Koch","tamarack","Pinaceae","tree","laricina",0.631,"sw5",-2.0773,2.3323,"Larix","conifer","Conifer",0.49,-2.3012,2.3853,NA,NA,NA,"Check",284.967750777009,271.545001479746,NA
"Larix","LALA","NEON.PLA.D05.TREE.01492","TREE_040","TREE","D05",2019-10-23,"Live","single bole tree",NA,130,NA,9.5,42.2,NA,43,"Larix laricina (Du Roi) K. Koch",6.9,291.3,"2019",71,"spruce","Larix laricina (Du Roi) K. Koch","tamarack","Pinaceae","tree","laricina",0.631,"sw5",-2.0773,2.3323,"Larix","conifer","Conifer",0.49,-2.3012,2.3853,NA,NA,NA,"Check",773.670971305703,754.152764746978,NA
"Larix","LALA","NEON.PLA.D05.TREE.00977","TREE_048","TREE","D05",2015-08-05,"Live","single bole tree","Partially shaded",130,NA,12.2,17.5,NA,41,"Larix laricina (Du Roi) K. Koch",9.3,299.4,"2015",71,"spruce","Larix laricina (Du Roi) K. Koch","tamarack","Pinaceae","tree","laricina",0.631,"sw5",-2.0773,2.3323,"Larix","conifer","Conifer",0.49,-2.3012,2.3853,NA,NA,NA,"Check",99.3065086868876,92.3889849719326,NA
"Larix","LALA","NEON.PLA.D05.TREE.01273","TREE_048","TREE","D05",2017-10-18,"Live","single bole tree",NA,130,NA,17.7,23,NA,41,"Larix laricina (Du Roi) K. Koch",9,45.5,"2017",71,"spruce","Larix laricina (Du Roi) K. Koch","tamarack","Pinaceae","tree","laricina",0.631,"sw5",-2.0773,2.3323,"Larix","conifer","Conifer",0.49,-2.3012,2.3853,NA,NA,NA,"Check",187.844249584665,177.309067384992,NA
"Larix","LALA","NEON.PLA.D05.TREE.03044","TREE_012","TREE","D05",2017-10-30,"Live","single bole tree","Mostly shaded",130,NA,14.7,16.2,NA,33,"Larix laricina (Du Roi) K. Koch",5.7,315,"2017",71,"spruce","Larix laricina (Du Roi) K. Koch","tamarack","Pinaceae","tree","laricina",0.631,"sw5",-2.0773,2.3323,"Larix","conifer","Conifer",0.49,-2.3012,2.3853,NA,NA,NA,"Check",82.9453303480515,76.8524474137919,NA
"Larix","LALA","NEON.PLA.D05.TREE.01263","TREE_048","TREE","D05",2015-08-05,"Live","single bole tree","Partially shaded",130,NA,10.6,12.6,NA,59,"Larix laricina (Du Roi) K. Koch",7.9,138.5,"2015",71,"spruce","Larix laricina (Du Roi) K. Koch","tamarack","Pinaceae","tree","laricina",0.631,"sw5",-2.0773,2.3323,"Larix","conifer","Conifer",0.49,-2.3012,2.3853,NA,NA,NA,"Check",46.1566515362556,42.20028650904,NA
"Larix","LALA","NEON.PLA.D05.TREE.01196","TREE_048","TREE","D05",2017-10-18,"Live","single bole tree",NA,130,NA,11.9,11.2,NA,39,"Larix laricina (Du Roi) K. Koch",8.4,55.6,"2017",71,"spruce","Larix laricina (Du Roi) K. Koch","tamarack","Pinaceae","tree","laricina",0.631,"sw5",-2.0773,2.3323,"Larix","conifer","Conifer",0.49,-2.3012,2.3853,NA,NA,NA,"Check",35.0696367110309,31.86407295278,NA
"Larix","LALA","NEON.PLA.D05.TREE.02663","TREE_012","TREE","D05",2017-10-30,"Live","single bole tree","Mostly shaded",130,NA,13,15.2,NA,41,"Larix laricina (Du Roi) K. Koch",7.3,355.9,"2017",71,"spruce","Larix laricina (Du Roi) K. Koch","tamarack","Pinaceae","tree","laricina",0.631,"sw5",-2.0773,2.3323,"Larix","conifer","Conifer",0.49,-2.3012,2.3853,NA,NA,NA,"Check",71.4914116984433,66.0165840571659,NA
"Ostrya","OSVI","NEON.PLA.D05.TREE.00374","TREE_054","TREE","D05",2021-09-20,"Live","single bole tree","Full shade",130,NA,10.2,12.9,NA,59,"Ostrya virginiana (Mill.) K. Koch",4.3,169.5,"2021",701,"mixed hardwood","Ostrya virginiana (Mill.) K. Koch","hophornbeam","Betulaceae","tree","virginiana",0.84,"hw3",-2.48,2.4835,"BetulaceaeAbove0.60spg","hardwood","Hardwood",0.62,-2.2652,2.5349,NA,NA,NA,"Check",47.9843073756847,67.8375252488693,NA
"Ostrya","OSVI","NEON.PLA.D05.TREE.00484","TREE_051","TREE","D05",2018-10-09,"Live","small tree",NA,130,NA,8.9,5.9,NA,NA,"Ostrya virginiana (Mill.) K. Koch",NA,NA,"2018",701,"mixed hardwood","Ostrya virginiana (Mill.) K. Koch","hophornbeam","Betulaceae","tree","virginiana",0.84,"hw3",-2.48,2.4835,"BetulaceaeAbove0.60spg","hardwood","Hardwood",0.62,-2.2652,2.5349,NA,NA,NA,"Check",4.45972688011764,6.00239354144102,NA
"Ostrya","OSVI","NEON.PLA.D05.TREE.00698","TREE_046","TREE","D05",2016-09-29,"Live","single bole tree",NA,130,NA,11.8,12.6,NA,59,"Ostrya virginiana (Mill.) K. Koch",9,244.1,"2016",701,"mixed hardwood","Ostrya virginiana (Mill.) K. Koch","hophornbeam","Betulaceae","tree","virginiana",0.84,"hw3",-2.48,2.4835,"BetulaceaeAbove0.60spg","hardwood","Hardwood",0.62,-2.2652,2.5349,NA,NA,NA,"Check",45.2605611033702,63.9095021454999,NA
"Ostrya","OSVI","NEON.PLA.D05.TREE.00576","TREE_046","TREE","D05",2016-09-29,"Live","single bole tree",NA,130,NA,12.5,11.9,NA,57,"Ostrya virginiana (Mill.) K. Koch",7.6,161.6,"2016",701,"mixed hardwood","Ostrya virginiana (Mill.) K. Koch","hophornbeam","Betulaceae","tree","virginiana",0.84,"hw3",-2.48,2.4835,"BetulaceaeAbove0.60spg","hardwood","Hardwood",0.62,-2.2652,2.5349,NA,NA,NA,"Check",39.2708736926787,55.2891778497822,NA
"Ostrya","OSVI","NEON.PLA.D05.TREE.00606","TREE_046","TREE","D05",2015-07-28,"Live","small tree","Mostly shaded",130,NA,12.4,9.2,NA,59,"Ostrya virginiana (Mill.) K. Koch",0.7,234,"2015",701,"mixed hardwood","Ostrya virginiana (Mill.) K. Koch","hophornbeam","Betulaceae","tree","virginiana",0.84,"hw3",-2.48,2.4835,"BetulaceaeAbove0.60spg","hardwood","Hardwood",0.62,-2.2652,2.5349,NA,NA,NA,"Check",13.4420145459825,18.5096184031118,NA
"Ostrya","OSVI","NEON.PLA.D05.TREE.00374","TREE_054","TREE","D05",2015-07-30,"Live","single bole tree","Mostly shaded",130,NA,8.4,11.4,NA,59,"Ostrya virginiana (Mill.) K. Koch",4.3,169.5,"2015",701,"mixed hardwood","Ostrya virginiana (Mill.) K. Koch","hophornbeam","Betulaceae","tree","virginiana",0.84,"hw3",-2.48,2.4835,"BetulaceaeAbove0.60spg","hardwood","Hardwood",0.62,-2.2652,2.5349,NA,NA,NA,"Check",35.2998518884918,49.5888740273786,NA
"Ostrya","OSVI","NEON.PLA.D05.TREE.00046","TREE_055","TREE","D05",2016-09-27,"Live,  other damage","single bole tree",NA,130,NA,16.7,13.6,NA,57,"Ostrya virginiana (Mill.) K. Koch",13.5,123,"2016",701,"mixed hardwood","Ostrya virginiana (Mill.) K. Koch","hophornbeam","Betulaceae","tree","virginiana",0.84,"hw3",-2.48,2.4835,"BetulaceaeAbove0.60spg","hardwood","Hardwood",0.62,-2.2652,2.5349,NA,NA,NA,"Check",54.7133823970619,77.5610926145935,NA
"Ostrya","OSVI","NEON.PLA.D05.TREE.00320","TREE_054","TREE","D05",2017-08-30,"Live","single bole tree",NA,130,NA,11.1,11.3,NA,23,"Ostrya virginiana (Mill.) K. Koch",9,339.5,"2017",701,"mixed hardwood","Ostrya virginiana (Mill.) K. Koch","hophornbeam","Betulaceae","tree","virginiana",0.84,"hw3",-2.48,2.4835,"BetulaceaeAbove0.60spg","hardwood","Hardwood",0.62,-2.2652,2.5349,NA,NA,NA,"Check",34.5358380634313,48.4936290452542,NA
"Ostrya","OSVI","NEON.PLA.D05.TREE.00374","TREE_054","TREE","D05",2016-10-18,"Live","single bole tree",NA,130,NA,8.9,11.5,NA,59,"Ostrya virginiana (Mill.) K. Koch",4.3,169.5,"2016",701,"mixed hardwood","Ostrya virginiana (Mill.) K. Koch","hophornbeam","Betulaceae","tree","virginiana",0.84,"hw3",-2.48,2.4835,"BetulaceaeAbove0.60spg","hardwood","Hardwood",0.62,-2.2652,2.5349,NA,NA,NA,"Check",36.0738729508933,50.6989651911257,NA
"Ostrya","OSVI","NEON.PLA.D05.TREE.00483","TREE_051","TREE","D05",2018-10-09,"Live","single bole tree",NA,130,NA,10,11.5,NA,41,"Ostrya virginiana (Mill.) K. Koch",7.8,62.3,"2018",701,"mixed hardwood","Ostrya virginiana (Mill.) K. Koch","hophornbeam","Betulaceae","tree","virginiana",0.84,"hw3",-2.48,2.4835,"BetulaceaeAbove0.60spg","hardwood","Hardwood",0.62,-2.2652,2.5349,NA,NA,NA,"Check",36.0738729508933,50.6989651911257,NA
"Ostrya","OSVI","NEON.PLA.D05.TREE.01091","TREE_047","TREE","D05",2017-10-16,"Live","small tree",NA,130,NA,10,8.8,NA,NA,"Ostrya virginiana (Mill.) K. Koch",NA,NA,"2017",701,"mixed hardwood","Ostrya virginiana (Mill.) K. Koch","hophornbeam","Betulaceae","tree","virginiana",0.84,"hw3",-2.48,2.4835,"BetulaceaeAbove0.60spg","hardwood","Hardwood",0.62,-2.2652,2.5349,NA,NA,NA,"Check",12.0370484361941,16.537156160436,NA
"Ostrya","OSVI","NEON.PLA.D05.TREE.00680","TREE_046","TREE","D05",2018-10-10,"Live","small tree",NA,130,NA,9.6,7.9,NA,NA,"Ostrya virginiana (Mill.) K. Koch",NA,NA,"2018",701,"mixed hardwood","Ostrya virginiana (Mill.) K. Koch","hophornbeam","Betulaceae","tree","virginiana",0.84,"hw3",-2.48,2.4835,"BetulaceaeAbove0.60spg","hardwood","Hardwood",0.62,-2.2652,2.5349,NA,NA,NA,"Check",9.20776386163497,12.5801730597524,NA
"Ostrya","OSVI","NEON.PLA.D05.TREE.00483","TREE_051","TREE","D05",2016-09-28,"Live","single bole tree",NA,130,NA,10.5,12,NA,41,"Ostrya virginiana (Mill.) K. Koch",7.8,62.3,"2016",701,"mixed hardwood","Ostrya virginiana (Mill.) K. Koch","hophornbeam","Betulaceae","tree","virginiana",0.84,"hw3",-2.48,2.4835,"BetulaceaeAbove0.60spg","hardwood","Hardwood",0.62,-2.2652,2.5349,NA,NA,NA,"Check",40.095562396041,56.4745371437266,NA
"Ostrya","OSVI","NEON.PLA.D05.TREE.01091","TREE_047","TREE","D05",2016-10-19,"Live","small tree",NA,130,NA,9.7,8.6,NA,NA,"Ostrya virginiana (Mill.) K. Koch",NA,NA,"2016",701,"mixed hardwood","Ostrya virginiana (Mill.) K. Koch","hophornbeam","Betulaceae","tree","virginiana",0.84,"hw3",-2.48,2.4835,"BetulaceaeAbove0.60spg","hardwood","Hardwood",0.62,-2.2652,2.5349,NA,NA,NA,"Check",11.3690504975021,15.600978052591,NA
"Ostrya","OSVI","NEON.PLA.D05.TREE.00484","TREE_051","TREE","D05",2016-09-28,"Live","small tree",NA,130,NA,8.3,6,NA,NA,"Ostrya virginiana (Mill.) K. Koch",NA,NA,"2016",701,"mixed hardwood","Ostrya virginiana (Mill.) K. Koch","hophornbeam","Betulaceae","tree","virginiana",0.84,"hw3",-2.48,2.4835,"BetulaceaeAbove0.60spg","hardwood","Hardwood",0.62,-2.2652,2.5349,NA,NA,NA,"Check",4.64981765500901,6.26364746438613,NA
"Ostrya","OSVI","NEON.PLA.D05.TREE.01091","TREE_047","TREE","D05",2015-08-06,"Live","small tree","Mostly shaded",130,NA,9.3,8,NA,NA,"Ostrya virginiana (Mill.) K. Koch",NA,NA,"2015",701,"mixed hardwood","Ostrya virginiana (Mill.) K. Koch","hophornbeam","Betulaceae","tree","virginiana",0.84,"hw3",-2.48,2.4835,"BetulaceaeAbove0.60spg","hardwood","Hardwood",0.62,-2.2652,2.5349,NA,NA,NA,"Check",9.49994901535937,12.9877676297486,NA
"Ostrya","OSVI","NEON.PLA.D05.TREE.01091","TREE_047","TREE","D05",2018-10-11,"Live","small tree",NA,130,NA,9.6,9,NA,NA,"Ostrya virginiana (Mill.) K. Koch",NA,NA,"2018",701,"mixed hardwood","Ostrya virginiana (Mill.) K. Koch","hophornbeam","Betulaceae","tree","virginiana",0.84,"hw3",-2.48,2.4835,"BetulaceaeAbove0.60spg","hardwood","Hardwood",0.62,-2.2652,2.5349,NA,NA,NA,"Check",12.7279530312842,17.5065689666058,NA
"Ostrya","OSVI","NEON.PLA.D05.TREE.00535","TREE_053","TREE","D05",2016-09-27,"Live","single bole tree",NA,130,NA,7.4,10,NA,NA,"Ostrya virginiana (Mill.) K. Koch",NA,NA,"2016",701,"mixed hardwood","Ostrya virginiana (Mill.) K. Koch","hophornbeam","Betulaceae","tree","virginiana",0.84,"hw3",-2.48,2.4835,"BetulaceaeAbove0.60spg","hardwood","Hardwood",0.62,-2.2652,2.5349,NA,NA,NA,"Check",16.5347370136258,22.866079117355,NA
"Ostrya","OSVI","NEON.PLA.D05.TREE.00320","TREE_054","TREE","D05",2016-10-18,"Live","single bole tree",NA,130,NA,10.4,11.2,NA,23,"Ostrya virginiana (Mill.) K. Koch",9,339.5,"2016",701,"mixed hardwood","Ostrya virginiana (Mill.) K. Koch","hophornbeam","Betulaceae","tree","virginiana",0.84,"hw3",-2.48,2.4835,"BetulaceaeAbove0.60spg","hardwood","Hardwood",0.62,-2.2652,2.5349,NA,NA,NA,"Check",33.7817889358751,47.4131604417746,NA
"Ostrya","OSVI","NEON.PLA.D05.TREE.00680","TREE_046","TREE","D05",2015-07-28,"Live","small tree","Mostly shaded",130,NA,8.1,7.1,NA,NA,"Ostrya virginiana (Mill.) K. Koch",NA,NA,"2015",701,"mixed hardwood","Ostrya virginiana (Mill.) K. Koch","hophornbeam","Betulaceae","tree","virginiana",0.84,"hw3",-2.48,2.4835,"BetulaceaeAbove0.60spg","hardwood","Hardwood",0.62,-2.2652,2.5349,NA,NA,NA,"Check",7.06313327145438,9.5972429739009,NA
"Ostrya","OSVI","NEON.PLA.D05.TREE.00614","TREE_046","TREE","D05",2022-09-19,"Live","single bole tree","Full shade",130,NA,13.1,10.9,NA,59,"Ostrya virginiana (Mill.) K. Koch",10.3,261,"2022",701,"mixed hardwood","Ostrya virginiana (Mill.) K. Koch","hophornbeam","Betulaceae","tree","virginiana",0.84,"hw3",-2.48,2.4835,"BetulaceaeAbove0.60spg","hardwood","Hardwood",0.62,-2.2652,2.5349,NA,NA,NA,"Check",31.5790014005407,44.2597105320994,NA
"Ostrya","OSVI","NEON.PLA.D05.TREE.00046","TREE_055","TREE","D05",2018-10-10,"Live","single bole tree",NA,130,NA,13.7,13.9,NA,57,"Ostrya virginiana (Mill.) K. Koch",13.5,123,"2018",701,"mixed hardwood","Ostrya virginiana (Mill.) K. Koch","hophornbeam","Betulaceae","tree","virginiana",0.84,"hw3",-2.48,2.4835,"BetulaceaeAbove0.60spg","hardwood","Hardwood",0.62,-2.2652,2.5349,NA,NA,NA,"Check",57.7599676483321,81.9717782926538,NA
"Ostrya","OSVI","NEON.PLA.D05.TREE.00374","TREE_054","TREE","D05",2018-10-09,"Live","single bole tree",NA,130,NA,9.3,12.1,NA,59,"Ostrya virginiana (Mill.) K. Koch",4.3,169.5,"2018",701,"mixed hardwood","Ostrya virginiana (Mill.) K. Koch","hophornbeam","Betulaceae","tree","virginiana",0.84,"hw3",-2.48,2.4835,"BetulaceaeAbove0.60spg","hardwood","Hardwood",0.62,-2.2652,2.5349,NA,NA,NA,"Check",40.930509624014,57.6751555925233,NA
"Ostrya","OSVI","NEON.PLA.D05.TREE.00693","TREE_046","TREE","D05",2022-09-19,"Live","small tree","Full shade",130,NA,10.8,9.1,NA,NA,"Ostrya virginiana (Mill.) K. Koch",NA,NA,"2022",701,"mixed hardwood","Ostrya virginiana (Mill.) K. Koch","hophornbeam","Betulaceae","tree","virginiana",0.84,"hw3",-2.48,2.4835,"BetulaceaeAbove0.60spg","hardwood","Hardwood",0.62,-2.2652,2.5349,NA,NA,NA,"Check",13.0820736449444,18.0038641483594,NA
"Ostrya","OSVI","NEON.PLA.D05.TREE.00639","TREE_046","TREE","D05",2016-09-29,"Live","small tree",NA,130,NA,8.6,9,NA,41,"Ostrya virginiana (Mill.) K. Koch",9.5,334.2,"2016",701,"mixed hardwood","Ostrya virginiana (Mill.) K. Koch","hophornbeam","Betulaceae","tree","virginiana",0.84,"hw3",-2.48,2.4835,"BetulaceaeAbove0.60spg","hardwood","Hardwood",0.62,-2.2652,2.5349,NA,NA,NA,"Check",12.7279530312842,17.5065689666058,NA
"Ostrya","OSVI","NEON.PLA.D05.TREE.00614","TREE_046","TREE","D05",2018-10-10,"Live","single bole tree",NA,130,NA,11.9,10.5,NA,59,"Ostrya virginiana (Mill.) K. Koch",10.3,261,"2018",701,"mixed hardwood","Ostrya virginiana (Mill.) K. Koch","hophornbeam","Betulaceae","tree","virginiana",0.84,"hw3",-2.48,2.4835,"BetulaceaeAbove0.60spg","hardwood","Hardwood",0.62,-2.2652,2.5349,NA,NA,NA,"Check",28.7788416198593,40.257693939914,NA
"Ostrya","OSVI","NEON.PLA.D05.TREE.00616","TREE_046","TREE","D05",2017-09-25,"Live","small tree",NA,130,NA,7,6.3,NA,NA,"Ostrya virginiana (Mill.) K. Koch",NA,NA,"2017",701,"mixed hardwood","Ostrya virginiana (Mill.) K. Koch","hophornbeam","Betulaceae","tree","virginiana",0.84,"hw3",-2.48,2.4835,"BetulaceaeAbove0.60spg","hardwood","Hardwood",0.62,-2.2652,2.5349,NA,NA,NA,"Check",5.24879421855534,7.08826687760305,NA
"Ostrya","OSVI","NEON.PLA.D05.TREE.00598","TREE_046","TREE","D05",2018-10-10,"Live","small tree",NA,130,NA,8.2,6.6,NA,NA,"Ostrya virginiana (Mill.) K. Koch",NA,NA,"2018",701,"mixed hardwood","Ostrya virginiana (Mill.) K. Koch","hophornbeam","Betulaceae","tree","virginiana",0.84,"hw3",-2.48,2.4835,"BetulaceaeAbove0.60spg","hardwood","Hardwood",0.62,-2.2652,2.5349,NA,NA,NA,"Check",5.89161902262027,7.97542111973231,NA
"Ostrya","OSVI","NEON.PLA.D05.TREE.00374","TREE_054","TREE","D05",2017-08-30,"Live","single bole tree",NA,130,NA,9.6,11.7,NA,59,"Ostrya virginiana (Mill.) K. Koch",4.3,169.5,"2017",701,"mixed hardwood","Ostrya virginiana (Mill.) K. Koch","hophornbeam","Betulaceae","tree","virginiana",0.84,"hw3",-2.48,2.4835,"BetulaceaeAbove0.60spg","hardwood","Hardwood",0.62,-2.2652,2.5349,NA,NA,NA,"Check",37.6521059880645,52.9639638579462,NA
"Ostrya","OSVI","NEON.PLA.D05.TREE.00484","TREE_051","TREE","D05",2018-10-09,"Live","small tree",NA,130,NA,8.9,6.4,NA,NA,"Ostrya virginiana (Mill.) K. Koch",NA,NA,"2018",701,"mixed hardwood","Ostrya virginiana (Mill.) K. Koch","hophornbeam","Betulaceae","tree","virginiana",0.84,"hw3",-2.48,2.4835,"BetulaceaeAbove0.60spg","hardwood","Hardwood",0.62,-2.2652,2.5349,NA,NA,NA,"Check",5.45814736696786,7.37695811943192,NA
"Ostrya","OSVI","NEON.PLA.D05.TREE.00616","TREE_046","TREE","D05",2016-09-29,"Live","small tree",NA,130,NA,9.6,6.4,NA,NA,"Ostrya virginiana (Mill.) K. Koch",NA,NA,"2016",701,"mixed hardwood","Ostrya virginiana (Mill.) K. Koch","hophornbeam","Betulaceae","tree","virginiana",0.84,"hw3",-2.48,2.4835,"BetulaceaeAbove0.60spg","hardwood","Hardwood",0.62,-2.2652,2.5349,NA,NA,NA,"Check",5.45814736696786,7.37695811943192,NA
"Ostrya","OSVI","NEON.PLA.D05.TREE.00484","TREE_051","TREE","D05",2017-09-26,"Live","small tree",NA,130,NA,8.7,5.8,NA,NA,"Ostrya virginiana (Mill.) K. Koch",NA,NA,"2017",701,"mixed hardwood","Ostrya virginiana (Mill.) K. Koch","hophornbeam","Betulaceae","tree","virginiana",0.84,"hw3",-2.48,2.4835,"BetulaceaeAbove0.60spg","hardwood","Hardwood",0.62,-2.2652,2.5349,NA,NA,NA,"Check",4.27435622868332,5.74784863366348,NA
"Ostrya","OSVI","NEON.PLA.D05.TREE.00320","TREE_054","TREE","D05",2015-07-30,"Live","single bole tree","Mostly shaded",130,NA,6.2,11,NA,23,"Ostrya virginiana (Mill.) K. Koch",9,339.5,"2015",701,"mixed hardwood","Ostrya virginiana (Mill.) K. Koch","hophornbeam","Betulaceae","tree","virginiana",0.84,"hw3",-2.48,2.4835,"BetulaceaeAbove0.60spg","hardwood","Hardwood",0.62,-2.2652,2.5349,NA,NA,NA,"Check",32.3034136368194,45.2962717155315,NA
"Ostrya","OSVI","NEON.PLA.D05.TREE.00680","TREE_046","TREE","D05",2021-09-21,"Live","small tree","Full shade",130,NA,9.5,8.2,NA,NA,"Ostrya virginiana (Mill.) K. Koch",NA,NA,"2021",701,"mixed hardwood","Ostrya virginiana (Mill.) K. Koch","hophornbeam","Betulaceae","tree","virginiana",0.84,"hw3",-2.48,2.4835,"BetulaceaeAbove0.60spg","hardwood","Hardwood",0.62,-2.2652,2.5349,NA,NA,NA,"Check",10.1007586527101,13.8266966967403,NA
"Ostrya","OSVI","NEON.PLA.D05.TREE.00031","TREE_055","TREE","D05",2016-09-27,"Live","single bole tree",NA,160,NA,10.6,12.7,NA,41,"Ostrya virginiana (Mill.) K. Koch",7.7,83.8,"2016",701,"mixed hardwood","Ostrya virginiana (Mill.) K. Koch","hophornbeam","Betulaceae","tree","virginiana",0.84,"hw3",-2.48,2.4835,"BetulaceaeAbove0.60spg","hardwood","Hardwood",0.62,-2.2652,2.5349,NA,NA,NA,"Check",46.1579195496462,65.2030921377243,NA
"Ostrya","OSVI","NEON.PLA.D05.TREE.00031","TREE_055","TREE","D05",2015-07-29,"Live","single bole tree","Mostly shaded",130,NA,9.4,15.8,NA,41,"Ostrya virginiana (Mill.) K. Koch",7.7,83.8,"2015",701,"mixed hardwood","Ostrya virginiana (Mill.) K. Koch","hophornbeam","Betulaceae","tree","virginiana",0.84,"hw3",-2.48,2.4835,"BetulaceaeAbove0.60spg","hardwood","Hardwood",0.62,-2.2652,2.5349,NA,NA,NA,"Check",79.3989136422341,113.425836108598,NA
"Ostrya","OSVI","NEON.PLA.D05.TREE.00483","TREE_051","TREE","D05",2015-08-03,"Live","single bole tree","Mostly shaded",130,NA,10.8,11.4,NA,41,"Ostrya virginiana (Mill.) K. Koch",7.8,62.3,"2015",701,"mixed hardwood","Ostrya virginiana (Mill.) K. Koch","hophornbeam","Betulaceae","tree","virginiana",0.84,"hw3",-2.48,2.4835,"BetulaceaeAbove0.60spg","hardwood","Hardwood",0.62,-2.2652,2.5349,NA,NA,NA,"Check",35.2998518884918,49.5888740273786,NA
"Ostrya","OSVI","NEON.PLA.D05.TREE.00320","TREE_054","TREE","D05",2021-09-20,"Live","single bole tree","Partially shaded",130,NA,10.8,12.3,NA,23,"Ostrya virginiana (Mill.) K. Koch",9,339.5,"2021",701,"mixed hardwood","Ostrya virginiana (Mill.) K. Koch","hophornbeam","Betulaceae","tree","virginiana",0.84,"hw3",-2.48,2.4835,"BetulaceaeAbove0.60spg","hardwood","Hardwood",0.62,-2.2652,2.5349,NA,NA,NA,"Check",42.631344457986,60.1224412412912,NA
"Ostrya","OSVI","NEON.PLA.D05.TREE.00693","TREE_046","TREE","D05",2018-10-10,"Live","small tree",NA,130,NA,10.1,8.2,NA,NA,"Ostrya virginiana (Mill.) K. Koch",NA,NA,"2018",701,"mixed hardwood","Ostrya virginiana (Mill.) K. Koch","hophornbeam","Betulaceae","tree","virginiana",0.84,"hw3",-2.48,2.4835,"BetulaceaeAbove0.60spg","hardwood","Hardwood",0.62,-2.2652,2.5349,NA,NA,NA,"Check",10.1007586527101,13.8266966967403,NA
"Ostrya","OSVI","NEON.PLA.D05.TREE.00620","TREE_046","TREE","D05",2018-10-10,"Live","single bole tree",NA,130,NA,11.3,11.4,NA,57,"Ostrya virginiana (Mill.) K. Koch",5.6,109,"2018",701,"mixed hardwood","Ostrya virginiana (Mill.) K. Koch","hophornbeam","Betulaceae","tree","virginiana",0.84,"hw3",-2.48,2.4835,"BetulaceaeAbove0.60spg","hardwood","Hardwood",0.62,-2.2652,2.5349,NA,NA,NA,"Check",35.2998518884918,49.5888740273786,NA
"Ostrya","OSVI","NEON.PLA.D05.TREE.00353","TREE_051","TREE","D05",2017-09-26,"Live","small tree",NA,130,NA,5.1,3.7,NA,NA,"Ostrya virginiana (Mill.) K. Koch",NA,NA,"2017",701,"mixed hardwood","Ostrya virginiana (Mill.) K. Koch","hophornbeam","Betulaceae","tree","virginiana",0.84,"hw3",-2.48,2.4835,"BetulaceaeAbove0.60spg","hardwood","Hardwood",0.62,-2.2652,2.5349,NA,NA,NA,"Check",1.39967199603812,1.83918853996415,NA
"Ostrya","OSVI","NEON.PLA.D05.TREE.00046","TREE_055","TREE","D05",2017-09-14,"Live","single bole tree",NA,130,NA,14.3,13.8,NA,57,"Ostrya virginiana (Mill.) K. Koch",13.5,123,"2017",701,"mixed hardwood","Ostrya virginiana (Mill.) K. Koch","hophornbeam","Betulaceae","tree","virginiana",0.84,"hw3",-2.48,2.4835,"BetulaceaeAbove0.60spg","hardwood","Hardwood",0.62,-2.2652,2.5349,NA,NA,NA,"Check",56.733476367667,80.4851273769656,NA
"Ostrya","OSVI","NEON.PLA.D05.TREE.00598","TREE_046","TREE","D05",2015-07-28,"Live","small tree","Mostly shaded",130,NA,5.5,5.9,NA,NA,"Ostrya virginiana (Mill.) K. Koch",NA,NA,"2015",701,"mixed hardwood","Ostrya virginiana (Mill.) K. Koch","hophornbeam","Betulaceae","tree","virginiana",0.84,"hw3",-2.48,2.4835,"BetulaceaeAbove0.60spg","hardwood","Hardwood",0.62,-2.2652,2.5349,NA,NA,NA,"Check",4.45972688011764,6.00239354144102,NA
"Ostrya","OSVI","NEON.PLA.D05.TREE.00693","TREE_046","TREE","D05",2016-09-29,"Live","small tree",NA,130,NA,10.2,7.5,NA,NA,"Ostrya virginiana (Mill.) K. Koch",NA,NA,"2016",701,"mixed hardwood","Ostrya virginiana (Mill.) K. Koch","hophornbeam","Betulaceae","tree","virginiana",0.84,"hw3",-2.48,2.4835,"BetulaceaeAbove0.60spg","hardwood","Hardwood",0.62,-2.2652,2.5349,NA,NA,NA,"Check",8.09304470609093,11.0276887119396,NA
"Ostrya","OSVI","NEON.PLA.D05.TREE.00576","TREE_046","TREE","D05",2015-07-28,"Live","single bole tree","Mostly shaded",130,NA,6,11.9,NA,57,"Ostrya virginiana (Mill.) K. Koch",7.6,161.6,"2015",701,"mixed hardwood","Ostrya virginiana (Mill.) K. Koch","hophornbeam","Betulaceae","tree","virginiana",0.84,"hw3",-2.48,2.4835,"BetulaceaeAbove0.60spg","hardwood","Hardwood",0.62,-2.2652,2.5349,NA,NA,NA,"Check",39.2708736926787,55.2891778497822,NA
"Ostrya","OSVI","NEON.PLA.D05.TREE.00606","TREE_046","TREE","D05",2022-09-19,"Live","single bole tree","Full shade",130,NA,10.8,10.8,NA,59,"Ostrya virginiana (Mill.) K. Koch",0.7,234,"2022",701,"mixed hardwood","Ostrya virginiana (Mill.) K. Koch","hophornbeam","Betulaceae","tree","virginiana",0.84,"hw3",-2.48,2.4835,"BetulaceaeAbove0.60spg","hardwood","Hardwood",0.62,-2.2652,2.5349,NA,NA,NA,"Check",30.8643817267358,43.2376435981715,NA
"Ostrya","OSVI","NEON.PLA.D05.TREE.00598","TREE_046","TREE","D05",2021-09-21,"Live","small tree","Full shade",130,NA,8.4,6.9,NA,NA,"Ostrya virginiana (Mill.) K. Koch",NA,NA,"2021",701,"mixed hardwood","Ostrya virginiana (Mill.) K. Koch","hophornbeam","Betulaceae","tree","virginiana",0.84,"hw3",-2.48,2.4835,"BetulaceaeAbove0.60spg","hardwood","Hardwood",0.62,-2.2652,2.5349,NA,NA,NA,"Check",6.57928968394921,8.92668606973302,NA
"Ostrya","OSVI","NEON.PLA.D05.TREE.00680","TREE_046","TREE","D05",2017-09-25,"Live","small tree",NA,130,NA,9.5,7.6,NA,NA,"Ostrya virginiana (Mill.) K. Koch",NA,NA,"2017",701,"mixed hardwood","Ostrya virginiana (Mill.) K. Koch","hophornbeam","Betulaceae","tree","virginiana",0.84,"hw3",-2.48,2.4835,"BetulaceaeAbove0.60spg","hardwood","Hardwood",0.62,-2.2652,2.5349,NA,NA,NA,"Check",8.36368847699519,11.4042328713448,NA
"Ostrya","OSVI","NEON.PLA.D05.TREE.00680","TREE_046","TREE","D05",2022-09-19,"Live","small tree","Full shade",130,NA,11.2,8.4,NA,NA,"Ostrya virginiana (Mill.) K. Koch",NA,NA,"2022",701,"mixed hardwood","Ostrya virginiana (Mill.) K. Koch","hophornbeam","Betulaceae","tree","virginiana",0.84,"hw3",-2.48,2.4835,"BetulaceaeAbove0.60spg","hardwood","Hardwood",0.62,-2.2652,2.5349,NA,NA,NA,"Check",10.7237059962284,14.6976284389234,NA
"Ostrya","OSVI","NEON.PLA.D05.TREE.00576","TREE_046","TREE","D05",2018-10-10,"Live","single bole tree",NA,130,NA,11.7,12.3,NA,57,"Ostrya virginiana (Mill.) K. Koch",7.6,161.6,"2018",701,"mixed hardwood","Ostrya virginiana (Mill.) K. Koch","hophornbeam","Betulaceae","tree","virginiana",0.84,"hw3",-2.48,2.4835,"BetulaceaeAbove0.60spg","hardwood","Hardwood",0.62,-2.2652,2.5349,NA,NA,NA,"Check",42.631344457986,60.1224412412912,NA
"Ostrya","OSVI","NEON.PLA.D05.TREE.00484","TREE_051","TREE","D05",2017-09-26,"Live","small tree",NA,130,NA,8.7,6.4,NA,NA,"Ostrya virginiana (Mill.) K. Koch",NA,NA,"2017",701,"mixed hardwood","Ostrya virginiana (Mill.) K. Koch","hophornbeam","Betulaceae","tree","virginiana",0.84,"hw3",-2.48,2.4835,"BetulaceaeAbove0.60spg","hardwood","Hardwood",0.62,-2.2652,2.5349,NA,NA,NA,"Check",5.45814736696786,7.37695811943192,NA
"Ostrya","OSVI","NEON.PLA.D05.TREE.00483","TREE_051","TREE","D05",2017-09-26,"Live","single bole tree",NA,130,NA,11,11.3,NA,41,"Ostrya virginiana (Mill.) K. Koch",7.8,62.3,"2017",701,"mixed hardwood","Ostrya virginiana (Mill.) K. Koch","hophornbeam","Betulaceae","tree","virginiana",0.84,"hw3",-2.48,2.4835,"BetulaceaeAbove0.60spg","hardwood","Hardwood",0.62,-2.2652,2.5349,NA,NA,NA,"Check",34.5358380634313,48.4936290452542,NA
"Ostrya","OSVI","NEON.PLA.D05.TREE.00620","TREE_046","TREE","D05",2021-09-21,"Live","single bole tree","Full shade",130,NA,11.4,12,NA,57,"Ostrya virginiana (Mill.) K. Koch",5.6,109,"2021",701,"mixed hardwood","Ostrya virginiana (Mill.) K. Koch","hophornbeam","Betulaceae","tree","virginiana",0.84,"hw3",-2.48,2.4835,"BetulaceaeAbove0.60spg","hardwood","Hardwood",0.62,-2.2652,2.5349,NA,NA,NA,"Check",40.095562396041,56.4745371437266,NA
"Ostrya","OSVI","NEON.PLA.D05.TREE.00498","TREE_051","TREE","D05",2017-09-26,"Live","single bole tree",NA,130,NA,8.4,10.4,NA,61,"Ostrya virginiana (Mill.) K. Koch",6.4,188.8,"2017",701,"mixed hardwood","Ostrya virginiana (Mill.) K. Koch","hophornbeam","Betulaceae","tree","virginiana",0.84,"hw3",-2.48,2.4835,"BetulaceaeAbove0.60spg","hardwood","Hardwood",0.62,-2.2652,2.5349,NA,NA,NA,"Check",28.1029546800135,39.2928880952952,NA
"Ostrya","OSVI","NEON.PLA.D05.TREE.00693","TREE_046","TREE","D05",2015-07-28,"Live","small tree","Mostly shaded",130,NA,7.2,7.2,NA,NA,"Ostrya virginiana (Mill.) K. Koch",NA,NA,"2015",701,"mixed hardwood","Ostrya virginiana (Mill.) K. Koch","hophornbeam","Betulaceae","tree","virginiana",0.84,"hw3",-2.48,2.4835,"BetulaceaeAbove0.60spg","hardwood","Hardwood",0.62,-2.2652,2.5349,NA,NA,NA,"Check",7.31278064885134,9.94360461037116,NA
"Ostrya","OSVI","NEON.PLA.D05.TREE.00598","TREE_046","TREE","D05",2017-09-25,"Live","small tree",NA,130,NA,7,6.2,NA,NA,"Ostrya virginiana (Mill.) K. Koch",NA,NA,"2017",701,"mixed hardwood","Ostrya virginiana (Mill.) K. Koch","hophornbeam","Betulaceae","tree","virginiana",0.84,"hw3",-2.48,2.4835,"BetulaceaeAbove0.60spg","hardwood","Hardwood",0.62,-2.2652,2.5349,NA,NA,NA,"Check",5.04431330130617,6.80652424055237,NA
"Ostrya","OSVI","NEON.PLA.D05.TREE.00290","TREE_054","TREE","D05",2016-10-18,"Live","single bole tree",NA,130,NA,11.5,12,NA,39,"Ostrya virginiana (Mill.) K. Koch",3.7,164.7,"2016",701,"mixed hardwood","Ostrya virginiana (Mill.) K. Koch","hophornbeam","Betulaceae","tree","virginiana",0.84,"hw3",-2.48,2.4835,"BetulaceaeAbove0.60spg","hardwood","Hardwood",0.62,-2.2652,2.5349,NA,NA,NA,"Check",40.095562396041,56.4745371437266,NA
"Ostrya","OSVI","NEON.PLA.D05.TREE.00606","TREE_046","TREE","D05",2016-09-29,"Live","small tree",NA,130,NA,10,9.5,NA,59,"Ostrya virginiana (Mill.) K. Koch",0.7,234,"2016",701,"mixed hardwood","Ostrya virginiana (Mill.) K. Koch","hophornbeam","Betulaceae","tree","virginiana",0.84,"hw3",-2.48,2.4835,"BetulaceaeAbove0.60spg","hardwood","Hardwood",0.62,-2.2652,2.5349,NA,NA,NA,"Check",14.5570664860854,20.0781303256161,NA
"Ostrya","OSVI","NEON.PLA.D05.TREE.00614","TREE_046","TREE","D05",2016-09-29,"Live","small tree",NA,130,NA,11.3,10.2,NA,59,"Ostrya virginiana (Mill.) K. Koch",10.3,261,"2016",701,"mixed hardwood","Ostrya virginiana (Mill.) K. Koch","hophornbeam","Betulaceae","tree","virginiana",0.84,"hw3",-2.48,2.4835,"BetulaceaeAbove0.60spg","hardwood","Hardwood",0.62,-2.2652,2.5349,NA,NA,NA,"Check",26.7798543996179,37.4056077179616,NA
"Ostrya","OSVI","NEON.PLA.D05.TREE.00304","TREE_054","TREE","D05",2017-08-30,"Live","single bole tree",NA,130,NA,9.1,11.9,NA,21,"Ostrya virginiana (Mill.) K. Koch",10.8,35.9,"2017",701,"mixed hardwood","Ostrya virginiana (Mill.) K. Koch","hophornbeam","Betulaceae","tree","virginiana",0.84,"hw3",-2.48,2.4835,"BetulaceaeAbove0.60spg","hardwood","Hardwood",0.62,-2.2652,2.5349,NA,NA,NA,"Check",39.2708736926787,55.2891778497822,NA
"Ostrya","OSVI","NEON.PLA.D05.TREE.00290","TREE_054","TREE","D05",2021-09-20,"Live","single bole tree","Partially shaded",130,NA,12.3,13.1,NA,39,"Ostrya virginiana (Mill.) K. Koch",3.7,164.7,"2021",701,"mixed hardwood","Ostrya virginiana (Mill.) K. Koch","hophornbeam","Betulaceae","tree","virginiana",0.84,"hw3",-2.48,2.4835,"BetulaceaeAbove0.60spg","hardwood","Hardwood",0.62,-2.2652,2.5349,NA,NA,NA,"Check",49.8531893710008,70.5354021794101,NA
"Ostrya","OSVI","NEON.PLA.D05.TREE.00304","TREE_054","TREE","D05",2018-10-09,"Live","single bole tree",NA,130,NA,10.3,12.2,NA,21,"Ostrya virginiana (Mill.) K. Koch",10.8,35.9,"2018",701,"mixed hardwood","Ostrya virginiana (Mill.) K. Koch","hophornbeam","Betulaceae","tree","virginiana",0.84,"hw3",-2.48,2.4835,"BetulaceaeAbove0.60spg","hardwood","Hardwood",0.62,-2.2652,2.5349,NA,NA,NA,"Check",41.7757566215683,58.8911010829392,NA
"Ostrya","OSVI","NEON.PLA.D05.TREE.00320","TREE_054","TREE","D05",2018-10-09,"Live","single bole tree",NA,130,NA,10.9,11.5,NA,23,"Ostrya virginiana (Mill.) K. Koch",9,339.5,"2018",701,"mixed hardwood","Ostrya virginiana (Mill.) K. Koch","hophornbeam","Betulaceae","tree","virginiana",0.84,"hw3",-2.48,2.4835,"BetulaceaeAbove0.60spg","hardwood","Hardwood",0.62,-2.2652,2.5349,NA,NA,NA,"Check",36.0738729508933,50.6989651911257,NA
"Ostrya","OSVI","NEON.PLA.D05.TREE.00576","TREE_046","TREE","D05",2021-09-21,"Live","single bole tree","Full shade",130,NA,12.2,12.8,NA,57,"Ostrya virginiana (Mill.) K. Koch",7.6,161.6,"2021",701,"mixed hardwood","Ostrya virginiana (Mill.) K. Koch","hophornbeam","Betulaceae","tree","virginiana",0.84,"hw3",-2.48,2.4835,"BetulaceaeAbove0.60spg","hardwood","Hardwood",0.62,-2.2652,2.5349,NA,NA,NA,"Check",47.0658216206163,66.512411129831,NA
"Ostrya","OSVI","NEON.PLA.D05.TREE.00620","TREE_046","TREE","D05",2016-09-29,"Live","single bole tree",NA,130,NA,5,11.1,NA,57,"Ostrya virginiana (Mill.) K. Koch",5.6,109,"2016",701,"mixed hardwood","Ostrya virginiana (Mill.) K. Koch","hophornbeam","Betulaceae","tree","virginiana",0.84,"hw3",-2.48,2.4835,"BetulaceaeAbove0.60spg","hardwood","Hardwood",0.62,-2.2652,2.5349,NA,NA,NA,"Check",33.0376617710938,46.3473981260553,NA
"Ostrya","OSVI","NEON.PLA.D05.TREE.00693","TREE_046","TREE","D05",2021-09-21,"Live","small tree","Mostly shaded",130,NA,10.4,8.8,NA,NA,"Ostrya virginiana (Mill.) K. Koch",NA,NA,"2021",701,"mixed hardwood","Ostrya virginiana (Mill.) K. Koch","hophornbeam","Betulaceae","tree","virginiana",0.84,"hw3",-2.48,2.4835,"BetulaceaeAbove0.60spg","hardwood","Hardwood",0.62,-2.2652,2.5349,NA,NA,NA,"Check",12.0370484361941,16.537156160436,NA
"Ostrya","OSVI","NEON.PLA.D05.TREE.00353","TREE_051","TREE","D05",2015-08-03,"Live","small tree","Mostly shaded",130,NA,5.3,3.6,NA,NA,"Ostrya virginiana (Mill.) K. Koch",NA,NA,"2015",701,"mixed hardwood","Ostrya virginiana (Mill.) K. Koch","hophornbeam","Betulaceae","tree","virginiana",0.84,"hw3",-2.48,2.4835,"BetulaceaeAbove0.60spg","hardwood","Hardwood",0.62,-2.2652,2.5349,NA,NA,NA,"Check",1.30759891778239,1.71578517492022,NA
"Ostrya","OSVI","NEON.PLA.D05.TREE.00290","TREE_054","TREE","D05",2018-10-09,"Live","single bole tree",NA,130,NA,10.7,12.4,NA,39,"Ostrya virginiana (Mill.) K. Koch",3.7,164.7,"2018",701,"mixed hardwood","Ostrya virginiana (Mill.) K. Koch","hophornbeam","Betulaceae","tree","virginiana",0.84,"hw3",-2.48,2.4835,"BetulaceaeAbove0.60spg","hardwood","Hardwood",0.62,-2.2652,2.5349,NA,NA,NA,"Check",43.49731402904,61.3692434365674,NA
"Ostrya","OSVI","NEON.PLA.D05.TREE.00290","TREE_054","TREE","D05",2017-08-30,"Live","single bole tree",NA,130,NA,11.8,12.7,NA,39,"Ostrya virginiana (Mill.) K. Koch",3.7,164.7,"2017",701,"mixed hardwood","Ostrya virginiana (Mill.) K. Koch","hophornbeam","Betulaceae","tree","virginiana",0.84,"hw3",-2.48,2.4835,"BetulaceaeAbove0.60spg","hardwood","Hardwood",0.62,-2.2652,2.5349,NA,NA,NA,"Check",46.1579195496462,65.2030921377243,NA
"Ostrya","OSVI","NEON.PLA.D05.TREE.00484","TREE_051","TREE","D05",2016-09-28,"Live","small tree",NA,130,NA,8.3,5.5,NA,NA,"Ostrya virginiana (Mill.) K. Koch",NA,NA,"2016",701,"mixed hardwood","Ostrya virginiana (Mill.) K. Koch","hophornbeam","Betulaceae","tree","virginiana",0.84,"hw3",-2.48,2.4835,"BetulaceaeAbove0.60spg","hardwood","Hardwood",0.62,-2.2652,2.5349,NA,NA,NA,"Check",3.74617474028429,5.02385485258732,NA
"Ostrya","OSVI","NEON.PLA.D05.TREE.00680","TREE_046","TREE","D05",2016-09-29,"Live","small tree",NA,130,NA,8.3,7.4,NA,NA,"Ostrya virginiana (Mill.) K. Koch",NA,NA,"2016",701,"mixed hardwood","Ostrya virginiana (Mill.) K. Koch","hophornbeam","Betulaceae","tree","virginiana",0.84,"hw3",-2.48,2.4835,"BetulaceaeAbove0.60spg","hardwood","Hardwood",0.62,-2.2652,2.5349,NA,NA,NA,"Check",7.82770171202458,10.6587723875045,NA
"Ostrya","OSVI","NEON.PLA.D05.TREE.00606","TREE_046","TREE","D05",2017-09-25,"Live","small tree",NA,130,NA,7.3,9.6,NA,59,"Ostrya virginiana (Mill.) K. Koch",0.7,234,"2017",701,"mixed hardwood","Ostrya virginiana (Mill.) K. Koch","hophornbeam","Betulaceae","tree","virginiana",0.84,"hw3",-2.48,2.4835,"BetulaceaeAbove0.60spg","hardwood","Hardwood",0.62,-2.2652,2.5349,NA,NA,NA,"Check",14.9405951972669,20.6182143576713,NA
"Ostrya","OSVI","NEON.PLA.D05.TREE.00031","TREE_055","TREE","D05",2017-09-14,"Live","single bole tree",NA,130,NA,9.1,16.8,NA,41,"Ostrya virginiana (Mill.) K. Koch",7.7,83.8,"2017",701,"mixed hardwood","Ostrya virginiana (Mill.) K. Koch","hophornbeam","Betulaceae","tree","virginiana",0.84,"hw3",-2.48,2.4835,"BetulaceaeAbove0.60spg","hardwood","Hardwood",0.62,-2.2652,2.5349,NA,NA,NA,"Check",92.4709429036184,132.517318051204,NA
"Ostrya","OSVI","NEON.PLA.D05.TREE.00229","TREE_051","TREE","D05",2018-10-09,"Live","small tree",NA,130,NA,10.3,8,NA,NA,"Ostrya virginiana (Mill.) K. Koch",NA,NA,"2018",701,"mixed hardwood","Ostrya virginiana (Mill.) K. Koch","hophornbeam","Betulaceae","tree","virginiana",0.84,"hw3",-2.48,2.4835,"BetulaceaeAbove0.60spg","hardwood","Hardwood",0.62,-2.2652,2.5349,NA,NA,NA,"Check",9.49994901535937,12.9877676297486,NA
"Ostrya","OSVI","NEON.PLA.D05.TREE.00678","TREE_046","TREE","D05",2015-07-28,"Live","small tree","Mostly shaded",130,NA,8.5,9.9,NA,59,"Ostrya virginiana (Mill.) K. Koch",6.3,256.4,"2015",701,"mixed hardwood","Ostrya virginiana (Mill.) K. Koch","hophornbeam","Betulaceae","tree","virginiana",0.84,"hw3",-2.48,2.4835,"BetulaceaeAbove0.60spg","hardwood","Hardwood",0.62,-2.2652,2.5349,NA,NA,NA,"Check",16.1271378281577,22.2908873247071,NA
"Ostrya","OSVI","NEON.PLA.D05.TREE.00541","TREE_046","TREE","D05",2016-09-29,"Live","single bole tree",NA,130,NA,9.6,10,NA,41,"Ostrya virginiana (Mill.) K. Koch",7,356.5,"2016",701,"mixed hardwood","Ostrya virginiana (Mill.) K. Koch","hophornbeam","Betulaceae","tree","virginiana",0.84,"hw3",-2.48,2.4835,"BetulaceaeAbove0.60spg","hardwood","Hardwood",0.62,-2.2652,2.5349,NA,NA,NA,"Check",16.5347370136258,22.866079117355,NA
"Ostrya","OSVI","NEON.PLA.D05.TREE.00576","TREE_046","TREE","D05",2017-09-25,"Live","single bole tree",NA,130,NA,9.7,12.1,NA,57,"Ostrya virginiana (Mill.) K. Koch",7.6,161.6,"2017",701,"mixed hardwood","Ostrya virginiana (Mill.) K. Koch","hophornbeam","Betulaceae","tree","virginiana",0.84,"hw3",-2.48,2.4835,"BetulaceaeAbove0.60spg","hardwood","Hardwood",0.62,-2.2652,2.5349,NA,NA,NA,"Check",40.930509624014,57.6751555925233,NA
"Ostrya","OSVI","NEON.PLA.D05.TREE.00698","TREE_046","TREE","D05",2015-07-28,"Live","single bole tree","Mostly shaded",130,NA,9.9,12,NA,59,"Ostrya virginiana (Mill.) K. Koch",9,244.1,"2015",701,"mixed hardwood","Ostrya virginiana (Mill.) K. Koch","hophornbeam","Betulaceae","tree","virginiana",0.84,"hw3",-2.48,2.4835,"BetulaceaeAbove0.60spg","hardwood","Hardwood",0.62,-2.2652,2.5349,NA,NA,NA,"Check",40.095562396041,56.4745371437266,NA
"Ostrya","OSVI","NEON.PLA.D05.TREE.00616","TREE_046","TREE","D05",2018-10-10,"Live","small tree",NA,130,NA,8.1,6.3,NA,NA,"Ostrya virginiana (Mill.) K. Koch",NA,NA,"2018",701,"mixed hardwood","Ostrya virginiana (Mill.) K. Koch","hophornbeam","Betulaceae","tree","virginiana",0.84,"hw3",-2.48,2.4835,"BetulaceaeAbove0.60spg","hardwood","Hardwood",0.62,-2.2652,2.5349,NA,NA,NA,"Check",5.24879421855534,7.08826687760305,NA
"Ostrya","OSVI","NEON.PLA.D05.TREE.00353","TREE_051","TREE","D05",2018-10-09,"Live","small tree",NA,130,NA,5.4,3.4,NA,NA,"Ostrya virginiana (Mill.) K. Koch",NA,NA,"2018",701,"mixed hardwood","Ostrya virginiana (Mill.) K. Koch","hophornbeam","Betulaceae","tree","virginiana",0.84,"hw3",-2.48,2.4835,"BetulaceaeAbove0.60spg","hardwood","Hardwood",0.62,-2.2652,2.5349,NA,NA,NA,"Check",1.134554028697,1.48435441528257,NA
"Ostrya","OSVI","NEON.PLA.D05.TREE.00353","TREE_051","TREE","D05",2016-09-28,"Live","small tree",NA,130,NA,5,3.7,NA,NA,"Ostrya virginiana (Mill.) K. Koch",NA,NA,"2016",701,"mixed hardwood","Ostrya virginiana (Mill.) K. Koch","hophornbeam","Betulaceae","tree","virginiana",0.84,"hw3",-2.48,2.4835,"BetulaceaeAbove0.60spg","hardwood","Hardwood",0.62,-2.2652,2.5349,NA,NA,NA,"Check",1.39967199603812,1.83918853996415,NA
"Ostrya","OSVI","NEON.PLA.D05.TREE.00598","TREE_046","TREE","D05",2016-09-29,"Live","small tree",NA,130,NA,6.9,6,NA,NA,"Ostrya virginiana (Mill.) K. Koch",NA,NA,"2016",701,"mixed hardwood","Ostrya virginiana (Mill.) K. Koch","hophornbeam","Betulaceae","tree","virginiana",0.84,"hw3",-2.48,2.4835,"BetulaceaeAbove0.60spg","hardwood","Hardwood",0.62,-2.2652,2.5349,NA,NA,NA,"Check",4.64981765500901,6.26364746438613,NA
"Ostrya","OSVI","NEON.PLA.D05.TREE.00614","TREE_046","TREE","D05",2021-09-21,"Live","single bole tree","Mostly shaded",130,NA,12.8,10.8,NA,59,"Ostrya virginiana (Mill.) K. Koch",10.3,261,"2021",701,"mixed hardwood","Ostrya virginiana (Mill.) K. Koch","hophornbeam","Betulaceae","tree","virginiana",0.84,"hw3",-2.48,2.4835,"BetulaceaeAbove0.60spg","hardwood","Hardwood",0.62,-2.2652,2.5349,NA,NA,NA,"Check",30.8643817267358,43.2376435981715,NA
"Ostrya","OSVI","NEON.PLA.D05.TREE.00698","TREE_046","TREE","D05",2022-09-19,"Live","single bole tree","Full shade",130,NA,13.5,14.5,NA,59,"Ostrya virginiana (Mill.) K. Koch",9,244.1,"2022",701,"mixed hardwood","Ostrya virginiana (Mill.) K. Koch","hophornbeam","Betulaceae","tree","virginiana",0.84,"hw3",-2.48,2.4835,"BetulaceaeAbove0.60spg","hardwood","Hardwood",0.62,-2.2652,2.5349,NA,NA,NA,"Check",64.1515447370716,91.2405487203895,NA
"Ostrya","OSVI","NEON.PLA.D05.TREE.00639","TREE_046","TREE","D05",2018-10-10,"Live","small tree",NA,130,NA,10.4,9.3,NA,41,"Ostrya virginiana (Mill.) K. Koch",9.5,334.2,"2018",701,"mixed hardwood","Ostrya virginiana (Mill.) K. Koch","hophornbeam","Betulaceae","tree","virginiana",0.84,"hw3",-2.48,2.4835,"BetulaceaeAbove0.60spg","hardwood","Hardwood",0.62,-2.2652,2.5349,NA,NA,NA,"Check",13.8078065717144,19.0238813275521,NA
"Ostrya","OSVI","NEON.PLA.D05.TREE.00541","TREE_046","TREE","D05",2021-09-21,"Live","single bole tree","Mostly shaded",130,NA,11.9,11.7,NA,41,"Ostrya virginiana (Mill.) K. Koch",7,356.5,"2021",701,"mixed hardwood","Ostrya virginiana (Mill.) K. Koch","hophornbeam","Betulaceae","tree","virginiana",0.84,"hw3",-2.48,2.4835,"BetulaceaeAbove0.60spg","hardwood","Hardwood",0.62,-2.2652,2.5349,NA,NA,NA,"Check",37.6521059880645,52.9639638579462,NA
"Ostrya","OSVI","NEON.PLA.D05.TREE.00304","TREE_054","TREE","D05",2015-07-30,"Live","single bole tree","Partially shaded",130,NA,9.2,11.8,NA,21,"Ostrya virginiana (Mill.) K. Koch",10.8,35.9,"2015",701,"mixed hardwood","Ostrya virginiana (Mill.) K. Koch","hophornbeam","Betulaceae","tree","virginiana",0.84,"hw3",-2.48,2.4835,"BetulaceaeAbove0.60spg","hardwood","Hardwood",0.62,-2.2652,2.5349,NA,NA,NA,"Check",38.4564020910432,54.1190095602863,NA
"Ostrya","OSVI","NEON.PLA.D05.TREE.00290","TREE_054","TREE","D05",2015-07-30,"Live","single bole tree","Partially shaded",130,NA,8.4,11.9,NA,39,"Ostrya virginiana (Mill.) K. Koch",3.7,164.7,"2015",701,"mixed hardwood","Ostrya virginiana (Mill.) K. Koch","hophornbeam","Betulaceae","tree","virginiana",0.84,"hw3",-2.48,2.4835,"BetulaceaeAbove0.60spg","hardwood","Hardwood",0.62,-2.2652,2.5349,NA,NA,NA,"Check",39.2708736926787,55.2891778497822,NA
"Ostrya","OSVI","NEON.PLA.D05.TREE.00031","TREE_055","TREE","D05",2018-10-10,"Live","single bole tree",NA,130,NA,10.2,17.2,NA,41,"Ostrya virginiana (Mill.) K. Koch",7.7,83.8,"2018",701,"mixed hardwood","Ostrya virginiana (Mill.) K. Koch","hophornbeam","Betulaceae","tree","virginiana",0.84,"hw3",-2.48,2.4835,"BetulaceaeAbove0.60spg","hardwood","Hardwood",0.62,-2.2652,2.5349,NA,NA,NA,"Check",98.0357741803651,140.662133288797,NA
"Ostrya","OSVI","NEON.PLA.D05.TREE.01671","TREE_054","TREE","D05",2015-07-30,"Live","small tree","Mostly shaded",130,NA,6.3,9,NA,21,"Ostrya virginiana (Mill.) K. Koch",3,61.7,"2015",701,"mixed hardwood","Ostrya virginiana (Mill.) K. Koch","hophornbeam","Betulaceae","tree","virginiana",0.84,"hw3",-2.48,2.4835,"BetulaceaeAbove0.60spg","hardwood","Hardwood",0.62,-2.2652,2.5349,NA,NA,NA,"Check",12.7279530312842,17.5065689666058,NA
"Ostrya","OSVI","NEON.PLA.D05.TREE.00606","TREE_046","TREE","D05",2018-10-10,"Live","small tree",NA,130,NA,10.6,9.9,NA,59,"Ostrya virginiana (Mill.) K. Koch",0.7,234,"2018",701,"mixed hardwood","Ostrya virginiana (Mill.) K. Koch","hophornbeam","Betulaceae","tree","virginiana",0.84,"hw3",-2.48,2.4835,"BetulaceaeAbove0.60spg","hardwood","Hardwood",0.62,-2.2652,2.5349,NA,NA,NA,"Check",16.1271378281577,22.2908873247071,NA
"Ostrya","OSVI","NEON.PLA.D05.TREE.01671","TREE_054","TREE","D05",2018-10-09,"Live","small tree",NA,130,NA,6.2,9.8,NA,21,"Ostrya virginiana (Mill.) K. Koch",3,61.7,"2018",701,"mixed hardwood","Ostrya virginiana (Mill.) K. Koch","hophornbeam","Betulaceae","tree","virginiana",0.84,"hw3",-2.48,2.4835,"BetulaceaeAbove0.60spg","hardwood","Hardwood",0.62,-2.2652,2.5349,NA,NA,NA,"Check",15.7256009465576,21.7245445885228,NA
"Ostrya","OSVI","NEON.PLA.D05.TREE.00156","TREE_055","TREE","D05",2016-09-27,"Live,  other damage","single bole tree",NA,130,NA,10.5,13.6,NA,61,"Ostrya virginiana (Mill.) K. Koch",6.9,227.2,"2016",701,"mixed hardwood","Ostrya virginiana (Mill.) K. Koch","hophornbeam","Betulaceae","tree","virginiana",0.84,"hw3",-2.48,2.4835,"BetulaceaeAbove0.60spg","hardwood","Hardwood",0.62,-2.2652,2.5349,NA,NA,NA,"Check",54.7133823970619,77.5610926145935,NA
"Ostrya","OSVI","NEON.PLA.D05.TREE.00498","TREE_051","TREE","D05",2016-09-28,"Live","single bole tree",NA,130,NA,11,10.2,NA,61,"Ostrya virginiana (Mill.) K. Koch",6.4,188.8,"2016",701,"mixed hardwood","Ostrya virginiana (Mill.) K. Koch","hophornbeam","Betulaceae","tree","virginiana",0.84,"hw3",-2.48,2.4835,"BetulaceaeAbove0.60spg","hardwood","Hardwood",0.62,-2.2652,2.5349,NA,NA,NA,"Check",26.7798543996179,37.4056077179616,NA
"Ostrya","OSVI","NEON.PLA.D05.TREE.00678","TREE_046","TREE","D05",2021-09-21,"Live","single bole tree","Full shade",130,NA,12.4,11,NA,59,"Ostrya virginiana (Mill.) K. Koch",6.3,256.4,"2021",701,"mixed hardwood","Ostrya virginiana (Mill.) K. Koch","hophornbeam","Betulaceae","tree","virginiana",0.84,"hw3",-2.48,2.4835,"BetulaceaeAbove0.60spg","hardwood","Hardwood",0.62,-2.2652,2.5349,NA,NA,NA,"Check",32.3034136368194,45.2962717155315,NA
"Ostrya","OSVI","NEON.PLA.D05.TREE.00229","TREE_051","TREE","D05",2016-09-28,"Live","small tree",NA,130,NA,12.2,7.5,NA,NA,"Ostrya virginiana (Mill.) K. Koch",NA,NA,"2016",701,"mixed hardwood","Ostrya virginiana (Mill.) K. Koch","hophornbeam","Betulaceae","tree","virginiana",0.84,"hw3",-2.48,2.4835,"BetulaceaeAbove0.60spg","hardwood","Hardwood",0.62,-2.2652,2.5349,NA,NA,NA,"Check",8.09304470609093,11.0276887119396,NA
"Ostrya","OSVI","NEON.PLA.D05.TREE.03547","TREE_051","TREE","D05",2017-09-26,"Live","single bole tree",NA,130,NA,13.1,12.5,NA,39,"Ostrya virginiana (Mill.) K. Koch",11.2,69.3,"2017",701,"mixed hardwood","Ostrya virginiana (Mill.) K. Koch","hophornbeam","Betulaceae","tree","virginiana",0.84,"hw3",-2.48,2.4835,"BetulaceaeAbove0.60spg","hardwood","Hardwood",0.62,-2.2652,2.5349,NA,NA,NA,"Check",44.3737060591293,62.6315747834873,NA
"Ostrya","OSVI","NEON.PLA.D05.TREE.00295","TREE_054","TREE","D05",2015-07-30,"Live","single bole tree","Mostly shaded",130,NA,6.6,11.2,NA,23,"Ostrya virginiana (Mill.) K. Koch",6,349.7,"2015",701,"mixed hardwood","Ostrya virginiana (Mill.) K. Koch","hophornbeam","Betulaceae","tree","virginiana",0.84,"hw3",-2.48,2.4835,"BetulaceaeAbove0.60spg","hardwood","Hardwood",0.62,-2.2652,2.5349,NA,NA,NA,"Check",33.7817889358751,47.4131604417746,NA
"Ostrya","OSVI","NEON.PLA.D05.TREE.00452","TREE_051","TREE","D05",2015-08-03,"Live","small tree","Mostly shaded",130,NA,9.2,8.8,NA,NA,"Ostrya virginiana (Mill.) K. Koch",NA,NA,"2015",701,"mixed hardwood","Ostrya virginiana (Mill.) K. Koch","hophornbeam","Betulaceae","tree","virginiana",0.84,"hw3",-2.48,2.4835,"BetulaceaeAbove0.60spg","hardwood","Hardwood",0.62,-2.2652,2.5349,NA,NA,NA,"Check",12.0370484361941,16.537156160436,NA
"Ostrya","OSVI","NEON.PLA.D05.TREE.00295","TREE_054","TREE","D05",2018-10-09,"Live","single bole tree",NA,130,NA,11.1,11.3,NA,23,"Ostrya virginiana (Mill.) K. Koch",6,349.7,"2018",701,"mixed hardwood","Ostrya virginiana (Mill.) K. Koch","hophornbeam","Betulaceae","tree","virginiana",0.84,"hw3",-2.48,2.4835,"BetulaceaeAbove0.60spg","hardwood","Hardwood",0.62,-2.2652,2.5349,NA,NA,NA,"Check",34.5358380634313,48.4936290452542,NA
"Ostrya","OSVI","NEON.PLA.D05.TREE.00535","TREE_053","TREE","D05",2015-07-27,"Live","small tree","Full shade",130,NA,9,9.9,NA,NA,"Ostrya virginiana (Mill.) K. Koch",NA,NA,"2015",701,"mixed hardwood","Ostrya virginiana (Mill.) K. Koch","hophornbeam","Betulaceae","tree","virginiana",0.84,"hw3",-2.48,2.4835,"BetulaceaeAbove0.60spg","hardwood","Hardwood",0.62,-2.2652,2.5349,NA,NA,NA,"Check",16.1271378281577,22.2908873247071,NA
"Ostrya","OSVI","NEON.PLA.D05.TREE.00616","TREE_046","TREE","D05",2021-09-21,"Live","small tree","Mostly shaded",130,NA,9.9,6.6,NA,NA,"Ostrya virginiana (Mill.) K. Koch",NA,NA,"2021",701,"mixed hardwood","Ostrya virginiana (Mill.) K. Koch","hophornbeam","Betulaceae","tree","virginiana",0.84,"hw3",-2.48,2.4835,"BetulaceaeAbove0.60spg","hardwood","Hardwood",0.62,-2.2652,2.5349,NA,NA,NA,"Check",5.89161902262027,7.97542111973231,NA
"Ostrya","OSVI","NEON.PLA.D05.TREE.00639","TREE_046","TREE","D05",2021-09-21,"Live","single bole tree","Full shade",130,NA,9.1,10.2,NA,41,"Ostrya virginiana (Mill.) K. Koch",9.5,334.2,"2021",701,"mixed hardwood","Ostrya virginiana (Mill.) K. Koch","hophornbeam","Betulaceae","tree","virginiana",0.84,"hw3",-2.48,2.4835,"BetulaceaeAbove0.60spg","hardwood","Hardwood",0.62,-2.2652,2.5349,NA,NA,NA,"Check",26.7798543996179,37.4056077179616,NA
"Ostrya","OSVI","NEON.PLA.D05.TREE.01671","TREE_054","TREE","D05",2017-08-30,"Live","small tree",NA,130,NA,10,9.3,NA,21,"Ostrya virginiana (Mill.) K. Koch",3,61.7,"2017",701,"mixed hardwood","Ostrya virginiana (Mill.) K. Koch","hophornbeam","Betulaceae","tree","virginiana",0.84,"hw3",-2.48,2.4835,"BetulaceaeAbove0.60spg","hardwood","Hardwood",0.62,-2.2652,2.5349,NA,NA,NA,"Check",13.8078065717144,19.0238813275521,NA
"Ostrya","OSVI","NEON.PLA.D05.TREE.00229","TREE_051","TREE","D05",2015-08-03,"Live","small tree","Mostly shaded",130,NA,8.3,7.6,NA,NA,"Ostrya virginiana (Mill.) K. Koch",NA,NA,"2015",701,"mixed hardwood","Ostrya virginiana (Mill.) K. Koch","hophornbeam","Betulaceae","tree","virginiana",0.84,"hw3",-2.48,2.4835,"BetulaceaeAbove0.60spg","hardwood","Hardwood",0.62,-2.2652,2.5349,NA,NA,NA,"Check",8.36368847699519,11.4042328713448,NA
"Ostrya","OSVI","NEON.PLA.D05.TREE.03547","TREE_051","TREE","D05",2016-09-28,"Live","single bole tree",NA,130,NA,13.6,12.4,NA,39,"Ostrya virginiana (Mill.) K. Koch",11.2,69.3,"2016",701,"mixed hardwood","Ostrya virginiana (Mill.) K. Koch","hophornbeam","Betulaceae","tree","virginiana",0.84,"hw3",-2.48,2.4835,"BetulaceaeAbove0.60spg","hardwood","Hardwood",0.62,-2.2652,2.5349,NA,NA,NA,"Check",43.49731402904,61.3692434365674,NA
"Ostrya","OSVI","NEON.PLA.D05.TREE.00229","TREE_051","TREE","D05",2017-09-26,"Live","small tree",NA,130,NA,9.7,7.9,NA,NA,"Ostrya virginiana (Mill.) K. Koch",NA,NA,"2017",701,"mixed hardwood","Ostrya virginiana (Mill.) K. Koch","hophornbeam","Betulaceae","tree","virginiana",0.84,"hw3",-2.48,2.4835,"BetulaceaeAbove0.60spg","hardwood","Hardwood",0.62,-2.2652,2.5349,NA,NA,NA,"Check",9.20776386163497,12.5801730597524,NA
"Ostrya","OSVI","NEON.PLA.D05.TREE.00133","TREE_055","TREE","D05",2015-07-29,"Live","sapling","Full shade",10,NA,1.2,1.2,NA,NA,"Ostrya virginiana (Mill.) K. Koch",NA,NA,"2015",701,"mixed hardwood","Ostrya virginiana (Mill.) K. Koch","hophornbeam","Betulaceae","tree","virginiana",0.84,"hw3",-2.48,2.4835,"BetulaceaeAbove0.60spg","hardwood","Hardwood",0.62,-2.2652,2.5349,NA,NA,0.851537287154131,"Check",0.0364382998499555,0.0443981612270857,NA
"Ostrya","OSVI","NEON.PLA.D05.TREE.00698","TREE_046","TREE","D05",2018-10-10,"Live","single bole tree",NA,130,NA,12,13.2,NA,59,"Ostrya virginiana (Mill.) K. Koch",9,244.1,"2018",701,"mixed hardwood","Ostrya virginiana (Mill.) K. Koch","hophornbeam","Betulaceae","tree","virginiana",0.84,"hw3",-2.48,2.4835,"BetulaceaeAbove0.60spg","hardwood","Hardwood",0.62,-2.2652,2.5349,NA,NA,NA,"Check",50.8036649309672,71.9082960565896,NA
"Ostrya","OSVI","NEON.PLA.D05.TREE.00295","TREE_054","TREE","D05",2017-08-30,"Live","single bole tree",NA,130,NA,10.6,11.2,NA,23,"Ostrya virginiana (Mill.) K. Koch",6,349.7,"2017",701,"mixed hardwood","Ostrya virginiana (Mill.) K. Koch","hophornbeam","Betulaceae","tree","virginiana",0.84,"hw3",-2.48,2.4835,"BetulaceaeAbove0.60spg","hardwood","Hardwood",0.62,-2.2652,2.5349,NA,NA,NA,"Check",33.7817889358751,47.4131604417746,NA
"Ostrya","OSVI","NEON.PLA.D05.TREE.03547","TREE_051","TREE","D05",2018-10-09,"Live","single bole tree",NA,130,NA,13.7,12.5,NA,39,"Ostrya virginiana (Mill.) K. Koch",11.2,69.3,"2018",701,"mixed hardwood","Ostrya virginiana (Mill.) K. Koch","hophornbeam","Betulaceae","tree","virginiana",0.84,"hw3",-2.48,2.4835,"BetulaceaeAbove0.60spg","hardwood","Hardwood",0.62,-2.2652,2.5349,NA,NA,NA,"Check",44.3737060591293,62.6315747834873,NA
"Ostrya","OSVI","NEON.PLA.D05.TREE.00452","TREE_051","TREE","D05",2018-10-09,"Live","small tree",NA,130,NA,10,9.2,NA,NA,"Ostrya virginiana (Mill.) K. Koch",NA,NA,"2018",701,"mixed hardwood","Ostrya virginiana (Mill.) K. Koch","hophornbeam","Betulaceae","tree","virginiana",0.84,"hw3",-2.48,2.4835,"BetulaceaeAbove0.60spg","hardwood","Hardwood",0.62,-2.2652,2.5349,NA,NA,NA,"Check",13.4420145459825,18.5096184031118,NA
"Ostrya","OSVI","NEON.PLA.D05.TREE.00443","TREE_051","TREE","D05",2015-08-03,"Live","small tree","Mostly shaded",130,NA,3.8,2.4,NA,NA,"Ostrya virginiana (Mill.) K. Koch",NA,NA,"2015",701,"mixed hardwood","Ostrya virginiana (Mill.) K. Koch","hophornbeam","Betulaceae","tree","virginiana",0.84,"hw3",-2.48,2.4835,"BetulaceaeAbove0.60spg","hardwood","Hardwood",0.62,-2.2652,2.5349,NA,NA,NA,"Check",0.477696336451814,0.613888048584544,NA
"Ostrya","OSVI","NEON.PLA.D05.TREE.00314","TREE_054","TREE","D05",2018-10-09,"Live","single bole tree",NA,130,NA,10.3,12.4,NA,39,"Ostrya virginiana (Mill.) K. Koch",12.3,136.7,"2018",701,"mixed hardwood","Ostrya virginiana (Mill.) K. Koch","hophornbeam","Betulaceae","tree","virginiana",0.84,"hw3",-2.48,2.4835,"BetulaceaeAbove0.60spg","hardwood","Hardwood",0.62,-2.2652,2.5349,NA,NA,NA,"Check",43.49731402904,61.3692434365674,NA
"Ostrya","OSVI","NEON.PLA.D05.TREE.00678","TREE_046","TREE","D05",2018-10-10,"Live","single bole tree",NA,130,NA,12.7,10.5,NA,59,"Ostrya virginiana (Mill.) K. Koch",6.3,256.4,"2018",701,"mixed hardwood","Ostrya virginiana (Mill.) K. Koch","hophornbeam","Betulaceae","tree","virginiana",0.84,"hw3",-2.48,2.4835,"BetulaceaeAbove0.60spg","hardwood","Hardwood",0.62,-2.2652,2.5349,NA,NA,NA,"Check",28.7788416198593,40.257693939914,NA
"Ostrya","OSVI","NEON.PLA.D05.TREE.00295","TREE_054","TREE","D05",2021-09-20,"Live","single bole tree","Mostly shaded",130,NA,10.7,12.1,NA,23,"Ostrya virginiana (Mill.) K. Koch",6,349.7,"2021",701,"mixed hardwood","Ostrya virginiana (Mill.) K. Koch","hophornbeam","Betulaceae","tree","virginiana",0.84,"hw3",-2.48,2.4835,"BetulaceaeAbove0.60spg","hardwood","Hardwood",0.62,-2.2652,2.5349,NA,NA,NA,"Check",40.930509624014,57.6751555925233,NA
"Ostrya","OSVI","NEON.PLA.D05.TREE.00639","TREE_046","TREE","D05",2015-07-28,"Live","small tree","Mostly shaded",130,NA,6.7,8.3,NA,41,"Ostrya virginiana (Mill.) K. Koch",9.5,334.2,"2015",701,"mixed hardwood","Ostrya virginiana (Mill.) K. Koch","hophornbeam","Betulaceae","tree","virginiana",0.84,"hw3",-2.48,2.4835,"BetulaceaeAbove0.60spg","hardwood","Hardwood",0.62,-2.2652,2.5349,NA,NA,NA,"Check",10.4094488197829,14.2581361745916,NA
"Ostrya","OSVI","NEON.PLA.D05.TREE.00295","TREE_054","TREE","D05",2016-10-18,"Live","single bole tree",NA,130,NA,7.7,11,NA,23,"Ostrya virginiana (Mill.) K. Koch",6,349.7,"2016",701,"mixed hardwood","Ostrya virginiana (Mill.) K. Koch","hophornbeam","Betulaceae","tree","virginiana",0.84,"hw3",-2.48,2.4835,"BetulaceaeAbove0.60spg","hardwood","Hardwood",0.62,-2.2652,2.5349,NA,NA,NA,"Check",32.3034136368194,45.2962717155315,NA
"Ostrya","OSVI","NEON.PLA.D05.TREE.00046","TREE_055","TREE","D05",2015-07-29,"Live","single bole tree","Mostly shaded",130,NA,10.2,13.3,NA,57,"Ostrya virginiana (Mill.) K. Koch",13.5,123,"2015",701,"mixed hardwood","Ostrya virginiana (Mill.) K. Koch","hophornbeam","Betulaceae","tree","virginiana",0.84,"hw3",-2.48,2.4835,"BetulaceaeAbove0.60spg","hardwood","Hardwood",0.62,-2.2652,2.5349,NA,NA,NA,"Check",51.7648828181459,73.2972471973404,NA
"Ostrya","OSVI","NEON.PLA.D05.TREE.00693","TREE_046","TREE","D05",2017-09-25,"Live","small tree",NA,130,NA,8.3,7.9,NA,NA,"Ostrya virginiana (Mill.) K. Koch",NA,NA,"2017",701,"mixed hardwood","Ostrya virginiana (Mill.) K. Koch","hophornbeam","Betulaceae","tree","virginiana",0.84,"hw3",-2.48,2.4835,"BetulaceaeAbove0.60spg","hardwood","Hardwood",0.62,-2.2652,2.5349,NA,NA,NA,"Check",9.20776386163497,12.5801730597524,NA
"Ostrya","OSVI","NEON.PLA.D05.TREE.00304","TREE_054","TREE","D05",2022-09-07,"Live","single bole tree","Mostly shaded",130,NA,11.8,13.4,NA,21,"Ostrya virginiana (Mill.) K. Koch",10.8,35.9,"2022",701,"mixed hardwood","Ostrya virginiana (Mill.) K. Koch","hophornbeam","Betulaceae","tree","virginiana",0.84,"hw3",-2.48,2.4835,"BetulaceaeAbove0.60spg","hardwood","Hardwood",0.62,-2.2652,2.5349,NA,NA,NA,"Check",52.7368823038839,74.7023205561495,NA
"Ostrya","OSVI","NEON.PLA.D05.TREE.00304","TREE_054","TREE","D05",2016-10-18,"Live","single bole tree",NA,130,NA,9.5,11.7,NA,21,"Ostrya virginiana (Mill.) K. Koch",10.8,35.9,"2016",701,"mixed hardwood","Ostrya virginiana (Mill.) K. Koch","hophornbeam","Betulaceae","tree","virginiana",0.84,"hw3",-2.48,2.4835,"BetulaceaeAbove0.60spg","hardwood","Hardwood",0.62,-2.2652,2.5349,NA,NA,NA,"Check",37.6521059880645,52.9639638579462,NA
"Ostrya","OSVI","NEON.PLA.D05.TREE.00614","TREE_046","TREE","D05",2017-09-25,"Live","single bole tree",NA,130,NA,12.2,10.3,NA,59,"Ostrya virginiana (Mill.) K. Koch",10.3,261,"2017",701,"mixed hardwood","Ostrya virginiana (Mill.) K. Koch","hophornbeam","Betulaceae","tree","virginiana",0.84,"hw3",-2.48,2.4835,"BetulaceaeAbove0.60spg","hardwood","Hardwood",0.62,-2.2652,2.5349,NA,NA,NA,"Check",27.4366404784122,38.3422169754935,NA
"Ostrya","OSVI","NEON.PLA.D05.TREE.00598","TREE_046","TREE","D05",2022-09-19,"Live","small tree","Full shade",130,NA,9.6,7.1,NA,NA,"Ostrya virginiana (Mill.) K. Koch",NA,NA,"2022",701,"mixed hardwood","Ostrya virginiana (Mill.) K. Koch","hophornbeam","Betulaceae","tree","virginiana",0.84,"hw3",-2.48,2.4835,"BetulaceaeAbove0.60spg","hardwood","Hardwood",0.62,-2.2652,2.5349,NA,NA,NA,"Check",7.06313327145438,9.5972429739009,NA
"Ostrya","OSVI","NEON.PLA.D05.TREE.00698","TREE_046","TREE","D05",2017-09-25,"Live","single bole tree",NA,130,NA,9.8,12.9,NA,59,"Ostrya virginiana (Mill.) K. Koch",9,244.1,"2017",701,"mixed hardwood","Ostrya virginiana (Mill.) K. Koch","hophornbeam","Betulaceae","tree","virginiana",0.84,"hw3",-2.48,2.4835,"BetulaceaeAbove0.60spg","hardwood","Hardwood",0.62,-2.2652,2.5349,NA,NA,NA,"Check",47.9843073756847,67.8375252488693,NA
"Ostrya","OSVI","NEON.PLA.D05.TREE.00606","TREE_046","TREE","D05",2021-09-21,"Live","single bole tree","Mostly shaded",130,NA,10.3,10.5,NA,59,"Ostrya virginiana (Mill.) K. Koch",0.7,234,"2021",701,"mixed hardwood","Ostrya virginiana (Mill.) K. Koch","hophornbeam","Betulaceae","tree","virginiana",0.84,"hw3",-2.48,2.4835,"BetulaceaeAbove0.60spg","hardwood","Hardwood",0.62,-2.2652,2.5349,NA,NA,NA,"Check",28.7788416198593,40.257693939914,NA
"Ostrya","OSVI","NEON.PLA.D05.TREE.00535","TREE_053","TREE","D05",2017-08-30,"Live","single bole tree",NA,130,NA,9.4,10.1,NA,NA,"Ostrya virginiana (Mill.) K. Koch",NA,NA,"2017",701,"mixed hardwood","Ostrya virginiana (Mill.) K. Koch","hophornbeam","Betulaceae","tree","virginiana",0.84,"hw3",-2.48,2.4835,"BetulaceaeAbove0.60spg","hardwood","Hardwood",0.62,-2.2652,2.5349,NA,NA,NA,"Check",26.1325516038943,36.4829871303807,NA
"Ostrya","OSVI","NEON.PLA.D05.TREE.00443","TREE_051","TREE","D05",2016-09-28,"Live","small tree",NA,130,NA,3.6,2.2,NA,NA,"Ostrya virginiana (Mill.) K. Koch",NA,NA,"2016",701,"mixed hardwood","Ostrya virginiana (Mill.) K. Koch","hophornbeam","Betulaceae","tree","virginiana",0.84,"hw3",-2.48,2.4835,"BetulaceaeAbove0.60spg","hardwood","Hardwood",0.62,-2.2652,2.5349,NA,NA,NA,"Check",0.384861102502452,0.492378357716064,NA
"Ostrya","OSVI","NEON.PLA.D05.TREE.01673","TREE_054","TREE","D05",2022-09-07,"Live","single bole tree","Partially shaded",130,NA,11.4,10.4,NA,41,"Ostrya virginiana (Mill.) K. Koch",11.4,206,"2022",701,"mixed hardwood","Ostrya virginiana (Mill.) K. Koch","hophornbeam","Betulaceae","tree","virginiana",0.84,"hw3",-2.48,2.4835,"BetulaceaeAbove0.60spg","hardwood","Hardwood",0.62,-2.2652,2.5349,NA,NA,NA,"Check",28.1029546800135,39.2928880952952,NA
"Ostrya","OSVI","NEON.PLA.D05.TREE.00620","TREE_046","TREE","D05",2017-09-25,"Live","single bole tree",NA,130,NA,8.6,11.3,NA,57,"Ostrya virginiana (Mill.) K. Koch",5.6,109,"2017",701,"mixed hardwood","Ostrya virginiana (Mill.) K. Koch","hophornbeam","Betulaceae","tree","virginiana",0.84,"hw3",-2.48,2.4835,"BetulaceaeAbove0.60spg","hardwood","Hardwood",0.62,-2.2652,2.5349,NA,NA,NA,"Check",34.5358380634313,48.4936290452542,NA
"Ostrya","OSVI","NEON.PLA.D05.TREE.00678","TREE_046","TREE","D05",2016-09-29,"Live","single bole tree",NA,130,NA,12.6,10,NA,59,"Ostrya virginiana (Mill.) K. Koch",6.3,256.4,"2016",701,"mixed hardwood","Ostrya virginiana (Mill.) K. Koch","hophornbeam","Betulaceae","tree","virginiana",0.84,"hw3",-2.48,2.4835,"BetulaceaeAbove0.60spg","hardwood","Hardwood",0.62,-2.2652,2.5349,NA,NA,NA,"Check",16.5347370136258,22.866079117355,NA
"Ostrya","OSVI","NEON.PLA.D05.TREE.00541","TREE_046","TREE","D05",2022-09-19,"Live","single bole tree","Mostly shaded",130,NA,12.3,12.2,NA,41,"Ostrya virginiana (Mill.) K. Koch",7,356.5,"2022",701,"mixed hardwood","Ostrya virginiana (Mill.) K. Koch","hophornbeam","Betulaceae","tree","virginiana",0.84,"hw3",-2.48,2.4835,"BetulaceaeAbove0.60spg","hardwood","Hardwood",0.62,-2.2652,2.5349,NA,NA,NA,"Check",41.7757566215683,58.8911010829392,NA
"Ostrya","OSVI","NEON.PLA.D05.TREE.01671","TREE_054","TREE","D05",2021-09-20,"Live","small tree","Mostly shaded",130,NA,11.3,9.9,NA,21,"Ostrya virginiana (Mill.) K. Koch",3,61.7,"2021",701,"mixed hardwood","Ostrya virginiana (Mill.) K. Koch","hophornbeam","Betulaceae","tree","virginiana",0.84,"hw3",-2.48,2.4835,"BetulaceaeAbove0.60spg","hardwood","Hardwood",0.62,-2.2652,2.5349,NA,NA,NA,"Check",16.1271378281577,22.2908873247071,NA
"Ostrya","OSVI","NEON.PLA.D05.TREE.00314","TREE_054","TREE","D05",2015-07-30,"Live","single bole tree","Partially shaded",130,NA,10.6,12,NA,39,"Ostrya virginiana (Mill.) K. Koch",12.3,136.7,"2015",701,"mixed hardwood","Ostrya virginiana (Mill.) K. Koch","hophornbeam","Betulaceae","tree","virginiana",0.84,"hw3",-2.48,2.4835,"BetulaceaeAbove0.60spg","hardwood","Hardwood",0.62,-2.2652,2.5349,NA,NA,NA,"Check",40.095562396041,56.4745371437266,NA
"Ostrya","OSVI","NEON.PLA.D05.TREE.00616","TREE_046","TREE","D05",2015-07-28,"Live","small tree","Mostly shaded",130,NA,5.2,6.4,NA,NA,"Ostrya virginiana (Mill.) K. Koch",NA,NA,"2015",701,"mixed hardwood","Ostrya virginiana (Mill.) K. Koch","hophornbeam","Betulaceae","tree","virginiana",0.84,"hw3",-2.48,2.4835,"BetulaceaeAbove0.60spg","hardwood","Hardwood",0.62,-2.2652,2.5349,NA,NA,NA,"Check",5.45814736696786,7.37695811943192,NA
"Ostrya","OSVI","NEON.PLA.D05.TREE.00498","TREE_051","TREE","D05",2015-08-03,"Live","single bole tree","Mostly shaded",130,NA,8.4,10.2,NA,61,"Ostrya virginiana (Mill.) K. Koch",6.4,188.8,"2015",701,"mixed hardwood","Ostrya virginiana (Mill.) K. Koch","hophornbeam","Betulaceae","tree","virginiana",0.84,"hw3",-2.48,2.4835,"BetulaceaeAbove0.60spg","hardwood","Hardwood",0.62,-2.2652,2.5349,NA,NA,NA,"Check",26.7798543996179,37.4056077179616,NA
"Ostrya","OSVI","NEON.PLA.D05.TREE.00156","TREE_055","TREE","D05",2017-09-14,"Live","single bole tree",NA,130,NA,11,14,NA,61,"Ostrya virginiana (Mill.) K. Koch",6.9,227.2,"2017",701,"mixed hardwood","Ostrya virginiana (Mill.) K. Koch","hophornbeam","Betulaceae","tree","virginiana",0.84,"hw3",-2.48,2.4835,"BetulaceaeAbove0.60spg","hardwood","Hardwood",0.62,-2.2652,2.5349,NA,NA,NA,"Check",58.7974730181621,83.4749364765509,NA
"Ostrya","OSVI","NEON.PLA.D05.TREE.00639","TREE_046","TREE","D05",2022-09-19,"Live","single bole tree","Full shade",130,NA,10.8,10.5,NA,41,"Ostrya virginiana (Mill.) K. Koch",9.5,334.2,"2022",701,"mixed hardwood","Ostrya virginiana (Mill.) K. Koch","hophornbeam","Betulaceae","tree","virginiana",0.84,"hw3",-2.48,2.4835,"BetulaceaeAbove0.60spg","hardwood","Hardwood",0.62,-2.2652,2.5349,NA,NA,NA,"Check",28.7788416198593,40.257693939914,NA
"Ostrya","OSVI","NEON.PLA.D05.TREE.00614","TREE_046","TREE","D05",2015-07-28,"Live","single bole tree","Mostly shaded",130,NA,15.1,10,NA,59,"Ostrya virginiana (Mill.) K. Koch",10.3,261,"2015",701,"mixed hardwood","Ostrya virginiana (Mill.) K. Koch","hophornbeam","Betulaceae","tree","virginiana",0.84,"hw3",-2.48,2.4835,"BetulaceaeAbove0.60spg","hardwood","Hardwood",0.62,-2.2652,2.5349,NA,NA,NA,"Check",16.5347370136258,22.866079117355,NA
"Ostrya","OSVI","NEON.PLA.D05.TREE.00156","TREE_055","TREE","D05",2018-10-10,"Live","single bole tree",NA,130,NA,10,14.4,NA,61,"Ostrya virginiana (Mill.) K. Koch",6.9,227.2,"2018",701,"mixed hardwood","Ostrya virginiana (Mill.) K. Koch","hophornbeam","Betulaceae","tree","virginiana",0.84,"hw3",-2.48,2.4835,"BetulaceaeAbove0.60spg","hardwood","Hardwood",0.62,-2.2652,2.5349,NA,NA,NA,"Check",63.0583981027127,89.653907105063,NA
"Ostrya","OSVI","NEON.PLA.D05.TREE.00678","TREE_046","TREE","D05",2017-09-25,"Live","single bole tree",NA,130,NA,9.1,10.1,NA,59,"Ostrya virginiana (Mill.) K. Koch",6.3,256.4,"2017",701,"mixed hardwood","Ostrya virginiana (Mill.) K. Koch","hophornbeam","Betulaceae","tree","virginiana",0.84,"hw3",-2.48,2.4835,"BetulaceaeAbove0.60spg","hardwood","Hardwood",0.62,-2.2652,2.5349,NA,NA,NA,"Check",26.1325516038943,36.4829871303807,NA
"Ostrya","OSVI","NEON.PLA.D05.TREE.00304","TREE_054","TREE","D05",2021-09-20,"Live","single bole tree","Mostly shaded",130,NA,11,12.8,NA,21,"Ostrya virginiana (Mill.) K. Koch",10.8,35.9,"2021",701,"mixed hardwood","Ostrya virginiana (Mill.) K. Koch","hophornbeam","Betulaceae","tree","virginiana",0.84,"hw3",-2.48,2.4835,"BetulaceaeAbove0.60spg","hardwood","Hardwood",0.62,-2.2652,2.5349,NA,NA,NA,"Check",47.0658216206163,66.512411129831,NA
"Ostrya","OSVI","NEON.PLA.D05.TREE.00678","TREE_046","TREE","D05",2022-09-19,"Live","single bole tree","Full shade",130,NA,12.4,11.1,NA,59,"Ostrya virginiana (Mill.) K. Koch",6.3,256.4,"2022",701,"mixed hardwood","Ostrya virginiana (Mill.) K. Koch","hophornbeam","Betulaceae","tree","virginiana",0.84,"hw3",-2.48,2.4835,"BetulaceaeAbove0.60spg","hardwood","Hardwood",0.62,-2.2652,2.5349,NA,NA,NA,"Check",33.0376617710938,46.3473981260553,NA
"Ostrya","OSVI","NEON.PLA.D05.TREE.00541","TREE_046","TREE","D05",2018-10-10,"Live","single bole tree",NA,130,NA,11,10.8,NA,41,"Ostrya virginiana (Mill.) K. Koch",7,356.5,"2018",701,"mixed hardwood","Ostrya virginiana (Mill.) K. Koch","hophornbeam","Betulaceae","tree","virginiana",0.84,"hw3",-2.48,2.4835,"BetulaceaeAbove0.60spg","hardwood","Hardwood",0.62,-2.2652,2.5349,NA,NA,NA,"Check",30.8643817267358,43.2376435981715,NA
"Ostrya","OSVI","NEON.PLA.D05.TREE.00452","TREE_051","TREE","D05",2016-09-28,"Live","small tree",NA,130,NA,9.7,8.6,NA,NA,"Ostrya virginiana (Mill.) K. Koch",NA,NA,"2016",701,"mixed hardwood","Ostrya virginiana (Mill.) K. Koch","hophornbeam","Betulaceae","tree","virginiana",0.84,"hw3",-2.48,2.4835,"BetulaceaeAbove0.60spg","hardwood","Hardwood",0.62,-2.2652,2.5349,NA,NA,NA,"Check",11.3690504975021,15.600978052591,NA
"Ostrya","OSVI","NEON.PLA.D05.TREE.00452","TREE_051","TREE","D05",2017-09-26,"Live","small tree",NA,130,NA,9.7,9,NA,NA,"Ostrya virginiana (Mill.) K. Koch",NA,NA,"2017",701,"mixed hardwood","Ostrya virginiana (Mill.) K. Koch","hophornbeam","Betulaceae","tree","virginiana",0.84,"hw3",-2.48,2.4835,"BetulaceaeAbove0.60spg","hardwood","Hardwood",0.62,-2.2652,2.5349,NA,NA,NA,"Check",12.7279530312842,17.5065689666058,NA
"Ostrya","OSVI","NEON.PLA.D05.TREE.00314","TREE_054","TREE","D05",2022-09-07,"Live","single bole tree","Mostly shaded",130,NA,11.6,12.8,NA,39,"Ostrya virginiana (Mill.) K. Koch",12.3,136.7,"2022",701,"mixed hardwood","Ostrya virginiana (Mill.) K. Koch","hophornbeam","Betulaceae","tree","virginiana",0.84,"hw3",-2.48,2.4835,"BetulaceaeAbove0.60spg","hardwood","Hardwood",0.62,-2.2652,2.5349,NA,NA,NA,"Check",47.0658216206163,66.512411129831,NA
"Ostrya","OSVI","NEON.PLA.D05.TREE.00443","TREE_051","TREE","D05",2017-09-26,"Live","small tree",NA,130,NA,3.7,2.4,NA,NA,"Ostrya virginiana (Mill.) K. Koch",NA,NA,"2017",701,"mixed hardwood","Ostrya virginiana (Mill.) K. Koch","hophornbeam","Betulaceae","tree","virginiana",0.84,"hw3",-2.48,2.4835,"BetulaceaeAbove0.60spg","hardwood","Hardwood",0.62,-2.2652,2.5349,NA,NA,NA,"Check",0.477696336451814,0.613888048584544,NA
"Ostrya","OSVI","NEON.PLA.D05.TREE.00443","TREE_051","TREE","D05",2018-10-09,"Live","small tree",NA,130,NA,3.7,2.6,NA,NA,"Ostrya virginiana (Mill.) K. Koch",NA,NA,"2018",701,"mixed hardwood","Ostrya virginiana (Mill.) K. Koch","hophornbeam","Betulaceae","tree","virginiana",0.84,"hw3",-2.48,2.4835,"BetulaceaeAbove0.60spg","hardwood","Hardwood",0.62,-2.2652,2.5349,NA,NA,NA,"Check",0.582751770291043,0.751982340208567,NA
"Ostrya","OSVI","NEON.PLA.D05.TREE.01671","TREE_054","TREE","D05",2022-09-07,"Live","single bole tree","Partially shaded",130,NA,12.4,10,NA,21,"Ostrya virginiana (Mill.) K. Koch",3,61.7,"2022",701,"mixed hardwood","Ostrya virginiana (Mill.) K. Koch","hophornbeam","Betulaceae","tree","virginiana",0.84,"hw3",-2.48,2.4835,"BetulaceaeAbove0.60spg","hardwood","Hardwood",0.62,-2.2652,2.5349,NA,NA,NA,"Check",16.5347370136258,22.866079117355,NA
"Ostrya","OSVI","NEON.PLA.D05.TREE.00639","TREE_046","TREE","D05",2017-09-25,"Live","small tree",NA,130,NA,7.4,9.1,NA,41,"Ostrya virginiana (Mill.) K. Koch",9.5,334.2,"2017",701,"mixed hardwood","Ostrya virginiana (Mill.) K. Koch","hophornbeam","Betulaceae","tree","virginiana",0.84,"hw3",-2.48,2.4835,"BetulaceaeAbove0.60spg","hardwood","Hardwood",0.62,-2.2652,2.5349,NA,NA,NA,"Check",13.0820736449444,18.0038641483594,NA
"Ostrya","OSVI","NEON.PLA.D05.TREE.00156","TREE_055","TREE","D05",2015-07-29,"Live","single bole tree","Mostly shaded",130,NA,8.5,13.6,NA,61,"Ostrya virginiana (Mill.) K. Koch",6.9,227.2,"2015",701,"mixed hardwood","Ostrya virginiana (Mill.) K. Koch","hophornbeam","Betulaceae","tree","virginiana",0.84,"hw3",-2.48,2.4835,"BetulaceaeAbove0.60spg","hardwood","Hardwood",0.62,-2.2652,2.5349,NA,NA,NA,"Check",54.7133823970619,77.5610926145935,NA
"Ostrya","OSVI","NEON.PLA.D05.TREE.00698","TREE_046","TREE","D05",2021-09-21,"Live","single bole tree","Mostly shaded",130,NA,11.2,14.2,NA,59,"Ostrya virginiana (Mill.) K. Koch",9,244.1,"2021",701,"mixed hardwood","Ostrya virginiana (Mill.) K. Koch","hophornbeam","Betulaceae","tree","virginiana",0.84,"hw3",-2.48,2.4835,"BetulaceaeAbove0.60spg","hardwood","Hardwood",0.62,-2.2652,2.5349,NA,NA,NA,"Check",60.9056788478738,86.5310281092033,NA
"Ostrya","OSVI","NEON.PLA.D05.TREE.00620","TREE_046","TREE","D05",2015-07-28,"Live","single bole tree","Mostly shaded",130,NA,10.7,10.9,NA,57,"Ostrya virginiana (Mill.) K. Koch",5.6,109,"2015",701,"mixed hardwood","Ostrya virginiana (Mill.) K. Koch","hophornbeam","Betulaceae","tree","virginiana",0.84,"hw3",-2.48,2.4835,"BetulaceaeAbove0.60spg","hardwood","Hardwood",0.62,-2.2652,2.5349,NA,NA,NA,"Check",31.5790014005407,44.2597105320994,NA
"Ostrya","OSVI","NEON.PLA.D05.TREE.01673","TREE_054","TREE","D05",2021-09-20,"Live","single bole tree","Mostly shaded",130,NA,8.8,10.3,NA,41,"Ostrya virginiana (Mill.) K. Koch",11.4,206,"2021",701,"mixed hardwood","Ostrya virginiana (Mill.) K. Koch","hophornbeam","Betulaceae","tree","virginiana",0.84,"hw3",-2.48,2.4835,"BetulaceaeAbove0.60spg","hardwood","Hardwood",0.62,-2.2652,2.5349,NA,NA,NA,"Check",27.4366404784122,38.3422169754935,NA
"Ostrya","OSVI","NEON.PLA.D05.TREE.00535","TREE_053","TREE","D05",2018-10-09,"Live","single bole tree",NA,130,NA,8.8,10.5,NA,NA,"Ostrya virginiana (Mill.) K. Koch",NA,NA,"2018",701,"mixed hardwood","Ostrya virginiana (Mill.) K. Koch","hophornbeam","Betulaceae","tree","virginiana",0.84,"hw3",-2.48,2.4835,"BetulaceaeAbove0.60spg","hardwood","Hardwood",0.62,-2.2652,2.5349,NA,NA,NA,"Check",28.7788416198593,40.257693939914,NA
"Ostrya","OSVI","NEON.PLA.D05.TREE.00541","TREE_046","TREE","D05",2017-09-25,"Live","single bole tree",NA,130,NA,10.6,10.4,NA,41,"Ostrya virginiana (Mill.) K. Koch",7,356.5,"2017",701,"mixed hardwood","Ostrya virginiana (Mill.) K. Koch","hophornbeam","Betulaceae","tree","virginiana",0.84,"hw3",-2.48,2.4835,"BetulaceaeAbove0.60spg","hardwood","Hardwood",0.62,-2.2652,2.5349,NA,NA,NA,"Check",28.1029546800135,39.2928880952952,NA
"Ostrya","OSVI","NEON.PLA.D05.TREE.01671","TREE_054","TREE","D05",2016-10-18,"Live","small tree",NA,130,NA,9.3,9.4,NA,21,"Ostrya virginiana (Mill.) K. Koch",3,61.7,"2016",701,"mixed hardwood","Ostrya virginiana (Mill.) K. Koch","hophornbeam","Betulaceae","tree","virginiana",0.84,"hw3",-2.48,2.4835,"BetulaceaeAbove0.60spg","hardwood","Hardwood",0.62,-2.2652,2.5349,NA,NA,NA,"Check",14.1794803868069,19.5467022682558,NA
"Ostrya","OSVI","NEON.PLA.D05.TREE.00314","TREE_054","TREE","D05",2021-09-20,"Live","single bole tree","Mostly shaded",130,NA,11,12.7,NA,39,"Ostrya virginiana (Mill.) K. Koch",12.3,136.7,"2021",701,"mixed hardwood","Ostrya virginiana (Mill.) K. Koch","hophornbeam","Betulaceae","tree","virginiana",0.84,"hw3",-2.48,2.4835,"BetulaceaeAbove0.60spg","hardwood","Hardwood",0.62,-2.2652,2.5349,NA,NA,NA,"Check",46.1579195496462,65.2030921377243,NA
"Ostrya","OSVI","NEON.PLA.D05.TREE.00498","TREE_051","TREE","D05",2018-10-09,"Live","single bole tree",NA,130,NA,7.4,10.5,NA,61,"Ostrya virginiana (Mill.) K. Koch",6.4,188.8,"2018",701,"mixed hardwood","Ostrya virginiana (Mill.) K. Koch","hophornbeam","Betulaceae","tree","virginiana",0.84,"hw3",-2.48,2.4835,"BetulaceaeAbove0.60spg","hardwood","Hardwood",0.62,-2.2652,2.5349,NA,NA,NA,"Check",28.7788416198593,40.257693939914,NA
"Ostrya","OSVI","NEON.PLA.D05.TREE.00616","TREE_046","TREE","D05",2022-09-19,"Live","small tree","Full shade",130,NA,9.9,6.7,NA,NA,"Ostrya virginiana (Mill.) K. Koch",NA,NA,"2022",701,"mixed hardwood","Ostrya virginiana (Mill.) K. Koch","hophornbeam","Betulaceae","tree","virginiana",0.84,"hw3",-2.48,2.4835,"BetulaceaeAbove0.60spg","hardwood","Hardwood",0.62,-2.2652,2.5349,NA,NA,NA,"Check",6.11581112105674,8.28530917472534,NA
"Picea","PIGL","NEON.PLA.D05.TREE.00898","TREE_057","TREE","D05",2018-10-16,"Live","single bole tree",NA,130,NA,11.6,17.2,NA,23,"Picea glauca (Moench) Voss",5.3,29.7,"2018",94,"spruce","Picea glauca (Moench) Voss","white spruce","Pinaceae","tree","glauca",0.608,"sw5",-2.0773,2.3323,"PiceaAbove0.35spg","conifer","Conifer",0.37,-2.1364,2.3233,2.24952,0.76318,NA,"Check",95.3812631268412,87.6347817805764,NA
"Picea","PIGL","NEON.PLA.D05.TREE.01149","TREE_043","TREE","D05",2017-10-17,"Live","single bole tree",NA,130,NA,14.9,26.5,NA,59,"Picea glauca (Moench) Voss",5.2,164.8,"2017",94,"spruce","Picea glauca (Moench) Voss","white spruce","Pinaceae","tree","glauca",0.608,"sw5",-2.0773,2.3323,"PiceaAbove0.35spg","conifer","Conifer",0.37,-2.1364,2.3233,2.24952,0.76318,NA,"Check",261.382450080114,239.22160936739,NA
"Picea","PIGL","NEON.PLA.D05.TREE.01190","TREE_043","TREE","D05",2020-10-05,"Live","single bole tree","Partially shaded",130,NA,15,33.8,NA,61,"Picea glauca (Moench) Voss",7.4,254.7,"2020",94,"spruce","Picea glauca (Moench) Voss","white spruce","Pinaceae","tree","glauca",0.608,"sw5",-2.0773,2.3323,"PiceaAbove0.35spg","conifer","Conifer",0.37,-2.1364,2.3233,2.24952,0.76318,NA,"Check",461.033509762746,421.022628827775,NA
"Picea","PIGL","NEON.PLA.D05.TREE.01296","TREE_043","TREE","D05",2019-10-23,"Live","single bole tree",NA,130,NA,16.9,28.5,NA,57,"Picea glauca (Moench) Voss",12.7,128.6,"2019",94,"spruce","Picea glauca (Moench) Voss","white spruce","Pinaceae","tree","glauca",0.608,"sw5",-2.0773,2.3323,"PiceaAbove0.35spg","conifer","Conifer",0.37,-2.1364,2.3233,2.24952,0.76318,NA,"Check",309.723914647686,283.278968341852,NA
"Picea","PIGL","NEON.PLA.D05.TREE.00932","TREE_039","TREE","D05",2015-08-11,"Live","single bole tree","Mostly shaded",120,NA,7,10.2,NA,41,"Picea glauca (Moench) Voss",15.8,75.6,"2015",94,"spruce","Picea glauca (Moench) Voss","white spruce","Pinaceae","tree","glauca",0.608,"sw5",-2.0773,2.3323,"PiceaAbove0.35spg","conifer","Conifer",0.37,-2.1364,2.3233,2.24952,0.76318,NA,"Check",28.1966980322354,26.0287940982193,NA
"Picea","PIGL","NEON.PLA.D05.TREE.00827","TREE_057","TREE","D05",2016-10-18,"Live","single bole tree",NA,130,NA,11,12.6,NA,59,"Picea glauca (Moench) Voss",13.6,230.2,"2016",94,"spruce","Picea glauca (Moench) Voss","white spruce","Pinaceae","tree","glauca",0.608,"sw5",-2.0773,2.3323,"PiceaAbove0.35spg","conifer","Conifer",0.37,-2.1364,2.3233,2.24952,0.76318,NA,"Check",46.1566515362556,42.5269421434663,NA
"Picea","PIGL","NEON.PLA.D05.TREE.01149","TREE_043","TREE","D05",2015-08-05,"Live","single bole tree","Partially shaded",130,NA,13.6,25.2,NA,59,"Picea glauca (Moench) Voss",5.2,164.8,"2015",94,"spruce","Picea glauca (Moench) Voss","white spruce","Pinaceae","tree","glauca",0.608,"sw5",-2.0773,2.3323,"PiceaAbove0.35spg","conifer","Conifer",0.37,-2.1364,2.3233,2.24952,0.76318,NA,"Check",232.448396164756,212.837008072545,NA
"Picea","PIGL","NEON.PLA.D05.TREE.00711","TREE_052","TREE","D05",2017-09-26,"Live","small tree",NA,130,NA,2.7,3.3,NA,NA,"Picea glauca (Moench) Voss",NA,NA,"2017",94,"spruce","Picea glauca (Moench) Voss","white spruce","Pinaceae","tree","glauca",0.608,"sw5",-2.0773,2.3323,"PiceaAbove0.35spg","conifer","Conifer",0.37,-2.1364,2.3233,2.24952,0.76318,NA,"Check",0.635577409637712,0.595360326851913,NA
"Picea","PIGL","NEON.PLA.D05.TREE.01269","TREE_043","TREE","D05",2020-10-05,"Live","single bole tree","Partially shaded",130,NA,13.4,18.2,NA,39,"Picea glauca (Moench) Voss",8,36.8,"2020",94,"spruce","Picea glauca (Moench) Voss","white spruce","Pinaceae","tree","glauca",0.608,"sw5",-2.0773,2.3323,"PiceaAbove0.35spg","conifer","Conifer",0.37,-2.1364,2.3233,2.24952,0.76318,NA,"Check",108.818959992796,99.9302846668749,NA
"Picea","PIGL","NEON.PLA.D05.TREE.01296","TREE_043","TREE","D05",2017-10-17,"Live","single bole tree",NA,130,NA,18,26.8,NA,57,"Picea glauca (Moench) Voss",12.7,128.6,"2017",94,"spruce","Picea glauca (Moench) Voss","white spruce","Pinaceae","tree","glauca",0.608,"sw5",-2.0773,2.3323,"PiceaAbove0.35spg","conifer","Conifer",0.37,-2.1364,2.3233,2.24952,0.76318,NA,"Check",268.335945169887,245.560684796217,NA
"Picea","PIGL","NEON.PLA.D05.TREE.01269","TREE_043","TREE","D05",2018-10-15,"Live","single bole tree",NA,130,NA,14.1,18,NA,39,"Picea glauca (Moench) Voss",8,36.8,"2018",94,"spruce","Picea glauca (Moench) Voss","white spruce","Pinaceae","tree","glauca",0.608,"sw5",-2.0773,2.3323,"PiceaAbove0.35spg","conifer","Conifer",0.37,-2.1364,2.3233,2.24952,0.76318,NA,"Check",106.050357381735,97.3975157932213,NA
"Picea","PIGL","NEON.PLA.D05.TREE.00932","TREE_039","TREE","D05",2016-10-18,"Live","single bole tree",NA,130,NA,6.5,10.7,NA,41,"Picea glauca (Moench) Voss",15.8,75.6,"2016",94,"spruce","Picea glauca (Moench) Voss","white spruce","Pinaceae","tree","glauca",0.608,"sw5",-2.0773,2.3323,"PiceaAbove0.35spg","conifer","Conifer",0.37,-2.1364,2.3233,2.24952,0.76318,NA,"Check",31.5262167741877,29.0897909031455,NA
"Picea","PIGL","NEON.PLA.D05.TREE.01296","TREE_043","TREE","D05",2015-08-05,"Live","single bole tree","Full sun",130,NA,14.1,26.3,NA,57,"Picea glauca (Moench) Voss",12.7,128.6,"2015",94,"spruce","Picea glauca (Moench) Voss","white spruce","Pinaceae","tree","glauca",0.608,"sw5",-2.0773,2.3323,"PiceaAbove0.35spg","conifer","Conifer",0.37,-2.1364,2.3233,2.24952,0.76318,NA,"Check",256.804639144787,235.047945421744,NA
"Picea","PIGL","NEON.PLA.D05.TREE.00721","TREE_052","TREE","D05",2015-08-03,"Live","small tree","Mostly shaded",130,NA,2,1.4,NA,NA,"Picea glauca (Moench) Voss",NA,NA,"2015",94,"spruce","Picea glauca (Moench) Voss","white spruce","Pinaceae","tree","glauca",0.608,"sw5",-2.0773,2.3323,"PiceaAbove0.35spg","conifer","Conifer",0.37,-2.1364,2.3233,2.24952,0.76318,NA,"Check",0.0860305715731907,0.0812111611198625,NA
"Picea","PIGL","NEON.PLA.D05.TREE.00932","TREE_039","TREE","D05",2017-10-17,"Live","single bole tree",NA,130,NA,7.7,11.3,NA,41,"Picea glauca (Moench) Voss",15.8,75.6,"2017",94,"spruce","Picea glauca (Moench) Voss","white spruce","Pinaceae","tree","glauca",0.608,"sw5",-2.0773,2.3323,"PiceaAbove0.35spg","conifer","Conifer",0.37,-2.1364,2.3233,2.24952,0.76318,NA,"Check",35.8042784911861,33.0210148578667,NA
"Picea","PIGL","NEON.PLA.D05.TREE.00270","TREE_055","TREE","D05",2015-07-29,"Live","small tree","Full shade",130,NA,1.9,1.3,NA,NA,"Picea glauca (Moench) Voss",NA,NA,"2015",94,"spruce","Picea glauca (Moench) Voss","white spruce","Pinaceae","tree","glauca",0.608,"sw5",-2.0773,2.3323,"PiceaAbove0.35spg","conifer","Conifer",0.37,-2.1364,2.3233,2.24952,0.76318,NA,"Check",0.0723749824234555,0.0683661376352797,NA
"Picea","PIGL","NEON.PLA.D05.TREE.01188","TREE_043","TREE","D05",2018-10-15,"Live","single bole tree",NA,130,NA,19.2,31.6,NA,43,"Picea glauca (Moench) Voss",12.8,314,"2018",94,"spruce","Picea glauca (Moench) Voss","white spruce","Pinaceae","tree","glauca",0.608,"sw5",-2.0773,2.3323,"PiceaAbove0.35spg","conifer","Conifer",0.37,-2.1364,2.3233,2.24952,0.76318,NA,"Check",394.058096848842,360.077734847811,NA
"Picea","PIGL","NEON.PLA.D05.TREE.00764","TREE_052","TREE","D05",2018-08-29,"Live","small tree",NA,130,NA,3.6,3.9,NA,NA,"Picea glauca (Moench) Voss",NA,NA,"2018",94,"spruce","Picea glauca (Moench) Voss","white spruce","Pinaceae","tree","glauca",0.608,"sw5",-2.0773,2.3323,"PiceaAbove0.35spg","conifer","Conifer",0.37,-2.1364,2.3233,2.24952,0.76318,NA,"Check",0.938379202059026,0.877681321774472,NA
"Picea","PIGL","NEON.PLA.D05.TREE.01190","TREE_043","TREE","D05",2018-10-15,"Live","single bole tree",NA,130,NA,18.5,33.4,NA,61,"Picea glauca (Moench) Voss",7.4,254.7,"2018",94,"spruce","Picea glauca (Moench) Voss","white spruce","Pinaceae","tree","glauca",0.608,"sw5",-2.0773,2.3323,"PiceaAbove0.35spg","conifer","Conifer",0.37,-2.1364,2.3233,2.24952,0.76318,NA,"Check",448.408624757208,409.537274032728,NA
"Picea","PIGL","NEON.PLA.D05.TREE.01149","TREE_043","TREE","D05",2020-10-05,"Live","single bole tree","Partially shaded",130,NA,15.4,27.1,NA,59,"Picea glauca (Moench) Voss",5.2,164.8,"2020",94,"spruce","Picea glauca (Moench) Voss","white spruce","Pinaceae","tree","glauca",0.608,"sw5",-2.0773,2.3323,"PiceaAbove0.35spg","conifer","Conifer",0.37,-2.1364,2.3233,2.24952,0.76318,NA,"Check",275.393921232608,251.994360929395,NA
"Picea","PIGL","NEON.PLA.D05.TREE.01425","TREE_039","TREE","D05",2016-10-18,"Live","small tree",NA,130,NA,6.1,7.8,NA,NA,"Picea glauca (Moench) Voss",NA,NA,"2016",94,"spruce","Picea glauca (Moench) Voss","white spruce","Pinaceae","tree","glauca",0.608,"sw5",-2.0773,2.3323,"PiceaAbove0.35spg","conifer","Conifer",0.37,-2.1364,2.3233,2.24952,0.76318,NA,"Check",4.72574879790941,4.39258167063713,NA
"Picea","PIGL","NEON.PLA.D05.TREE.00801","TREE_052","TREE","D05",2015-08-03,"Live","sapling","Full shade",10,NA,0.5,1.2,NA,NA,"Picea glauca (Moench) Voss",NA,NA,"2015",94,"spruce","Picea glauca (Moench) Voss","white spruce","Pinaceae","tree","glauca",0.608,"sw5",-2.0773,2.3323,"PiceaAbove0.35spg","conifer","Conifer",0.37,-2.1364,2.3233,2.24952,0.76318,0.851537287154131,"Check",0.0269806500709155,0.0255834223307554,NA
"Picea","PIGL","NEON.PLA.D05.TREE.01232","TREE_043","TREE","D05",2016-10-19,"Live","single bole tree",NA,130,NA,16.4,28.7,NA,57,"Picea glauca (Moench) Voss",6.2,140.5,"2016",94,"spruce","Picea glauca (Moench) Voss","white spruce","Pinaceae","tree","glauca",0.608,"sw5",-2.0773,2.3323,"PiceaAbove0.35spg","conifer","Conifer",0.37,-2.1364,2.3233,2.24952,0.76318,NA,"Check",314.816887232474,287.91896969466,NA
"Picea","PIGL","NEON.PLA.D05.TREE.00932","TREE_039","TREE","D05",2018-10-17,"Live","single bole tree",NA,130,NA,8.6,11.8,NA,41,"Picea glauca (Moench) Voss",15.8,75.6,"2018",94,"spruce","Picea glauca (Moench) Voss","white spruce","Pinaceae","tree","glauca",0.608,"sw5",-2.0773,2.3323,"PiceaAbove0.35spg","conifer","Conifer",0.37,-2.1364,2.3233,2.24952,0.76318,NA,"Check",39.6086899453712,36.5154566739034,NA
"Picea","PIGL","NEON.PLA.D05.TREE.01269","TREE_043","TREE","D05",2016-10-19,"Live","single bole tree",NA,130,NA,13.3,17.3,NA,39,"Picea glauca (Moench) Voss",8,36.8,"2016",94,"spruce","Picea glauca (Moench) Voss","white spruce","Pinaceae","tree","glauca",0.608,"sw5",-2.0773,2.3323,"PiceaAbove0.35spg","conifer","Conifer",0.37,-2.1364,2.3233,2.24952,0.76318,NA,"Check",96.6796343203744,88.8230701234353,NA
"Picea","PIGL","NEON.PLA.D05.TREE.01232","TREE_043","TREE","D05",2015-08-05,"Live","single bole tree","Full sun",130,NA,16.1,28.5,NA,57,"Picea glauca (Moench) Voss",6.2,140.5,"2015",94,"spruce","Picea glauca (Moench) Voss","white spruce","Pinaceae","tree","glauca",0.608,"sw5",-2.0773,2.3323,"PiceaAbove0.35spg","conifer","Conifer",0.37,-2.1364,2.3233,2.24952,0.76318,NA,"Check",309.723914647686,283.278968341852,NA
"Picea","PIGL","NEON.PLA.D05.TREE.00898","TREE_057","TREE","D05",2016-10-18,"Live","single bole tree",NA,130,NA,10.5,16.4,NA,23,"Picea glauca (Moench) Voss",5.3,29.7,"2016",94,"spruce","Picea glauca (Moench) Voss","white spruce","Pinaceae","tree","glauca",0.608,"sw5",-2.0773,2.3323,"PiceaAbove0.35spg","conifer","Conifer",0.37,-2.1364,2.3233,2.24952,0.76318,NA,"Check",85.3533123256992,78.454883353182,NA
"Picea","PIGL","NEON.PLA.D05.TREE.00954","TREE_043","TREE","D05",2015-08-05,"Live","single bole tree","Partially shaded",130,NA,16.9,25.5,NA,61,"Picea glauca (Moench) Voss",5.3,260.5,"2015",94,"spruce","Picea glauca (Moench) Voss","white spruce","Pinaceae","tree","glauca",0.608,"sw5",-2.0773,2.3323,"PiceaAbove0.35spg","conifer","Conifer",0.37,-2.1364,2.3233,2.24952,0.76318,NA,"Check",238.953686778151,218.770152763576,NA
"Picea","PIGL","NEON.PLA.D05.TREE.00270","TREE_055","TREE","D05",2018-10-10,"Live","small tree",NA,130,NA,2.5,2.1,NA,NA,"Picea glauca (Moench) Voss",NA,NA,"2018",94,"spruce","Picea glauca (Moench) Voss","white spruce","Pinaceae","tree","glauca",0.608,"sw5",-2.0773,2.3323,"PiceaAbove0.35spg","conifer","Conifer",0.37,-2.1364,2.3233,2.24952,0.76318,NA,"Check",0.221488127618928,0.208318836866128,NA
"Picea","PIGL","NEON.PLA.D05.TREE.00721","TREE_052","TREE","D05",2017-09-26,"Live","small tree",NA,130,NA,2.3,1.5,NA,NA,"Picea glauca (Moench) Voss",NA,NA,"2017",94,"spruce","Picea glauca (Moench) Voss","white spruce","Pinaceae","tree","glauca",0.608,"sw5",-2.0773,2.3323,"PiceaAbove0.35spg","conifer","Conifer",0.37,-2.1364,2.3233,2.24952,0.76318,NA,"Check",0.101049933995458,0.0953299305766339,NA
"Picea","PIGL","NEON.PLA.D05.TREE.01190","TREE_043","TREE","D05",2015-08-05,"Live","single bole tree","Full sun",130,NA,17.9,31.9,NA,61,"Picea glauca (Moench) Voss",7.4,254.7,"2015",94,"spruce","Picea glauca (Moench) Voss","white spruce","Pinaceae","tree","glauca",0.608,"sw5",-2.0773,2.3323,"PiceaAbove0.35spg","conifer","Conifer",0.37,-2.1364,2.3233,2.24952,0.76318,NA,"Check",402.8386045063,368.069781026301,NA
"Picea","PIGL","NEON.PLA.D05.TREE.00721","TREE_052","TREE","D05",2016-09-29,"Live","small tree",NA,130,NA,2.1,1.5,NA,NA,"Picea glauca (Moench) Voss",NA,NA,"2016",94,"spruce","Picea glauca (Moench) Voss","white spruce","Pinaceae","tree","glauca",0.608,"sw5",-2.0773,2.3323,"PiceaAbove0.35spg","conifer","Conifer",0.37,-2.1364,2.3233,2.24952,0.76318,NA,"Check",0.101049933995458,0.0953299305766339,NA
"Picea","PIGL","NEON.PLA.D05.TREE.00932","TREE_039","TREE","D05",2020-10-01,"Live","single bole tree","Mostly shaded",130,NA,9.3,12.7,NA,41,"Picea glauca (Moench) Voss",15.8,75.6,"2020",94,"spruce","Picea glauca (Moench) Voss","white spruce","Pinaceae","tree","glauca",0.608,"sw5",-2.0773,2.3323,"PiceaAbove0.35spg","conifer","Conifer",0.37,-2.1364,2.3233,2.24952,0.76318,NA,"Check",47.0155467701548,43.315212940272,NA
"Picea","PIGL","NEON.PLA.D05.TREE.01076","TREE_047","TREE","D05",2016-10-19,"Live","small tree",NA,130,NA,3.4,4.4,NA,NA,"Picea glauca (Moench) Voss",NA,NA,"2016",94,"spruce","Picea glauca (Moench) Voss","white spruce","Pinaceae","tree","glauca",0.608,"sw5",-2.0773,2.3323,"PiceaAbove0.35spg","conifer","Conifer",0.37,-2.1364,2.3233,2.24952,0.76318,NA,"Check",1.24326316885284,1.16158249302367,NA
"Picea","PIGL","NEON.PLA.D05.TREE.01232","TREE_043","TREE","D05",2020-10-05,"Live","single bole tree","Partially shaded",130,NA,15.2,29.6,NA,57,"Picea glauca (Moench) Voss",6.2,140.5,"2020",94,"spruce","Picea glauca (Moench) Voss","white spruce","Pinaceae","tree","glauca",0.608,"sw5",-2.0773,2.3323,"PiceaAbove0.35spg","conifer","Conifer",0.37,-2.1364,2.3233,2.24952,0.76318,NA,"Check",338.32471951767,309.33232167886,NA
"Picea","PIGL","NEON.PLA.D05.TREE.00457","TREE_051","TREE","D05",2016-09-28,"Live","single bole tree",NA,130,NA,7.1,10.1,NA,43,"Picea glauca (Moench) Voss",10.1,348.3,"2016",94,"spruce","Picea glauca (Moench) Voss","white spruce","Pinaceae","tree","glauca",0.608,"sw5",-2.0773,2.3323,"PiceaAbove0.35spg","conifer","Conifer",0.37,-2.1364,2.3233,2.24952,0.76318,NA,"Check",27.5561673014686,25.4397662520527,NA
"Picea","PIGL","NEON.PLA.D05.TREE.00898","TREE_057","TREE","D05",2015-08-04,"Live","single bole tree","Mostly shaded",130,NA,9.2,16.5,NA,23,"Picea glauca (Moench) Voss",5.3,29.7,"2015",94,"spruce","Picea glauca (Moench) Voss","white spruce","Pinaceae","tree","glauca",0.608,"sw5",-2.0773,2.3323,"PiceaAbove0.35spg","conifer","Conifer",0.37,-2.1364,2.3233,2.24952,0.76318,NA,"Check",86.5720847311769,79.5707985343682,NA
"Picea","PIGL","NEON.PLA.D05.TREE.01269","TREE_043","TREE","D05",2015-08-05,"Live","single bole tree","Partially shaded",130,NA,13.5,17.2,NA,39,"Picea glauca (Moench) Voss",8,36.8,"2015",94,"spruce","Picea glauca (Moench) Voss","white spruce","Pinaceae","tree","glauca",0.608,"sw5",-2.0773,2.3323,"PiceaAbove0.35spg","conifer","Conifer",0.37,-2.1364,2.3233,2.24952,0.76318,NA,"Check",95.3812631268412,87.6347817805764,NA
"Picea","PIGL","NEON.PLA.D05.TREE.00898","TREE_057","TREE","D05",2017-10-17,"Live","single bole tree",NA,130,NA,12.1,17,NA,23,"Picea glauca (Moench) Voss",5.3,29.7,"2017",94,"spruce","Picea glauca (Moench) Voss","white spruce","Pinaceae","tree","glauca",0.608,"sw5",-2.0773,2.3323,"PiceaAbove0.35spg","conifer","Conifer",0.37,-2.1364,2.3233,2.24952,0.76318,NA,"Check",92.8145561301351,85.2855094218726,NA
"Picea","PIGL","NEON.PLA.D05.TREE.00363","TREE_051","TREE","D05",2018-10-09,"Live","single bole tree",NA,130,NA,9,14,NA,59,"Picea glauca (Moench) Voss",7,99.1,"2018",94,"spruce","Picea glauca (Moench) Voss","white spruce","Pinaceae","tree","glauca",0.608,"sw5",-2.0773,2.3323,"PiceaAbove0.35spg","conifer","Conifer",0.37,-2.1364,2.3233,2.24952,0.76318,NA,"Check",59.0139236340881,54.3215976097128,NA
"Picea","PIGL","NEON.PLA.D05.TREE.01190","TREE_043","TREE","D05",2016-10-19,"Live","single bole tree",NA,130,NA,17.2,32.5,NA,61,"Picea glauca (Moench) Voss",7.4,254.7,"2016",94,"spruce","Picea glauca (Moench) Voss","white spruce","Pinaceae","tree","glauca",0.608,"sw5",-2.0773,2.3323,"PiceaAbove0.35spg","conifer","Conifer",0.37,-2.1364,2.3233,2.24952,0.76318,NA,"Check",420.732087912173,384.354421495001,NA
"Picea","PIGL","NEON.PLA.D05.TREE.00357","TREE_054","TREE","D05",2017-08-30,"Live","small tree",NA,130,NA,2.6,4,NA,NA,"Picea glauca (Moench) Voss",NA,NA,"2017",94,"spruce","Picea glauca (Moench) Voss","white spruce","Pinaceae","tree","glauca",0.608,"sw5",-2.0773,2.3323,"PiceaAbove0.35spg","conifer","Conifer",0.37,-2.1364,2.3233,2.24952,0.76318,NA,"Check",0.995457925043829,0.930855850007453,NA
"Picea","PIGL","NEON.PLA.D05.TREE.01163","TREE_039","TREE","D05",2020-10-01,"Live","single bole tree","Partially shaded",130,NA,9,15,NA,25,"Picea glauca (Moench) Voss",11.8,303,"2020",94,"spruce","Picea glauca (Moench) Voss","white spruce","Pinaceae","tree","glauca",0.608,"sw5",-2.0773,2.3323,"PiceaAbove0.35spg","conifer","Conifer",0.37,-2.1364,2.3233,2.24952,0.76318,NA,"Check",69.3166740495764,63.7655472171204,NA
"Picea","PIGL","NEON.PLA.D05.TREE.01232","TREE_043","TREE","D05",2018-10-15,"Live","single bole tree",NA,130,NA,18.2,29.8,NA,57,"Picea glauca (Moench) Voss",6.2,140.5,"2018",94,"spruce","Picea glauca (Moench) Voss","white spruce","Pinaceae","tree","glauca",0.608,"sw5",-2.0773,2.3323,"PiceaAbove0.35spg","conifer","Conifer",0.37,-2.1364,2.3233,2.24952,0.76318,NA,"Check",343.680321102469,314.20993667664,NA
"Picea","PIGL","NEON.PLA.D05.TREE.00270","TREE_055","TREE","D05",2017-09-14,"Live","small tree",NA,130,NA,2.3,2,NA,NA,"Picea glauca (Moench) Voss",NA,NA,"2017",94,"spruce","Picea glauca (Moench) Voss","white spruce","Pinaceae","tree","glauca",0.608,"sw5",-2.0773,2.3323,"PiceaAbove0.35spg","conifer","Conifer",0.37,-2.1364,2.3233,2.24952,0.76318,NA,"Check",0.197665397238041,0.185994217996529,NA
"Picea","PIGL","NEON.PLA.D05.TREE.00954","TREE_043","TREE","D05",2020-10-05,"Live","single bole tree","Partially shaded",130,NA,17.6,27,NA,61,"Picea glauca (Moench) Voss",5.3,260.5,"2020",94,"spruce","Picea glauca (Moench) Voss","white spruce","Pinaceae","tree","glauca",0.608,"sw5",-2.0773,2.3323,"PiceaAbove0.35spg","conifer","Conifer",0.37,-2.1364,2.3233,2.24952,0.76318,NA,"Check",273.029629587146,249.839269921875,NA
"Picea","PIGL","NEON.PLA.D05.TREE.00270","TREE_055","TREE","D05",2016-09-27,"Live","small tree",NA,130,NA,2,1.6,NA,NA,"Picea glauca (Moench) Voss",NA,NA,"2016",94,"spruce","Picea glauca (Moench) Voss","white spruce","Pinaceae","tree","glauca",0.608,"sw5",-2.0773,2.3323,"PiceaAbove0.35spg","conifer","Conifer",0.37,-2.1364,2.3233,2.24952,0.76318,NA,"Check",0.117464714165787,0.110751192285134,NA
"Picea","PIGL","NEON.PLA.D05.TREE.01104","TREE_043","TREE","D05",2016-10-19,"Live","single bole tree",NA,130,NA,17.4,36.7,NA,41,"Picea glauca (Moench) Voss",9.1,33.2,"2016",94,"spruce","Picea glauca (Moench) Voss","white spruce","Pinaceae","tree","glauca",0.608,"sw5",-2.0773,2.3323,"PiceaAbove0.35spg","conifer","Conifer",0.37,-2.1364,2.3233,2.24952,0.76318,NA,"Check",558.612609038352,509.755518368028,NA
"Picea","PIGL","NEON.PLA.D05.TREE.00363","TREE_051","TREE","D05",2016-09-28,"Live","single bole tree",NA,130,NA,10.4,13.7,NA,59,"Picea glauca (Moench) Voss",7,99.1,"2016",94,"spruce","Picea glauca (Moench) Voss","white spruce","Pinaceae","tree","glauca",0.608,"sw5",-2.0773,2.3323,"PiceaAbove0.35spg","conifer","Conifer",0.37,-2.1364,2.3233,2.24952,0.76318,NA,"Check",56.1065353793348,51.6554515762862,NA
"Picea","PIGL","NEON.PLA.D05.TREE.01194","TREE_043","TREE","D05",2018-10-15,"Live","single bole tree",NA,130,NA,19.9,34,NA,43,"Picea glauca (Moench) Voss",9.9,308.5,"2018",94,"spruce","Picea glauca (Moench) Voss","white spruce","Pinaceae","tree","glauca",0.608,"sw5",-2.0773,2.3323,"PiceaAbove0.35spg","conifer","Conifer",0.37,-2.1364,2.3233,2.24952,0.76318,NA,"Check",467.421140726531,426.833243642538,NA
"Picea","PIGL","NEON.PLA.D05.TREE.01149","TREE_043","TREE","D05",2016-10-19,"Live","single bole tree",NA,130,NA,15.2,26,NA,59,"Picea glauca (Moench) Voss",5.2,164.8,"2016",94,"spruce","Picea glauca (Moench) Voss","white spruce","Pinaceae","tree","glauca",0.608,"sw5",-2.0773,2.3323,"PiceaAbove0.35spg","conifer","Conifer",0.37,-2.1364,2.3233,2.24952,0.76318,NA,"Check",250.024410632995,228.865772813585,NA
"Picea","PIGL","NEON.PLA.D05.TREE.01425","TREE_039","TREE","D05",2020-10-01,"Live","small tree","Partially shaded",130,NA,6.9,9.3,NA,NA,"Picea glauca (Moench) Voss",NA,NA,"2020",94,"spruce","Picea glauca (Moench) Voss","white spruce","Pinaceae","tree","glauca",0.608,"sw5",-2.0773,2.3323,"PiceaAbove0.35spg","conifer","Conifer",0.37,-2.1364,2.3233,2.24952,0.76318,NA,"Check",7.12247890419089,6.60986955716153,NA
"Picea","PIGL","NEON.PLA.D05.TREE.00827","TREE_057","TREE","D05",2018-10-16,"Live","single bole tree",NA,130,NA,11.2,13.1,NA,59,"Picea glauca (Moench) Voss",13.6,230.2,"2018",94,"spruce","Picea glauca (Moench) Voss","white spruce","Pinaceae","tree","glauca",0.608,"sw5",-2.0773,2.3323,"PiceaAbove0.35spg","conifer","Conifer",0.37,-2.1364,2.3233,2.24952,0.76318,NA,"Check",50.5419409022448,46.5510702301833,NA
"Picea","PIGL","NEON.PLA.D05.TREE.00654","TREE_042","TREE","D05",2015-07-27,"Live","sapling","Full shade",10,NA,0.9,1.6,NA,NA,"Picea glauca (Moench) Voss",NA,NA,"2015",94,"spruce","Picea glauca (Moench) Voss","white spruce","Pinaceae","tree","glauca",0.608,"sw5",-2.0773,2.3323,"PiceaAbove0.35spg","conifer","Conifer",0.37,-2.1364,2.3233,2.24952,0.76318,1.14849394850273,"Check",0.0542096475693134,0.051264117953466,NA
"Picea","PIGL","NEON.PLA.D05.TREE.02160","TREE_018","TREE","D05",2019-10-30,"Standing dead","single bole tree","Full shade",130,NA,9.7,11.1,NA,31,"Picea glauca (Moench) Voss",4,24.2,"2019",94,"spruce","Picea glauca (Moench) Voss","white spruce","Pinaceae","tree","glauca",0.608,"sw5",-2.0773,2.3323,"PiceaAbove0.35spg","conifer","Conifer",0.37,-2.1364,2.3233,2.24952,0.76318,NA,"Check",34.343682154911,31.6790497159347,NA
"Picea","PIGL","NEON.PLA.D05.TREE.01111","TREE_043","TREE","D05",2018-10-15,"Live","single bole tree",NA,130,NA,15.9,22.9,NA,43,"Picea glauca (Moench) Voss",5.1,322.5,"2018",94,"spruce","Picea glauca (Moench) Voss","white spruce","Pinaceae","tree","glauca",0.608,"sw5",-2.0773,2.3323,"PiceaAbove0.35spg","conifer","Conifer",0.37,-2.1364,2.3233,2.24952,0.76318,NA,"Check",185.944941508893,170.403709632921,NA
"Picea","PIGL","NEON.PLA.D05.TREE.01213","TREE_047","TREE","D05",2017-10-16,"Live","small tree",NA,130,NA,5.1,7.4,NA,NA,"Picea glauca (Moench) Voss",NA,NA,"2017",94,"spruce","Picea glauca (Moench) Voss","white spruce","Pinaceae","tree","glauca",0.608,"sw5",-2.0773,2.3323,"PiceaAbove0.35spg","conifer","Conifer",0.37,-2.1364,2.3233,2.24952,0.76318,NA,"Check",4.17972328477065,3.8868923169411,NA
"Picea","PIGL","NEON.PLA.D05.TREE.01213","TREE_047","TREE","D05",2018-10-11,"Live","small tree",NA,130,NA,5.5,7.6,NA,NA,"Picea glauca (Moench) Voss",NA,NA,"2018",94,"spruce","Picea glauca (Moench) Voss","white spruce","Pinaceae","tree","glauca",0.608,"sw5",-2.0773,2.3323,"PiceaAbove0.35spg","conifer","Conifer",0.37,-2.1364,2.3233,2.24952,0.76318,NA,"Check",4.44795036171418,4.13533477517606,NA
"Picea","PIGL","NEON.PLA.D05.TREE.00850","TREE_057","TREE","D05",2018-10-16,"Standing dead","single bole tree",NA,130,NA,21.4,29.9,NA,23,"Picea glauca (Moench) Voss",7.2,47.4,"2018",94,"spruce","Picea glauca (Moench) Voss","white spruce","Pinaceae","tree","glauca",0.608,"sw5",-2.0773,2.3323,"PiceaAbove0.35spg","conifer","Conifer",0.37,-2.1364,2.3233,2.24952,0.76318,NA,"Check",346.376153654409,316.665055337462,NA
"Picea","PIGL","NEON.PLA.D05.TREE.00906","TREE_043","TREE","D05",2018-10-15,"Live","single bole tree",NA,130,NA,17.6,30.1,NA,61,"Picea glauca (Moench) Voss",2.1,202.9,"2018",94,"spruce","Picea glauca (Moench) Voss","white spruce","Pinaceae","tree","glauca",0.608,"sw5",-2.0773,2.3323,"PiceaAbove0.35spg","conifer","Conifer",0.37,-2.1364,2.3233,2.24952,0.76318,NA,"Check",351.803949251687,321.607973924246,NA
"Picea","PIGL","NEON.PLA.D05.TREE.00602","TREE_042","TREE","D05",2015-07-27,"Live","sapling","Full shade",10,NA,1,1.5,NA,NA,"Picea glauca (Moench) Voss",NA,NA,"2015",94,"spruce","Picea glauca (Moench) Voss","white spruce","Pinaceae","tree","glauca",0.608,"sw5",-2.0773,2.3323,"PiceaAbove0.35spg","conifer","Conifer",0.37,-2.1364,2.3233,2.24952,0.76318,1.07394332059371,"Check",0.0463549609461466,0.0438627090598009,NA
"Picea","PIGL","NEON.PLA.D05.TREE.00466","TREE_052","TREE","D05",2015-08-03,"Live","sapling","Full shade",10,NA,1.4,2,NA,NA,"Picea glauca (Moench) Voss",NA,NA,"2015",94,"spruce","Picea glauca (Moench) Voss","white spruce","Pinaceae","tree","glauca",0.608,"sw5",-2.0773,2.3323,"PiceaAbove0.35spg","conifer","Conifer",0.37,-2.1364,2.3233,2.24952,0.76318,1.44845965449022,"Check",0.0931366030608996,0.0878921929181082,NA
"Picea","PIGL","NEON.PLA.D05.TREE.01425","TREE_039","TREE","D05",2021-09-30,"Live","small tree","Partially shaded",130,NA,7.6,9.7,NA,NA,"Picea glauca (Moench) Voss",NA,NA,"2021",94,"spruce","Picea glauca (Moench) Voss","white spruce","Pinaceae","tree","glauca",0.608,"sw5",-2.0773,2.3323,"PiceaAbove0.35spg","conifer","Conifer",0.37,-2.1364,2.3233,2.24952,0.76318,NA,"Check",7.85753106172925,7.28925636604803,NA
"Picea","PIGL","NEON.PLA.D05.TREE.00720","TREE_051","TREE","D05",2016-09-28,"Live","small tree",NA,130,NA,1.9,1.3,NA,NA,"Picea glauca (Moench) Voss",NA,NA,"2016",94,"spruce","Picea glauca (Moench) Voss","white spruce","Pinaceae","tree","glauca",0.608,"sw5",-2.0773,2.3323,"PiceaAbove0.35spg","conifer","Conifer",0.37,-2.1364,2.3233,2.24952,0.76318,NA,"Check",0.0723749824234555,0.0683661376352797,NA
"Picea","PIGL","NEON.PLA.D05.TREE.01066","TREE_039","TREE","D05",2015-08-11,"Live","sapling","Full shade",10,NA,0.8,1.7,NA,NA,"Picea glauca (Moench) Voss",NA,NA,"2015",94,"spruce","Picea glauca (Moench) Voss","white spruce","Pinaceae","tree","glauca",0.608,"sw5",-2.0773,2.3323,"PiceaAbove0.35spg","conifer","Conifer",0.37,-2.1364,2.3233,2.24952,0.76318,1.22323088488028,"Check",0.0627963382835795,0.0593505582537283,NA
"Picea","PIGL","NEON.PLA.D05.TREE.01232","TREE_043","TREE","D05",2019-10-23,"Live","single bole tree",NA,130,NA,18.4,29.5,NA,57,"Picea glauca (Moench) Voss",6.2,140.5,"2019",94,"spruce","Picea glauca (Moench) Voss","white spruce","Pinaceae","tree","glauca",0.608,"sw5",-2.0773,2.3323,"PiceaAbove0.35spg","conifer","Conifer",0.37,-2.1364,2.3233,2.24952,0.76318,NA,"Check",335.664923604843,306.909801684901,NA
"Picea","PIGL","NEON.PLA.D05.TREE.01270","TREE_043","TREE","D05",2018-10-15,"Live","single bole tree",NA,130,NA,18.4,27,NA,57,"Picea glauca (Moench) Voss",5,168.2,"2018",94,"spruce","Picea glauca (Moench) Voss","white spruce","Pinaceae","tree","glauca",0.608,"sw5",-2.0773,2.3323,"PiceaAbove0.35spg","conifer","Conifer",0.37,-2.1364,2.3233,2.24952,0.76318,NA,"Check",273.029629587146,249.839269921875,NA
"Picea","PIGL","NEON.PLA.D05.TREE.00720","TREE_051","TREE","D05",2017-09-26,"Live","small tree",NA,130,NA,2.2,1.4,NA,NA,"Picea glauca (Moench) Voss",NA,NA,"2017",94,"spruce","Picea glauca (Moench) Voss","white spruce","Pinaceae","tree","glauca",0.608,"sw5",-2.0773,2.3323,"PiceaAbove0.35spg","conifer","Conifer",0.37,-2.1364,2.3233,2.24952,0.76318,NA,"Check",0.0860305715731907,0.0812111611198625,NA
"Picea","PIGL","NEON.PLA.D05.TREE.01109","TREE_043","TREE","D05",2015-08-05,"Live","single bole tree","Full sun",130,NA,18.6,32.6,NA,59,"Picea glauca (Moench) Voss",9.4,167.5,"2015",94,"spruce","Picea glauca (Moench) Voss","white spruce","Pinaceae","tree","glauca",0.608,"sw5",-2.0773,2.3323,"PiceaAbove0.35spg","conifer","Conifer",0.37,-2.1364,2.3233,2.24952,0.76318,NA,"Check",423.757581581158,387.107618974315,NA
"Picea","PIGL","NEON.PLA.D05.TREE.00842","TREE_057","TREE","D05",2015-08-04,"Live","single bole tree","Full sun",130,NA,21.5,42.8,NA,25,"Picea glauca (Moench) Voss",10.8,304.3,"2015",94,"spruce","Picea glauca (Moench) Voss","white spruce","Pinaceae","tree","glauca",0.608,"sw5",-2.0773,2.3323,"PiceaAbove0.35spg","conifer","Conifer",0.37,-2.1364,2.3233,2.24952,0.76318,NA,"Check",799.569786916536,728.629209553046,NA
"Picea","PIGL","NEON.PLA.D05.TREE.01297","TREE_047","TREE","D05",2015-08-06,"Live","small tree","Mostly shaded",130,NA,4.5,5.4,NA,NA,"Picea glauca (Moench) Voss",NA,NA,"2015",94,"spruce","Picea glauca (Moench) Voss","white spruce","Pinaceae","tree","glauca",0.608,"sw5",-2.0773,2.3323,"PiceaAbove0.35spg","conifer","Conifer",0.37,-2.1364,2.3233,2.24952,0.76318,NA,"Check",2.00447367377361,1.86933387801664,NA
"Picea","PIGL","NEON.PLA.D05.TREE.01109","TREE_043","TREE","D05",2019-10-23,"Live","single bole tree",NA,130,NA,19.6,34.3,NA,59,"Picea glauca (Moench) Voss",9.4,167.5,"2019",94,"spruce","Picea glauca (Moench) Voss","white spruce","Pinaceae","tree","glauca",0.608,"sw5",-2.0773,2.3323,"PiceaAbove0.35spg","conifer","Conifer",0.37,-2.1364,2.3233,2.24952,0.76318,NA,"Check",477.096849725325,435.634331114587,NA
"Picea","PIGL","NEON.PLA.D05.TREE.01188","TREE_043","TREE","D05",2020-10-05,"Live","single bole tree","Partially shaded",130,NA,15,31.8,NA,43,"Picea glauca (Moench) Voss",12.8,314,"2020",94,"spruce","Picea glauca (Moench) Voss","white spruce","Pinaceae","tree","glauca",0.608,"sw5",-2.0773,2.3323,"PiceaAbove0.35spg","conifer","Conifer",0.37,-2.1364,2.3233,2.24952,0.76318,NA,"Check",399.899484855318,365.394660491277,NA
"Picea","PIGL","NEON.PLA.D05.TREE.03276","TREE_039","TREE","D05",2019-10-23,"Live","single bole tree",NA,130,NA,6.5,11.6,NA,23,"Picea glauca (Moench) Voss",9.5,38,"2019",94,"spruce","Picea glauca (Moench) Voss","white spruce","Pinaceae","tree","glauca",0.608,"sw5",-2.0773,2.3323,"PiceaAbove0.35spg","conifer","Conifer",0.37,-2.1364,2.3233,2.24952,0.76318,NA,"Check",38.0605834056345,35.0936479652679,NA
"Picea","PIGL","NEON.PLA.D05.TREE.01296","TREE_043","TREE","D05",2020-10-05,"Live","single bole tree","Partially shaded",130,NA,12,28.1,NA,57,"Picea glauca (Moench) Voss",12.7,128.6,"2020",94,"spruce","Picea glauca (Moench) Voss","white spruce","Pinaceae","tree","glauca",0.608,"sw5",-2.0773,2.3323,"PiceaAbove0.35spg","conifer","Conifer",0.37,-2.1364,2.3233,2.24952,0.76318,NA,"Check",299.68004321425,274.127535660294,NA
"Picea","PIGL","NEON.PLA.D05.TREE.01109","TREE_043","TREE","D05",2018-10-15,"Live","single bole tree",NA,130,NA,20.4,34.3,NA,59,"Picea glauca (Moench) Voss",9.4,167.5,"2018",94,"spruce","Picea glauca (Moench) Voss","white spruce","Pinaceae","tree","glauca",0.608,"sw5",-2.0773,2.3323,"PiceaAbove0.35spg","conifer","Conifer",0.37,-2.1364,2.3233,2.24952,0.76318,NA,"Check",477.096849725325,435.634331114587,NA
"Picea","PIGL","NEON.PLA.D05.TREE.01163","TREE_039","TREE","D05",2019-10-23,"Live","single bole tree",NA,130,NA,8.5,14.4,NA,25,"Picea glauca (Moench) Voss",11.8,303,"2019",94,"spruce","Picea glauca (Moench) Voss","white spruce","Pinaceae","tree","glauca",0.608,"sw5",-2.0773,2.3323,"PiceaAbove0.35spg","conifer","Conifer",0.37,-2.1364,2.3233,2.24952,0.76318,NA,"Check",63.0215257252302,57.9958404938732,NA
"Picea","PIGL","NEON.PLA.D05.TREE.01109","TREE_043","TREE","D05",2017-10-17,"Live","single bole tree",NA,130,NA,20.2,33.6,NA,59,"Picea glauca (Moench) Voss",9.4,167.5,"2017",94,"spruce","Picea glauca (Moench) Voss","white spruce","Pinaceae","tree","glauca",0.608,"sw5",-2.0773,2.3323,"PiceaAbove0.35spg","conifer","Conifer",0.37,-2.1364,2.3233,2.24952,0.76318,NA,"Check",454.696037380066,415.257334582356,NA
"Picea","PIGL","NEON.PLA.D05.TREE.01413","TREE_039","TREE","D05",2019-10-23,"Live","single bole tree",NA,130,NA,17.1,31.6,NA,41,"Picea glauca (Moench) Voss",11.2,76.8,"2019",94,"spruce","Picea glauca (Moench) Voss","white spruce","Pinaceae","tree","glauca",0.608,"sw5",-2.0773,2.3323,"PiceaAbove0.35spg","conifer","Conifer",0.37,-2.1364,2.3233,2.24952,0.76318,NA,"Check",394.058096848842,360.077734847811,NA
"Picea","PIGL","NEON.PLA.D05.TREE.01413","TREE_039","TREE","D05",2016-10-18,"Live","single bole tree",NA,130,NA,17.3,31.6,NA,41,"Picea glauca (Moench) Voss",11.2,76.8,"2016",94,"spruce","Picea glauca (Moench) Voss","white spruce","Pinaceae","tree","glauca",0.608,"sw5",-2.0773,2.3323,"PiceaAbove0.35spg","conifer","Conifer",0.37,-2.1364,2.3233,2.24952,0.76318,NA,"Check",394.058096848842,360.077734847811,NA
"Picea","PIGL","NEON.PLA.D05.TREE.00711","TREE_052","TREE","D05",2015-08-03,"Live","small tree","Full shade",130,NA,2.8,3.3,NA,NA,"Picea glauca (Moench) Voss",NA,NA,"2015",94,"spruce","Picea glauca (Moench) Voss","white spruce","Pinaceae","tree","glauca",0.608,"sw5",-2.0773,2.3323,"PiceaAbove0.35spg","conifer","Conifer",0.37,-2.1364,2.3233,2.24952,0.76318,NA,"Check",0.635577409637712,0.595360326851913,NA
"Picea","PIGL","NEON.PLA.D05.TREE.01297","TREE_047","TREE","D05",2016-10-19,"Live","small tree",NA,130,NA,4.5,6.1,NA,NA,"Picea glauca (Moench) Voss",NA,NA,"2016",94,"spruce","Picea glauca (Moench) Voss","white spruce","Pinaceae","tree","glauca",0.608,"sw5",-2.0773,2.3323,"PiceaAbove0.35spg","conifer","Conifer",0.37,-2.1364,2.3233,2.24952,0.76318,NA,"Check",2.66356417430612,2.48126563252029,NA
"Picea","PIGL","NEON.PLA.D05.TREE.01188","TREE_043","TREE","D05",2015-08-05,"Live","single bole tree","Partially shaded",130,NA,17.1,29.5,NA,43,"Picea glauca (Moench) Voss",12.8,314,"2015",94,"spruce","Picea glauca (Moench) Voss","white spruce","Pinaceae","tree","glauca",0.608,"sw5",-2.0773,2.3323,"PiceaAbove0.35spg","conifer","Conifer",0.37,-2.1364,2.3233,2.24952,0.76318,NA,"Check",335.664923604843,306.909801684901,NA
"Picea","PIGL","NEON.PLA.D05.TREE.00457","TREE_051","TREE","D05",2017-09-26,"Live","single bole tree",NA,130,NA,5.7,10.3,NA,43,"Picea glauca (Moench) Voss",10.1,348.3,"2017",94,"spruce","Picea glauca (Moench) Voss","white spruce","Pinaceae","tree","glauca",0.608,"sw5",-2.0773,2.3323,"PiceaAbove0.35spg","conifer","Conifer",0.37,-2.1364,2.3233,2.24952,0.76318,NA,"Check",28.845650149083,26.6255135418623,NA
"Picea","PIGL","NEON.PLA.D05.TREE.01202","TREE_047","TREE","D05",2018-10-11,"Live","small tree",NA,130,NA,3.8,5.2,NA,NA,"Picea glauca (Moench) Voss",NA,NA,"2018",94,"spruce","Picea glauca (Moench) Voss","white spruce","Pinaceae","tree","glauca",0.608,"sw5",-2.0773,2.3323,"PiceaAbove0.35spg","conifer","Conifer",0.37,-2.1364,2.3233,2.24952,0.76318,NA,"Check",1.83557861347292,1.71240711187107,NA
"Picea","PIGL","NEON.PLA.D05.TREE.01268","TREE_043","TREE","D05",2019-10-23,"Live","single bole tree",NA,131,NA,13.2,24,NA,57,"Picea glauca (Moench) Voss",11.7,101.8,"2019",94,"spruce","Picea glauca (Moench) Voss","white spruce","Pinaceae","tree","glauca",0.608,"sw5",-2.0773,2.3323,"PiceaAbove0.35spg","conifer","Conifer",0.37,-2.1364,2.3233,2.24952,0.76318,NA,"Check",207.446805655896,190.028196550528,NA
"Picea","PIGL","NEON.PLA.D05.TREE.00168","TREE_056","TREE","D05",2016-09-28,"Live","small tree",NA,130,NA,4.5,7.1,NA,21,"Picea glauca (Moench) Voss",0.6,8.1,"2016",94,"spruce","Picea glauca (Moench) Voss","white spruce","Pinaceae","tree","glauca",0.608,"sw5",-2.0773,2.3323,"PiceaAbove0.35spg","conifer","Conifer",0.37,-2.1364,2.3233,2.24952,0.76318,NA,"Check",3.79514381055156,3.53057121590087,NA
"Picea","PIGL","NEON.PLA.D05.TREE.01194","TREE_043","TREE","D05",2018-10-15,"Live","single bole tree",NA,130,NA,20,34.2,NA,43,"Picea glauca (Moench) Voss",9.9,308.5,"2018",94,"spruce","Picea glauca (Moench) Voss","white spruce","Pinaceae","tree","glauca",0.608,"sw5",-2.0773,2.3323,"PiceaAbove0.35spg","conifer","Conifer",0.37,-2.1364,2.3233,2.24952,0.76318,NA,"Check",473.859028703035,432.689265553031,NA
"Picea","PIGL","NEON.PLA.D05.TREE.01194","TREE_043","TREE","D05",2020-10-05,"Live","single bole tree","Partially shaded",130,NA,13.4,34.4,NA,43,"Picea glauca (Moench) Voss",9.9,308.5,"2020",94,"spruce","Picea glauca (Moench) Voss","white spruce","Pinaceae","tree","glauca",0.608,"sw5",-2.0773,2.3323,"PiceaAbove0.35spg","conifer","Conifer",0.37,-2.1364,2.3233,2.24952,0.76318,NA,"Check",480.347271738018,438.590780741896,NA
"Picea","PIGL","NEON.PLA.D05.TREE.01425","TREE_039","TREE","D05",2018-10-17,"Live","small tree",NA,130,NA,6.3,8.6,NA,NA,"Picea glauca (Moench) Voss",NA,NA,"2018",94,"spruce","Picea glauca (Moench) Voss","white spruce","Pinaceae","tree","glauca",0.608,"sw5",-2.0773,2.3323,"PiceaAbove0.35spg","conifer","Conifer",0.37,-2.1364,2.3233,2.24952,0.76318,NA,"Check",5.93429495580972,5.51107988552422,NA
"Picea","PIGL","NEON.PLA.D05.TREE.01213","TREE_047","TREE","D05",2016-10-19,"Live","small tree",NA,130,NA,5,7,NA,NA,"Picea glauca (Moench) Voss",NA,NA,"2016",94,"spruce","Picea glauca (Moench) Voss","white spruce","Pinaceae","tree","glauca",0.608,"sw5",-2.0773,2.3323,"PiceaAbove0.35spg","conifer","Conifer",0.37,-2.1364,2.3233,2.24952,0.76318,NA,"Check",3.67164386236522,3.4161169555486,NA
"Picea","PIGL","NEON.PLA.D05.TREE.00363","TREE_051","TREE","D05",2017-09-26,"Live","single bole tree",NA,130,NA,8.8,13.8,NA,59,"Picea glauca (Moench) Voss",7,99.1,"2017",94,"spruce","Picea glauca (Moench) Voss","white spruce","Pinaceae","tree","glauca",0.608,"sw5",-2.0773,2.3323,"PiceaAbove0.35spg","conifer","Conifer",0.37,-2.1364,2.3233,2.24952,0.76318,NA,"Check",57.066346093433,52.5356790734763,NA
"Picea","PIGL","NEON.PLA.D05.TREE.00906","TREE_043","TREE","D05",2019-10-23,"Live","single bole tree",NA,130,NA,17.5,30.3,NA,61,"Picea glauca (Moench) Voss",2.1,202.9,"2019",94,"spruce","Picea glauca (Moench) Voss","white spruce","Pinaceae","tree","glauca",0.608,"sw5",-2.0773,2.3323,"PiceaAbove0.35spg","conifer","Conifer",0.37,-2.1364,2.3233,2.24952,0.76318,NA,"Check",357.280007791434,326.594545809371,NA
"Picea","PIGL","NEON.PLA.D05.TREE.02060","TREE_018","TREE","D05",2018-04-25,"Live","small tree",NA,10,NA,NA,1.8,NA,NA,"Picea glauca (Moench) Voss",NA,NA,"2018",94,"spruce","Picea glauca (Moench) Voss","white spruce","Pinaceae","tree","glauca",0.608,"sw5",-2.0773,2.3323,"PiceaAbove0.35spg","conifer","Conifer",0.37,-2.1364,2.3233,2.24952,0.76318,1.29814358285745,"Check",0.0721341628191655,0.068139533368222,NA
"Picea","PIGL","NEON.PLA.D05.TREE.01194","TREE_043","TREE","D05",2019-10-23,"Live","single bole tree",NA,130,NA,18.4,34.1,NA,43,"Picea glauca (Moench) Voss",9.9,308.5,"2019",94,"spruce","Picea glauca (Moench) Voss","white spruce","Pinaceae","tree","glauca",0.608,"sw5",-2.0773,2.3323,"PiceaAbove0.35spg","conifer","Conifer",0.37,-2.1364,2.3233,2.24952,0.76318,NA,"Check",470.633796451334,429.755573316386,NA
"Picea","PIGL","NEON.PLA.D05.TREE.01295","TREE_043","TREE","D05",2018-10-15,"Live","single bole tree",NA,130,NA,11.3,12.7,NA,41,"Picea glauca (Moench) Voss",10.8,302.7,"2018",94,"spruce","Picea glauca (Moench) Voss","white spruce","Pinaceae","tree","glauca",0.608,"sw5",-2.0773,2.3323,"PiceaAbove0.35spg","conifer","Conifer",0.37,-2.1364,2.3233,2.24952,0.76318,NA,"Check",47.0155467701548,43.315212940272,NA
"Picea","PIGL","NEON.PLA.D05.TREE.00906","TREE_043","TREE","D05",2016-10-19,"Live","single bole tree",NA,130,NA,17.4,29.1,NA,61,"Picea glauca (Moench) Voss",2.1,202.9,"2016",94,"spruce","Picea glauca (Moench) Voss","white spruce","Pinaceae","tree","glauca",0.608,"sw5",-2.0773,2.3323,"PiceaAbove0.35spg","conifer","Conifer",0.37,-2.1364,2.3233,2.24952,0.76318,NA,"Check",325.145457464771,297.328027810626,NA
"Picea","PIGL","NEON.PLA.D05.TREE.01271","TREE_043","TREE","D05",2019-10-23,"Live","single bole tree",NA,130,NA,17.8,28.8,NA,57,"Picea glauca (Moench) Voss",9.3,176.2,"2019",94,"spruce","Picea glauca (Moench) Voss","white spruce","Pinaceae","tree","glauca",0.608,"sw5",-2.0773,2.3323,"PiceaAbove0.35spg","conifer","Conifer",0.37,-2.1364,2.3233,2.24952,0.76318,NA,"Check",317.381181067236,290.255084170565,NA
"Picea","PIGL","NEON.PLA.D05.TREE.01271","TREE_043","TREE","D05",2020-10-05,"Live","single bole tree","Partially shaded",130,NA,15.7,29.3,NA,57,"Picea glauca (Moench) Voss",9.3,176.2,"2020",94,"spruce","Picea glauca (Moench) Voss","white spruce","Pinaceae","tree","glauca",0.608,"sw5",-2.0773,2.3323,"PiceaAbove0.35spg","conifer","Conifer",0.37,-2.1364,2.3233,2.24952,0.76318,NA,"Check",330.381274110779,302.097277361293,NA
"Picea","PIGL","NEON.PLA.D05.TREE.01190","TREE_043","TREE","D05",2017-10-17,"Live","single bole tree",NA,130,NA,17.2,32.9,NA,61,"Picea glauca (Moench) Voss",7.4,254.7,"2017",94,"spruce","Picea glauca (Moench) Voss","white spruce","Pinaceae","tree","glauca",0.608,"sw5",-2.0773,2.3323,"PiceaAbove0.35spg","conifer","Conifer",0.37,-2.1364,2.3233,2.24952,0.76318,NA,"Check",432.908452572824,395.434446796545,NA
"Picea","PIGL","NEON.PLA.D05.TREE.00357","TREE_054","TREE","D05",2021-09-20,"Standing dead","small tree","Full shade",130,NA,4.2,3.8,NA,NA,"Picea glauca (Moench) Voss",NA,NA,"2021",94,"spruce","Picea glauca (Moench) Voss","white spruce","Pinaceae","tree","glauca",0.608,"sw5",-2.0773,2.3323,"PiceaAbove0.35spg","conifer","Conifer",0.37,-2.1364,2.3233,2.24952,0.76318,NA,"Check",0.883217515300421,0.826280844296746,NA
"Picea","PIGL","NEON.PLA.D05.TREE.02699","TREE_023","TREE","D05",2018-05-08,"Live","single bole tree","Partially shaded",130,NA,14.4,22.1,NA,31,"Picea glauca (Moench) Voss",9.4,34.5,"2018",94,"spruce","Picea glauca (Moench) Voss","white spruce","Pinaceae","tree","glauca",0.608,"sw5",-2.0773,2.3323,"PiceaAbove0.35spg","conifer","Conifer",0.37,-2.1364,2.3233,2.24952,0.76318,NA,"Check",171.145771172556,156.89165285086,NA
"Picea","PIGL","NEON.PLA.D05.TREE.01295","TREE_043","TREE","D05",2016-10-19,"Live","single bole tree",NA,130,NA,9.8,12.2,NA,41,"Picea glauca (Moench) Voss",10.8,302.7,"2016",94,"spruce","Picea glauca (Moench) Voss","white spruce","Pinaceae","tree","glauca",0.608,"sw5",-2.0773,2.3323,"PiceaAbove0.35spg","conifer","Conifer",0.37,-2.1364,2.3233,2.24952,0.76318,NA,"Check",42.8111708731294,39.4560007770376,NA
"Picea","PIGL","NEON.PLA.D05.TREE.01053","TREE_047","TREE","D05",2017-10-16,"Live","small tree",NA,130,NA,3.9,6.3,NA,NA,"Picea glauca (Moench) Voss",NA,NA,"2017",94,"spruce","Picea glauca (Moench) Voss","white spruce","Pinaceae","tree","glauca",0.608,"sw5",-2.0773,2.3323,"PiceaAbove0.35spg","conifer","Conifer",0.37,-2.1364,2.3233,2.24952,0.76318,NA,"Check",2.87170850342397,2.67438761959301,NA
"Picea","PIGL","NEON.PLA.D05.TREE.03942","TREE_004","TREE","D05",2019-10-08,"Live","small tree",NA,130,NA,2.2,1.7,NA,NA,"Picea glauca (Moench) Voss",NA,NA,"2019",94,"spruce","Picea glauca (Moench) Voss","white spruce","Pinaceae","tree","glauca",0.608,"sw5",-2.0773,2.3323,"PiceaAbove0.35spg","conifer","Conifer",0.37,-2.1364,2.3233,2.24952,0.76318,NA,"Check",0.135305175837778,0.127502421718371,NA
"Picea","PIGL","NEON.PLA.D05.TREE.01163","TREE_039","TREE","D05",2021-09-30,"Live","single bole tree","Partially shaded",130,NA,10,15.8,NA,25,"Picea glauca (Moench) Voss",11.8,303,"2021",94,"spruce","Picea glauca (Moench) Voss","white spruce","Pinaceae","tree","glauca",0.608,"sw5",-2.0773,2.3323,"PiceaAbove0.35spg","conifer","Conifer",0.37,-2.1364,2.3233,2.24952,0.76318,NA,"Check",78.247054233923,71.9470976203715,NA
"Picea","PIGL","NEON.PLA.D05.TREE.01413","TREE_039","TREE","D05",2018-10-17,"Live","single bole tree",NA,130,NA,17.6,31.9,NA,41,"Picea glauca (Moench) Voss",11.2,76.8,"2018",94,"spruce","Picea glauca (Moench) Voss","white spruce","Pinaceae","tree","glauca",0.608,"sw5",-2.0773,2.3323,"PiceaAbove0.35spg","conifer","Conifer",0.37,-2.1364,2.3233,2.24952,0.76318,NA,"Check",402.8386045063,368.069781026301,NA
"Picea","PIGL","NEON.PLA.D05.TREE.01555","TREE_003","TREE","D05",2019-10-08,"Live","small tree",NA,130,NA,3,3.7,NA,NA,"Picea glauca (Moench) Voss",NA,NA,"2019",94,"spruce","Picea glauca (Moench) Voss","white spruce","Pinaceae","tree","glauca",0.608,"sw5",-2.0773,2.3323,"PiceaAbove0.35spg","conifer","Conifer",0.37,-2.1364,2.3233,2.24952,0.76318,NA,"Check",0.829956387551895,0.776639580575648,NA
"Picea","PIGL","NEON.PLA.D05.TREE.01113","TREE_043","TREE","D05",2018-10-15,"Live","single bole tree",NA,130,NA,20.1,32,NA,61,"Picea glauca (Moench) Voss",8.3,185.6,"2018",94,"spruce","Picea glauca (Moench) Voss","white spruce","Pinaceae","tree","glauca",0.608,"sw5",-2.0773,2.3323,"PiceaAbove0.35spg","conifer","Conifer",0.37,-2.1364,2.3233,2.24952,0.76318,NA,"Check",405.790025034341,370.756021754298,NA
"Picea","PIGL","NEON.PLA.D05.TREE.00720","TREE_051","TREE","D05",2015-08-03,"Live","sapling","Full shade",130,NA,1.7,1.1,NA,NA,"Picea glauca (Moench) Voss",NA,NA,"2015",94,"spruce","Picea glauca (Moench) Voss","white spruce","Pinaceae","tree","glauca",0.608,"sw5",-2.0773,2.3323,"PiceaAbove0.35spg","conifer","Conifer",0.37,-2.1364,2.3233,2.24952,0.76318,NA,"Check",0.0490205918357313,0.0463750168066148,NA
"Picea","PIGL","NEON.PLA.D05.TREE.00357","TREE_054","TREE","D05",2016-10-18,"Live","small tree",NA,130,NA,4.2,4,NA,NA,"Picea glauca (Moench) Voss",NA,NA,"2016",94,"spruce","Picea glauca (Moench) Voss","white spruce","Pinaceae","tree","glauca",0.608,"sw5",-2.0773,2.3323,"PiceaAbove0.35spg","conifer","Conifer",0.37,-2.1364,2.3233,2.24952,0.76318,NA,"Check",0.995457925043829,0.930855850007453,NA
"Picea","PIGL","NEON.PLA.D05.TREE.01107","TREE_043","TREE","D05",2019-10-23,"Live, broken bole","single bole tree",NA,130,NA,12.4,30.4,NA,43,"Picea glauca (Moench) Voss",7.8,277.3,"2019",94,"spruce","Picea glauca (Moench) Voss","white spruce","Pinaceae","tree","glauca",0.608,"sw5",-2.0773,2.3323,"PiceaAbove0.35spg","conifer","Conifer",0.37,-2.1364,2.3233,2.24952,0.76318,NA,"Check",360.036168910651,329.104230994296,NA
"Picea","PIGL","NEON.PLA.D05.TREE.00954","TREE_043","TREE","D05",2016-10-19,"Live","single bole tree",NA,130,NA,17.6,25.8,NA,61,"Picea glauca (Moench) Voss",5.3,260.5,"2016",94,"spruce","Picea glauca (Moench) Voss","white spruce","Pinaceae","tree","glauca",0.608,"sw5",-2.0773,2.3323,"PiceaAbove0.35spg","conifer","Conifer",0.37,-2.1364,2.3233,2.24952,0.76318,NA,"Check",245.561746174376,224.796389533232,NA
"Picea","PIGL","NEON.PLA.D05.TREE.00212","TREE_055","TREE","D05",2015-07-29,"Live","sapling","Full shade",10,NA,0.8,1,NA,NA,"Picea glauca (Moench) Voss",NA,NA,"2015",94,"spruce","Picea glauca (Moench) Voss","white spruce","Pinaceae","tree","glauca",0.608,"sw5",-2.0773,2.3323,"PiceaAbove0.35spg","conifer","Conifer",0.37,-2.1364,2.3233,2.24952,0.76318,0.704469670267665,"Check",0.01733834471018,0.0164685338301902,NA
"Picea","PIGL","NEON.PLA.D05.TREE.00465","TREE_052","TREE","D05",2015-08-03,"Live","sapling","Full shade",10,NA,1.2,1.8,NA,NA,"Picea glauca (Moench) Voss",NA,NA,"2015",94,"spruce","Picea glauca (Moench) Voss","white spruce","Pinaceae","tree","glauca",0.608,"sw5",-2.0773,2.3323,"PiceaAbove0.35spg","conifer","Conifer",0.37,-2.1364,2.3233,2.24952,0.76318,1.29814358285745,"Check",0.0721341628191655,0.068139533368222,NA
"Picea","PIGL","NEON.PLA.D05.TREE.01425","TREE_039","TREE","D05",2015-08-11,"Live","small tree","Partially shaded",130,NA,4.2,7.6,NA,NA,"Picea glauca (Moench) Voss",NA,NA,"2015",94,"spruce","Picea glauca (Moench) Voss","white spruce","Pinaceae","tree","glauca",0.608,"sw5",-2.0773,2.3323,"PiceaAbove0.35spg","conifer","Conifer",0.37,-2.1364,2.3233,2.24952,0.76318,NA,"Check",4.44795036171418,4.13533477517606,NA
"Picea","PIGL","NEON.PLA.D05.TREE.00857","TREE_052","TREE","D05",2018-08-29,"Live","single bole tree",NA,130,NA,8.8,14.4,NA,25,"Picea glauca (Moench) Voss",8.5,303,"2018",94,"spruce","Picea glauca (Moench) Voss","white spruce","Pinaceae","tree","glauca",0.608,"sw5",-2.0773,2.3323,"PiceaAbove0.35spg","conifer","Conifer",0.37,-2.1364,2.3233,2.24952,0.76318,NA,"Check",63.0215257252302,57.9958404938732,NA
"Picea","PIGL","NEON.PLA.D05.TREE.00357","TREE_054","TREE","D05",2015-07-30,"Live","small tree","Full shade",130,NA,4,4,NA,NA,"Picea glauca (Moench) Voss",NA,NA,"2015",94,"spruce","Picea glauca (Moench) Voss","white spruce","Pinaceae","tree","glauca",0.608,"sw5",-2.0773,2.3323,"PiceaAbove0.35spg","conifer","Conifer",0.37,-2.1364,2.3233,2.24952,0.76318,NA,"Check",0.995457925043829,0.930855850007453,NA
"Picea","PIGL","NEON.PLA.D05.TREE.00287","TREE_056","TREE","D05",2022-09-21,"Live","small tree","Full shade",130,NA,2.1,1.9,NA,NA,"Picea glauca (Moench) Voss",NA,NA,"2022",94,"spruce","Picea glauca (Moench) Voss","white spruce","Pinaceae","tree","glauca",0.608,"sw5",-2.0773,2.3323,"PiceaAbove0.35spg","conifer","Conifer",0.37,-2.1364,2.3233,2.24952,0.76318,NA,"Check",0.175378121583358,0.16509909614819,NA
"Picea","PIGL","NEON.PLA.D05.TREE.00857","TREE_052","TREE","D05",2015-08-03,"Live","single bole tree","Mostly shaded",130,NA,6.3,12.7,NA,25,"Picea glauca (Moench) Voss",8.5,303,"2015",94,"spruce","Picea glauca (Moench) Voss","white spruce","Pinaceae","tree","glauca",0.608,"sw5",-2.0773,2.3323,"PiceaAbove0.35spg","conifer","Conifer",0.37,-2.1364,2.3233,2.24952,0.76318,NA,"Check",47.0155467701548,43.315212940272,NA
"Picea","PIGL","NEON.PLA.D05.TREE.01268","TREE_043","TREE","D05",2015-08-05,"Live,  other damage","single bole tree","Full sun",130,NA,12.6,24.4,NA,57,"Picea glauca (Moench) Voss",11.7,101.8,"2015",94,"spruce","Picea glauca (Moench) Voss","white spruce","Pinaceae","tree","glauca",0.608,"sw5",-2.0773,2.3323,"PiceaAbove0.35spg","conifer","Conifer",0.37,-2.1364,2.3233,2.24952,0.76318,NA,"Check",215.600301932161,197.467693011239,NA
"Picea","PIGL","NEON.PLA.D05.TREE.00827","TREE_057","TREE","D05",2017-10-17,"Live","single bole tree",NA,130,NA,11.5,13,NA,59,"Picea glauca (Moench) Voss",13.6,230.2,"2017",94,"spruce","Picea glauca (Moench) Voss","white spruce","Pinaceae","tree","glauca",0.608,"sw5",-2.0773,2.3323,"PiceaAbove0.35spg","conifer","Conifer",0.37,-2.1364,2.3233,2.24952,0.76318,NA,"Check",49.6466733586978,45.7296480870731,NA
"Picea","PIGL","NEON.PLA.D05.TREE.01211","TREE_043","TREE","D05",2020-10-05,"Live","single bole tree","Partially shaded",130,NA,13,30.9,NA,41,"Picea glauca (Moench) Voss",6.2,294.2,"2020",94,"spruce","Picea glauca (Moench) Voss","white spruce","Pinaceae","tree","glauca",0.608,"sw5",-2.0773,2.3323,"PiceaAbove0.35spg","conifer","Conifer",0.37,-2.1364,2.3233,2.24952,0.76318,NA,"Check",373.998822015576,341.817114826837,NA
"Picea","PIGL","NEON.PLA.D05.TREE.01194","TREE_043","TREE","D05",2017-10-17,"Live","single bole tree",NA,130,NA,18.2,33.8,NA,43,"Picea glauca (Moench) Voss",9.9,308.5,"2017",94,"spruce","Picea glauca (Moench) Voss","white spruce","Pinaceae","tree","glauca",0.608,"sw5",-2.0773,2.3323,"PiceaAbove0.35spg","conifer","Conifer",0.37,-2.1364,2.3233,2.24952,0.76318,NA,"Check",461.033509762746,421.022628827775,NA
"Picea","PIGL","NEON.PLA.D05.TREE.01215","TREE_047","TREE","D05",2017-10-16,"Live","single bole tree",NA,130,NA,21,37.7,NA,39,"Picea glauca (Moench) Voss",3.8,76,"2017",94,"spruce","Picea glauca (Moench) Voss","white spruce","Pinaceae","tree","glauca",0.608,"sw5",-2.0773,2.3323,"PiceaAbove0.35spg","conifer","Conifer",0.37,-2.1364,2.3233,2.24952,0.76318,NA,"Check",594.758974317019,542.609168509068,NA
"Picea","PIGL","NEON.PLA.D05.TREE.01149","TREE_043","TREE","D05",2019-10-23,"Live","single bole tree",NA,130,NA,15.3,26.7,NA,59,"Picea glauca (Moench) Voss",5.2,164.8,"2019",94,"spruce","Picea glauca (Moench) Voss","white spruce","Pinaceae","tree","glauca",0.608,"sw5",-2.0773,2.3323,"PiceaAbove0.35spg","conifer","Conifer",0.37,-2.1364,2.3233,2.24952,0.76318,NA,"Check",266.006523680836,243.437165381551,NA
"Picea","PIGL","NEON.PLA.D05.TREE.01109","TREE_043","TREE","D05",2020-10-05,"Live","single bole tree","Partially shaded",130,NA,17,34.6,NA,59,"Picea glauca (Moench) Voss",9.4,167.5,"2020",94,"spruce","Picea glauca (Moench) Voss","white spruce","Pinaceae","tree","glauca",0.608,"sw5",-2.0773,2.3323,"PiceaAbove0.35spg","conifer","Conifer",0.37,-2.1364,2.3233,2.24952,0.76318,NA,"Check",486.885967495145,444.53787505139,NA
"Picea","PIGL","NEON.PLA.D05.TREE.02260","TREE_006","TREE","D05",2019-10-09,"Live","single bole tree","Partially shaded",130,NA,18.5,23.7,NA,33,"Picea glauca (Moench) Voss",11,302.2,"2019",94,"spruce","Picea glauca (Moench) Voss","white spruce","Pinaceae","tree","glauca",0.608,"sw5",-2.0773,2.3323,"PiceaAbove0.35spg","conifer","Conifer",0.37,-2.1364,2.3233,2.24952,0.76318,NA,"Check",201.449243182397,184.555121309599,NA
"Picea","PIGL","NEON.PLA.D05.TREE.02260","TREE_006","TREE","D05",2018-05-02,"Live","single bole tree","Partially shaded",130,NA,17.9,23.2,NA,33,"Picea glauca (Moench) Voss",11,302.2,"2018",94,"spruce","Picea glauca (Moench) Voss","white spruce","Pinaceae","tree","glauca",0.608,"sw5",-2.0773,2.3323,"PiceaAbove0.35spg","conifer","Conifer",0.37,-2.1364,2.3233,2.24952,0.76318,NA,"Check",191.675983314893,175.635177579453,NA
"Picea","PIGL","NEON.PLA.D05.TREE.01474","TREE_039","TREE","D05",2015-08-11,"Standing dead","single bole tree","Full shade",130,NA,5.2,10.7,NA,43,"Picea glauca (Moench) Voss",1.7,335.7,"2015",94,"spruce","Picea glauca (Moench) Voss","white spruce","Pinaceae","tree","glauca",0.608,"sw5",-2.0773,2.3323,"PiceaAbove0.35spg","conifer","Conifer",0.37,-2.1364,2.3233,2.24952,0.76318,NA,"Check",31.5262167741877,29.0897909031455,NA
"Picea","PIGL","NEON.PLA.D05.TREE.01293","TREE_043","TREE","D05",2017-10-17,"Live","single bole tree",NA,130,NA,20.2,32.8,NA,39,"Picea glauca (Moench) Voss",8,54,"2017",94,"spruce","Picea glauca (Moench) Voss","white spruce","Pinaceae","tree","glauca",0.608,"sw5",-2.0773,2.3323,"PiceaAbove0.35spg","conifer","Conifer",0.37,-2.1364,2.3233,2.24952,0.76318,NA,"Check",429.845751307889,392.647620542293,NA
"Picea","PIGL","NEON.PLA.D05.TREE.00457","TREE_051","TREE","D05",2015-08-03,"Live","small tree","Mostly shaded",130,NA,6.4,9.6,NA,43,"Picea glauca (Moench) Voss",10.1,348.3,"2015",94,"spruce","Picea glauca (Moench) Voss","white spruce","Pinaceae","tree","glauca",0.608,"sw5",-2.0773,2.3323,"PiceaAbove0.35spg","conifer","Conifer",0.37,-2.1364,2.3233,2.24952,0.76318,NA,"Check",7.66989798377953,7.11585697334818,NA
"Picea","PIGL","NEON.PLA.D05.TREE.01194","TREE_043","TREE","D05",2016-10-19,"Live","single bole tree",NA,130,NA,18.6,33.5,NA,43,"Picea glauca (Moench) Voss",9.9,308.5,"2016",94,"spruce","Picea glauca (Moench) Voss","white spruce","Pinaceae","tree","glauca",0.608,"sw5",-2.0773,2.3323,"PiceaAbove0.35spg","conifer","Conifer",0.37,-2.1364,2.3233,2.24952,0.76318,NA,"Check",451.546079790317,412.391655538821,NA
"Picea","PIGL","NEON.PLA.D05.TREE.01111","TREE_043","TREE","D05",2017-10-17,"Live","single bole tree",NA,130,NA,14.8,22.3,NA,43,"Picea glauca (Moench) Voss",5.1,322.5,"2017",94,"spruce","Picea glauca (Moench) Voss","white spruce","Pinaceae","tree","glauca",0.608,"sw5",-2.0773,2.3323,"PiceaAbove0.35spg","conifer","Conifer",0.37,-2.1364,2.3233,2.24952,0.76318,NA,"Check",174.779907364357,160.210124230343,NA
"Picea","PIGL","NEON.PLA.D05.TREE.01107","TREE_043","TREE","D05",2020-10-05,"Live, broken bole","single bole tree","Partially shaded",130,NA,11.6,30.3,NA,43,"Picea glauca (Moench) Voss",7.8,277.3,"2020",94,"spruce","Picea glauca (Moench) Voss","white spruce","Pinaceae","tree","glauca",0.608,"sw5",-2.0773,2.3323,"PiceaAbove0.35spg","conifer","Conifer",0.37,-2.1364,2.3233,2.24952,0.76318,NA,"Check",357.280007791434,326.594545809371,NA
"Picea","PIGL","NEON.PLA.D05.TREE.01215","TREE_047","TREE","D05",2015-08-06,"Live","single bole tree","Full sun",130,NA,17.7,37.4,NA,39,"Picea glauca (Moench) Voss",3.8,76,"2015",94,"spruce","Picea glauca (Moench) Voss","white spruce","Pinaceae","tree","glauca",0.608,"sw5",-2.0773,2.3323,"PiceaAbove0.35spg","conifer","Conifer",0.37,-2.1364,2.3233,2.24952,0.76318,NA,"Check",583.779056842498,532.630292060482,NA
"Picea","PIGL","NEON.PLA.D05.TREE.01107","TREE_043","TREE","D05",2016-10-19,"Live","single bole tree",NA,130,NA,12.4,30.8,NA,43,"Picea glauca (Moench) Voss",7.8,277.3,"2016",94,"spruce","Picea glauca (Moench) Voss","white spruce","Pinaceae","tree","glauca",0.608,"sw5",-2.0773,2.3323,"PiceaAbove0.35spg","conifer","Conifer",0.37,-2.1364,2.3233,2.24952,0.76318,NA,"Check",371.182001144081,339.252571699278,NA
"Picea","PIGL","NEON.PLA.D05.TREE.01413","TREE_039","TREE","D05",2021-09-30,"Live","single bole tree","Partially shaded",130,NA,16.6,31.6,NA,41,"Picea glauca (Moench) Voss",11.2,76.8,"2021",94,"spruce","Picea glauca (Moench) Voss","white spruce","Pinaceae","tree","glauca",0.608,"sw5",-2.0773,2.3323,"PiceaAbove0.35spg","conifer","Conifer",0.37,-2.1364,2.3233,2.24952,0.76318,NA,"Check",394.058096848842,360.077734847811,NA
"Picea","PIGL","NEON.PLA.D05.TREE.01107","TREE_043","TREE","D05",2017-10-17,"Live, broken bole","single bole tree",NA,130,NA,12,30.6,NA,43,"Picea glauca (Moench) Voss",7.8,277.3,"2017",94,"spruce","Picea glauca (Moench) Voss","white spruce","Pinaceae","tree","glauca",0.608,"sw5",-2.0773,2.3323,"PiceaAbove0.35spg","conifer","Conifer",0.37,-2.1364,2.3233,2.24952,0.76318,NA,"Check",365.584821083333,334.15645813128,NA
"Picea","PIGL","NEON.PLA.D05.TREE.01188","TREE_043","TREE","D05",2019-10-23,"Live","single bole tree",NA,130,NA,18.9,31.6,NA,43,"Picea glauca (Moench) Voss",12.8,314,"2019",94,"spruce","Picea glauca (Moench) Voss","white spruce","Pinaceae","tree","glauca",0.608,"sw5",-2.0773,2.3323,"PiceaAbove0.35spg","conifer","Conifer",0.37,-2.1364,2.3233,2.24952,0.76318,NA,"Check",394.058096848842,360.077734847811,NA
"Picea","PIGL","NEON.PLA.D05.TREE.01188","TREE_043","TREE","D05",2017-10-17,"Live","single bole tree",NA,130,NA,17.1,30.8,NA,43,"Picea glauca (Moench) Voss",12.8,314,"2017",94,"spruce","Picea glauca (Moench) Voss","white spruce","Pinaceae","tree","glauca",0.608,"sw5",-2.0773,2.3323,"PiceaAbove0.35spg","conifer","Conifer",0.37,-2.1364,2.3233,2.24952,0.76318,NA,"Check",371.182001144081,339.252571699278,NA
"Picea","PIGL","NEON.PLA.D05.TREE.01215","TREE_047","TREE","D05",2018-08-28,"Live","single bole tree",NA,130,NA,24.2,38.1,NA,39,"Picea glauca (Moench) Voss",3.8,76,"2018",94,"spruce","Picea glauca (Moench) Voss","white spruce","Pinaceae","tree","glauca",0.608,"sw5",-2.0773,2.3323,"PiceaAbove0.35spg","conifer","Conifer",0.37,-2.1364,2.3233,2.24952,0.76318,NA,"Check",609.580959956802,556.078705940268,NA
"Picea","PIGL","NEON.PLA.D05.TREE.00906","TREE_043","TREE","D05",2015-08-05,"Live","single bole tree","Partially shaded",130,NA,16.4,28.4,NA,61,"Picea glauca (Moench) Voss",2.1,202.9,"2015",94,"spruce","Picea glauca (Moench) Voss","white spruce","Pinaceae","tree","glauca",0.608,"sw5",-2.0773,2.3323,"PiceaAbove0.35spg","conifer","Conifer",0.37,-2.1364,2.3233,2.24952,0.76318,NA,"Check",307.195208331724,280.975057195989,NA
"Picea","PIGL","NEON.PLA.D05.TREE.01111","TREE_043","TREE","D05",2019-10-23,"Live","single bole tree",NA,130,NA,14.3,22.4,NA,43,"Picea glauca (Moench) Voss",5.1,322.5,"2019",94,"spruce","Picea glauca (Moench) Voss","white spruce","Pinaceae","tree","glauca",0.608,"sw5",-2.0773,2.3323,"PiceaAbove0.35spg","conifer","Conifer",0.37,-2.1364,2.3233,2.24952,0.76318,NA,"Check",176.613349024172,161.884209859736,NA
"Picea","PIGL","NEON.PLA.D05.TREE.00954","TREE_043","TREE","D05",2017-10-17,"Live","single bole tree",NA,130,NA,17.4,26.2,NA,61,"Picea glauca (Moench) Voss",5.3,260.5,"2017",94,"spruce","Picea glauca (Moench) Voss","white spruce","Pinaceae","tree","glauca",0.608,"sw5",-2.0773,2.3323,"PiceaAbove0.35spg","conifer","Conifer",0.37,-2.1364,2.3233,2.24952,0.76318,NA,"Check",254.533045850443,232.976790970365,NA
"Picea","PIGL","NEON.PLA.D05.TREE.01114","TREE_043","TREE","D05",2017-10-17,"Live","single bole tree",NA,130,NA,17.5,26.8,NA,41,"Picea glauca (Moench) Voss",3.6,49.5,"2017",94,"spruce","Picea glauca (Moench) Voss","white spruce","Pinaceae","tree","glauca",0.608,"sw5",-2.0773,2.3323,"PiceaAbove0.35spg","conifer","Conifer",0.37,-2.1364,2.3233,2.24952,0.76318,NA,"Check",268.335945169887,245.560684796217,NA
"Picea","PIGL","NEON.PLA.D05.TREE.01293","TREE_043","TREE","D05",2020-10-05,"Live","single bole tree","Partially shaded",130,NA,16.6,34.5,NA,39,"Picea glauca (Moench) Voss",8,54,"2020",94,"spruce","Picea glauca (Moench) Voss","white spruce","Pinaceae","tree","glauca",0.608,"sw5",-2.0773,2.3323,"PiceaAbove0.35spg","conifer","Conifer",0.37,-2.1364,2.3233,2.24952,0.76318,NA,"Check",483.610306937159,441.558625154628,NA
"Picea","PIGL","NEON.PLA.D05.TREE.00906","TREE_043","TREE","D05",2020-10-05,"Live","single bole tree","Partially shaded",130,NA,17.2,30.7,NA,61,"Picea glauca (Moench) Voss",2.1,202.9,"2020",94,"spruce","Picea glauca (Moench) Voss","white spruce","Pinaceae","tree","glauca",0.608,"sw5",-2.0773,2.3323,"PiceaAbove0.35spg","conifer","Conifer",0.37,-2.1364,2.3233,2.24952,0.76318,NA,"Check",368.377338543924,336.699023318636,NA
"Picea","PIGL","NEON.PLA.D05.TREE.01149","TREE_043","TREE","D05",2018-10-15,"Live","single bole tree",NA,130,NA,16.9,26.5,NA,59,"Picea glauca (Moench) Voss",5.2,164.8,"2018",94,"spruce","Picea glauca (Moench) Voss","white spruce","Pinaceae","tree","glauca",0.608,"sw5",-2.0773,2.3323,"PiceaAbove0.35spg","conifer","Conifer",0.37,-2.1364,2.3233,2.24952,0.76318,NA,"Check",261.382450080114,239.22160936739,NA
"Picea","PIGL","NEON.PLA.D05.TREE.01076","TREE_047","TREE","D05",2018-10-11,"Live","small tree",NA,130,NA,3.3,4.9,NA,NA,"Picea glauca (Moench) Voss",NA,NA,"2018",94,"spruce","Picea glauca (Moench) Voss","white spruce","Pinaceae","tree","glauca",0.608,"sw5",-2.0773,2.3323,"PiceaAbove0.35spg","conifer","Conifer",0.37,-2.1364,2.3233,2.24952,0.76318,NA,"Check",1.5980218313683,1.49158843468203,NA
"Picea","PIGL","NEON.PLA.D05.TREE.02059","TREE_018","TREE","D05",2018-04-25,"Live","single bole tree","Partially shaded",130,NA,26.2,53.7,NA,NA,"Picea glauca (Moench) Voss",NA,NA,"2018",94,"spruce","Picea glauca (Moench) Voss","white spruce","Pinaceae","tree","glauca",0.608,"sw5",-2.0773,2.3323,"PiceaAbove0.35spg","conifer","Conifer",0.37,-2.1364,2.3233,2.24952,0.76318,NA,"Check",1357.24765283828,1234.30510960463,NA
"Picea","PIGL","NEON.PLA.D05.TREE.01295","TREE_043","TREE","D05",2020-10-05,"Live","single bole tree","Mostly shaded",130,NA,8,12.8,NA,41,"Picea glauca (Moench) Voss",10.8,302.7,"2020",94,"spruce","Picea glauca (Moench) Voss","white spruce","Pinaceae","tree","glauca",0.608,"sw5",-2.0773,2.3323,"PiceaAbove0.35spg","conifer","Conifer",0.37,-2.1364,2.3233,2.24952,0.76318,NA,"Check",47.8834997470011,44.1117402397511,NA
"Picea","PIGL","NEON.PLA.D05.TREE.00850","TREE_057","TREE","D05",2015-08-04,"Standing dead","single bole tree","Partially shaded",130,NA,19.3,30,NA,23,"Picea glauca (Moench) Voss",7.2,47.4,"2015",94,"spruce","Picea glauca (Moench) Voss","white spruce","Pinaceae","tree","glauca",0.608,"sw5",-2.0773,2.3323,"PiceaAbove0.35spg","conifer","Conifer",0.37,-2.1364,2.3233,2.24952,0.76318,NA,"Check",349.084025249165,319.131063832805,NA
"Picea","PIGL","NEON.PLA.D05.TREE.01232","TREE_043","TREE","D05",2017-10-17,"Live","single bole tree",NA,130,NA,18.4,29.4,NA,57,"Picea glauca (Moench) Voss",6.2,140.5,"2017",94,"spruce","Picea glauca (Moench) Voss","white spruce","Pinaceae","tree","glauca",0.608,"sw5",-2.0773,2.3323,"PiceaAbove0.35spg","conifer","Conifer",0.37,-2.1364,2.3233,2.24952,0.76318,NA,"Check",333.017112974558,304.498124211157,NA
"Picea","PIGL","NEON.PLA.D05.TREE.01296","TREE_043","TREE","D05",2018-10-15,"Live","single bole tree",NA,130,NA,18.2,27.6,NA,57,"Picea glauca (Moench) Voss",12.7,128.6,"2018",94,"spruce","Picea glauca (Moench) Voss","white spruce","Pinaceae","tree","glauca",0.608,"sw5",-2.0773,2.3323,"PiceaAbove0.35spg","conifer","Conifer",0.37,-2.1364,2.3233,2.24952,0.76318,NA,"Check",287.390444993218,262.9283035055,NA
"Picea","PIGL","NEON.PLA.D05.TREE.00827","TREE_057","TREE","D05",2015-08-04,"Live","single bole tree","Mostly shaded",130,NA,10,12.4,NA,59,"Picea glauca (Moench) Voss",13.6,230.2,"2015",94,"spruce","Picea glauca (Moench) Voss","white spruce","Pinaceae","tree","glauca",0.608,"sw5",-2.0773,2.3323,"PiceaAbove0.35spg","conifer","Conifer",0.37,-2.1364,2.3233,2.24952,0.76318,NA,"Check",44.4659391204555,40.975085645511,NA
"Picea","PIGL","NEON.PLA.D05.TREE.00850","TREE_057","TREE","D05",2016-10-18,"Standing dead","single bole tree",NA,130,NA,21.2,29.4,NA,23,"Picea glauca (Moench) Voss",7.2,47.4,"2016",94,"spruce","Picea glauca (Moench) Voss","white spruce","Pinaceae","tree","glauca",0.608,"sw5",-2.0773,2.3323,"PiceaAbove0.35spg","conifer","Conifer",0.37,-2.1364,2.3233,2.24952,0.76318,NA,"Check",333.017112974558,304.498124211157,NA
"Picea","PIGL","NEON.PLA.D05.TREE.00932","TREE_039","TREE","D05",2021-09-30,"Live","single bole tree","Mostly shaded",130,NA,10.3,13.2,NA,41,"Picea glauca (Moench) Voss",15.8,75.6,"2021",94,"spruce","Picea glauca (Moench) Voss","white spruce","Pinaceae","tree","glauca",0.608,"sw5",-2.0773,2.3323,"PiceaAbove0.35spg","conifer","Conifer",0.37,-2.1364,2.3233,2.24952,0.76318,NA,"Check",51.4463600092717,47.3808320693383,NA
"Picea","PIGL","NEON.PLA.D05.TREE.01295","TREE_043","TREE","D05",2019-10-23,"Live","single bole tree",NA,130,NA,9.3,12.6,NA,41,"Picea glauca (Moench) Voss",10.8,302.7,"2019",94,"spruce","Picea glauca (Moench) Voss","white spruce","Pinaceae","tree","glauca",0.608,"sw5",-2.0773,2.3323,"PiceaAbove0.35spg","conifer","Conifer",0.37,-2.1364,2.3233,2.24952,0.76318,NA,"Check",46.1566515362556,42.5269421434663,NA
"Picea","PIGL","NEON.PLA.D05.TREE.01270","TREE_043","TREE","D05",2020-10-05,"Live","single bole tree","Partially shaded",130,NA,17.5,27.1,NA,57,"Picea glauca (Moench) Voss",5,168.2,"2020",94,"spruce","Picea glauca (Moench) Voss","white spruce","Pinaceae","tree","glauca",0.608,"sw5",-2.0773,2.3323,"PiceaAbove0.35spg","conifer","Conifer",0.37,-2.1364,2.3233,2.24952,0.76318,NA,"Check",275.393921232608,251.994360929395,NA
"Picea","PIGL","NEON.PLA.D05.TREE.01270","TREE_043","TREE","D05",2017-10-17,"Live","single bole tree",NA,130,NA,18.4,26.5,NA,57,"Picea glauca (Moench) Voss",5,168.2,"2017",94,"spruce","Picea glauca (Moench) Voss","white spruce","Pinaceae","tree","glauca",0.608,"sw5",-2.0773,2.3323,"PiceaAbove0.35spg","conifer","Conifer",0.37,-2.1364,2.3233,2.24952,0.76318,NA,"Check",261.382450080114,239.22160936739,NA
"Picea","PIGL","NEON.PLA.D05.TREE.01163","TREE_039","TREE","D05",2017-10-17,"Live","single bole tree",NA,130,NA,7.5,12.6,NA,25,"Picea glauca (Moench) Voss",11.8,303,"2017",94,"spruce","Picea glauca (Moench) Voss","white spruce","Pinaceae","tree","glauca",0.608,"sw5",-2.0773,2.3323,"PiceaAbove0.35spg","conifer","Conifer",0.37,-2.1364,2.3233,2.24952,0.76318,NA,"Check",46.1566515362556,42.5269421434663,NA
"Picea","PIGL","NEON.PLA.D05.TREE.00764","TREE_052","TREE","D05",2017-09-26,"Live","small tree",NA,130,NA,3.3,3.6,NA,NA,"Picea glauca (Moench) Voss",NA,NA,"2017",94,"spruce","Picea glauca (Moench) Voss","white spruce","Pinaceae","tree","glauca",0.608,"sw5",-2.0773,2.3323,"PiceaAbove0.35spg","conifer","Conifer",0.37,-2.1364,2.3233,2.24952,0.76318,NA,"Check",0.778579049414565,0.728742426936574,NA
"Picea","PIGL","NEON.PLA.D05.TREE.01296","TREE_043","TREE","D05",2016-10-19,"Live","single bole tree",NA,130,NA,16.6,26.4,NA,57,"Picea glauca (Moench) Voss",12.7,128.6,"2016",94,"spruce","Picea glauca (Moench) Voss","white spruce","Pinaceae","tree","glauca",0.608,"sw5",-2.0773,2.3323,"PiceaAbove0.35spg","conifer","Conifer",0.37,-2.1364,2.3233,2.24952,0.76318,NA,"Check",259.087769035335,237.129547278654,NA
"Picea","PIGL","NEON.PLA.D05.TREE.00738","TREE_052","TREE","D05",2018-08-29,"Live","small tree",NA,130,NA,5,5.4,NA,NA,"Picea glauca (Moench) Voss",NA,NA,"2018",94,"spruce","Picea glauca (Moench) Voss","white spruce","Pinaceae","tree","glauca",0.608,"sw5",-2.0773,2.3323,"PiceaAbove0.35spg","conifer","Conifer",0.37,-2.1364,2.3233,2.24952,0.76318,NA,"Check",2.00447367377361,1.86933387801664,NA
"Picea","PIGL","NEON.PLA.D05.TREE.00842","TREE_057","TREE","D05",2018-10-16,"Live","single bole tree",NA,22,NA,23.7,42.2,NA,25,"Picea glauca (Moench) Voss",10.8,304.3,"2018",94,"spruce","Picea glauca (Moench) Voss","white spruce","Pinaceae","tree","glauca",0.608,"sw5",-2.0773,2.3323,"PiceaAbove0.35spg","conifer","Conifer",0.37,-2.1364,2.3233,2.24952,0.76318,NA,"Check",0.27062265635465,0.240522268978321,NA
"Picea","PIGL","NEON.PLA.D05.TREE.01114","TREE_043","TREE","D05",2015-08-06,"Live","single bole tree","Partially shaded",130,NA,13.8,26.3,NA,41,"Picea glauca (Moench) Voss",3.6,49.5,"2015",94,"spruce","Picea glauca (Moench) Voss","white spruce","Pinaceae","tree","glauca",0.608,"sw5",-2.0773,2.3323,"PiceaAbove0.35spg","conifer","Conifer",0.37,-2.1364,2.3233,2.24952,0.76318,NA,"Check",256.804639144787,235.047945421744,NA
"Picea","PIGL","NEON.PLA.D05.TREE.01190","TREE_043","TREE","D05",2019-10-23,"Live","single bole tree",NA,130,NA,17.7,33.4,NA,61,"Picea glauca (Moench) Voss",7.4,254.7,"2019",94,"spruce","Picea glauca (Moench) Voss","white spruce","Pinaceae","tree","glauca",0.608,"sw5",-2.0773,2.3323,"PiceaAbove0.35spg","conifer","Conifer",0.37,-2.1364,2.3233,2.24952,0.76318,NA,"Check",448.408624757208,409.537274032728,NA
"Picea","PIGL","NEON.PLA.D05.TREE.01052","TREE_047","TREE","D05",2015-08-06,"Live","small tree","Mostly shaded",130,NA,3.6,5.2,NA,NA,"Picea glauca (Moench) Voss",NA,NA,"2015",94,"spruce","Picea glauca (Moench) Voss","white spruce","Pinaceae","tree","glauca",0.608,"sw5",-2.0773,2.3323,"PiceaAbove0.35spg","conifer","Conifer",0.37,-2.1364,2.3233,2.24952,0.76318,NA,"Check",1.83557861347292,1.71240711187107,NA
"Picea","PIGL","NEON.PLA.D05.TREE.01297","TREE_047","TREE","D05",2018-10-11,"Live","small tree",NA,130,NA,5,7.2,NA,NA,"Picea glauca (Moench) Voss",NA,NA,"2018",94,"spruce","Picea glauca (Moench) Voss","white spruce","Pinaceae","tree","glauca",0.608,"sw5",-2.0773,2.3323,"PiceaAbove0.35spg","conifer","Conifer",0.37,-2.1364,2.3233,2.24952,0.76318,NA,"Check",3.9209831151148,3.64717870571222,NA
"Picea","PIGL","NEON.PLA.D05.TREE.03276","TREE_039","TREE","D05",2018-10-17,"Live","single bole tree",NA,130,NA,6.9,11.1,NA,23,"Picea glauca (Moench) Voss",9.5,38,"2018",94,"spruce","Picea glauca (Moench) Voss","white spruce","Pinaceae","tree","glauca",0.608,"sw5",-2.0773,2.3323,"PiceaAbove0.35spg","conifer","Conifer",0.37,-2.1364,2.3233,2.24952,0.76318,NA,"Check",34.343682154911,31.6790497159347,NA
"Picea","PIGL","NEON.PLA.D05.TREE.01113","TREE_043","TREE","D05",2019-10-23,"Live","single bole tree",NA,130,NA,18.8,31.8,NA,61,"Picea glauca (Moench) Voss",8.3,185.6,"2019",94,"spruce","Picea glauca (Moench) Voss","white spruce","Pinaceae","tree","glauca",0.608,"sw5",-2.0773,2.3323,"PiceaAbove0.35spg","conifer","Conifer",0.37,-2.1364,2.3233,2.24952,0.76318,NA,"Check",399.899484855318,365.394660491277,NA
"Picea","PIGL","NEON.PLA.D05.TREE.01053","TREE_047","TREE","D05",2015-08-06,"Live","small tree","Mostly shaded",130,NA,3.5,5.8,NA,NA,"Picea glauca (Moench) Voss",NA,NA,"2015",94,"spruce","Picea glauca (Moench) Voss","white spruce","Pinaceae","tree","glauca",0.608,"sw5",-2.0773,2.3323,"PiceaAbove0.35spg","conifer","Conifer",0.37,-2.1364,2.3233,2.24952,0.76318,NA,"Check",2.36799892048894,2.20693078115158,NA
"Picea","PIGL","NEON.PLA.D05.TREE.01107","TREE_043","TREE","D05",2015-08-05,"Live","single bole tree","Partially shaded",130,NA,16.8,30.5,NA,43,"Picea glauca (Moench) Voss",7.8,277.3,"2015",94,"spruce","Picea glauca (Moench) Voss","white spruce","Pinaceae","tree","glauca",0.608,"sw5",-2.0773,2.3323,"PiceaAbove0.35spg","conifer","Conifer",0.37,-2.1364,2.3233,2.24952,0.76318,NA,"Check",362.804435601946,331.624864558087,NA
"Picea","PIGL","NEON.PLA.D05.TREE.01194","TREE_043","TREE","D05",2015-08-05,"Live","single bole tree","Open grown",130,NA,18.4,33.2,NA,43,"Picea glauca (Moench) Voss",9.9,308.5,"2015",94,"spruce","Picea glauca (Moench) Voss","white spruce","Pinaceae","tree","glauca",0.608,"sw5",-2.0773,2.3323,"PiceaAbove0.35spg","conifer","Conifer",0.37,-2.1364,2.3233,2.24952,0.76318,NA,"Check",442.171172679347,403.862359954702,NA
"Picea","PIGL","NEON.PLA.D05.TREE.01293","TREE_043","TREE","D05",2019-10-23,"Live","single bole tree",NA,130,NA,19.6,34,NA,39,"Picea glauca (Moench) Voss",8,54,"2019",94,"spruce","Picea glauca (Moench) Voss","white spruce","Pinaceae","tree","glauca",0.608,"sw5",-2.0773,2.3323,"PiceaAbove0.35spg","conifer","Conifer",0.37,-2.1364,2.3233,2.24952,0.76318,NA,"Check",467.421140726531,426.833243642538,NA
"Picea","PIGL","NEON.PLA.D05.TREE.00654","TREE_042","TREE","D05",2021-10-04,"Live","small tree","Full shade",130,NA,2.1,1.4,NA,NA,"Picea glauca (Moench) Voss",NA,NA,"2021",94,"spruce","Picea glauca (Moench) Voss","white spruce","Pinaceae","tree","glauca",0.608,"sw5",-2.0773,2.3323,"PiceaAbove0.35spg","conifer","Conifer",0.37,-2.1364,2.3233,2.24952,0.76318,NA,"Check",0.0860305715731907,0.0812111611198625,NA
"Picea","PIGL","NEON.PLA.D05.TREE.00954","TREE_043","TREE","D05",2019-10-23,"Live","single bole tree",NA,130,NA,12.5,26.8,NA,61,"Picea glauca (Moench) Voss",5.3,260.5,"2019",94,"spruce","Picea glauca (Moench) Voss","white spruce","Pinaceae","tree","glauca",0.608,"sw5",-2.0773,2.3323,"PiceaAbove0.35spg","conifer","Conifer",0.37,-2.1364,2.3233,2.24952,0.76318,NA,"Check",268.335945169887,245.560684796217,NA
"Picea","PIGL","NEON.PLA.D05.TREE.01268","TREE_043","TREE","D05",2017-10-17,"Live","single bole tree",NA,130,NA,13.5,24,NA,57,"Picea glauca (Moench) Voss",11.7,101.8,"2017",94,"spruce","Picea glauca (Moench) Voss","white spruce","Pinaceae","tree","glauca",0.608,"sw5",-2.0773,2.3323,"PiceaAbove0.35spg","conifer","Conifer",0.37,-2.1364,2.3233,2.24952,0.76318,NA,"Check",207.446805655896,190.028196550528,NA
"Picea","PIGL","NEON.PLA.D05.TREE.00783","TREE_052","TREE","D05",2015-08-03,"Live","small tree","Mostly shaded",130,NA,1.6,1,NA,NA,"Picea glauca (Moench) Voss",NA,NA,"2015",94,"spruce","Picea glauca (Moench) Voss","white spruce","Pinaceae","tree","glauca",0.608,"sw5",-2.0773,2.3323,"PiceaAbove0.35spg","conifer","Conifer",0.37,-2.1364,2.3233,2.24952,0.76318,NA,"Check",0.0392498851858078,0.0371634868361879,NA
"Picea","PIGL","NEON.PLA.D05.TREE.01268","TREE_043","TREE","D05",2020-10-05,"Live","single bole tree","Partially shaded",130,NA,11.2,24,NA,57,"Picea glauca (Moench) Voss",11.7,101.8,"2020",94,"spruce","Picea glauca (Moench) Voss","white spruce","Pinaceae","tree","glauca",0.608,"sw5",-2.0773,2.3323,"PiceaAbove0.35spg","conifer","Conifer",0.37,-2.1364,2.3233,2.24952,0.76318,NA,"Check",207.446805655896,190.028196550528,NA
"Picea","PIGL","NEON.PLA.D05.TREE.00168","TREE_056","TREE","D05",2022-09-20,"Live","single bole tree","Full shade",130,NA,7.4,10.2,NA,21,"Picea glauca (Moench) Voss",0.6,8.1,"2022",94,"spruce","Picea glauca (Moench) Voss","white spruce","Pinaceae","tree","glauca",0.608,"sw5",-2.0773,2.3323,"PiceaAbove0.35spg","conifer","Conifer",0.37,-2.1364,2.3233,2.24952,0.76318,NA,"Check",28.1966980322354,26.0287940982193,NA
"Picea","PIGL","NEON.PLA.D05.TREE.01066","TREE_039","TREE","D05",2021-09-30,"Live","small tree","Full sun",130,NA,1.7,1.2,NA,NA,"Picea glauca (Moench) Voss",NA,NA,"2021",94,"spruce","Picea glauca (Moench) Voss","white spruce","Pinaceae","tree","glauca",0.608,"sw5",-2.0773,2.3323,"PiceaAbove0.35spg","conifer","Conifer",0.37,-2.1364,2.3233,2.24952,0.76318,NA,"Check",0.060049972221257,0.0567646864808359,NA
"Picea","PIGL","NEON.PLA.D05.TREE.01113","TREE_043","TREE","D05",2017-10-17,"Live","single bole tree",NA,130,NA,19.2,31.5,NA,61,"Picea glauca (Moench) Voss",8.3,185.6,"2017",94,"spruce","Picea glauca (Moench) Voss","white spruce","Pinaceae","tree","glauca",0.608,"sw5",-2.0773,2.3323,"PiceaAbove0.35spg","conifer","Conifer",0.37,-2.1364,2.3233,2.24952,0.76318,NA,"Check",391.155802757955,357.435907102987,NA
"Picea","PIGL","NEON.PLA.D05.TREE.00779","TREE_052","TREE","D05",2015-08-03,"Live","small tree","Mostly shaded",130,NA,3.6,4.5,NA,NA,"Picea glauca (Moench) Voss",NA,NA,"2015",94,"spruce","Picea glauca (Moench) Voss","white spruce","Pinaceae","tree","glauca",0.608,"sw5",-2.0773,2.3323,"PiceaAbove0.35spg","conifer","Conifer",0.37,-2.1364,2.3233,2.24952,0.76318,NA,"Check",1.3101648284483,1.22384125192984,NA
"Picea","PIGL","NEON.PLA.D05.TREE.01267","TREE_043","TREE","D05",2017-10-17,"Live","single bole tree",NA,130,NA,19.8,27.3,NA,57,"Picea glauca (Moench) Voss",2.3,131.3,"2017",94,"spruce","Picea glauca (Moench) Voss","white spruce","Pinaceae","tree","glauca",0.608,"sw5",-2.0773,2.3323,"PiceaAbove0.35spg","conifer","Conifer",0.37,-2.1364,2.3233,2.24952,0.76318,NA,"Check",280.157474924348,256.336202837679,NA
"Picea","PIGL","NEON.PLA.D05.TREE.01053","TREE_047","TREE","D05",2018-10-11,"Live","small tree",NA,130,NA,3.8,6.5,NA,NA,"Picea glauca (Moench) Voss",NA,NA,"2018",94,"spruce","Picea glauca (Moench) Voss","white spruce","Pinaceae","tree","glauca",0.608,"sw5",-2.0773,2.3323,"PiceaAbove0.35spg","conifer","Conifer",0.37,-2.1364,2.3233,2.24952,0.76318,NA,"Check",3.08884568757975,2.87579587264549,NA
"Picea","PIGL","NEON.PLA.D05.TREE.01053","TREE_047","TREE","D05",2016-10-19,"Live","small tree",NA,130,NA,3.8,5.9,NA,NA,"Picea glauca (Moench) Voss",NA,NA,"2016",94,"spruce","Picea glauca (Moench) Voss","white spruce","Pinaceae","tree","glauca",0.608,"sw5",-2.0773,2.3323,"PiceaAbove0.35spg","conifer","Conifer",0.37,-2.1364,2.3233,2.24952,0.76318,NA,"Check",2.46431679811653,2.29634392529387,NA
"Picea","PIGL","NEON.PLA.D05.TREE.01052","TREE_047","TREE","D05",2016-10-19,"Live","small tree",NA,130,NA,3.7,5.5,NA,NA,"Picea glauca (Moench) Voss",NA,NA,"2016",94,"spruce","Picea glauca (Moench) Voss","white spruce","Pinaceae","tree","glauca",0.608,"sw5",-2.0773,2.3323,"PiceaAbove0.35spg","conifer","Conifer",0.37,-2.1364,2.3233,2.24952,0.76318,NA,"Check",2.09211855567006,1.95074764407206,NA
"Picea","PIGL","NEON.PLA.D05.TREE.01295","TREE_043","TREE","D05",2015-08-05,"Live","single bole tree","Partially shaded",130,NA,8,12.6,NA,41,"Picea glauca (Moench) Voss",10.8,302.7,"2015",94,"spruce","Picea glauca (Moench) Voss","white spruce","Pinaceae","tree","glauca",0.608,"sw5",-2.0773,2.3323,"PiceaAbove0.35spg","conifer","Conifer",0.37,-2.1364,2.3233,2.24952,0.76318,NA,"Check",46.1566515362556,42.5269421434663,NA
"Picea","PIGL","NEON.PLA.D05.TREE.00459","TREE_051","TREE","D05",2015-08-03,"Live","sapling","Full shade",10,NA,0.7,1.2,NA,NA,"Picea glauca (Moench) Voss",NA,NA,"2015",94,"spruce","Picea glauca (Moench) Voss","white spruce","Pinaceae","tree","glauca",0.608,"sw5",-2.0773,2.3323,"PiceaAbove0.35spg","conifer","Conifer",0.37,-2.1364,2.3233,2.24952,0.76318,0.851537287154131,"Check",0.0269806500709155,0.0255834223307554,NA
"Picea","PIGL","NEON.PLA.D05.TREE.01268","TREE_043","TREE","D05",2016-10-19,"Live","single bole tree",NA,130,NA,13.1,24,NA,57,"Picea glauca (Moench) Voss",11.7,101.8,"2016",94,"spruce","Picea glauca (Moench) Voss","white spruce","Pinaceae","tree","glauca",0.608,"sw5",-2.0773,2.3323,"PiceaAbove0.35spg","conifer","Conifer",0.37,-2.1364,2.3233,2.24952,0.76318,NA,"Check",207.446805655896,190.028196550528,NA
"Picea","PIGL","NEON.PLA.D05.TREE.01425","TREE_039","TREE","D05",2017-10-17,"Live","small tree",NA,130,NA,5.6,8.2,NA,NA,"Picea glauca (Moench) Voss",NA,NA,"2017",94,"spruce","Picea glauca (Moench) Voss","white spruce","Pinaceae","tree","glauca",0.608,"sw5",-2.0773,2.3323,"PiceaAbove0.35spg","conifer","Conifer",0.37,-2.1364,2.3233,2.24952,0.76318,NA,"Check",5.31039026105653,4.93378451778951,NA
"Picea","PIGL","NEON.PLA.D05.TREE.01163","TREE_039","TREE","D05",2015-08-11,"Live","small tree","Partially shaded",130,NA,6.3,10.2,NA,25,"Picea glauca (Moench) Voss",11.8,303,"2015",94,"spruce","Picea glauca (Moench) Voss","white spruce","Pinaceae","tree","glauca",0.608,"sw5",-2.0773,2.3323,"PiceaAbove0.35spg","conifer","Conifer",0.37,-2.1364,2.3233,2.24952,0.76318,NA,"Check",28.1966980322354,26.0287940982193,NA
"Picea","PIGL","NEON.PLA.D05.TREE.00380","TREE_054","TREE","D05",2021-09-20,"Live","small tree","Full shade",130,NA,2.4,1.9,NA,NA,"Picea glauca (Moench) Voss",NA,NA,"2021",94,"spruce","Picea glauca (Moench) Voss","white spruce","Pinaceae","tree","glauca",0.608,"sw5",-2.0773,2.3323,"PiceaAbove0.35spg","conifer","Conifer",0.37,-2.1364,2.3233,2.24952,0.76318,NA,"Check",0.175378121583358,0.16509909614819,NA
"Picea","PIGL","NEON.PLA.D05.TREE.00168","TREE_056","TREE","D05",2015-07-29,"Live","small tree","Full shade",130,NA,4.2,7.3,NA,21,"Picea glauca (Moench) Voss",0.6,8.1,"2015",94,"spruce","Picea glauca (Moench) Voss","white spruce","Pinaceae","tree","glauca",0.608,"sw5",-2.0773,2.3323,"PiceaAbove0.35spg","conifer","Conifer",0.37,-2.1364,2.3233,2.24952,0.76318,NA,"Check",4.04917267405618,3.76594918361407,NA
"Picea","PIGL","NEON.PLA.D05.TREE.01202","TREE_047","TREE","D05",2017-10-16,"Live","small tree",NA,130,NA,3.8,5.1,NA,NA,"Picea glauca (Moench) Voss",NA,NA,"2017",94,"spruce","Picea glauca (Moench) Voss","white spruce","Pinaceae","tree","glauca",0.608,"sw5",-2.0773,2.3323,"PiceaAbove0.35spg","conifer","Conifer",0.37,-2.1364,2.3233,2.24952,0.76318,NA,"Check",1.75430181377098,1.63687020934582,NA
"Picea","PIGL","NEON.PLA.D05.TREE.01211","TREE_043","TREE","D05",2017-10-17,"Live","single bole tree",NA,130,NA,16.5,31.3,NA,41,"Picea glauca (Moench) Voss",6.2,294.2,"2017",94,"spruce","Picea glauca (Moench) Voss","white spruce","Pinaceae","tree","glauca",0.608,"sw5",-2.0773,2.3323,"PiceaAbove0.35spg","conifer","Conifer",0.37,-2.1364,2.3233,2.24952,0.76318,NA,"Check",385.387949858268,352.185464994227,NA
"Picea","PIGL","NEON.PLA.D05.TREE.02512","TREE_001","TREE","D05",2017-10-25,"Live","single bole tree","Full sun",130,NA,22.2,30.3,NA,31,"Picea glauca (Moench) Voss",14.5,66.1,"2017",94,"spruce","Picea glauca (Moench) Voss","white spruce","Pinaceae","tree","glauca",0.608,"sw5",-2.0773,2.3323,"PiceaAbove0.35spg","conifer","Conifer",0.37,-2.1364,2.3233,2.24952,0.76318,NA,"Check",357.280007791434,326.594545809371,NA
"Picea","PIGL","NEON.PLA.D05.TREE.01474","TREE_039","TREE","D05",2017-10-17,"Dead, broken bole","single bole tree",NA,130,NA,6.2,10.5,NA,43,"Picea glauca (Moench) Voss",1.7,335.7,"2017",94,"spruce","Picea glauca (Moench) Voss","white spruce","Pinaceae","tree","glauca",0.608,"sw5",-2.0773,2.3323,"PiceaAbove0.35spg","conifer","Conifer",0.37,-2.1364,2.3233,2.24952,0.76318,NA,"Check",30.1689277504457,27.842124259166,NA
"Picea","PIGL","NEON.PLA.D05.TREE.00850","TREE_057","TREE","D05",2017-10-17,"Standing dead","single bole tree",NA,13,NA,21.7,29.9,NA,23,"Picea glauca (Moench) Voss",7.2,47.4,"2017",94,"spruce","Picea glauca (Moench) Voss","white spruce","Pinaceae","tree","glauca",0.608,"sw5",-2.0773,2.3323,"PiceaAbove0.35spg","conifer","Conifer",0.37,-2.1364,2.3233,2.24952,0.76318,NA,"Check",0.27062265635465,0.240522268978321,NA
"Picea","PIGL","NEON.PLA.D05.TREE.00738","TREE_052","TREE","D05",2016-09-29,"Live","small tree",NA,130,NA,4.5,4.9,NA,NA,"Picea glauca (Moench) Voss",NA,NA,"2016",94,"spruce","Picea glauca (Moench) Voss","white spruce","Pinaceae","tree","glauca",0.608,"sw5",-2.0773,2.3323,"PiceaAbove0.35spg","conifer","Conifer",0.37,-2.1364,2.3233,2.24952,0.76318,NA,"Check",1.5980218313683,1.49158843468203,NA
"Picea","PIGL","NEON.PLA.D05.TREE.01293","TREE_043","TREE","D05",2016-10-19,"Live","single bole tree",NA,130,NA,14.1,32,NA,39,"Picea glauca (Moench) Voss",8,54,"2016",94,"spruce","Picea glauca (Moench) Voss","white spruce","Pinaceae","tree","glauca",0.608,"sw5",-2.0773,2.3323,"PiceaAbove0.35spg","conifer","Conifer",0.37,-2.1364,2.3233,2.24952,0.76318,NA,"Check",405.790025034341,370.756021754298,NA
"Picea","PIGL","NEON.PLA.D05.TREE.01211","TREE_043","TREE","D05",2019-10-23,"Live","single bole tree",NA,130,NA,15.9,30.9,NA,41,"Picea glauca (Moench) Voss",6.2,294.2,"2019",94,"spruce","Picea glauca (Moench) Voss","white spruce","Pinaceae","tree","glauca",0.608,"sw5",-2.0773,2.3323,"PiceaAbove0.35spg","conifer","Conifer",0.37,-2.1364,2.3233,2.24952,0.76318,NA,"Check",373.998822015576,341.817114826837,NA
"Picea","PIGL","NEON.PLA.D05.TREE.01113","TREE_043","TREE","D05",2020-10-05,"Live","single bole tree","Partially shaded",130,NA,19.8,32.1,NA,61,"Picea glauca (Moench) Voss",8.3,185.6,"2020",94,"spruce","Picea glauca (Moench) Voss","white spruce","Pinaceae","tree","glauca",0.608,"sw5",-2.0773,2.3323,"PiceaAbove0.35spg","conifer","Conifer",0.37,-2.1364,2.3233,2.24952,0.76318,NA,"Check",408.753759239804,373.453393933438,NA
"Picea","PIGL","NEON.PLA.D05.TREE.00716","TREE_057","TREE","D05",2015-08-04,"Live","sapling","Full shade",10,NA,1.4,2.4,NA,NA,"Picea glauca (Moench) Voss",NA,NA,"2015",94,"spruce","Picea glauca (Moench) Voss","white spruce","Pinaceae","tree","glauca",0.608,"sw5",-2.0773,2.3323,"PiceaAbove0.35spg","conifer","Conifer",0.37,-2.1364,2.3233,2.24952,0.76318,1.75084529085287,"Check",0.144932295324852,0.136538146879723,NA
"Picea","PIGL","NEON.PLA.D05.TREE.00842","TREE_057","TREE","D05",2017-10-17,"Live","single bole tree",NA,130,NA,24.4,42.6,NA,25,"Picea glauca (Moench) Voss",10.8,304.3,"2017",94,"spruce","Picea glauca (Moench) Voss","white spruce","Pinaceae","tree","glauca",0.608,"sw5",-2.0773,2.3323,"PiceaAbove0.35spg","conifer","Conifer",0.37,-2.1364,2.3233,2.24952,0.76318,NA,"Check",790.882709049712,720.743261102648,NA
"Picea","PIGL","NEON.PLA.D05.TREE.01052","TREE_047","TREE","D05",2018-10-11,"Live","small tree",NA,130,NA,4.2,6.3,NA,NA,"Picea glauca (Moench) Voss",NA,NA,"2018",94,"spruce","Picea glauca (Moench) Voss","white spruce","Pinaceae","tree","glauca",0.608,"sw5",-2.0773,2.3323,"PiceaAbove0.35spg","conifer","Conifer",0.37,-2.1364,2.3233,2.24952,0.76318,NA,"Check",2.87170850342397,2.67438761959301,NA
"Picea","PIGL","NEON.PLA.D05.TREE.03276","TREE_039","TREE","D05",2021-09-30,"Live","single bole tree","Mostly shaded",130,NA,6.9,12.5,NA,23,"Picea glauca (Moench) Voss",9.5,38,"2021",94,"spruce","Picea glauca (Moench) Voss","white spruce","Pinaceae","tree","glauca",0.608,"sw5",-2.0773,2.3323,"PiceaAbove0.35spg","conifer","Conifer",0.37,-2.1364,2.3233,2.24952,0.76318,NA,"Check",45.3067902826582,41.7469067746161,NA
"Picea","PIGL","NEON.PLA.D05.TREE.01202","TREE_047","TREE","D05",2016-10-19,"Live","small tree",NA,130,NA,3.4,5,NA,NA,"Picea glauca (Moench) Voss",NA,NA,"2016",94,"spruce","Picea glauca (Moench) Voss","white spruce","Pinaceae","tree","glauca",0.608,"sw5",-2.0773,2.3323,"PiceaAbove0.35spg","conifer","Conifer",0.37,-2.1364,2.3233,2.24952,0.76318,NA,"Check",1.67512080189317,1.56326809957847,NA
"Picea","PIGL","NEON.PLA.D05.TREE.01269","TREE_043","TREE","D05",2019-10-23,"Live","single bole tree",NA,130,NA,14.2,18.1,NA,39,"Picea glauca (Moench) Voss",8,36.8,"2019",94,"spruce","Picea glauca (Moench) Voss","white spruce","Pinaceae","tree","glauca",0.608,"sw5",-2.0773,2.3323,"PiceaAbove0.35spg","conifer","Conifer",0.37,-2.1364,2.3233,2.24952,0.76318,NA,"Check",107.429563937447,98.6592709429064,NA
"Picea","PIGL","NEON.PLA.D05.TREE.01202","TREE_047","TREE","D05",2015-08-06,"Live","small tree","Mostly shaded",130,NA,3.4,4.3,NA,NA,"Picea glauca (Moench) Voss",NA,NA,"2015",94,"spruce","Picea glauca (Moench) Voss","white spruce","Pinaceae","tree","glauca",0.608,"sw5",-2.0773,2.3323,"PiceaAbove0.35spg","conifer","Conifer",0.37,-2.1364,2.3233,2.24952,0.76318,NA,"Check",1.17835695538432,1.10116834267762,NA
"Picea","PIGL","NEON.PLA.D05.TREE.00287","TREE_056","TREE","D05",2015-07-29,"Live","sapling","Full shade",10,NA,1.2,2,NA,NA,"Picea glauca (Moench) Voss",NA,NA,"2015",94,"spruce","Picea glauca (Moench) Voss","white spruce","Pinaceae","tree","glauca",0.608,"sw5",-2.0773,2.3323,"PiceaAbove0.35spg","conifer","Conifer",0.37,-2.1364,2.3233,2.24952,0.76318,1.44845965449022,"Check",0.0931366030608996,0.0878921929181082,NA
"Picea","PIGL","NEON.PLA.D05.TREE.01113","TREE_043","TREE","D05",2016-10-19,"Live","single bole tree",NA,130,NA,19.1,31.4,NA,61,"Picea glauca (Moench) Voss",8.3,185.6,"2016",94,"spruce","Picea glauca (Moench) Voss","white spruce","Pinaceae","tree","glauca",0.608,"sw5",-2.0773,2.3323,"PiceaAbove0.35spg","conifer","Conifer",0.37,-2.1364,2.3233,2.24952,0.76318,NA,"Check",388.265758073059,354.805154278119,NA
"Picea","PIGL","NEON.PLA.D05.TREE.01104","TREE_043","TREE","D05",2015-08-06,"Live","single bole tree","Full sun",130,NA,17.2,35.6,NA,41,"Picea glauca (Moench) Voss",9.1,33.2,"2015",94,"spruce","Picea glauca (Moench) Voss","white spruce","Pinaceae","tree","glauca",0.608,"sw5",-2.0773,2.3323,"PiceaAbove0.35spg","conifer","Conifer",0.37,-2.1364,2.3233,2.24952,0.76318,NA,"Check",520.339629055535,474.960014473474,NA
"Picea","PIGL","NEON.PLA.D05.TREE.01104","TREE_043","TREE","D05",2020-10-05,"Live","single bole tree","Partially shaded",130,NA,11,37.5,NA,41,"Picea glauca (Moench) Voss",9.1,33.2,"2020",94,"spruce","Picea glauca (Moench) Voss","white spruce","Pinaceae","tree","glauca",0.608,"sw5",-2.0773,2.3323,"PiceaAbove0.35spg","conifer","Conifer",0.37,-2.1364,2.3233,2.24952,0.76318,NA,"Check",587.426045433042,535.944863719093,NA
"Picea","PIGL","NEON.PLA.D05.TREE.01271","TREE_043","TREE","D05",2018-10-15,"Live","single bole tree",NA,130,NA,19.2,28.6,NA,57,"Picea glauca (Moench) Voss",9.3,176.2,"2018",94,"spruce","Picea glauca (Moench) Voss","white spruce","Pinaceae","tree","glauca",0.608,"sw5",-2.0773,2.3323,"PiceaAbove0.35spg","conifer","Conifer",0.37,-2.1364,2.3233,2.24952,0.76318,NA,"Check",312.264469681584,285.593601791797,NA
"Picea","PIGL","NEON.PLA.D05.TREE.00380","TREE_054","TREE","D05",2016-10-18,"Live","small tree",NA,130,NA,2.3,1.9,NA,NA,"Picea glauca (Moench) Voss",NA,NA,"2016",94,"spruce","Picea glauca (Moench) Voss","white spruce","Pinaceae","tree","glauca",0.608,"sw5",-2.0773,2.3323,"PiceaAbove0.35spg","conifer","Conifer",0.37,-2.1364,2.3233,2.24952,0.76318,NA,"Check",0.175378121583358,0.16509909614819,NA
"Picea","PIGL","NEON.PLA.D05.TREE.00380","TREE_054","TREE","D05",2015-07-30,"Live","small tree","Full shade",130,NA,2.3,1.7,NA,NA,"Picea glauca (Moench) Voss",NA,NA,"2015",94,"spruce","Picea glauca (Moench) Voss","white spruce","Pinaceae","tree","glauca",0.608,"sw5",-2.0773,2.3323,"PiceaAbove0.35spg","conifer","Conifer",0.37,-2.1364,2.3233,2.24952,0.76318,NA,"Check",0.135305175837778,0.127502421718371,NA
"Picea","PIGL","NEON.PLA.D05.TREE.00954","TREE_043","TREE","D05",2018-10-15,"Live","single bole tree",NA,130,NA,19,26.6,NA,61,"Picea glauca (Moench) Voss",5.3,260.5,"2018",94,"spruce","Picea glauca (Moench) Voss","white spruce","Pinaceae","tree","glauca",0.608,"sw5",-2.0773,2.3323,"PiceaAbove0.35spg","conifer","Conifer",0.37,-2.1364,2.3233,2.24952,0.76318,NA,"Check",263.688696800378,241.324144481412,NA
"Picea","PIGL","NEON.PLA.D05.TREE.00857","TREE_052","TREE","D05",2016-09-29,"Live","single bole tree",NA,130,NA,8.6,13.3,NA,25,"Picea glauca (Moench) Voss",8.5,303,"2016",94,"spruce","Picea glauca (Moench) Voss","white spruce","Pinaceae","tree","glauca",0.608,"sw5",-2.0773,2.3323,"PiceaAbove0.35spg","conifer","Conifer",0.37,-2.1364,2.3233,2.24952,0.76318,NA,"Check",52.3599538352495,48.2189541335989,NA
"Picea","PIGL","NEON.PLA.D05.TREE.01051","TREE_047","TREE","D05",2015-08-06,"Live","small tree","Mostly shaded",130,NA,3,3.4,NA,NA,"Picea glauca (Moench) Voss",NA,NA,"2015",94,"spruce","Picea glauca (Moench) Voss","white spruce","Pinaceae","tree","glauca",0.608,"sw5",-2.0773,2.3323,"PiceaAbove0.35spg","conifer","Conifer",0.37,-2.1364,2.3233,2.24952,0.76318,NA,"Check",0.681407122689066,0.638118627692381,NA
"Picea","PIGL","NEON.PLA.D05.TREE.01211","TREE_043","TREE","D05",2018-10-15,"Live","single bole tree",NA,130,NA,16.7,32.9,NA,41,"Picea glauca (Moench) Voss",6.2,294.2,"2018",94,"spruce","Picea glauca (Moench) Voss","white spruce","Pinaceae","tree","glauca",0.608,"sw5",-2.0773,2.3323,"PiceaAbove0.35spg","conifer","Conifer",0.37,-2.1364,2.3233,2.24952,0.76318,NA,"Check",432.908452572824,395.434446796545,NA
"Picea","PIGL","NEON.PLA.D05.TREE.01188","TREE_043","TREE","D05",2016-10-19,"Live","single bole tree",NA,130,NA,18.1,30.1,NA,43,"Picea glauca (Moench) Voss",12.8,314,"2016",94,"spruce","Picea glauca (Moench) Voss","white spruce","Pinaceae","tree","glauca",0.608,"sw5",-2.0773,2.3323,"PiceaAbove0.35spg","conifer","Conifer",0.37,-2.1364,2.3233,2.24952,0.76318,NA,"Check",351.803949251687,321.607973924246,NA
"Picea","PIGL","NEON.PLA.D05.TREE.01104","TREE_043","TREE","D05",2017-10-17,"Live","single bole tree",NA,130,NA,18.1,36.8,NA,41,"Picea glauca (Moench) Voss",9.1,33.2,"2017",94,"spruce","Picea glauca (Moench) Voss","white spruce","Pinaceae","tree","glauca",0.608,"sw5",-2.0773,2.3323,"PiceaAbove0.35spg","conifer","Conifer",0.37,-2.1364,2.3233,2.24952,0.76318,NA,"Check",562.169060640406,512.988354275022,NA
"Picea","PIGL","NEON.PLA.D05.TREE.01051","TREE_047","TREE","D05",2017-10-16,"Live","small tree",NA,130,NA,3,3.5,NA,NA,"Picea glauca (Moench) Voss",NA,NA,"2017",94,"spruce","Picea glauca (Moench) Voss","white spruce","Pinaceae","tree","glauca",0.608,"sw5",-2.0773,2.3323,"PiceaAbove0.35spg","conifer","Conifer",0.37,-2.1364,2.3233,2.24952,0.76318,NA,"Check",0.729068426010156,0.682574000826077,NA
"Picea","PIGL","NEON.PLA.D05.TREE.00783","TREE_052","TREE","D05",2017-09-26,"Live","small tree",NA,130,NA,1.8,1.1,NA,NA,"Picea glauca (Moench) Voss",NA,NA,"2017",94,"spruce","Picea glauca (Moench) Voss","white spruce","Pinaceae","tree","glauca",0.608,"sw5",-2.0773,2.3323,"PiceaAbove0.35spg","conifer","Conifer",0.37,-2.1364,2.3233,2.24952,0.76318,NA,"Check",0.0490205918357313,0.0463750168066148,NA
"Picea","PIGL","NEON.PLA.D05.TREE.01114","TREE_043","TREE","D05",2019-10-23,"Live","single bole tree",NA,130,NA,16.7,27.3,NA,41,"Picea glauca (Moench) Voss",3.6,49.5,"2019",94,"spruce","Picea glauca (Moench) Voss","white spruce","Pinaceae","tree","glauca",0.608,"sw5",-2.0773,2.3323,"PiceaAbove0.35spg","conifer","Conifer",0.37,-2.1364,2.3233,2.24952,0.76318,NA,"Check",280.157474924348,256.336202837679,NA
"Picea","PIGL","NEON.PLA.D05.TREE.00783","TREE_052","TREE","D05",2018-08-29,"Live","small tree",NA,130,NA,1.9,1.2,NA,NA,"Picea glauca (Moench) Voss",NA,NA,"2018",94,"spruce","Picea glauca (Moench) Voss","white spruce","Pinaceae","tree","glauca",0.608,"sw5",-2.0773,2.3323,"PiceaAbove0.35spg","conifer","Conifer",0.37,-2.1364,2.3233,2.24952,0.76318,NA,"Check",0.060049972221257,0.0567646864808359,NA
"Picea","PIGL","NEON.PLA.D05.TREE.00716","TREE_057","TREE","D05",2018-10-16,"Live","small tree",NA,130,NA,2.1,1.7,NA,NA,"Picea glauca (Moench) Voss",NA,NA,"2018",94,"spruce","Picea glauca (Moench) Voss","white spruce","Pinaceae","tree","glauca",0.608,"sw5",-2.0773,2.3323,"PiceaAbove0.35spg","conifer","Conifer",0.37,-2.1364,2.3233,2.24952,0.76318,NA,"Check",0.135305175837778,0.127502421718371,NA
"Picea","PIGL","NEON.PLA.D05.TREE.00788","TREE_052","TREE","D05",2015-08-03,"Live","sapling","Full shade",10,NA,1.1,1.4,NA,NA,"Picea glauca (Moench) Voss",NA,NA,"2015",94,"spruce","Picea glauca (Moench) Voss","white spruce","Pinaceae","tree","glauca",0.608,"sw5",-2.0773,2.3323,"PiceaAbove0.35spg","conifer","Conifer",0.37,-2.1364,2.3233,2.24952,0.76318,0.999590927277837,"Check",0.0392124478473211,0.0371281762676978,NA
"Picea","PIGL","NEON.PLA.D05.TREE.01280","TREE_043","TREE","D05",2018-10-15,"Live","single bole tree",NA,130,NA,19.6,33.8,NA,39,"Picea glauca (Moench) Voss",11.8,45.4,"2018",94,"spruce","Picea glauca (Moench) Voss","white spruce","Pinaceae","tree","glauca",0.608,"sw5",-2.0773,2.3323,"PiceaAbove0.35spg","conifer","Conifer",0.37,-2.1364,2.3233,2.24952,0.76318,NA,"Check",461.033509762746,421.022628827775,NA
"Picea","PIGL","NEON.PLA.D05.TREE.01111","TREE_043","TREE","D05",2020-10-05,"Live","single bole tree","Partially shaded",130,NA,13.5,22.4,NA,43,"Picea glauca (Moench) Voss",5.1,322.5,"2020",94,"spruce","Picea glauca (Moench) Voss","white spruce","Pinaceae","tree","glauca",0.608,"sw5",-2.0773,2.3323,"PiceaAbove0.35spg","conifer","Conifer",0.37,-2.1364,2.3233,2.24952,0.76318,NA,"Check",176.613349024172,161.884209859736,NA
"Picea","PIGL","NEON.PLA.D05.TREE.00380","TREE_054","TREE","D05",2017-08-30,"Live","small tree",NA,130,NA,2.3,2,NA,NA,"Picea glauca (Moench) Voss",NA,NA,"2017",94,"spruce","Picea glauca (Moench) Voss","white spruce","Pinaceae","tree","glauca",0.608,"sw5",-2.0773,2.3323,"PiceaAbove0.35spg","conifer","Conifer",0.37,-2.1364,2.3233,2.24952,0.76318,NA,"Check",0.197665397238041,0.185994217996529,NA
"Picea","PIGL","NEON.PLA.D05.TREE.01268","TREE_043","TREE","D05",2018-10-15,"Live","single bole tree",NA,130,NA,13.6,24.4,NA,57,"Picea glauca (Moench) Voss",11.7,101.8,"2018",94,"spruce","Picea glauca (Moench) Voss","white spruce","Pinaceae","tree","glauca",0.608,"sw5",-2.0773,2.3323,"PiceaAbove0.35spg","conifer","Conifer",0.37,-2.1364,2.3233,2.24952,0.76318,NA,"Check",215.600301932161,197.467693011239,NA
"Picea","PIGL","NEON.PLA.D05.TREE.01280","TREE_043","TREE","D05",2016-10-19,"Live","single bole tree",NA,130,NA,18,32.6,NA,39,"Picea glauca (Moench) Voss",11.8,45.4,"2016",94,"spruce","Picea glauca (Moench) Voss","white spruce","Pinaceae","tree","glauca",0.608,"sw5",-2.0773,2.3323,"PiceaAbove0.35spg","conifer","Conifer",0.37,-2.1364,2.3233,2.24952,0.76318,NA,"Check",423.757581581158,387.107618974315,NA
"Picea","PIGL","NEON.PLA.D05.TREE.01114","TREE_043","TREE","D05",2020-10-05,"Live","single bole tree","Partially shaded",130,NA,8.1,27.2,NA,41,"Picea glauca (Moench) Voss",3.6,49.5,"2020",94,"spruce","Picea glauca (Moench) Voss","white spruce","Pinaceae","tree","glauca",0.608,"sw5",-2.0773,2.3323,"PiceaAbove0.35spg","conifer","Conifer",0.37,-2.1364,2.3233,2.24952,0.76318,NA,"Check",277.769864921614,254.160001044893,NA
"Picea","PIGL","NEON.PLA.D05.TREE.01280","TREE_043","TREE","D05",2019-10-23,"Live","single bole tree",NA,130,NA,16.9,33.6,NA,39,"Picea glauca (Moench) Voss",11.8,45.4,"2019",94,"spruce","Picea glauca (Moench) Voss","white spruce","Pinaceae","tree","glauca",0.608,"sw5",-2.0773,2.3323,"PiceaAbove0.35spg","conifer","Conifer",0.37,-2.1364,2.3233,2.24952,0.76318,NA,"Check",454.696037380066,415.257334582356,NA
"Picea","PIGL","NEON.PLA.D05.TREE.01269","TREE_043","TREE","D05",2017-10-17,"Live","single bole tree",NA,130,NA,13.8,17.7,NA,39,"Picea glauca (Moench) Voss",8,36.8,"2017",94,"spruce","Picea glauca (Moench) Voss","white spruce","Pinaceae","tree","glauca",0.608,"sw5",-2.0773,2.3323,"PiceaAbove0.35spg","conifer","Conifer",0.37,-2.1364,2.3233,2.24952,0.76318,NA,"Check",101.973686946569,93.6676357910438,NA
"Picea","PIGL","NEON.PLA.D05.TREE.00764","TREE_052","TREE","D05",2016-09-29,"Live","small tree",NA,130,NA,3.1,3.3,NA,NA,"Picea glauca (Moench) Voss",NA,NA,"2016",94,"spruce","Picea glauca (Moench) Voss","white spruce","Pinaceae","tree","glauca",0.608,"sw5",-2.0773,2.3323,"PiceaAbove0.35spg","conifer","Conifer",0.37,-2.1364,2.3233,2.24952,0.76318,NA,"Check",0.635577409637712,0.595360326851913,NA
"Picea","PIGL","NEON.PLA.D05.TREE.00764","TREE_052","TREE","D05",2015-08-03,"Live","small tree","Mostly shaded",130,NA,2.7,2.9,NA,NA,"Picea glauca (Moench) Voss",NA,NA,"2015",94,"spruce","Picea glauca (Moench) Voss","white spruce","Pinaceae","tree","glauca",0.608,"sw5",-2.0773,2.3323,"PiceaAbove0.35spg","conifer","Conifer",0.37,-2.1364,2.3233,2.24952,0.76318,NA,"Check",0.47020716345906,0.440966627442338,NA
"Picea","PIGL","NEON.PLA.D05.TREE.00932","TREE_039","TREE","D05",2019-10-23,"Live","single bole tree",NA,130,NA,8.2,13.5,NA,41,"Picea glauca (Moench) Voss",15.8,75.6,"2019",94,"spruce","Picea glauca (Moench) Voss","white spruce","Pinaceae","tree","glauca",0.608,"sw5",-2.0773,2.3323,"PiceaAbove0.35spg","conifer","Conifer",0.37,-2.1364,2.3233,2.24952,0.76318,NA,"Check",54.2147576832264,49.9203605301196,NA
"Picea","PIGL","NEON.PLA.D05.TREE.01293","TREE_043","TREE","D05",2015-08-05,"Live","single bole tree","Full sun",130,NA,19.1,31.7,NA,39,"Picea glauca (Moench) Voss",8,54,"2015",94,"spruce","Picea glauca (Moench) Voss","white spruce","Pinaceae","tree","glauca",0.608,"sw5",-2.0773,2.3323,"PiceaAbove0.35spg","conifer","Conifer",0.37,-2.1364,2.3233,2.24952,0.76318,NA,"Check",396.972653254214,362.73064886715,NA
"Picea","PIGL","NEON.PLA.D05.TREE.01188","TREE_043","TREE","D05",2018-10-15,"Live","single bole tree",NA,130,NA,19.1,32.1,NA,43,"Picea glauca (Moench) Voss",12.8,314,"2018",94,"spruce","Picea glauca (Moench) Voss","white spruce","Pinaceae","tree","glauca",0.608,"sw5",-2.0773,2.3323,"PiceaAbove0.35spg","conifer","Conifer",0.37,-2.1364,2.3233,2.24952,0.76318,NA,"Check",408.753759239804,373.453393933438,NA
"Picea","PIGL","NEON.PLA.D05.TREE.01271","TREE_043","TREE","D05",2016-10-19,"Live","single bole tree",NA,130,NA,16.9,27.4,NA,57,"Picea glauca (Moench) Voss",9.3,176.2,"2016",94,"spruce","Picea glauca (Moench) Voss","white spruce","Pinaceae","tree","glauca",0.608,"sw5",-2.0773,2.3323,"PiceaAbove0.35spg","conifer","Conifer",0.37,-2.1364,2.3233,2.24952,0.76318,NA,"Check",282.556765476006,258.522978845826,NA
"Picea","PIGL","NEON.PLA.D05.TREE.00716","TREE_057","TREE","D05",2017-10-17,"Live","small tree",NA,130,NA,2,1.5,NA,NA,"Picea glauca (Moench) Voss",NA,NA,"2017",94,"spruce","Picea glauca (Moench) Voss","white spruce","Pinaceae","tree","glauca",0.608,"sw5",-2.0773,2.3323,"PiceaAbove0.35spg","conifer","Conifer",0.37,-2.1364,2.3233,2.24952,0.76318,NA,"Check",0.101049933995458,0.0953299305766339,NA
"Picea","PIGL","NEON.PLA.D05.TREE.01111","TREE_043","TREE","D05",2015-08-05,"Live","single bole tree","Partially shaded",130,NA,14.3,21.9,NA,43,"Picea glauca (Moench) Voss",5.1,322.5,"2015",94,"spruce","Picea glauca (Moench) Voss","white spruce","Pinaceae","tree","glauca",0.608,"sw5",-2.0773,2.3323,"PiceaAbove0.35spg","conifer","Conifer",0.37,-2.1364,2.3233,2.24952,0.76318,NA,"Check",167.555188915804,153.612685213605,NA
"Picea","PIGL","NEON.PLA.D05.TREE.01413","TREE_039","TREE","D05",2017-10-17,"Live","single bole tree",NA,130,NA,17.6,31.8,NA,41,"Picea glauca (Moench) Voss",11.2,76.8,"2017",94,"spruce","Picea glauca (Moench) Voss","white spruce","Pinaceae","tree","glauca",0.608,"sw5",-2.0773,2.3323,"PiceaAbove0.35spg","conifer","Conifer",0.37,-2.1364,2.3233,2.24952,0.76318,NA,"Check",399.899484855318,365.394660491277,NA
"Picea","PIGL","NEON.PLA.D05.TREE.00287","TREE_056","TREE","D05",2021-09-22,"Live","small tree","Full shade",130,NA,1.9,1.5,NA,NA,"Picea glauca (Moench) Voss",NA,NA,"2021",94,"spruce","Picea glauca (Moench) Voss","white spruce","Pinaceae","tree","glauca",0.608,"sw5",-2.0773,2.3323,"PiceaAbove0.35spg","conifer","Conifer",0.37,-2.1364,2.3233,2.24952,0.76318,NA,"Check",0.101049933995458,0.0953299305766339,NA
"Picea","PIGL","NEON.PLA.D05.TREE.01474","TREE_039","TREE","D05",2019-10-23,"Dead, broken bole","single bole tree",NA,130,NA,5.7,10.4,NA,43,"Picea glauca (Moench) Voss",1.7,335.7,"2019",94,"spruce","Picea glauca (Moench) Voss","white spruce","Pinaceae","tree","glauca",0.608,"sw5",-2.0773,2.3323,"PiceaAbove0.35spg","conifer","Conifer",0.37,-2.1364,2.3233,2.24952,0.76318,NA,"Check",29.5030509985451,27.2299488821606,NA
"Picea","PIGL","NEON.PLA.D05.TREE.01419","TREE_039","TREE","D05",2017-10-17,"Dead, broken bole","single bole tree",NA,130,NA,9,15.7,NA,41,"Picea glauca (Moench) Voss",12.4,68.5,"2017",94,"spruce","Picea glauca (Moench) Voss","white spruce","Pinaceae","tree","glauca",0.608,"sw5",-2.0773,2.3323,"PiceaAbove0.35spg","conifer","Conifer",0.37,-2.1364,2.3233,2.24952,0.76318,NA,"Check",77.0968851346093,70.8935838030864,NA
"Picea","PIGL","NEON.PLA.D05.TREE.01270","TREE_043","TREE","D05",2019-10-23,"Live","single bole tree",NA,130,NA,17.1,27,NA,57,"Picea glauca (Moench) Voss",5,168.2,"2019",94,"spruce","Picea glauca (Moench) Voss","white spruce","Pinaceae","tree","glauca",0.608,"sw5",-2.0773,2.3323,"PiceaAbove0.35spg","conifer","Conifer",0.37,-2.1364,2.3233,2.24952,0.76318,NA,"Check",273.029629587146,249.839269921875,NA
"Picea","PIGL","NEON.PLA.D05.TREE.01111","TREE_043","TREE","D05",2016-10-19,"Live","single bole tree",NA,130,NA,14.6,22.2,NA,43,"Picea glauca (Moench) Voss",5.1,322.5,"2016",94,"spruce","Picea glauca (Moench) Voss","white spruce","Pinaceae","tree","glauca",0.608,"sw5",-2.0773,2.3323,"PiceaAbove0.35spg","conifer","Conifer",0.37,-2.1364,2.3233,2.24952,0.76318,NA,"Check",172.957386846629,158.545943354567,NA
"Picea","PIGL","NEON.PLA.D05.TREE.02512","TREE_001","TREE","D05",2019-10-07,"Live","single bole tree","Mostly shaded",130,NA,29.1,30.9,NA,31,"Picea glauca (Moench) Voss",14.5,66.1,"2019",94,"spruce","Picea glauca (Moench) Voss","white spruce","Pinaceae","tree","glauca",0.608,"sw5",-2.0773,2.3323,"PiceaAbove0.35spg","conifer","Conifer",0.37,-2.1364,2.3233,2.24952,0.76318,NA,"Check",373.998822015576,341.817114826837,NA
"Picea","PIGL","NEON.PLA.D05.TREE.01419","TREE_039","TREE","D05",2016-10-18,"Standing dead","single bole tree",NA,130,NA,8.9,15.4,NA,41,"Picea glauca (Moench) Voss",12.4,68.5,"2016",94,"spruce","Picea glauca (Moench) Voss","white spruce","Pinaceae","tree","glauca",0.608,"sw5",-2.0773,2.3323,"PiceaAbove0.35spg","conifer","Conifer",0.37,-2.1364,2.3233,2.24952,0.76318,NA,"Check",73.7046095650156,67.7860237715791,NA
"Picea","PIGL","NEON.PLA.D05.TREE.01271","TREE_043","TREE","D05",2017-10-17,"Live","single bole tree",NA,130,NA,18.3,27.9,NA,57,"Picea glauca (Moench) Voss",9.3,176.2,"2017",94,"spruce","Picea glauca (Moench) Voss","white spruce","Pinaceae","tree","glauca",0.608,"sw5",-2.0773,2.3323,"PiceaAbove0.35spg","conifer","Conifer",0.37,-2.1364,2.3233,2.24952,0.76318,NA,"Check",294.728922277613,269.615908787393,NA
"Picea","PIGL","NEON.PLA.D05.TREE.00799","TREE_052","TREE","D05",2015-08-03,"Live","small tree","Mostly shaded",130,NA,2.4,2,NA,NA,"Picea glauca (Moench) Voss",NA,NA,"2015",94,"spruce","Picea glauca (Moench) Voss","white spruce","Pinaceae","tree","glauca",0.608,"sw5",-2.0773,2.3323,"PiceaAbove0.35spg","conifer","Conifer",0.37,-2.1364,2.3233,2.24952,0.76318,NA,"Check",0.197665397238041,0.185994217996529,NA
"Picea","PIGL","NEON.PLA.D05.TREE.01419","TREE_039","TREE","D05",2015-08-11,"Standing dead","single bole tree","Mostly shaded",130,NA,8.5,15.5,NA,41,"Picea glauca (Moench) Voss",12.4,68.5,"2015",94,"spruce","Picea glauca (Moench) Voss","white spruce","Pinaceae","tree","glauca",0.608,"sw5",-2.0773,2.3323,"PiceaAbove0.35spg","conifer","Conifer",0.37,-2.1364,2.3233,2.24952,0.76318,NA,"Check",74.8256834593093,68.8130651664381,NA
"Picea","PIGL","NEON.PLA.D05.TREE.00779","TREE_052","TREE","D05",2017-09-26,"Live","small tree",NA,130,NA,3.9,4.9,NA,NA,"Picea glauca (Moench) Voss",NA,NA,"2017",94,"spruce","Picea glauca (Moench) Voss","white spruce","Pinaceae","tree","glauca",0.608,"sw5",-2.0773,2.3323,"PiceaAbove0.35spg","conifer","Conifer",0.37,-2.1364,2.3233,2.24952,0.76318,NA,"Check",1.5980218313683,1.49158843468203,NA
"Picea","PIGL","NEON.PLA.D05.TREE.00779","TREE_052","TREE","D05",2016-09-29,"Live","small tree",NA,130,NA,3.9,4.8,NA,NA,"Picea glauca (Moench) Voss",NA,NA,"2016",94,"spruce","Picea glauca (Moench) Voss","white spruce","Pinaceae","tree","glauca",0.608,"sw5",-2.0773,2.3323,"PiceaAbove0.35spg","conifer","Conifer",0.37,-2.1364,2.3233,2.24952,0.76318,NA,"Check",1.52299097088637,1.42181869848317,NA
"Picea","PIGL","NEON.PLA.D05.TREE.01114","TREE_043","TREE","D05",2018-10-15,"Live","single bole tree",NA,130,NA,16.8,27.3,NA,41,"Picea glauca (Moench) Voss",3.6,49.5,"2018",94,"spruce","Picea glauca (Moench) Voss","white spruce","Pinaceae","tree","glauca",0.608,"sw5",-2.0773,2.3323,"PiceaAbove0.35spg","conifer","Conifer",0.37,-2.1364,2.3233,2.24952,0.76318,NA,"Check",280.157474924348,256.336202837679,NA
"Picea","PIGL","NEON.PLA.D05.TREE.01267","TREE_043","TREE","D05",2015-08-05,"Live","single bole tree","Full sun",130,NA,17.6,26.6,NA,57,"Picea glauca (Moench) Voss",2.3,131.3,"2015",94,"spruce","Picea glauca (Moench) Voss","white spruce","Pinaceae","tree","glauca",0.608,"sw5",-2.0773,2.3323,"PiceaAbove0.35spg","conifer","Conifer",0.37,-2.1364,2.3233,2.24952,0.76318,NA,"Check",263.688696800378,241.324144481412,NA
"Picea","PIGL","NEON.PLA.D05.TREE.01393","TREE_057","TREE","D05",2018-10-16,"Live","single bole tree",NA,130,NA,8.1,10.1,NA,NA,"Picea glauca (Moench) Voss",NA,NA,"2018",94,"spruce","Picea glauca (Moench) Voss","white spruce","Pinaceae","tree","glauca",0.608,"sw5",-2.0773,2.3323,"PiceaAbove0.35spg","conifer","Conifer",0.37,-2.1364,2.3233,2.24952,0.76318,NA,"Check",27.5561673014686,25.4397662520527,NA
"Picea","PIGL","NEON.PLA.D05.TREE.01270","TREE_043","TREE","D05",2016-10-19,"Live","single bole tree",NA,130,NA,17,26.1,NA,57,"Picea glauca (Moench) Voss",5,168.2,"2016",94,"spruce","Picea glauca (Moench) Voss","white spruce","Pinaceae","tree","glauca",0.608,"sw5",-2.0773,2.3323,"PiceaAbove0.35spg","conifer","Conifer",0.37,-2.1364,2.3233,2.24952,0.76318,NA,"Check",252.272974557271,230.916071065178,NA
"Picea","PIGL","NEON.PLA.D05.TREE.01280","TREE_043","TREE","D05",2015-08-05,"Live","single bole tree","Full sun",130,NA,17,32.2,NA,39,"Picea glauca (Moench) Voss",11.8,45.4,"2015",94,"spruce","Picea glauca (Moench) Voss","white spruce","Pinaceae","tree","glauca",0.608,"sw5",-2.0773,2.3323,"PiceaAbove0.35spg","conifer","Conifer",0.37,-2.1364,2.3233,2.24952,0.76318,NA,"Check",411.729819896369,376.161908798105,NA
"Picea","PIGL","NEON.PLA.D05.TREE.01051","TREE_047","TREE","D05",2018-10-11,"Live","small tree",NA,130,NA,3.2,3.6,NA,NA,"Picea glauca (Moench) Voss",NA,NA,"2018",94,"spruce","Picea glauca (Moench) Voss","white spruce","Pinaceae","tree","glauca",0.608,"sw5",-2.0773,2.3323,"PiceaAbove0.35spg","conifer","Conifer",0.37,-2.1364,2.3233,2.24952,0.76318,NA,"Check",0.778579049414565,0.728742426936574,NA
"Picea","PIGL","NEON.PLA.D05.TREE.01113","TREE_043","TREE","D05",2015-08-05,"Live","single bole tree","Full sun",130,NA,18.8,31.2,NA,61,"Picea glauca (Moench) Voss",8.3,185.6,"2015",94,"spruce","Picea glauca (Moench) Voss","white spruce","Pinaceae","tree","glauca",0.608,"sw5",-2.0773,2.3323,"PiceaAbove0.35spg","conifer","Conifer",0.37,-2.1364,2.3233,2.24952,0.76318,NA,"Check",382.522365150161,349.576827847783,NA
"Picea","PIGL","NEON.PLA.D05.TREE.00738","TREE_052","TREE","D05",2017-09-26,"Live","small tree",NA,130,NA,4.7,5.2,NA,NA,"Picea glauca (Moench) Voss",NA,NA,"2017",94,"spruce","Picea glauca (Moench) Voss","white spruce","Pinaceae","tree","glauca",0.608,"sw5",-2.0773,2.3323,"PiceaAbove0.35spg","conifer","Conifer",0.37,-2.1364,2.3233,2.24952,0.76318,NA,"Check",1.83557861347292,1.71240711187107,NA
"Picea","PIGL","NEON.PLA.D05.TREE.01051","TREE_047","TREE","D05",2016-10-19,"Live","small tree",NA,130,NA,3.1,3.4,NA,NA,"Picea glauca (Moench) Voss",NA,NA,"2016",94,"spruce","Picea glauca (Moench) Voss","white spruce","Pinaceae","tree","glauca",0.608,"sw5",-2.0773,2.3323,"PiceaAbove0.35spg","conifer","Conifer",0.37,-2.1364,2.3233,2.24952,0.76318,NA,"Check",0.681407122689066,0.638118627692381,NA
"Picea","PIGL","NEON.PLA.D05.TREE.01270","TREE_043","TREE","D05",2015-08-05,"Live","sapling","Full sun",130,NA,15.9,26.1,NA,57,"Picea glauca (Moench) Voss",5,168.2,"2015",94,"spruce","Picea glauca (Moench) Voss","white spruce","Pinaceae","tree","glauca",0.608,"sw5",-2.0773,2.3323,"PiceaAbove0.35spg","conifer","Conifer",0.37,-2.1364,2.3233,2.24952,0.76318,NA,"Check",252.272974557271,230.916071065178,NA
"Picea","PIGL","NEON.PLA.D05.TREE.01419","TREE_039","TREE","D05",2018-10-17,"Dead, broken bole","single bole tree",NA,130,NA,9.2,15.5,NA,41,"Picea glauca (Moench) Voss",12.4,68.5,"2018",94,"spruce","Picea glauca (Moench) Voss","white spruce","Pinaceae","tree","glauca",0.608,"sw5",-2.0773,2.3323,"PiceaAbove0.35spg","conifer","Conifer",0.37,-2.1364,2.3233,2.24952,0.76318,NA,"Check",74.8256834593093,68.8130651664381,NA
"Picea","PIGL","NEON.PLA.D05.TREE.00799","TREE_052","TREE","D05",2018-08-29,"Live","small tree",NA,130,NA,2.5,2.4,NA,NA,"Picea glauca (Moench) Voss",NA,NA,"2018",94,"spruce","Picea glauca (Moench) Voss","white spruce","Pinaceae","tree","glauca",0.608,"sw5",-2.0773,2.3323,"PiceaAbove0.35spg","conifer","Conifer",0.37,-2.1364,2.3233,2.24952,0.76318,NA,"Check",0.302416212354682,0.284093457601521,NA
"Picea","PIGL","NEON.PLA.D05.TREE.00799","TREE_052","TREE","D05",2016-09-29,"Live","small tree",NA,130,NA,2.4,2.3,NA,NA,"Picea glauca (Moench) Voss",NA,NA,"2016",94,"spruce","Picea glauca (Moench) Voss","white spruce","Pinaceae","tree","glauca",0.608,"sw5",-2.0773,2.3323,"PiceaAbove0.35spg","conifer","Conifer",0.37,-2.1364,2.3233,2.24952,0.76318,NA,"Check",0.273839581633429,0.257346778464301,NA
"Picea","PIGL","NEON.PLA.D05.TREE.01280","TREE_043","TREE","D05",2017-10-17,"Live","single bole tree",NA,130,NA,19.2,33.1,NA,39,"Picea glauca (Moench) Voss",11.8,45.4,"2017",94,"spruce","Picea glauca (Moench) Voss","white spruce","Pinaceae","tree","glauca",0.608,"sw5",-2.0773,2.3323,"PiceaAbove0.35spg","conifer","Conifer",0.37,-2.1364,2.3233,2.24952,0.76318,NA,"Check",439.071150731578,401.041805488236,NA
"Picea","PIGL","NEON.PLA.D05.TREE.00779","TREE_052","TREE","D05",2018-08-29,"Live","small tree",NA,130,NA,4,5.2,NA,NA,"Picea glauca (Moench) Voss",NA,NA,"2018",94,"spruce","Picea glauca (Moench) Voss","white spruce","Pinaceae","tree","glauca",0.608,"sw5",-2.0773,2.3323,"PiceaAbove0.35spg","conifer","Conifer",0.37,-2.1364,2.3233,2.24952,0.76318,NA,"Check",1.83557861347292,1.71240711187107,NA
"Picea","PIMA","NEON.PLA.D05.TREE.02568","TREE_009","TREE","D05",2019-10-16,"Live","single bole tree","Partially shaded",130,NA,15.3,16.7,NA,41,"Picea mariana (Mill.) Britton, Sterns & Poggenb.",3.2,12.6,"2019",95,"spruce","Picea mariana (Mill.) Britton, Sterns & Poggenb.","black spruce","Pinaceae","tree","mariana",0.608,"sw5",-2.0773,2.3323,"PiceaAbove0.35spg","conifer","Conifer",0.37,-2.1364,2.3233,2.24952,0.76318,NA,"Check",89.0392920762523,81.8296033951312,NA
"Picea","PIMA","NEON.PLA.D05.TREE.02593","TREE_009","TREE","D05",2017-10-26,"Standing dead","single bole tree","Partially shaded",130,NA,16.1,23.5,NA,31,"Picea mariana (Mill.) Britton, Sterns & Poggenb.",1,1,"2017",95,"spruce","Picea mariana (Mill.) Britton, Sterns & Poggenb.","black spruce","Pinaceae","tree","mariana",0.608,"sw5",-2.0773,2.3323,"PiceaAbove0.35spg","conifer","Conifer",0.37,-2.1364,2.3233,2.24952,0.76318,NA,"Check",197.506615947488,180.956935665637,NA
"Picea","PIMA","NEON.PLA.D05.TREE.02592","TREE_009","TREE","D05",2019-10-16,"Live","single bole tree","Partially shaded",130,NA,19.3,23,NA,31,"Picea mariana (Mill.) Britton, Sterns & Poggenb.",5.1,11.8,"2019",95,"spruce","Picea mariana (Mill.) Britton, Sterns & Poggenb.","black spruce","Pinaceae","tree","mariana",0.608,"sw5",-2.0773,2.3323,"PiceaAbove0.35spg","conifer","Conifer",0.37,-2.1364,2.3233,2.24952,0.76318,NA,"Check",187.844249584665,172.137523378847,NA
"Picea","PIMA","NEON.PLA.D05.TREE.02592","TREE_009","TREE","D05",2017-10-26,"Live","single bole tree","Partially shaded",130,NA,18.3,22.6,NA,31,"Picea mariana (Mill.) Britton, Sterns & Poggenb.",5.1,11.8,"2017",95,"spruce","Picea mariana (Mill.) Britton, Sterns & Poggenb.","black spruce","Pinaceae","tree","mariana",0.608,"sw5",-2.0773,2.3323,"PiceaAbove0.35spg","conifer","Conifer",0.37,-2.1364,2.3233,2.24952,0.76318,NA,"Check",180.313060720514,165.262152688004,NA
"Picea","PIMA","NEON.PLA.D05.TREE.02568","TREE_009","TREE","D05",2017-10-26,"Live","single bole tree","Partially shaded",130,NA,16.6,16.6,NA,41,"Picea mariana (Mill.) Britton, Sterns & Poggenb.",3.2,12.6,"2017",95,"spruce","Picea mariana (Mill.) Britton, Sterns & Poggenb.","black spruce","Pinaceae","tree","mariana",0.608,"sw5",-2.0773,2.3323,"PiceaAbove0.35spg","conifer","Conifer",0.37,-2.1364,2.3233,2.24952,0.76318,NA,"Check",87.8007380282049,80.6956993581833,NA
"Picea","PIMA","NEON.PLA.D05.TREE.02567","TREE_009","TREE","D05",2017-10-26,"Live","single bole tree","Partially shaded",130,NA,16.6,15.1,NA,41,"Picea mariana (Mill.) Britton, Sterns & Poggenb.",0.6,30,"2017",95,"spruce","Picea mariana (Mill.) Britton, Sterns & Poggenb.","black spruce","Pinaceae","tree","mariana",0.608,"sw5",-2.0773,2.3323,"PiceaAbove0.35spg","conifer","Conifer",0.37,-2.1364,2.3233,2.24952,0.76318,NA,"Check",70.3992458686397,64.7575501437825,NA
"Picea","PIMA","NEON.PLA.D05.TREE.03589","TREE_002","TREE","D05",2018-05-07,"Live","single bole tree","Partially shaded",130,NA,17.8,21.8,NA,31,"Picea mariana (Mill.) Britton, Sterns & Poggenb.",3,28.7,"2018",95,"spruce","Picea mariana (Mill.) Britton, Sterns & Poggenb.","black spruce","Pinaceae","tree","mariana",0.608,"sw5",-2.0773,2.3323,"PiceaAbove0.35spg","conifer","Conifer",0.37,-2.1364,2.3233,2.24952,0.76318,NA,"Check",165.776189489301,151.9879790961,NA
"Picea","PIMA","NEON.PLA.D05.TREE.00902","TREE_048","TREE","D05",2021-09-23,"Live","single bole tree","Partially shaded",130,NA,13.7,11.9,NA,59,"Picea mariana (Mill.) Britton, Sterns & Poggenb.",5.3,236.3,"2021",95,"spruce","Picea mariana (Mill.) Britton, Sterns & Poggenb.","black spruce","Pinaceae","tree","mariana",0.608,"sw5",-2.0773,2.3323,"PiceaAbove0.35spg","conifer","Conifer",0.37,-2.1364,2.3233,2.24952,0.76318,NA,"Check",40.3959895143994,37.2384438691449,NA
"Picea","PIMA","NEON.PLA.D05.TREE.00955","TREE_048","TREE","D05",2021-09-23,"Live","multi-bole tree","Partially shaded",130,NA,11.6,16,NA,57,"Picea mariana (Mill.) Britton, Sterns & Poggenb.",2.1,129.7,"2021",95,"spruce","Picea mariana (Mill.) Britton, Sterns & Poggenb.","black spruce","Pinaceae","tree","mariana",0.608,"sw5",-2.0773,2.3323,"PiceaAbove0.35spg","conifer","Conifer",0.37,-2.1364,2.3233,2.24952,0.76318,NA,"Check",80.5766315940639,74.0807251016822,NA
"Picea","PIMA","NEON.PLA.D05.TREE.00934","TREE_048","TREE","D05",2017-10-18,"Live","single bole tree",NA,130,NA,12.4,13.8,NA,59,"Picea mariana (Mill.) Britton, Sterns & Poggenb.",7.1,240.1,"2017",95,"spruce","Picea mariana (Mill.) Britton, Sterns & Poggenb.","black spruce","Pinaceae","tree","mariana",0.608,"sw5",-2.0773,2.3323,"PiceaAbove0.35spg","conifer","Conifer",0.37,-2.1364,2.3233,2.24952,0.76318,NA,"Check",57.066346093433,52.5356790734763,NA
"Picea","PIMA","NEON.PLA.D05.TREE.00774","TREE_051","TREE","D05",2018-10-09,"Live","small tree",NA,130,NA,2.9,4.4,NA,NA,"Picea mariana (Mill.) Britton, Sterns & Poggenb.",NA,NA,"2018",95,"spruce","Picea mariana (Mill.) Britton, Sterns & Poggenb.","black spruce","Pinaceae","tree","mariana",0.608,"sw5",-2.0773,2.3323,"PiceaAbove0.35spg","conifer","Conifer",0.37,-2.1364,2.3233,2.24952,0.76318,NA,"Check",1.24326316885284,1.16158249302367,NA
"Picea","PIMA","NEON.PLA.D05.TREE.00902","TREE_048","TREE","D05",2015-08-05,"Live","single bole tree","Partially shaded",130,NA,11.2,11.6,NA,59,"Picea mariana (Mill.) Britton, Sterns & Poggenb.",5.3,236.3,"2015",95,"spruce","Picea mariana (Mill.) Britton, Sterns & Poggenb.","black spruce","Pinaceae","tree","mariana",0.608,"sw5",-2.0773,2.3323,"PiceaAbove0.35spg","conifer","Conifer",0.37,-2.1364,2.3233,2.24952,0.76318,NA,"Check",38.0605834056345,35.0936479652679,NA
"Picea","PIMA","NEON.PLA.D05.TREE.02660","TREE_012","TREE","D05",2019-10-17,"Live","single bole tree","Partially shaded",130,NA,18.7,25.6,NA,41,"Picea mariana (Mill.) Britton, Sterns & Poggenb.",4.2,13.7,"2019",95,"spruce","Picea mariana (Mill.) Britton, Sterns & Poggenb.","black spruce","Pinaceae","tree","mariana",0.608,"sw5",-2.0773,2.3323,"PiceaAbove0.35spg","conifer","Conifer",0.37,-2.1364,2.3233,2.24952,0.76318,NA,"Check",241.144934662408,220.768537315218,NA
"Picea","PIMA","NEON.PLA.D05.TREE.01167","TREE_048","TREE","D05",2021-09-23,"Live","single bole tree","Partially shaded",130,NA,16.6,16.3,NA,41,"Picea mariana (Mill.) Britton, Sterns & Poggenb.",9.3,350.2,"2021",95,"spruce","Picea mariana (Mill.) Britton, Sterns & Poggenb.","black spruce","Pinaceae","tree","mariana",0.608,"sw5",-2.0773,2.3323,"PiceaAbove0.35spg","conifer","Conifer",0.37,-2.1364,2.3233,2.24952,0.76318,NA,"Check",84.1444008717733,77.3479361719107,NA
"Picea","PIMA","NEON.PLA.D05.TREE.03586","TREE_002","TREE","D05",2019-10-08,"Live","single bole tree","Partially shaded",130,NA,17.2,19.7,NA,31,"Picea mariana (Mill.) Britton, Sterns & Poggenb.",9.1,38.4,"2019",95,"spruce","Picea mariana (Mill.) Britton, Sterns & Poggenb.","black spruce","Pinaceae","tree","mariana",0.608,"sw5",-2.0773,2.3323,"PiceaAbove0.35spg","conifer","Conifer",0.37,-2.1364,2.3233,2.24952,0.76318,NA,"Check",130.895179202746,120.117601624994,NA
"Picea","PIMA","NEON.PLA.D05.TREE.02590","TREE_009","TREE","D05",2017-10-26,"Live","single bole tree","Partially shaded",130,NA,13.3,17.9,NA,31,"Picea mariana (Mill.) Britton, Sterns & Poggenb.",8.3,9.9,"2017",95,"spruce","Picea mariana (Mill.) Britton, Sterns & Poggenb.","black spruce","Pinaceae","tree","mariana",0.608,"sw5",-2.0773,2.3323,"PiceaAbove0.35spg","conifer","Conifer",0.37,-2.1364,2.3233,2.24952,0.76318,NA,"Check",104.681321583967,96.1450026491995,NA
"Picea","PIMA","NEON.PLA.D05.TREE.01262","TREE_048","TREE","D05",2015-08-05,"Live","single bole tree","Partially shaded",130,NA,9.4,14.8,NA,59,"Picea mariana (Mill.) Britton, Sterns & Poggenb.",6.5,166.2,"2015",95,"spruce","Picea mariana (Mill.) Britton, Sterns & Poggenb.","black spruce","Pinaceae","tree","mariana",0.608,"sw5",-2.0773,2.3323,"PiceaAbove0.35spg","conifer","Conifer",0.37,-2.1364,2.3233,2.24952,0.76318,NA,"Check",67.1802277087349,61.8076614883494,NA
"Picea","PIMA","NEON.PLA.D05.TREE.01262","TREE_048","TREE","D05",2017-10-18,"Live","single bole tree",NA,130,NA,12.3,14.8,NA,59,"Picea mariana (Mill.) Britton, Sterns & Poggenb.",6.5,166.2,"2017",95,"spruce","Picea mariana (Mill.) Britton, Sterns & Poggenb.","black spruce","Pinaceae","tree","mariana",0.608,"sw5",-2.0773,2.3323,"PiceaAbove0.35spg","conifer","Conifer",0.37,-2.1364,2.3233,2.24952,0.76318,NA,"Check",67.1802277087349,61.8076614883494,NA
"Picea","PIMA","NEON.PLA.D05.TREE.00934","TREE_048","TREE","D05",2016-10-19,"Live","single bole tree",NA,130,NA,12.4,13.7,NA,59,"Picea mariana (Mill.) Britton, Sterns & Poggenb.",7.1,240.1,"2016",95,"spruce","Picea mariana (Mill.) Britton, Sterns & Poggenb.","black spruce","Pinaceae","tree","mariana",0.608,"sw5",-2.0773,2.3323,"PiceaAbove0.35spg","conifer","Conifer",0.37,-2.1364,2.3233,2.24952,0.76318,NA,"Check",56.1065353793348,51.6554515762862,NA
"Picea","PIMA","NEON.PLA.D05.TREE.00955","TREE_048","TREE","D05",2016-10-19,"Live","multi-bole tree",NA,130,NA,13.4,16,NA,57,"Picea mariana (Mill.) Britton, Sterns & Poggenb.",2.1,129.7,"2016",95,"spruce","Picea mariana (Mill.) Britton, Sterns & Poggenb.","black spruce","Pinaceae","tree","mariana",0.608,"sw5",-2.0773,2.3323,"PiceaAbove0.35spg","conifer","Conifer",0.37,-2.1364,2.3233,2.24952,0.76318,NA,"Check",80.5766315940639,74.0807251016822,NA
"Picea","PIMA","NEON.PLA.D05.TREE.02567","TREE_009","TREE","D05",2019-10-16,"Live","single bole tree","Partially shaded",130,NA,15.9,15.2,NA,41,"Picea mariana (Mill.) Britton, Sterns & Poggenb.",0.6,30,"2019",95,"spruce","Picea mariana (Mill.) Britton, Sterns & Poggenb.","black spruce","Pinaceae","tree","mariana",0.608,"sw5",-2.0773,2.3323,"PiceaAbove0.35spg","conifer","Conifer",0.37,-2.1364,2.3233,2.24952,0.76318,NA,"Check",71.4914116984433,65.7582847898985,NA
"Picea","PIMA","NEON.PLA.D05.TREE.00774","TREE_051","TREE","D05",2015-08-03,"Live","small tree","Full shade",130,NA,2.8,4,NA,NA,"Picea mariana (Mill.) Britton, Sterns & Poggenb.",NA,NA,"2015",95,"spruce","Picea mariana (Mill.) Britton, Sterns & Poggenb.","black spruce","Pinaceae","tree","mariana",0.608,"sw5",-2.0773,2.3323,"PiceaAbove0.35spg","conifer","Conifer",0.37,-2.1364,2.3233,2.24952,0.76318,NA,"Check",0.995457925043829,0.930855850007453,NA
"Picea","PIMA","NEON.PLA.D05.TREE.03604","TREE_002","TREE","D05",2018-05-07,"Live","single bole tree","Partially shaded",130,NA,19.1,29.7,NA,51,"Picea mariana (Mill.) Britton, Sterns & Poggenb.",8.1,247.1,"2018",95,"spruce","Picea mariana (Mill.) Britton, Sterns & Poggenb.","black spruce","Pinaceae","tree","mariana",0.608,"sw5",-2.0773,2.3323,"PiceaAbove0.35spg","conifer","Conifer",0.37,-2.1364,2.3233,2.24952,0.76318,NA,"Check",340.996514198515,311.765696062115,NA
"Picea","PIMA","NEON.PLA.D05.TREE.03602","TREE_002","TREE","D05",2019-10-08,"Live","single bole tree","Partially shaded",130,NA,17,19.6,NA,51,"Picea mariana (Mill.) Britton, Sterns & Poggenb.",8.5,206.1,"2019",95,"spruce","Picea mariana (Mill.) Britton, Sterns & Poggenb.","black spruce","Pinaceae","tree","mariana",0.608,"sw5",-2.0773,2.3323,"PiceaAbove0.35spg","conifer","Conifer",0.37,-2.1364,2.3233,2.24952,0.76318,NA,"Check",129.350737129112,118.705761792917,NA
"Picea","PIMA","NEON.PLA.D05.TREE.00902","TREE_048","TREE","D05",2017-10-18,"Live","single bole tree",NA,130,NA,12.3,11.6,NA,59,"Picea mariana (Mill.) Britton, Sterns & Poggenb.",5.3,236.3,"2017",95,"spruce","Picea mariana (Mill.) Britton, Sterns & Poggenb.","black spruce","Pinaceae","tree","mariana",0.608,"sw5",-2.0773,2.3323,"PiceaAbove0.35spg","conifer","Conifer",0.37,-2.1364,2.3233,2.24952,0.76318,NA,"Check",38.0605834056345,35.0936479652679,NA
"Picea","PIMA","NEON.PLA.D05.TREE.03588","TREE_002","TREE","D05",2018-05-07,"Live","single bole tree","Partially shaded",130,NA,17.3,21.9,NA,31,"Picea mariana (Mill.) Britton, Sterns & Poggenb.",9.3,29.4,"2018",95,"spruce","Picea mariana (Mill.) Britton, Sterns & Poggenb.","black spruce","Pinaceae","tree","mariana",0.608,"sw5",-2.0773,2.3323,"PiceaAbove0.35spg","conifer","Conifer",0.37,-2.1364,2.3233,2.24952,0.76318,NA,"Check",167.555188915804,153.612685213605,NA
"Picea","PIMA","NEON.PLA.D05.TREE.00902","TREE_048","TREE","D05",2018-10-16,"Live","single bole tree",NA,130,NA,13.7,11.5,NA,59,"Picea mariana (Mill.) Britton, Sterns & Poggenb.",5.3,236.3,"2018",95,"spruce","Picea mariana (Mill.) Britton, Sterns & Poggenb.","black spruce","Pinaceae","tree","mariana",0.608,"sw5",-2.0773,2.3323,"PiceaAbove0.35spg","conifer","Conifer",0.37,-2.1364,2.3233,2.24952,0.76318,NA,"Check",37.2997263660338,34.3947820153374,NA
"Picea","PIMA","NEON.PLA.D05.TREE.01167","TREE_048","TREE","D05",2015-08-05,"Live","single bole tree","Partially shaded",130,NA,12,16.3,NA,41,"Picea mariana (Mill.) Britton, Sterns & Poggenb.",9.3,350.2,"2015",95,"spruce","Picea mariana (Mill.) Britton, Sterns & Poggenb.","black spruce","Pinaceae","tree","mariana",0.608,"sw5",-2.0773,2.3323,"PiceaAbove0.35spg","conifer","Conifer",0.37,-2.1364,2.3233,2.24952,0.76318,NA,"Check",84.1444008717733,77.3479361719107,NA
"Picea","PIMA","NEON.PLA.D05.TREE.03587","TREE_002","TREE","D05",2019-10-08,"Live","single bole tree","Partially shaded",130,NA,16.9,19.6,NA,31,"Picea mariana (Mill.) Britton, Sterns & Poggenb.",10.1,35.8,"2019",95,"spruce","Picea mariana (Mill.) Britton, Sterns & Poggenb.","black spruce","Pinaceae","tree","mariana",0.608,"sw5",-2.0773,2.3323,"PiceaAbove0.35spg","conifer","Conifer",0.37,-2.1364,2.3233,2.24952,0.76318,NA,"Check",129.350737129112,118.705761792917,NA
"Picea","PIMA","NEON.PLA.D05.TREE.01261","TREE_048","TREE","D05",2016-10-19,"Live","single bole tree",NA,130,NA,13.8,19.8,NA,41,"Picea mariana (Mill.) Britton, Sterns & Poggenb.",9.2,82.9,"2016",95,"spruce","Picea mariana (Mill.) Britton, Sterns & Poggenb.","black spruce","Pinaceae","tree","mariana",0.608,"sw5",-2.0773,2.3323,"PiceaAbove0.35spg","conifer","Conifer",0.37,-2.1364,2.3233,2.24952,0.76318,NA,"Check",132.450101666113,121.53895708825,NA
"Picea","PIMA","NEON.PLA.D05.TREE.03583","TREE_002","TREE","D05",2019-10-08,"No longer qualifies","single bole tree","Full shade",130,NA,0.1,16.2,NA,31,"Picea mariana (Mill.) Britton, Sterns & Poggenb.",7.5,48.1,"2019",95,"spruce","Picea mariana (Mill.) Britton, Sterns & Poggenb.","black spruce","Pinaceae","tree","mariana",0.608,"sw5",-2.0773,2.3323,"PiceaAbove0.35spg","conifer","Conifer",0.37,-2.1364,2.3233,2.24952,0.76318,NA,"Check",82.9453303480515,76.249939274891,NA
"Picea","PIMA","NEON.PLA.D05.TREE.02660","TREE_012","TREE","D05",2017-10-30,"Live","single bole tree","Partially shaded",130,NA,18.7,25.3,NA,41,"Picea mariana (Mill.) Britton, Sterns & Poggenb.",4.2,13.7,"2017",95,"spruce","Picea mariana (Mill.) Britton, Sterns & Poggenb.","black spruce","Pinaceae","tree","mariana",0.608,"sw5",-2.0773,2.3323,"PiceaAbove0.35spg","conifer","Conifer",0.37,-2.1364,2.3233,2.24952,0.76318,NA,"Check",234.605432448721,214.804401291264,NA
"Picea","PIMA","NEON.PLA.D05.TREE.00934","TREE_048","TREE","D05",2018-10-16,"Live","single bole tree",NA,130,NA,12,13.8,NA,59,"Picea mariana (Mill.) Britton, Sterns & Poggenb.",7.1,240.1,"2018",95,"spruce","Picea mariana (Mill.) Britton, Sterns & Poggenb.","black spruce","Pinaceae","tree","mariana",0.608,"sw5",-2.0773,2.3323,"PiceaAbove0.35spg","conifer","Conifer",0.37,-2.1364,2.3233,2.24952,0.76318,NA,"Check",57.066346093433,52.5356790734763,NA
"Picea","PIMA","NEON.PLA.D05.TREE.01167","TREE_048","TREE","D05",2018-10-16,"Live","single bole tree",NA,130,NA,15.7,16,NA,41,"Picea mariana (Mill.) Britton, Sterns & Poggenb.",9.3,350.2,"2018",95,"spruce","Picea mariana (Mill.) Britton, Sterns & Poggenb.","black spruce","Pinaceae","tree","mariana",0.608,"sw5",-2.0773,2.3323,"PiceaAbove0.35spg","conifer","Conifer",0.37,-2.1364,2.3233,2.24952,0.76318,NA,"Check",80.5766315940639,74.0807251016822,NA
"Picea","PIMA","NEON.PLA.D05.TREE.00955","TREE_048","TREE","D05",2018-10-16,"Live","multi-bole tree",NA,130,NA,12.9,16,NA,57,"Picea mariana (Mill.) Britton, Sterns & Poggenb.",2.1,129.7,"2018",95,"spruce","Picea mariana (Mill.) Britton, Sterns & Poggenb.","black spruce","Pinaceae","tree","mariana",0.608,"sw5",-2.0773,2.3323,"PiceaAbove0.35spg","conifer","Conifer",0.37,-2.1364,2.3233,2.24952,0.76318,NA,"Check",80.5766315940639,74.0807251016822,NA
"Picea","PIMA","NEON.PLA.D05.TREE.01261","TREE_048","TREE","D05",2021-09-23,"Live","single bole tree","Partially shaded",130,NA,15.2,20.4,NA,41,"Picea mariana (Mill.) Britton, Sterns & Poggenb.",9.2,82.9,"2021",95,"spruce","Picea mariana (Mill.) Britton, Sterns & Poggenb.","black spruce","Pinaceae","tree","mariana",0.608,"sw5",-2.0773,2.3323,"PiceaAbove0.35spg","conifer","Conifer",0.37,-2.1364,2.3233,2.24952,0.76318,NA,"Check",142.000708816295,130.267787439602,NA
"Picea","PIMA","NEON.PLA.D05.TREE.00942","TREE_048","TREE","D05",2017-10-18,"Live","single bole tree",NA,130,NA,15.9,20.1,NA,57,"Picea mariana (Mill.) Britton, Sterns & Poggenb.",9,160.3,"2017",95,"spruce","Picea mariana (Mill.) Britton, Sterns & Poggenb.","black spruce","Pinaceae","tree","mariana",0.608,"sw5",-2.0773,2.3323,"PiceaAbove0.35spg","conifer","Conifer",0.37,-2.1364,2.3233,2.24952,0.76318,NA,"Check",137.177927583208,125.860272895209,NA
"Picea","PIMA","NEON.PLA.D05.TREE.00942","TREE_048","TREE","D05",2021-09-23,"Live","single bole tree","Full sun",130,NA,12.7,21,NA,57,"Picea mariana (Mill.) Britton, Sterns & Poggenb.",9,160.3,"2021",95,"spruce","Picea mariana (Mill.) Britton, Sterns & Poggenb.","black spruce","Pinaceae","tree","mariana",0.608,"sw5",-2.0773,2.3323,"PiceaAbove0.35spg","conifer","Conifer",0.37,-2.1364,2.3233,2.24952,0.76318,NA,"Check",151.93300718734,139.343064114835,NA
"Picea","PIMA","NEON.PLA.D05.TREE.01167","TREE_048","TREE","D05",2016-10-19,"Live","single bole tree",NA,130,NA,16.2,16.3,NA,41,"Picea mariana (Mill.) Britton, Sterns & Poggenb.",9.3,350.2,"2016",95,"spruce","Picea mariana (Mill.) Britton, Sterns & Poggenb.","black spruce","Pinaceae","tree","mariana",0.608,"sw5",-2.0773,2.3323,"PiceaAbove0.35spg","conifer","Conifer",0.37,-2.1364,2.3233,2.24952,0.76318,NA,"Check",84.1444008717733,77.3479361719107,NA
"Picea","PIMA","NEON.PLA.D05.TREE.01238","TREE_048","TREE","D05",2021-09-23,"Live","single bole tree","Partially shaded",130,NA,12.8,14.9,NA,61,"Picea mariana (Mill.) Britton, Sterns & Poggenb.",6.8,183,"2021",95,"spruce","Picea mariana (Mill.) Britton, Sterns & Poggenb.","black spruce","Pinaceae","tree","mariana",0.608,"sw5",-2.0773,2.3323,"PiceaAbove0.35spg","conifer","Conifer",0.37,-2.1364,2.3233,2.24952,0.76318,NA,"Check",68.2436750811203,62.7822572726408,NA
"Picea","PIMA","NEON.PLA.D05.TREE.01203","TREE_048","TREE","D05",2016-10-19,"Live","single bole tree",NA,130,NA,14,16,NA,43,"Picea mariana (Mill.) Britton, Sterns & Poggenb.",8.2,301,"2016",95,"spruce","Picea mariana (Mill.) Britton, Sterns & Poggenb.","black spruce","Pinaceae","tree","mariana",0.608,"sw5",-2.0773,2.3323,"PiceaAbove0.35spg","conifer","Conifer",0.37,-2.1364,2.3233,2.24952,0.76318,NA,"Check",80.5766315940639,74.0807251016822,NA
"Picea","PIMA","NEON.PLA.D05.TREE.01167","TREE_048","TREE","D05",2017-10-18,"Live","single bole tree",NA,130,NA,16.5,16.2,NA,41,"Picea mariana (Mill.) Britton, Sterns & Poggenb.",9.3,350.2,"2017",95,"spruce","Picea mariana (Mill.) Britton, Sterns & Poggenb.","black spruce","Pinaceae","tree","mariana",0.608,"sw5",-2.0773,2.3323,"PiceaAbove0.35spg","conifer","Conifer",0.37,-2.1364,2.3233,2.24952,0.76318,NA,"Check",82.9453303480515,76.249939274891,NA
"Picea","PIMA","NEON.PLA.D05.TREE.01074","TREE_048","TREE","D05",2021-09-23,"Live","single bole tree","Partially shaded",120,NA,14.7,14.7,NA,41,"Picea mariana (Mill.) Britton, Sterns & Poggenb.",8.5,37.3,"2021",95,"spruce","Picea mariana (Mill.) Britton, Sterns & Poggenb.","black spruce","Pinaceae","tree","mariana",0.608,"sw5",-2.0773,2.3323,"PiceaAbove0.35spg","conifer","Conifer",0.37,-2.1364,2.3233,2.24952,0.76318,NA,"Check",66.1263105824222,60.8417409565732,NA
"Picea","PIMA","NEON.PLA.D05.TREE.01039","TREE_048","TREE","D05",2015-08-05,"Live","single bole tree","Full sun",130,NA,12.3,14.2,NA,41,"Picea mariana (Mill.) Britton, Sterns & Poggenb.",9,7.6,"2015",95,"spruce","Picea mariana (Mill.) Britton, Sterns & Poggenb.","black spruce","Pinaceae","tree","mariana",0.608,"sw5",-2.0773,2.3323,"PiceaAbove0.35spg","conifer","Conifer",0.37,-2.1364,2.3233,2.24952,0.76318,NA,"Check",60.9989245721659,56.1415991952777,NA
"Picea","PIMA","NEON.PLA.D05.TREE.01261","TREE_048","TREE","D05",2018-10-16,"Live","single bole tree",NA,130,NA,14.8,19.8,NA,41,"Picea mariana (Mill.) Britton, Sterns & Poggenb.",9.2,82.9,"2018",95,"spruce","Picea mariana (Mill.) Britton, Sterns & Poggenb.","black spruce","Pinaceae","tree","mariana",0.608,"sw5",-2.0773,2.3323,"PiceaAbove0.35spg","conifer","Conifer",0.37,-2.1364,2.3233,2.24952,0.76318,NA,"Check",132.450101666113,121.53895708825,NA
"Picea","PIMA","NEON.PLA.D05.TREE.01261","TREE_048","TREE","D05",2017-10-18,"Live","single bole tree",NA,130,NA,15.2,19.9,NA,41,"Picea mariana (Mill.) Britton, Sterns & Poggenb.",9.2,82.9,"2017",95,"spruce","Picea mariana (Mill.) Britton, Sterns & Poggenb.","black spruce","Pinaceae","tree","mariana",0.608,"sw5",-2.0773,2.3323,"PiceaAbove0.35spg","conifer","Conifer",0.37,-2.1364,2.3233,2.24952,0.76318,NA,"Check",134.015522167729,122.969843772247,NA
"Picea","PIMA","NEON.PLA.D05.TREE.00942","TREE_048","TREE","D05",2015-08-05,"Live","single bole tree","Full sun",130,NA,15.7,20.1,NA,57,"Picea mariana (Mill.) Britton, Sterns & Poggenb.",9,160.3,"2015",95,"spruce","Picea mariana (Mill.) Britton, Sterns & Poggenb.","black spruce","Pinaceae","tree","mariana",0.608,"sw5",-2.0773,2.3323,"PiceaAbove0.35spg","conifer","Conifer",0.37,-2.1364,2.3233,2.24952,0.76318,NA,"Check",137.177927583208,125.860272895209,NA
"Picea","PIMA","NEON.PLA.D05.TREE.03601","TREE_002","TREE","D05",2019-10-08,"Live","single bole tree","Full sun",130,NA,19.5,31.2,NA,51,"Picea mariana (Mill.) Britton, Sterns & Poggenb.",6.7,192.9,"2019",95,"spruce","Picea mariana (Mill.) Britton, Sterns & Poggenb.","black spruce","Pinaceae","tree","mariana",0.608,"sw5",-2.0773,2.3323,"PiceaAbove0.35spg","conifer","Conifer",0.37,-2.1364,2.3233,2.24952,0.76318,NA,"Check",382.522365150161,349.576827847783,NA
"Picea","PIMA","NEON.PLA.D05.TREE.03588","TREE_002","TREE","D05",2019-10-08,"Live","single bole tree","Partially shaded",130,NA,17.6,21.2,NA,31,"Picea mariana (Mill.) Britton, Sterns & Poggenb.",9.3,29.4,"2019",95,"spruce","Picea mariana (Mill.) Britton, Sterns & Poggenb.","black spruce","Pinaceae","tree","mariana",0.608,"sw5",-2.0773,2.3323,"PiceaAbove0.35spg","conifer","Conifer",0.37,-2.1364,2.3233,2.24952,0.76318,NA,"Check",155.329234229291,142.445710104286,NA
"Picea","PIMA","NEON.PLA.D05.TREE.02590","TREE_009","TREE","D05",2019-10-16,"Live","single bole tree","Mostly shaded",130,NA,13.3,17.6,NA,31,"Picea mariana (Mill.) Britton, Sterns & Poggenb.",8.3,9.9,"2019",95,"spruce","Picea mariana (Mill.) Britton, Sterns & Poggenb.","black spruce","Pinaceae","tree","mariana",0.608,"sw5",-2.0773,2.3323,"PiceaAbove0.35spg","conifer","Conifer",0.37,-2.1364,2.3233,2.24952,0.76318,NA,"Check",100.63505027268,92.442748625283,NA
"Picea","PIMA","NEON.PLA.D05.TREE.03585","TREE_002","TREE","D05",2018-05-07,"Live","single bole tree","Partially shaded",130,NA,19.6,24.6,NA,31,"Picea mariana (Mill.) Britton, Sterns & Poggenb.",10.5,50.6,"2018",95,"spruce","Picea mariana (Mill.) Britton, Sterns & Poggenb.","black spruce","Pinaceae","tree","mariana",0.608,"sw5",-2.0773,2.3323,"PiceaAbove0.35spg","conifer","Conifer",0.37,-2.1364,2.3233,2.24952,0.76318,NA,"Check",219.744504626584,201.248570039289,NA
"Picea","PIMA","NEON.PLA.D05.TREE.00774","TREE_051","TREE","D05",2017-09-26,"Live","small tree",NA,130,NA,2.8,4.6,NA,NA,"Picea mariana (Mill.) Britton, Sterns & Poggenb.",NA,NA,"2017",95,"spruce","Picea mariana (Mill.) Britton, Sterns & Poggenb.","black spruce","Pinaceae","tree","mariana",0.608,"sw5",-2.0773,2.3323,"PiceaAbove0.35spg","conifer","Conifer",0.37,-2.1364,2.3233,2.24952,0.76318,NA,"Check",1.37907689224637,1.28795807092529,NA
"Picea","PIMA","NEON.PLA.D05.TREE.03585","TREE_002","TREE","D05",2019-10-08,"Live","single bole tree","Partially shaded",130,NA,19.8,23.2,NA,31,"Picea mariana (Mill.) Britton, Sterns & Poggenb.",10.5,50.6,"2019",95,"spruce","Picea mariana (Mill.) Britton, Sterns & Poggenb.","black spruce","Pinaceae","tree","mariana",0.608,"sw5",-2.0773,2.3323,"PiceaAbove0.35spg","conifer","Conifer",0.37,-2.1364,2.3233,2.24952,0.76318,NA,"Check",191.675983314893,175.635177579453,NA
"Picea","PIMA","NEON.PLA.D05.TREE.01261","TREE_048","TREE","D05",2015-08-05,"Live","single bole tree","Full sun",130,NA,13.1,19.9,NA,41,"Picea mariana (Mill.) Britton, Sterns & Poggenb.",9.2,82.9,"2015",95,"spruce","Picea mariana (Mill.) Britton, Sterns & Poggenb.","black spruce","Pinaceae","tree","mariana",0.608,"sw5",-2.0773,2.3323,"PiceaAbove0.35spg","conifer","Conifer",0.37,-2.1364,2.3233,2.24952,0.76318,NA,"Check",134.015522167729,122.969843772247,NA
"Picea","PIMA","NEON.PLA.D05.TREE.00901","TREE_048","TREE","D05",2018-10-16,"Live","single bole tree",NA,130,NA,11.9,15.6,NA,41,"Picea mariana (Mill.) Britton, Sterns & Poggenb.",3.1,271.7,"2018",95,"spruce","Picea mariana (Mill.) Britton, Sterns & Poggenb.","black spruce","Pinaceae","tree","mariana",0.608,"sw5",-2.0773,2.3323,"PiceaAbove0.35spg","conifer","Conifer",0.37,-2.1364,2.3233,2.24952,0.76318,NA,"Check",75.956435081385,69.8489124011362,NA
"Picea","PIMA","NEON.PLA.D05.TREE.01220","TREE_048","TREE","D05",2016-10-19,"Live","single bole tree",NA,130,NA,14.5,18.7,NA,41,"Picea mariana (Mill.) Britton, Sterns & Poggenb.",5.9,15.7,"2016",95,"spruce","Picea mariana (Mill.) Britton, Sterns & Poggenb.","black spruce","Pinaceae","tree","mariana",0.608,"sw5",-2.0773,2.3323,"PiceaAbove0.35spg","conifer","Conifer",0.37,-2.1364,2.3233,2.24952,0.76318,NA,"Check",115.919433927799,106.424807506188,NA
"Picea","PIMA","NEON.PLA.D05.TREE.01699","TREE_011","TREE","D05",2020-06-09,"Live","single bole tree","Mostly shaded",130,NA,5.6,11.2,NA,41,"Picea mariana (Mill.) Britton, Sterns & Poggenb.",6,64.5,"2020",95,"spruce","Picea mariana (Mill.) Britton, Sterns & Poggenb.","black spruce","Pinaceae","tree","mariana",0.608,"sw5",-2.0773,2.3323,"PiceaAbove0.35spg","conifer","Conifer",0.37,-2.1364,2.3233,2.24952,0.76318,NA,"Check",35.0696367110309,32.3460684257466,NA
"Picea","PIMA","NEON.PLA.D05.TREE.00934","TREE_048","TREE","D05",2021-09-23,"Live","single bole tree","Partially shaded",130,NA,12,14.1,NA,59,"Picea mariana (Mill.) Britton, Sterns & Poggenb.",7.1,240.1,"2021",95,"spruce","Picea mariana (Mill.) Britton, Sterns & Poggenb.","black spruce","Pinaceae","tree","mariana",0.608,"sw5",-2.0773,2.3323,"PiceaAbove0.35spg","conifer","Conifer",0.37,-2.1364,2.3233,2.24952,0.76318,NA,"Check",60.0017350881006,55.227328194602,NA
"Picea","PIMA","NEON.PLA.D05.TREE.03587","TREE_002","TREE","D05",2018-05-07,"Live","single bole tree","Partially shaded",130,NA,17,20,NA,31,"Picea mariana (Mill.) Britton, Sterns & Poggenb.",10.1,35.8,"2018",95,"spruce","Picea mariana (Mill.) Britton, Sterns & Poggenb.","black spruce","Pinaceae","tree","mariana",0.608,"sw5",-2.0773,2.3323,"PiceaAbove0.35spg","conifer","Conifer",0.37,-2.1364,2.3233,2.24952,0.76318,NA,"Check",135.591458296699,124.410277213357,NA
"Picea","PIMA","NEON.PLA.D05.TREE.01074","TREE_048","TREE","D05",2018-10-16,"Live","single bole tree",NA,130,NA,14.7,14.4,NA,41,"Picea mariana (Mill.) Britton, Sterns & Poggenb.",8.5,37.3,"2018",95,"spruce","Picea mariana (Mill.) Britton, Sterns & Poggenb.","black spruce","Pinaceae","tree","mariana",0.608,"sw5",-2.0773,2.3323,"PiceaAbove0.35spg","conifer","Conifer",0.37,-2.1364,2.3233,2.24952,0.76318,NA,"Check",63.0215257252302,57.9958404938732,NA
"Picea","PIMA","NEON.PLA.D05.TREE.00901","TREE_048","TREE","D05",2015-08-05,"Live","single bole tree","Full sun",130,NA,10,16,NA,41,"Picea mariana (Mill.) Britton, Sterns & Poggenb.",3.1,271.7,"2015",95,"spruce","Picea mariana (Mill.) Britton, Sterns & Poggenb.","black spruce","Pinaceae","tree","mariana",0.608,"sw5",-2.0773,2.3323,"PiceaAbove0.35spg","conifer","Conifer",0.37,-2.1364,2.3233,2.24952,0.76318,NA,"Check",80.5766315940639,74.0807251016822,NA
"Picea","PIMA","NEON.PLA.D05.TREE.01185","TREE_048","TREE","D05",2018-10-16,"Dead, broken bole","small tree",NA,130,NA,3.4,8.2,NA,NA,"Picea mariana (Mill.) Britton, Sterns & Poggenb.",NA,NA,"2018",95,"spruce","Picea mariana (Mill.) Britton, Sterns & Poggenb.","black spruce","Pinaceae","tree","mariana",0.608,"sw5",-2.0773,2.3323,"PiceaAbove0.35spg","conifer","Conifer",0.37,-2.1364,2.3233,2.24952,0.76318,NA,"Check",5.31039026105653,4.93378451778951,NA
"Picea","PIGL","NEON.PLA.D05.TREE.00695","TREE_042","TREE","D05",2015-07-27,"Live","sapling","Full shade",10,NA,0.9,1.7,NA,NA,"Picea glauca (Moench) Voss",NA,NA,"2015",94,"spruce","Picea glauca (Moench) Voss","white spruce","Pinaceae","tree","glauca",0.608,"sw5",-2.0773,2.3323,"PiceaAbove0.35spg","conifer","Conifer",0.37,-2.1364,2.3233,2.24952,0.76318,1.22323088488028,"Check",0.0627963382835795,0.0593505582537283,NA
"Picea","PIGL","NEON.PLA.D05.TREE.01280","TREE_043","TREE","D05",2020-10-05,"Live","single bole tree","Partially shaded",130,NA,19,34,NA,39,"Picea glauca (Moench) Voss",11.8,45.4,"2020",94,"spruce","Picea glauca (Moench) Voss","white spruce","Pinaceae","tree","glauca",0.608,"sw5",-2.0773,2.3323,"PiceaAbove0.35spg","conifer","Conifer",0.37,-2.1364,2.3233,2.24952,0.76318,NA,"Check",467.421140726531,426.833243642538,NA
"Picea","PIGL","NEON.PLA.D05.TREE.00906","TREE_043","TREE","D05",2017-10-17,"Live","single bole tree",NA,130,NA,16.8,29.6,NA,61,"Picea glauca (Moench) Voss",2.1,202.9,"2017",94,"spruce","Picea glauca (Moench) Voss","white spruce","Pinaceae","tree","glauca",0.608,"sw5",-2.0773,2.3323,"PiceaAbove0.35spg","conifer","Conifer",0.37,-2.1364,2.3233,2.24952,0.76318,NA,"Check",338.32471951767,309.33232167886,NA
"Picea","PIGL","NEON.PLA.D05.TREE.01413","TREE_039","TREE","D05",2015-08-11,"Live","single bole tree","Partially shaded",130,NA,13.9,31.4,NA,41,"Picea glauca (Moench) Voss",11.2,76.8,"2015",94,"spruce","Picea glauca (Moench) Voss","white spruce","Pinaceae","tree","glauca",0.608,"sw5",-2.0773,2.3323,"PiceaAbove0.35spg","conifer","Conifer",0.37,-2.1364,2.3233,2.24952,0.76318,NA,"Check",388.265758073059,354.805154278119,NA
"Picea","PIGL","NEON.PLA.D05.TREE.01271","TREE_043","TREE","D05",2015-08-05,"Live","single bole tree","Full sun",130,NA,16.2,27.3,NA,57,"Picea glauca (Moench) Voss",9.3,176.2,"2015",94,"spruce","Picea glauca (Moench) Voss","white spruce","Pinaceae","tree","glauca",0.608,"sw5",-2.0773,2.3323,"PiceaAbove0.35spg","conifer","Conifer",0.37,-2.1364,2.3233,2.24952,0.76318,NA,"Check",280.157474924348,256.336202837679,NA
"Picea","PIGL","NEON.PLA.D05.TREE.00842","TREE_057","TREE","D05",2016-10-18,"Live","single bole tree",NA,130,NA,24.4,41.9,NA,25,"Picea glauca (Moench) Voss",10.8,304.3,"2016",94,"spruce","Picea glauca (Moench) Voss","white spruce","Pinaceae","tree","glauca",0.608,"sw5",-2.0773,2.3323,"PiceaAbove0.35spg","conifer","Conifer",0.37,-2.1364,2.3233,2.24952,0.76318,NA,"Check",760.90394981317,693.526576779583,NA
"Picea","PIGL","NEON.PLA.D05.TREE.00380","TREE_054","TREE","D05",2022-09-07,"Live","small tree","Full shade",130,NA,2.6,1.9,NA,NA,"Picea glauca (Moench) Voss",NA,NA,"2022",94,"spruce","Picea glauca (Moench) Voss","white spruce","Pinaceae","tree","glauca",0.608,"sw5",-2.0773,2.3323,"PiceaAbove0.35spg","conifer","Conifer",0.37,-2.1364,2.3233,2.24952,0.76318,NA,"Check",0.175378121583358,0.16509909614819,NA
"Picea","PIMA","NEON.PLA.D05.TREE.03594","TREE_002","TREE","D05",2019-10-08,"Live","single bole tree","Partially shaded",130,NA,17.7,26.4,NA,49,"Picea mariana (Mill.) Britton, Sterns & Poggenb.",11.4,134.6,"2019",95,"spruce","Picea mariana (Mill.) Britton, Sterns & Poggenb.","black spruce","Pinaceae","tree","mariana",0.608,"sw5",-2.0773,2.3323,"PiceaAbove0.35spg","conifer","Conifer",0.37,-2.1364,2.3233,2.24952,0.76318,NA,"Check",259.087769035335,237.129547278654,NA
"Picea","PIMA","NEON.PLA.D05.TREE.03593","TREE_002","TREE","D05",2019-10-08,"Live","single bole tree","Mostly shaded",130,NA,16.1,23,NA,49,"Picea mariana (Mill.) Britton, Sterns & Poggenb.",9.8,153.7,"2019",95,"spruce","Picea mariana (Mill.) Britton, Sterns & Poggenb.","black spruce","Pinaceae","tree","mariana",0.608,"sw5",-2.0773,2.3323,"PiceaAbove0.35spg","conifer","Conifer",0.37,-2.1364,2.3233,2.24952,0.76318,NA,"Check",187.844249584665,172.137523378847,NA
"Picea","PIMA","NEON.PLA.D05.TREE.01222","TREE_048","TREE","D05",2017-10-18,"Live","single bole tree",NA,130,NA,14.8,18.6,NA,41,"Picea mariana (Mill.) Britton, Sterns & Poggenb.",8.9,1.7,"2017",95,"spruce","Picea mariana (Mill.) Britton, Sterns & Poggenb.","black spruce","Pinaceae","tree","mariana",0.608,"sw5",-2.0773,2.3323,"PiceaAbove0.35spg","conifer","Conifer",0.37,-2.1364,2.3233,2.24952,0.76318,NA,"Check",114.478811642303,105.107254525821,NA
"Picea","PIMA","NEON.PLA.D05.TREE.00901","TREE_048","TREE","D05",2021-09-23,"Live","single bole tree","Mostly shaded",130,NA,11.4,15.5,NA,41,"Picea mariana (Mill.) Britton, Sterns & Poggenb.",3.1,271.7,"2021",95,"spruce","Picea mariana (Mill.) Britton, Sterns & Poggenb.","black spruce","Pinaceae","tree","mariana",0.608,"sw5",-2.0773,2.3323,"PiceaAbove0.35spg","conifer","Conifer",0.37,-2.1364,2.3233,2.24952,0.76318,NA,"Check",74.8256834593093,68.8130651664381,NA
"Picea","PIMA","NEON.PLA.D05.TREE.00902","TREE_048","TREE","D05",2016-10-19,"Live","single bole tree",NA,130,NA,13.2,11.5,NA,59,"Picea mariana (Mill.) Britton, Sterns & Poggenb.",5.3,236.3,"2016",95,"spruce","Picea mariana (Mill.) Britton, Sterns & Poggenb.","black spruce","Pinaceae","tree","mariana",0.608,"sw5",-2.0773,2.3323,"PiceaAbove0.35spg","conifer","Conifer",0.37,-2.1364,2.3233,2.24952,0.76318,NA,"Check",37.2997263660338,34.3947820153374,NA
"Picea","PIMA","NEON.PLA.D05.TREE.01138A","TREE_048","TREE","D05",2018-10-16,"Live","multi-bole tree",NA,130,NA,13.7,12.8,NA,41,"Picea mariana (Mill.) Britton, Sterns & Poggenb.",5.3,289.6,"2018",95,"spruce","Picea mariana (Mill.) Britton, Sterns & Poggenb.","black spruce","Pinaceae","tree","mariana",0.608,"sw5",-2.0773,2.3323,"PiceaAbove0.35spg","conifer","Conifer",0.37,-2.1364,2.3233,2.24952,0.76318,NA,"Check",47.8834997470011,44.1117402397511,NA
"Picea","PIMA","NEON.PLA.D05.TREE.03604","TREE_002","TREE","D05",2019-10-08,"Live, broken bole","single bole tree","Partially shaded",130,NA,10.4,29.5,NA,51,"Picea mariana (Mill.) Britton, Sterns & Poggenb.",8.1,247.1,"2019",95,"spruce","Picea mariana (Mill.) Britton, Sterns & Poggenb.","black spruce","Pinaceae","tree","mariana",0.608,"sw5",-2.0773,2.3323,"PiceaAbove0.35spg","conifer","Conifer",0.37,-2.1364,2.3233,2.24952,0.76318,NA,"Check",335.664923604843,306.909801684901,NA
"Picea","PIMA","NEON.PLA.D05.TREE.03582","TREE_002","TREE","D05",2019-10-08,"Live","single bole tree","Partially shaded",130,NA,15.9,15.9,NA,31,"Picea mariana (Mill.) Britton, Sterns & Poggenb.",9,55.1,"2019",95,"spruce","Picea mariana (Mill.) Britton, Sterns & Poggenb.","black spruce","Pinaceae","tree","mariana",0.608,"sw5",-2.0773,2.3323,"PiceaAbove0.35spg","conifer","Conifer",0.37,-2.1364,2.3233,2.24952,0.76318,NA,"Check",79.4069629067793,73.0094720225889,NA
"Picea","PIMA","NEON.PLA.D05.TREE.00143","TREE_051","TREE","D05",2018-10-09,"Live","small tree",NA,130,NA,7.4,9.1,NA,NA,"Picea mariana (Mill.) Britton, Sterns & Poggenb.",NA,NA,"2018",95,"spruce","Picea mariana (Mill.) Britton, Sterns & Poggenb.","black spruce","Pinaceae","tree","mariana",0.608,"sw5",-2.0773,2.3323,"PiceaAbove0.35spg","conifer","Conifer",0.37,-2.1364,2.3233,2.24952,0.76318,NA,"Check",6.77034235249069,6.28430596382664,NA
"Picea","PIMA","NEON.PLA.D05.TREE.01039","TREE_048","TREE","D05",2016-10-19,"Live","single bole tree",NA,130,NA,14.5,14.3,NA,41,"Picea mariana (Mill.) Britton, Sterns & Poggenb.",9,7.6,"2016",95,"spruce","Picea mariana (Mill.) Britton, Sterns & Poggenb.","black spruce","Pinaceae","tree","mariana",0.608,"sw5",-2.0773,2.3323,"PiceaAbove0.35spg","conifer","Conifer",0.37,-2.1364,2.3233,2.24952,0.76318,NA,"Check",62.0055141358375,57.0644301474305,NA
"Picea","PIMA","NEON.PLA.D05.TREE.01219","TREE_048","TREE","D05",2016-10-19,"Live, physically damaged","single bole tree",NA,130,NA,8.1,12.9,NA,61,"Picea mariana (Mill.) Britton, Sterns & Poggenb.",8,241.1,"2016",95,"spruce","Picea mariana (Mill.) Britton, Sterns & Poggenb.","black spruce","Pinaceae","tree","mariana",0.608,"sw5",-2.0773,2.3323,"PiceaAbove0.35spg","conifer","Conifer",0.37,-2.1364,2.3233,2.24952,0.76318,NA,"Check",48.7605341048323,44.9165450046233,NA
"Picea","PIMA","NEON.PLA.D05.TREE.03602","TREE_002","TREE","D05",2018-05-07,"Live","single bole tree","Partially shaded",130,NA,15.3,19.5,NA,51,"Picea mariana (Mill.) Britton, Sterns & Poggenb.",8.5,206.1,"2018",95,"spruce","Picea mariana (Mill.) Britton, Sterns & Poggenb.","black spruce","Pinaceae","tree","mariana",0.608,"sw5",-2.0773,2.3323,"PiceaAbove0.35spg","conifer","Conifer",0.37,-2.1364,2.3233,2.24952,0.76318,NA,"Check",127.816757736771,117.303421948815,NA
"Picea","PIMA","NEON.PLA.D05.TREE.03601","TREE_002","TREE","D05",2018-05-07,"Live","single bole tree","Partially shaded",130,NA,19.5,30.8,NA,51,"Picea mariana (Mill.) Britton, Sterns & Poggenb.",6.7,192.9,"2018",95,"spruce","Picea mariana (Mill.) Britton, Sterns & Poggenb.","black spruce","Pinaceae","tree","mariana",0.608,"sw5",-2.0773,2.3323,"PiceaAbove0.35spg","conifer","Conifer",0.37,-2.1364,2.3233,2.24952,0.76318,NA,"Check",371.182001144081,339.252571699278,NA
"Picea","PIMA","NEON.PLA.D05.TREE.01046","TREE_048","TREE","D05",2017-10-18,"Live","single bole tree",NA,130,NA,14,22.4,NA,41,"Picea mariana (Mill.) Britton, Sterns & Poggenb.",1.4,73.7,"2017",95,"spruce","Picea mariana (Mill.) Britton, Sterns & Poggenb.","black spruce","Pinaceae","tree","mariana",0.608,"sw5",-2.0773,2.3323,"PiceaAbove0.35spg","conifer","Conifer",0.37,-2.1364,2.3233,2.24952,0.76318,NA,"Check",176.613349024172,161.884209859736,NA
"Picea","PIMA","NEON.PLA.D05.TREE.01074","TREE_048","TREE","D05",2015-08-05,"Live","single bole tree","Full sun",130,NA,11,14.5,NA,41,"Picea mariana (Mill.) Britton, Sterns & Poggenb.",8.5,37.3,"2015",95,"spruce","Picea mariana (Mill.) Britton, Sterns & Poggenb.","black spruce","Pinaceae","tree","mariana",0.608,"sw5",-2.0773,2.3323,"PiceaAbove0.35spg","conifer","Conifer",0.37,-2.1364,2.3233,2.24952,0.76318,NA,"Check",64.0469811842236,58.9358495856271,NA
"Picea","PIMA","NEON.PLA.D05.TREE.00955A","TREE_048","TREE","D05",2016-10-19,"Live","single bole tree",NA,130,NA,NA,16.4,NA,57,"Picea mariana (Mill.) Britton, Sterns & Poggenb.",2.1,129.7,"2016",95,"spruce","Picea mariana (Mill.) Britton, Sterns & Poggenb.","black spruce","Pinaceae","tree","mariana",0.608,"sw5",-2.0773,2.3323,"PiceaAbove0.35spg","conifer","Conifer",0.37,-2.1364,2.3233,2.24952,0.76318,NA,"Check",85.3533123256992,78.454883353182,NA
"Picea","PIMA","NEON.PLA.D05.TREE.02233","TREE_015","TREE","D05",2019-10-24,"Live","single bole tree","Partially shaded",130,NA,14.5,17.9,NA,33,"Picea mariana (Mill.) Britton, Sterns & Poggenb.",9,271.8,"2019",95,"spruce","Picea mariana (Mill.) Britton, Sterns & Poggenb.","black spruce","Pinaceae","tree","mariana",0.608,"sw5",-2.0773,2.3323,"PiceaAbove0.35spg","conifer","Conifer",0.37,-2.1364,2.3233,2.24952,0.76318,NA,"Check",104.681321583967,96.1450026491995,NA
"Picea","PIMA","NEON.PLA.D05.TREE.03589","TREE_002","TREE","D05",2019-10-08,"Live","single bole tree","Partially shaded",130,NA,17.7,22,NA,31,"Picea mariana (Mill.) Britton, Sterns & Poggenb.",3,28.7,"2019",95,"spruce","Picea mariana (Mill.) Britton, Sterns & Poggenb.","black spruce","Pinaceae","tree","mariana",0.608,"sw5",-2.0773,2.3323,"PiceaAbove0.35spg","conifer","Conifer",0.37,-2.1364,2.3233,2.24952,0.76318,NA,"Check",169.345043994612,155.24723829377,NA
"Picea","PIMA","NEON.PLA.D05.TREE.01039","TREE_048","TREE","D05",2017-10-18,"Live","single bole tree",NA,130,NA,15.8,14.3,NA,41,"Picea mariana (Mill.) Britton, Sterns & Poggenb.",9,7.6,"2017",95,"spruce","Picea mariana (Mill.) Britton, Sterns & Poggenb.","black spruce","Pinaceae","tree","mariana",0.608,"sw5",-2.0773,2.3323,"PiceaAbove0.35spg","conifer","Conifer",0.37,-2.1364,2.3233,2.24952,0.76318,NA,"Check",62.0055141358375,57.0644301474305,NA
"Picea","PIMA","NEON.PLA.D05.TREE.02564","TREE_009","TREE","D05",2017-10-26,"Dead, broken bole","small tree",NA,130,NA,2.8,6.5,NA,NA,"Picea mariana (Mill.) Britton, Sterns & Poggenb.",NA,NA,"2017",95,"spruce","Picea mariana (Mill.) Britton, Sterns & Poggenb.","black spruce","Pinaceae","tree","mariana",0.608,"sw5",-2.0773,2.3323,"PiceaAbove0.35spg","conifer","Conifer",0.37,-2.1364,2.3233,2.24952,0.76318,NA,"Check",3.08884568757975,2.87579587264549,NA
"Picea","PIMA","NEON.PLA.D05.TREE.00143","TREE_051","TREE","D05",2016-09-28,"Live","small tree",NA,130,NA,6.7,9,NA,NA,"Picea mariana (Mill.) Britton, Sterns & Poggenb.",NA,NA,"2016",95,"spruce","Picea mariana (Mill.) Britton, Sterns & Poggenb.","black spruce","Pinaceae","tree","mariana",0.608,"sw5",-2.0773,2.3323,"PiceaAbove0.35spg","conifer","Conifer",0.37,-2.1364,2.3233,2.24952,0.76318,NA,"Check",6.59808939660759,6.12502797727077,NA
"Picea","PIMA","NEON.PLA.D05.TREE.02543","TREE_009","TREE","D05",2017-10-26,"Live","single bole tree","Mostly shaded",130,NA,16.2,17.7,NA,41,"Picea mariana (Mill.) Britton, Sterns & Poggenb.",4.6,286.8,"2017",95,"spruce","Picea mariana (Mill.) Britton, Sterns & Poggenb.","black spruce","Pinaceae","tree","mariana",0.608,"sw5",-2.0773,2.3323,"PiceaAbove0.35spg","conifer","Conifer",0.37,-2.1364,2.3233,2.24952,0.76318,NA,"Check",101.973686946569,93.6676357910438,NA
"Picea","PIMA","NEON.PLA.D05.TREE.03583","TREE_002","TREE","D05",2018-05-07,"Live","single bole tree","Mostly shaded",130,NA,15.9,16.8,NA,31,"Picea mariana (Mill.) Britton, Sterns & Poggenb.",7.5,48.1,"2018",95,"spruce","Picea mariana (Mill.) Britton, Sterns & Poggenb.","black spruce","Pinaceae","tree","mariana",0.608,"sw5",-2.0773,2.3323,"PiceaAbove0.35spg","conifer","Conifer",0.37,-2.1364,2.3233,2.24952,0.76318,NA,"Check",90.2877666550668,82.9725281442342,NA
"Picea","PIMA","NEON.PLA.D05.TREE.02587","TREE_009","TREE","D05",2019-10-16,"Live","single bole tree","Full shade",130,NA,14,12,NA,31,"Picea mariana (Mill.) Britton, Sterns & Poggenb.",6.6,35.5,"2019",95,"spruce","Picea mariana (Mill.) Britton, Sterns & Poggenb.","black spruce","Pinaceae","tree","mariana",0.608,"sw5",-2.0773,2.3323,"PiceaAbove0.35spg","conifer","Conifer",0.37,-2.1364,2.3233,2.24952,0.76318,NA,"Check",41.1921530926886,37.9695157036648,NA
"Picea","PIMA","NEON.PLA.D05.TREE.02566","TREE_009","TREE","D05",2017-10-26,"Live","single bole tree","Partially shaded",130,NA,12.8,11.4,NA,41,"Picea mariana (Mill.) Britton, Sterns & Poggenb.",1.3,54.3,"2017",95,"spruce","Picea mariana (Mill.) Britton, Sterns & Poggenb.","black spruce","Pinaceae","tree","mariana",0.608,"sw5",-2.0773,2.3323,"PiceaAbove0.35spg","conifer","Conifer",0.37,-2.1364,2.3233,2.24952,0.76318,NA,"Check",36.547633193836,33.7039118279286,NA
"Picea","PIMA","NEON.PLA.D05.TREE.00901","TREE_048","TREE","D05",2017-10-18,"Live","single bole tree",NA,130,NA,14,16.3,NA,41,"Picea mariana (Mill.) Britton, Sterns & Poggenb.",3.1,271.7,"2017",95,"spruce","Picea mariana (Mill.) Britton, Sterns & Poggenb.","black spruce","Pinaceae","tree","mariana",0.608,"sw5",-2.0773,2.3323,"PiceaAbove0.35spg","conifer","Conifer",0.37,-2.1364,2.3233,2.24952,0.76318,NA,"Check",84.1444008717733,77.3479361719107,NA
"Picea","PIMA","NEON.PLA.D05.TREE.01138A","TREE_048","TREE","D05",2017-10-18,"Live","multi-bole tree",NA,130,NA,NA,12.5,NA,41,"Picea mariana (Mill.) Britton, Sterns & Poggenb.",5.3,289.6,"2017",95,"spruce","Picea mariana (Mill.) Britton, Sterns & Poggenb.","black spruce","Pinaceae","tree","mariana",0.608,"sw5",-2.0773,2.3323,"PiceaAbove0.35spg","conifer","Conifer",0.37,-2.1364,2.3233,2.24952,0.76318,NA,"Check",45.3067902826582,41.7469067746161,NA
"Picea","PIMA","NEON.PLA.D05.TREE.02584","TREE_009","TREE","D05",2017-10-26,"Live","single bole tree","Partially shaded",130,NA,18,19.7,NA,31,"Picea mariana (Mill.) Britton, Sterns & Poggenb.",7.7,62.9,"2017",95,"spruce","Picea mariana (Mill.) Britton, Sterns & Poggenb.","black spruce","Pinaceae","tree","mariana",0.608,"sw5",-2.0773,2.3323,"PiceaAbove0.35spg","conifer","Conifer",0.37,-2.1364,2.3233,2.24952,0.76318,NA,"Check",130.895179202746,120.117601624994,NA
"Picea","PIMA","NEON.PLA.D05.TREE.03563","TREE_002","TREE","D05",2018-05-07,"Dead, broken bole","single bole tree","Full shade",130,NA,7.8,27.1,NA,NA,"Picea mariana (Mill.) Britton, Sterns & Poggenb.",NA,NA,"2018",95,"spruce","Picea mariana (Mill.) Britton, Sterns & Poggenb.","black spruce","Pinaceae","tree","mariana",0.608,"sw5",-2.0773,2.3323,"PiceaAbove0.35spg","conifer","Conifer",0.37,-2.1364,2.3233,2.24952,0.76318,NA,"Check",275.393921232608,251.994360929395,NA
"Picea","PIMA","NEON.PLA.D05.TREE.02585","TREE_009","TREE","D05",2017-10-26,"Live","single bole tree","Partially shaded",130,NA,18.6,22.2,NA,31,"Picea mariana (Mill.) Britton, Sterns & Poggenb.",6.6,44.6,"2017",95,"spruce","Picea mariana (Mill.) Britton, Sterns & Poggenb.","black spruce","Pinaceae","tree","mariana",0.608,"sw5",-2.0773,2.3323,"PiceaAbove0.35spg","conifer","Conifer",0.37,-2.1364,2.3233,2.24952,0.76318,NA,"Check",172.957386846629,158.545943354567,NA
"Picea","PIMA","NEON.PLA.D05.TREE.01138A","TREE_048","TREE","D05",2021-09-23,"Live","multi-bole tree",NA,130,NA,NA,12.5,NA,41,"Picea mariana (Mill.) Britton, Sterns & Poggenb.",5.3,289.6,"2021",95,"spruce","Picea mariana (Mill.) Britton, Sterns & Poggenb.","black spruce","Pinaceae","tree","mariana",0.608,"sw5",-2.0773,2.3323,"PiceaAbove0.35spg","conifer","Conifer",0.37,-2.1364,2.3233,2.24952,0.76318,NA,"Check",45.3067902826582,41.7469067746161,NA
"Picea","PIMA","NEON.PLA.D05.TREE.03593","TREE_002","TREE","D05",2018-05-07,"Live","single bole tree","Partially shaded",130,NA,16.5,22.9,NA,49,"Picea mariana (Mill.) Britton, Sterns & Poggenb.",9.8,153.7,"2018",95,"spruce","Picea mariana (Mill.) Britton, Sterns & Poggenb.","black spruce","Pinaceae","tree","mariana",0.608,"sw5",-2.0773,2.3323,"PiceaAbove0.35spg","conifer","Conifer",0.37,-2.1364,2.3233,2.24952,0.76318,NA,"Check",185.944941508893,170.403709632921,NA
"Picea","PIMA","NEON.PLA.D05.TREE.02563","TREE_009","TREE","D05",2019-10-16,"Live","single bole tree","Mostly shaded",130,NA,9.1,10,NA,41,"Picea mariana (Mill.) Britton, Sterns & Poggenb.",1,64.1,"2019",95,"spruce","Picea mariana (Mill.) Britton, Sterns & Poggenb.","black spruce","Pinaceae","tree","mariana",0.608,"sw5",-2.0773,2.3323,"PiceaAbove0.35spg","conifer","Conifer",0.37,-2.1364,2.3233,2.24952,0.76318,NA,"Check",8.43603534533767,7.82377684262104,NA
"Picea","PIMA","NEON.PLA.D05.TREE.03592","TREE_002","TREE","D05",2019-10-08,"Live","single bole tree","Partially shaded",130,NA,17.6,22.1,NA,49,"Picea mariana (Mill.) Britton, Sterns & Poggenb.",4.3,164.7,"2019",95,"spruce","Picea mariana (Mill.) Britton, Sterns & Poggenb.","black spruce","Pinaceae","tree","mariana",0.608,"sw5",-2.0773,2.3323,"PiceaAbove0.35spg","conifer","Conifer",0.37,-2.1364,2.3233,2.24952,0.76318,NA,"Check",171.145771172556,156.89165285086,NA
"Picea","PIMA","NEON.PLA.D05.TREE.01039","TREE_048","TREE","D05",2021-09-23,"Live","single bole tree","Partially shaded",130,NA,15.2,14.6,NA,41,"Picea mariana (Mill.) Britton, Sterns & Poggenb.",9,7.6,"2021",95,"spruce","Picea mariana (Mill.) Britton, Sterns & Poggenb.","black spruce","Pinaceae","tree","mariana",0.608,"sw5",-2.0773,2.3323,"PiceaAbove0.35spg","conifer","Conifer",0.37,-2.1364,2.3233,2.24952,0.76318,NA,"Check",65.0819022556437,59.8844766829879,NA
"Picea","PIMA","NEON.PLA.D05.TREE.00971","TREE_048","TREE","D05",2021-09-23,"Live","single bole tree","Full sun",130,NA,12.5,14.5,NA,41,"Picea mariana (Mill.) Britton, Sterns & Poggenb.",4.4,332.5,"2021",95,"spruce","Picea mariana (Mill.) Britton, Sterns & Poggenb.","black spruce","Pinaceae","tree","mariana",0.608,"sw5",-2.0773,2.3323,"PiceaAbove0.35spg","conifer","Conifer",0.37,-2.1364,2.3233,2.24952,0.76318,NA,"Check",64.0469811842236,58.9358495856271,NA
"Picea","PIMA","NEON.PLA.D05.TREE.01198","TREE_048","TREE","D05",2015-08-05,"Live","single bole tree","Partially shaded",130,NA,11.4,14.2,NA,59,"Picea mariana (Mill.) Britton, Sterns & Poggenb.",7.6,207.4,"2015",95,"spruce","Picea mariana (Mill.) Britton, Sterns & Poggenb.","black spruce","Pinaceae","tree","mariana",0.608,"sw5",-2.0773,2.3323,"PiceaAbove0.35spg","conifer","Conifer",0.37,-2.1364,2.3233,2.24952,0.76318,NA,"Check",60.9989245721659,56.1415991952777,NA
"Picea","PIMA","NEON.PLA.D05.TREE.01136","TREE_048","TREE","D05",2021-09-23,"Live","single bole tree","Full sun",130,NA,14.5,16.5,NA,41,"Picea mariana (Mill.) Britton, Sterns & Poggenb.",2.7,332.5,"2021",95,"spruce","Picea mariana (Mill.) Britton, Sterns & Poggenb.","black spruce","Pinaceae","tree","mariana",0.608,"sw5",-2.0773,2.3323,"PiceaAbove0.35spg","conifer","Conifer",0.37,-2.1364,2.3233,2.24952,0.76318,NA,"Check",86.5720847311769,79.5707985343682,NA
"Picea","PIMA","NEON.PLA.D05.TREE.01222","TREE_048","TREE","D05",2016-10-19,"Live","single bole tree",NA,130,NA,14.6,18.5,NA,41,"Picea mariana (Mill.) Britton, Sterns & Poggenb.",8.9,1.7,"2016",95,"spruce","Picea mariana (Mill.) Britton, Sterns & Poggenb.","black spruce","Pinaceae","tree","mariana",0.608,"sw5",-2.0773,2.3323,"PiceaAbove0.35spg","conifer","Conifer",0.37,-2.1364,2.3233,2.24952,0.76318,NA,"Check",113.048471542247,103.799042046637,NA
"Picea","PIMA","NEON.PLA.D05.TREE.02977","TREE_009","TREE","D05",2017-10-26,"Standing dead","small tree",NA,130,NA,4.2,5.2,NA,NA,"Picea mariana (Mill.) Britton, Sterns & Poggenb.",NA,NA,"2017",95,"spruce","Picea mariana (Mill.) Britton, Sterns & Poggenb.","black spruce","Pinaceae","tree","mariana",0.608,"sw5",-2.0773,2.3323,"PiceaAbove0.35spg","conifer","Conifer",0.37,-2.1364,2.3233,2.24952,0.76318,NA,"Check",1.83557861347292,1.71240711187107,NA
"Picea","PIMA","NEON.PLA.D05.TREE.03587","TREE_002","TREE","D05",2018-05-07,"Live","single bole tree","Partially shaded",130,NA,17.4,20.1,NA,31,"Picea mariana (Mill.) Britton, Sterns & Poggenb.",10.1,35.8,"2018",95,"spruce","Picea mariana (Mill.) Britton, Sterns & Poggenb.","black spruce","Pinaceae","tree","mariana",0.608,"sw5",-2.0773,2.3323,"PiceaAbove0.35spg","conifer","Conifer",0.37,-2.1364,2.3233,2.24952,0.76318,NA,"Check",137.177927583208,125.860272895209,NA
"Picea","PIMA","NEON.PLA.D05.TREE.01262","TREE_048","TREE","D05",2018-10-16,"Live","single bole tree",NA,130,NA,9.6,14.7,NA,59,"Picea mariana (Mill.) Britton, Sterns & Poggenb.",6.5,166.2,"2018",95,"spruce","Picea mariana (Mill.) Britton, Sterns & Poggenb.","black spruce","Pinaceae","tree","mariana",0.608,"sw5",-2.0773,2.3323,"PiceaAbove0.35spg","conifer","Conifer",0.37,-2.1364,2.3233,2.24952,0.76318,NA,"Check",66.1263105824222,60.8417409565732,NA
"Picea","PIMA","NEON.PLA.D05.TREE.00942","TREE_048","TREE","D05",2016-10-19,"Live","single bole tree",NA,130,NA,16.8,20,NA,57,"Picea mariana (Mill.) Britton, Sterns & Poggenb.",9,160.3,"2016",95,"spruce","Picea mariana (Mill.) Britton, Sterns & Poggenb.","black spruce","Pinaceae","tree","mariana",0.608,"sw5",-2.0773,2.3323,"PiceaAbove0.35spg","conifer","Conifer",0.37,-2.1364,2.3233,2.24952,0.76318,NA,"Check",135.591458296699,124.410277213357,NA
"Picea","PIMA","NEON.PLA.D05.TREE.02572","TREE_009","TREE","D05",2017-10-26,"Dead, broken bole","single bole tree",NA,130,NA,6.9,17.4,NA,41,"Picea mariana (Mill.) Britton, Sterns & Poggenb.",3.4,113.6,"2017",95,"spruce","Picea mariana (Mill.) Britton, Sterns & Poggenb.","black spruce","Pinaceae","tree","mariana",0.608,"sw5",-2.0773,2.3323,"PiceaAbove0.35spg","conifer","Conifer",0.37,-2.1364,2.3233,2.24952,0.76318,NA,"Check",97.9880430926372,90.0204827107928,NA
"Picea","PIMA","NEON.PLA.D05.TREE.00143","TREE_051","TREE","D05",2015-08-03,"Live","small tree","Mostly shaded",130,NA,6.1,8.4,NA,NA,"Picea mariana (Mill.) Britton, Sterns & Poggenb.",NA,NA,"2015",95,"spruce","Picea mariana (Mill.) Britton, Sterns & Poggenb.","black spruce","Pinaceae","tree","mariana",0.608,"sw5",-2.0773,2.3323,"PiceaAbove0.35spg","conifer","Conifer",0.37,-2.1364,2.3233,2.24952,0.76318,NA,"Check",5.61739508020533,5.21788520055551,NA
"Picea","PIMA","NEON.PLA.D05.TREE.00143","TREE_051","TREE","D05",2017-09-26,"Live","small tree",NA,130,NA,7.1,8.9,NA,NA,"Picea mariana (Mill.) Britton, Sterns & Poggenb.",NA,NA,"2017",95,"spruce","Picea mariana (Mill.) Britton, Sterns & Poggenb.","black spruce","Pinaceae","tree","mariana",0.608,"sw5",-2.0773,2.3323,"PiceaAbove0.35spg","conifer","Conifer",0.37,-2.1364,2.3233,2.24952,0.76318,NA,"Check",6.42836759505168,5.96807479118772,NA
"Picea","PIMA","NEON.PLA.D05.TREE.01138","TREE_048","TREE","D05",2017-10-18,"Live","multi-bole tree",NA,130,NA,13.6,13.7,NA,41,"Picea mariana (Mill.) Britton, Sterns & Poggenb.",5.3,289.6,"2017",95,"spruce","Picea mariana (Mill.) Britton, Sterns & Poggenb.","black spruce","Pinaceae","tree","mariana",0.608,"sw5",-2.0773,2.3323,"PiceaAbove0.35spg","conifer","Conifer",0.37,-2.1364,2.3233,2.24952,0.76318,NA,"Check",56.1065353793348,51.6554515762862,NA
"Picea","PIMA","NEON.PLA.D05.TREE.01138","TREE_048","TREE","D05",2015-08-05,"Live","multi-bole tree","Partially shaded",130,NA,10.9,13.7,NA,41,"Picea mariana (Mill.) Britton, Sterns & Poggenb.",5.3,289.6,"2015",95,"spruce","Picea mariana (Mill.) Britton, Sterns & Poggenb.","black spruce","Pinaceae","tree","mariana",0.608,"sw5",-2.0773,2.3323,"PiceaAbove0.35spg","conifer","Conifer",0.37,-2.1364,2.3233,2.24952,0.76318,NA,"Check",56.1065353793348,51.6554515762862,NA
"Picea","PIMA","NEON.PLA.D05.TREE.01220","TREE_048","TREE","D05",2017-10-18,"Live","single bole tree",NA,130,NA,14.1,18.8,NA,41,"Picea mariana (Mill.) Britton, Sterns & Poggenb.",5.9,15.7,"2017",95,"spruce","Picea mariana (Mill.) Britton, Sterns & Poggenb.","black spruce","Pinaceae","tree","mariana",0.608,"sw5",-2.0773,2.3323,"PiceaAbove0.35spg","conifer","Conifer",0.37,-2.1364,2.3233,2.24952,0.76318,NA,"Check",117.370356735653,107.751717193744,NA
"Picea","PIMA","NEON.PLA.D05.TREE.01219","TREE_048","TREE","D05",2015-08-05,"Live","single bole tree","Partially shaded",130,NA,11.1,12.8,NA,61,"Picea mariana (Mill.) Britton, Sterns & Poggenb.",8,241.1,"2015",95,"spruce","Picea mariana (Mill.) Britton, Sterns & Poggenb.","black spruce","Pinaceae","tree","mariana",0.608,"sw5",-2.0773,2.3323,"PiceaAbove0.35spg","conifer","Conifer",0.37,-2.1364,2.3233,2.24952,0.76318,NA,"Check",47.8834997470011,44.1117402397511,NA
"Picea","PIMA","NEON.PLA.D05.TREE.01128","TREE_048","TREE","D05",2017-10-18,"Live","single bole tree",NA,130,NA,13.2,11.4,NA,41,"Picea mariana (Mill.) Britton, Sterns & Poggenb.",5.9,340.6,"2017",95,"spruce","Picea mariana (Mill.) Britton, Sterns & Poggenb.","black spruce","Pinaceae","tree","mariana",0.608,"sw5",-2.0773,2.3323,"PiceaAbove0.35spg","conifer","Conifer",0.37,-2.1364,2.3233,2.24952,0.76318,NA,"Check",36.547633193836,33.7039118279286,NA
"Picea","PIMA","NEON.PLA.D05.TREE.02655","TREE_012","TREE","D05",2019-10-17,"Standing dead","single bole tree","Mostly shaded",130,NA,11,11.6,NA,51,"Picea mariana (Mill.) Britton, Sterns & Poggenb.",7.5,212.4,"2019",95,"spruce","Picea mariana (Mill.) Britton, Sterns & Poggenb.","black spruce","Pinaceae","tree","mariana",0.608,"sw5",-2.0773,2.3323,"PiceaAbove0.35spg","conifer","Conifer",0.37,-2.1364,2.3233,2.24952,0.76318,NA,"Check",38.0605834056345,35.0936479652679,NA
"Picea","PIMA","NEON.PLA.D05.TREE.02654","TREE_012","TREE","D05",2017-10-30,"Live","single bole tree","Mostly shaded",130,NA,17.1,21.7,NA,41,"Picea mariana (Mill.) Britton, Sterns & Poggenb.",5.8,69.3,"2017",95,"spruce","Picea mariana (Mill.) Britton, Sterns & Poggenb.","black spruce","Pinaceae","tree","mariana",0.608,"sw5",-2.0773,2.3323,"PiceaAbove0.35spg","conifer","Conifer",0.37,-2.1364,2.3233,2.24952,0.76318,NA,"Check",164.008029218049,150.373105382069,NA
"Picea","PIMA","NEON.PLA.D05.TREE.02584","TREE_009","TREE","D05",2019-10-16,"Live","single bole tree","Full sun",130,NA,18.6,19.9,NA,31,"Picea mariana (Mill.) Britton, Sterns & Poggenb.",7.7,62.9,"2019",95,"spruce","Picea mariana (Mill.) Britton, Sterns & Poggenb.","black spruce","Pinaceae","tree","mariana",0.608,"sw5",-2.0773,2.3323,"PiceaAbove0.35spg","conifer","Conifer",0.37,-2.1364,2.3233,2.24952,0.76318,NA,"Check",134.015522167729,122.969843772247,NA
"Picea","PIMA","NEON.PLA.D05.TREE.03594","TREE_002","TREE","D05",2018-05-07,"Live","single bole tree","Partially shaded",130,NA,15.8,26.3,NA,49,"Picea mariana (Mill.) Britton, Sterns & Poggenb.",11.4,134.6,"2018",95,"spruce","Picea mariana (Mill.) Britton, Sterns & Poggenb.","black spruce","Pinaceae","tree","mariana",0.608,"sw5",-2.0773,2.3323,"PiceaAbove0.35spg","conifer","Conifer",0.37,-2.1364,2.3233,2.24952,0.76318,NA,"Check",256.804639144787,235.047945421744,NA
"Picea","PIMA","NEON.PLA.D05.TREE.02959","TREE_009","TREE","D05",2017-10-26,"Live","small tree",NA,130,NA,5.2,5,NA,NA,"Picea mariana (Mill.) Britton, Sterns & Poggenb.",NA,NA,"2017",95,"spruce","Picea mariana (Mill.) Britton, Sterns & Poggenb.","black spruce","Pinaceae","tree","mariana",0.608,"sw5",-2.0773,2.3323,"PiceaAbove0.35spg","conifer","Conifer",0.37,-2.1364,2.3233,2.24952,0.76318,NA,"Check",1.67512080189317,1.56326809957847,NA
"Picea","PIMA","NEON.PLA.D05.TREE.03563","TREE_002","TREE","D05",2019-10-08,"Standing dead","single bole tree","Mostly shaded",130,NA,9.4,26.9,NA,NA,"Picea mariana (Mill.) Britton, Sterns & Poggenb.",NA,NA,"2019",95,"spruce","Picea mariana (Mill.) Britton, Sterns & Poggenb.","black spruce","Pinaceae","tree","mariana",0.608,"sw5",-2.0773,2.3323,"PiceaAbove0.35spg","conifer","Conifer",0.37,-2.1364,2.3233,2.24952,0.76318,NA,"Check",270.676975679841,247.694715421601,NA
"Picea","PIMA","NEON.PLA.D05.TREE.00955","TREE_048","TREE","D05",2017-10-18,"Live","multi-bole tree",NA,130,NA,13.4,15.9,NA,57,"Picea mariana (Mill.) Britton, Sterns & Poggenb.",2.1,129.7,"2017",95,"spruce","Picea mariana (Mill.) Britton, Sterns & Poggenb.","black spruce","Pinaceae","tree","mariana",0.608,"sw5",-2.0773,2.3323,"PiceaAbove0.35spg","conifer","Conifer",0.37,-2.1364,2.3233,2.24952,0.76318,NA,"Check",79.4069629067793,73.0094720225889,NA
"Picea","PIMA","NEON.PLA.D05.TREE.01203","TREE_048","TREE","D05",2018-10-16,"Live","single bole tree",NA,130,NA,14,15.5,NA,43,"Picea mariana (Mill.) Britton, Sterns & Poggenb.",8.2,301,"2018",95,"spruce","Picea mariana (Mill.) Britton, Sterns & Poggenb.","black spruce","Pinaceae","tree","mariana",0.608,"sw5",-2.0773,2.3323,"PiceaAbove0.35spg","conifer","Conifer",0.37,-2.1364,2.3233,2.24952,0.76318,NA,"Check",74.8256834593093,68.8130651664381,NA
"Picea","PIMA","NEON.PLA.D05.TREE.01222","TREE_048","TREE","D05",2015-08-05,"Live","single bole tree","Partially shaded",130,NA,12.1,19.6,NA,41,"Picea mariana (Mill.) Britton, Sterns & Poggenb.",8.9,1.7,"2015",95,"spruce","Picea mariana (Mill.) Britton, Sterns & Poggenb.","black spruce","Pinaceae","tree","mariana",0.608,"sw5",-2.0773,2.3323,"PiceaAbove0.35spg","conifer","Conifer",0.37,-2.1364,2.3233,2.24952,0.76318,NA,"Check",129.350737129112,118.705761792917,NA
"Picea","PIMA","NEON.PLA.D05.TREE.02564","TREE_009","TREE","D05",2019-10-16,"Dead, broken bole","small tree",NA,130,NA,3.2,6.7,NA,NA,"Picea mariana (Mill.) Britton, Sterns & Poggenb.",NA,NA,"2019",95,"spruce","Picea mariana (Mill.) Britton, Sterns & Poggenb.","black spruce","Pinaceae","tree","mariana",0.608,"sw5",-2.0773,2.3323,"PiceaAbove0.35spg","conifer","Conifer",0.37,-2.1364,2.3233,2.24952,0.76318,NA,"Check",3.31506961645154,3.08557454939388,NA
"Picea","PIMA","NEON.PLA.D05.TREE.02565","TREE_009","TREE","D05",2017-10-26,"Live","small tree",NA,130,NA,10.7,8,NA,NA,"Picea mariana (Mill.) Britton, Sterns & Poggenb.",NA,NA,"2017",95,"spruce","Picea mariana (Mill.) Britton, Sterns & Poggenb.","black spruce","Pinaceae","tree","mariana",0.608,"sw5",-2.0773,2.3323,"PiceaAbove0.35spg","conifer","Conifer",0.37,-2.1364,2.3233,2.24952,0.76318,NA,"Check",5.01320157386583,4.65870725889591,NA
"Picea","PIMA","NEON.PLA.D05.TREE.01198","TREE_048","TREE","D05",2021-09-23,"Live","single bole tree","Partially shaded",130,NA,15.5,14.1,NA,59,"Picea mariana (Mill.) Britton, Sterns & Poggenb.",7.6,207.4,"2021",95,"spruce","Picea mariana (Mill.) Britton, Sterns & Poggenb.","black spruce","Pinaceae","tree","mariana",0.608,"sw5",-2.0773,2.3323,"PiceaAbove0.35spg","conifer","Conifer",0.37,-2.1364,2.3233,2.24952,0.76318,NA,"Check",60.0017350881006,55.227328194602,NA
"Picea","PIMA","NEON.PLA.D05.TREE.01136","TREE_048","TREE","D05",2015-08-05,"Live","single bole tree","Partially shaded",130,NA,12.1,16.5,NA,41,"Picea mariana (Mill.) Britton, Sterns & Poggenb.",2.7,332.5,"2015",95,"spruce","Picea mariana (Mill.) Britton, Sterns & Poggenb.","black spruce","Pinaceae","tree","mariana",0.608,"sw5",-2.0773,2.3323,"PiceaAbove0.35spg","conifer","Conifer",0.37,-2.1364,2.3233,2.24952,0.76318,NA,"Check",86.5720847311769,79.5707985343682,NA
"Picea","PIMA","NEON.PLA.D05.TREE.01138A","TREE_048","TREE","D05",2016-10-19,"Live","multi-bole tree",NA,130,NA,NA,12.7,NA,41,"Picea mariana (Mill.) Britton, Sterns & Poggenb.",5.3,289.6,"2016",95,"spruce","Picea mariana (Mill.) Britton, Sterns & Poggenb.","black spruce","Pinaceae","tree","mariana",0.608,"sw5",-2.0773,2.3323,"PiceaAbove0.35spg","conifer","Conifer",0.37,-2.1364,2.3233,2.24952,0.76318,NA,"Check",47.0155467701548,43.315212940272,NA
"Picea","PIMA","NEON.PLA.D05.TREE.01185","TREE_048","TREE","D05",2021-09-23,"Dead, broken bole","small tree","Full shade",130,NA,3.2,8.2,NA,NA,"Picea mariana (Mill.) Britton, Sterns & Poggenb.",NA,NA,"2021",95,"spruce","Picea mariana (Mill.) Britton, Sterns & Poggenb.","black spruce","Pinaceae","tree","mariana",0.608,"sw5",-2.0773,2.3323,"PiceaAbove0.35spg","conifer","Conifer",0.37,-2.1364,2.3233,2.24952,0.76318,NA,"Check",5.31039026105653,4.93378451778951,NA
"Picea","PIMA","NEON.PLA.D05.TREE.03590","TREE_002","TREE","D05",2018-05-07,"Live","single bole tree","Partially shaded",130,NA,16.6,18.4,NA,31,"Picea mariana (Mill.) Britton, Sterns & Poggenb.",1.5,11.1,"2018",95,"spruce","Picea mariana (Mill.) Britton, Sterns & Poggenb.","black spruce","Pinaceae","tree","mariana",0.608,"sw5",-2.0773,2.3323,"PiceaAbove0.35spg","conifer","Conifer",0.37,-2.1364,2.3233,2.24952,0.76318,NA,"Check",111.628395224771,102.500153803562,NA
"Picea","PIMA","NEON.PLA.D05.TREE.00994","TREE_048","TREE","D05",2015-08-05,"Live","single bole tree","Partially shaded",130,NA,10.5,17.7,NA,41,"Picea mariana (Mill.) Britton, Sterns & Poggenb.",7.8,339.2,"2015",95,"spruce","Picea mariana (Mill.) Britton, Sterns & Poggenb.","black spruce","Pinaceae","tree","mariana",0.608,"sw5",-2.0773,2.3323,"PiceaAbove0.35spg","conifer","Conifer",0.37,-2.1364,2.3233,2.24952,0.76318,NA,"Check",101.973686946569,93.6676357910438,NA
"Picea","PIMA","NEON.PLA.D05.TREE.03592","TREE_002","TREE","D05",2018-05-07,"Live","single bole tree","Partially shaded",130,NA,16.6,22.1,NA,49,"Picea mariana (Mill.) Britton, Sterns & Poggenb.",4.3,164.7,"2018",95,"spruce","Picea mariana (Mill.) Britton, Sterns & Poggenb.","black spruce","Pinaceae","tree","mariana",0.608,"sw5",-2.0773,2.3323,"PiceaAbove0.35spg","conifer","Conifer",0.37,-2.1364,2.3233,2.24952,0.76318,NA,"Check",171.145771172556,156.89165285086,NA
"Picea","PIMA","NEON.PLA.D05.TREE.01136","TREE_048","TREE","D05",2017-10-18,"Live","single bole tree",NA,130,NA,19.2,16.3,NA,41,"Picea mariana (Mill.) Britton, Sterns & Poggenb.",2.7,332.5,"2017",95,"spruce","Picea mariana (Mill.) Britton, Sterns & Poggenb.","black spruce","Pinaceae","tree","mariana",0.608,"sw5",-2.0773,2.3323,"PiceaAbove0.35spg","conifer","Conifer",0.37,-2.1364,2.3233,2.24952,0.76318,NA,"Check",84.1444008717733,77.3479361719107,NA
"Picea","PIMA","NEON.PLA.D05.TREE.01039","TREE_048","TREE","D05",2018-10-16,"Live","single bole tree",NA,130,NA,15.2,14.3,NA,41,"Picea mariana (Mill.) Britton, Sterns & Poggenb.",9,7.6,"2018",95,"spruce","Picea mariana (Mill.) Britton, Sterns & Poggenb.","black spruce","Pinaceae","tree","mariana",0.608,"sw5",-2.0773,2.3323,"PiceaAbove0.35spg","conifer","Conifer",0.37,-2.1364,2.3233,2.24952,0.76318,NA,"Check",62.0055141358375,57.0644301474305,NA
"Picea","PIMA","NEON.PLA.D05.TREE.00907","TREE_048","TREE","D05",2015-08-05,"Live,  other damage","single bole tree","Mostly shaded",130,NA,13,16,NA,59,"Picea mariana (Mill.) Britton, Sterns & Poggenb.",3.3,236.6,"2015",95,"spruce","Picea mariana (Mill.) Britton, Sterns & Poggenb.","black spruce","Pinaceae","tree","mariana",0.608,"sw5",-2.0773,2.3323,"PiceaAbove0.35spg","conifer","Conifer",0.37,-2.1364,2.3233,2.24952,0.76318,NA,"Check",80.5766315940639,74.0807251016822,NA
"Picea","PIMA","NEON.PLA.D05.TREE.03590","TREE_002","TREE","D05",2019-10-08,"Live","single bole tree","Partially shaded",130,NA,15.3,18.5,NA,31,"Picea mariana (Mill.) Britton, Sterns & Poggenb.",1.5,11.1,"2019",95,"spruce","Picea mariana (Mill.) Britton, Sterns & Poggenb.","black spruce","Pinaceae","tree","mariana",0.608,"sw5",-2.0773,2.3323,"PiceaAbove0.35spg","conifer","Conifer",0.37,-2.1364,2.3233,2.24952,0.76318,NA,"Check",113.048471542247,103.799042046637,NA
"Picea","PIMA","NEON.PLA.D05.TREE.01198","TREE_048","TREE","D05",2016-10-19,"Live","single bole tree",NA,130,NA,14.8,14,NA,59,"Picea mariana (Mill.) Britton, Sterns & Poggenb.",7.6,207.4,"2016",95,"spruce","Picea mariana (Mill.) Britton, Sterns & Poggenb.","black spruce","Pinaceae","tree","mariana",0.608,"sw5",-2.0773,2.3323,"PiceaAbove0.35spg","conifer","Conifer",0.37,-2.1364,2.3233,2.24952,0.76318,NA,"Check",59.0139236340881,54.3215976097128,NA
"Picea","PIMA","NEON.PLA.D05.TREE.00901","TREE_048","TREE","D05",2016-10-19,"Live","single bole tree",NA,130,NA,11.4,16,NA,41,"Picea mariana (Mill.) Britton, Sterns & Poggenb.",3.1,271.7,"2016",95,"spruce","Picea mariana (Mill.) Britton, Sterns & Poggenb.","black spruce","Pinaceae","tree","mariana",0.608,"sw5",-2.0773,2.3323,"PiceaAbove0.35spg","conifer","Conifer",0.37,-2.1364,2.3233,2.24952,0.76318,NA,"Check",80.5766315940639,74.0807251016822,NA
"Picea","PIMA","NEON.PLA.D05.TREE.01138","TREE_048","TREE","D05",2016-10-19,"Live","multi-bole tree",NA,130,NA,13.4,13.8,NA,41,"Picea mariana (Mill.) Britton, Sterns & Poggenb.",5.3,289.6,"2016",95,"spruce","Picea mariana (Mill.) Britton, Sterns & Poggenb.","black spruce","Pinaceae","tree","mariana",0.608,"sw5",-2.0773,2.3323,"PiceaAbove0.35spg","conifer","Conifer",0.37,-2.1364,2.3233,2.24952,0.76318,NA,"Check",57.066346093433,52.5356790734763,NA
"Picea","PIMA","NEON.PLA.D05.TREE.00934","TREE_048","TREE","D05",2015-08-05,"Live","single bole tree","Partially shaded",130,NA,11,13.8,NA,59,"Picea mariana (Mill.) Britton, Sterns & Poggenb.",7.1,240.1,"2015",95,"spruce","Picea mariana (Mill.) Britton, Sterns & Poggenb.","black spruce","Pinaceae","tree","mariana",0.608,"sw5",-2.0773,2.3323,"PiceaAbove0.35spg","conifer","Conifer",0.37,-2.1364,2.3233,2.24952,0.76318,NA,"Check",57.066346093433,52.5356790734763,NA
"Picea","PIMA","NEON.PLA.D05.TREE.01168","TREE_048","TREE","D05",2015-08-05,"Live","single bole tree","Partially shaded",130,NA,9.8,11.9,NA,57,"Picea mariana (Mill.) Britton, Sterns & Poggenb.",5.2,127.1,"2015",95,"spruce","Picea mariana (Mill.) Britton, Sterns & Poggenb.","black spruce","Pinaceae","tree","mariana",0.608,"sw5",-2.0773,2.3323,"PiceaAbove0.35spg","conifer","Conifer",0.37,-2.1364,2.3233,2.24952,0.76318,NA,"Check",40.3959895143994,37.2384438691449,NA
"Picea","PIMA","NEON.PLA.D05.TREE.02578","TREE_009","TREE","D05",2017-10-26,"Live","single bole tree","Mostly shaded",130,NA,13.1,17.8,NA,33,"Picea mariana (Mill.) Britton, Sterns & Poggenb.",7,288.8,"2017",95,"spruce","Picea mariana (Mill.) Britton, Sterns & Poggenb.","black spruce","Pinaceae","tree","mariana",0.608,"sw5",-2.0773,2.3323,"PiceaAbove0.35spg","conifer","Conifer",0.37,-2.1364,2.3233,2.24952,0.76318,NA,"Check",103.322437732794,94.9017148798137,NA
"Picea","PIMA","NEON.PLA.D05.TREE.00791","TREE_051","TREE","D05",2015-08-03,"Live","small tree","Full shade",130,NA,3,3.5,NA,NA,"Picea mariana (Mill.) Britton, Sterns & Poggenb.",NA,NA,"2015",95,"spruce","Picea mariana (Mill.) Britton, Sterns & Poggenb.","black spruce","Pinaceae","tree","mariana",0.608,"sw5",-2.0773,2.3323,"PiceaAbove0.35spg","conifer","Conifer",0.37,-2.1364,2.3233,2.24952,0.76318,NA,"Check",0.729068426010156,0.682574000826077,NA
"Picea","PIMA","NEON.PLA.D05.TREE.03598","TREE_002","TREE","D05",2019-10-08,"Live","single bole tree","Partially shaded",130,NA,16,17.2,NA,51,"Picea mariana (Mill.) Britton, Sterns & Poggenb.",10.1,195.3,"2019",95,"spruce","Picea mariana (Mill.) Britton, Sterns & Poggenb.","black spruce","Pinaceae","tree","mariana",0.608,"sw5",-2.0773,2.3323,"PiceaAbove0.35spg","conifer","Conifer",0.37,-2.1364,2.3233,2.24952,0.76318,NA,"Check",95.3812631268412,87.6347817805764,NA
"Picea","PIMA","NEON.PLA.D05.TREE.01044","TREE_048","TREE","D05",2021-09-23,"Live","single bole tree","Partially shaded",130,NA,13.6,12.8,NA,41,"Picea mariana (Mill.) Britton, Sterns & Poggenb.",8.2,12.8,"2021",95,"spruce","Picea mariana (Mill.) Britton, Sterns & Poggenb.","black spruce","Pinaceae","tree","mariana",0.608,"sw5",-2.0773,2.3323,"PiceaAbove0.35spg","conifer","Conifer",0.37,-2.1364,2.3233,2.24952,0.76318,NA,"Check",47.8834997470011,44.1117402397511,NA
"Picea","PIMA","NEON.PLA.D05.TREE.00940","TREE_048","TREE","D05",2017-10-18,"Live","single bole tree",NA,130,NA,10.9,11.5,NA,57,"Picea mariana (Mill.) Britton, Sterns & Poggenb.",6.5,143.5,"2017",95,"spruce","Picea mariana (Mill.) Britton, Sterns & Poggenb.","black spruce","Pinaceae","tree","mariana",0.608,"sw5",-2.0773,2.3323,"PiceaAbove0.35spg","conifer","Conifer",0.37,-2.1364,2.3233,2.24952,0.76318,NA,"Check",37.2997263660338,34.3947820153374,NA
"Picea","PIMA","NEON.PLA.D05.TREE.00940","TREE_048","TREE","D05",2021-09-23,"Live","single bole tree","Mostly shaded",130,NA,10.8,12.3,NA,57,"Picea mariana (Mill.) Britton, Sterns & Poggenb.",6.5,143.5,"2021",95,"spruce","Picea mariana (Mill.) Britton, Sterns & Poggenb.","black spruce","Pinaceae","tree","mariana",0.608,"sw5",-2.0773,2.3323,"PiceaAbove0.35spg","conifer","Conifer",0.37,-2.1364,2.3233,2.24952,0.76318,NA,"Check",43.6340740327904,40.211457452921,NA
"Picea","PIMA","NEON.PLA.D05.TREE.01044","TREE_048","TREE","D05",2018-10-16,"Live","single bole tree",NA,130,NA,13.5,12.3,NA,41,"Picea mariana (Mill.) Britton, Sterns & Poggenb.",8.2,12.8,"2018",95,"spruce","Picea mariana (Mill.) Britton, Sterns & Poggenb.","black spruce","Pinaceae","tree","mariana",0.608,"sw5",-2.0773,2.3323,"PiceaAbove0.35spg","conifer","Conifer",0.37,-2.1364,2.3233,2.24952,0.76318,NA,"Check",43.6340740327904,40.211457452921,NA
"Picea","PIMA","NEON.PLA.D05.TREE.01128","TREE_048","TREE","D05",2016-10-19,"Live","single bole tree",NA,130,NA,13.3,11.3,NA,41,"Picea mariana (Mill.) Britton, Sterns & Poggenb.",5.9,340.6,"2016",95,"spruce","Picea mariana (Mill.) Britton, Sterns & Poggenb.","black spruce","Pinaceae","tree","mariana",0.608,"sw5",-2.0773,2.3323,"PiceaAbove0.35spg","conifer","Conifer",0.37,-2.1364,2.3233,2.24952,0.76318,NA,"Check",35.8042784911861,33.0210148578667,NA
"Picea","PIMA","NEON.PLA.D05.TREE.05198","TREE_012","TREE","D05",2019-10-17,"Standing dead","single bole tree","Mostly shaded",130,NA,7.5,10,NA,41,"Picea mariana (Mill.) Britton, Sterns & Poggenb.",6.9,167.2,"2019",95,"spruce","Picea mariana (Mill.) Britton, Sterns & Poggenb.","black spruce","Pinaceae","tree","mariana",0.608,"sw5",-2.0773,2.3323,"PiceaAbove0.35spg","conifer","Conifer",0.37,-2.1364,2.3233,2.24952,0.76318,NA,"Check",8.43603534533767,7.82377684262104,NA
"Picea","PIMA","NEON.PLA.D05.TREE.01197","TREE_048","TREE","D05",2017-10-18,"Live","single bole tree",NA,130,NA,13.5,17.4,NA,39,"Picea mariana (Mill.) Britton, Sterns & Poggenb.",11,54.9,"2017",95,"spruce","Picea mariana (Mill.) Britton, Sterns & Poggenb.","black spruce","Pinaceae","tree","mariana",0.608,"sw5",-2.0773,2.3323,"PiceaAbove0.35spg","conifer","Conifer",0.37,-2.1364,2.3233,2.24952,0.76318,NA,"Check",97.9880430926372,90.0204827107928,NA
"Picea","PIMA","NEON.PLA.D05.TREE.01138","TREE_048","TREE","D05",2018-10-16,"Live","multi-bole tree",NA,130,NA,13.7,13.8,NA,41,"Picea mariana (Mill.) Britton, Sterns & Poggenb.",5.3,289.6,"2018",95,"spruce","Picea mariana (Mill.) Britton, Sterns & Poggenb.","black spruce","Pinaceae","tree","mariana",0.608,"sw5",-2.0773,2.3323,"PiceaAbove0.35spg","conifer","Conifer",0.37,-2.1364,2.3233,2.24952,0.76318,NA,"Check",57.066346093433,52.5356790734763,NA
"Picea","PIMA","NEON.PLA.D05.TREE.01199","TREE_048","TREE","D05",2021-09-23,"Live","single bole tree","Partially shaded",130,NA,15.2,20.4,NA,59,"Picea mariana (Mill.) Britton, Sterns & Poggenb.",5.4,198,"2021",95,"spruce","Picea mariana (Mill.) Britton, Sterns & Poggenb.","black spruce","Pinaceae","tree","mariana",0.608,"sw5",-2.0773,2.3323,"PiceaAbove0.35spg","conifer","Conifer",0.37,-2.1364,2.3233,2.24952,0.76318,NA,"Check",142.000708816295,130.267787439602,NA
"Picea","PIMA","NEON.PLA.D05.TREE.01220","TREE_048","TREE","D05",2015-08-05,"Live","single bole tree","Full sun",130,NA,13.8,18.8,NA,41,"Picea mariana (Mill.) Britton, Sterns & Poggenb.",5.9,15.7,"2015",95,"spruce","Picea mariana (Mill.) Britton, Sterns & Poggenb.","black spruce","Pinaceae","tree","mariana",0.608,"sw5",-2.0773,2.3323,"PiceaAbove0.35spg","conifer","Conifer",0.37,-2.1364,2.3233,2.24952,0.76318,NA,"Check",117.370356735653,107.751717193744,NA
"Picea","PIMA","NEON.PLA.D05.TREE.01238","TREE_048","TREE","D05",2016-10-19,"Live","single bole tree",NA,130,NA,13.3,15,NA,61,"Picea mariana (Mill.) Britton, Sterns & Poggenb.",6.8,183,"2016",95,"spruce","Picea mariana (Mill.) Britton, Sterns & Poggenb.","black spruce","Pinaceae","tree","mariana",0.608,"sw5",-2.0773,2.3323,"PiceaAbove0.35spg","conifer","Conifer",0.37,-2.1364,2.3233,2.24952,0.76318,NA,"Check",69.3166740495764,63.7655472171204,NA
"Picea","PIMA","NEON.PLA.D05.TREE.01238","TREE_048","TREE","D05",2015-08-05,"Live","single bole tree","Partially shaded",130,NA,11.6,15.1,NA,61,"Picea mariana (Mill.) Britton, Sterns & Poggenb.",6.8,183,"2015",95,"spruce","Picea mariana (Mill.) Britton, Sterns & Poggenb.","black spruce","Pinaceae","tree","mariana",0.608,"sw5",-2.0773,2.3323,"PiceaAbove0.35spg","conifer","Conifer",0.37,-2.1364,2.3233,2.24952,0.76318,NA,"Check",70.3992458686397,64.7575501437825,NA
"Picea","PIMA","NEON.PLA.D05.TREE.01238","TREE_048","TREE","D05",2017-10-18,"Live","single bole tree",NA,130,NA,12.7,15,NA,61,"Picea mariana (Mill.) Britton, Sterns & Poggenb.",6.8,183,"2017",95,"spruce","Picea mariana (Mill.) Britton, Sterns & Poggenb.","black spruce","Pinaceae","tree","mariana",0.608,"sw5",-2.0773,2.3323,"PiceaAbove0.35spg","conifer","Conifer",0.37,-2.1364,2.3233,2.24952,0.76318,NA,"Check",69.3166740495764,63.7655472171204,NA
"Picea","PIMA","NEON.PLA.D05.TREE.01222","TREE_048","TREE","D05",2021-09-23,"Live","single bole tree","Partially shaded",130,NA,14.6,19,NA,41,"Picea mariana (Mill.) Britton, Sterns & Poggenb.",8.9,1.7,"2021",95,"spruce","Picea mariana (Mill.) Britton, Sterns & Poggenb.","black spruce","Pinaceae","tree","mariana",0.608,"sw5",-2.0773,2.3323,"PiceaAbove0.35spg","conifer","Conifer",0.37,-2.1364,2.3233,2.24952,0.76318,NA,"Check",120.303176939898,110.433671222264,NA
"Picea","PIMA","NEON.PLA.D05.TREE.01221","TREE_048","TREE","D05",2015-08-05,"Live","single bole tree","Partially shaded",130,NA,12,16.2,NA,61,"Picea mariana (Mill.) Britton, Sterns & Poggenb.",9.1,246.3,"2015",95,"spruce","Picea mariana (Mill.) Britton, Sterns & Poggenb.","black spruce","Pinaceae","tree","mariana",0.608,"sw5",-2.0773,2.3323,"PiceaAbove0.35spg","conifer","Conifer",0.37,-2.1364,2.3233,2.24952,0.76318,NA,"Check",82.9453303480515,76.249939274891,NA
"Picea","PIMA","NEON.PLA.D05.TREE.02544","TREE_009","TREE","D05",2017-10-26,"Standing dead","single bole tree",NA,130,NA,18.2,18.9,NA,41,"Picea mariana (Mill.) Britton, Sterns & Poggenb.",5,290.3,"2017",95,"spruce","Picea mariana (Mill.) Britton, Sterns & Poggenb.","black spruce","Pinaceae","tree","mariana",0.608,"sw5",-2.0773,2.3323,"PiceaAbove0.35spg","conifer","Conifer",0.37,-2.1364,2.3233,2.24952,0.76318,NA,"Check",118.831598337426,109.087999735953,NA
"Picea","PIMA","NEON.PLA.D05.TREE.03591","TREE_002","TREE","D05",2019-10-08,"Live","single bole tree","Mostly shaded",130,NA,15.2,19.2,NA,31,"Picea mariana (Mill.) Britton, Sterns & Poggenb.",1.3,38.8,"2019",95,"spruce","Picea mariana (Mill.) Britton, Sterns & Poggenb.","black spruce","Pinaceae","tree","mariana",0.608,"sw5",-2.0773,2.3323,"PiceaAbove0.35spg","conifer","Conifer",0.37,-2.1364,2.3233,2.24952,0.76318,NA,"Check",123.277417653583,113.15324509796,NA
"Picea","PIMA","NEON.PLA.D05.TREE.03586","TREE_002","TREE","D05",2018-05-07,"Live","single bole tree","Partially shaded",130,NA,17.4,19.4,NA,31,"Picea mariana (Mill.) Britton, Sterns & Poggenb.",9.1,38.4,"2018",95,"spruce","Picea mariana (Mill.) Britton, Sterns & Poggenb.","black spruce","Pinaceae","tree","mariana",0.608,"sw5",-2.0773,2.3323,"PiceaAbove0.35spg","conifer","Conifer",0.37,-2.1364,2.3233,2.24952,0.76318,NA,"Check",126.293223256858,115.91056639538,NA
"Picea","PIMA","NEON.PLA.D05.TREE.01013","TREE_048","TREE","D05",2015-08-05,"Live","single bole tree","Full sun",130,NA,11.2,15.1,NA,41,"Picea mariana (Mill.) Britton, Sterns & Poggenb.",6.4,37.7,"2015",95,"spruce","Picea mariana (Mill.) Britton, Sterns & Poggenb.","black spruce","Pinaceae","tree","mariana",0.608,"sw5",-2.0773,2.3323,"PiceaAbove0.35spg","conifer","Conifer",0.37,-2.1364,2.3233,2.24952,0.76318,NA,"Check",70.3992458686397,64.7575501437825,NA
"Picea","PIMA","NEON.PLA.D05.TREE.01046","TREE_048","TREE","D05",2016-10-19,"Live","single bole tree",NA,130,NA,14.1,22.4,NA,41,"Picea mariana (Mill.) Britton, Sterns & Poggenb.",1.4,73.7,"2016",95,"spruce","Picea mariana (Mill.) Britton, Sterns & Poggenb.","black spruce","Pinaceae","tree","mariana",0.608,"sw5",-2.0773,2.3323,"PiceaAbove0.35spg","conifer","Conifer",0.37,-2.1364,2.3233,2.24952,0.76318,NA,"Check",176.613349024172,161.884209859736,NA
"Picea","PIMA","NEON.PLA.D05.TREE.02554","TREE_009","TREE","D05",2017-10-26,"Live","single bole tree","Mostly shaded",130,NA,11.8,11.6,NA,51,"Picea mariana (Mill.) Britton, Sterns & Poggenb.",10.2,252.7,"2017",95,"spruce","Picea mariana (Mill.) Britton, Sterns & Poggenb.","black spruce","Pinaceae","tree","mariana",0.608,"sw5",-2.0773,2.3323,"PiceaAbove0.35spg","conifer","Conifer",0.37,-2.1364,2.3233,2.24952,0.76318,NA,"Check",38.0605834056345,35.0936479652679,NA
"Picea","PIMA","NEON.PLA.D05.TREE.01074","TREE_048","TREE","D05",2017-10-18,"Live","single bole tree",NA,130,NA,14.9,14.4,NA,41,"Picea mariana (Mill.) Britton, Sterns & Poggenb.",8.5,37.3,"2017",95,"spruce","Picea mariana (Mill.) Britton, Sterns & Poggenb.","black spruce","Pinaceae","tree","mariana",0.608,"sw5",-2.0773,2.3323,"PiceaAbove0.35spg","conifer","Conifer",0.37,-2.1364,2.3233,2.24952,0.76318,NA,"Check",63.0215257252302,57.9958404938732,NA
"Picea","PIMA","NEON.PLA.D05.TREE.02585","TREE_009","TREE","D05",2019-10-16,"Live","single bole tree","Full sun",130,NA,19.3,22.2,NA,31,"Picea mariana (Mill.) Britton, Sterns & Poggenb.",6.6,44.6,"2019",95,"spruce","Picea mariana (Mill.) Britton, Sterns & Poggenb.","black spruce","Pinaceae","tree","mariana",0.608,"sw5",-2.0773,2.3323,"PiceaAbove0.35spg","conifer","Conifer",0.37,-2.1364,2.3233,2.24952,0.76318,NA,"Check",172.957386846629,158.545943354567,NA
"Picea","PIMA","NEON.PLA.D05.TREE.02543","TREE_009","TREE","D05",2019-10-16,"Standing dead","single bole tree","Mostly shaded",130,NA,15.9,17.5,NA,41,"Picea mariana (Mill.) Britton, Sterns & Poggenb.",4.6,286.8,"2019",95,"spruce","Picea mariana (Mill.) Britton, Sterns & Poggenb.","black spruce","Pinaceae","tree","mariana",0.608,"sw5",-2.0773,2.3323,"PiceaAbove0.35spg","conifer","Conifer",0.37,-2.1364,2.3233,2.24952,0.76318,NA,"Check",99.3065086868876,91.2270365607331,NA
"Picea","PIMA","NEON.PLA.D05.TREE.00955","TREE_048","TREE","D05",2015-08-05,"Live","multi-bole tree","Partially shaded",130,NA,12,16.3,NA,57,"Picea mariana (Mill.) Britton, Sterns & Poggenb.",2.1,129.7,"2015",95,"spruce","Picea mariana (Mill.) Britton, Sterns & Poggenb.","black spruce","Pinaceae","tree","mariana",0.608,"sw5",-2.0773,2.3323,"PiceaAbove0.35spg","conifer","Conifer",0.37,-2.1364,2.3233,2.24952,0.76318,NA,"Check",84.1444008717733,77.3479361719107,NA
"Picea","PIMA","NEON.PLA.D05.TREE.02587","TREE_009","TREE","D05",2017-10-26,"Live","single bole tree","Mostly shaded",130,NA,12.2,11.8,NA,31,"Picea mariana (Mill.) Britton, Sterns & Poggenb.",6.6,35.5,"2017",95,"spruce","Picea mariana (Mill.) Britton, Sterns & Poggenb.","black spruce","Pinaceae","tree","mariana",0.608,"sw5",-2.0773,2.3323,"PiceaAbove0.35spg","conifer","Conifer",0.37,-2.1364,2.3233,2.24952,0.76318,NA,"Check",39.6086899453712,36.5154566739034,NA
"Picea","PIMA","NEON.PLA.D05.TREE.01220","TREE_048","TREE","D05",2021-09-23,"Live","single bole tree","Partially shaded",130,NA,14.2,19.1,NA,41,"Picea mariana (Mill.) Britton, Sterns & Poggenb.",5.9,15.7,"2021",95,"spruce","Picea mariana (Mill.) Britton, Sterns & Poggenb.","black spruce","Pinaceae","tree","mariana",0.608,"sw5",-2.0773,2.3323,"PiceaAbove0.35spg","conifer","Conifer",0.37,-2.1364,2.3233,2.24952,0.76318,NA,"Check",121.785110685641,111.788747684619,NA
"Picea","PIMA","NEON.PLA.D05.TREE.01168","TREE_048","TREE","D05",2016-10-19,"Live","single bole tree",NA,130,NA,10.7,11.8,NA,57,"Picea mariana (Mill.) Britton, Sterns & Poggenb.",5.2,127.1,"2016",95,"spruce","Picea mariana (Mill.) Britton, Sterns & Poggenb.","black spruce","Pinaceae","tree","mariana",0.608,"sw5",-2.0773,2.3323,"PiceaAbove0.35spg","conifer","Conifer",0.37,-2.1364,2.3233,2.24952,0.76318,NA,"Check",39.6086899453712,36.5154566739034,NA
"Picea","PIMA","NEON.PLA.D05.TREE.02565","TREE_009","TREE","D05",2019-10-16,"Live","small tree",NA,130,NA,10.1,8.2,NA,NA,"Picea mariana (Mill.) Britton, Sterns & Poggenb.",NA,NA,"2019",95,"spruce","Picea mariana (Mill.) Britton, Sterns & Poggenb.","black spruce","Pinaceae","tree","mariana",0.608,"sw5",-2.0773,2.3323,"PiceaAbove0.35spg","conifer","Conifer",0.37,-2.1364,2.3233,2.24952,0.76318,NA,"Check",5.31039026105653,4.93378451778951,NA
"Picea","PIMA","NEON.PLA.D05.TREE.02566","TREE_009","TREE","D05",2019-10-16,"Live","single bole tree","Partially shaded",130,NA,13.3,11.5,NA,41,"Picea mariana (Mill.) Britton, Sterns & Poggenb.",1.3,54.3,"2019",95,"spruce","Picea mariana (Mill.) Britton, Sterns & Poggenb.","black spruce","Pinaceae","tree","mariana",0.608,"sw5",-2.0773,2.3323,"PiceaAbove0.35spg","conifer","Conifer",0.37,-2.1364,2.3233,2.24952,0.76318,NA,"Check",37.2997263660338,34.3947820153374,NA
"Picea","PIMA","NEON.PLA.D05.TREE.00907","TREE_048","TREE","D05",2017-10-18,"Live","single bole tree",NA,130,NA,12.4,15.8,NA,59,"Picea mariana (Mill.) Britton, Sterns & Poggenb.",3.3,236.6,"2017",95,"spruce","Picea mariana (Mill.) Britton, Sterns & Poggenb.","black spruce","Pinaceae","tree","mariana",0.608,"sw5",-2.0773,2.3323,"PiceaAbove0.35spg","conifer","Conifer",0.37,-2.1364,2.3233,2.24952,0.76318,NA,"Check",78.247054233923,71.9470976203715,NA
"Picea","PIMA","NEON.PLA.D05.TREE.01210","TREE_048","TREE","D05",2021-09-23,"Live","single bole tree","Mostly shaded",130,NA,10,15.5,NA,41,"Picea mariana (Mill.) Britton, Sterns & Poggenb.",9,25.5,"2021",95,"spruce","Picea mariana (Mill.) Britton, Sterns & Poggenb.","black spruce","Pinaceae","tree","mariana",0.608,"sw5",-2.0773,2.3323,"PiceaAbove0.35spg","conifer","Conifer",0.37,-2.1364,2.3233,2.24952,0.76318,NA,"Check",74.8256834593093,68.8130651664381,NA
"Picea","PIMA","NEON.PLA.D05.TREE.01168","TREE_048","TREE","D05",2018-10-16,"Live","single bole tree",NA,130,NA,8.9,12,NA,57,"Picea mariana (Mill.) Britton, Sterns & Poggenb.",5.2,127.1,"2018",95,"spruce","Picea mariana (Mill.) Britton, Sterns & Poggenb.","black spruce","Pinaceae","tree","mariana",0.608,"sw5",-2.0773,2.3323,"PiceaAbove0.35spg","conifer","Conifer",0.37,-2.1364,2.3233,2.24952,0.76318,NA,"Check",41.1921530926886,37.9695157036648,NA
"Picea","PIMA","NEON.PLA.D05.TREE.02583","TREE_009","TREE","D05",2019-10-16,"Live","single bole tree","Partially shaded",130,NA,16.9,22.6,NA,31,"Picea mariana (Mill.) Britton, Sterns & Poggenb.",9.1,89.1,"2019",95,"spruce","Picea mariana (Mill.) Britton, Sterns & Poggenb.","black spruce","Pinaceae","tree","mariana",0.608,"sw5",-2.0773,2.3323,"PiceaAbove0.35spg","conifer","Conifer",0.37,-2.1364,2.3233,2.24952,0.76318,NA,"Check",180.313060720514,165.262152688004,NA
"Picea","PIMA","NEON.PLA.D05.TREE.01168","TREE_048","TREE","D05",2017-10-18,"Live","single bole tree",NA,130,NA,10.8,11.9,NA,57,"Picea mariana (Mill.) Britton, Sterns & Poggenb.",5.2,127.1,"2017",95,"spruce","Picea mariana (Mill.) Britton, Sterns & Poggenb.","black spruce","Pinaceae","tree","mariana",0.608,"sw5",-2.0773,2.3323,"PiceaAbove0.35spg","conifer","Conifer",0.37,-2.1364,2.3233,2.24952,0.76318,NA,"Check",40.3959895143994,37.2384438691449,NA
"Picea","PIMA","NEON.PLA.D05.TREE.02654","TREE_012","TREE","D05",2019-10-17,"Standing dead","single bole tree","Partially shaded",130,NA,18.4,21.9,NA,41,"Picea mariana (Mill.) Britton, Sterns & Poggenb.",5.8,69.3,"2019",95,"spruce","Picea mariana (Mill.) Britton, Sterns & Poggenb.","black spruce","Pinaceae","tree","mariana",0.608,"sw5",-2.0773,2.3323,"PiceaAbove0.35spg","conifer","Conifer",0.37,-2.1364,2.3233,2.24952,0.76318,NA,"Check",167.555188915804,153.612685213605,NA
"Picea","PIMA","NEON.PLA.D05.TREE.00940","TREE_048","TREE","D05",2016-10-19,"Live","single bole tree",NA,130,NA,10.9,11.3,NA,57,"Picea mariana (Mill.) Britton, Sterns & Poggenb.",6.5,143.5,"2016",95,"spruce","Picea mariana (Mill.) Britton, Sterns & Poggenb.","black spruce","Pinaceae","tree","mariana",0.608,"sw5",-2.0773,2.3323,"PiceaAbove0.35spg","conifer","Conifer",0.37,-2.1364,2.3233,2.24952,0.76318,NA,"Check",35.8042784911861,33.0210148578667,NA
"Picea","PIMA","NEON.PLA.D05.TREE.01210","TREE_048","TREE","D05",2015-08-05,"Live","single bole tree","Partially shaded",130,NA,9.5,15,NA,41,"Picea mariana (Mill.) Britton, Sterns & Poggenb.",9,25.5,"2015",95,"spruce","Picea mariana (Mill.) Britton, Sterns & Poggenb.","black spruce","Pinaceae","tree","mariana",0.608,"sw5",-2.0773,2.3323,"PiceaAbove0.35spg","conifer","Conifer",0.37,-2.1364,2.3233,2.24952,0.76318,NA,"Check",69.3166740495764,63.7655472171204,NA
"Picea","PIMA","NEON.PLA.D05.TREE.00984","TREE_048","TREE","D05",2018-10-16,"Live","single bole tree",NA,130,NA,11.9,11.9,NA,41,"Picea mariana (Mill.) Britton, Sterns & Poggenb.",2.9,266.3,"2018",95,"spruce","Picea mariana (Mill.) Britton, Sterns & Poggenb.","black spruce","Pinaceae","tree","mariana",0.608,"sw5",-2.0773,2.3323,"PiceaAbove0.35spg","conifer","Conifer",0.37,-2.1364,2.3233,2.24952,0.76318,NA,"Check",40.3959895143994,37.2384438691449,NA
"Picea","PIMA","NEON.PLA.D05.TREE.01138","TREE_048","TREE","D05",2021-09-23,"Live","multi-bole tree","Partially shaded",130,NA,13.4,14.1,NA,41,"Picea mariana (Mill.) Britton, Sterns & Poggenb.",5.3,289.6,"2021",95,"spruce","Picea mariana (Mill.) Britton, Sterns & Poggenb.","black spruce","Pinaceae","tree","mariana",0.608,"sw5",-2.0773,2.3323,"PiceaAbove0.35spg","conifer","Conifer",0.37,-2.1364,2.3233,2.24952,0.76318,NA,"Check",60.0017350881006,55.227328194602,NA
"Picea","PIMA","NEON.PLA.D05.TREE.03582","TREE_002","TREE","D05",2018-05-07,"Live","single bole tree","Partially shaded",130,NA,15.7,16.3,NA,31,"Picea mariana (Mill.) Britton, Sterns & Poggenb.",9,55.1,"2018",95,"spruce","Picea mariana (Mill.) Britton, Sterns & Poggenb.","black spruce","Pinaceae","tree","mariana",0.608,"sw5",-2.0773,2.3323,"PiceaAbove0.35spg","conifer","Conifer",0.37,-2.1364,2.3233,2.24952,0.76318,NA,"Check",84.1444008717733,77.3479361719107,NA
"Picea","PIMA","NEON.PLA.D05.TREE.03393","TREE_002","TREE","D05",2019-10-08,"Live","single bole tree","Full shade",130,NA,11,12.7,NA,31,"Picea mariana (Mill.) Britton, Sterns & Poggenb.",2.1,6,"2019",95,"spruce","Picea mariana (Mill.) Britton, Sterns & Poggenb.","black spruce","Pinaceae","tree","mariana",0.608,"sw5",-2.0773,2.3323,"PiceaAbove0.35spg","conifer","Conifer",0.37,-2.1364,2.3233,2.24952,0.76318,NA,"Check",47.0155467701548,43.315212940272,NA
"Picea","PIMA","NEON.PLA.D05.TREE.01222","TREE_048","TREE","D05",2018-10-16,"Live","single bole tree",NA,130,NA,13.9,18.5,NA,41,"Picea mariana (Mill.) Britton, Sterns & Poggenb.",8.9,1.7,"2018",95,"spruce","Picea mariana (Mill.) Britton, Sterns & Poggenb.","black spruce","Pinaceae","tree","mariana",0.608,"sw5",-2.0773,2.3323,"PiceaAbove0.35spg","conifer","Conifer",0.37,-2.1364,2.3233,2.24952,0.76318,NA,"Check",113.048471542247,103.799042046637,NA
"Picea","PIMA","NEON.PLA.D05.TREE.01177","TREE_048","TREE","D05",2017-10-18,"Live","single bole tree",NA,130,NA,9.4,10.8,NA,41,"Picea mariana (Mill.) Britton, Sterns & Poggenb.",5.1,285.1,"2017",95,"spruce","Picea mariana (Mill.) Britton, Sterns & Poggenb.","black spruce","Pinaceae","tree","mariana",0.608,"sw5",-2.0773,2.3323,"PiceaAbove0.35spg","conifer","Conifer",0.37,-2.1364,2.3233,2.24952,0.76318,NA,"Check",32.2176825271974,29.7253296772787,NA
"Picea","PIMA","NEON.PLA.D05.TREE.02573","TREE_009","TREE","D05",2019-10-16,"Live","single bole tree","Partially shaded",130,NA,15.6,15.8,NA,33,"Picea mariana (Mill.) Britton, Sterns & Poggenb.",9.7,334.8,"2019",95,"spruce","Picea mariana (Mill.) Britton, Sterns & Poggenb.","black spruce","Pinaceae","tree","mariana",0.608,"sw5",-2.0773,2.3323,"PiceaAbove0.35spg","conifer","Conifer",0.37,-2.1364,2.3233,2.24952,0.76318,NA,"Check",78.247054233923,71.9470976203715,NA
"Picea","PIMA","NEON.PLA.D05.TREE.02562","TREE_009","TREE","D05",2017-10-26,"Standing dead","small tree",NA,130,NA,9.9,6,NA,NA,"Picea mariana (Mill.) Britton, Sterns & Poggenb.",NA,NA,"2017",95,"spruce","Picea mariana (Mill.) Britton, Sterns & Poggenb.","black spruce","Pinaceae","tree","mariana",0.608,"sw5",-2.0773,2.3323,"PiceaAbove0.35spg","conifer","Conifer",0.37,-2.1364,2.3233,2.24952,0.76318,NA,"Check",2.56283444256563,2.38778519220256,NA
"Picea","PIMA","NEON.PLA.D05.TREE.01136","TREE_048","TREE","D05",2018-10-16,"Live","single bole tree",NA,130,NA,14.1,16.2,NA,41,"Picea mariana (Mill.) Britton, Sterns & Poggenb.",2.7,332.5,"2018",95,"spruce","Picea mariana (Mill.) Britton, Sterns & Poggenb.","black spruce","Pinaceae","tree","mariana",0.608,"sw5",-2.0773,2.3323,"PiceaAbove0.35spg","conifer","Conifer",0.37,-2.1364,2.3233,2.24952,0.76318,NA,"Check",82.9453303480515,76.249939274891,NA
"Picea","PIMA","NEON.PLA.D05.TREE.01203","TREE_048","TREE","D05",2021-09-23,"Live, broken bole","single bole tree","Mostly shaded",130,NA,10.2,15.4,NA,43,"Picea mariana (Mill.) Britton, Sterns & Poggenb.",8.2,301,"2021",95,"spruce","Picea mariana (Mill.) Britton, Sterns & Poggenb.","black spruce","Pinaceae","tree","mariana",0.608,"sw5",-2.0773,2.3323,"PiceaAbove0.35spg","conifer","Conifer",0.37,-2.1364,2.3233,2.24952,0.76318,NA,"Check",73.7046095650156,67.7860237715791,NA
"Picea","PIMA","NEON.PLA.D05.TREE.01046","TREE_048","TREE","D05",2015-08-05,"Live","single bole tree","Full sun",130,NA,12.6,22.4,NA,41,"Picea mariana (Mill.) Britton, Sterns & Poggenb.",1.4,73.7,"2015",95,"spruce","Picea mariana (Mill.) Britton, Sterns & Poggenb.","black spruce","Pinaceae","tree","mariana",0.608,"sw5",-2.0773,2.3323,"PiceaAbove0.35spg","conifer","Conifer",0.37,-2.1364,2.3233,2.24952,0.76318,NA,"Check",176.613349024172,161.884209859736,NA
"Picea","PIMA","NEON.PLA.D05.TREE.01046","TREE_048","TREE","D05",2018-10-16,"Live","single bole tree",NA,130,NA,14.8,22.3,NA,41,"Picea mariana (Mill.) Britton, Sterns & Poggenb.",1.4,73.7,"2018",95,"spruce","Picea mariana (Mill.) Britton, Sterns & Poggenb.","black spruce","Pinaceae","tree","mariana",0.608,"sw5",-2.0773,2.3323,"PiceaAbove0.35spg","conifer","Conifer",0.37,-2.1364,2.3233,2.24952,0.76318,NA,"Check",174.779907364357,160.210124230343,NA
"Picea","PIMA","NEON.PLA.D05.TREE.00942","TREE_048","TREE","D05",2018-10-16,"Live","single bole tree",NA,130,NA,17,20.2,NA,57,"Picea mariana (Mill.) Britton, Sterns & Poggenb.",9,160.3,"2018",95,"spruce","Picea mariana (Mill.) Britton, Sterns & Poggenb.","black spruce","Pinaceae","tree","mariana",0.608,"sw5",-2.0773,2.3323,"PiceaAbove0.35spg","conifer","Conifer",0.37,-2.1364,2.3233,2.24952,0.76318,NA,"Check",138.774947499012,127.319846249131,NA
"Picea","PIMA","NEON.PLA.D05.TREE.01203","TREE_048","TREE","D05",2017-10-18,"Live","single bole tree",NA,130,NA,14,15.6,NA,43,"Picea mariana (Mill.) Britton, Sterns & Poggenb.",8.2,301,"2017",95,"spruce","Picea mariana (Mill.) Britton, Sterns & Poggenb.","black spruce","Pinaceae","tree","mariana",0.608,"sw5",-2.0773,2.3323,"PiceaAbove0.35spg","conifer","Conifer",0.37,-2.1364,2.3233,2.24952,0.76318,NA,"Check",75.956435081385,69.8489124011362,NA
"Picea","PIMA","NEON.PLA.D05.TREE.01292","TREE_048","TREE","D05",2021-09-23,"Live","single bole tree","Mostly shaded",130,NA,8.6,10.2,NA,61,"Picea mariana (Mill.) Britton, Sterns & Poggenb.",9.2,248.7,"2021",95,"spruce","Picea mariana (Mill.) Britton, Sterns & Poggenb.","black spruce","Pinaceae","tree","mariana",0.608,"sw5",-2.0773,2.3323,"PiceaAbove0.35spg","conifer","Conifer",0.37,-2.1364,2.3233,2.24952,0.76318,NA,"Check",28.1966980322354,26.0287940982193,NA
"Picea","PIMA","NEON.PLA.D05.TREE.00971","TREE_048","TREE","D05",2018-10-16,"Live","single bole tree",NA,130,NA,12.7,13.8,NA,41,"Picea mariana (Mill.) Britton, Sterns & Poggenb.",4.4,332.5,"2018",95,"spruce","Picea mariana (Mill.) Britton, Sterns & Poggenb.","black spruce","Pinaceae","tree","mariana",0.608,"sw5",-2.0773,2.3323,"PiceaAbove0.35spg","conifer","Conifer",0.37,-2.1364,2.3233,2.24952,0.76318,NA,"Check",57.066346093433,52.5356790734763,NA
"Picea","PIMA","NEON.PLA.D05.TREE.02572","TREE_009","TREE","D05",2019-10-16,"Dead, broken bole","single bole tree","Mostly shaded",130,NA,6.7,17.6,NA,41,"Picea mariana (Mill.) Britton, Sterns & Poggenb.",3.4,113.6,"2019",95,"spruce","Picea mariana (Mill.) Britton, Sterns & Poggenb.","black spruce","Pinaceae","tree","mariana",0.608,"sw5",-2.0773,2.3323,"PiceaAbove0.35spg","conifer","Conifer",0.37,-2.1364,2.3233,2.24952,0.76318,NA,"Check",100.63505027268,92.442748625283,NA
"Picea","PIMA","NEON.PLA.D05.TREE.01177","TREE_048","TREE","D05",2016-10-19,"Live","single bole tree",NA,130,NA,8.2,10.4,NA,41,"Picea mariana (Mill.) Britton, Sterns & Poggenb.",5.1,285.1,"2016",95,"spruce","Picea mariana (Mill.) Britton, Sterns & Poggenb.","black spruce","Pinaceae","tree","mariana",0.608,"sw5",-2.0773,2.3323,"PiceaAbove0.35spg","conifer","Conifer",0.37,-2.1364,2.3233,2.24952,0.76318,NA,"Check",29.5030509985451,27.2299488821606,NA
"Picea","PIMA","NEON.PLA.D05.TREE.01044","TREE_048","TREE","D05",2015-08-05,"Live","single bole tree","Full sun",130,NA,16.9,23.2,NA,41,"Picea mariana (Mill.) Britton, Sterns & Poggenb.",8.2,12.8,"2015",95,"spruce","Picea mariana (Mill.) Britton, Sterns & Poggenb.","black spruce","Pinaceae","tree","mariana",0.608,"sw5",-2.0773,2.3323,"PiceaAbove0.35spg","conifer","Conifer",0.37,-2.1364,2.3233,2.24952,0.76318,NA,"Check",191.675983314893,175.635177579453,NA
"Picea","PIMA","NEON.PLA.D05.TREE.01292","TREE_048","TREE","D05",2015-08-05,"Live","single bole tree","Partially shaded",130,NA,8,10.2,NA,61,"Picea mariana (Mill.) Britton, Sterns & Poggenb.",9.2,248.7,"2015",95,"spruce","Picea mariana (Mill.) Britton, Sterns & Poggenb.","black spruce","Pinaceae","tree","mariana",0.608,"sw5",-2.0773,2.3323,"PiceaAbove0.35spg","conifer","Conifer",0.37,-2.1364,2.3233,2.24952,0.76318,NA,"Check",28.1966980322354,26.0287940982193,NA
"Picea","PIMA","NEON.PLA.D05.TREE.02554","TREE_009","TREE","D05",2019-10-16,"Live","single bole tree","Mostly shaded",130,NA,11.4,11.7,NA,51,"Picea mariana (Mill.) Britton, Sterns & Poggenb.",10.2,252.7,"2019",95,"spruce","Picea mariana (Mill.) Britton, Sterns & Poggenb.","black spruce","Pinaceae","tree","mariana",0.608,"sw5",-2.0773,2.3323,"PiceaAbove0.35spg","conifer","Conifer",0.37,-2.1364,2.3233,2.24952,0.76318,NA,"Check",38.8302295634529,35.8005320906156,NA
"Picea","PIMA","NEON.PLA.D05.TREE.01034","TREE_048","TREE","D05",2021-09-23,"Live","single bole tree","Partially shaded",130,NA,17.6,23.5,NA,43,"Picea mariana (Mill.) Britton, Sterns & Poggenb.",9.6,303.5,"2021",95,"spruce","Picea mariana (Mill.) Britton, Sterns & Poggenb.","black spruce","Pinaceae","tree","mariana",0.608,"sw5",-2.0773,2.3323,"PiceaAbove0.35spg","conifer","Conifer",0.37,-2.1364,2.3233,2.24952,0.76318,NA,"Check",197.506615947488,180.956935665637,NA
"Picea","PIMA","NEON.PLA.D05.TREE.01014","TREE_048","TREE","D05",2015-08-05,"Live","single bole tree","Full sun",130,NA,9.9,13.7,NA,41,"Picea mariana (Mill.) Britton, Sterns & Poggenb.",0.8,355,"2015",95,"spruce","Picea mariana (Mill.) Britton, Sterns & Poggenb.","black spruce","Pinaceae","tree","mariana",0.608,"sw5",-2.0773,2.3323,"PiceaAbove0.35spg","conifer","Conifer",0.37,-2.1364,2.3233,2.24952,0.76318,NA,"Check",56.1065353793348,51.6554515762862,NA
"Picea","PIMA","NEON.PLA.D05.TREE.01014","TREE_048","TREE","D05",2021-09-23,"Live","single bole tree","Partially shaded",130,NA,13.6,13.5,NA,41,"Picea mariana (Mill.) Britton, Sterns & Poggenb.",0.8,355,"2021",95,"spruce","Picea mariana (Mill.) Britton, Sterns & Poggenb.","black spruce","Pinaceae","tree","mariana",0.608,"sw5",-2.0773,2.3323,"PiceaAbove0.35spg","conifer","Conifer",0.37,-2.1364,2.3233,2.24952,0.76318,NA,"Check",54.2147576832264,49.9203605301196,NA
"Picea","PIMA","NEON.PLA.D05.TREE.01185","TREE_048","TREE","D05",2017-10-18,"Dead, broken bole","small tree",NA,130,NA,3.3,8.3,NA,NA,"Picea mariana (Mill.) Britton, Sterns & Poggenb.",NA,NA,"2017",95,"spruce","Picea mariana (Mill.) Britton, Sterns & Poggenb.","black spruce","Pinaceae","tree","mariana",0.608,"sw5",-2.0773,2.3323,"PiceaAbove0.35spg","conifer","Conifer",0.37,-2.1364,2.3233,2.24952,0.76318,NA,"Check",5.46266069158946,5.07470249306608,NA
"Picea","PIMA","NEON.PLA.D05.TREE.01185","TREE_048","TREE","D05",2015-08-05,"Standing dead","single bole tree","Full shade",130,NA,4.8,7.6,NA,NA,"Picea mariana (Mill.) Britton, Sterns & Poggenb.",NA,NA,"2015",95,"spruce","Picea mariana (Mill.) Britton, Sterns & Poggenb.","black spruce","Pinaceae","tree","mariana",0.608,"sw5",-2.0773,2.3323,"PiceaAbove0.35spg","conifer","Conifer",0.37,-2.1364,2.3233,2.24952,0.76318,NA,"Check",4.44795036171418,4.13533477517606,NA
"Picea","PIMA","NEON.PLA.D05.TREE.00971","TREE_048","TREE","D05",2017-10-18,"Live","single bole tree",NA,130,NA,12.5,13.8,NA,41,"Picea mariana (Mill.) Britton, Sterns & Poggenb.",4.4,332.5,"2017",95,"spruce","Picea mariana (Mill.) Britton, Sterns & Poggenb.","black spruce","Pinaceae","tree","mariana",0.608,"sw5",-2.0773,2.3323,"PiceaAbove0.35spg","conifer","Conifer",0.37,-2.1364,2.3233,2.24952,0.76318,NA,"Check",57.066346093433,52.5356790734763,NA
"Picea","PIMA","NEON.PLA.D05.TREE.02573","TREE_009","TREE","D05",2017-10-26,"Live","single bole tree","Mostly shaded",130,NA,15.1,15.8,NA,33,"Picea mariana (Mill.) Britton, Sterns & Poggenb.",9.7,334.8,"2017",95,"spruce","Picea mariana (Mill.) Britton, Sterns & Poggenb.","black spruce","Pinaceae","tree","mariana",0.608,"sw5",-2.0773,2.3323,"PiceaAbove0.35spg","conifer","Conifer",0.37,-2.1364,2.3233,2.24952,0.76318,NA,"Check",78.247054233923,71.9470976203715,NA
"Picea","PIMA","NEON.PLA.D05.TREE.01199","TREE_048","TREE","D05",2016-10-19,"Live","single bole tree",NA,130,NA,15.1,20,NA,59,"Picea mariana (Mill.) Britton, Sterns & Poggenb.",5.4,198,"2016",95,"spruce","Picea mariana (Mill.) Britton, Sterns & Poggenb.","black spruce","Pinaceae","tree","mariana",0.608,"sw5",-2.0773,2.3323,"PiceaAbove0.35spg","conifer","Conifer",0.37,-2.1364,2.3233,2.24952,0.76318,NA,"Check",135.591458296699,124.410277213357,NA
"Picea","PIMA","NEON.PLA.D05.TREE.00940","TREE_048","TREE","D05",2015-08-05,"Live","single bole tree","Mostly shaded",130,NA,10.5,11.9,NA,57,"Picea mariana (Mill.) Britton, Sterns & Poggenb.",6.5,143.5,"2015",95,"spruce","Picea mariana (Mill.) Britton, Sterns & Poggenb.","black spruce","Pinaceae","tree","mariana",0.608,"sw5",-2.0773,2.3323,"PiceaAbove0.35spg","conifer","Conifer",0.37,-2.1364,2.3233,2.24952,0.76318,NA,"Check",40.3959895143994,37.2384438691449,NA
"Picea","PIMA","NEON.PLA.D05.TREE.01230","TREE_048","TREE","D05",2016-10-19,"Dead, broken bole","single bole tree",NA,130,NA,NA,11.4,NA,59,"Picea mariana (Mill.) Britton, Sterns & Poggenb.",2.9,145.5,"2016",95,"spruce","Picea mariana (Mill.) Britton, Sterns & Poggenb.","black spruce","Pinaceae","tree","mariana",0.608,"sw5",-2.0773,2.3323,"PiceaAbove0.35spg","conifer","Conifer",0.37,-2.1364,2.3233,2.24952,0.76318,NA,"Check",36.547633193836,33.7039118279286,NA
"Picea","PIMA","NEON.PLA.D05.TREE.00907","TREE_048","TREE","D05",2016-10-19,"Live, physically damaged","single bole tree",NA,130,NA,13.3,15.8,NA,59,"Picea mariana (Mill.) Britton, Sterns & Poggenb.",3.3,236.6,"2016",95,"spruce","Picea mariana (Mill.) Britton, Sterns & Poggenb.","black spruce","Pinaceae","tree","mariana",0.608,"sw5",-2.0773,2.3323,"PiceaAbove0.35spg","conifer","Conifer",0.37,-2.1364,2.3233,2.24952,0.76318,NA,"Check",78.247054233923,71.9470976203715,NA
"Picea","PIMA","NEON.PLA.D05.TREE.00907","TREE_048","TREE","D05",2021-09-23,"Standing dead","single bole tree","Partially shaded",130,NA,12.8,15.7,NA,59,"Picea mariana (Mill.) Britton, Sterns & Poggenb.",3.3,236.6,"2021",95,"spruce","Picea mariana (Mill.) Britton, Sterns & Poggenb.","black spruce","Pinaceae","tree","mariana",0.608,"sw5",-2.0773,2.3323,"PiceaAbove0.35spg","conifer","Conifer",0.37,-2.1364,2.3233,2.24952,0.76318,NA,"Check",77.0968851346093,70.8935838030864,NA
"Picea","PIMA","NEON.PLA.D05.TREE.03578","TREE_002","TREE","D05",2019-10-08,"Live","single bole tree","Mostly shaded",130,NA,13.2,13.2,NA,31,"Picea mariana (Mill.) Britton, Sterns & Poggenb.",11.7,86.3,"2019",95,"spruce","Picea mariana (Mill.) Britton, Sterns & Poggenb.","black spruce","Pinaceae","tree","mariana",0.608,"sw5",-2.0773,2.3323,"PiceaAbove0.35spg","conifer","Conifer",0.37,-2.1364,2.3233,2.24952,0.76318,NA,"Check",51.4463600092717,47.3808320693383,NA
"Picea","PIMA","NEON.PLA.D05.TREE.02583","TREE_009","TREE","D05",2017-10-26,"Live","single bole tree","Partially shaded",130,NA,17.6,22.4,NA,31,"Picea mariana (Mill.) Britton, Sterns & Poggenb.",9.1,89.1,"2017",95,"spruce","Picea mariana (Mill.) Britton, Sterns & Poggenb.","black spruce","Pinaceae","tree","mariana",0.608,"sw5",-2.0773,2.3323,"PiceaAbove0.35spg","conifer","Conifer",0.37,-2.1364,2.3233,2.24952,0.76318,NA,"Check",176.613349024172,161.884209859736,NA
"Picea","PIMA","NEON.PLA.D05.TREE.01199","TREE_048","TREE","D05",2017-10-18,"Live","single bole tree",NA,130,NA,15.6,20.1,NA,59,"Picea mariana (Mill.) Britton, Sterns & Poggenb.",5.4,198,"2017",95,"spruce","Picea mariana (Mill.) Britton, Sterns & Poggenb.","black spruce","Pinaceae","tree","mariana",0.608,"sw5",-2.0773,2.3323,"PiceaAbove0.35spg","conifer","Conifer",0.37,-2.1364,2.3233,2.24952,0.76318,NA,"Check",137.177927583208,125.860272895209,NA
"Picea","PIMA","NEON.PLA.D05.TREE.02670","TREE_012","TREE","D05",2017-10-30,"Live","single bole tree","Full sun",130,NA,13.4,13.6,NA,31,"Picea mariana (Mill.) Britton, Sterns & Poggenb.",4.9,42.5,"2017",95,"spruce","Picea mariana (Mill.) Britton, Sterns & Poggenb.","black spruce","Pinaceae","tree","mariana",0.608,"sw5",-2.0773,2.3323,"PiceaAbove0.35spg","conifer","Conifer",0.37,-2.1364,2.3233,2.24952,0.76318,NA,"Check",55.1560134378061,50.7836854008744,NA
"Picea","PIMA","NEON.PLA.D05.TREE.00939","TREE_048","TREE","D05",2017-10-18,"Live","single bole tree",NA,130,NA,15.9,20.5,NA,59,"Picea mariana (Mill.) Britton, Sterns & Poggenb.",7.6,204.8,"2017",95,"spruce","Picea mariana (Mill.) Britton, Sterns & Poggenb.","black spruce","Pinaceae","tree","mariana",0.608,"sw5",-2.0773,2.3323,"PiceaAbove0.35spg","conifer","Conifer",0.37,-2.1364,2.3233,2.24952,0.76318,NA,"Check",143.629484873475,131.756185881195,NA
"Picea","PIMA","NEON.PLA.D05.TREE.01128","TREE_048","TREE","D05",2015-08-05,"Live","single bole tree","Partially shaded",130,NA,12.5,11.3,NA,41,"Picea mariana (Mill.) Britton, Sterns & Poggenb.",5.9,340.6,"2015",95,"spruce","Picea mariana (Mill.) Britton, Sterns & Poggenb.","black spruce","Pinaceae","tree","mariana",0.608,"sw5",-2.0773,2.3323,"PiceaAbove0.35spg","conifer","Conifer",0.37,-2.1364,2.3233,2.24952,0.76318,NA,"Check",35.8042784911861,33.0210148578667,NA
"Picea","PIMA","NEON.PLA.D05.TREE.00971","TREE_048","TREE","D05",2015-08-05,"Live","single bole tree","Partially shaded",130,NA,10.9,13.9,NA,41,"Picea mariana (Mill.) Britton, Sterns & Poggenb.",4.4,332.5,"2015",95,"spruce","Picea mariana (Mill.) Britton, Sterns & Poggenb.","black spruce","Pinaceae","tree","mariana",0.608,"sw5",-2.0773,2.3323,"PiceaAbove0.35spg","conifer","Conifer",0.37,-2.1364,2.3233,2.24952,0.76318,NA,"Check",58.0354680559101,53.4243878109341,NA
"Picea","PIMA","NEON.PLA.D05.TREE.01221","TREE_048","TREE","D05",2016-10-19,"Live, physically damaged","single bole tree",NA,130,NA,9.4,16.5,NA,61,"Picea mariana (Mill.) Britton, Sterns & Poggenb.",9.1,246.3,"2016",95,"spruce","Picea mariana (Mill.) Britton, Sterns & Poggenb.","black spruce","Pinaceae","tree","mariana",0.608,"sw5",-2.0773,2.3323,"PiceaAbove0.35spg","conifer","Conifer",0.37,-2.1364,2.3233,2.24952,0.76318,NA,"Check",86.5720847311769,79.5707985343682,NA
"Picea","PIMA","NEON.PLA.D05.TREE.01234","TREE_048","TREE","D05",2018-10-16,"Dead, broken bole","single bole tree",NA,130,NA,1.8,13.6,NA,41,"Picea mariana (Mill.) Britton, Sterns & Poggenb.",9.3,13.3,"2018",95,"spruce","Picea mariana (Mill.) Britton, Sterns & Poggenb.","black spruce","Pinaceae","tree","mariana",0.608,"sw5",-2.0773,2.3323,"PiceaAbove0.35spg","conifer","Conifer",0.37,-2.1364,2.3233,2.24952,0.76318,NA,"Check",55.1560134378061,50.7836854008744,NA
"Picea","PIMA","NEON.PLA.D05.TREE.00984","TREE_048","TREE","D05",2017-10-18,"Live","single bole tree",NA,130,NA,11.9,12,NA,41,"Picea mariana (Mill.) Britton, Sterns & Poggenb.",2.9,266.3,"2017",95,"spruce","Picea mariana (Mill.) Britton, Sterns & Poggenb.","black spruce","Pinaceae","tree","mariana",0.608,"sw5",-2.0773,2.3323,"PiceaAbove0.35spg","conifer","Conifer",0.37,-2.1364,2.3233,2.24952,0.76318,NA,"Check",41.1921530926886,37.9695157036648,NA
"Picea","PIMA","NEON.PLA.D05.TREE.02558","TREE_009","TREE","D05",2017-10-26,"Live","single bole tree","Partially shaded",130,NA,18.5,21.7,NA,51,"Picea mariana (Mill.) Britton, Sterns & Poggenb.",8.7,196.1,"2017",95,"spruce","Picea mariana (Mill.) Britton, Sterns & Poggenb.","black spruce","Pinaceae","tree","mariana",0.608,"sw5",-2.0773,2.3323,"PiceaAbove0.35spg","conifer","Conifer",0.37,-2.1364,2.3233,2.24952,0.76318,NA,"Check",164.008029218049,150.373105382069,NA
"Picea","PIMA","NEON.PLA.D05.TREE.01234","TREE_048","TREE","D05",2016-10-19,"Dead, broken bole","single bole tree",NA,130,NA,NA,13.7,NA,41,"Picea mariana (Mill.) Britton, Sterns & Poggenb.",9.3,13.3,"2016",95,"spruce","Picea mariana (Mill.) Britton, Sterns & Poggenb.","black spruce","Pinaceae","tree","mariana",0.608,"sw5",-2.0773,2.3323,"PiceaAbove0.35spg","conifer","Conifer",0.37,-2.1364,2.3233,2.24952,0.76318,NA,"Check",56.1065353793348,51.6554515762862,NA
"Picea","PIMA","NEON.PLA.D05.TREE.02560","TREE_009","TREE","D05",2019-10-16,"Live","single bole tree","Partially shaded",130,NA,14.3,11.6,NA,51,"Picea mariana (Mill.) Britton, Sterns & Poggenb.",2.4,214.2,"2019",95,"spruce","Picea mariana (Mill.) Britton, Sterns & Poggenb.","black spruce","Pinaceae","tree","mariana",0.608,"sw5",-2.0773,2.3323,"PiceaAbove0.35spg","conifer","Conifer",0.37,-2.1364,2.3233,2.24952,0.76318,NA,"Check",38.0605834056345,35.0936479652679,NA
"Picea","PIMA","NEON.PLA.D05.TREE.01199","TREE_048","TREE","D05",2018-10-16,"Live","single bole tree",NA,130,NA,14.7,20.3,NA,59,"Picea mariana (Mill.) Britton, Sterns & Poggenb.",5.4,198,"2018",95,"spruce","Picea mariana (Mill.) Britton, Sterns & Poggenb.","black spruce","Pinaceae","tree","mariana",0.608,"sw5",-2.0773,2.3323,"PiceaAbove0.35spg","conifer","Conifer",0.37,-2.1364,2.3233,2.24952,0.76318,NA,"Check",140.382535457925,128.789012654586,NA
"Picea","PIMA","NEON.PLA.D05.TREE.02577","TREE_009","TREE","D05",2019-10-16,"Live","single bole tree","Mostly shaded",130,NA,11.2,15.1,NA,33,"Picea mariana (Mill.) Britton, Sterns & Poggenb.",2.7,298.2,"2019",95,"spruce","Picea mariana (Mill.) Britton, Sterns & Poggenb.","black spruce","Pinaceae","tree","mariana",0.608,"sw5",-2.0773,2.3323,"PiceaAbove0.35spg","conifer","Conifer",0.37,-2.1364,2.3233,2.24952,0.76318,NA,"Check",70.3992458686397,64.7575501437825,NA
"Picea","PIMA","NEON.PLA.D05.TREE.01147","TREE_048","TREE","D05",2018-10-16,"Live","single bole tree",NA,130,NA,18.5,30.9,NA,41,"Picea mariana (Mill.) Britton, Sterns & Poggenb.",3.1,279.1,"2018",95,"spruce","Picea mariana (Mill.) Britton, Sterns & Poggenb.","black spruce","Pinaceae","tree","mariana",0.608,"sw5",-2.0773,2.3323,"PiceaAbove0.35spg","conifer","Conifer",0.37,-2.1364,2.3233,2.24952,0.76318,NA,"Check",373.998822015576,341.817114826837,NA
"Picea","PIMA","NEON.PLA.D05.TREE.01203","TREE_048","TREE","D05",2015-08-05,"Live","single bole tree","Partially shaded",130,NA,14.1,15.6,NA,43,"Picea mariana (Mill.) Britton, Sterns & Poggenb.",8.2,301,"2015",95,"spruce","Picea mariana (Mill.) Britton, Sterns & Poggenb.","black spruce","Pinaceae","tree","mariana",0.608,"sw5",-2.0773,2.3323,"PiceaAbove0.35spg","conifer","Conifer",0.37,-2.1364,2.3233,2.24952,0.76318,NA,"Check",75.956435081385,69.8489124011362,NA
"Picea","PIMA","NEON.PLA.D05.TREE.02563","TREE_009","TREE","D05",2017-10-26,"Live","single bole tree","Partially shaded",130,NA,9.9,10,NA,41,"Picea mariana (Mill.) Britton, Sterns & Poggenb.",1,64.1,"2017",95,"spruce","Picea mariana (Mill.) Britton, Sterns & Poggenb.","black spruce","Pinaceae","tree","mariana",0.608,"sw5",-2.0773,2.3323,"PiceaAbove0.35spg","conifer","Conifer",0.37,-2.1364,2.3233,2.24952,0.76318,NA,"Check",8.43603534533767,7.82377684262104,NA
"Picea","PIMA","NEON.PLA.D05.TREE.03581","TREE_002","TREE","D05",2018-05-07,"Live","single bole tree","Partially shaded",130,NA,19.2,28.4,NA,31,"Picea mariana (Mill.) Britton, Sterns & Poggenb.",9.6,67.7,"2018",95,"spruce","Picea mariana (Mill.) Britton, Sterns & Poggenb.","black spruce","Pinaceae","tree","mariana",0.608,"sw5",-2.0773,2.3323,"PiceaAbove0.35spg","conifer","Conifer",0.37,-2.1364,2.3233,2.24952,0.76318,NA,"Check",307.195208331724,280.975057195989,NA
"Picea","PIMA","NEON.PLA.D05.TREE.03598","TREE_002","TREE","D05",2018-05-07,"Live","single bole tree","Partially shaded",130,NA,14.6,17.3,NA,51,"Picea mariana (Mill.) Britton, Sterns & Poggenb.",10.1,195.3,"2018",95,"spruce","Picea mariana (Mill.) Britton, Sterns & Poggenb.","black spruce","Pinaceae","tree","mariana",0.608,"sw5",-2.0773,2.3323,"PiceaAbove0.35spg","conifer","Conifer",0.37,-2.1364,2.3233,2.24952,0.76318,NA,"Check",96.6796343203744,88.8230701234353,NA
"Picea","PIMA","NEON.PLA.D05.TREE.00994","TREE_048","TREE","D05",2018-10-16,"Live","single bole tree",NA,130,NA,13.2,17.5,NA,41,"Picea mariana (Mill.) Britton, Sterns & Poggenb.",7.8,339.2,"2018",95,"spruce","Picea mariana (Mill.) Britton, Sterns & Poggenb.","black spruce","Pinaceae","tree","mariana",0.608,"sw5",-2.0773,2.3323,"PiceaAbove0.35spg","conifer","Conifer",0.37,-2.1364,2.3233,2.24952,0.76318,NA,"Check",99.3065086868876,91.2270365607331,NA
"Picea","PIMA","NEON.PLA.D05.TREE.00984","TREE_048","TREE","D05",2021-09-23,"Live","single bole tree","Partially shaded",130,NA,11.4,12.2,NA,41,"Picea mariana (Mill.) Britton, Sterns & Poggenb.",2.9,266.3,"2021",95,"spruce","Picea mariana (Mill.) Britton, Sterns & Poggenb.","black spruce","Pinaceae","tree","mariana",0.608,"sw5",-2.0773,2.3323,"PiceaAbove0.35spg","conifer","Conifer",0.37,-2.1364,2.3233,2.24952,0.76318,NA,"Check",42.8111708731294,39.4560007770376,NA
"Picea","PIMA","NEON.PLA.D05.TREE.01262","TREE_048","TREE","D05",2016-10-19,"Live","single bole tree",NA,130,NA,12.1,14.7,NA,59,"Picea mariana (Mill.) Britton, Sterns & Poggenb.",6.5,166.2,"2016",95,"spruce","Picea mariana (Mill.) Britton, Sterns & Poggenb.","black spruce","Pinaceae","tree","mariana",0.608,"sw5",-2.0773,2.3323,"PiceaAbove0.35spg","conifer","Conifer",0.37,-2.1364,2.3233,2.24952,0.76318,NA,"Check",66.1263105824222,60.8417409565732,NA
"Picea","PIMA","NEON.PLA.D05.TREE.02560","TREE_009","TREE","D05",2017-10-26,"Live","single bole tree","Mostly shaded",130,NA,10.9,11.5,NA,51,"Picea mariana (Mill.) Britton, Sterns & Poggenb.",2.4,214.2,"2017",95,"spruce","Picea mariana (Mill.) Britton, Sterns & Poggenb.","black spruce","Pinaceae","tree","mariana",0.608,"sw5",-2.0773,2.3323,"PiceaAbove0.35spg","conifer","Conifer",0.37,-2.1364,2.3233,2.24952,0.76318,NA,"Check",37.2997263660338,34.3947820153374,NA
"Picea","PIMA","NEON.PLA.D05.TREE.00756","TREE_051","TREE","D05",2016-09-28,"Live","small tree",NA,130,NA,3,4,NA,NA,"Picea mariana (Mill.) Britton, Sterns & Poggenb.",NA,NA,"2016",95,"spruce","Picea mariana (Mill.) Britton, Sterns & Poggenb.","black spruce","Pinaceae","tree","mariana",0.608,"sw5",-2.0773,2.3323,"PiceaAbove0.35spg","conifer","Conifer",0.37,-2.1364,2.3233,2.24952,0.76318,NA,"Check",0.995457925043829,0.930855850007453,NA
"Picea","PIMA","NEON.PLA.D05.TREE.01074","TREE_048","TREE","D05",2016-10-19,"Live","single bole tree",NA,130,NA,14.8,14.3,NA,41,"Picea mariana (Mill.) Britton, Sterns & Poggenb.",8.5,37.3,"2016",95,"spruce","Picea mariana (Mill.) Britton, Sterns & Poggenb.","black spruce","Pinaceae","tree","mariana",0.608,"sw5",-2.0773,2.3323,"PiceaAbove0.35spg","conifer","Conifer",0.37,-2.1364,2.3233,2.24952,0.76318,NA,"Check",62.0055141358375,57.0644301474305,NA
"Picea","PIMA","NEON.PLA.D05.TREE.01046","TREE_048","TREE","D05",2021-09-23,"Live","single bole tree","Partially shaded",130,NA,14.2,22.6,NA,41,"Picea mariana (Mill.) Britton, Sterns & Poggenb.",1.4,73.7,"2021",95,"spruce","Picea mariana (Mill.) Britton, Sterns & Poggenb.","black spruce","Pinaceae","tree","mariana",0.608,"sw5",-2.0773,2.3323,"PiceaAbove0.35spg","conifer","Conifer",0.37,-2.1364,2.3233,2.24952,0.76318,NA,"Check",180.313060720514,165.262152688004,NA
"Picea","PIMA","NEON.PLA.D05.TREE.02576","TREE_009","TREE","D05",2019-10-16,"Live","single bole tree","Partially shaded",130,NA,18,18.5,NA,33,"Picea mariana (Mill.) Britton, Sterns & Poggenb.",3.8,321.5,"2019",95,"spruce","Picea mariana (Mill.) Britton, Sterns & Poggenb.","black spruce","Pinaceae","tree","mariana",0.608,"sw5",-2.0773,2.3323,"PiceaAbove0.35spg","conifer","Conifer",0.37,-2.1364,2.3233,2.24952,0.76318,NA,"Check",113.048471542247,103.799042046637,NA
"Picea","PIMA","NEON.PLA.D05.TREE.01234","TREE_048","TREE","D05",2021-09-23,"Dead, broken bole","single bole tree","Full shade",130,NA,1.8,13.8,NA,41,"Picea mariana (Mill.) Britton, Sterns & Poggenb.",9.3,13.3,"2021",95,"spruce","Picea mariana (Mill.) Britton, Sterns & Poggenb.","black spruce","Pinaceae","tree","mariana",0.608,"sw5",-2.0773,2.3323,"PiceaAbove0.35spg","conifer","Conifer",0.37,-2.1364,2.3233,2.24952,0.76318,NA,"Check",57.066346093433,52.5356790734763,NA
"Picea","PIMA","NEON.PLA.D05.TREE.01262","TREE_048","TREE","D05",2021-09-23,"Live","single bole tree","Mostly shaded",130,NA,11.7,14.9,NA,59,"Picea mariana (Mill.) Britton, Sterns & Poggenb.",6.5,166.2,"2021",95,"spruce","Picea mariana (Mill.) Britton, Sterns & Poggenb.","black spruce","Pinaceae","tree","mariana",0.608,"sw5",-2.0773,2.3323,"PiceaAbove0.35spg","conifer","Conifer",0.37,-2.1364,2.3233,2.24952,0.76318,NA,"Check",68.2436750811203,62.7822572726408,NA
"Picea","PIMA","NEON.PLA.D05.TREE.01177","TREE_048","TREE","D05",2015-08-05,"Live,  other damage","single bole tree","Partially shaded",130,NA,9.8,10.4,NA,41,"Picea mariana (Mill.) Britton, Sterns & Poggenb.",5.1,285.1,"2015",95,"spruce","Picea mariana (Mill.) Britton, Sterns & Poggenb.","black spruce","Pinaceae","tree","mariana",0.608,"sw5",-2.0773,2.3323,"PiceaAbove0.35spg","conifer","Conifer",0.37,-2.1364,2.3233,2.24952,0.76318,NA,"Check",29.5030509985451,27.2299488821606,NA
"Picea","PIMA","NEON.PLA.D05.TREE.03581","TREE_002","TREE","D05",2019-10-08,"Live","single bole tree","Partially shaded",130,NA,16.3,23.4,NA,31,"Picea mariana (Mill.) Britton, Sterns & Poggenb.",9.6,67.7,"2019",95,"spruce","Picea mariana (Mill.) Britton, Sterns & Poggenb.","black spruce","Pinaceae","tree","mariana",0.608,"sw5",-2.0773,2.3323,"PiceaAbove0.35spg","conifer","Conifer",0.37,-2.1364,2.3233,2.24952,0.76318,NA,"Check",195.551979710748,179.17296079898,NA
"Picea","PIMA","NEON.PLA.D05.TREE.02966","TREE_009","TREE","D05",2019-10-16,"Live","small tree",NA,130,NA,3.6,3.6,NA,NA,"Picea mariana (Mill.) Britton, Sterns & Poggenb.",NA,NA,"2019",95,"spruce","Picea mariana (Mill.) Britton, Sterns & Poggenb.","black spruce","Pinaceae","tree","mariana",0.608,"sw5",-2.0773,2.3323,"PiceaAbove0.35spg","conifer","Conifer",0.37,-2.1364,2.3233,2.24952,0.76318,NA,"Check",0.778579049414565,0.728742426936574,NA
"Picea","PIMA","NEON.PLA.D05.TREE.00955A","TREE_048","TREE","D05",2021-09-23,"Live","multi-bole tree",NA,130,NA,NA,16.6,NA,57,"Picea mariana (Mill.) Britton, Sterns & Poggenb.",2.1,129.7,"2021",95,"spruce","Picea mariana (Mill.) Britton, Sterns & Poggenb.","black spruce","Pinaceae","tree","mariana",0.608,"sw5",-2.0773,2.3323,"PiceaAbove0.35spg","conifer","Conifer",0.37,-2.1364,2.3233,2.24952,0.76318,NA,"Check",87.8007380282049,80.6956993581833,NA
"Picea","PIMA","NEON.PLA.D05.TREE.01044","TREE_048","TREE","D05",2016-10-19,"Live","single bole tree",NA,130,NA,12.9,12.2,NA,41,"Picea mariana (Mill.) Britton, Sterns & Poggenb.",8.2,12.8,"2016",95,"spruce","Picea mariana (Mill.) Britton, Sterns & Poggenb.","black spruce","Pinaceae","tree","mariana",0.608,"sw5",-2.0773,2.3323,"PiceaAbove0.35spg","conifer","Conifer",0.37,-2.1364,2.3233,2.24952,0.76318,NA,"Check",42.8111708731294,39.4560007770376,NA
"Picea","PIMA","NEON.PLA.D05.TREE.01210","TREE_048","TREE","D05",2016-10-19,"Live, physically damaged","single bole tree",NA,130,NA,11.4,15.2,NA,41,"Picea mariana (Mill.) Britton, Sterns & Poggenb.",9,25.5,"2016",95,"spruce","Picea mariana (Mill.) Britton, Sterns & Poggenb.","black spruce","Pinaceae","tree","mariana",0.608,"sw5",-2.0773,2.3323,"PiceaAbove0.35spg","conifer","Conifer",0.37,-2.1364,2.3233,2.24952,0.76318,NA,"Check",71.4914116984433,65.7582847898985,NA
"Picea","PIMA","NEON.PLA.D05.TREE.01234","TREE_048","TREE","D05",2017-10-18,"Dead, broken bole","single bole tree",NA,130,NA,1.8,13.7,NA,41,"Picea mariana (Mill.) Britton, Sterns & Poggenb.",9.3,13.3,"2017",95,"spruce","Picea mariana (Mill.) Britton, Sterns & Poggenb.","black spruce","Pinaceae","tree","mariana",0.608,"sw5",-2.0773,2.3323,"PiceaAbove0.35spg","conifer","Conifer",0.37,-2.1364,2.3233,2.24952,0.76318,NA,"Check",56.1065353793348,51.6554515762862,NA
"Picea","PIMA","NEON.PLA.D05.TREE.01210","TREE_048","TREE","D05",2018-10-16,"Live","single bole tree",NA,130,NA,10.6,15.4,NA,41,"Picea mariana (Mill.) Britton, Sterns & Poggenb.",9,25.5,"2018",95,"spruce","Picea mariana (Mill.) Britton, Sterns & Poggenb.","black spruce","Pinaceae","tree","mariana",0.608,"sw5",-2.0773,2.3323,"PiceaAbove0.35spg","conifer","Conifer",0.37,-2.1364,2.3233,2.24952,0.76318,NA,"Check",73.7046095650156,67.7860237715791,NA
"Picea","PIMA","NEON.PLA.D05.TREE.01197","TREE_048","TREE","D05",2016-10-19,"Live","single bole tree",NA,130,NA,13.4,17.2,NA,39,"Picea mariana (Mill.) Britton, Sterns & Poggenb.",11,54.9,"2016",95,"spruce","Picea mariana (Mill.) Britton, Sterns & Poggenb.","black spruce","Pinaceae","tree","mariana",0.608,"sw5",-2.0773,2.3323,"PiceaAbove0.35spg","conifer","Conifer",0.37,-2.1364,2.3233,2.24952,0.76318,NA,"Check",95.3812631268412,87.6347817805764,NA
"Picea","PIMA","NEON.PLA.D05.TREE.01013","TREE_048","TREE","D05",2021-09-23,"Live","single bole tree","Partially shaded",130,NA,11.6,15.1,NA,41,"Picea mariana (Mill.) Britton, Sterns & Poggenb.",6.4,37.7,"2021",95,"spruce","Picea mariana (Mill.) Britton, Sterns & Poggenb.","black spruce","Pinaceae","tree","mariana",0.608,"sw5",-2.0773,2.3323,"PiceaAbove0.35spg","conifer","Conifer",0.37,-2.1364,2.3233,2.24952,0.76318,NA,"Check",70.3992458686397,64.7575501437825,NA
"Picea","PIMA","NEON.PLA.D05.TREE.01220","TREE_048","TREE","D05",2018-10-16,"Live","single bole tree",NA,130,NA,14.8,18.8,NA,41,"Picea mariana (Mill.) Britton, Sterns & Poggenb.",5.9,15.7,"2018",95,"spruce","Picea mariana (Mill.) Britton, Sterns & Poggenb.","black spruce","Pinaceae","tree","mariana",0.608,"sw5",-2.0773,2.3323,"PiceaAbove0.35spg","conifer","Conifer",0.37,-2.1364,2.3233,2.24952,0.76318,NA,"Check",117.370356735653,107.751717193744,NA
"Picea","PIMA","NEON.PLA.D05.TREE.02670","TREE_012","TREE","D05",2019-10-17,"Live","single bole tree","Full sun",130,NA,14.4,19.2,NA,31,"Picea mariana (Mill.) Britton, Sterns & Poggenb.",4.9,42.5,"2019",95,"spruce","Picea mariana (Mill.) Britton, Sterns & Poggenb.","black spruce","Pinaceae","tree","mariana",0.608,"sw5",-2.0773,2.3323,"PiceaAbove0.35spg","conifer","Conifer",0.37,-2.1364,2.3233,2.24952,0.76318,NA,"Check",123.277417653583,113.15324509796,NA
"Picea","PIMA","NEON.PLA.D05.TREE.01179","TREE_048","TREE","D05",2016-10-19,"Live","single bole tree",NA,130,NA,15.6,23.2,NA,39,"Picea mariana (Mill.) Britton, Sterns & Poggenb.",4.4,11.8,"2016",95,"spruce","Picea mariana (Mill.) Britton, Sterns & Poggenb.","black spruce","Pinaceae","tree","mariana",0.608,"sw5",-2.0773,2.3323,"PiceaAbove0.35spg","conifer","Conifer",0.37,-2.1364,2.3233,2.24952,0.76318,NA,"Check",191.675983314893,175.635177579453,NA
"Picea","PIMA","NEON.PLA.D05.TREE.00791","TREE_051","TREE","D05",2018-10-09,"Live","small tree",NA,130,NA,3.3,3.9,NA,NA,"Picea mariana (Mill.) Britton, Sterns & Poggenb.",NA,NA,"2018",95,"spruce","Picea mariana (Mill.) Britton, Sterns & Poggenb.","black spruce","Pinaceae","tree","mariana",0.608,"sw5",-2.0773,2.3323,"PiceaAbove0.35spg","conifer","Conifer",0.37,-2.1364,2.3233,2.24952,0.76318,NA,"Check",0.938379202059026,0.877681321774472,NA
"Picea","PIMA","NEON.PLA.D05.TREE.01177","TREE_048","TREE","D05",2021-09-23,"Live","single bole tree","Partially shaded",130,NA,9.5,11.1,NA,41,"Picea mariana (Mill.) Britton, Sterns & Poggenb.",5.1,285.1,"2021",95,"spruce","Picea mariana (Mill.) Britton, Sterns & Poggenb.","black spruce","Pinaceae","tree","mariana",0.608,"sw5",-2.0773,2.3323,"PiceaAbove0.35spg","conifer","Conifer",0.37,-2.1364,2.3233,2.24952,0.76318,NA,"Check",34.343682154911,31.6790497159347,NA
"Picea","PIMA","NEON.PLA.D05.TREE.02570","TREE_009","TREE","D05",2017-10-26,"Live","single bole tree","Mostly shaded",130,NA,14.3,13.9,NA,33,"Picea mariana (Mill.) Britton, Sterns & Poggenb.",13.5,340.2,"2017",95,"spruce","Picea mariana (Mill.) Britton, Sterns & Poggenb.","black spruce","Pinaceae","tree","mariana",0.608,"sw5",-2.0773,2.3323,"PiceaAbove0.35spg","conifer","Conifer",0.37,-2.1364,2.3233,2.24952,0.76318,NA,"Check",58.0354680559101,53.4243878109341,NA
"Picea","PIMA","NEON.PLA.D05.TREE.00939","TREE_048","TREE","D05",2018-10-16,"Live","single bole tree",NA,130,NA,14.9,20.4,NA,59,"Picea mariana (Mill.) Britton, Sterns & Poggenb.",7.6,204.8,"2018",95,"spruce","Picea mariana (Mill.) Britton, Sterns & Poggenb.","black spruce","Pinaceae","tree","mariana",0.608,"sw5",-2.0773,2.3323,"PiceaAbove0.35spg","conifer","Conifer",0.37,-2.1364,2.3233,2.24952,0.76318,NA,"Check",142.000708816295,130.267787439602,NA
"Picea","PIMA","NEON.PLA.D05.TREE.00955A","TREE_048","TREE","D05",2017-10-18,"Live","multi-bole tree",NA,130,NA,NA,16.3,NA,57,"Picea mariana (Mill.) Britton, Sterns & Poggenb.",2.1,129.7,"2017",95,"spruce","Picea mariana (Mill.) Britton, Sterns & Poggenb.","black spruce","Pinaceae","tree","mariana",0.608,"sw5",-2.0773,2.3323,"PiceaAbove0.35spg","conifer","Conifer",0.37,-2.1364,2.3233,2.24952,0.76318,NA,"Check",84.1444008717733,77.3479361719107,NA
"Picea","PIMA","NEON.PLA.D05.TREE.02966","TREE_009","TREE","D05",2017-10-26,"Live","small tree",NA,130,NA,4.3,3.4,NA,NA,"Picea mariana (Mill.) Britton, Sterns & Poggenb.",NA,NA,"2017",95,"spruce","Picea mariana (Mill.) Britton, Sterns & Poggenb.","black spruce","Pinaceae","tree","mariana",0.608,"sw5",-2.0773,2.3323,"PiceaAbove0.35spg","conifer","Conifer",0.37,-2.1364,2.3233,2.24952,0.76318,NA,"Check",0.681407122689066,0.638118627692381,NA
"Picea","PIMA","NEON.PLA.D05.TREE.00907","TREE_048","TREE","D05",2018-10-16,"Live","single bole tree",NA,130,NA,13.8,15.7,NA,59,"Picea mariana (Mill.) Britton, Sterns & Poggenb.",3.3,236.6,"2018",95,"spruce","Picea mariana (Mill.) Britton, Sterns & Poggenb.","black spruce","Pinaceae","tree","mariana",0.608,"sw5",-2.0773,2.3323,"PiceaAbove0.35spg","conifer","Conifer",0.37,-2.1364,2.3233,2.24952,0.76318,NA,"Check",77.0968851346093,70.8935838030864,NA
"Picea","PIMA","NEON.PLA.D05.TREE.02581","TREE_009","TREE","D05",2017-10-26,"Live","single bole tree","Partially shaded",130,NA,15.7,18.5,NA,31,"Picea mariana (Mill.) Britton, Sterns & Poggenb.",12.2,50.3,"2017",95,"spruce","Picea mariana (Mill.) Britton, Sterns & Poggenb.","black spruce","Pinaceae","tree","mariana",0.608,"sw5",-2.0773,2.3323,"PiceaAbove0.35spg","conifer","Conifer",0.37,-2.1364,2.3233,2.24952,0.76318,NA,"Check",113.048471542247,103.799042046637,NA
"Picea","PIMA","NEON.PLA.D05.TREE.01034","TREE_048","TREE","D05",2017-10-18,"Live","single bole tree",NA,130,NA,7.5,23.6,NA,43,"Picea mariana (Mill.) Britton, Sterns & Poggenb.",9.6,303.5,"2017",95,"spruce","Picea mariana (Mill.) Britton, Sterns & Poggenb.","black spruce","Pinaceae","tree","mariana",0.608,"sw5",-2.0773,2.3323,"PiceaAbove0.35spg","conifer","Conifer",0.37,-2.1364,2.3233,2.24952,0.76318,NA,"Check",199.472365207355,182.750984556041,NA
"Picea","PIMA","NEON.PLA.D05.TREE.01198","TREE_048","TREE","D05",2017-10-18,"Live","single bole tree",NA,130,NA,15.1,14.3,NA,59,"Picea mariana (Mill.) Britton, Sterns & Poggenb.",7.6,207.4,"2017",95,"spruce","Picea mariana (Mill.) Britton, Sterns & Poggenb.","black spruce","Pinaceae","tree","mariana",0.608,"sw5",-2.0773,2.3323,"PiceaAbove0.35spg","conifer","Conifer",0.37,-2.1364,2.3233,2.24952,0.76318,NA,"Check",62.0055141358375,57.0644301474305,NA
"Picea","PIMA","NEON.PLA.D05.TREE.01034","TREE_048","TREE","D05",2016-10-19,"Live","single bole tree",NA,130,NA,17.9,23.5,NA,43,"Picea mariana (Mill.) Britton, Sterns & Poggenb.",9.6,303.5,"2016",95,"spruce","Picea mariana (Mill.) Britton, Sterns & Poggenb.","black spruce","Pinaceae","tree","mariana",0.608,"sw5",-2.0773,2.3323,"PiceaAbove0.35spg","conifer","Conifer",0.37,-2.1364,2.3233,2.24952,0.76318,NA,"Check",197.506615947488,180.956935665637,NA
"Picea","PIMA","NEON.PLA.D05.TREE.03595","TREE_002","TREE","D05",2019-10-08,"Live, physically damaged","single bole tree","Mostly shaded",130,NA,12.6,14.5,NA,49,"Picea mariana (Mill.) Britton, Sterns & Poggenb.",7.9,112.3,"2019",95,"spruce","Picea mariana (Mill.) Britton, Sterns & Poggenb.","black spruce","Pinaceae","tree","mariana",0.608,"sw5",-2.0773,2.3323,"PiceaAbove0.35spg","conifer","Conifer",0.37,-2.1364,2.3233,2.24952,0.76318,NA,"Check",64.0469811842236,58.9358495856271,NA
"Picea","PIMA","NEON.PLA.D05.TREE.01155","TREE_048","TREE","D05",2018-10-16,"Live","single bole tree",NA,130,NA,12.4,14.3,NA,59,"Picea mariana (Mill.) Britton, Sterns & Poggenb.",5.1,243.9,"2018",95,"spruce","Picea mariana (Mill.) Britton, Sterns & Poggenb.","black spruce","Pinaceae","tree","mariana",0.608,"sw5",-2.0773,2.3323,"PiceaAbove0.35spg","conifer","Conifer",0.37,-2.1364,2.3233,2.24952,0.76318,NA,"Check",62.0055141358375,57.0644301474305,NA
"Picea","PIMA","NEON.PLA.D05.TREE.02569","TREE_009","TREE","D05",2017-10-26,"Live","single bole tree","Partially shaded",130,NA,16,18.2,NA,33,"Picea mariana (Mill.) Britton, Sterns & Poggenb.",15.9,334.7,"2017",95,"spruce","Picea mariana (Mill.) Britton, Sterns & Poggenb.","black spruce","Pinaceae","tree","mariana",0.608,"sw5",-2.0773,2.3323,"PiceaAbove0.35spg","conifer","Conifer",0.37,-2.1364,2.3233,2.24952,0.76318,NA,"Check",108.818959992796,99.9302846668749,NA
"Picea","PIMA","NEON.PLA.D05.TREE.02557","TREE_009","TREE","D05",2017-10-26,"Live","single bole tree","Mostly shaded",130,NA,13.2,13.9,NA,51,"Picea mariana (Mill.) Britton, Sterns & Poggenb.",7.5,202.5,"2017",95,"spruce","Picea mariana (Mill.) Britton, Sterns & Poggenb.","black spruce","Pinaceae","tree","mariana",0.608,"sw5",-2.0773,2.3323,"PiceaAbove0.35spg","conifer","Conifer",0.37,-2.1364,2.3233,2.24952,0.76318,NA,"Check",58.0354680559101,53.4243878109341,NA
"Picea","PIMA","NEON.PLA.D05.TREE.00984","TREE_048","TREE","D05",2016-10-19,"Live","single bole tree",NA,130,NA,10.2,11.9,NA,41,"Picea mariana (Mill.) Britton, Sterns & Poggenb.",2.9,266.3,"2016",95,"spruce","Picea mariana (Mill.) Britton, Sterns & Poggenb.","black spruce","Pinaceae","tree","mariana",0.608,"sw5",-2.0773,2.3323,"PiceaAbove0.35spg","conifer","Conifer",0.37,-2.1364,2.3233,2.24952,0.76318,NA,"Check",40.3959895143994,37.2384438691449,NA
"Picea","PIMA","NEON.PLA.D05.TREE.01234","TREE_048","TREE","D05",2015-08-05,"Standing dead","single bole tree","Full shade",130,NA,1.8,13.4,NA,41,"Picea mariana (Mill.) Britton, Sterns & Poggenb.",9.3,13.3,"2015",95,"spruce","Picea mariana (Mill.) Britton, Sterns & Poggenb.","black spruce","Pinaceae","tree","mariana",0.608,"sw5",-2.0773,2.3323,"PiceaAbove0.35spg","conifer","Conifer",0.37,-2.1364,2.3233,2.24952,0.76318,NA,"Check",53.2827454188139,49.0654568470498,NA
"Picea","PIMA","NEON.PLA.D05.TREE.01281","TREE_048","TREE","D05",2021-09-23,"Live","single bole tree","Partially shaded",130,NA,13.7,12.1,NA,41,"Picea mariana (Mill.) Britton, Sterns & Poggenb.",8,1.4,"2021",95,"spruce","Picea mariana (Mill.) Britton, Sterns & Poggenb.","black spruce","Pinaceae","tree","mariana",0.608,"sw5",-2.0773,2.3323,"PiceaAbove0.35spg","conifer","Conifer",0.37,-2.1364,2.3233,2.24952,0.76318,NA,"Check",41.9972053634999,38.7086940798796,NA
"Picea","PIMA","NEON.PLA.D05.TREE.01155","TREE_048","TREE","D05",2016-10-19,"Live","single bole tree",NA,130,NA,11.2,14.1,NA,59,"Picea mariana (Mill.) Britton, Sterns & Poggenb.",5.1,243.9,"2016",95,"spruce","Picea mariana (Mill.) Britton, Sterns & Poggenb.","black spruce","Pinaceae","tree","mariana",0.608,"sw5",-2.0773,2.3323,"PiceaAbove0.35spg","conifer","Conifer",0.37,-2.1364,2.3233,2.24952,0.76318,NA,"Check",60.0017350881006,55.227328194602,NA
"Picea","PIMA","NEON.PLA.D05.TREE.01147","TREE_048","TREE","D05",2016-10-19,"Standing dead","single bole tree",NA,130,NA,18.4,31.4,NA,41,"Picea mariana (Mill.) Britton, Sterns & Poggenb.",3.1,279.1,"2016",95,"spruce","Picea mariana (Mill.) Britton, Sterns & Poggenb.","black spruce","Pinaceae","tree","mariana",0.608,"sw5",-2.0773,2.3323,"PiceaAbove0.35spg","conifer","Conifer",0.37,-2.1364,2.3233,2.24952,0.76318,NA,"Check",388.265758073059,354.805154278119,NA
"Picea","PIMA","NEON.PLA.D05.TREE.01013","TREE_048","TREE","D05",2016-10-19,"Live","single bole tree",NA,130,NA,11.9,15.2,NA,41,"Picea mariana (Mill.) Britton, Sterns & Poggenb.",6.4,37.7,"2016",95,"spruce","Picea mariana (Mill.) Britton, Sterns & Poggenb.","black spruce","Pinaceae","tree","mariana",0.608,"sw5",-2.0773,2.3323,"PiceaAbove0.35spg","conifer","Conifer",0.37,-2.1364,2.3233,2.24952,0.76318,NA,"Check",71.4914116984433,65.7582847898985,NA
"Picea","PIMA","NEON.PLA.D05.TREE.02550","TREE_009","TREE","D05",2017-10-26,"Standing dead","single bole tree",NA,130,NA,12.7,12.6,NA,41,"Picea mariana (Mill.) Britton, Sterns & Poggenb.",5.7,347.4,"2017",95,"spruce","Picea mariana (Mill.) Britton, Sterns & Poggenb.","black spruce","Pinaceae","tree","mariana",0.608,"sw5",-2.0773,2.3323,"PiceaAbove0.35spg","conifer","Conifer",0.37,-2.1364,2.3233,2.24952,0.76318,NA,"Check",46.1566515362556,42.5269421434663,NA
"Picea","PIMA","NEON.PLA.D05.TREE.02551","TREE_009","TREE","D05",2019-10-16,"Live","single bole tree","Full sun",130,NA,17.5,14.5,NA,41,"Picea mariana (Mill.) Britton, Sterns & Poggenb.",2.2,359.7,"2019",95,"spruce","Picea mariana (Mill.) Britton, Sterns & Poggenb.","black spruce","Pinaceae","tree","mariana",0.608,"sw5",-2.0773,2.3323,"PiceaAbove0.35spg","conifer","Conifer",0.37,-2.1364,2.3233,2.24952,0.76318,NA,"Check",64.0469811842236,58.9358495856271,NA
"Picea","PIMA","NEON.PLA.D05.TREE.01292","TREE_048","TREE","D05",2017-10-18,"Live","single bole tree",NA,130,NA,8.4,10.6,NA,61,"Picea mariana (Mill.) Britton, Sterns & Poggenb.",9.2,248.7,"2017",95,"spruce","Picea mariana (Mill.) Britton, Sterns & Poggenb.","black spruce","Pinaceae","tree","mariana",0.608,"sw5",-2.0773,2.3323,"PiceaAbove0.35spg","conifer","Conifer",0.37,-2.1364,2.3233,2.24952,0.76318,NA,"Check",30.843307400724,28.4620636563597,NA
"Picea","PIMA","NEON.PLA.D05.TREE.01292","TREE_048","TREE","D05",2016-10-19,"Live, physically damaged","single bole tree",NA,130,NA,8,10.4,NA,61,"Picea mariana (Mill.) Britton, Sterns & Poggenb.",9.2,248.7,"2016",95,"spruce","Picea mariana (Mill.) Britton, Sterns & Poggenb.","black spruce","Pinaceae","tree","mariana",0.608,"sw5",-2.0773,2.3323,"PiceaAbove0.35spg","conifer","Conifer",0.37,-2.1364,2.3233,2.24952,0.76318,NA,"Check",29.5030509985451,27.2299488821606,NA
"Picea","PIMA","NEON.PLA.D05.TREE.00939","TREE_048","TREE","D05",2015-08-05,"Live","single bole tree","Partially shaded",130,NA,13.3,20.3,NA,59,"Picea mariana (Mill.) Britton, Sterns & Poggenb.",7.6,204.8,"2015",95,"spruce","Picea mariana (Mill.) Britton, Sterns & Poggenb.","black spruce","Pinaceae","tree","mariana",0.608,"sw5",-2.0773,2.3323,"PiceaAbove0.35spg","conifer","Conifer",0.37,-2.1364,2.3233,2.24952,0.76318,NA,"Check",140.382535457925,128.789012654586,NA
"Picea","PIMA","NEON.PLA.D05.TREE.00756","TREE_051","TREE","D05",2018-10-09,"Live","small tree",NA,130,NA,4.3,4.3,NA,NA,"Picea mariana (Mill.) Britton, Sterns & Poggenb.",NA,NA,"2018",95,"spruce","Picea mariana (Mill.) Britton, Sterns & Poggenb.","black spruce","Pinaceae","tree","mariana",0.608,"sw5",-2.0773,2.3323,"PiceaAbove0.35spg","conifer","Conifer",0.37,-2.1364,2.3233,2.24952,0.76318,NA,"Check",1.17835695538432,1.10116834267762,NA
"Picea","PIMA","NEON.PLA.D05.TREE.00955A","TREE_048","TREE","D05",2018-10-16,"Live","multi-bole tree",NA,130,NA,12.9,16.5,NA,57,"Picea mariana (Mill.) Britton, Sterns & Poggenb.",2.1,129.7,"2018",95,"spruce","Picea mariana (Mill.) Britton, Sterns & Poggenb.","black spruce","Pinaceae","tree","mariana",0.608,"sw5",-2.0773,2.3323,"PiceaAbove0.35spg","conifer","Conifer",0.37,-2.1364,2.3233,2.24952,0.76318,NA,"Check",86.5720847311769,79.5707985343682,NA
"Picea","PIMA","NEON.PLA.D05.TREE.01044","TREE_048","TREE","D05",2017-10-18,"Live","single bole tree",NA,130,NA,13.6,12.4,NA,41,"Picea mariana (Mill.) Britton, Sterns & Poggenb.",8.2,12.8,"2017",95,"spruce","Picea mariana (Mill.) Britton, Sterns & Poggenb.","black spruce","Pinaceae","tree","mariana",0.608,"sw5",-2.0773,2.3323,"PiceaAbove0.35spg","conifer","Conifer",0.37,-2.1364,2.3233,2.24952,0.76318,NA,"Check",44.4659391204555,40.975085645511,NA
"Picea","PIMA","NEON.PLA.D05.TREE.03575","TREE_002","TREE","D05",2018-05-07,"Live","single bole tree","Partially shaded",130,NA,18.3,22.7,NA,31,"Picea mariana (Mill.) Britton, Sterns & Poggenb.",12.6,69.9,"2018",95,"spruce","Picea mariana (Mill.) Britton, Sterns & Poggenb.","black spruce","Pinaceae","tree","mariana",0.608,"sw5",-2.0773,2.3323,"PiceaAbove0.35spg","conifer","Conifer",0.37,-2.1364,2.3233,2.24952,0.76318,NA,"Check",182.179363111711,166.966038433394,NA
"Picea","PIMA","NEON.PLA.D05.TREE.01230","TREE_048","TREE","D05",2018-10-16,"Dead, broken bole","single bole tree",NA,130,NA,4.5,11.6,NA,59,"Picea mariana (Mill.) Britton, Sterns & Poggenb.",2.9,145.5,"2018",95,"spruce","Picea mariana (Mill.) Britton, Sterns & Poggenb.","black spruce","Pinaceae","tree","mariana",0.608,"sw5",-2.0773,2.3323,"PiceaAbove0.35spg","conifer","Conifer",0.37,-2.1364,2.3233,2.24952,0.76318,NA,"Check",38.0605834056345,35.0936479652679,NA
"Picea","PIMA","NEON.PLA.D05.TREE.01198","TREE_048","TREE","D05",2018-10-16,"Live","single bole tree",NA,130,NA,14.4,14.4,NA,59,"Picea mariana (Mill.) Britton, Sterns & Poggenb.",7.6,207.4,"2018",95,"spruce","Picea mariana (Mill.) Britton, Sterns & Poggenb.","black spruce","Pinaceae","tree","mariana",0.608,"sw5",-2.0773,2.3323,"PiceaAbove0.35spg","conifer","Conifer",0.37,-2.1364,2.3233,2.24952,0.76318,NA,"Check",63.0215257252302,57.9958404938732,NA
"Picea","PIMA","NEON.PLA.D05.TREE.03560","TREE_002","TREE","D05",2019-10-08,"Live","single bole tree","Mostly shaded",130,NA,13.8,19.9,NA,31,"Picea mariana (Mill.) Britton, Sterns & Poggenb.",3.9,87.9,"2019",95,"spruce","Picea mariana (Mill.) Britton, Sterns & Poggenb.","black spruce","Pinaceae","tree","mariana",0.608,"sw5",-2.0773,2.3323,"PiceaAbove0.35spg","conifer","Conifer",0.37,-2.1364,2.3233,2.24952,0.76318,NA,"Check",134.015522167729,122.969843772247,NA
"Picea","PIMA","NEON.PLA.D05.TREE.02553","TREE_009","TREE","D05",2017-10-26,"Live, broken bole","single bole tree","Mostly shaded",130,NA,9.6,15.3,NA,51,"Picea mariana (Mill.) Britton, Sterns & Poggenb.",5.6,244.3,"2017",95,"spruce","Picea mariana (Mill.) Britton, Sterns & Poggenb.","black spruce","Pinaceae","tree","mariana",0.608,"sw5",-2.0773,2.3323,"PiceaAbove0.35spg","conifer","Conifer",0.37,-2.1364,2.3233,2.24952,0.76318,NA,"Check",72.5931926057585,66.7677698089557,NA
"Picea","PIMA","NEON.PLA.D05.TREE.02556","TREE_009","TREE","D05",2019-10-16,"Live","single bole tree","Full sun",130,NA,17.3,14.5,NA,51,"Picea mariana (Mill.) Britton, Sterns & Poggenb.",6.7,221.6,"2019",95,"spruce","Picea mariana (Mill.) Britton, Sterns & Poggenb.","black spruce","Pinaceae","tree","mariana",0.608,"sw5",-2.0773,2.3323,"PiceaAbove0.35spg","conifer","Conifer",0.37,-2.1364,2.3233,2.24952,0.76318,NA,"Check",64.0469811842236,58.9358495856271,NA
"Picea","PIMA","NEON.PLA.D05.TREE.02569","TREE_009","TREE","D05",2019-10-16,"Live","single bole tree","Partially shaded",130,NA,15,18.4,NA,33,"Picea mariana (Mill.) Britton, Sterns & Poggenb.",15.9,334.7,"2019",95,"spruce","Picea mariana (Mill.) Britton, Sterns & Poggenb.","black spruce","Pinaceae","tree","mariana",0.608,"sw5",-2.0773,2.3323,"PiceaAbove0.35spg","conifer","Conifer",0.37,-2.1364,2.3233,2.24952,0.76318,NA,"Check",111.628395224771,102.500153803562,NA
"Picea","PIMA","NEON.PLA.D05.TREE.03558","TREE_002","TREE","D05",2018-05-07,"Live","single bole tree","Partially shaded",130,NA,13.9,19.9,NA,33,"Picea mariana (Mill.) Britton, Sterns & Poggenb.",8.6,338.9,"2018",95,"spruce","Picea mariana (Mill.) Britton, Sterns & Poggenb.","black spruce","Pinaceae","tree","mariana",0.608,"sw5",-2.0773,2.3323,"PiceaAbove0.35spg","conifer","Conifer",0.37,-2.1364,2.3233,2.24952,0.76318,NA,"Check",134.015522167729,122.969843772247,NA
"Picea","PIMA","NEON.PLA.D05.TREE.01179","TREE_048","TREE","D05",2015-08-05,"Live","single bole tree","Full sun",130,NA,15,23.2,NA,39,"Picea mariana (Mill.) Britton, Sterns & Poggenb.",4.4,11.8,"2015",95,"spruce","Picea mariana (Mill.) Britton, Sterns & Poggenb.","black spruce","Pinaceae","tree","mariana",0.608,"sw5",-2.0773,2.3323,"PiceaAbove0.35spg","conifer","Conifer",0.37,-2.1364,2.3233,2.24952,0.76318,NA,"Check",191.675983314893,175.635177579453,NA
"Picea","PIMA","NEON.PLA.D05.TREE.01155","TREE_048","TREE","D05",2017-10-18,"Live","single bole tree",NA,130,NA,12.4,14.2,NA,59,"Picea mariana (Mill.) Britton, Sterns & Poggenb.",5.1,243.9,"2017",95,"spruce","Picea mariana (Mill.) Britton, Sterns & Poggenb.","black spruce","Pinaceae","tree","mariana",0.608,"sw5",-2.0773,2.3323,"PiceaAbove0.35spg","conifer","Conifer",0.37,-2.1364,2.3233,2.24952,0.76318,NA,"Check",60.9989245721659,56.1415991952777,NA
"Picea","PIMA","NEON.PLA.D05.TREE.00791","TREE_051","TREE","D05",2017-09-26,"Live","small tree",NA,130,NA,2.8,4.1,NA,NA,"Picea mariana (Mill.) Britton, Sterns & Poggenb.",NA,NA,"2017",95,"spruce","Picea mariana (Mill.) Britton, Sterns & Poggenb.","black spruce","Pinaceae","tree","mariana",0.608,"sw5",-2.0773,2.3323,"PiceaAbove0.35spg","conifer","Conifer",0.37,-2.1364,2.3233,2.24952,0.76318,NA,"Check",1.05446988168239,0.985819010690317,NA
"Picea","PIMA","NEON.PLA.D05.TREE.01281","TREE_048","TREE","D05",2015-08-05,"Live","single bole tree","Full sun",130,NA,10.8,12.1,NA,41,"Picea mariana (Mill.) Britton, Sterns & Poggenb.",8,1.4,"2015",95,"spruce","Picea mariana (Mill.) Britton, Sterns & Poggenb.","black spruce","Pinaceae","tree","mariana",0.608,"sw5",-2.0773,2.3323,"PiceaAbove0.35spg","conifer","Conifer",0.37,-2.1364,2.3233,2.24952,0.76318,NA,"Check",41.9972053634999,38.7086940798796,NA
"Picea","PIMA","NEON.PLA.D05.TREE.00756","TREE_051","TREE","D05",2015-08-03,"Live","small tree","Full shade",130,NA,2.9,3.8,NA,NA,"Picea mariana (Mill.) Britton, Sterns & Poggenb.",NA,NA,"2015",95,"spruce","Picea mariana (Mill.) Britton, Sterns & Poggenb.","black spruce","Pinaceae","tree","mariana",0.608,"sw5",-2.0773,2.3323,"PiceaAbove0.35spg","conifer","Conifer",0.37,-2.1364,2.3233,2.24952,0.76318,NA,"Check",0.883217515300421,0.826280844296746,NA
"Picea","PIMA","NEON.PLA.D05.TREE.01281","TREE_048","TREE","D05",2016-10-19,"Live","single bole tree",NA,130,NA,13.1,12,NA,41,"Picea mariana (Mill.) Britton, Sterns & Poggenb.",8,1.4,"2016",95,"spruce","Picea mariana (Mill.) Britton, Sterns & Poggenb.","black spruce","Pinaceae","tree","mariana",0.608,"sw5",-2.0773,2.3323,"PiceaAbove0.35spg","conifer","Conifer",0.37,-2.1364,2.3233,2.24952,0.76318,NA,"Check",41.1921530926886,37.9695157036648,NA
"Picea","PIMA","NEON.PLA.D05.TREE.01128","TREE_048","TREE","D05",2018-10-16,"Live","single bole tree",NA,130,NA,13.4,11.2,NA,41,"Picea mariana (Mill.) Britton, Sterns & Poggenb.",5.9,340.6,"2018",95,"spruce","Picea mariana (Mill.) Britton, Sterns & Poggenb.","black spruce","Pinaceae","tree","mariana",0.608,"sw5",-2.0773,2.3323,"PiceaAbove0.35spg","conifer","Conifer",0.37,-2.1364,2.3233,2.24952,0.76318,NA,"Check",35.0696367110309,32.3460684257466,NA
"Picea","PIMA","NEON.PLA.D05.TREE.01197","TREE_048","TREE","D05",2015-08-05,"Live","single bole tree","Full sun",130,NA,11.2,17.4,NA,39,"Picea mariana (Mill.) Britton, Sterns & Poggenb.",11,54.9,"2015",95,"spruce","Picea mariana (Mill.) Britton, Sterns & Poggenb.","black spruce","Pinaceae","tree","mariana",0.608,"sw5",-2.0773,2.3323,"PiceaAbove0.35spg","conifer","Conifer",0.37,-2.1364,2.3233,2.24952,0.76318,NA,"Check",97.9880430926372,90.0204827107928,NA
"Picea","PIMA","NEON.PLA.D05.TREE.02561","TREE_009","TREE","D05",2017-10-26,"Live","single bole tree","Full sun",130,NA,16.1,17.3,NA,51,"Picea mariana (Mill.) Britton, Sterns & Poggenb.",4.3,218.8,"2017",95,"spruce","Picea mariana (Mill.) Britton, Sterns & Poggenb.","black spruce","Pinaceae","tree","mariana",0.608,"sw5",-2.0773,2.3323,"PiceaAbove0.35spg","conifer","Conifer",0.37,-2.1364,2.3233,2.24952,0.76318,NA,"Check",96.6796343203744,88.8230701234353,NA
"Picea","PIMA","NEON.PLA.D05.TREE.03558","TREE_002","TREE","D05",2019-10-08,"Live","single bole tree","Full sun",130,NA,13,19.7,NA,33,"Picea mariana (Mill.) Britton, Sterns & Poggenb.",8.6,338.9,"2019",95,"spruce","Picea mariana (Mill.) Britton, Sterns & Poggenb.","black spruce","Pinaceae","tree","mariana",0.608,"sw5",-2.0773,2.3323,"PiceaAbove0.35spg","conifer","Conifer",0.37,-2.1364,2.3233,2.24952,0.76318,NA,"Check",130.895179202746,120.117601624994,NA
"Picea","PIMA","NEON.PLA.D05.TREE.01199","TREE_048","TREE","D05",2015-08-05,"Live","single bole tree","Partially shaded",130,NA,12.6,20.2,NA,59,"Picea mariana (Mill.) Britton, Sterns & Poggenb.",5.4,198,"2015",95,"spruce","Picea mariana (Mill.) Britton, Sterns & Poggenb.","black spruce","Pinaceae","tree","mariana",0.608,"sw5",-2.0773,2.3323,"PiceaAbove0.35spg","conifer","Conifer",0.37,-2.1364,2.3233,2.24952,0.76318,NA,"Check",138.774947499012,127.319846249131,NA
"Picea","PIMA","NEON.PLA.D05.TREE.02667","TREE_012","TREE","D05",2019-10-17,"Live","single bole tree","Full sun",130,NA,14.9,21.6,NA,41,"Picea mariana (Mill.) Britton, Sterns & Poggenb.",6.4,264.2,"2019",95,"spruce","Picea mariana (Mill.) Britton, Sterns & Poggenb.","black spruce","Pinaceae","tree","mariana",0.608,"sw5",-2.0773,2.3323,"PiceaAbove0.35spg","conifer","Conifer",0.37,-2.1364,2.3233,2.24952,0.76318,NA,"Check",162.250691554386,148.768049467061,NA
"Picea","PIMA","NEON.PLA.D05.TREE.01179","TREE_048","TREE","D05",2018-10-16,"Live","single bole tree",NA,130,NA,15.1,23,NA,39,"Picea mariana (Mill.) Britton, Sterns & Poggenb.",4.4,11.8,"2018",95,"spruce","Picea mariana (Mill.) Britton, Sterns & Poggenb.","black spruce","Pinaceae","tree","mariana",0.608,"sw5",-2.0773,2.3323,"PiceaAbove0.35spg","conifer","Conifer",0.37,-2.1364,2.3233,2.24952,0.76318,NA,"Check",187.844249584665,172.137523378847,NA
"Picea","PIMA","NEON.PLA.D05.TREE.00939","TREE_048","TREE","D05",2021-09-23,"Live","single bole tree","Partially shaded",130,NA,14.6,20.9,NA,59,"Picea mariana (Mill.) Britton, Sterns & Poggenb.",7.6,204.8,"2021",95,"spruce","Picea mariana (Mill.) Britton, Sterns & Poggenb.","black spruce","Pinaceae","tree","mariana",0.608,"sw5",-2.0773,2.3323,"PiceaAbove0.35spg","conifer","Conifer",0.37,-2.1364,2.3233,2.24952,0.76318,NA,"Check",150.25096010841,137.806319991529,NA
"Picea","PIMA","NEON.PLA.D05.TREE.02557","TREE_009","TREE","D05",2019-10-16,"Live","single bole tree","Partially shaded",130,NA,13.3,14.3,NA,51,"Picea mariana (Mill.) Britton, Sterns & Poggenb.",7.5,202.5,"2019",95,"spruce","Picea mariana (Mill.) Britton, Sterns & Poggenb.","black spruce","Pinaceae","tree","mariana",0.608,"sw5",-2.0773,2.3323,"PiceaAbove0.35spg","conifer","Conifer",0.37,-2.1364,2.3233,2.24952,0.76318,NA,"Check",62.0055141358375,57.0644301474305,NA
"Picea","PIMA","NEON.PLA.D05.TREE.03595","TREE_002","TREE","D05",2018-05-07,"Live","single bole tree","Partially shaded",130,NA,11.9,14.1,NA,49,"Picea mariana (Mill.) Britton, Sterns & Poggenb.",7.9,112.3,"2018",95,"spruce","Picea mariana (Mill.) Britton, Sterns & Poggenb.","black spruce","Pinaceae","tree","mariana",0.608,"sw5",-2.0773,2.3323,"PiceaAbove0.35spg","conifer","Conifer",0.37,-2.1364,2.3233,2.24952,0.76318,NA,"Check",60.0017350881006,55.227328194602,NA
"Picea","PIMA","NEON.PLA.D05.TREE.01155","TREE_048","TREE","D05",2021-09-23,"Live","single bole tree","Partially shaded",130,NA,13.1,14.6,NA,59,"Picea mariana (Mill.) Britton, Sterns & Poggenb.",5.1,243.9,"2021",95,"spruce","Picea mariana (Mill.) Britton, Sterns & Poggenb.","black spruce","Pinaceae","tree","mariana",0.608,"sw5",-2.0773,2.3323,"PiceaAbove0.35spg","conifer","Conifer",0.37,-2.1364,2.3233,2.24952,0.76318,NA,"Check",65.0819022556437,59.8844766829879,NA
"Picea","PIMA","NEON.PLA.D05.TREE.00939","TREE_048","TREE","D05",2016-10-19,"Live","single bole tree",NA,130,NA,14.9,20.3,NA,59,"Picea mariana (Mill.) Britton, Sterns & Poggenb.",7.6,204.8,"2016",95,"spruce","Picea mariana (Mill.) Britton, Sterns & Poggenb.","black spruce","Pinaceae","tree","mariana",0.608,"sw5",-2.0773,2.3323,"PiceaAbove0.35spg","conifer","Conifer",0.37,-2.1364,2.3233,2.24952,0.76318,NA,"Check",140.382535457925,128.789012654586,NA
"Picea","PIMA","NEON.PLA.D05.TREE.02662","TREE_012","TREE","D05",2017-10-30,"Live","single bole tree","Mostly shaded",130,NA,11.3,13.2,NA,41,"Picea mariana (Mill.) Britton, Sterns & Poggenb.",8,358.4,"2017",95,"spruce","Picea mariana (Mill.) Britton, Sterns & Poggenb.","black spruce","Pinaceae","tree","mariana",0.608,"sw5",-2.0773,2.3323,"PiceaAbove0.35spg","conifer","Conifer",0.37,-2.1364,2.3233,2.24952,0.76318,NA,"Check",51.4463600092717,47.3808320693383,NA
"Picea","PIMA","NEON.PLA.D05.TREE.01034","TREE_048","TREE","D05",2018-10-16,"Live","single bole tree",NA,130,NA,17.5,23.4,NA,43,"Picea mariana (Mill.) Britton, Sterns & Poggenb.",9.6,303.5,"2018",95,"spruce","Picea mariana (Mill.) Britton, Sterns & Poggenb.","black spruce","Pinaceae","tree","mariana",0.608,"sw5",-2.0773,2.3323,"PiceaAbove0.35spg","conifer","Conifer",0.37,-2.1364,2.3233,2.24952,0.76318,NA,"Check",195.551979710748,179.17296079898,NA
"Picea","PIMA","NEON.PLA.D05.TREE.02576","TREE_009","TREE","D05",2017-10-26,"Live","single bole tree","Partially shaded",130,NA,17.5,18.6,NA,33,"Picea mariana (Mill.) Britton, Sterns & Poggenb.",3.8,321.5,"2017",95,"spruce","Picea mariana (Mill.) Britton, Sterns & Poggenb.","black spruce","Pinaceae","tree","mariana",0.608,"sw5",-2.0773,2.3323,"PiceaAbove0.35spg","conifer","Conifer",0.37,-2.1364,2.3233,2.24952,0.76318,NA,"Check",114.478811642303,105.107254525821,NA
"Picea","PIMA","NEON.PLA.D05.TREE.02668","TREE_012","TREE","D05",2017-10-30,"Live","single bole tree","Partially shaded",130,NA,14.5,23.4,NA,41,"Picea mariana (Mill.) Britton, Sterns & Poggenb.",3.6,192.5,"2017",95,"spruce","Picea mariana (Mill.) Britton, Sterns & Poggenb.","black spruce","Pinaceae","tree","mariana",0.608,"sw5",-2.0773,2.3323,"PiceaAbove0.35spg","conifer","Conifer",0.37,-2.1364,2.3233,2.24952,0.76318,NA,"Check",195.551979710748,179.17296079898,NA
"Picea","PIMA","NEON.PLA.D05.TREE.02552","TREE_009","TREE","D05",2019-10-16,"Live","single bole tree","Full sun",130,NA,17.9,16.5,NA,51,"Picea mariana (Mill.) Britton, Sterns & Poggenb.",9.5,243.3,"2019",95,"spruce","Picea mariana (Mill.) Britton, Sterns & Poggenb.","black spruce","Pinaceae","tree","mariana",0.608,"sw5",-2.0773,2.3323,"PiceaAbove0.35spg","conifer","Conifer",0.37,-2.1364,2.3233,2.24952,0.76318,NA,"Check",86.5720847311769,79.5707985343682,NA
"Picea","PIMA","NEON.PLA.D05.TREE.01292","TREE_048","TREE","D05",2018-10-16,"Live","single bole tree",NA,130,NA,8.6,10.1,NA,61,"Picea mariana (Mill.) Britton, Sterns & Poggenb.",9.2,248.7,"2018",95,"spruce","Picea mariana (Mill.) Britton, Sterns & Poggenb.","black spruce","Pinaceae","tree","mariana",0.608,"sw5",-2.0773,2.3323,"PiceaAbove0.35spg","conifer","Conifer",0.37,-2.1364,2.3233,2.24952,0.76318,NA,"Check",27.5561673014686,25.4397662520527,NA
"Picea","PIMA","NEON.PLA.D05.TREE.01156","TREE_048","TREE","D05",2015-08-05,"Live","single bole tree","Partially shaded",130,NA,15,21.1,NA,57,"Picea mariana (Mill.) Britton, Sterns & Poggenb.",9.2,150.2,"2015",95,"spruce","Picea mariana (Mill.) Britton, Sterns & Poggenb.","black spruce","Pinaceae","tree","mariana",0.608,"sw5",-2.0773,2.3323,"PiceaAbove0.35spg","conifer","Conifer",0.37,-2.1364,2.3233,2.24952,0.76318,NA,"Check",153.625759589939,140.889522508635,NA
"Picea","PIMA","NEON.PLA.D05.TREE.01147","TREE_048","TREE","D05",2015-08-05,"Live","single bole tree","Full sun",130,NA,15.2,33.8,NA,41,"Picea mariana (Mill.) Britton, Sterns & Poggenb.",3.1,279.1,"2015",95,"spruce","Picea mariana (Mill.) Britton, Sterns & Poggenb.","black spruce","Pinaceae","tree","mariana",0.608,"sw5",-2.0773,2.3323,"PiceaAbove0.35spg","conifer","Conifer",0.37,-2.1364,2.3233,2.24952,0.76318,NA,"Check",461.033509762746,421.022628827775,NA
"Picea","PIMA","NEON.PLA.D05.TREE.02438","TREE_012","TREE","D05",2019-10-17,"Standing dead","small tree",NA,130,NA,6.1,4.6,NA,NA,"Picea mariana (Mill.) Britton, Sterns & Poggenb.",NA,NA,"2019",95,"spruce","Picea mariana (Mill.) Britton, Sterns & Poggenb.","black spruce","Pinaceae","tree","mariana",0.608,"sw5",-2.0773,2.3323,"PiceaAbove0.35spg","conifer","Conifer",0.37,-2.1364,2.3233,2.24952,0.76318,NA,"Check",1.37907689224637,1.28795807092529,NA
"Picea","PIMA","NEON.PLA.D05.TREE.02556","TREE_009","TREE","D05",2017-10-26,"Live","single bole tree","Partially shaded",130,NA,15.8,14.5,NA,51,"Picea mariana (Mill.) Britton, Sterns & Poggenb.",6.7,221.6,"2017",95,"spruce","Picea mariana (Mill.) Britton, Sterns & Poggenb.","black spruce","Pinaceae","tree","mariana",0.608,"sw5",-2.0773,2.3323,"PiceaAbove0.35spg","conifer","Conifer",0.37,-2.1364,2.3233,2.24952,0.76318,NA,"Check",64.0469811842236,58.9358495856271,NA
"Picea","PIMA","NEON.PLA.D05.TREE.02579","TREE_009","TREE","D05",2019-10-16,"Live","single bole tree","Partially shaded",130,NA,16.9,19.6,NA,33,"Picea mariana (Mill.) Britton, Sterns & Poggenb.",10.4,293.7,"2019",95,"spruce","Picea mariana (Mill.) Britton, Sterns & Poggenb.","black spruce","Pinaceae","tree","mariana",0.608,"sw5",-2.0773,2.3323,"PiceaAbove0.35spg","conifer","Conifer",0.37,-2.1364,2.3233,2.24952,0.76318,NA,"Check",129.350737129112,118.705761792917,NA
"Picea","PIMA","NEON.PLA.D05.TREE.01014","TREE_048","TREE","D05",2017-10-18,"Live","single bole tree",NA,130,NA,13.4,13.6,NA,41,"Picea mariana (Mill.) Britton, Sterns & Poggenb.",0.8,355,"2017",95,"spruce","Picea mariana (Mill.) Britton, Sterns & Poggenb.","black spruce","Pinaceae","tree","mariana",0.608,"sw5",-2.0773,2.3323,"PiceaAbove0.35spg","conifer","Conifer",0.37,-2.1364,2.3233,2.24952,0.76318,NA,"Check",55.1560134378061,50.7836854008744,NA
"Picea","PIMA","NEON.PLA.D05.TREE.01179","TREE_048","TREE","D05",2017-10-18,"Live","single bole tree",NA,130,NA,15.9,23.4,NA,39,"Picea mariana (Mill.) Britton, Sterns & Poggenb.",4.4,11.8,"2017",95,"spruce","Picea mariana (Mill.) Britton, Sterns & Poggenb.","black spruce","Pinaceae","tree","mariana",0.608,"sw5",-2.0773,2.3323,"PiceaAbove0.35spg","conifer","Conifer",0.37,-2.1364,2.3233,2.24952,0.76318,NA,"Check",195.551979710748,179.17296079898,NA
"Picea","PIMA","NEON.PLA.D05.TREE.02578","TREE_009","TREE","D05",2019-10-16,"Live","single bole tree","Mostly shaded",130,NA,13,17.5,NA,33,"Picea mariana (Mill.) Britton, Sterns & Poggenb.",7,288.8,"2019",95,"spruce","Picea mariana (Mill.) Britton, Sterns & Poggenb.","black spruce","Pinaceae","tree","mariana",0.608,"sw5",-2.0773,2.3323,"PiceaAbove0.35spg","conifer","Conifer",0.37,-2.1364,2.3233,2.24952,0.76318,NA,"Check",99.3065086868876,91.2270365607331,NA
"Picea","PIMA","NEON.PLA.D05.TREE.03580","TREE_002","TREE","D05",2019-10-08,"Live","single bole tree","Partially shaded",130,NA,14.4,15.6,NA,31,"Picea mariana (Mill.) Britton, Sterns & Poggenb.",13.4,67.5,"2019",95,"spruce","Picea mariana (Mill.) Britton, Sterns & Poggenb.","black spruce","Pinaceae","tree","mariana",0.608,"sw5",-2.0773,2.3323,"PiceaAbove0.35spg","conifer","Conifer",0.37,-2.1364,2.3233,2.24952,0.76318,NA,"Check",75.956435081385,69.8489124011362,NA
"Picea","PIMA","NEON.PLA.D05.TREE.02582","TREE_009","TREE","D05",2019-10-16,"Standing dead","single bole tree","Partially shaded",130,NA,14,13.7,NA,31,"Picea mariana (Mill.) Britton, Sterns & Poggenb.",11.9,48.1,"2019",95,"spruce","Picea mariana (Mill.) Britton, Sterns & Poggenb.","black spruce","Pinaceae","tree","mariana",0.608,"sw5",-2.0773,2.3323,"PiceaAbove0.35spg","conifer","Conifer",0.37,-2.1364,2.3233,2.24952,0.76318,NA,"Check",56.1065353793348,51.6554515762862,NA
"Picea","PIMA","NEON.PLA.D05.TREE.03560","TREE_002","TREE","D05",2018-05-07,"Live","single bole tree","Partially shaded",130,NA,14.8,19.9,NA,31,"Picea mariana (Mill.) Britton, Sterns & Poggenb.",3.9,87.9,"2018",95,"spruce","Picea mariana (Mill.) Britton, Sterns & Poggenb.","black spruce","Pinaceae","tree","mariana",0.608,"sw5",-2.0773,2.3323,"PiceaAbove0.35spg","conifer","Conifer",0.37,-2.1364,2.3233,2.24952,0.76318,NA,"Check",134.015522167729,122.969843772247,NA
"Picea","PIMA","NEON.PLA.D05.TREE.02668","TREE_012","TREE","D05",2019-10-17,"Live","single bole tree","Partially shaded",130,NA,16.1,23.1,NA,41,"Picea mariana (Mill.) Britton, Sterns & Poggenb.",3.6,192.5,"2019",95,"spruce","Picea mariana (Mill.) Britton, Sterns & Poggenb.","black spruce","Pinaceae","tree","mariana",0.608,"sw5",-2.0773,2.3323,"PiceaAbove0.35spg","conifer","Conifer",0.37,-2.1364,2.3233,2.24952,0.76318,NA,"Check",189.754591547159,173.881341347075,NA
"Picea","PIMA","NEON.PLA.D05.TREE.02667","TREE_012","TREE","D05",2017-10-30,"Live","single bole tree","Partially shaded",130,NA,14.6,21.6,NA,41,"Picea mariana (Mill.) Britton, Sterns & Poggenb.",6.4,264.2,"2017",95,"spruce","Picea mariana (Mill.) Britton, Sterns & Poggenb.","black spruce","Pinaceae","tree","mariana",0.608,"sw5",-2.0773,2.3323,"PiceaAbove0.35spg","conifer","Conifer",0.37,-2.1364,2.3233,2.24952,0.76318,NA,"Check",162.250691554386,148.768049467061,NA
"Picea","PIMA","NEON.PLA.D05.TREE.01156","TREE_048","TREE","D05",2018-10-16,"Live","single bole tree",NA,130,NA,15.4,20.9,NA,57,"Picea mariana (Mill.) Britton, Sterns & Poggenb.",9.2,150.2,"2018",95,"spruce","Picea mariana (Mill.) Britton, Sterns & Poggenb.","black spruce","Pinaceae","tree","mariana",0.608,"sw5",-2.0773,2.3323,"PiceaAbove0.35spg","conifer","Conifer",0.37,-2.1364,2.3233,2.24952,0.76318,NA,"Check",150.25096010841,137.806319991529,NA
"Picea","PIMA","NEON.PLA.D05.TREE.01230","TREE_048","TREE","D05",2015-08-05,"Live","single bole tree","Mostly shaded",130,NA,4.1,11.5,NA,59,"Picea mariana (Mill.) Britton, Sterns & Poggenb.",2.9,145.5,"2015",95,"spruce","Picea mariana (Mill.) Britton, Sterns & Poggenb.","black spruce","Pinaceae","tree","mariana",0.608,"sw5",-2.0773,2.3323,"PiceaAbove0.35spg","conifer","Conifer",0.37,-2.1364,2.3233,2.24952,0.76318,NA,"Check",37.2997263660338,34.3947820153374,NA
"Picea","PIMA","NEON.PLA.D05.TREE.02438","TREE_012","TREE","D05",2017-10-30,"Standing dead","small tree",NA,130,NA,5.7,4.5,NA,NA,"Picea mariana (Mill.) Britton, Sterns & Poggenb.",NA,NA,"2017",95,"spruce","Picea mariana (Mill.) Britton, Sterns & Poggenb.","black spruce","Pinaceae","tree","mariana",0.608,"sw5",-2.0773,2.3323,"PiceaAbove0.35spg","conifer","Conifer",0.37,-2.1364,2.3233,2.24952,0.76318,NA,"Check",1.3101648284483,1.22384125192984,NA
"Picea","PIMA","NEON.PLA.D05.TREE.01014","TREE_048","TREE","D05",2016-10-19,"Live","single bole tree",NA,130,NA,13.3,13.5,NA,41,"Picea mariana (Mill.) Britton, Sterns & Poggenb.",0.8,355,"2016",95,"spruce","Picea mariana (Mill.) Britton, Sterns & Poggenb.","black spruce","Pinaceae","tree","mariana",0.608,"sw5",-2.0773,2.3323,"PiceaAbove0.35spg","conifer","Conifer",0.37,-2.1364,2.3233,2.24952,0.76318,NA,"Check",54.2147576832264,49.9203605301196,NA
"Picea","PIMA","NEON.PLA.D05.TREE.03575","TREE_002","TREE","D05",2019-10-08,"Live","single bole tree","Partially shaded",130,NA,19.4,23.2,NA,31,"Picea mariana (Mill.) Britton, Sterns & Poggenb.",12.6,69.9,"2019",95,"spruce","Picea mariana (Mill.) Britton, Sterns & Poggenb.","black spruce","Pinaceae","tree","mariana",0.608,"sw5",-2.0773,2.3323,"PiceaAbove0.35spg","conifer","Conifer",0.37,-2.1364,2.3233,2.24952,0.76318,NA,"Check",191.675983314893,175.635177579453,NA
"Picea","PIMA","NEON.PLA.D05.TREE.01147","TREE_048","TREE","D05",2017-10-18,"Live","single bole tree",NA,130,NA,13.6,13.7,NA,41,"Picea mariana (Mill.) Britton, Sterns & Poggenb.",3.1,279.1,"2017",95,"spruce","Picea mariana (Mill.) Britton, Sterns & Poggenb.","black spruce","Pinaceae","tree","mariana",0.608,"sw5",-2.0773,2.3323,"PiceaAbove0.35spg","conifer","Conifer",0.37,-2.1364,2.3233,2.24952,0.76318,NA,"Check",56.1065353793348,51.6554515762862,NA
"Picea","PIMA","NEON.PLA.D05.TREE.03580","TREE_002","TREE","D05",2018-05-07,"Live","single bole tree","Partially shaded",130,NA,12,15.4,NA,31,"Picea mariana (Mill.) Britton, Sterns & Poggenb.",13.4,67.5,"2018",95,"spruce","Picea mariana (Mill.) Britton, Sterns & Poggenb.","black spruce","Pinaceae","tree","mariana",0.608,"sw5",-2.0773,2.3323,"PiceaAbove0.35spg","conifer","Conifer",0.37,-2.1364,2.3233,2.24952,0.76318,NA,"Check",73.7046095650156,67.7860237715791,NA
"Picea","PIMA","NEON.PLA.D05.TREE.02561","TREE_009","TREE","D05",2019-10-16,"Live","single bole tree","Full sun",130,NA,16.3,17.5,NA,51,"Picea mariana (Mill.) Britton, Sterns & Poggenb.",4.3,218.8,"2019",95,"spruce","Picea mariana (Mill.) Britton, Sterns & Poggenb.","black spruce","Pinaceae","tree","mariana",0.608,"sw5",-2.0773,2.3323,"PiceaAbove0.35spg","conifer","Conifer",0.37,-2.1364,2.3233,2.24952,0.76318,NA,"Check",99.3065086868876,91.2270365607331,NA
"Picea","PIMA","NEON.PLA.D05.TREE.02552","TREE_009","TREE","D05",2017-10-26,"Live","single bole tree","Partially shaded",130,NA,17.8,16.3,NA,51,"Picea mariana (Mill.) Britton, Sterns & Poggenb.",9.5,243.3,"2017",95,"spruce","Picea mariana (Mill.) Britton, Sterns & Poggenb.","black spruce","Pinaceae","tree","mariana",0.608,"sw5",-2.0773,2.3323,"PiceaAbove0.35spg","conifer","Conifer",0.37,-2.1364,2.3233,2.24952,0.76318,NA,"Check",84.1444008717733,77.3479361719107,NA
"Picea","PIMA","NEON.PLA.D05.TREE.00994","TREE_048","TREE","D05",2017-10-18,"Live","single bole tree",NA,130,NA,12.8,17.5,NA,41,"Picea mariana (Mill.) Britton, Sterns & Poggenb.",7.8,339.2,"2017",95,"spruce","Picea mariana (Mill.) Britton, Sterns & Poggenb.","black spruce","Pinaceae","tree","mariana",0.608,"sw5",-2.0773,2.3323,"PiceaAbove0.35spg","conifer","Conifer",0.37,-2.1364,2.3233,2.24952,0.76318,NA,"Check",99.3065086868876,91.2270365607331,NA
"Picea","PIMA","NEON.PLA.D05.TREE.00756","TREE_051","TREE","D05",2017-09-26,"Live","small tree",NA,130,NA,3.1,4.4,NA,NA,"Picea mariana (Mill.) Britton, Sterns & Poggenb.",NA,NA,"2017",95,"spruce","Picea mariana (Mill.) Britton, Sterns & Poggenb.","black spruce","Pinaceae","tree","mariana",0.608,"sw5",-2.0773,2.3323,"PiceaAbove0.35spg","conifer","Conifer",0.37,-2.1364,2.3233,2.24952,0.76318,NA,"Check",1.24326316885284,1.16158249302367,NA
"Picea","PIMA","NEON.PLA.D05.TREE.02582","TREE_009","TREE","D05",2017-10-26,"Live","single bole tree","Partially shaded",130,NA,13.2,13.8,NA,31,"Picea mariana (Mill.) Britton, Sterns & Poggenb.",11.9,48.1,"2017",95,"spruce","Picea mariana (Mill.) Britton, Sterns & Poggenb.","black spruce","Pinaceae","tree","mariana",0.608,"sw5",-2.0773,2.3323,"PiceaAbove0.35spg","conifer","Conifer",0.37,-2.1364,2.3233,2.24952,0.76318,NA,"Check",57.066346093433,52.5356790734763,NA
"Picea","PIMA","NEON.PLA.D05.TREE.01013","TREE_048","TREE","D05",2017-10-18,"Live","single bole tree",NA,130,NA,12,15.3,NA,41,"Picea mariana (Mill.) Britton, Sterns & Poggenb.",6.4,37.7,"2017",95,"spruce","Picea mariana (Mill.) Britton, Sterns & Poggenb.","black spruce","Pinaceae","tree","mariana",0.608,"sw5",-2.0773,2.3323,"PiceaAbove0.35spg","conifer","Conifer",0.37,-2.1364,2.3233,2.24952,0.76318,NA,"Check",72.5931926057585,66.7677698089557,NA
"Picea","PIMA","NEON.PLA.D05.TREE.00984","TREE_048","TREE","D05",2015-08-05,"Live","single bole tree","Full sun",130,NA,7.9,12,NA,41,"Picea mariana (Mill.) Britton, Sterns & Poggenb.",2.9,266.3,"2015",95,"spruce","Picea mariana (Mill.) Britton, Sterns & Poggenb.","black spruce","Pinaceae","tree","mariana",0.608,"sw5",-2.0773,2.3323,"PiceaAbove0.35spg","conifer","Conifer",0.37,-2.1364,2.3233,2.24952,0.76318,NA,"Check",41.1921530926886,37.9695157036648,NA
"Picea","PIMA","NEON.PLA.D05.TREE.02553","TREE_009","TREE","D05",2019-10-16,"Live, broken bole","single bole tree","Partially shaded",130,NA,13.2,15.3,NA,51,"Picea mariana (Mill.) Britton, Sterns & Poggenb.",5.6,244.3,"2019",95,"spruce","Picea mariana (Mill.) Britton, Sterns & Poggenb.","black spruce","Pinaceae","tree","mariana",0.608,"sw5",-2.0773,2.3323,"PiceaAbove0.35spg","conifer","Conifer",0.37,-2.1364,2.3233,2.24952,0.76318,NA,"Check",72.5931926057585,66.7677698089557,NA
"Picea","PIMA","NEON.PLA.D05.TREE.02562","TREE_009","TREE","D05",2019-10-16,"Dead, broken bole","small tree",NA,130,NA,8,6.1,NA,NA,"Picea mariana (Mill.) Britton, Sterns & Poggenb.",NA,NA,"2019",95,"spruce","Picea mariana (Mill.) Britton, Sterns & Poggenb.","black spruce","Pinaceae","tree","mariana",0.608,"sw5",-2.0773,2.3323,"PiceaAbove0.35spg","conifer","Conifer",0.37,-2.1364,2.3233,2.24952,0.76318,NA,"Check",2.66356417430612,2.48126563252029,NA
"Picea","PIMA","NEON.PLA.D05.TREE.01156","TREE_048","TREE","D05",2017-10-18,"Live","single bole tree",NA,130,NA,15,20.9,NA,57,"Picea mariana (Mill.) Britton, Sterns & Poggenb.",9.2,150.2,"2017",95,"spruce","Picea mariana (Mill.) Britton, Sterns & Poggenb.","black spruce","Pinaceae","tree","mariana",0.608,"sw5",-2.0773,2.3323,"PiceaAbove0.35spg","conifer","Conifer",0.37,-2.1364,2.3233,2.24952,0.76318,NA,"Check",150.25096010841,137.806319991529,NA
"Picea","PIMA","NEON.PLA.D05.TREE.01230","TREE_048","TREE","D05",2017-10-18,"Dead, broken bole","single bole tree",NA,130,NA,4.3,11.3,NA,59,"Picea mariana (Mill.) Britton, Sterns & Poggenb.",2.9,145.5,"2017",95,"spruce","Picea mariana (Mill.) Britton, Sterns & Poggenb.","black spruce","Pinaceae","tree","mariana",0.608,"sw5",-2.0773,2.3323,"PiceaAbove0.35spg","conifer","Conifer",0.37,-2.1364,2.3233,2.24952,0.76318,NA,"Check",35.8042784911861,33.0210148578667,NA
"Picea","PIMA","NEON.PLA.D05.TREE.01156","TREE_048","TREE","D05",2021-09-23,"Live","single bole tree","Full sun",130,NA,14.1,21.6,NA,57,"Picea mariana (Mill.) Britton, Sterns & Poggenb.",9.2,150.2,"2021",95,"spruce","Picea mariana (Mill.) Britton, Sterns & Poggenb.","black spruce","Pinaceae","tree","mariana",0.608,"sw5",-2.0773,2.3323,"PiceaAbove0.35spg","conifer","Conifer",0.37,-2.1364,2.3233,2.24952,0.76318,NA,"Check",162.250691554386,148.768049467061,NA
"Picea","PIMA","NEON.PLA.D05.TREE.00994","TREE_048","TREE","D05",2021-09-23,"Live","single bole tree","Partially shaded",130,NA,14.1,17.9,NA,41,"Picea mariana (Mill.) Britton, Sterns & Poggenb.",7.8,339.2,"2021",95,"spruce","Picea mariana (Mill.) Britton, Sterns & Poggenb.","black spruce","Pinaceae","tree","mariana",0.608,"sw5",-2.0773,2.3323,"PiceaAbove0.35spg","conifer","Conifer",0.37,-2.1364,2.3233,2.24952,0.76318,NA,"Check",104.681321583967,96.1450026491995,NA
"Picea","PIMA","NEON.PLA.D05.TREE.02581","TREE_009","TREE","D05",2019-10-16,"Live","single bole tree","Full sun",130,NA,16.1,18.6,NA,31,"Picea mariana (Mill.) Britton, Sterns & Poggenb.",12.2,50.3,"2019",95,"spruce","Picea mariana (Mill.) Britton, Sterns & Poggenb.","black spruce","Pinaceae","tree","mariana",0.608,"sw5",-2.0773,2.3323,"PiceaAbove0.35spg","conifer","Conifer",0.37,-2.1364,2.3233,2.24952,0.76318,NA,"Check",114.478811642303,105.107254525821,NA
"Picea","PIMA","NEON.PLA.D05.TREE.01014","TREE_048","TREE","D05",2018-10-16,"Live","single bole tree",NA,130,NA,13.7,13.5,NA,41,"Picea mariana (Mill.) Britton, Sterns & Poggenb.",0.8,355,"2018",95,"spruce","Picea mariana (Mill.) Britton, Sterns & Poggenb.","black spruce","Pinaceae","tree","mariana",0.608,"sw5",-2.0773,2.3323,"PiceaAbove0.35spg","conifer","Conifer",0.37,-2.1364,2.3233,2.24952,0.76318,NA,"Check",54.2147576832264,49.9203605301196,NA
"Picea","PIMA","NEON.PLA.D05.TREE.02559","TREE_009","TREE","D05",2019-10-16,"Live","single bole tree","Partially shaded",130,NA,12.1,11.7,NA,51,"Picea mariana (Mill.) Britton, Sterns & Poggenb.",1.6,247,"2019",95,"spruce","Picea mariana (Mill.) Britton, Sterns & Poggenb.","black spruce","Pinaceae","tree","mariana",0.608,"sw5",-2.0773,2.3323,"PiceaAbove0.35spg","conifer","Conifer",0.37,-2.1364,2.3233,2.24952,0.76318,NA,"Check",38.8302295634529,35.8005320906156,NA
"Picea","PIMA","NEON.PLA.D05.TREE.01197","TREE_048","TREE","D05",2021-09-23,"Live","single bole tree","Full sun",130,NA,10.2,17.8,NA,39,"Picea mariana (Mill.) Britton, Sterns & Poggenb.",11,54.9,"2021",95,"spruce","Picea mariana (Mill.) Britton, Sterns & Poggenb.","black spruce","Pinaceae","tree","mariana",0.608,"sw5",-2.0773,2.3323,"PiceaAbove0.35spg","conifer","Conifer",0.37,-2.1364,2.3233,2.24952,0.76318,NA,"Check",103.322437732794,94.9017148798137,NA
"Picea","PIMA","NEON.PLA.D05.TREE.01013","TREE_048","TREE","D05",2018-10-16,"Live","single bole tree",NA,130,NA,11.1,15.2,NA,41,"Picea mariana (Mill.) Britton, Sterns & Poggenb.",6.4,37.7,"2018",95,"spruce","Picea mariana (Mill.) Britton, Sterns & Poggenb.","black spruce","Pinaceae","tree","mariana",0.608,"sw5",-2.0773,2.3323,"PiceaAbove0.35spg","conifer","Conifer",0.37,-2.1364,2.3233,2.24952,0.76318,NA,"Check",71.4914116984433,65.7582847898985,NA
"Picea","PIMA","NEON.PLA.D05.TREE.01177","TREE_048","TREE","D05",2018-10-16,"Live","single bole tree",NA,130,NA,9.4,10.8,NA,41,"Picea mariana (Mill.) Britton, Sterns & Poggenb.",5.1,285.1,"2018",95,"spruce","Picea mariana (Mill.) Britton, Sterns & Poggenb.","black spruce","Pinaceae","tree","mariana",0.608,"sw5",-2.0773,2.3323,"PiceaAbove0.35spg","conifer","Conifer",0.37,-2.1364,2.3233,2.24952,0.76318,NA,"Check",32.2176825271974,29.7253296772787,NA
"Picea","PIMA","NEON.PLA.D05.TREE.02662","TREE_012","TREE","D05",2019-10-17,"Live","single bole tree","Mostly shaded",130,NA,10.1,13.3,NA,41,"Picea mariana (Mill.) Britton, Sterns & Poggenb.",8,358.4,"2019",95,"spruce","Picea mariana (Mill.) Britton, Sterns & Poggenb.","black spruce","Pinaceae","tree","mariana",0.608,"sw5",-2.0773,2.3323,"PiceaAbove0.35spg","conifer","Conifer",0.37,-2.1364,2.3233,2.24952,0.76318,NA,"Check",52.3599538352495,48.2189541335989,NA
"Picea","PIMA","NEON.PLA.D05.TREE.01147","TREE_048","TREE","D05",2021-09-23,"Standing dead","single bole tree","Partially shaded",130,NA,15.6,31.2,NA,41,"Picea mariana (Mill.) Britton, Sterns & Poggenb.",3.1,279.1,"2021",95,"spruce","Picea mariana (Mill.) Britton, Sterns & Poggenb.","black spruce","Pinaceae","tree","mariana",0.608,"sw5",-2.0773,2.3323,"PiceaAbove0.35spg","conifer","Conifer",0.37,-2.1364,2.3233,2.24952,0.76318,NA,"Check",382.522365150161,349.576827847783,NA
"Picea","PIMA","NEON.PLA.D05.TREE.01156","TREE_048","TREE","D05",2016-10-19,"Live","single bole tree",NA,130,NA,15,20.9,NA,57,"Picea mariana (Mill.) Britton, Sterns & Poggenb.",9.2,150.2,"2016",95,"spruce","Picea mariana (Mill.) Britton, Sterns & Poggenb.","black spruce","Pinaceae","tree","mariana",0.608,"sw5",-2.0773,2.3323,"PiceaAbove0.35spg","conifer","Conifer",0.37,-2.1364,2.3233,2.24952,0.76318,NA,"Check",150.25096010841,137.806319991529,NA
"Picea","PIMA","NEON.PLA.D05.TREE.01281","TREE_048","TREE","D05",2017-10-18,"Live","single bole tree",NA,130,NA,13.6,12,NA,41,"Picea mariana (Mill.) Britton, Sterns & Poggenb.",8,1.4,"2017",95,"spruce","Picea mariana (Mill.) Britton, Sterns & Poggenb.","black spruce","Pinaceae","tree","mariana",0.608,"sw5",-2.0773,2.3323,"PiceaAbove0.35spg","conifer","Conifer",0.37,-2.1364,2.3233,2.24952,0.76318,NA,"Check",41.1921530926886,37.9695157036648,NA
"Picea","PIMA","NEON.PLA.D05.TREE.02558","TREE_009","TREE","D05",2019-10-16,"Live","single bole tree","Full sun",130,NA,18.5,22,NA,51,"Picea mariana (Mill.) Britton, Sterns & Poggenb.",8.7,196.1,"2019",95,"spruce","Picea mariana (Mill.) Britton, Sterns & Poggenb.","black spruce","Pinaceae","tree","mariana",0.608,"sw5",-2.0773,2.3323,"PiceaAbove0.35spg","conifer","Conifer",0.37,-2.1364,2.3233,2.24952,0.76318,NA,"Check",169.345043994612,155.24723829377,NA
"Picea","PIMA","NEON.PLA.D05.TREE.00994","TREE_048","TREE","D05",2016-10-19,"Live","single bole tree",NA,130,NA,13.2,17.4,NA,41,"Picea mariana (Mill.) Britton, Sterns & Poggenb.",7.8,339.2,"2016",95,"spruce","Picea mariana (Mill.) Britton, Sterns & Poggenb.","black spruce","Pinaceae","tree","mariana",0.608,"sw5",-2.0773,2.3323,"PiceaAbove0.35spg","conifer","Conifer",0.37,-2.1364,2.3233,2.24952,0.76318,NA,"Check",97.9880430926372,90.0204827107928,NA
"Picea","PIMA","NEON.PLA.D05.TREE.01210","TREE_048","TREE","D05",2017-10-18,"Live","single bole tree",NA,130,NA,11.3,15.2,NA,41,"Picea mariana (Mill.) Britton, Sterns & Poggenb.",9,25.5,"2017",95,"spruce","Picea mariana (Mill.) Britton, Sterns & Poggenb.","black spruce","Pinaceae","tree","mariana",0.608,"sw5",-2.0773,2.3323,"PiceaAbove0.35spg","conifer","Conifer",0.37,-2.1364,2.3233,2.24952,0.76318,NA,"Check",71.4914116984433,65.7582847898985,NA
"Picea","PIMA","NEON.PLA.D05.TREE.03578","TREE_002","TREE","D05",2018-05-07,"Live","single bole tree","Mostly shaded",130,NA,12.9,13.3,NA,31,"Picea mariana (Mill.) Britton, Sterns & Poggenb.",11.7,86.3,"2018",95,"spruce","Picea mariana (Mill.) Britton, Sterns & Poggenb.","black spruce","Pinaceae","tree","mariana",0.608,"sw5",-2.0773,2.3323,"PiceaAbove0.35spg","conifer","Conifer",0.37,-2.1364,2.3233,2.24952,0.76318,NA,"Check",52.3599538352495,48.2189541335989,NA
"Picea","PIMA","NEON.PLA.D05.TREE.01155","TREE_048","TREE","D05",2015-08-05,"Live","single bole tree","Partially shaded",130,NA,10.8,14.2,NA,59,"Picea mariana (Mill.) Britton, Sterns & Poggenb.",5.1,243.9,"2015",95,"spruce","Picea mariana (Mill.) Britton, Sterns & Poggenb.","black spruce","Pinaceae","tree","mariana",0.608,"sw5",-2.0773,2.3323,"PiceaAbove0.35spg","conifer","Conifer",0.37,-2.1364,2.3233,2.24952,0.76318,NA,"Check",60.9989245721659,56.1415991952777,NA
"Picea","PIMA","NEON.PLA.D05.TREE.02551","TREE_009","TREE","D05",2017-10-26,"Live","single bole tree","Partially shaded",130,NA,16.4,14.3,NA,41,"Picea mariana (Mill.) Britton, Sterns & Poggenb.",2.2,359.7,"2017",95,"spruce","Picea mariana (Mill.) Britton, Sterns & Poggenb.","black spruce","Pinaceae","tree","mariana",0.608,"sw5",-2.0773,2.3323,"PiceaAbove0.35spg","conifer","Conifer",0.37,-2.1364,2.3233,2.24952,0.76318,NA,"Check",62.0055141358375,57.0644301474305,NA
"Picea","PIMA","NEON.PLA.D05.TREE.01281","TREE_048","TREE","D05",2018-10-16,"Live","single bole tree",NA,130,NA,12.5,11.9,NA,41,"Picea mariana (Mill.) Britton, Sterns & Poggenb.",8,1.4,"2018",95,"spruce","Picea mariana (Mill.) Britton, Sterns & Poggenb.","black spruce","Pinaceae","tree","mariana",0.608,"sw5",-2.0773,2.3323,"PiceaAbove0.35spg","conifer","Conifer",0.37,-2.1364,2.3233,2.24952,0.76318,NA,"Check",40.3959895143994,37.2384438691449,NA
"Picea","PIMA","NEON.PLA.D05.TREE.02559","TREE_009","TREE","D05",2017-10-26,"Live","single bole tree","Mostly shaded",130,NA,12.4,11.6,NA,51,"Picea mariana (Mill.) Britton, Sterns & Poggenb.",1.6,247,"2017",95,"spruce","Picea mariana (Mill.) Britton, Sterns & Poggenb.","black spruce","Pinaceae","tree","mariana",0.608,"sw5",-2.0773,2.3323,"PiceaAbove0.35spg","conifer","Conifer",0.37,-2.1364,2.3233,2.24952,0.76318,NA,"Check",38.0605834056345,35.0936479652679,NA
"Picea","PIMA","NEON.PLA.D05.TREE.01128","TREE_048","TREE","D05",2021-09-23,"Standing dead","single bole tree","Full sun",130,NA,13.4,11.2,NA,41,"Picea mariana (Mill.) Britton, Sterns & Poggenb.",5.9,340.6,"2021",95,"spruce","Picea mariana (Mill.) Britton, Sterns & Poggenb.","black spruce","Pinaceae","tree","mariana",0.608,"sw5",-2.0773,2.3323,"PiceaAbove0.35spg","conifer","Conifer",0.37,-2.1364,2.3233,2.24952,0.76318,NA,"Check",35.0696367110309,32.3460684257466,NA
"Picea","PIMA","NEON.PLA.D05.TREE.02579","TREE_009","TREE","D05",2017-10-26,"Live","single bole tree","Partially shaded",130,NA,16.2,19.7,NA,33,"Picea mariana (Mill.) Britton, Sterns & Poggenb.",10.4,293.7,"2017",95,"spruce","Picea mariana (Mill.) Britton, Sterns & Poggenb.","black spruce","Pinaceae","tree","mariana",0.608,"sw5",-2.0773,2.3323,"PiceaAbove0.35spg","conifer","Conifer",0.37,-2.1364,2.3233,2.24952,0.76318,NA,"Check",130.895179202746,120.117601624994,NA
"Picea","PIGL","NEON.PLA.D05.TREE.01104","TREE_043","TREE","D05",2018-10-15,"Live","single bole tree",NA,130,NA,19.5,37.3,NA,41,"Picea glauca (Moench) Voss",9.1,33.2,"2018",94,"spruce","Picea glauca (Moench) Voss","white spruce","Pinaceae","tree","glauca",0.608,"sw5",-2.0773,2.3323,"PiceaAbove0.35spg","conifer","Conifer",0.37,-2.1364,2.3233,2.24952,0.76318,NA,"Check",580.14503680996,529.327427417716,NA
"Picea","PIGL","NEON.PLA.D05.TREE.00357","TREE_054","TREE","D05",2022-09-07,"Standing dead","small tree","Full shade",130,NA,4.2,3.8,NA,NA,"Picea glauca (Moench) Voss",NA,NA,"2022",94,"spruce","Picea glauca (Moench) Voss","white spruce","Pinaceae","tree","glauca",0.608,"sw5",-2.0773,2.3323,"PiceaAbove0.35spg","conifer","Conifer",0.37,-2.1364,2.3233,2.24952,0.76318,NA,"Check",0.883217515300421,0.826280844296746,NA
"Picea","PIGL","NEON.PLA.D05.TREE.00168","TREE_056","TREE","D05",2017-09-25,"Live","small tree",NA,130,NA,5,8.3,NA,21,"Picea glauca (Moench) Voss",0.6,8.1,"2017",94,"spruce","Picea glauca (Moench) Voss","white spruce","Pinaceae","tree","glauca",0.608,"sw5",-2.0773,2.3323,"PiceaAbove0.35spg","conifer","Conifer",0.37,-2.1364,2.3233,2.24952,0.76318,NA,"Check",5.46266069158946,5.07470249306608,NA
"Picea","PIGL","NEON.PLA.D05.TREE.01474","TREE_039","TREE","D05",2016-10-18,"Standing dead","single bole tree",NA,130,NA,6.1,10.5,NA,43,"Picea glauca (Moench) Voss",1.7,335.7,"2016",94,"spruce","Picea glauca (Moench) Voss","white spruce","Pinaceae","tree","glauca",0.608,"sw5",-2.0773,2.3323,"PiceaAbove0.35spg","conifer","Conifer",0.37,-2.1364,2.3233,2.24952,0.76318,NA,"Check",30.1689277504457,27.842124259166,NA
"Picea","PIGL","NEON.PLA.D05.TREE.03276","TREE_039","TREE","D05",2020-10-01,"Live","single bole tree","Partially shaded",130,NA,6,12.4,NA,23,"Picea glauca (Moench) Voss",9.5,38,"2020",94,"spruce","Picea glauca (Moench) Voss","white spruce","Pinaceae","tree","glauca",0.608,"sw5",-2.0773,2.3323,"PiceaAbove0.35spg","conifer","Conifer",0.37,-2.1364,2.3233,2.24952,0.76318,NA,"Check",44.4659391204555,40.975085645511,NA
"Picea","PIGL","NEON.PLA.D05.TREE.01163","TREE_039","TREE","D05",2018-10-17,"Live","single bole tree",NA,130,NA,7.8,13.3,NA,25,"Picea glauca (Moench) Voss",11.8,303,"2018",94,"spruce","Picea glauca (Moench) Voss","white spruce","Pinaceae","tree","glauca",0.608,"sw5",-2.0773,2.3323,"PiceaAbove0.35spg","conifer","Conifer",0.37,-2.1364,2.3233,2.24952,0.76318,NA,"Check",52.3599538352495,48.2189541335989,NA
"Picea","PIGL","NEON.PLA.D05.TREE.00738","TREE_052","TREE","D05",2015-08-03,"Live","small tree","Mostly shaded",130,NA,4.1,4.5,NA,NA,"Picea glauca (Moench) Voss",NA,NA,"2015",94,"spruce","Picea glauca (Moench) Voss","white spruce","Pinaceae","tree","glauca",0.608,"sw5",-2.0773,2.3323,"PiceaAbove0.35spg","conifer","Conifer",0.37,-2.1364,2.3233,2.24952,0.76318,NA,"Check",1.3101648284483,1.22384125192984,NA
"Picea","PIGL","NEON.PLA.D05.TREE.01267","TREE_043","TREE","D05",2019-10-23,"Live","single bole tree",NA,130,NA,20.4,27.6,NA,57,"Picea glauca (Moench) Voss",2.3,131.3,"2019",94,"spruce","Picea glauca (Moench) Voss","white spruce","Pinaceae","tree","glauca",0.608,"sw5",-2.0773,2.3323,"PiceaAbove0.35spg","conifer","Conifer",0.37,-2.1364,2.3233,2.24952,0.76318,NA,"Check",287.390444993218,262.9283035055,NA
"Picea","PIGL","NEON.PLA.D05.TREE.01413","TREE_039","TREE","D05",2020-10-01,"Live","single bole tree","Partially shaded",130,NA,16.7,31.5,NA,41,"Picea glauca (Moench) Voss",11.2,76.8,"2020",94,"spruce","Picea glauca (Moench) Voss","white spruce","Pinaceae","tree","glauca",0.608,"sw5",-2.0773,2.3323,"PiceaAbove0.35spg","conifer","Conifer",0.37,-2.1364,2.3233,2.24952,0.76318,NA,"Check",391.155802757955,357.435907102987,NA
"Picea","PIGL","NEON.PLA.D05.TREE.01425","TREE_039","TREE","D05",2019-10-23,"Live","small tree",NA,130,NA,6.3,9.1,NA,NA,"Picea glauca (Moench) Voss",NA,NA,"2019",94,"spruce","Picea glauca (Moench) Voss","white spruce","Pinaceae","tree","glauca",0.608,"sw5",-2.0773,2.3323,"PiceaAbove0.35spg","conifer","Conifer",0.37,-2.1364,2.3233,2.24952,0.76318,NA,"Check",6.77034235249069,6.28430596382664,NA
"Picea","PIGL","NEON.PLA.D05.TREE.01267","TREE_043","TREE","D05",2018-10-15,"Live","single bole tree",NA,130,NA,20,27.5,NA,57,"Picea glauca (Moench) Voss",2.3,131.3,"2018",94,"spruce","Picea glauca (Moench) Voss","white spruce","Pinaceae","tree","glauca",0.608,"sw5",-2.0773,2.3323,"PiceaAbove0.35spg","conifer","Conifer",0.37,-2.1364,2.3233,2.24952,0.76318,NA,"Check",284.967750777009,260.720341576372,NA
"Picea","PIGL","NEON.PLA.D05.TREE.01267","TREE_043","TREE","D05",2016-10-19,"Live","single bole tree",NA,130,NA,19.7,26.9,NA,57,"Picea glauca (Moench) Voss",2.3,131.3,"2016",94,"spruce","Picea glauca (Moench) Voss","white spruce","Pinaceae","tree","glauca",0.608,"sw5",-2.0773,2.3323,"PiceaAbove0.35spg","conifer","Conifer",0.37,-2.1364,2.3233,2.24952,0.76318,NA,"Check",270.676975679841,247.694715421601,NA
"Picea","PIGL","NEON.PLA.D05.TREE.02699","TREE_023","TREE","D05",2019-11-04,"Live","single bole tree","Partially shaded",130,NA,14.7,22.4,NA,31,"Picea glauca (Moench) Voss",9.4,34.5,"2019",94,"spruce","Picea glauca (Moench) Voss","white spruce","Pinaceae","tree","glauca",0.608,"sw5",-2.0773,2.3323,"PiceaAbove0.35spg","conifer","Conifer",0.37,-2.1364,2.3233,2.24952,0.76318,NA,"Check",176.613349024172,161.884209859736,NA
"Picea","PIGL","NEON.PLA.D05.TREE.01109","TREE_043","TREE","D05",2016-10-19,"Live","single bole tree",NA,130,NA,18.6,33.2,NA,59,"Picea glauca (Moench) Voss",9.4,167.5,"2016",94,"spruce","Picea glauca (Moench) Voss","white spruce","Pinaceae","tree","glauca",0.608,"sw5",-2.0773,2.3323,"PiceaAbove0.35spg","conifer","Conifer",0.37,-2.1364,2.3233,2.24952,0.76318,NA,"Check",442.171172679347,403.862359954702,NA
"Picea","PIGL","NEON.PLA.D05.TREE.00857","TREE_052","TREE","D05",2017-09-26,"Live","single bole tree",NA,130,NA,8.5,13.9,NA,25,"Picea glauca (Moench) Voss",8.5,303,"2017",94,"spruce","Picea glauca (Moench) Voss","white spruce","Pinaceae","tree","glauca",0.608,"sw5",-2.0773,2.3323,"PiceaAbove0.35spg","conifer","Conifer",0.37,-2.1364,2.3233,2.24952,0.76318,NA,"Check",58.0354680559101,53.4243878109341,NA
"Picea","PIGL","NEON.PLA.D05.TREE.01114","TREE_043","TREE","D05",2016-10-19,"Live","single bole tree",NA,130,NA,16.2,26.7,NA,41,"Picea glauca (Moench) Voss",3.6,49.5,"2016",94,"spruce","Picea glauca (Moench) Voss","white spruce","Pinaceae","tree","glauca",0.608,"sw5",-2.0773,2.3323,"PiceaAbove0.35spg","conifer","Conifer",0.37,-2.1364,2.3233,2.24952,0.76318,NA,"Check",266.006523680836,243.437165381551,NA
"Picea","PIGL","NEON.PLA.D05.TREE.01211","TREE_043","TREE","D05",2015-08-05,"Live","single bole tree","Full sun",130,NA,15,30.8,NA,41,"Picea glauca (Moench) Voss",6.2,294.2,"2015",94,"spruce","Picea glauca (Moench) Voss","white spruce","Pinaceae","tree","glauca",0.608,"sw5",-2.0773,2.3323,"PiceaAbove0.35spg","conifer","Conifer",0.37,-2.1364,2.3233,2.24952,0.76318,NA,"Check",371.182001144081,339.252571699278,NA
"Picea","PIGL","NEON.PLA.D05.TREE.01293","TREE_043","TREE","D05",2018-10-15,"Live","single bole tree",NA,130,NA,20.7,34.2,NA,39,"Picea glauca (Moench) Voss",8,54,"2018",94,"spruce","Picea glauca (Moench) Voss","white spruce","Pinaceae","tree","glauca",0.608,"sw5",-2.0773,2.3323,"PiceaAbove0.35spg","conifer","Conifer",0.37,-2.1364,2.3233,2.24952,0.76318,NA,"Check",473.859028703035,432.689265553031,NA
"Picea","PIGL","NEON.PLA.D05.TREE.01211","TREE_043","TREE","D05",2016-10-19,"Live","single bole tree",NA,130,NA,16.2,30.7,NA,41,"Picea glauca (Moench) Voss",6.2,294.2,"2016",94,"spruce","Picea glauca (Moench) Voss","white spruce","Pinaceae","tree","glauca",0.608,"sw5",-2.0773,2.3323,"PiceaAbove0.35spg","conifer","Conifer",0.37,-2.1364,2.3233,2.24952,0.76318,NA,"Check",368.377338543924,336.699023318636,NA
"Picea","PIGL","NEON.PLA.D05.TREE.01215","TREE_047","TREE","D05",2016-10-19,"Live","single bole tree",NA,130,NA,22.7,37.5,NA,39,"Picea glauca (Moench) Voss",3.8,76,"2016",94,"spruce","Picea glauca (Moench) Voss","white spruce","Pinaceae","tree","glauca",0.608,"sw5",-2.0773,2.3323,"PiceaAbove0.35spg","conifer","Conifer",0.37,-2.1364,2.3233,2.24952,0.76318,NA,"Check",587.426045433042,535.944863719093,NA
"Picea","PIGL","NEON.PLA.D05.TREE.01107","TREE_043","TREE","D05",2018-10-15,"Live, broken bole","single bole tree",NA,130,NA,12.6,30,NA,43,"Picea glauca (Moench) Voss",7.8,277.3,"2018",94,"spruce","Picea glauca (Moench) Voss","white spruce","Pinaceae","tree","glauca",0.608,"sw5",-2.0773,2.3323,"PiceaAbove0.35spg","conifer","Conifer",0.37,-2.1364,2.3233,2.24952,0.76318,NA,"Check",349.084025249165,319.131063832805,NA
"Picea","PIGL","NEON.PLA.D05.TREE.00720","TREE_051","TREE","D05",2018-10-09,"Live","small tree",NA,130,NA,2.2,2.4,NA,NA,"Picea glauca (Moench) Voss",NA,NA,"2018",94,"spruce","Picea glauca (Moench) Voss","white spruce","Pinaceae","tree","glauca",0.608,"sw5",-2.0773,2.3323,"PiceaAbove0.35spg","conifer","Conifer",0.37,-2.1364,2.3233,2.24952,0.76318,NA,"Check",0.302416212354682,0.284093457601521,NA
"Picea","PIGL","NEON.PLA.D05.TREE.01419","TREE_039","TREE","D05",2019-10-23,"Dead, broken bole","single bole tree",NA,130,NA,8.9,15.4,NA,41,"Picea glauca (Moench) Voss",12.4,68.5,"2019",94,"spruce","Picea glauca (Moench) Voss","white spruce","Pinaceae","tree","glauca",0.608,"sw5",-2.0773,2.3323,"PiceaAbove0.35spg","conifer","Conifer",0.37,-2.1364,2.3233,2.24952,0.76318,NA,"Check",73.7046095650156,67.7860237715791,NA
"Picea","PIGL","NEON.PLA.D05.TREE.00380","TREE_054","TREE","D05",2018-10-09,"Live","small tree",NA,130,NA,2.3,2.2,NA,NA,"Picea glauca (Moench) Voss",NA,NA,"2018",94,"spruce","Picea glauca (Moench) Voss","white spruce","Pinaceae","tree","glauca",0.608,"sw5",-2.0773,2.3323,"PiceaAbove0.35spg","conifer","Conifer",0.37,-2.1364,2.3233,2.24952,0.76318,NA,"Check",0.246871416621554,0.232095686380084,NA
"Picea","PIGL","NEON.PLA.D05.TREE.01052","TREE_047","TREE","D05",2017-10-16,"Live","small tree",NA,130,NA,4.3,5.8,NA,NA,"Picea glauca (Moench) Voss",NA,NA,"2017",94,"spruce","Picea glauca (Moench) Voss","white spruce","Pinaceae","tree","glauca",0.608,"sw5",-2.0773,2.3323,"PiceaAbove0.35spg","conifer","Conifer",0.37,-2.1364,2.3233,2.24952,0.76318,NA,"Check",2.36799892048894,2.20693078115158,NA
"Picea","PIGL","NEON.PLA.D05.TREE.01213","TREE_047","TREE","D05",2015-08-06,"Live","small tree","Mostly shaded",130,NA,4.8,6.6,NA,NA,"Picea glauca (Moench) Voss",NA,NA,"2015",94,"spruce","Picea glauca (Moench) Voss","white spruce","Pinaceae","tree","glauca",0.608,"sw5",-2.0773,2.3323,"PiceaAbove0.35spg","conifer","Conifer",0.37,-2.1364,2.3233,2.24952,0.76318,NA,"Check",3.20081601657756,2.97963371701584,NA
"Picea","PIGL","NEON.PLA.D05.TREE.00767","TREE_052","TREE","D05",2015-08-03,"Live","small tree",NA,130,NA,1.8,1.1,NA,NA,"Picea glauca (Moench) Voss",NA,NA,"2015",94,"spruce","Picea glauca (Moench) Voss","white spruce","Pinaceae","tree","glauca",0.608,"sw5",-2.0773,2.3323,"PiceaAbove0.35spg","conifer","Conifer",0.37,-2.1364,2.3233,2.24952,0.76318,NA,"Check",0.0490205918357313,0.0463750168066148,NA
"Picea","PIGL","NEON.PLA.D05.TREE.01076","TREE_047","TREE","D05",2017-10-16,"Live","small tree",NA,130,NA,3.7,4.8,NA,NA,"Picea glauca (Moench) Voss",NA,NA,"2017",94,"spruce","Picea glauca (Moench) Voss","white spruce","Pinaceae","tree","glauca",0.608,"sw5",-2.0773,2.3323,"PiceaAbove0.35spg","conifer","Conifer",0.37,-2.1364,2.3233,2.24952,0.76318,NA,"Check",1.52299097088637,1.42181869848317,NA
"Picea","PIGL","NEON.PLA.D05.TREE.01104","TREE_043","TREE","D05",2019-10-23,"Live","single bole tree",NA,130,NA,17.9,37.4,NA,41,"Picea glauca (Moench) Voss",9.1,33.2,"2019",94,"spruce","Picea glauca (Moench) Voss","white spruce","Pinaceae","tree","glauca",0.608,"sw5",-2.0773,2.3323,"PiceaAbove0.35spg","conifer","Conifer",0.37,-2.1364,2.3233,2.24952,0.76318,NA,"Check",583.779056842498,532.630292060482,NA
"Picea","PIGL","NEON.PLA.D05.TREE.00799","TREE_052","TREE","D05",2017-09-26,"Live","small tree",NA,130,NA,2.5,2.5,NA,NA,"Picea glauca (Moench) Voss",NA,NA,"2017",94,"spruce","Picea glauca (Moench) Voss","white spruce","Pinaceae","tree","glauca",0.608,"sw5",-2.0773,2.3323,"PiceaAbove0.35spg","conifer","Conifer",0.37,-2.1364,2.3233,2.24952,0.76318,NA,"Check",0.332624222880482,0.312356448850475,NA
"Picea","PIGL","NEON.PLA.D05.TREE.01267","TREE_043","TREE","D05",2020-10-05,"Live","single bole tree","Partially shaded",130,NA,19,27.8,NA,57,"Picea glauca (Moench) Voss",2.3,131.3,"2020",94,"spruce","Picea glauca (Moench) Voss","white spruce","Pinaceae","tree","glauca",0.608,"sw5",-2.0773,2.3323,"PiceaAbove0.35spg","conifer","Conifer",0.37,-2.1364,2.3233,2.24952,0.76318,NA,"Check",292.271016663129,267.376074711112,NA
"Picea","PIGL","NEON.PLA.D05.TREE.00711","TREE_052","TREE","D05",2016-09-29,"Live","small tree",NA,130,NA,2.9,3.2,NA,NA,"Picea glauca (Moench) Voss",NA,NA,"2016",94,"spruce","Picea glauca (Moench) Voss","white spruce","Pinaceae","tree","glauca",0.608,"sw5",-2.0773,2.3323,"PiceaAbove0.35spg","conifer","Conifer",0.37,-2.1364,2.3233,2.24952,0.76318,NA,"Check",0.5915612052651,0.554282796231014,NA
"Picea","PIGL","NEON.PLA.D05.TREE.00168","TREE_056","TREE","D05",2021-09-22,"Live","small tree","Full shade",130,NA,6.2,9.6,NA,21,"Picea glauca (Moench) Voss",0.6,8.1,"2021",94,"spruce","Picea glauca (Moench) Voss","white spruce","Pinaceae","tree","glauca",0.608,"sw5",-2.0773,2.3323,"PiceaAbove0.35spg","conifer","Conifer",0.37,-2.1364,2.3233,2.24952,0.76318,NA,"Check",7.66989798377953,7.11585697334818,NA
"Picea","PIGL","NEON.PLA.D05.TREE.00168","TREE_056","TREE","D05",2018-10-09,"Live","small tree",NA,130,NA,5.7,8.3,NA,21,"Picea glauca (Moench) Voss",0.6,8.1,"2018",94,"spruce","Picea glauca (Moench) Voss","white spruce","Pinaceae","tree","glauca",0.608,"sw5",-2.0773,2.3323,"PiceaAbove0.35spg","conifer","Conifer",0.37,-2.1364,2.3233,2.24952,0.76318,NA,"Check",5.46266069158946,5.07470249306608,NA
"Picea","PIGL","NEON.PLA.D05.TREE.00602","TREE_042","TREE","D05",2021-10-04,"Live, insect damaged","small tree","Full shade",130,NA,2.1,1.5,NA,NA,"Picea glauca (Moench) Voss",NA,NA,"2021",94,"spruce","Picea glauca (Moench) Voss","white spruce","Pinaceae","tree","glauca",0.608,"sw5",-2.0773,2.3323,"PiceaAbove0.35spg","conifer","Conifer",0.37,-2.1364,2.3233,2.24952,0.76318,NA,"Check",0.101049933995458,0.0953299305766339,NA
"Picea","PIGL","NEON.PLA.D05.TREE.00363","TREE_051","TREE","D05",2015-08-03,"Live, physically damaged","single bole tree","Mostly shaded",110,NA,7.3,13.9,NA,59,"Picea glauca (Moench) Voss",7,99.1,"2015",94,"spruce","Picea glauca (Moench) Voss","white spruce","Pinaceae","tree","glauca",0.608,"sw5",-2.0773,2.3323,"PiceaAbove0.35spg","conifer","Conifer",0.37,-2.1364,2.3233,2.24952,0.76318,NA,"Check",58.0354680559101,53.4243878109341,NA
"Picea","PIGL","NEON.PLA.D05.TREE.00457","TREE_051","TREE","D05",2018-10-09,"Live","single bole tree",NA,130,NA,6.4,10.5,NA,43,"Picea glauca (Moench) Voss",10.1,348.3,"2018",94,"spruce","Picea glauca (Moench) Voss","white spruce","Pinaceae","tree","glauca",0.608,"sw5",-2.0773,2.3323,"PiceaAbove0.35spg","conifer","Conifer",0.37,-2.1364,2.3233,2.24952,0.76318,NA,"Check",30.1689277504457,27.842124259166,NA
"Picea","PIGL","NEON.PLA.D05.TREE.01295","TREE_043","TREE","D05",2017-10-17,"Live","single bole tree",NA,130,NA,11.7,12.5,NA,41,"Picea glauca (Moench) Voss",10.8,302.7,"2017",94,"spruce","Picea glauca (Moench) Voss","white spruce","Pinaceae","tree","glauca",0.608,"sw5",-2.0773,2.3323,"PiceaAbove0.35spg","conifer","Conifer",0.37,-2.1364,2.3233,2.24952,0.76318,NA,"Check",45.3067902826582,41.7469067746161,NA
"Picea","PIMA","NEON.PLA.D05.TREE.01177","TREE_048","TREE","D05",2018-10-16,"Live","single bole tree",NA,130,NA,13.4,17.4,NA,41,"Picea mariana (Mill.) Britton, Sterns & Poggenb.",5.1,285.1,"2018",95,"spruce","Picea mariana (Mill.) Britton, Sterns & Poggenb.","black spruce","Pinaceae","tree","mariana",0.608,"sw5",-2.0773,2.3323,"PiceaAbove0.35spg","conifer","Conifer",0.37,-2.1364,2.3233,2.24952,0.76318,NA,"Check",97.9880430926372,90.0204827107928,NA
"Picea","PIMA","NEON.PLA.D05.TREE.03591","TREE_002","TREE","D05",2018-05-07,"Live","single bole tree","Partially shaded",130,NA,15.2,19.3,NA,31,"Picea mariana (Mill.) Britton, Sterns & Poggenb.",1.3,38.8,"2018",95,"spruce","Picea mariana (Mill.) Britton, Sterns & Poggenb.","black spruce","Pinaceae","tree","mariana",0.608,"sw5",-2.0773,2.3323,"PiceaAbove0.35spg","conifer","Conifer",0.37,-2.1364,2.3233,2.24952,0.76318,NA,"Check",124.780115859558,114.527179380734,NA
"Picea","PIMA","NEON.PLA.D05.TREE.02577","TREE_009","TREE","D05",2017-10-26,"Live","single bole tree","Partially shaded",130,NA,13.8,15,NA,33,"Picea mariana (Mill.) Britton, Sterns & Poggenb.",2.7,298.2,"2017",95,"spruce","Picea mariana (Mill.) Britton, Sterns & Poggenb.","black spruce","Pinaceae","tree","mariana",0.608,"sw5",-2.0773,2.3323,"PiceaAbove0.35spg","conifer","Conifer",0.37,-2.1364,2.3233,2.24952,0.76318,NA,"Check",69.3166740495764,63.7655472171204,NA
"Picea","PIMA","NEON.PLA.D05.TREE.02959","TREE_009","TREE","D05",2019-10-16,"Live","small tree",NA,130,NA,4.6,5.3,NA,NA,"Picea mariana (Mill.) Britton, Sterns & Poggenb.",NA,NA,"2019",95,"spruce","Picea mariana (Mill.) Britton, Sterns & Poggenb.","black spruce","Pinaceae","tree","mariana",0.608,"sw5",-2.0773,2.3323,"PiceaAbove0.35spg","conifer","Conifer",0.37,-2.1364,2.3233,2.24952,0.76318,NA,"Check",1.91896476863806,1.78989099225257,NA
"Picea","PIMA","NEON.PLA.D05.TREE.00971","TREE_048","TREE","D05",2016-10-19,"Live","single bole tree",NA,130,NA,12.6,13.7,NA,41,"Picea mariana (Mill.) Britton, Sterns & Poggenb.",4.4,332.5,"2016",95,"spruce","Picea mariana (Mill.) Britton, Sterns & Poggenb.","black spruce","Pinaceae","tree","mariana",0.608,"sw5",-2.0773,2.3323,"PiceaAbove0.35spg","conifer","Conifer",0.37,-2.1364,2.3233,2.24952,0.76318,NA,"Check",56.1065353793348,51.6554515762862,NA
"Picea","PIMA","NEON.PLA.D05.TREE.02570","TREE_009","TREE","D05",2019-10-16,"Live","single bole tree","Mostly shaded",130,NA,13.6,14,NA,33,"Picea mariana (Mill.) Britton, Sterns & Poggenb.",13.5,340.2,"2019",95,"spruce","Picea mariana (Mill.) Britton, Sterns & Poggenb.","black spruce","Pinaceae","tree","mariana",0.608,"sw5",-2.0773,2.3323,"PiceaAbove0.35spg","conifer","Conifer",0.37,-2.1364,2.3233,2.24952,0.76318,NA,"Check",59.0139236340881,54.3215976097128,NA
"Picea","PIMA","NEON.PLA.D05.TREE.01136","TREE_048","TREE","D05",2016-10-19,"Live","single bole tree",NA,130,NA,14,16.3,NA,41,"Picea mariana (Mill.) Britton, Sterns & Poggenb.",2.7,332.5,"2016",95,"spruce","Picea mariana (Mill.) Britton, Sterns & Poggenb.","black spruce","Pinaceae","tree","mariana",0.608,"sw5",-2.0773,2.3323,"PiceaAbove0.35spg","conifer","Conifer",0.37,-2.1364,2.3233,2.24952,0.76318,NA,"Check",84.1444008717733,77.3479361719107,NA
"Picea","PIMA","NEON.PLA.D05.TREE.00940","TREE_048","TREE","D05",2018-10-16,"Live","single bole tree",NA,130,NA,10,11.7,NA,57,"Picea mariana (Mill.) Britton, Sterns & Poggenb.",6.5,143.5,"2018",95,"spruce","Picea mariana (Mill.) Britton, Sterns & Poggenb.","black spruce","Pinaceae","tree","mariana",0.608,"sw5",-2.0773,2.3323,"PiceaAbove0.35spg","conifer","Conifer",0.37,-2.1364,2.3233,2.24952,0.76318,NA,"Check",38.8302295634529,35.8005320906156,NA
"Picea","PIGL","NEON.PLA.D05.TREE.01297","TREE_047","TREE","D05",2017-10-16,"Live","small tree",NA,130,NA,4.9,6.7,NA,NA,"Picea glauca (Moench) Voss",NA,NA,"2017",94,"spruce","Picea glauca (Moench) Voss","white spruce","Pinaceae","tree","glauca",0.608,"sw5",-2.0773,2.3323,"PiceaAbove0.35spg","conifer","Conifer",0.37,-2.1364,2.3233,2.24952,0.76318,NA,"Check",3.31506961645154,3.08557454939388,NA
"Picea","PIGL","NEON.PLA.D05.TREE.01076","TREE_047","TREE","D05",2015-08-06,"Live","small tree","Mostly shaded",130,NA,3.2,4.5,NA,NA,"Picea glauca (Moench) Voss",NA,NA,"2015",94,"spruce","Picea glauca (Moench) Voss","white spruce","Pinaceae","tree","glauca",0.608,"sw5",-2.0773,2.3323,"PiceaAbove0.35spg","conifer","Conifer",0.37,-2.1364,2.3233,2.24952,0.76318,NA,"Check",1.3101648284483,1.22384125192984,NA
"Pinus","PIRE","NEON.PLA.D05.TREE.02273","TREE_019","TREE","D05",2017-10-23,"Live","single bole tree","Partially shaded",130,NA,17.2,22.9,NA,51,"Pinus resinosa Aiton",14.5,237.3,"2017",125,"pine","Pinus resinosa Aiton","red pine","Pinaceae","tree","resinosa",0.729,"sw4",-2.5356,2.4349,"PinusBelow0.45spg","conifer","Conifer",0.39,-2.6177,2.4638,0.574215,0.848035,NA,"Check",162.131099400941,163.497078264903,NA
"Pinus","PIRE","NEON.PLA.D05.TREE.00628","TREE_050","TREE","D05",2018-08-29,"Live","single bole tree",NA,130,NA,23,47.9,NA,41,"Pinus resinosa Aiton",3.6,76.7,"2018",125,"pine","Pinus resinosa Aiton","red pine","Pinaceae","tree","resinosa",0.729,"sw4",-2.5356,2.4349,"PinusBelow0.45spg","conifer","Conifer",0.39,-2.6177,2.4638,0.574215,0.848035,NA,"Check",977.804098516044,1007.29800235851,NA
"Pinus","PIRE","NEON.PLA.D05.TREE.02607","TREE_060","TREE","D05",2019-11-05,"Live","single bole tree","Partially shaded",130,NA,12.8,18.3,NA,51,"Pinus resinosa Aiton",8.6,215.2,"2019",125,"pine","Pinus resinosa Aiton","red pine","Pinaceae","tree","resinosa",0.729,"sw4",-2.5356,2.4349,"PinusBelow0.45spg","conifer","Conifer",0.39,-2.6177,2.4638,0.574215,0.848035,NA,"Check",93.9171856864061,94.0966862949122,NA
"Pinus","PIRE","NEON.PLA.D05.TREE.02291","TREE_019","TREE","D05",2019-10-30,"Live","single bole tree","Full sun",139,NA,16.5,27,NA,33,"Pinus resinosa Aiton",8.8,343.5,"2019",125,"pine","Pinus resinosa Aiton","red pine","Pinaceae","tree","resinosa",0.729,"sw4",-2.5356,2.4349,"PinusBelow0.45spg","conifer","Conifer",0.39,-2.6177,2.4638,0.574215,0.848035,NA,"Check",242.119930756221,245.324756728223,NA
"Pinus","PIRE","NEON.PLA.D05.TREE.02276","TREE_019","TREE","D05",2017-10-23,"Live","single bole tree","Full sun",130,NA,20,27.7,NA,49,"Pinus resinosa Aiton",8.4,120.4,"2017",125,"pine","Pinus resinosa Aiton","red pine","Pinaceae","tree","resinosa",0.729,"sw4",-2.5356,2.4349,"PinusBelow0.45spg","conifer","Conifer",0.39,-2.6177,2.4638,0.574215,0.848035,NA,"Check",257.68960593837,261.293730730196,NA
"Pinus","PIRE","NEON.PLA.D05.TREE.00628","TREE_050","TREE","D05",2017-08-30,"Live","single bole tree",NA,130,NA,21.6,47.1,NA,41,"Pinus resinosa Aiton",3.6,76.7,"2017",125,"pine","Pinus resinosa Aiton","red pine","Pinaceae","tree","resinosa",0.729,"sw4",-2.5356,2.4349,"PinusBelow0.45spg","conifer","Conifer",0.39,-2.6177,2.4638,0.574215,0.848035,NA,"Check",938.515648832262,966.353993437492,NA
"Pinus","PIRE","NEON.PLA.D05.TREE.02608","TREE_060","TREE","D05",2019-11-05,"Live","single bole tree","Full sun",130,NA,19.9,33,NA,51,"Pinus resinosa Aiton",7.4,207.8,"2019",125,"pine","Pinus resinosa Aiton","red pine","Pinaceae","tree","resinosa",0.729,"sw4",-2.5356,2.4349,"PinusBelow0.45spg","conifer","Conifer",0.39,-2.6177,2.4638,0.574215,0.848035,NA,"Check",394.668535275239,402.218442339562,NA
"Pinus","PIRE","NEON.PLA.D05.TREE.00628","TREE_050","TREE","D05",2016-09-29,"Live","single bole tree",NA,130,NA,26.2,46.9,NA,41,"Pinus resinosa Aiton",3.6,76.7,"2016",125,"pine","Pinus resinosa Aiton","red pine","Pinaceae","tree","resinosa",0.729,"sw4",-2.5356,2.4349,"PinusBelow0.45spg","conifer","Conifer",0.39,-2.6177,2.4638,0.574215,0.848035,NA,"Check",928.841618208022,956.275401816666,NA
"Pinus","PIRE","NEON.PLA.D05.TREE.02274","TREE_019","TREE","D05",2017-10-23,"Live","single bole tree","Full sun",130,NA,17.4,32.1,NA,51,"Pinus resinosa Aiton",15.9,237.4,"2017",125,"pine","Pinus resinosa Aiton","red pine","Pinaceae","tree","resinosa",0.729,"sw4",-2.5356,2.4349,"PinusBelow0.45spg","conifer","Conifer",0.39,-2.6177,2.4638,0.574215,0.848035,NA,"Check",368.970814633397,375.728755100398,NA
"Pinus","PIRE","NEON.PLA.D05.TREE.00064","TREE_050","TREE","D05",2016-09-29,"Live, insect damaged","single bole tree",NA,130,NA,17.1,24.2,NA,39,"Pinus resinosa Aiton",9.7,74.7,"2016",125,"pine","Pinus resinosa Aiton","red pine","Pinaceae","tree","resinosa",0.729,"sw4",-2.5356,2.4349,"PinusBelow0.45spg","conifer","Conifer",0.39,-2.6177,2.4638,0.574215,0.848035,NA,"Check",185.462003185724,187.323228164097,NA
"Pinus","PIRE","NEON.PLA.D05.TREE.02521","TREE_014","TREE","D05",2017-10-26,"Live","single bole tree","Full sun",130,NA,16.7,29.8,NA,33,"Pinus resinosa Aiton",2.8,270.7,"2017",125,"pine","Pinus resinosa Aiton","red pine","Pinaceae","tree","resinosa",0.729,"sw4",-2.5356,2.4349,"PinusBelow0.45spg","conifer","Conifer",0.39,-2.6177,2.4638,0.574215,0.848035,NA,"Check",307.873346998964,312.839343724897,NA
"Pinus","PIRE","NEON.PLA.D05.TREE.02612","TREE_060","TREE","D05",2017-10-26,"Live","single bole tree","Full sun",130,NA,21.9,51.8,NA,31,"Pinus resinosa Aiton",10.4,15.7,"2017",125,"pine","Pinus resinosa Aiton","red pine","Pinaceae","tree","resinosa",0.729,"sw4",-2.5356,2.4349,"PinusBelow0.45spg","conifer","Conifer",0.39,-2.6177,2.4638,0.574215,0.848035,NA,"Check",1183.10814352632,1221.55491872925,NA
"Pinus","PIRE","NEON.PLA.D05.TREE.02120","TREE_019","TREE","D05",2017-10-23,"Live","single bole tree","Full sun",130,NA,14,24.2,NA,31,"Pinus resinosa Aiton",9.6,17.6,"2017",125,"pine","Pinus resinosa Aiton","red pine","Pinaceae","tree","resinosa",0.729,"sw4",-2.5356,2.4349,"PinusBelow0.45spg","conifer","Conifer",0.39,-2.6177,2.4638,0.574215,0.848035,NA,"Check",185.462003185724,187.323228164097,NA
"Pinus","PIRE","NEON.PLA.D05.TREE.02609","TREE_060","TREE","D05",2017-10-26,"Live","single bole tree","Partially shaded",130,NA,17.2,21.4,NA,51,"Pinus resinosa Aiton",4,187.4,"2017",125,"pine","Pinus resinosa Aiton","red pine","Pinaceae","tree","resinosa",0.729,"sw4",-2.5356,2.4349,"PinusBelow0.45spg","conifer","Conifer",0.39,-2.6177,2.4638,0.574215,0.848035,NA,"Check",137.476164920193,138.363261131489,NA
"Pinus","PIRE","NEON.PLA.D05.TREE.02603","TREE_060","TREE","D05",2017-10-26,"Live, physically damaged","single bole tree","Partially shaded",130,NA,13.6,17.7,NA,49,"Pinus resinosa Aiton",7.6,105.6,"2017",125,"pine","Pinus resinosa Aiton","red pine","Pinaceae","tree","resinosa",0.729,"sw4",-2.5356,2.4349,"PinusBelow0.45spg","conifer","Conifer",0.39,-2.6177,2.4638,0.574215,0.848035,NA,"Check",86.5950401568651,86.6769993921727,NA
"Pinus","PIRE","NEON.PLA.D05.TREE.00064","TREE_050","TREE","D05",2017-08-30,"Live","single bole tree",NA,130,NA,17.6,24.7,NA,39,"Pinus resinosa Aiton",9.7,74.7,"2017",125,"pine","Pinus resinosa Aiton","red pine","Pinaceae","tree","resinosa",0.729,"sw4",-2.5356,2.4349,"PinusBelow0.45spg","conifer","Conifer",0.39,-2.6177,2.4638,0.574215,0.848035,NA,"Check",194.93091581569,197.003566308957,NA
"Pinus","PIRE","NEON.PLA.D05.TREE.00474","TREE_043","TREE","D05",2018-10-15,"Live","single bole tree",NA,130,NA,15.9,20,NA,43,"Pinus resinosa Aiton",5.7,352.7,"2018",125,"pine","Pinus resinosa Aiton","red pine","Pinaceae","tree","resinosa",0.729,"sw4",-2.5356,2.4349,"PinusBelow0.45spg","conifer","Conifer",0.39,-2.6177,2.4638,0.574215,0.848035,NA,"Check",116.595247359623,117.118375014528,NA
"Pinus","PIRE","NEON.PLA.D05.TREE.00007","TREE_050","TREE","D05",2016-09-29,"Live, insect damaged","single bole tree",NA,130,NA,17.8,37.7,NA,39,"Pinus resinosa Aiton",11.5,58.1,"2016",125,"pine","Pinus resinosa Aiton","red pine","Pinaceae","tree","resinosa",0.729,"sw4",-2.5356,2.4349,"PinusBelow0.45spg","conifer","Conifer",0.39,-2.6177,2.4638,0.574215,0.848035,NA,"Check",545.803687279912,558.389384507886,NA
"Pinus","PIRE","NEON.PLA.D05.TREE.00040","TREE_050","TREE","D05",2018-08-29,"Live","single bole tree",NA,130,NA,19.1,25.9,NA,39,"Pinus resinosa Aiton",10,65.6,"2018",125,"pine","Pinus resinosa Aiton","red pine","Pinaceae","tree","resinosa",0.729,"sw4",-2.5356,2.4349,"PinusBelow0.45spg","conifer","Conifer",0.39,-2.6177,2.4638,0.574215,0.848035,NA,"Check",218.799591709336,221.429405205834,NA
"Pinus","PIRE","NEON.PLA.D05.TREE.00040","TREE_050","TREE","D05",2017-08-30,"Live","single bole tree",NA,130,NA,17.1,25.1,NA,39,"Pinus resinosa Aiton",10,65.6,"2017",125,"pine","Pinus resinosa Aiton","red pine","Pinaceae","tree","resinosa",0.729,"sw4",-2.5356,2.4349,"PinusBelow0.45spg","conifer","Conifer",0.39,-2.6177,2.4638,0.574215,0.848035,NA,"Check",202.706864572577,204.957327577952,NA
"Pinus","PIRE","NEON.PLA.D05.TREE.02282","TREE_019","TREE","D05",2019-10-30,"Live","single bole tree","Full sun",130,NA,18.2,25.9,NA,49,"Pinus resinosa Aiton",6.1,103.4,"2019",125,"pine","Pinus resinosa Aiton","red pine","Pinaceae","tree","resinosa",0.729,"sw4",-2.5356,2.4349,"PinusBelow0.45spg","conifer","Conifer",0.39,-2.6177,2.4638,0.574215,0.848035,NA,"Check",218.799591709336,221.429405205834,NA
"Pinus","PIRE","NEON.PLA.D05.TREE.02610","TREE_060","TREE","D05",2019-11-05,"Live","single bole tree","Mostly shaded",130,NA,14,15.7,NA,51,"Pinus resinosa Aiton",1.9,251.4,"2019",125,"pine","Pinus resinosa Aiton","red pine","Pinaceae","tree","resinosa",0.729,"sw4",-2.5356,2.4349,"PinusBelow0.45spg","conifer","Conifer",0.39,-2.6177,2.4638,0.574215,0.848035,NA,"Check",64.6694214035188,64.5067108837292,NA
"Pinus","PIRE","NEON.PLA.D05.TREE.00234","TREE_050","TREE","D05",2015-07-29,"Live","single bole tree","Full sun",130,NA,18.7,40.4,NA,41,"Pinus resinosa Aiton",2.2,18.3,"2015",125,"pine","Pinus resinosa Aiton","red pine","Pinaceae","tree","resinosa",0.729,"sw4",-2.5356,2.4349,"PinusBelow0.45spg","conifer","Conifer",0.39,-2.6177,2.4638,0.574215,0.848035,NA,"Check",645.92322076653,662.13987436638,NA
"Pinus","PIRE","NEON.PLA.D05.TREE.02255","TREE_006","TREE","D05",2018-05-02,"Live,  other damage","single bole tree","Partially shaded",130,NA,22.1,47.4,NA,49,"Pinus resinosa Aiton",10.3,140.8,"2018",125,"pine","Pinus resinosa Aiton","red pine","Pinaceae","tree","resinosa",0.729,"sw4",-2.5356,2.4349,"PinusBelow0.45spg","conifer","Conifer",0.39,-2.6177,2.4638,0.574215,0.848035,NA,"Check",953.137585973257,981.589745942802,NA
"Pinus","PIRE","NEON.PLA.D05.TREE.00064","TREE_050","TREE","D05",2021-10-06,"Live","single bole tree","Full sun",130,NA,19.1,25.9,NA,39,"Pinus resinosa Aiton",9.7,74.7,"2021",125,"pine","Pinus resinosa Aiton","red pine","Pinaceae","tree","resinosa",0.729,"sw4",-2.5356,2.4349,"PinusBelow0.45spg","conifer","Conifer",0.39,-2.6177,2.4638,0.574215,0.848035,NA,"Check",218.799591709336,221.429405205834,NA
"Pinus","PIRE","NEON.PLA.D05.TREE.02607","TREE_060","TREE","D05",2017-10-26,"Live","single bole tree","Partially shaded",130,NA,13,17.5,NA,51,"Pinus resinosa Aiton",8.6,215.2,"2017",125,"pine","Pinus resinosa Aiton","red pine","Pinaceae","tree","resinosa",0.729,"sw4",-2.5356,2.4349,"PinusBelow0.45spg","conifer","Conifer",0.39,-2.6177,2.4638,0.574215,0.848035,NA,"Check",84.2318339300965,84.2838720383975,NA
"Pinus","PIRE","NEON.PLA.D05.TREE.00474","TREE_043","TREE","D05",2017-10-17,"Live","single bole tree",NA,130,NA,15.5,19.4,NA,43,"Pinus resinosa Aiton",5.7,352.7,"2017",125,"pine","Pinus resinosa Aiton","red pine","Pinaceae","tree","resinosa",0.729,"sw4",-2.5356,2.4349,"PinusBelow0.45spg","conifer","Conifer",0.39,-2.6177,2.4638,0.574215,0.848035,NA,"Check",108.260827889391,108.650877187041,NA
"Pinus","PIRE","NEON.PLA.D05.TREE.02120","TREE_019","TREE","D05",2019-10-30,"Live","single bole tree","Full sun",130,NA,15,25.2,NA,31,"Pinus resinosa Aiton",9.6,17.6,"2019",125,"pine","Pinus resinosa Aiton","red pine","Pinaceae","tree","resinosa",0.729,"sw4",-2.5356,2.4349,"PinusBelow0.45spg","conifer","Conifer",0.39,-2.6177,2.4638,0.574215,0.848035,NA,"Check",204.678906666521,206.975045672567,NA
"Pinus","PIST","NEON.PLA.D05.TREE.00117","TREE_056","TREE","D05",2022-09-20,"Standing dead","small tree","Full shade",130,NA,3.8,3.3,NA,NA,"Pinus strobus L.",NA,NA,"2022",129,"pine","Pinus strobus L.","eastern white pine","Pinaceae","tree","strobus",0.729,"sw4",-2.5356,2.4349,"PinusBelow0.45spg","conifer","Conifer",0.39,-2.6177,2.4638,0.574215,0.848035,NA,"Check",0.671564549546813,0.63452693777238,NA
"Pinus","PIST","NEON.PLA.D05.TREE.00381","TREE_054","TREE","D05",2022-09-07,"Live, physically damaged","small tree","Full shade",130,NA,2.3,6.8,NA,NA,"Pinus strobus L.",NA,NA,"2022",129,"pine","Pinus strobus L.","eastern white pine","Pinaceae","tree","strobus",0.729,"sw4",-2.5356,2.4349,"PinusBelow0.45spg","conifer","Conifer",0.39,-2.6177,2.4638,0.574215,0.848035,NA,"Check",3.90511764530446,3.76765283152024,NA
"Pinus","PIST","NEON.PLA.D05.TREE.02697","TREE_023","TREE","D05",2019-11-04,"Live","single bole tree","Partially shaded",130,NA,18.4,50.6,NA,41,"Pinus strobus L.",4.5,145.7,"2019",129,"pine","Pinus strobus L.","eastern white pine","Pinaceae","tree","strobus",0.729,"sw4",-2.5356,2.4349,"PinusBelow0.45spg","conifer","Conifer",0.39,-2.6177,2.4638,0.574215,0.848035,NA,"Check",1117.47805992343,1153.01080758393,NA
"Pinus","PIST","NEON.PLA.D05.TREE.00117","TREE_056","TREE","D05",2015-07-29,"Live","small tree","Full shade",130,NA,2,1.1,NA,NA,"Pinus strobus L.",NA,NA,"2015",129,"pine","Pinus strobus L.","eastern white pine","Pinaceae","tree","strobus",0.729,"sw4",-2.5356,2.4349,"PinusBelow0.45spg","conifer","Conifer",0.39,-2.6177,2.4638,0.574215,0.848035,NA,"Check",0.0462748712910052,0.0423563683709955,NA
"Pinus","PIRE","NEON.PLA.D05.TREE.02604","TREE_060","TREE","D05",2019-11-05,"Live","single bole tree","Partially shaded",130,NA,15.8,21.6,NA,51,"Pinus resinosa Aiton",7.5,263.3,"2019",125,"pine","Pinus resinosa Aiton","red pine","Pinaceae","tree","resinosa",0.729,"sw4",-2.5356,2.4349,"PinusBelow0.45spg","conifer","Conifer",0.39,-2.6177,2.4638,0.574215,0.848035,NA,"Check",140.625587670331,141.571060975865,NA
"Pinus","PIRE","NEON.PLA.D05.TREE.00039","TREE_050","TREE","D05",2017-08-30,"Live","single bole tree",NA,130,NA,10.2,12.1,NA,39,"Pinus resinosa Aiton",8.5,26.6,"2017",125,"pine","Pinus resinosa Aiton","red pine","Pinaceae","tree","resinosa",0.729,"sw4",-2.5356,2.4349,"PinusBelow0.45spg","conifer","Conifer",0.39,-2.6177,2.4638,0.574215,0.848035,NA,"Check",34.2986486879244,33.9557971218864,NA
"Pinus","PIST","NEON.PLA.D05.TREE.00390","TREE_054","TREE","D05",2018-10-09,"Live","small tree",NA,140,NA,4.9,7.3,NA,61,"Pinus strobus L.",2.3,214.8,"2018",129,"pine","Pinus strobus L.","eastern white pine","Pinaceae","tree","strobus",0.729,"sw4",-2.5356,2.4349,"PinusBelow0.45spg","conifer","Conifer",0.39,-2.6177,2.4638,0.574215,0.848035,NA,"Check",4.64154967238012,4.48735348432781,NA
"Pinus","PIST","NEON.PLA.D05.TREE.00117","TREE_056","TREE","D05",2018-10-09,"Live","small tree",NA,130,NA,3.1,2.3,NA,NA,"Pinus strobus L.",NA,NA,"2018",129,"pine","Pinus strobus L.","eastern white pine","Pinaceae","tree","strobus",0.729,"sw4",-2.5356,2.4349,"PinusBelow0.45spg","conifer","Conifer",0.39,-2.6177,2.4638,0.574215,0.848035,NA,"Check",0.278823438252711,0.260711663899908,NA
"Pinus","PIRE","NEON.PLA.D05.TREE.00040","TREE_050","TREE","D05",2016-09-29,"Live, insect damaged","single bole tree",NA,130,NA,17.8,24.6,NA,39,"Pinus resinosa Aiton",10,65.6,"2016",125,"pine","Pinus resinosa Aiton","red pine","Pinaceae","tree","resinosa",0.729,"sw4",-2.5356,2.4349,"PinusBelow0.45spg","conifer","Conifer",0.39,-2.6177,2.4638,0.574215,0.848035,NA,"Check",193.014885700107,195.044294901903,NA
"Pinus","PIST","NEON.PLA.D05.TREE.00117","TREE_056","TREE","D05",2017-08-28,"Live","small tree",NA,10,NA,2.8,3.3,NA,NA,"Pinus strobus L.",NA,NA,"2017",129,"pine","Pinus strobus L.","eastern white pine","Pinaceae","tree","strobus",0.729,"sw4",-2.5356,2.4349,"PinusBelow0.45spg","conifer","Conifer",0.39,-2.6177,2.4638,0.574215,0.848035,2.43820451564874,"Check",0.321392126378889,0.301022396129922,NA
"Pinus","PIST","NEON.PLA.D05.TREE.00117","TREE_056","TREE","D05",2016-09-28,"Live","small tree",NA,130,NA,2.5,1.4,NA,NA,"Pinus strobus L.",NA,NA,"2016",129,"pine","Pinus strobus L.","eastern white pine","Pinaceae","tree","strobus",0.729,"sw4",-2.5356,2.4349,"PinusBelow0.45spg","conifer","Conifer",0.39,-2.6177,2.4638,0.574215,0.848035,NA,"Check",0.0832463737376888,0.0767300839385724,NA
"Pinus","PIST","NEON.PLA.D05.TREE.00115","TREE_056","TREE","D05",2021-09-22,"Live","small tree","Full shade",130,NA,5.1,6.2,NA,NA,"Pinus strobus L.",NA,NA,"2021",129,"pine","Pinus strobus L.","eastern white pine","Pinaceae","tree","strobus",0.729,"sw4",-2.5356,2.4349,"PinusBelow0.45spg","conifer","Conifer",0.39,-2.6177,2.4638,0.574215,0.848035,NA,"Check",3.11854988238231,3.00075171912654,NA
"Pinus","PIRE","NEON.PLA.D05.TREE.02288","TREE_019","TREE","D05",2017-10-23,"Live","single bole tree","Full sun",130,NA,12.2,14.2,NA,51,"Pinus resinosa Aiton",9.9,261.5,"2017",125,"pine","Pinus resinosa Aiton","red pine","Pinaceae","tree","resinosa",0.729,"sw4",-2.5356,2.4349,"PinusBelow0.45spg","conifer","Conifer",0.39,-2.6177,2.4638,0.574215,0.848035,NA,"Check",50.6418778564694,50.3680755321269,NA
"Pinus","PIRE","NEON.PLA.D05.TREE.00039","TREE_050","TREE","D05",2016-09-29,"Live","single bole tree",NA,130,NA,9.6,11.8,NA,39,"Pinus resinosa Aiton",8.5,26.6,"2016",125,"pine","Pinus resinosa Aiton","red pine","Pinaceae","tree","resinosa",0.729,"sw4",-2.5356,2.4349,"PinusBelow0.45spg","conifer","Conifer",0.39,-2.6177,2.4638,0.574215,0.848035,NA,"Check",32.2647579421811,31.9190696431753,NA
"Pinus","PIRE","NEON.PLA.D05.TREE.02274","TREE_019","TREE","D05",2019-10-30,"Live","single bole tree","Full sun",130,NA,18.2,33.4,NA,51,"Pinus resinosa Aiton",15.9,237.4,"2019",125,"pine","Pinus resinosa Aiton","red pine","Pinaceae","tree","resinosa",0.729,"sw4",-2.5356,2.4349,"PinusBelow0.45spg","conifer","Conifer",0.39,-2.6177,2.4638,0.574215,0.848035,NA,"Check",406.418233383873,414.33715496882,NA
"Pinus","PIST","NEON.PLA.D05.TREE.00005","TREE_055","TREE","D05",2018-10-10,"Live","small tree",NA,130,NA,2.1,1.2,NA,NA,"Pinus strobus L.",NA,NA,"2018",129,"pine","Pinus strobus L.","eastern white pine","Pinaceae","tree","strobus",0.729,"sw4",-2.5356,2.4349,"PinusBelow0.45spg","conifer","Conifer",0.39,-2.6177,2.4638,0.574215,0.848035,NA,"Check",0.0571948053609633,0.0524834255098349,NA
"Pinus","PIST","NEON.PLA.D05.TREE.00741","TREE_051","TREE","D05",2017-09-26,"Live","small tree",NA,130,NA,2,1.3,NA,NA,"Pinus strobus L.",NA,NA,"2017",129,"pine","Pinus strobus L.","eastern white pine","Pinaceae","tree","strobus",0.729,"sw4",-2.5356,2.4349,"PinusBelow0.45spg","conifer","Conifer",0.39,-2.6177,2.4638,0.574215,0.848035,NA,"Check",0.0695022459452994,0.0639247517903589,NA
"Pinus","PIST","NEON.PLA.D05.TREE.00005","TREE_055","TREE","D05",2015-07-29,"Live","sapling","Full shade",10,NA,1.7,2.4,NA,NA,"Pinus strobus L.",NA,NA,"2015",129,"pine","Pinus strobus L.","eastern white pine","Pinaceae","tree","strobus",0.729,"sw4",-2.5356,2.4349,"PinusBelow0.45spg","conifer","Conifer",0.39,-2.6177,2.4638,0.574215,0.848035,1.75084529085287,"Check",0.143496785160811,0.133121830463631,NA
"Pinus","PIRE","NEON.PLA.D05.TREE.02284","TREE_019","TREE","D05",2017-10-23,"Live","single bole tree","Full sun",130,NA,18.4,25.8,NA,49,"Pinus resinosa Aiton",4.3,132,"2017",125,"pine","Pinus resinosa Aiton","red pine","Pinaceae","tree","resinosa",0.729,"sw4",-2.5356,2.4349,"PinusBelow0.45spg","conifer","Conifer",0.39,-2.6177,2.4638,0.574215,0.848035,NA,"Check",216.748316885085,219.328953411898,NA
"Pinus","PIRE","NEON.PLA.D05.TREE.00007","TREE_050","TREE","D05",2018-08-29,"Live","single bole tree",NA,130,NA,18.9,39,NA,39,"Pinus resinosa Aiton",11.5,58.1,"2018",125,"pine","Pinus resinosa Aiton","red pine","Pinaceae","tree","resinosa",0.729,"sw4",-2.5356,2.4349,"PinusBelow0.45spg","conifer","Conifer",0.39,-2.6177,2.4638,0.574215,0.848035,NA,"Check",592.769873590175,607.033017251497,NA
"Pinus","PIRE","NEON.PLA.D05.TREE.00474","TREE_043","TREE","D05",2020-10-05,"Live","single bole tree","Partially shaded",130,NA,10.5,20.5,NA,43,"Pinus resinosa Aiton",5.7,352.7,"2020",125,"pine","Pinus resinosa Aiton","red pine","Pinaceae","tree","resinosa",0.729,"sw4",-2.5356,2.4349,"PinusBelow0.45spg","conifer","Conifer",0.39,-2.6177,2.4638,0.574215,0.848035,NA,"Check",123.820452833081,124.464786243819,NA
"Pinus","PIRE","NEON.PLA.D05.TREE.00474","TREE_043","TREE","D05",2015-08-05,"Live","single bole tree","Partially shaded",130,NA,15.1,18.4,NA,43,"Pinus resinosa Aiton",5.7,352.7,"2015",125,"pine","Pinus resinosa Aiton","red pine","Pinaceae","tree","resinosa",0.729,"sw4",-2.5356,2.4349,"PinusBelow0.45spg","conifer","Conifer",0.39,-2.6177,2.4638,0.574215,0.848035,NA,"Check",95.1717004353459,95.3686175157681,NA
"Pinus","PIRE","NEON.PLA.D05.TREE.00039","TREE_050","TREE","D05",2021-10-06,"Live","single bole tree","Partially shaded",130,NA,11.2,13.7,NA,39,"Pinus resinosa Aiton",8.5,26.6,"2021",125,"pine","Pinus resinosa Aiton","red pine","Pinaceae","tree","resinosa",0.729,"sw4",-2.5356,2.4349,"PinusBelow0.45spg","conifer","Conifer",0.39,-2.6177,2.4638,0.574215,0.848035,NA,"Check",46.4091720583045,46.1104614120751,NA
"Pinus","PIRE","NEON.PLA.D05.TREE.00474","TREE_043","TREE","D05",2016-10-19,"Live","single bole tree",NA,130,NA,16.3,18.8,NA,43,"Pinus resinosa Aiton",5.7,352.7,"2016",125,"pine","Pinus resinosa Aiton","red pine","Pinaceae","tree","resinosa",0.729,"sw4",-2.5356,2.4349,"PinusBelow0.45spg","conifer","Conifer",0.39,-2.6177,2.4638,0.574215,0.848035,NA,"Check",100.28820515234,100.558189093584,NA
"Pinus","PIRE","NEON.PLA.D05.TREE.02521","TREE_014","TREE","D05",2019-10-16,"Live","single bole tree","Full sun",130,NA,14.7,31.3,NA,33,"Pinus resinosa Aiton",2.8,270.7,"2019",125,"pine","Pinus resinosa Aiton","red pine","Pinaceae","tree","resinosa",0.729,"sw4",-2.5356,2.4349,"PinusBelow0.45spg","conifer","Conifer",0.39,-2.6177,2.4638,0.574215,0.848035,NA,"Check",346.979501847013,353.077037170587,NA
"Pinus","PIRE","NEON.PLA.D05.TREE.00111","TREE_050","TREE","D05",2015-07-29,"Live","single bole tree","Full sun",130,NA,15.4,32.9,NA,41,"Pinus resinosa Aiton",1.6,316.3,"2015",125,"pine","Pinus resinosa Aiton","red pine","Pinaceae","tree","resinosa",0.729,"sw4",-2.5356,2.4349,"PinusBelow0.45spg","conifer","Conifer",0.39,-2.6177,2.4638,0.574215,0.848035,NA,"Check",391.762807759207,399.222112212439,NA
"Pinus","PIRE","NEON.PLA.D05.TREE.00111","TREE_050","TREE","D05",2016-09-29,"Live, insect damaged","single bole tree",NA,130,NA,NA,33.4,NA,41,"Pinus resinosa Aiton",1.6,316.3,"2016",125,"pine","Pinus resinosa Aiton","red pine","Pinaceae","tree","resinosa",0.729,"sw4",-2.5356,2.4349,"PinusBelow0.45spg","conifer","Conifer",0.39,-2.6177,2.4638,0.574215,0.848035,NA,"Check",406.418233383873,414.33715496882,NA
"Pinus","PIRE","NEON.PLA.D05.TREE.02123","TREE_019","TREE","D05",2017-10-23,"Live","single bole tree","Partially shaded",130,NA,14.3,22.5,NA,31,"Pinus resinosa Aiton",6.2,12.7,"2017",125,"pine","Pinus resinosa Aiton","red pine","Pinaceae","tree","resinosa",0.729,"sw4",-2.5356,2.4349,"PinusBelow0.45spg","conifer","Conifer",0.39,-2.6177,2.4638,0.574215,0.848035,NA,"Check",155.321696341749,156.550559050458,NA
"Pinus","PIRE","NEON.PLA.D05.TREE.00234","TREE_050","TREE","D05",2021-10-06,"Live","single bole tree","Full sun",130,NA,21.7,42,NA,41,"Pinus resinosa Aiton",2.2,18.3,"2021",125,"pine","Pinus resinosa Aiton","red pine","Pinaceae","tree","resinosa",0.729,"sw4",-2.5356,2.4349,"PinusBelow0.45spg","conifer","Conifer",0.39,-2.6177,2.4638,0.574215,0.848035,NA,"Check",709.990616363205,728.633167320598,NA
"Pinus","PIST","NEON.PLA.D05.TREE.02152","TREE_018","TREE","D05",2018-04-25,"Live","single bole tree","Partially shaded",103,NA,23.5,43.2,NA,33,"Pinus strobus L.",9.8,354.2,"2018",129,"pine","Pinus strobus L.","eastern white pine","Pinaceae","tree","strobus",0.729,"sw4",-2.5356,2.4349,"PinusBelow0.45spg","conifer","Conifer",0.39,-2.6177,2.4638,0.574215,0.848035,NA,"Check",760.400312729854,781.002079303915,NA
"Pinus","PIRE","NEON.PLA.D05.TREE.02282","TREE_019","TREE","D05",2017-10-23,"Live","single bole tree","Full sun",130,NA,16.6,24.8,NA,49,"Pinus resinosa Aiton",6.1,103.4,"2017",125,"pine","Pinus resinosa Aiton","red pine","Pinaceae","tree","resinosa",0.729,"sw4",-2.5356,2.4349,"PinusBelow0.45spg","conifer","Conifer",0.39,-2.6177,2.4638,0.574215,0.848035,NA,"Check",196.858109150049,198.974483459708,NA
"Pinus","PIRE","NEON.PLA.D05.TREE.02609","TREE_060","TREE","D05",2019-11-05,"Live","single bole tree","Partially shaded",130,NA,16.5,22.2,NA,51,"Pinus resinosa Aiton",4,187.4,"2019",125,"pine","Pinus resinosa Aiton","red pine","Pinaceae","tree","resinosa",0.729,"sw4",-2.5356,2.4349,"PinusBelow0.45spg","conifer","Conifer",0.39,-2.6177,2.4638,0.574215,0.848035,NA,"Check",150.327269513339,151.457851956882,NA
"Pinus","PIRE","NEON.PLA.D05.TREE.02284","TREE_019","TREE","D05",2019-10-30,"Live","single bole tree","Full sun",130,NA,19,27,NA,49,"Pinus resinosa Aiton",4.3,132,"2019",125,"pine","Pinus resinosa Aiton","red pine","Pinaceae","tree","resinosa",0.729,"sw4",-2.5356,2.4349,"PinusBelow0.45spg","conifer","Conifer",0.39,-2.6177,2.4638,0.574215,0.848035,NA,"Check",242.119930756221,245.324756728223,NA
"Pinus","PIRE","NEON.PLA.D05.TREE.00064","TREE_050","TREE","D05",2015-07-29,"Live","single bole tree","Partially shaded",130,NA,11.5,23.8,NA,39,"Pinus resinosa Aiton",9.7,74.7,"2015",125,"pine","Pinus resinosa Aiton","red pine","Pinaceae","tree","resinosa",0.729,"sw4",-2.5356,2.4349,"PinusBelow0.45spg","conifer","Conifer",0.39,-2.6177,2.4638,0.574215,0.848035,NA,"Check",178.086149718647,179.786733341537,NA
"Pinus","PIRE","NEON.PLA.D05.TREE.02288","TREE_019","TREE","D05",2019-10-30,"Live","single bole tree","Full sun",130,NA,13,15,NA,51,"Pinus resinosa Aiton",9.9,261.5,"2019",125,"pine","Pinus resinosa Aiton","red pine","Pinaceae","tree","resinosa",0.729,"sw4",-2.5356,2.4349,"PinusBelow0.45spg","conifer","Conifer",0.39,-2.6177,2.4638,0.574215,0.848035,NA,"Check",57.8718703352688,57.6502213049709,NA
"Pinus","PIRE","NEON.PLA.D05.TREE.02608","TREE_060","TREE","D05",2017-10-26,"Live","single bole tree","Full sun",130,NA,19,31.9,NA,51,"Pinus resinosa Aiton",7.4,207.8,"2017",125,"pine","Pinus resinosa Aiton","red pine","Pinaceae","tree","resinosa",0.729,"sw4",-2.5356,2.4349,"PinusBelow0.45spg","conifer","Conifer",0.39,-2.6177,2.4638,0.574215,0.848035,NA,"Check",363.398261962816,369.987302293076,NA
"Pinus","PIRE","NEON.PLA.D05.TREE.00234","TREE_050","TREE","D05",2016-09-29,"Live","single bole tree",NA,130,NA,19.3,40.4,NA,41,"Pinus resinosa Aiton",2.2,18.3,"2016",125,"pine","Pinus resinosa Aiton","red pine","Pinaceae","tree","resinosa",0.729,"sw4",-2.5356,2.4349,"PinusBelow0.45spg","conifer","Conifer",0.39,-2.6177,2.4638,0.574215,0.848035,NA,"Check",645.92322076653,662.13987436638,NA
"Pinus","PIRE","NEON.PLA.D05.TREE.02612","TREE_060","TREE","D05",2019-11-05,"Live","single bole tree","Full sun",130,NA,19.6,52,NA,31,"Pinus resinosa Aiton",10.4,15.7,"2019",125,"pine","Pinus resinosa Aiton","red pine","Pinaceae","tree","resinosa",0.729,"sw4",-2.5356,2.4349,"PinusBelow0.45spg","conifer","Conifer",0.39,-2.6177,2.4638,0.574215,0.848035,NA,"Check",1194.26155813145,1233.20811180531,NA
"Pinus","PIRE","NEON.PLA.D05.TREE.02606","TREE_060","TREE","D05",2019-11-05,"Live","single bole tree","Partially shaded",130,NA,16.2,19.9,NA,51,"Pinus resinosa Aiton",5.5,231.1,"2019",125,"pine","Pinus resinosa Aiton","red pine","Pinaceae","tree","resinosa",0.729,"sw4",-2.5356,2.4349,"PinusBelow0.45spg","conifer","Conifer",0.39,-2.6177,2.4638,0.574215,0.848035,NA,"Check",115.180846888474,115.680869526682,NA
"Pinus","PIRE","NEON.PLA.D05.TREE.02273","TREE_019","TREE","D05",2019-10-30,"Live","single bole tree","Full sun",130,NA,18.4,24.1,NA,51,"Pinus resinosa Aiton",14.5,237.3,"2019",125,"pine","Pinus resinosa Aiton","red pine","Pinaceae","tree","resinosa",0.729,"sw4",-2.5356,2.4349,"PinusBelow0.45spg","conifer","Conifer",0.39,-2.6177,2.4638,0.574215,0.848035,NA,"Check",183.601493085116,185.421856144465,NA
"Pinus","PIRE","NEON.PLA.D05.TREE.00007","TREE_050","TREE","D05",2021-10-06,"Live","single bole tree","Full sun",130,NA,20.5,40.5,NA,39,"Pinus resinosa Aiton",11.5,58.1,"2021",125,"pine","Pinus resinosa Aiton","red pine","Pinaceae","tree","resinosa",0.729,"sw4",-2.5356,2.4349,"PinusBelow0.45spg","conifer","Conifer",0.39,-2.6177,2.4638,0.574215,0.848035,NA,"Check",649.82310309547,666.185262525771,NA
"Pinus","PIRE","NEON.PLA.D05.TREE.00628","TREE_050","TREE","D05",2021-10-06,"Live","single bole tree","Partially shaded",130,NA,21.2,47.9,NA,41,"Pinus resinosa Aiton",3.6,76.7,"2021",125,"pine","Pinus resinosa Aiton","red pine","Pinaceae","tree","resinosa",0.729,"sw4",-2.5356,2.4349,"PinusBelow0.45spg","conifer","Conifer",0.39,-2.6177,2.4638,0.574215,0.848035,NA,"Check",977.804098516044,1007.29800235851,NA
"Pinus","PIRE","NEON.PLA.D05.TREE.00234","TREE_050","TREE","D05",2017-08-30,"Live","single bole tree",NA,130,NA,22.4,40.7,NA,41,"Pinus resinosa Aiton",2.2,18.3,"2017",125,"pine","Pinus resinosa Aiton","red pine","Pinaceae","tree","resinosa",0.729,"sw4",-2.5356,2.4349,"PinusBelow0.45spg","conifer","Conifer",0.39,-2.6177,2.4638,0.574215,0.848035,NA,"Check",657.664407551654,674.319998978749,NA
"Pinus","PIRE","NEON.PLA.D05.TREE.00007","TREE_050","TREE","D05",2017-08-30,"Live","single bole tree",NA,130,NA,18.5,31.5,NA,39,"Pinus resinosa Aiton",11.5,58.1,"2017",125,"pine","Pinus resinosa Aiton","red pine","Pinaceae","tree","resinosa",0.729,"sw4",-2.5356,2.4349,"PinusBelow0.45spg","conifer","Conifer",0.39,-2.6177,2.4638,0.574215,0.848035,NA,"Check",352.402742134906,358.661596363198,NA
"Pinus","PIRE","NEON.PLA.D05.TREE.02291","TREE_019","TREE","D05",2017-10-23,"Live","single bole tree","Full sun",130,NA,15.3,26,NA,33,"Pinus resinosa Aiton",8.8,343.5,"2017",125,"pine","Pinus resinosa Aiton","red pine","Pinaceae","tree","resinosa",0.729,"sw4",-2.5356,2.4349,"PinusBelow0.45spg","conifer","Conifer",0.39,-2.6177,2.4638,0.574215,0.848035,NA,"Check",220.862262459359,223.541761819539,NA
"Pinus","PIRE","NEON.PLA.D05.TREE.02123","TREE_019","TREE","D05",2019-10-30,"Live","single bole tree","Full sun",130,NA,15.6,23.2,NA,31,"Pinus resinosa Aiton",6.2,12.7,"2019",125,"pine","Pinus resinosa Aiton","red pine","Pinaceae","tree","resinosa",0.729,"sw4",-2.5356,2.4349,"PinusBelow0.45spg","conifer","Conifer",0.39,-2.6177,2.4638,0.574215,0.848035,NA,"Check",167.351498740054,168.824950826657,NA
"Pinus","PIRE","NEON.PLA.D05.TREE.00234","TREE_050","TREE","D05",2018-08-29,"Live","single bole tree",NA,130,NA,21.7,41.1,NA,41,"Pinus resinosa Aiton",2.2,18.3,"2018",125,"pine","Pinus resinosa Aiton","red pine","Pinaceae","tree","resinosa",0.729,"sw4",-2.5356,2.4349,"PinusBelow0.45spg","conifer","Conifer",0.39,-2.6177,2.4638,0.574215,0.848035,NA,"Check",673.513590825134,690.765781022692,NA
"Pinus","PIRE","NEON.PLA.D05.TREE.00111","TREE_050","TREE","D05",2017-08-30,"Live","single bole tree",NA,130,NA,21.9,33.9,NA,41,"Pinus resinosa Aiton",1.6,316.3,"2017",125,"pine","Pinus resinosa Aiton","red pine","Pinaceae","tree","resinosa",0.729,"sw4",-2.5356,2.4349,"PinusBelow0.45spg","conifer","Conifer",0.39,-2.6177,2.4638,0.574215,0.848035,NA,"Check",421.391874289301,429.787075350517,NA
"Pinus","PIST","NEON.PLA.D05.TREE.01374","TREE_045","TREE","D05",2016-10-18,"Live","single bole tree",NA,130,NA,26.2,60.6,NA,57,"Pinus strobus L.",19,151.9,"2016",129,"pine","Pinus strobus L.","eastern white pine","Pinaceae","tree","strobus",0.729,"sw4",-2.5356,2.4349,"PinusBelow0.45spg","conifer","Conifer",0.39,-2.6177,2.4638,0.574215,0.848035,NA,"Check",1733.58645184208,1798.05671435851,NA
"Pinus","PIST","NEON.PLA.D05.TREE.01374","TREE_045","TREE","D05",2018-10-17,"Live","single bole tree",NA,130,NA,23.4,62.2,NA,57,"Pinus strobus L.",19,151.9,"2018",129,"pine","Pinus strobus L.","eastern white pine","Pinaceae","tree","strobus",0.729,"sw4",-2.5356,2.4349,"PinusBelow0.45spg","conifer","Conifer",0.39,-2.6177,2.4638,0.574215,0.848035,NA,"Check",1847.15406225727,1917.29122462946,NA
"Pinus","PIST","NEON.PLA.D05.TREE.00390","TREE_054","TREE","D05",2021-09-20,"Live","small tree","Mostly shaded",130,NA,6,9.3,NA,61,"Pinus strobus L.",2.3,214.8,"2021",129,"pine","Pinus strobus L.","eastern white pine","Pinaceae","tree","strobus",0.729,"sw4",-2.5356,2.4349,"PinusBelow0.45spg","conifer","Conifer",0.39,-2.6177,2.4638,0.574215,0.848035,NA,"Check",8.36984281053706,8.14861328486135,NA
"Pinus","PIST","NEON.PLA.D05.TREE.00112","TREE_056","TREE","D05",2021-09-22,"Standing dead","small tree","Full shade",130,NA,5.4,7.1,NA,NA,"Pinus strobus L.",NA,NA,"2021",129,"pine","Pinus strobus L.","eastern white pine","Pinaceae","tree","strobus",0.729,"sw4",-2.5356,2.4349,"PinusBelow0.45spg","conifer","Conifer",0.39,-2.6177,2.4638,0.574215,0.848035,NA,"Check",4.33797578772138,4.19049897309958,NA
"Pinus","PIST","NEON.PLA.D05.TREE.00056","TREE_046","TREE","D05",2015-07-28,"Live","small tree","Full shade",130,NA,2.4,1.8,NA,NA,"Pinus strobus L.",NA,NA,"2015",129,"pine","Pinus strobus L.","eastern white pine","Pinaceae","tree","strobus",0.729,"sw4",-2.5356,2.4349,"PinusBelow0.45spg","conifer","Conifer",0.39,-2.6177,2.4638,0.574215,0.848035,NA,"Check",0.153504528869306,0.142520001111241,NA
"Pinus","PIST","NEON.PLA.D05.TREE.00005","TREE_055","TREE","D05",2017-09-14,"Live","small tree",NA,130,NA,1.9,1.1,NA,NA,"Pinus strobus L.",NA,NA,"2017",129,"pine","Pinus strobus L.","eastern white pine","Pinaceae","tree","strobus",0.729,"sw4",-2.5356,2.4349,"PinusBelow0.45spg","conifer","Conifer",0.39,-2.6177,2.4638,0.574215,0.848035,NA,"Check",0.0462748712910052,0.0423563683709955,NA
"Pinus","PIRE","NEON.PLA.D05.TREE.00007","TREE_050","TREE","D05",2015-07-29,"Live","single bole tree","Full sun",130,NA,14.1,37.3,NA,39,"Pinus resinosa Aiton",11.5,58.1,"2015",125,"pine","Pinus resinosa Aiton","red pine","Pinaceae","tree","resinosa",0.729,"sw4",-2.5356,2.4349,"PinusBelow0.45spg","conifer","Conifer",0.39,-2.6177,2.4638,0.574215,0.848035,NA,"Check",531.810302262659,543.905630357273,NA
"Pinus","PIRE","NEON.PLA.D05.TREE.02605","TREE_060","TREE","D05",2017-10-26,"Live","single bole tree","Partially shaded",130,NA,15.4,20,NA,51,"Pinus resinosa Aiton",6.9,248.2,"2017",125,"pine","Pinus resinosa Aiton","red pine","Pinaceae","tree","resinosa",0.729,"sw4",-2.5356,2.4349,"PinusBelow0.45spg","conifer","Conifer",0.39,-2.6177,2.4638,0.574215,0.848035,NA,"Check",116.595247359623,117.118375014528,NA
"Pinus","PIRE","NEON.PLA.D05.TREE.02610","TREE_060","TREE","D05",2017-10-26,"Live","single bole tree","Mostly shaded",130,NA,12.9,14.8,NA,51,"Pinus resinosa Aiton",1.9,251.4,"2017",125,"pine","Pinus resinosa Aiton","red pine","Pinaceae","tree","resinosa",0.729,"sw4",-2.5356,2.4349,"PinusBelow0.45spg","conifer","Conifer",0.39,-2.6177,2.4638,0.574215,0.848035,NA,"Check",56.0109788524925,55.7748163701894,NA
"Pinus","PIST","NEON.PLA.D05.TREE.00390","TREE_054","TREE","D05",2016-10-18,"Live","small tree",NA,130,NA,3.4,5.2,NA,61,"Pinus strobus L.",2.3,214.8,"2016",129,"pine","Pinus strobus L.","eastern white pine","Pinaceae","tree","strobus",0.729,"sw4",-2.5356,2.4349,"PinusBelow0.45spg","conifer","Conifer",0.39,-2.6177,2.4638,0.574215,0.848035,NA,"Check",2.03214508794904,1.94546963651974,NA
"Pinus","PIST","NEON.PLA.D05.TREE.00765","TREE_051","TREE","D05",2018-10-09,"Live","small tree",NA,130,NA,2.4,2.1,NA,NA,"Pinus strobus L.",NA,NA,"2018",129,"pine","Pinus strobus L.","eastern white pine","Pinaceae","tree","strobus",0.729,"sw4",-2.5356,2.4349,"PinusBelow0.45spg","conifer","Conifer",0.39,-2.6177,2.4638,0.574215,0.848035,NA,"Check",0.223424055734331,0.208362383780412,NA
"Pinus","PIST","NEON.PLA.D05.TREE.00112","TREE_056","TREE","D05",2018-10-09,"Live","small tree",NA,130,NA,5.1,6.7,NA,NA,"Pinus strobus L.",NA,NA,"2018",129,"pine","Pinus strobus L.","eastern white pine","Pinaceae","tree","strobus",0.729,"sw4",-2.5356,2.4349,"PinusBelow0.45spg","conifer","Conifer",0.39,-2.6177,2.4638,0.574215,0.848035,NA,"Check",3.7667578973721,3.63260785648777,NA
"Pinus","PIST","NEON.PLA.D05.TREE.02257","TREE_006","TREE","D05",2019-10-09,"Live","single bole tree","Full sun",130,NA,24.9,36.7,NA,49,"Pinus strobus L.",8.8,130,"2019",129,"pine","Pinus strobus L.","eastern white pine","Pinaceae","tree","strobus",0.729,"sw4",-2.5356,2.4349,"PinusBelow0.45spg","conifer","Conifer",0.39,-2.6177,2.4638,0.574215,0.848035,NA,"Check",511.220559769941,522.602621384693,NA
"Pinus","PIST","NEON.PLA.D05.TREE.00112","TREE_056","TREE","D05",2015-07-29,"Live","small tree","Full shade",130,NA,3.8,4.9,NA,NA,"Pinus strobus L.",NA,NA,"2015",129,"pine","Pinus strobus L.","eastern white pine","Pinaceae","tree","strobus",0.729,"sw4",-2.5356,2.4349,"PinusBelow0.45spg","conifer","Conifer",0.39,-2.6177,2.4638,0.574215,0.848035,NA,"Check",1.7583956700252,1.68050775510519,NA
"Pinus","PIST","NEON.PLA.D05.TREE.09857","TREE_054","TREE","D05",2022-09-07,"Live","single bole tree","Full shade",130,NA,7,10.1,NA,61,"Pinus strobus L.",7.4,198.1,"2022",129,"pine","Pinus strobus L.","eastern white pine","Pinaceae","tree","strobus",0.729,"sw4",-2.5356,2.4349,"PinusBelow0.45spg","conifer","Conifer",0.39,-2.6177,2.4638,0.574215,0.848035,NA,"Check",22.0914908181108,21.7567657314301,NA
"Pinus","PIST","NEON.PLA.D05.TREE.00056","TREE_046","TREE","D05",2022-09-19,"Live","small tree","Full shade",130,NA,4,4,NA,NA,"Pinus strobus L.",NA,NA,"2022",129,"pine","Pinus strobus L.","eastern white pine","Pinaceae","tree","strobus",0.729,"sw4",-2.5356,2.4349,"PinusBelow0.45spg","conifer","Conifer",0.39,-2.6177,2.4638,0.574215,0.848035,NA,"Check",1.07278833677465,1.01927371697659,NA
"Pinus","PIST","NEON.PLA.D05.TREE.02697","TREE_023","TREE","D05",2018-05-08,"Live","single bole tree","Partially shaded",130,NA,18.2,49.1,NA,41,"Pinus strobus L.",4.5,145.7,"2018",129,"pine","Pinus strobus L.","eastern white pine","Pinaceae","tree","strobus",0.729,"sw4",-2.5356,2.4349,"PinusBelow0.45spg","conifer","Conifer",0.39,-2.6177,2.4638,0.574215,0.848035,NA,"Check",1038.52567257683,1070.61645737056,NA
"Pinus","PIST","NEON.PLA.D05.TREE.02514","TREE_001","TREE","D05",2017-10-25,"Live","single bole tree","Full sun",130,NA,27.9,44.6,NA,31,"Pinus strobus L.",8.9,69.5,"2017",129,"pine","Pinus strobus L.","eastern white pine","Pinaceae","tree","strobus",0.729,"sw4",-2.5356,2.4349,"PinusBelow0.45spg","conifer","Conifer",0.39,-2.6177,2.4638,0.574215,0.848035,NA,"Check",821.804205073542,844.847959741795,NA
"Pinus","PIST","NEON.PLA.D05.TREE.00112","TREE_056","TREE","D05",2017-08-28,"Live","small tree",NA,130,NA,4.8,6.2,NA,NA,"Pinus strobus L.",NA,NA,"2017",129,"pine","Pinus strobus L.","eastern white pine","Pinaceae","tree","strobus",0.729,"sw4",-2.5356,2.4349,"PinusBelow0.45spg","conifer","Conifer",0.39,-2.6177,2.4638,0.574215,0.848035,NA,"Check",3.11854988238231,3.00075171912654,NA
"Pinus","PIST","NEON.PLA.D05.TREE.02257","TREE_006","TREE","D05",2018-05-02,"Live,  other damage","single bole tree","Partially shaded",130,NA,21.6,35.3,NA,49,"Pinus strobus L.",8.8,130,"2018",129,"pine","Pinus strobus L.","eastern white pine","Pinaceae","tree","strobus",0.729,"sw4",-2.5356,2.4349,"PinusBelow0.45spg","conifer","Conifer",0.39,-2.6177,2.4638,0.574215,0.848035,NA,"Check",465.028469709867,474.848044507415,NA
"Pinus","PIST","NEON.PLA.D05.TREE.00258","TREE_056","TREE","D05",2017-08-28,"Live","small tree",NA,130,NA,4.2,6.4,NA,61,"Pinus strobus L.",6.5,251.3,"2017",129,"pine","Pinus strobus L.","eastern white pine","Pinaceae","tree","strobus",0.729,"sw4",-2.5356,2.4349,"PinusBelow0.45spg","conifer","Conifer",0.39,-2.6177,2.4638,0.574215,0.848035,NA,"Check",3.36919221903184,3.2449024018413,NA
"Pinus","PIST","NEON.PLA.D05.TREE.00108","TREE_056","TREE","D05",2017-08-28,"Live","small tree",NA,130,NA,2.6,2.1,NA,NA,"Pinus strobus L.",NA,NA,"2017",129,"pine","Pinus strobus L.","eastern white pine","Pinaceae","tree","strobus",0.729,"sw4",-2.5356,2.4349,"PinusBelow0.45spg","conifer","Conifer",0.39,-2.6177,2.4638,0.574215,0.848035,NA,"Check",0.223424055734331,0.208362383780412,NA
"Pinus","PIST","NEON.PLA.D05.TREE.00115","TREE_056","TREE","D05",2015-07-29,"Live","small tree","Full shade",130,NA,2.3,1.9,NA,NA,"Pinus strobus L.",NA,NA,"2015",129,"pine","Pinus strobus L.","eastern white pine","Pinaceae","tree","strobus",0.729,"sw4",-2.5356,2.4349,"PinusBelow0.45spg","conifer","Conifer",0.39,-2.6177,2.4638,0.574215,0.848035,NA,"Check",0.17510369612086,0.162827794730785,NA
"Pinus","PIST","NEON.PLA.D05.TREE.00390","TREE_054","TREE","D05",2015-07-30,"Live","small tree","Full shade",130,NA,4.4,5.1,NA,61,"Pinus strobus L.",2.3,214.8,"2015",129,"pine","Pinus strobus L.","eastern white pine","Pinaceae","tree","strobus",0.729,"sw4",-2.5356,2.4349,"PinusBelow0.45spg","conifer","Conifer",0.39,-2.6177,2.4638,0.574215,0.848035,NA,"Check",1.93829909135123,1.85458532455303,NA
"Pinus","PIST","NEON.PLA.D05.TREE.00115","TREE_056","TREE","D05",2017-08-28,"Live","small tree",NA,130,NA,2.7,3.6,NA,NA,"Pinus strobus L.",NA,NA,"2017",129,"pine","Pinus strobus L.","eastern white pine","Pinaceae","tree","strobus",0.729,"sw4",-2.5356,2.4349,"PinusBelow0.45spg","conifer","Conifer",0.39,-2.6177,2.4638,0.574215,0.848035,NA,"Check",0.830040205992297,0.786237077288355,NA
"Pinus","PIST","NEON.PLA.D05.TREE.00028","TREE_055","TREE","D05",2015-07-29,"Live","sapling","Full shade",10,NA,1.3,2,NA,NA,"Pinus strobus L.",NA,NA,"2015",129,"pine","Pinus strobus L.","eastern white pine","Pinaceae","tree","strobus",0.729,"sw4",-2.5356,2.4349,"PinusBelow0.45spg","conifer","Conifer",0.39,-2.6177,2.4638,0.574215,0.848035,1.44845965449022,"Check",0.0904376295646214,0.0834404455220928,NA
"Pinus","PIST","NEON.PLA.D05.TREE.00552","TREE_046","TREE","D05",2018-10-10,"Live","small tree",NA,130,NA,2.9,2.9,NA,NA,"Pinus strobus L.",NA,NA,"2018",129,"pine","Pinus strobus L.","eastern white pine","Pinaceae","tree","strobus",0.729,"sw4",-2.5356,2.4349,"PinusBelow0.45spg","conifer","Conifer",0.39,-2.6177,2.4638,0.574215,0.848035,NA,"Check",0.49028776476622,0.461521147987287,NA
"Pinus","PIST","NEON.PLA.D05.TREE.00741","TREE_051","TREE","D05",2015-08-03,"Live","sapling","Full shade",10,NA,1.5,2.8,NA,NA,"Pinus strobus L.",NA,NA,"2015",129,"pine","Pinus strobus L.","eastern white pine","Pinaceae","tree","strobus",0.729,"sw4",-2.5356,2.4349,"PinusBelow0.45spg","conifer","Conifer",0.39,-2.6177,2.4638,0.574215,0.848035,2.05525828898538,"Check",0.212010118239498,0.197594874958594,NA
"Pinus","PIST","NEON.PLA.D05.TREE.00145","TREE_046","TREE","D05",2015-07-28,"Live","sapling","Full shade",10,NA,1,1.9,NA,NA,"Pinus strobus L.",NA,NA,"2015",129,"pine","Pinus strobus L.","eastern white pine","Pinaceae","tree","strobus",0.729,"sw4",-2.5356,2.4349,"PinusBelow0.45spg","conifer","Conifer",0.39,-2.6177,2.4638,0.574215,0.848035,1.37322264723203,"Check",0.0794225134913426,0.0731646988521387,NA
"Pinus","PIST","NEON.PLA.D05.TREE.01372","TREE_045","TREE","D05",2017-10-19,"Live","single bole tree",NA,130,NA,22.8,55.8,NA,59,"Pinus strobus L.",2.4,239.3,"2017",129,"pine","Pinus strobus L.","eastern white pine","Pinaceae","tree","strobus",0.729,"sw4",-2.5356,2.4349,"PinusBelow0.45spg","conifer","Conifer",0.39,-2.6177,2.4638,0.574215,0.848035,NA,"Check",1418.020543394,1467.25187801943,NA
"Pinus","PIST","NEON.PLA.D05.TREE.00136","TREE_055","TREE","D05",2018-10-10,"Live","small tree",NA,140,NA,3,3.2,NA,NA,"Pinus strobus L.",NA,NA,"2018",129,"pine","Pinus strobus L.","eastern white pine","Pinaceae","tree","strobus",0.729,"sw4",-2.5356,2.4349,"PinusBelow0.45spg","conifer","Conifer",0.39,-2.6177,2.4638,0.574215,0.848035,NA,"Check",0.6230857981564,0.588198531047754,NA
"Pinus","PIST","NEON.PLA.D05.TREE.02506","TREE_001","TREE","D05",2019-10-07,"Live","single bole tree","Full sun",130,NA,25.5,58.5,NA,51,"Pinus strobus L.",6.8,262.6,"2019",129,"pine","Pinus strobus L.","eastern white pine","Pinaceae","tree","strobus",0.729,"sw4",-2.5356,2.4349,"PinusBelow0.45spg","conifer","Conifer",0.39,-2.6177,2.4638,0.574215,0.848035,NA,"Check",1590.92874954484,1648.41272178454,NA
"Pinus","PIST","NEON.PLA.D05.TREE.00138","TREE_046","TREE","D05",2015-07-28,"Live","sapling","Full shade",10,NA,1,1.7,NA,NA,"Pinus strobus L.",NA,NA,"2015",129,"pine","Pinus strobus L.","eastern white pine","Pinaceae","tree","strobus",0.729,"sw4",-2.5356,2.4349,"PinusBelow0.45spg","conifer","Conifer",0.39,-2.6177,2.4638,0.574215,0.848035,1.22323088488028,"Check",0.0599283700479725,0.0550222959141236,NA
"Pinus","PIST","NEON.PLA.D05.TREE.01205","TREE_045","TREE","D05",2016-10-18,"Standing dead","single bole tree",NA,130,NA,14.9,47.2,NA,57,"Pinus strobus L.",16.6,143.5,"2016",129,"pine","Pinus strobus L.","eastern white pine","Pinaceae","tree","strobus",0.729,"sw4",-2.5356,2.4349,"PinusBelow0.45spg","conifer","Conifer",0.39,-2.6177,2.4638,0.574215,0.848035,NA,"Check",943.374828745409,971.416846801458,NA
"Pinus","PIST","NEON.PLA.D05.TREE.00666","TREE_042","TREE","D05",2015-07-27,"Live","sapling","Full shade",10,NA,0.6,1.6,NA,NA,"Pinus strobus L.",NA,NA,"2015",129,"pine","Pinus strobus L.","eastern white pine","Pinaceae","tree","strobus",0.729,"sw4",-2.5356,2.4349,"PinusBelow0.45spg","conifer","Conifer",0.39,-2.6177,2.4638,0.574215,0.848035,1.14849394850273,"Check",0.0514002900024161,0.0471064674806158,NA
"Pinus","PIST","NEON.PLA.D05.TREE.01205","TREE_045","TREE","D05",2017-10-19,"Dead, broken bole","single bole tree",NA,130,NA,13.2,47.2,NA,57,"Pinus strobus L.",16.6,143.5,"2017",129,"pine","Pinus strobus L.","eastern white pine","Pinaceae","tree","strobus",0.729,"sw4",-2.5356,2.4349,"PinusBelow0.45spg","conifer","Conifer",0.39,-2.6177,2.4638,0.574215,0.848035,NA,"Check",943.374828745409,971.416846801458,NA
"Pinus","PIST","NEON.PLA.D05.TREE.00120","TREE_055","TREE","D05",2017-09-14,"Live","small tree",NA,130,NA,2.6,1.7,NA,NA,"Pinus strobus L.",NA,NA,"2017",129,"pine","Pinus strobus L.","eastern white pine","Pinaceae","tree","strobus",0.729,"sw4",-2.5356,2.4349,"PinusBelow0.45spg","conifer","Conifer",0.39,-2.6177,2.4638,0.574215,0.848035,NA,"Check",0.133560565453132,0.123798525336034,NA
"Pinus","PIST","NEON.PLA.D05.TREE.00285","TREE_054","TREE","D05",2018-10-09,"Live","small tree",NA,130,NA,3.1,2.7,NA,NA,"Pinus strobus L.",NA,NA,"2018",129,"pine","Pinus strobus L.","eastern white pine","Pinaceae","tree","strobus",0.729,"sw4",-2.5356,2.4349,"PinusBelow0.45spg","conifer","Conifer",0.39,-2.6177,2.4638,0.574215,0.848035,NA,"Check",0.411989169902312,0.387016482240507,NA
"Pinus","PIST","NEON.PLA.D05.TREE.00285","TREE_054","TREE","D05",2016-10-18,"Live","small tree",NA,130,NA,2.9,2.3,NA,NA,"Pinus strobus L.",NA,NA,"2016",129,"pine","Pinus strobus L.","eastern white pine","Pinaceae","tree","strobus",0.729,"sw4",-2.5356,2.4349,"PinusBelow0.45spg","conifer","Conifer",0.39,-2.6177,2.4638,0.574215,0.848035,NA,"Check",0.278823438252711,0.260711663899908,NA
"Pinus","PIST","NEON.PLA.D05.TREE.02144","TREE_018","TREE","D05",2018-04-25,"Live","single bole tree","Partially shaded",130,NA,25.3,41.8,NA,49,"Pinus strobus L.",8.7,160.8,"2018",129,"pine","Pinus strobus L.","eastern white pine","Pinaceae","tree","strobus",0.729,"sw4",-2.5356,2.4349,"PinusBelow0.45spg","conifer","Conifer",0.39,-2.6177,2.4638,0.574215,0.848035,NA,"Check",701.786549411999,720.114337392016,NA
"Pinus","PIST","NEON.PLA.D05.TREE.00119","TREE_046","TREE","D05",2015-07-28,"Live","sapling","Full shade",10,NA,1.2,2.1,NA,NA,"Pinus strobus L.",NA,NA,"2015",129,"pine","Pinus strobus L.","eastern white pine","Pinaceae","tree","strobus",0.729,"sw4",-2.5356,2.4349,"PinusBelow0.45spg","conifer","Conifer",0.39,-2.6177,2.4638,0.574215,0.848035,1.52384700858481,"Check",0.102329795092046,0.0945510505429183,NA
"Pinus","PIST","NEON.PLA.D05.TREE.00117","TREE_056","TREE","D05",2021-09-22,"Live","small tree","Full shade",130,NA,5.4,3.4,NA,NA,"Pinus strobus L.",NA,NA,"2021",129,"pine","Pinus strobus L.","eastern white pine","Pinaceae","tree","strobus",0.729,"sw4",-2.5356,2.4349,"PinusBelow0.45spg","conifer","Conifer",0.39,-2.6177,2.4638,0.574215,0.848035,NA,"Check",0.722197840531158,0.682956707647227,NA
"Pinus","PIST","NEON.PLA.D05.TREE.01428","TREE_040","TREE","D05",2018-10-18,"Standing dead","single bole tree",NA,130,NA,10.4,30.8,NA,59,"Pinus strobus L.",7,144.8,"2018",129,"pine","Pinus strobus L.","eastern white pine","Pinaceae","tree","strobus",0.729,"sw4",-2.5356,2.4349,"PinusBelow0.45spg","conifer","Conifer",0.39,-2.6177,2.4638,0.574215,0.848035,NA,"Check",333.637648265922,339.342761749093,NA
"Pinus","PIST","NEON.PLA.D05.TREE.01428","TREE_040","TREE","D05",2016-10-20,"Dead, broken bole","single bole tree",NA,130,NA,NA,30.6,NA,59,"Pinus strobus L.",7,144.8,"2016",129,"pine","Pinus strobus L.","eastern white pine","Pinaceae","tree","strobus",0.729,"sw4",-2.5356,2.4349,"PinusBelow0.45spg","conifer","Conifer",0.39,-2.6177,2.4638,0.574215,0.848035,NA,"Check",328.387042982186,333.939494398771,NA
"Pinus","PIST","NEON.PLA.D05.TREE.00531","TREE_053","TREE","D05",2017-08-30,"Live","small tree",NA,130,NA,2.6,2,NA,NA,"Pinus strobus L.",NA,NA,"2017",129,"pine","Pinus strobus L.","eastern white pine","Pinaceae","tree","strobus",0.729,"sw4",-2.5356,2.4349,"PinusBelow0.45spg","conifer","Conifer",0.39,-2.6177,2.4638,0.574215,0.848035,NA,"Check",0.198397459573913,0.184762198925,NA
"Pinus","PIST","NEON.PLA.D05.TREE.02508","TREE_001","TREE","D05",2019-10-07,"Live","single bole tree","Partially shaded",130,NA,27.1,46,NA,33,"Pinus strobus L.",12.9,334.9,"2019",129,"pine","Pinus strobus L.","eastern white pine","Pinaceae","tree","strobus",0.729,"sw4",-2.5356,2.4349,"PinusBelow0.45spg","conifer","Conifer",0.39,-2.6177,2.4638,0.574215,0.848035,NA,"Check",886.037200116638,911.696065183292,NA
"Pinus","PIST","NEON.PLA.D05.TREE.00572","TREE_046","TREE","D05",2017-09-25,"Live","small tree",NA,130,NA,2,3.4,NA,NA,"Pinus strobus L.",NA,NA,"2017",129,"pine","Pinus strobus L.","eastern white pine","Pinaceae","tree","strobus",0.729,"sw4",-2.5356,2.4349,"PinusBelow0.45spg","conifer","Conifer",0.39,-2.6177,2.4638,0.574215,0.848035,NA,"Check",0.722197840531158,0.682956707647227,NA
"Pinus","PIST","NEON.PLA.D05.TREE.00115","TREE_056","TREE","D05",2016-09-28,"Live","small tree",NA,130,NA,3,3.4,NA,NA,"Pinus strobus L.",NA,NA,"2016",129,"pine","Pinus strobus L.","eastern white pine","Pinaceae","tree","strobus",0.729,"sw4",-2.5356,2.4349,"PinusBelow0.45spg","conifer","Conifer",0.39,-2.6177,2.4638,0.574215,0.848035,NA,"Check",0.722197840531158,0.682956707647227,NA
"Pinus","PIST","NEON.PLA.D05.TREE.00588","TREE_053","TREE","D05",2015-07-27,"Live","sapling","Full shade",10,NA,0.5,1.4,NA,NA,"Pinus strobus L.",NA,NA,"2015",129,"pine","Pinus strobus L.","eastern white pine","Pinaceae","tree","strobus",0.729,"sw4",-2.5356,2.4349,"PinusBelow0.45spg","conifer","Conifer",0.39,-2.6177,2.4638,0.574215,0.848035,0.999590927277837,"Check",0.0366543483028178,0.0334578180914877,NA
"Pinus","PIST","NEON.PLA.D05.TREE.00108","TREE_056","TREE","D05",2018-10-09,"Live","small tree",NA,130,NA,2.9,2.5,NA,NA,"Pinus strobus L.",NA,NA,"2018",129,"pine","Pinus strobus L.","eastern white pine","Pinaceae","tree","strobus",0.729,"sw4",-2.5356,2.4349,"PinusBelow0.45spg","conifer","Conifer",0.39,-2.6177,2.4638,0.574215,0.848035,NA,"Check",0.341587757747595,0.320169540239404,NA
"Pinus","PIST","NEON.PLA.D05.TREE.02151","TREE_018","TREE","D05",2019-10-30,"Live","single bole tree","Partially shaded",130,NA,23.9,39.5,NA,33,"Pinus strobus L.",9.4,317.2,"2019",129,"pine","Pinus strobus L.","eastern white pine","Pinaceae","tree","strobus",0.729,"sw4",-2.5356,2.4349,"PinusBelow0.45spg","conifer","Conifer",0.39,-2.6177,2.4638,0.574215,0.848035,NA,"Check",611.444692876207,626.387754480809,NA
"Pinus","PIST","NEON.PLA.D05.TREE.02151","TREE_018","TREE","D05",2018-04-25,"Live","single bole tree","Partially shaded",130,NA,25.6,38.3,NA,33,"Pinus strobus L.",9.4,317.2,"2018",129,"pine","Pinus strobus L.","eastern white pine","Pinaceae","tree","strobus",0.729,"sw4",-2.5356,2.4349,"PinusBelow0.45spg","conifer","Conifer",0.39,-2.6177,2.4638,0.574215,0.848035,NA,"Check",567.196583768564,580.540435024966,NA
"Pinus","PIST","NEON.PLA.D05.TREE.00381","TREE_054","TREE","D05",2016-10-18,"Live","small tree",NA,130,NA,4,4.4,NA,NA,"Pinus strobus L.",NA,NA,"2016",129,"pine","Pinus strobus L.","eastern white pine","Pinaceae","tree","strobus",0.729,"sw4",-2.5356,2.4349,"PinusBelow0.45spg","conifer","Conifer",0.39,-2.6177,2.4638,0.574215,0.848035,NA,"Check",1.353010267661,1.28906294152314,NA
"Pinus","PIST","NEON.PLA.D05.TREE.00551","TREE_053","TREE","D05",2015-07-27,"Live","sapling","Full shade",10,NA,0.7,1.2,NA,NA,"Pinus strobus L.",NA,NA,"2015",129,"pine","Pinus strobus L.","eastern white pine","Pinaceae","tree","strobus",0.729,"sw4",-2.5356,2.4349,"PinusBelow0.45spg","conifer","Conifer",0.39,-2.6177,2.4638,0.574215,0.848035,0.851537287154131,"Check",0.0248091043356584,0.0225408983334784,NA
"Pinus","PIST","NEON.PLA.D05.TREE.03599","TREE_005","TREE","D05",2019-10-16,"Live","single bole tree","Full sun",130,NA,18.3,66,NA,41,"Pinus strobus L.",5.8,228.2,"2019",129,"pine","Pinus strobus L.","eastern white pine","Pinaceae","tree","strobus",0.729,"sw4",-2.5356,2.4349,"PinusBelow0.45spg","conifer","Conifer",0.39,-2.6177,2.4638,0.574215,0.848035,NA,"Check",2134.07874498249,2218.9099780437,NA
"Pinus","PIST","NEON.PLA.D05.TREE.00552","TREE_046","TREE","D05",2021-09-21,"Live","small tree","Full shade",130,NA,5,5.3,NA,NA,"Pinus strobus L.",NA,NA,"2021",129,"pine","Pinus strobus L.","eastern white pine","Pinaceae","tree","strobus",0.729,"sw4",-2.5356,2.4349,"PinusBelow0.45spg","conifer","Conifer",0.39,-2.6177,2.4638,0.574215,0.848035,NA,"Check",2.12861679903353,2.03894873501645,NA
"Pinus","PIST","NEON.PLA.D05.TREE.02161","TREE_018","TREE","D05",2018-04-25,"Standing dead","single bole tree","Full shade",130,NA,11.4,11.3,NA,NA,"Pinus strobus L.",NA,NA,"2018",129,"pine","Pinus strobus L.","eastern white pine","Pinaceae","tree","strobus",0.729,"sw4",-2.5356,2.4349,"PinusBelow0.45spg","conifer","Conifer",0.39,-2.6177,2.4638,0.574215,0.848035,NA,"Check",29.0364563748515,28.6894355479193,NA
"Pinus","PIST","NEON.PLA.D05.TREE.00765","TREE_051","TREE","D05",2017-09-26,"Live","small tree",NA,130,NA,2.1,1.5,NA,NA,"Pinus strobus L.",NA,NA,"2017",129,"pine","Pinus strobus L.","eastern white pine","Pinaceae","tree","strobus",0.729,"sw4",-2.5356,2.4349,"PinusBelow0.45spg","conifer","Conifer",0.39,-2.6177,2.4638,0.574215,0.848035,NA,"Check",0.0984742715961189,0.0909471434819516,NA
"Pinus","PIST","NEON.PLA.D05.TREE.02506","TREE_001","TREE","D05",2017-10-25,"Live","single bole tree","Full sun",130,NA,28,56.8,NA,51,"Pinus strobus L.",6.8,262.6,"2017",129,"pine","Pinus strobus L.","eastern white pine","Pinaceae","tree","strobus",0.729,"sw4",-2.5356,2.4349,"PinusBelow0.45spg","conifer","Conifer",0.39,-2.6177,2.4638,0.574215,0.848035,NA,"Check",1480.69521971325,1532.8891994613,NA
"Pinus","PIST","NEON.PLA.D05.TREE.02508","TREE_001","TREE","D05",2017-10-25,"Live","single bole tree","Full sun",130,NA,26.1,45,NA,33,"Pinus strobus L.",12.9,334.9,"2017",129,"pine","Pinus strobus L.","eastern white pine","Pinaceae","tree","strobus",0.729,"sw4",-2.5356,2.4349,"PinusBelow0.45spg","conifer","Conifer",0.39,-2.6177,2.4638,0.574215,0.848035,NA,"Check",839.86611845403,863.63915966867,NA
"Pinus","PIST","NEON.PLA.D05.TREE.01372","TREE_045","TREE","D05",2018-10-17,"Live","single bole tree",NA,130,NA,24.2,56.1,NA,59,"Pinus strobus L.",2.4,239.3,"2018",129,"pine","Pinus strobus L.","eastern white pine","Pinaceae","tree","strobus",0.729,"sw4",-2.5356,2.4349,"PinusBelow0.45spg","conifer","Conifer",0.39,-2.6177,2.4638,0.574215,0.848035,NA,"Check",1436.6553105746,1486.7639849141,NA
"Pinus","PIST","NEON.PLA.D05.TREE.00137","TREE_055","TREE","D05",2015-07-29,"Live","sapling","Full shade",10,NA,1.5,2.9,NA,NA,"Pinus strobus L.",NA,NA,"2015",129,"pine","Pinus strobus L.","eastern white pine","Pinaceae","tree","strobus",0.729,"sw4",-2.5356,2.4349,"PinusBelow0.45spg","conifer","Conifer",0.39,-2.6177,2.4638,0.574215,0.848035,2.13164363656945,"Check",0.231710308211374,0.216183456059801,NA
"Pinus","PIST","NEON.PLA.D05.TREE.00731","TREE_051","TREE","D05",2017-09-26,"Live","small tree",NA,130,NA,2.1,1.5,NA,NA,"Pinus strobus L.",NA,NA,"2017",129,"pine","Pinus strobus L.","eastern white pine","Pinaceae","tree","strobus",0.729,"sw4",-2.5356,2.4349,"PinusBelow0.45spg","conifer","Conifer",0.39,-2.6177,2.4638,0.574215,0.848035,NA,"Check",0.0984742715961189,0.0909471434819516,NA
"Pinus","PIST","NEON.PLA.D05.TREE.00120","TREE_055","TREE","D05",2015-07-29,"Live","sapling","Full shade",10,NA,2,2.6,NA,NA,"Pinus strobus L.",NA,NA,"2015",129,"pine","Pinus strobus L.","eastern white pine","Pinaceae","tree","strobus",0.729,"sw4",-2.5356,2.4349,"PinusBelow0.45spg","conifer","Conifer",0.39,-2.6177,2.4638,0.574215,0.848035,1.9028179267866,"Check",0.175736711874263,0.163423431326937,NA
"Pinus","PIST","NEON.PLA.D05.TREE.00120","TREE_055","TREE","D05",2018-10-10,"Live","small tree",NA,130,NA,3,2.2,NA,NA,"Pinus strobus L.",NA,NA,"2018",129,"pine","Pinus strobus L.","eastern white pine","Pinaceae","tree","strobus",0.729,"sw4",-2.5356,2.4349,"PinusBelow0.45spg","conifer","Conifer",0.39,-2.6177,2.4638,0.574215,0.848035,NA,"Check",0.250220654605932,0.233666481987796,NA
"Pinus","PIST","NEON.PLA.D05.TREE.00226","TREE_055","TREE","D05",2018-10-10,"Live","small tree",NA,130,NA,2.1,1.4,NA,NA,"Pinus strobus L.",NA,NA,"2018",129,"pine","Pinus strobus L.","eastern white pine","Pinaceae","tree","strobus",0.729,"sw4",-2.5356,2.4349,"PinusBelow0.45spg","conifer","Conifer",0.39,-2.6177,2.4638,0.574215,0.848035,NA,"Check",0.0832463737376888,0.0767300839385724,NA
"Pinus","PIST","NEON.PLA.D05.TREE.00285","TREE_054","TREE","D05",2017-08-30,"Live","small tree",NA,130,NA,2.9,2.5,NA,NA,"Pinus strobus L.",NA,NA,"2017",129,"pine","Pinus strobus L.","eastern white pine","Pinaceae","tree","strobus",0.729,"sw4",-2.5356,2.4349,"PinusBelow0.45spg","conifer","Conifer",0.39,-2.6177,2.4638,0.574215,0.848035,NA,"Check",0.341587757747595,0.320169540239404,NA
"Pinus","PIST","NEON.PLA.D05.TREE.00226","TREE_055","TREE","D05",2015-07-29,"Live,  other damage","sapling","Full shade",10,NA,1.4,2.6,NA,NA,"Pinus strobus L.",NA,NA,"2015",129,"pine","Pinus strobus L.","eastern white pine","Pinaceae","tree","strobus",0.729,"sw4",-2.5356,2.4349,"PinusBelow0.45spg","conifer","Conifer",0.39,-2.6177,2.4638,0.574215,0.848035,1.9028179267866,"Check",0.175736711874263,0.163423431326937,NA
"Pinus","PIST","NEON.PLA.D05.TREE.00087","TREE_046","TREE","D05",2015-07-28,"Live","sapling","Full shade",10,NA,0.8,1.4,NA,NA,"Pinus strobus L.",NA,NA,"2015",129,"pine","Pinus strobus L.","eastern white pine","Pinaceae","tree","strobus",0.729,"sw4",-2.5356,2.4349,"PinusBelow0.45spg","conifer","Conifer",0.39,-2.6177,2.4638,0.574215,0.848035,0.999590927277837,"Check",0.0366543483028178,0.0334578180914877,NA
"Pinus","PIST","NEON.PLA.D05.TREE.00531","TREE_053","TREE","D05",2015-07-27,"Live","sapling","Full shade",10,NA,1.9,3,NA,NA,"Pinus strobus L.",NA,NA,"2015",129,"pine","Pinus strobus L.","eastern white pine","Pinaceae","tree","strobus",0.729,"sw4",-2.5356,2.4349,"PinusBelow0.45spg","conifer","Conifer",0.39,-2.6177,2.4638,0.574215,0.848035,2.20813419901841,"Check",0.252479297285627,0.235800845121165,NA
"Pinus","PIST","NEON.PLA.D05.TREE.01428","TREE_040","TREE","D05",2019-10-23,"Live, physically damaged","single bole tree",NA,130,NA,9.5,30.8,NA,59,"Pinus strobus L.",7,144.8,"2019",129,"pine","Pinus strobus L.","eastern white pine","Pinaceae","tree","strobus",0.729,"sw4",-2.5356,2.4349,"PinusBelow0.45spg","conifer","Conifer",0.39,-2.6177,2.4638,0.574215,0.848035,NA,"Check",333.637648265922,339.342761749093,NA
"Pinus","PIST","NEON.PLA.D05.TREE.00115","TREE_056","TREE","D05",2022-09-20,"Live, physically damaged","small tree","Mostly shaded",130,NA,4.6,6.8,NA,NA,"Pinus strobus L.",NA,NA,"2022",129,"pine","Pinus strobus L.","eastern white pine","Pinaceae","tree","strobus",0.729,"sw4",-2.5356,2.4349,"PinusBelow0.45spg","conifer","Conifer",0.39,-2.6177,2.4638,0.574215,0.848035,NA,"Check",3.90511764530446,3.76765283152024,NA
"Pinus","PIST","NEON.PLA.D05.TREE.02514","TREE_001","TREE","D05",2019-10-07,"Live","single bole tree","Partially shaded",130,NA,24.1,45.7,NA,31,"Pinus strobus L.",8.9,69.5,"2019",129,"pine","Pinus strobus L.","eastern white pine","Pinaceae","tree","strobus",0.729,"sw4",-2.5356,2.4349,"PinusBelow0.45spg","conifer","Conifer",0.39,-2.6177,2.4638,0.574215,0.848035,NA,"Check",872.032893897559,897.116549675086,NA
"Pinus","PIST","NEON.PLA.D05.TREE.00572","TREE_046","TREE","D05",2018-10-10,"Live","small tree",NA,130,NA,3.3,3.8,NA,NA,"Pinus strobus L.",NA,NA,"2018",129,"pine","Pinus strobus L.","eastern white pine","Pinaceae","tree","strobus",0.729,"sw4",-2.5356,2.4349,"PinusBelow0.45spg","conifer","Conifer",0.39,-2.6177,2.4638,0.574215,0.848035,NA,"Check",0.946832703039769,0.898268653046926,NA
"Pinus","PIST","NEON.PLA.D05.TREE.02148","TREE_018","TREE","D05",2019-10-30,"Live","single bole tree","Partially shaded",130,NA,25.2,42.7,NA,49,"Pinus strobus L.",5.2,110.3,"2019",129,"pine","Pinus strobus L.","eastern white pine","Pinaceae","tree","strobus",0.729,"sw4",-2.5356,2.4349,"PinusBelow0.45spg","conifer","Conifer",0.39,-2.6177,2.4638,0.574215,0.848035,NA,"Check",739.148576052606,758.91918771168,NA
"Pinus","PIST","NEON.PLA.D05.TREE.00258","TREE_056","TREE","D05",2015-07-29,"Live","small tree","Full shade",130,NA,2.9,4,NA,61,"Pinus strobus L.",6.5,251.3,"2015",129,"pine","Pinus strobus L.","eastern white pine","Pinaceae","tree","strobus",0.729,"sw4",-2.5356,2.4349,"PinusBelow0.45spg","conifer","Conifer",0.39,-2.6177,2.4638,0.574215,0.848035,NA,"Check",1.07278833677465,1.01927371697659,NA
"Pinus","PIST","NEON.PLA.D05.TREE.03555","TREE_055","TREE","D05",2018-10-10,"Live","small tree",NA,130,NA,2.2,1.4,NA,NA,"Pinus strobus L.",NA,NA,"2018",129,"pine","Pinus strobus L.","eastern white pine","Pinaceae","tree","strobus",0.729,"sw4",-2.5356,2.4349,"PinusBelow0.45spg","conifer","Conifer",0.39,-2.6177,2.4638,0.574215,0.848035,NA,"Check",0.0832463737376888,0.0767300839385724,NA
"Pinus","PIST","NEON.PLA.D05.TREE.02152","TREE_018","TREE","D05",2019-10-30,"Live","single bole tree","Partially shaded",130,NA,24.2,44.1,NA,33,"Pinus strobus L.",9.8,354.2,"2019",129,"pine","Pinus strobus L.","eastern white pine","Pinaceae","tree","strobus",0.729,"sw4",-2.5356,2.4349,"PinusBelow0.45spg","conifer","Conifer",0.39,-2.6177,2.4638,0.574215,0.848035,NA,"Check",799.551483077772,821.703489824885,NA
"Pinus","PIST","NEON.PLA.D05.TREE.03526","TREE_046","TREE","D05",2021-09-21,"Live","small tree","Full shade",130,NA,2,2.1,NA,NA,"Pinus strobus L.",NA,NA,"2021",129,"pine","Pinus strobus L.","eastern white pine","Pinaceae","tree","strobus",0.729,"sw4",-2.5356,2.4349,"PinusBelow0.45spg","conifer","Conifer",0.39,-2.6177,2.4638,0.574215,0.848035,NA,"Check",0.223424055734331,0.208362383780412,NA
"Pinus","PIST","NEON.PLA.D05.TREE.00552","TREE_046","TREE","D05",2015-07-28,"Live","sapling","Full shade",10,NA,1.9,2.5,NA,NA,"Pinus strobus L.",NA,NA,"2015",129,"pine","Pinus strobus L.","eastern white pine","Pinaceae","tree","strobus",0.729,"sw4",-2.5356,2.4349,"PinusBelow0.45spg","conifer","Conifer",0.39,-2.6177,2.4638,0.574215,0.848035,1.82677094069245,"Check",0.159122931813871,0.14779940677552,NA
"Pinus","PIRE","NEON.PLA.D05.TREE.02604","TREE_060","TREE","D05",2017-10-26,"Live","single bole tree","Partially shaded",130,NA,15.7,20.5,NA,51,"Pinus resinosa Aiton",7.5,263.3,"2017",125,"pine","Pinus resinosa Aiton","red pine","Pinaceae","tree","resinosa",0.729,"sw4",-2.5356,2.4349,"PinusBelow0.45spg","conifer","Conifer",0.39,-2.6177,2.4638,0.574215,0.848035,NA,"Check",123.820452833081,124.464786243819,NA
"Pinus","PIRE","NEON.PLA.D05.TREE.00040","TREE_050","TREE","D05",2015-07-29,"Live","single bole tree","Partially shaded",130,NA,13.2,24.4,NA,39,"Pinus resinosa Aiton",10,65.6,"2015",125,"pine","Pinus resinosa Aiton","red pine","Pinaceae","tree","resinosa",0.729,"sw4",-2.5356,2.4349,"PinusBelow0.45spg","conifer","Conifer",0.39,-2.6177,2.4638,0.574215,0.848035,NA,"Check",189.216236368169,191.160601705473,NA
"Pinus","PIRE","NEON.PLA.D05.TREE.02255","TREE_006","TREE","D05",2019-10-09,"Live","single bole tree","Partially shaded",130,NA,22.5,48,NA,49,"Pinus resinosa Aiton",10.3,140.8,"2019",125,"pine","Pinus resinosa Aiton","red pine","Pinaceae","tree","resinosa",0.729,"sw4",-2.5356,2.4349,"PinusBelow0.45spg","conifer","Conifer",0.39,-2.6177,2.4638,0.574215,0.848035,NA,"Check",982.782015723172,1012.48709242262,NA
"Pinus","PIRE","NEON.PLA.D05.TREE.02606","TREE_060","TREE","D05",2017-10-26,"Live","single bole tree","Partially shaded",130,NA,16.1,19,NA,51,"Pinus resinosa Aiton",5.5,231.1,"2017",125,"pine","Pinus resinosa Aiton","red pine","Pinaceae","tree","resinosa",0.729,"sw4",-2.5356,2.4349,"PinusBelow0.45spg","conifer","Conifer",0.39,-2.6177,2.4638,0.574215,0.848035,NA,"Check",102.905847719234,103.214439084532,NA
"Pinus","PIRE","NEON.PLA.D05.TREE.00111","TREE_050","TREE","D05",2018-08-29,"Live","single bole tree",NA,130,NA,22.3,34.9,NA,41,"Pinus resinosa Aiton",1.6,316.3,"2018",125,"pine","Pinus resinosa Aiton","red pine","Pinaceae","tree","resinosa",0.729,"sw4",-2.5356,2.4349,"PinusBelow0.45spg","conifer","Conifer",0.39,-2.6177,2.4638,0.574215,0.848035,NA,"Check",452.302037143746,461.700794258884,NA
"Pinus","PIRE","NEON.PLA.D05.TREE.00064","TREE_050","TREE","D05",2018-08-29,"Live","single bole tree",NA,130,NA,17.9,25.4,NA,39,"Pinus resinosa Aiton",9.7,74.7,"2018",125,"pine","Pinus resinosa Aiton","red pine","Pinaceae","tree","resinosa",0.729,"sw4",-2.5356,2.4349,"PinusBelow0.45spg","conifer","Conifer",0.39,-2.6177,2.4638,0.574215,0.848035,NA,"Check",208.656793085788,211.045766956258,NA
"Pinus","PIRE","NEON.PLA.D05.TREE.00628","TREE_050","TREE","D05",2015-07-29,"Live","single bole tree","Full sun",130,NA,18.2,47,NA,41,"Pinus resinosa Aiton",3.6,76.7,"2015",125,"pine","Pinus resinosa Aiton","red pine","Pinaceae","tree","resinosa",0.729,"sw4",-2.5356,2.4349,"PinusBelow0.45spg","conifer","Conifer",0.39,-2.6177,2.4638,0.574215,0.848035,NA,"Check",933.671249871886,961.306850268847,NA
"Pinus","PIRE","NEON.PLA.D05.TREE.02603","TREE_060","TREE","D05",2019-11-05,"Live, physically damaged","single bole tree","Full sun",130,NA,13.8,19,NA,49,"Pinus resinosa Aiton",7.6,105.6,"2019",125,"pine","Pinus resinosa Aiton","red pine","Pinaceae","tree","resinosa",0.729,"sw4",-2.5356,2.4349,"PinusBelow0.45spg","conifer","Conifer",0.39,-2.6177,2.4638,0.574215,0.848035,NA,"Check",102.905847719234,103.214439084532,NA
"Pinus","PIST","NEON.PLA.D05.TREE.00683","TREE_046","TREE","D05",2015-07-28,"Live","sapling","Full shade",10,NA,0.6,1.3,NA,NA,"Pinus strobus L.",NA,NA,"2015",129,"pine","Pinus strobus L.","eastern white pine","Pinaceae","tree","strobus",0.729,"sw4",-2.5356,2.4349,"PinusBelow0.45spg","conifer","Conifer",0.39,-2.6177,2.4638,0.574215,0.848035,0.925450366054231,"Check",0.0303830529416265,0.0276717270038971,NA
"Pinus","PIST","NEON.PLA.D05.TREE.00120","TREE_055","TREE","D05",2016-09-27,"Live","small tree",NA,130,NA,2.4,1.4,NA,NA,"Pinus strobus L.",NA,NA,"2016",129,"pine","Pinus strobus L.","eastern white pine","Pinaceae","tree","strobus",0.729,"sw4",-2.5356,2.4349,"PinusBelow0.45spg","conifer","Conifer",0.39,-2.6177,2.4638,0.574215,0.848035,NA,"Check",0.0832463737376888,0.0767300839385724,NA
"Pinus","PIST","NEON.PLA.D05.TREE.00012","TREE_046","TREE","D05",2015-07-28,"Live","sapling","Full shade",10,NA,0.7,1,NA,NA,"Pinus strobus L.",NA,NA,"2015",129,"pine","Pinus strobus L.","eastern white pine","Pinaceae","tree","strobus",0.729,"sw4",-2.5356,2.4349,"PinusBelow0.45spg","conifer","Conifer",0.39,-2.6177,2.4638,0.574215,0.848035,0.704469670267665,"Check",0.0156357272061804,0.0141285812617148,NA
"Pinus","PIST","NEON.PLA.D05.TREE.00741","TREE_051","TREE","D05",2018-10-09,"Live","small tree",NA,130,NA,2.4,1.7,NA,NA,"Pinus strobus L.",NA,NA,"2018",129,"pine","Pinus strobus L.","eastern white pine","Pinaceae","tree","strobus",0.729,"sw4",-2.5356,2.4349,"PinusBelow0.45spg","conifer","Conifer",0.39,-2.6177,2.4638,0.574215,0.848035,NA,"Check",0.133560565453132,0.123798525336034,NA
"Pinus","PIST","NEON.PLA.D05.TREE.02509","TREE_001","TREE","D05",2019-10-07,"Live","single bole tree","Mostly shaded",130,NA,22.4,26.9,NA,33,"Pinus strobus L.",11.8,336.7,"2019",129,"pine","Pinus strobus L.","eastern white pine","Pinaceae","tree","strobus",0.729,"sw4",-2.5356,2.4349,"PinusBelow0.45spg","conifer","Conifer",0.39,-2.6177,2.4638,0.574215,0.848035,NA,"Check",239.942256208305,243.092187772087,NA
"Pinus","PIST","NEON.PLA.D05.TREE.00147","TREE_046","TREE","D05",2015-07-28,"Live","sapling","Full shade",10,NA,0.7,1,NA,NA,"Pinus strobus L.",NA,NA,"2015",129,"pine","Pinus strobus L.","eastern white pine","Pinaceae","tree","strobus",0.729,"sw4",-2.5356,2.4349,"PinusBelow0.45spg","conifer","Conifer",0.39,-2.6177,2.4638,0.574215,0.848035,0.704469670267665,"Check",0.0156357272061804,0.0141285812617148,NA
"Pinus","PIST","NEON.PLA.D05.TREE.02144","TREE_018","TREE","D05",2019-10-30,"Live","single bole tree","Partially shaded",130,NA,24.4,42.7,NA,49,"Pinus strobus L.",8.7,160.8,"2019",129,"pine","Pinus strobus L.","eastern white pine","Pinaceae","tree","strobus",0.729,"sw4",-2.5356,2.4349,"PinusBelow0.45spg","conifer","Conifer",0.39,-2.6177,2.4638,0.574215,0.848035,NA,"Check",739.148576052606,758.91918771168,NA
"Pinus","PIST","NEON.PLA.D05.TREE.02510","TREE_001","TREE","D05",2019-10-07,"Live","single bole tree","Partially shaded",130,NA,24.1,20.3,NA,33,"Pinus strobus L.",1.6,330.5,"2019",129,"pine","Pinus strobus L.","eastern white pine","Pinaceae","tree","strobus",0.729,"sw4",-2.5356,2.4349,"PinusBelow0.45spg","conifer","Conifer",0.39,-2.6177,2.4638,0.574215,0.848035,NA,"Check",120.899641872594,121.494347497543,NA
"Pinus","PIST","NEON.PLA.D05.TREE.01428","TREE_040","TREE","D05",2015-08-10,"Live, physically damaged","single bole tree","Full sun",130,NA,8.6,30.1,NA,59,"Pinus strobus L.",7,144.8,"2015",129,"pine","Pinus strobus L.","eastern white pine","Pinaceae","tree","strobus",0.729,"sw4",-2.5356,2.4349,"PinusBelow0.45spg","conifer","Conifer",0.39,-2.6177,2.4638,0.574215,0.848035,NA,"Check",315.474653345806,320.656070787538,NA
"Pinus","PIST","NEON.PLA.D05.TREE.02511","TREE_001","TREE","D05",2019-10-07,"Live","single bole tree","Partially shaded",130,NA,23.7,46.3,NA,33,"Pinus strobus L.",7.2,339.4,"2019",129,"pine","Pinus strobus L.","eastern white pine","Pinaceae","tree","strobus",0.729,"sw4",-2.5356,2.4349,"PinusBelow0.45spg","conifer","Conifer",0.39,-2.6177,2.4638,0.574215,0.848035,NA,"Check",900.17317462382,926.415431099392,NA
"Pinus","PIST","NEON.PLA.D05.TREE.01428","TREE_040","TREE","D05",2020-09-29,"Live, insect damaged","single bole tree","Partially shaded",130,NA,10.9,31.9,NA,59,"Pinus strobus L.",7,144.8,"2020",129,"pine","Pinus strobus L.","eastern white pine","Pinaceae","tree","strobus",0.729,"sw4",-2.5356,2.4349,"PinusBelow0.45spg","conifer","Conifer",0.39,-2.6177,2.4638,0.574215,0.848035,NA,"Check",363.398261962816,369.987302293076,NA
"Pinus","PIST","NEON.PLA.D05.TREE.00531","TREE_053","TREE","D05",2016-09-27,"Live","small tree",NA,130,NA,2.3,1.4,NA,NA,"Pinus strobus L.",NA,NA,"2016",129,"pine","Pinus strobus L.","eastern white pine","Pinaceae","tree","strobus",0.729,"sw4",-2.5356,2.4349,"PinusBelow0.45spg","conifer","Conifer",0.39,-2.6177,2.4638,0.574215,0.848035,NA,"Check",0.0832463737376888,0.0767300839385724,NA
"Pinus","PIST","NEON.PLA.D05.TREE.00285","TREE_054","TREE","D05",2022-09-07,"Live","small tree","Full shade",130,NA,4.4,3.7,NA,NA,"Pinus strobus L.",NA,NA,"2022",129,"pine","Pinus strobus L.","eastern white pine","Pinaceae","tree","strobus",0.729,"sw4",-2.5356,2.4349,"PinusBelow0.45spg","conifer","Conifer",0.39,-2.6177,2.4638,0.574215,0.848035,NA,"Check",0.887304222654192,0.841144920678759,NA
"Pinus","PIST","NEON.PLA.D05.TREE.00292","TREE_055","TREE","D05",2015-07-29,"Live","small tree","Full shade",130,NA,2.5,2,NA,NA,"Pinus strobus L.",NA,NA,"2015",129,"pine","Pinus strobus L.","eastern white pine","Pinaceae","tree","strobus",0.729,"sw4",-2.5356,2.4349,"PinusBelow0.45spg","conifer","Conifer",0.39,-2.6177,2.4638,0.574215,0.848035,NA,"Check",0.198397459573913,0.184762198925,NA
"Pinus","PIST","NEON.PLA.D05.TREE.00741","TREE_051","TREE","D05",2016-09-28,"Live","small tree",NA,130,NA,2,1.2,NA,NA,"Pinus strobus L.",NA,NA,"2016",129,"pine","Pinus strobus L.","eastern white pine","Pinaceae","tree","strobus",0.729,"sw4",-2.5356,2.4349,"PinusBelow0.45spg","conifer","Conifer",0.39,-2.6177,2.4638,0.574215,0.848035,NA,"Check",0.0571948053609633,0.0524834255098349,NA
"Pinus","PIST","NEON.PLA.D05.TREE.00292","TREE_055","TREE","D05",2018-10-10,"Live","small tree",NA,130,NA,2.9,2.8,NA,NA,"Pinus strobus L.",NA,NA,"2018",129,"pine","Pinus strobus L.","eastern white pine","Pinaceae","tree","strobus",0.729,"sw4",-2.5356,2.4349,"PinusBelow0.45spg","conifer","Conifer",0.39,-2.6177,2.4638,0.574215,0.848035,NA,"Check",0.450135495768812,0.423295232006528,NA
"Pinus","PIST","NEON.PLA.D05.TREE.00572","TREE_046","TREE","D05",2021-09-21,"Live","small tree","Full shade",130,NA,4,6.4,NA,NA,"Pinus strobus L.",NA,NA,"2021",129,"pine","Pinus strobus L.","eastern white pine","Pinaceae","tree","strobus",0.729,"sw4",-2.5356,2.4349,"PinusBelow0.45spg","conifer","Conifer",0.39,-2.6177,2.4638,0.574215,0.848035,NA,"Check",3.36919221903184,3.2449024018413,NA
"Pinus","PIST","NEON.PLA.D05.TREE.00108","TREE_056","TREE","D05",2022-09-20,"Live","small tree","Full shade",130,NA,4.5,5.1,NA,NA,"Pinus strobus L.",NA,NA,"2022",129,"pine","Pinus strobus L.","eastern white pine","Pinaceae","tree","strobus",0.729,"sw4",-2.5356,2.4349,"PinusBelow0.45spg","conifer","Conifer",0.39,-2.6177,2.4638,0.574215,0.848035,NA,"Check",1.93829909135123,1.85458532455303,NA
"Pinus","PIST","NEON.PLA.D05.TREE.02149","TREE_018","TREE","D05",2019-10-30,"Live","single bole tree","Partially shaded",130,NA,25.3,36.6,NA,49,"Pinus strobus L.",11.3,122.8,"2019",129,"pine","Pinus strobus L.","eastern white pine","Pinaceae","tree","strobus",0.729,"sw4",-2.5356,2.4349,"PinusBelow0.45spg","conifer","Conifer",0.39,-2.6177,2.4638,0.574215,0.848035,NA,"Check",507.835441257452,519.101200099527,NA
"Pinus","PIST","NEON.PLA.D05.TREE.00258","TREE_056","TREE","D05",2016-09-28,"Live","small tree",NA,130,NA,2.2,5.5,NA,61,"Pinus strobus L.",6.5,251.3,"2016",129,"pine","Pinus strobus L.","eastern white pine","Pinaceae","tree","strobus",0.729,"sw4",-2.5356,2.4349,"PinusBelow0.45spg","conifer","Conifer",0.39,-2.6177,2.4638,0.574215,0.848035,NA,"Check",2.32952450365228,2.23378316413441,NA
"Pinus","PIST","NEON.PLA.D05.TREE.00136","TREE_055","TREE","D05",2015-07-29,"Live","small tree","Full shade",130,NA,2.9,2.6,NA,NA,"Pinus strobus L.",NA,NA,"2015",129,"pine","Pinus strobus L.","eastern white pine","Pinaceae","tree","strobus",0.729,"sw4",-2.5356,2.4349,"PinusBelow0.45spg","conifer","Conifer",0.39,-2.6177,2.4638,0.574215,0.848035,NA,"Check",0.375817306279483,0.352652326846434,NA
"Pinus","PIST","NEON.PLA.D05.TREE.00637","TREE_046","TREE","D05",2015-07-28,"Live","sapling","Full shade",10,NA,0.8,1.4,NA,NA,"Pinus strobus L.",NA,NA,"2015",129,"pine","Pinus strobus L.","eastern white pine","Pinaceae","tree","strobus",0.729,"sw4",-2.5356,2.4349,"PinusBelow0.45spg","conifer","Conifer",0.39,-2.6177,2.4638,0.574215,0.848035,0.999590927277837,"Check",0.0366543483028178,0.0334578180914877,NA
"Pinus","PIST","NEON.PLA.D05.TREE.00128","TREE_055","TREE","D05",2015-07-29,"Live","small tree","Full shade",130,NA,2.8,3,NA,NA,"Pinus strobus L.",NA,NA,"2015",129,"pine","Pinus strobus L.","eastern white pine","Pinaceae","tree","strobus",0.729,"sw4",-2.5356,2.4349,"PinusBelow0.45spg","conifer","Conifer",0.39,-2.6177,2.4638,0.574215,0.848035,NA,"Check",0.532476828420975,0.501726183843922,NA
"Pinus","PIST","NEON.PLA.D05.TREE.00092","TREE_055","TREE","D05",2017-09-14,"Live","small tree",NA,130,NA,3.4,4.4,NA,NA,"Pinus strobus L.",NA,NA,"2017",129,"pine","Pinus strobus L.","eastern white pine","Pinaceae","tree","strobus",0.729,"sw4",-2.5356,2.4349,"PinusBelow0.45spg","conifer","Conifer",0.39,-2.6177,2.4638,0.574215,0.848035,NA,"Check",1.353010267661,1.28906294152314,NA
"Pinus","PIST","NEON.PLA.D05.TREE.00092","TREE_055","TREE","D05",2016-09-27,"Live","small tree",NA,130,NA,3.5,3.6,NA,NA,"Pinus strobus L.",NA,NA,"2016",129,"pine","Pinus strobus L.","eastern white pine","Pinaceae","tree","strobus",0.729,"sw4",-2.5356,2.4349,"PinusBelow0.45spg","conifer","Conifer",0.39,-2.6177,2.4638,0.574215,0.848035,NA,"Check",0.830040205992297,0.786237077288355,NA
"Pinus","PIST","NEON.PLA.D05.TREE.00528","TREE_053","TREE","D05",2015-07-27,"Live","sapling","Full shade",10,NA,1.4,1.7,NA,NA,"Pinus strobus L.",NA,NA,"2015",129,"pine","Pinus strobus L.","eastern white pine","Pinaceae","tree","strobus",0.729,"sw4",-2.5356,2.4349,"PinusBelow0.45spg","conifer","Conifer",0.39,-2.6177,2.4638,0.574215,0.848035,1.22323088488028,"Check",0.0599283700479725,0.0550222959141236,NA
"Pinus","PIST","NEON.PLA.D05.TREE.00552","TREE_046","TREE","D05",2017-09-25,"Live","small tree",NA,130,NA,2.3,2.3,NA,NA,"Pinus strobus L.",NA,NA,"2017",129,"pine","Pinus strobus L.","eastern white pine","Pinaceae","tree","strobus",0.729,"sw4",-2.5356,2.4349,"PinusBelow0.45spg","conifer","Conifer",0.39,-2.6177,2.4638,0.574215,0.848035,NA,"Check",0.278823438252711,0.260711663899908,NA
"Pinus","PIST","NEON.PLA.D05.TREE.00149","TREE_046","TREE","D05",2021-09-21,"Live","small tree","Full shade",130,NA,2.1,1.2,NA,NA,"Pinus strobus L.",NA,NA,"2021",129,"pine","Pinus strobus L.","eastern white pine","Pinaceae","tree","strobus",0.729,"sw4",-2.5356,2.4349,"PinusBelow0.45spg","conifer","Conifer",0.39,-2.6177,2.4638,0.574215,0.848035,NA,"Check",0.0571948053609633,0.0524834255098349,NA
"Pinus","PIST","NEON.PLA.D05.TREE.00149","TREE_046","TREE","D05",2015-07-28,"Live","sapling","Full shade",10,NA,1.3,1.7,NA,NA,"Pinus strobus L.",NA,NA,"2015",129,"pine","Pinus strobus L.","eastern white pine","Pinaceae","tree","strobus",0.729,"sw4",-2.5356,2.4349,"PinusBelow0.45spg","conifer","Conifer",0.39,-2.6177,2.4638,0.574215,0.848035,1.22323088488028,"Check",0.0599283700479725,0.0550222959141236,NA
"Pinus","PIST","NEON.PLA.D05.TREE.00285","TREE_054","TREE","D05",2015-07-30,"Live","small tree","Full shade",130,NA,2.6,2.1,NA,NA,"Pinus strobus L.",NA,NA,"2015",129,"pine","Pinus strobus L.","eastern white pine","Pinaceae","tree","strobus",0.729,"sw4",-2.5356,2.4349,"PinusBelow0.45spg","conifer","Conifer",0.39,-2.6177,2.4638,0.574215,0.848035,NA,"Check",0.223424055734331,0.208362383780412,NA
"Pinus","PIST","NEON.PLA.D05.TREE.00572","TREE_046","TREE","D05",2016-09-29,"Live,  other damage","small tree",NA,130,NA,2.4,2.7,NA,NA,"Pinus strobus L.",NA,NA,"2016",129,"pine","Pinus strobus L.","eastern white pine","Pinaceae","tree","strobus",0.729,"sw4",-2.5356,2.4349,"PinusBelow0.45spg","conifer","Conifer",0.39,-2.6177,2.4638,0.574215,0.848035,NA,"Check",0.411989169902312,0.387016482240507,NA
"Pinus","PIST","NEON.PLA.D05.TREE.00731","TREE_051","TREE","D05",2015-08-03,"Live","small tree","Full shade",130,NA,2.8,1,NA,NA,"Pinus strobus L.",NA,NA,"2015",129,"pine","Pinus strobus L.","eastern white pine","Pinaceae","tree","strobus",0.729,"sw4",-2.5356,2.4349,"PinusBelow0.45spg","conifer","Conifer",0.39,-2.6177,2.4638,0.574215,0.848035,NA,"Check",0.0366908835751546,0.0334915632405985,NA
"Pinus","PIST","NEON.PLA.D05.TREE.00381","TREE_054","TREE","D05",2018-10-09,"Live","small tree",NA,130,NA,4.9,5.6,NA,NA,"Pinus strobus L.",NA,NA,"2018",129,"pine","Pinus strobus L.","eastern white pine","Pinaceae","tree","strobus",0.729,"sw4",-2.5356,2.4349,"PinusBelow0.45spg","conifer","Conifer",0.39,-2.6177,2.4638,0.574215,0.848035,NA,"Check",2.43400349412817,2.33518385804068,NA
"Pinus","PIST","NEON.PLA.D05.TREE.00765","TREE_051","TREE","D05",2015-08-03,"Live","sapling","Full shade",10,NA,1.6,3,NA,NA,"Pinus strobus L.",NA,NA,"2015",129,"pine","Pinus strobus L.","eastern white pine","Pinaceae","tree","strobus",0.729,"sw4",-2.5356,2.4349,"PinusBelow0.45spg","conifer","Conifer",0.39,-2.6177,2.4638,0.574215,0.848035,2.20813419901841,"Check",0.252479297285627,0.235800845121165,NA
"Pinus","PIST","NEON.PLA.D05.TREE.00572","TREE_046","TREE","D05",2015-07-28,"Live","small tree","Full shade",130,NA,8.3,2.1,NA,NA,"Pinus strobus L.",NA,NA,"2015",129,"pine","Pinus strobus L.","eastern white pine","Pinaceae","tree","strobus",0.729,"sw4",-2.5356,2.4349,"PinusBelow0.45spg","conifer","Conifer",0.39,-2.6177,2.4638,0.574215,0.848035,NA,"Check",0.223424055734331,0.208362383780412,NA
"Pinus","PIST","NEON.PLA.D05.TREE.02146","TREE_018","TREE","D05",2018-04-25,"Standing dead","small tree",NA,130,NA,5.6,9.3,NA,NA,"Pinus strobus L.",NA,NA,"2018",129,"pine","Pinus strobus L.","eastern white pine","Pinaceae","tree","strobus",0.729,"sw4",-2.5356,2.4349,"PinusBelow0.45spg","conifer","Conifer",0.39,-2.6177,2.4638,0.574215,0.848035,NA,"Check",8.36984281053706,8.14861328486135,NA
"Pinus","PIST","NEON.PLA.D05.TREE.02150","TREE_018","TREE","D05",2018-04-25,"Live","single bole tree","Partially shaded",130,NA,23,34.6,NA,51,"Pinus strobus L.",11,232.5,"2018",129,"pine","Pinus strobus L.","eastern white pine","Pinaceae","tree","strobus",0.729,"sw4",-2.5356,2.4349,"PinusBelow0.45spg","conifer","Conifer",0.39,-2.6177,2.4638,0.574215,0.848035,NA,"Check",442.893498066543,451.98396424485,NA
"Pinus","PIST","NEON.PLA.D05.TREE.08191","TREE_054","TREE","D05",2022-09-07,"Live, disease damaged","small tree","Full shade",130,NA,4,3.1,NA,NA,"Pinus strobus L.",NA,NA,"2022",129,"pine","Pinus strobus L.","eastern white pine","Pinaceae","tree","strobus",0.729,"sw4",-2.5356,2.4349,"PinusBelow0.45spg","conifer","Conifer",0.39,-2.6177,2.4638,0.574215,0.848035,NA,"Check",0.576732942566602,0.543941707531078,NA
"Pinus","PIST","NEON.PLA.D05.TREE.00381","TREE_054","TREE","D05",2021-09-20,"Live","small tree","Mostly shaded",130,NA,6.1,6.7,NA,NA,"Pinus strobus L.",NA,NA,"2021",129,"pine","Pinus strobus L.","eastern white pine","Pinaceae","tree","strobus",0.729,"sw4",-2.5356,2.4349,"PinusBelow0.45spg","conifer","Conifer",0.39,-2.6177,2.4638,0.574215,0.848035,NA,"Check",3.7667578973721,3.63260785648777,NA
"Pinus","PIST","NEON.PLA.D05.TREE.00136","TREE_055","TREE","D05",2016-09-27,"Live","small tree",NA,130,NA,3.1,2.9,NA,NA,"Pinus strobus L.",NA,NA,"2016",129,"pine","Pinus strobus L.","eastern white pine","Pinaceae","tree","strobus",0.729,"sw4",-2.5356,2.4349,"PinusBelow0.45spg","conifer","Conifer",0.39,-2.6177,2.4638,0.574215,0.848035,NA,"Check",0.49028776476622,0.461521147987287,NA
"Pinus","PIST","NEON.PLA.D05.TREE.00136","TREE_055","TREE","D05",2017-09-14,"Live","small tree",NA,130,NA,3.2,3.3,NA,NA,"Pinus strobus L.",NA,NA,"2017",129,"pine","Pinus strobus L.","eastern white pine","Pinaceae","tree","strobus",0.729,"sw4",-2.5356,2.4349,"PinusBelow0.45spg","conifer","Conifer",0.39,-2.6177,2.4638,0.574215,0.848035,NA,"Check",0.671564549546813,0.63452693777238,NA
"Pinus","PIST","NEON.PLA.D05.TREE.02158","TREE_018","TREE","D05",2019-10-30,"Live","single bole tree","Partially shaded",130,NA,25.2,45.5,NA,31,"Pinus strobus L.",11,43.3,"2019",129,"pine","Pinus strobus L.","eastern white pine","Pinaceae","tree","strobus",0.729,"sw4",-2.5356,2.4349,"PinusBelow0.45spg","conifer","Conifer",0.39,-2.6177,2.4638,0.574215,0.848035,NA,"Check",862.769654095367,887.47435813739,NA
"Pinus","PIST","NEON.PLA.D05.TREE.02159","TREE_018","TREE","D05",2019-10-30,"Live","single bole tree","Partially shaded",130,NA,26,55,NA,31,"Pinus strobus L.",8.4,65.3,"2019",129,"pine","Pinus strobus L.","eastern white pine","Pinaceae","tree","strobus",0.729,"sw4",-2.5356,2.4349,"PinusBelow0.45spg","conifer","Conifer",0.39,-2.6177,2.4638,0.574215,0.848035,NA,"Check",1369.0270345042,1415.9663385714,NA
"Pinus","PIST","NEON.PLA.D05.TREE.00194","TREE_046","TREE","D05",2015-07-28,"Live","sapling","Full shade",10,NA,0.9,1.2,NA,NA,"Pinus strobus L.",NA,NA,"2015",129,"pine","Pinus strobus L.","eastern white pine","Pinaceae","tree","strobus",0.729,"sw4",-2.5356,2.4349,"PinusBelow0.45spg","conifer","Conifer",0.39,-2.6177,2.4638,0.574215,0.848035,0.851537287154131,"Check",0.0248091043356584,0.0225408983334784,NA
"Pinus","PIST","NEON.PLA.D05.TREE.00092","TREE_055","TREE","D05",2018-10-10,"Live","small tree",NA,130,NA,4.2,4.6,NA,NA,"Pinus strobus L.",NA,NA,"2018",129,"pine","Pinus strobus L.","eastern white pine","Pinaceae","tree","strobus",0.729,"sw4",-2.5356,2.4349,"PinusBelow0.45spg","conifer","Conifer",0.39,-2.6177,2.4638,0.574215,0.848035,NA,"Check",1.50767319913932,1.43826252484839,NA
"Pinus","PIST","NEON.PLA.D05.TREE.00258","TREE_056","TREE","D05",2022-09-20,"Live, physically damaged","single bole tree","Full shade",130,NA,6.4,10.3,NA,61,"Pinus strobus L.",6.5,251.3,"2022",129,"pine","Pinus strobus L.","eastern white pine","Pinaceae","tree","strobus",0.729,"sw4",-2.5356,2.4349,"PinusBelow0.45spg","conifer","Conifer",0.39,-2.6177,2.4638,0.574215,0.848035,NA,"Check",23.1718266109395,22.8336683574492,NA
"Pinus","PIST","NEON.PLA.D05.TREE.02153","TREE_018","TREE","D05",2019-10-30,"Live","single bole tree","Partially shaded",130,NA,25.8,39.6,NA,33,"Pinus strobus L.",8.4,357.4,"2019",129,"pine","Pinus strobus L.","eastern white pine","Pinaceae","tree","strobus",0.729,"sw4",-2.5356,2.4349,"PinusBelow0.45spg","conifer","Conifer",0.39,-2.6177,2.4638,0.574215,0.848035,NA,"Check",615.220672212135,630.302070571043,NA
"Pinus","PIST","NEON.PLA.D05.TREE.01312","TREE_040","TREE","D05",2018-10-18,"Live","single bole tree",NA,130,NA,17.9,29,NA,23,"Pinus strobus L.",3.5,4.3,"2018",129,"pine","Pinus strobus L.","eastern white pine","Pinaceae","tree","strobus",0.729,"sw4",-2.5356,2.4349,"PinusBelow0.45spg","conifer","Conifer",0.39,-2.6177,2.4638,0.574215,0.848035,NA,"Check",288.134854816613,292.552303456033,NA
"Pinus","PIST","NEON.PLA.D05.TREE.01644","TREE_056","TREE","D05",2021-09-22,"Live","single bole tree","Partially shaded",130,NA,7.5,10.5,NA,23,"Pinus strobus L.",2.4,321,"2021",129,"pine","Pinus strobus L.","eastern white pine","Pinaceae","tree","strobus",0.729,"sw4",-2.5356,2.4349,"PinusBelow0.45spg","conifer","Conifer",0.39,-2.6177,2.4638,0.574215,0.848035,NA,"Check",24.2826866693524,23.9416197985569,NA
"Pinus","PIST","NEON.PLA.D05.TREE.01312","TREE_040","TREE","D05",2015-08-10,"Live","single bole tree","Full sun",130,NA,16.3,27.9,NA,23,"Pinus strobus L.",3.5,4.3,"2015",129,"pine","Pinus strobus L.","eastern white pine","Pinaceae","tree","strobus",0.729,"sw4",-2.5356,2.4349,"PinusBelow0.45spg","conifer","Conifer",0.39,-2.6177,2.4638,0.574215,0.848035,NA,"Check",262.243411667595,265.96651992934,NA
"Pinus","PIST","NEON.PLA.D05.TREE.01312","TREE_040","TREE","D05",2019-10-23,"Live, physically damaged","single bole tree",NA,130,NA,9.8,28.8,NA,23,"Pinus strobus L.",3.5,4.3,"2019",129,"pine","Pinus strobus L.","eastern white pine","Pinaceae","tree","strobus",0.729,"sw4",-2.5356,2.4349,"PinusBelow0.45spg","conifer","Conifer",0.39,-2.6177,2.4638,0.574215,0.848035,NA,"Check",283.320291611904,287.606400032089,NA
"Pinus","PIST","NEON.PLA.D05.TREE.02511","TREE_001","TREE","D05",2017-10-25,"Live","single bole tree","Full sun",130,NA,27.2,44.5,NA,33,"Pinus strobus L.",7.2,339.4,"2017",129,"pine","Pinus strobus L.","eastern white pine","Pinaceae","tree","strobus",0.729,"sw4",-2.5356,2.4349,"PinusBelow0.45spg","conifer","Conifer",0.39,-2.6177,2.4638,0.574215,0.848035,NA,"Check",817.324848090294,840.188493999518,NA
"Pinus","PIST","NEON.PLA.D05.TREE.01428","TREE_040","TREE","D05",2017-10-19,"Live, broken bole","single bole tree",NA,130,NA,9.8,30.5,NA,59,"Pinus strobus L.",7,144.8,"2017",129,"pine","Pinus strobus L.","eastern white pine","Pinaceae","tree","strobus",0.729,"sw4",-2.5356,2.4349,"PinusBelow0.45spg","conifer","Conifer",0.39,-2.6177,2.4638,0.574215,0.848035,NA,"Check",325.780128683362,331.257163619131,NA
"Pinus","PIST","NEON.PLA.D05.TREE.02510","TREE_001","TREE","D05",2017-10-25,"Live","single bole tree","Full sun",130,NA,21.9,19.8,NA,33,"Pinus strobus L.",1.6,330.5,"2017",129,"pine","Pinus strobus L.","eastern white pine","Pinaceae","tree","strobus",0.729,"sw4",-2.5356,2.4349,"PinusBelow0.45spg","conifer","Conifer",0.39,-2.6177,2.4638,0.574215,0.848035,NA,"Check",113.776608358003,114.253899228485,NA
"Pinus","PIST","NEON.PLA.D05.TREE.01644","TREE_056","TREE","D05",2022-09-20,"Live","single bole tree","Mostly shaded",130,NA,8.2,11.4,NA,23,"Pinus strobus L.",2.4,321,"2022",129,"pine","Pinus strobus L.","eastern white pine","Pinaceae","tree","strobus",0.729,"sw4",-2.5356,2.4349,"PinusBelow0.45spg","conifer","Conifer",0.39,-2.6177,2.4638,0.574215,0.848035,NA,"Check",29.6661053193265,29.319023895312,NA
"Pinus","PIST","NEON.PLA.D05.TREE.00128","TREE_055","TREE","D05",2018-10-10,"Live","small tree",NA,130,NA,3.6,5.1,NA,NA,"Pinus strobus L.",NA,NA,"2018",129,"pine","Pinus strobus L.","eastern white pine","Pinaceae","tree","strobus",0.729,"sw4",-2.5356,2.4349,"PinusBelow0.45spg","conifer","Conifer",0.39,-2.6177,2.4638,0.574215,0.848035,NA,"Check",1.93829909135123,1.85458532455303,NA
"Pinus","PIST","NEON.PLA.D05.TREE.00536","TREE_053","TREE","D05",2015-07-27,"Live","sapling","Full shade",10,NA,0.9,1.7,NA,NA,"Pinus strobus L.",NA,NA,"2015",129,"pine","Pinus strobus L.","eastern white pine","Pinaceae","tree","strobus",0.729,"sw4",-2.5356,2.4349,"PinusBelow0.45spg","conifer","Conifer",0.39,-2.6177,2.4638,0.574215,0.848035,1.22323088488028,"Check",0.0599283700479725,0.0550222959141236,NA
"Pinus","PIST","NEON.PLA.D05.TREE.02148","TREE_018","TREE","D05",2018-04-25,"Live","single bole tree","Partially shaded",130,NA,25.8,41.8,NA,49,"Pinus strobus L.",5.2,110.3,"2018",129,"pine","Pinus strobus L.","eastern white pine","Pinaceae","tree","strobus",0.729,"sw4",-2.5356,2.4349,"PinusBelow0.45spg","conifer","Conifer",0.39,-2.6177,2.4638,0.574215,0.848035,NA,"Check",701.786549411999,720.114337392016,NA
"Pinus","PIST","NEON.PLA.D05.TREE.02516","TREE_001","TREE","D05",2017-10-25,"Live","single bole tree","Full sun",130,NA,27.6,47.4,NA,31,"Pinus strobus L.",5.9,56.1,"2017",129,"pine","Pinus strobus L.","eastern white pine","Pinaceae","tree","strobus",0.729,"sw4",-2.5356,2.4349,"PinusBelow0.45spg","conifer","Conifer",0.39,-2.6177,2.4638,0.574215,0.848035,NA,"Check",953.137585973257,981.589745942802,NA
"Pinus","PIST","NEON.PLA.D05.TREE.00106","TREE_055","TREE","D05",2018-10-10,"Live","small tree",NA,130,NA,2.7,2.2,NA,NA,"Pinus strobus L.",NA,NA,"2018",129,"pine","Pinus strobus L.","eastern white pine","Pinaceae","tree","strobus",0.729,"sw4",-2.5356,2.4349,"PinusBelow0.45spg","conifer","Conifer",0.39,-2.6177,2.4638,0.574215,0.848035,NA,"Check",0.250220654605932,0.233666481987796,NA
"Pinus","PIST","NEON.PLA.D05.TREE.02149","TREE_018","TREE","D05",2018-04-25,"Live","single bole tree","Partially shaded",130,NA,27.8,35.8,NA,49,"Pinus strobus L.",11.3,122.8,"2018",129,"pine","Pinus strobus L.","eastern white pine","Pinaceae","tree","strobus",0.729,"sw4",-2.5356,2.4349,"PinusBelow0.45spg","conifer","Conifer",0.39,-2.6177,2.4638,0.574215,0.848035,NA,"Check",481.229999691532,491.591466922276,NA
"Pinus","PIST","NEON.PLA.D05.TREE.02150","TREE_018","TREE","D05",2019-10-30,"Live","single bole tree","Partially shaded",130,NA,25.9,35.5,NA,51,"Pinus strobus L.",11,232.5,"2019",129,"pine","Pinus strobus L.","eastern white pine","Pinaceae","tree","strobus",0.729,"sw4",-2.5356,2.4349,"PinusBelow0.45spg","conifer","Conifer",0.39,-2.6177,2.4638,0.574215,0.848035,NA,"Check",471.469853531486,481.50405730588,NA
"Pinus","PIST","NEON.PLA.D05.TREE.00095","TREE_055","TREE","D05",2015-07-29,"Live","sapling","Full shade",10,NA,0.9,1.2,NA,NA,"Pinus strobus L.",NA,NA,"2015",129,"pine","Pinus strobus L.","eastern white pine","Pinaceae","tree","strobus",0.729,"sw4",-2.5356,2.4349,"PinusBelow0.45spg","conifer","Conifer",0.39,-2.6177,2.4638,0.574215,0.848035,0.851537287154131,"Check",0.0248091043356584,0.0225408983334784,NA
"Pinus","PIST","NEON.PLA.D05.TREE.08224","TREE_056","TREE","D05",2022-09-20,"Live","single bole tree","Mostly shaded",130,NA,7.6,10.7,NA,41,"Pinus strobus L.",13.1,55.8,"2022",129,"pine","Pinus strobus L.","eastern white pine","Pinaceae","tree","strobus",0.729,"sw4",-2.5356,2.4349,"PinusBelow0.45spg","conifer","Conifer",0.39,-2.6177,2.4638,0.574215,0.848035,NA,"Check",25.4243273693046,25.0808982428369,NA
"Pinus","PIST","NEON.PLA.D05.TREE.01312","TREE_040","TREE","D05",2016-10-20,"Live","single bole tree",NA,130,NA,18.2,28.2,NA,23,"Pinus strobus L.",3.5,4.3,"2016",129,"pine","Pinus strobus L.","eastern white pine","Pinaceae","tree","strobus",0.729,"sw4",-2.5356,2.4349,"PinusBelow0.45spg","conifer","Conifer",0.39,-2.6177,2.4638,0.574215,0.848035,NA,"Check",269.162445538549,273.068174993194,NA
"Pinus","PIST","NEON.PLA.D05.TREE.02154","TREE_018","TREE","D05",2018-04-25,"Live","single bole tree","Partially shaded",130,NA,27.2,46.8,NA,33,"Pinus strobus L.",1.9,323.8,"2018",129,"pine","Pinus strobus L.","eastern white pine","Pinaceae","tree","strobus",0.729,"sw4",-2.5356,2.4349,"PinusBelow0.45spg","conifer","Conifer",0.39,-2.6177,2.4638,0.574215,0.848035,NA,"Check",924.026740167976,951.259632584413,NA
"Pinus","PIST","NEON.PLA.D05.TREE.02153","TREE_018","TREE","D05",2018-04-25,"Live","single bole tree","Partially shaded",130,NA,27.3,38.7,NA,33,"Pinus strobus L.",8.4,357.4,"2018",129,"pine","Pinus strobus L.","eastern white pine","Pinaceae","tree","strobus",0.729,"sw4",-2.5356,2.4349,"PinusBelow0.45spg","conifer","Conifer",0.39,-2.6177,2.4638,0.574215,0.848035,NA,"Check",581.728498885121,595.593034950305,NA
"Pinus","PIST","NEON.PLA.D05.TREE.02509","TREE_001","TREE","D05",2017-10-25,"Live","single bole tree","Mostly shaded",130,NA,22.7,26.8,NA,33,"Pinus strobus L.",11.8,336.7,"2017",129,"pine","Pinus strobus L.","eastern white pine","Pinaceae","tree","strobus",0.729,"sw4",-2.5356,2.4349,"PinusBelow0.45spg","conifer","Conifer",0.39,-2.6177,2.4638,0.574215,0.848035,NA,"Check",237.776166894669,240.871734655449,NA
"Pinus","PIST","NEON.PLA.D05.TREE.00292","TREE_055","TREE","D05",2017-09-14,"Live","small tree",NA,130,NA,2.6,2.4,NA,NA,"Pinus strobus L.",NA,NA,"2017",129,"pine","Pinus strobus L.","eastern white pine","Pinaceae","tree","strobus",0.729,"sw4",-2.5356,2.4349,"PinusBelow0.45spg","conifer","Conifer",0.39,-2.6177,2.4638,0.574215,0.848035,NA,"Check",0.309267670297355,0.289534204021832,NA
"Pinus","PIST","NEON.PLA.D05.TREE.00106","TREE_055","TREE","D05",2016-09-27,"Live","small tree",NA,130,NA,2.3,1.5,NA,NA,"Pinus strobus L.",NA,NA,"2016",129,"pine","Pinus strobus L.","eastern white pine","Pinaceae","tree","strobus",0.729,"sw4",-2.5356,2.4349,"PinusBelow0.45spg","conifer","Conifer",0.39,-2.6177,2.4638,0.574215,0.848035,NA,"Check",0.0984742715961189,0.0909471434819516,NA
"Pinus","PIST","NEON.PLA.D05.TREE.02516","TREE_001","TREE","D05",2019-10-07,"Live","single bole tree","Partially shaded",130,NA,26.9,48.4,NA,31,"Pinus strobus L.",5.9,56.1,"2019",129,"pine","Pinus strobus L.","eastern white pine","Pinaceae","tree","strobus",0.729,"sw4",-2.5356,2.4349,"PinusBelow0.45spg","conifer","Conifer",0.39,-2.6177,2.4638,0.574215,0.848035,NA,"Check",1002.8428507089,1033.40209284031,NA
"Pinus","PIST","NEON.PLA.D05.TREE.00092","TREE_055","TREE","D05",2015-07-29,"Live","small tree","Full shade",130,NA,2.9,3.8,NA,NA,"Pinus strobus L.",NA,NA,"2015",129,"pine","Pinus strobus L.","eastern white pine","Pinaceae","tree","strobus",0.729,"sw4",-2.5356,2.4349,"PinusBelow0.45spg","conifer","Conifer",0.39,-2.6177,2.4638,0.574215,0.848035,NA,"Check",0.946832703039769,0.898268653046926,NA
"Pinus","PIST","NEON.PLA.D05.TREE.00292","TREE_055","TREE","D05",2016-09-27,"Live","small tree",NA,130,NA,2.6,2.3,NA,NA,"Pinus strobus L.",NA,NA,"2016",129,"pine","Pinus strobus L.","eastern white pine","Pinaceae","tree","strobus",0.729,"sw4",-2.5356,2.4349,"PinusBelow0.45spg","conifer","Conifer",0.39,-2.6177,2.4638,0.574215,0.848035,NA,"Check",0.278823438252711,0.260711663899908,NA
"Pinus","PIST","NEON.PLA.D05.TREE.01312","TREE_040","TREE","D05",2017-10-19,"Live","single bole tree",NA,130,NA,17.7,29.4,NA,23,"Pinus strobus L.",3.5,4.3,"2017",129,"pine","Pinus strobus L.","eastern white pine","Pinaceae","tree","strobus",0.729,"sw4",-2.5356,2.4349,"PinusBelow0.45spg","conifer","Conifer",0.39,-2.6177,2.4638,0.574215,0.848035,NA,"Check",297.907767201041,302.594818714146,NA
"Pinus","PIST","NEON.PLA.D05.TREE.00128","TREE_055","TREE","D05",2016-09-27,"Live","small tree",NA,130,NA,3.4,3.8,NA,NA,"Pinus strobus L.",NA,NA,"2016",129,"pine","Pinus strobus L.","eastern white pine","Pinaceae","tree","strobus",0.729,"sw4",-2.5356,2.4349,"PinusBelow0.45spg","conifer","Conifer",0.39,-2.6177,2.4638,0.574215,0.848035,NA,"Check",0.946832703039769,0.898268653046926,NA
"Pinus","PIST","NEON.PLA.D05.TREE.00731","TREE_051","TREE","D05",2016-09-28,"Live","small tree",NA,130,NA,2.1,1.4,NA,NA,"Pinus strobus L.",NA,NA,"2016",129,"pine","Pinus strobus L.","eastern white pine","Pinaceae","tree","strobus",0.729,"sw4",-2.5356,2.4349,"PinusBelow0.45spg","conifer","Conifer",0.39,-2.6177,2.4638,0.574215,0.848035,NA,"Check",0.0832463737376888,0.0767300839385724,NA
"Pinus","PIST","NEON.PLA.D05.TREE.02154","TREE_018","TREE","D05",2019-10-30,"Live","single bole tree","Partially shaded",130,NA,27.8,47.6,NA,33,"Pinus strobus L.",1.9,323.8,"2019",129,"pine","Pinus strobus L.","eastern white pine","Pinaceae","tree","strobus",0.729,"sw4",-2.5356,2.4349,"PinusBelow0.45spg","conifer","Conifer",0.39,-2.6177,2.4638,0.574215,0.848035,NA,"Check",962.959630479003,991.825671172563,NA
"Pinus","PIST","NEON.PLA.D05.TREE.00128","TREE_055","TREE","D05",2017-09-14,"Live","small tree",NA,130,NA,3.7,5.2,NA,NA,"Pinus strobus L.",NA,NA,"2017",129,"pine","Pinus strobus L.","eastern white pine","Pinaceae","tree","strobus",0.729,"sw4",-2.5356,2.4349,"PinusBelow0.45spg","conifer","Conifer",0.39,-2.6177,2.4638,0.574215,0.848035,NA,"Check",2.03214508794904,1.94546963651974,NA
"Pinus","PIST","NEON.PLA.D05.TREE.03566","TREE_055","TREE","D05",2018-10-10,"Live","small tree",NA,130,NA,2.2,1.3,NA,NA,"Pinus strobus L.",NA,NA,"2018",129,"pine","Pinus strobus L.","eastern white pine","Pinaceae","tree","strobus",0.729,"sw4",-2.5356,2.4349,"PinusBelow0.45spg","conifer","Conifer",0.39,-2.6177,2.4638,0.574215,0.848035,NA,"Check",0.0695022459452994,0.0639247517903589,NA
"Pinus","PIST","NEON.PLA.D05.TREE.00731","TREE_051","TREE","D05",2018-10-09,"Live","small tree",NA,130,NA,2.3,1.3,NA,NA,"Pinus strobus L.",NA,NA,"2018",129,"pine","Pinus strobus L.","eastern white pine","Pinaceae","tree","strobus",0.729,"sw4",-2.5356,2.4349,"PinusBelow0.45spg","conifer","Conifer",0.39,-2.6177,2.4638,0.574215,0.848035,NA,"Check",0.0695022459452994,0.0639247517903589,NA
"Pinus","PIST","NEON.PLA.D05.TREE.00106","TREE_055","TREE","D05",2017-09-14,"Live","small tree",NA,130,NA,2.5,2,NA,NA,"Pinus strobus L.",NA,NA,"2017",129,"pine","Pinus strobus L.","eastern white pine","Pinaceae","tree","strobus",0.729,"sw4",-2.5356,2.4349,"PinusBelow0.45spg","conifer","Conifer",0.39,-2.6177,2.4638,0.574215,0.848035,NA,"Check",0.198397459573913,0.184762198925,NA
"Pinus","PIRE","NEON.PLA.D05.TREE.00039","TREE_050","TREE","D05",2018-08-29,"Live","single bole tree",NA,130,NA,10.8,12.7,NA,39,"Pinus resinosa Aiton",8.5,26.6,"2018",125,"pine","Pinus resinosa Aiton","red pine","Pinaceae","tree","resinosa",0.729,"sw4",-2.5356,2.4349,"PinusBelow0.45spg","conifer","Conifer",0.39,-2.6177,2.4638,0.574215,0.848035,NA,"Check",38.5882063143233,38.2559457064339,NA
"Pinus","PIRE","NEON.PLA.D05.TREE.02605","TREE_060","TREE","D05",2019-11-05,"Live","single bole tree","Full shade",130,NA,14.2,20.9,NA,51,"Pinus resinosa Aiton",6.9,248.2,"2019",125,"pine","Pinus resinosa Aiton","red pine","Pinaceae","tree","resinosa",0.729,"sw4",-2.5356,2.4349,"PinusBelow0.45spg","conifer","Conifer",0.39,-2.6177,2.4638,0.574215,0.848035,NA,"Check",129.785777672684,130.534032456587,NA
"Pinus","PIRE","NEON.PLA.D05.TREE.03354","TREE_007","TREE","D05",2018-05-08,"Live","single bole tree","Open grown",130,NA,20.4,59.5,NA,49,"Pinus resinosa Aiton",5.1,164,"2018",125,"pine","Pinus resinosa Aiton","red pine","Pinaceae","tree","resinosa",0.729,"sw4",-2.5356,2.4349,"PinusBelow0.45spg","conifer","Conifer",0.39,-2.6177,2.4638,0.574215,0.848035,NA,"Check",1657.9608513295,1718.70853986676,NA
"Pinus","PIRE","NEON.PLA.D05.TREE.02276","TREE_019","TREE","D05",2019-10-30,"Live","single bole tree","Full sun",130,NA,19.9,28.8,NA,49,"Pinus resinosa Aiton",8.4,120.4,"2019",125,"pine","Pinus resinosa Aiton","red pine","Pinaceae","tree","resinosa",0.729,"sw4",-2.5356,2.4349,"PinusBelow0.45spg","conifer","Conifer",0.39,-2.6177,2.4638,0.574215,0.848035,NA,"Check",283.320291611904,287.606400032089,NA
"Pinus","PIRE","NEON.PLA.D05.TREE.03354","TREE_007","TREE","D05",2019-10-09,"Live","single bole tree","Open grown",130,NA,23.1,59.6,NA,49,"Pinus resinosa Aiton",5.1,164,"2019",125,"pine","Pinus resinosa Aiton","red pine","Pinaceae","tree","resinosa",0.729,"sw4",-2.5356,2.4349,"PinusBelow0.45spg","conifer","Conifer",0.39,-2.6177,2.4638,0.574215,0.848035,NA,"Check",1664.75385609067,1725.83419417102,NA
"Pinus","PIRE","NEON.PLA.D05.TREE.02842","TREE_007","TREE","D05",2019-10-09,"Live","single bole tree","Full sun",130,NA,14.9,45.5,NA,51,"Pinus resinosa Aiton",5.2,222.1,"2019",125,"pine","Pinus resinosa Aiton","red pine","Pinaceae","tree","resinosa",0.729,"sw4",-2.5356,2.4349,"PinusBelow0.45spg","conifer","Conifer",0.39,-2.6177,2.4638,0.574215,0.848035,NA,"Check",862.769654095367,887.47435813739,NA
"Pinus","PIRE","NEON.PLA.D05.TREE.02842","TREE_007","TREE","D05",2018-05-08,"Live","single bole tree","Full sun",130,NA,18.9,45,NA,51,"Pinus resinosa Aiton",5.2,222.1,"2018",125,"pine","Pinus resinosa Aiton","red pine","Pinaceae","tree","resinosa",0.729,"sw4",-2.5356,2.4349,"PinusBelow0.45spg","conifer","Conifer",0.39,-2.6177,2.4638,0.574215,0.848035,NA,"Check",839.86611845403,863.63915966867,NA
"Pinus","PIRE","NEON.PLA.D05.TREE.00474","TREE_043","TREE","D05",2019-10-23,"Live","single bole tree",NA,130,NA,15.8,20.2,NA,43,"Pinus resinosa Aiton",5.7,352.7,"2019",125,"pine","Pinus resinosa Aiton","red pine","Pinaceae","tree","resinosa",0.729,"sw4",-2.5356,2.4349,"PinusBelow0.45spg","conifer","Conifer",0.39,-2.6177,2.4638,0.574215,0.848035,NA,"Check",119.454622768515,120.025089577254,NA
"Pinus","PIST","NEON.PLA.D05.TREE.01374","TREE_045","TREE","D05",2015-08-11,"Live","single bole tree","Full sun",130,NA,22.9,55.3,NA,57,"Pinus strobus L.",19,151.9,"2015",129,"pine","Pinus strobus L.","eastern white pine","Pinaceae","tree","strobus",0.729,"sw4",-2.5356,2.4349,"PinusBelow0.45spg","conifer","Conifer",0.39,-2.6177,2.4638,0.574215,0.848035,NA,"Check",1387.28066656772,1435.0714128848,NA
"Pinus","PIST","NEON.PLA.D05.TREE.02690","TREE_023","TREE","D05",2018-05-08,"Live","single bole tree","Partially shaded",130,NA,20.9,48.6,NA,49,"Pinus strobus L.",11.9,128.2,"2018",129,"pine","Pinus strobus L.","eastern white pine","Pinaceae","tree","strobus",0.729,"sw4",-2.5356,2.4349,"PinusBelow0.45spg","conifer","Conifer",0.39,-2.6177,2.4638,0.574215,0.848035,NA,"Check",1012.96295643777,1043.95499100317,NA
"Pinus","PIST","NEON.PLA.D05.TREE.00137","TREE_055","TREE","D05",2018-10-10,"Live","small tree",NA,130,NA,1.9,1.1,NA,NA,"Pinus strobus L.",NA,NA,"2018",129,"pine","Pinus strobus L.","eastern white pine","Pinaceae","tree","strobus",0.729,"sw4",-2.5356,2.4349,"PinusBelow0.45spg","conifer","Conifer",0.39,-2.6177,2.4638,0.574215,0.848035,NA,"Check",0.0462748712910052,0.0423563683709955,NA
"Pinus","PIST","NEON.PLA.D05.TREE.00108","TREE_056","TREE","D05",2021-09-22,"Live","small tree","Full shade",130,NA,3.6,4.5,NA,NA,"Pinus strobus L.",NA,NA,"2021",129,"pine","Pinus strobus L.","eastern white pine","Pinaceae","tree","strobus",0.729,"sw4",-2.5356,2.4349,"PinusBelow0.45spg","conifer","Conifer",0.39,-2.6177,2.4638,0.574215,0.848035,NA,"Check",1.42910888785665,1.36244948923112,NA
"Pinus","PIST","NEON.PLA.D05.TREE.00531","TREE_053","TREE","D05",2018-10-09,"Live","small tree",NA,130,NA,3.1,2.5,NA,NA,"Pinus strobus L.",NA,NA,"2018",129,"pine","Pinus strobus L.","eastern white pine","Pinaceae","tree","strobus",0.729,"sw4",-2.5356,2.4349,"PinusBelow0.45spg","conifer","Conifer",0.39,-2.6177,2.4638,0.574215,0.848035,NA,"Check",0.341587757747595,0.320169540239404,NA
"Pinus","PIST","NEON.PLA.D05.TREE.01428","TREE_040","TREE","D05",2021-10-05,"Live, insect damaged","single bole tree","Partially shaded",130,NA,11.3,31.3,NA,59,"Pinus strobus L.",7,144.8,"2021",129,"pine","Pinus strobus L.","eastern white pine","Pinaceae","tree","strobus",0.729,"sw4",-2.5356,2.4349,"PinusBelow0.45spg","conifer","Conifer",0.39,-2.6177,2.4638,0.574215,0.848035,NA,"Check",346.979501847013,353.077037170587,NA
"Pinus","PIST","NEON.PLA.D05.TREE.00285","TREE_054","TREE","D05",2021-09-20,"Live","small tree","Mostly shaded",130,NA,3.7,3.4,NA,NA,"Pinus strobus L.",NA,NA,"2021",129,"pine","Pinus strobus L.","eastern white pine","Pinaceae","tree","strobus",0.729,"sw4",-2.5356,2.4349,"PinusBelow0.45spg","conifer","Conifer",0.39,-2.6177,2.4638,0.574215,0.848035,NA,"Check",0.722197840531158,0.682956707647227,NA
"Pinus","PIST","NEON.PLA.D05.TREE.00390","TREE_054","TREE","D05",2017-08-30,"Live","single bole tree",NA,130,NA,5.2,6.9,NA,61,"Pinus strobus L.",2.3,214.8,"2017",129,"pine","Pinus strobus L.","eastern white pine","Pinaceae","tree","strobus",0.729,"sw4",-2.5356,2.4349,"PinusBelow0.45spg","conifer","Conifer",0.39,-2.6177,2.4638,0.574215,0.848035,NA,"Check",4.04642803943729,3.90563639184024,NA
"Pinus","PIST","NEON.PLA.D05.TREE.00088","TREE_055","TREE","D05",2015-07-29,"Live","sapling","Full shade",10,NA,0.8,1,NA,NA,"Pinus strobus L.",NA,NA,"2015",129,"pine","Pinus strobus L.","eastern white pine","Pinaceae","tree","strobus",0.729,"sw4",-2.5356,2.4349,"PinusBelow0.45spg","conifer","Conifer",0.39,-2.6177,2.4638,0.574215,0.848035,0.704469670267665,"Check",0.0156357272061804,0.0141285812617148,NA
"Pinus","PIST","NEON.PLA.D05.TREE.02690","TREE_023","TREE","D05",2019-11-04,"Live","single bole tree","Partially shaded",130,NA,18.3,50.9,NA,49,"Pinus strobus L.",11.9,128.2,"2019",129,"pine","Pinus strobus L.","eastern white pine","Pinaceae","tree","strobus",0.729,"sw4",-2.5356,2.4349,"PinusBelow0.45spg","conifer","Conifer",0.39,-2.6177,2.4638,0.574215,0.848035,NA,"Check",1133.67883803647,1169.9265769259,NA
"Pinus","PIST","NEON.PLA.D05.TREE.01374","TREE_045","TREE","D05",2017-10-19,"Live","single bole tree",NA,130,NA,22,61.6,NA,57,"Pinus strobus L.",19,151.9,"2017",129,"pine","Pinus strobus L.","eastern white pine","Pinaceae","tree","strobus",0.729,"sw4",-2.5356,2.4349,"PinusBelow0.45spg","conifer","Conifer",0.39,-2.6177,2.4638,0.574215,0.848035,NA,"Check",1804.06835116384,1872.04504010856,NA
"Pinus","PIST","NEON.PLA.D05.TREE.00258","TREE_056","TREE","D05",2018-10-09,"Live","small tree",NA,130,NA,4.9,7.1,NA,61,"Pinus strobus L.",6.5,251.3,"2018",129,"pine","Pinus strobus L.","eastern white pine","Pinaceae","tree","strobus",0.729,"sw4",-2.5356,2.4349,"PinusBelow0.45spg","conifer","Conifer",0.39,-2.6177,2.4638,0.574215,0.848035,NA,"Check",4.33797578772138,4.19049897309958,NA
"Pinus","PIST","NEON.PLA.D05.TREE.00056","TREE_046","TREE","D05",2016-09-29,"Live","small tree",NA,130,NA,2.5,2.1,NA,NA,"Pinus strobus L.",NA,NA,"2016",129,"pine","Pinus strobus L.","eastern white pine","Pinaceae","tree","strobus",0.729,"sw4",-2.5356,2.4349,"PinusBelow0.45spg","conifer","Conifer",0.39,-2.6177,2.4638,0.574215,0.848035,NA,"Check",0.223424055734331,0.208362383780412,NA
"Pinus","PIST","NEON.PLA.D05.TREE.00056","TREE_046","TREE","D05",2021-09-21,"Live","small tree","Full shade",130,NA,3.5,3.8,NA,NA,"Pinus strobus L.",NA,NA,"2021",129,"pine","Pinus strobus L.","eastern white pine","Pinaceae","tree","strobus",0.729,"sw4",-2.5356,2.4349,"PinusBelow0.45spg","conifer","Conifer",0.39,-2.6177,2.4638,0.574215,0.848035,NA,"Check",0.946832703039769,0.898268653046926,NA
"Pinus","PIST","NEON.PLA.D05.TREE.00056","TREE_046","TREE","D05",2018-10-10,"Live","small tree",NA,130,NA,3,3,NA,NA,"Pinus strobus L.",NA,NA,"2018",129,"pine","Pinus strobus L.","eastern white pine","Pinaceae","tree","strobus",0.729,"sw4",-2.5356,2.4349,"PinusBelow0.45spg","conifer","Conifer",0.39,-2.6177,2.4638,0.574215,0.848035,NA,"Check",0.532476828420975,0.501726183843922,NA
"Pinus","PIST","NEON.PLA.D05.TREE.01372","TREE_045","TREE","D05",2016-10-18,"Live","single bole tree",NA,130,NA,23,55,NA,59,"Pinus strobus L.",2.4,239.3,"2016",129,"pine","Pinus strobus L.","eastern white pine","Pinaceae","tree","strobus",0.729,"sw4",-2.5356,2.4349,"PinusBelow0.45spg","conifer","Conifer",0.39,-2.6177,2.4638,0.574215,0.848035,NA,"Check",1369.0270345042,1415.9663385714,NA
"Pinus","PIST","NEON.PLA.D05.TREE.00381","TREE_054","TREE","D05",2015-07-30,"Live, disease damaged","small tree","Full shade",130,NA,3.9,3.6,NA,NA,"Pinus strobus L.",NA,NA,"2015",129,"pine","Pinus strobus L.","eastern white pine","Pinaceae","tree","strobus",0.729,"sw4",-2.5356,2.4349,"PinusBelow0.45spg","conifer","Conifer",0.39,-2.6177,2.4638,0.574215,0.848035,NA,"Check",0.830040205992297,0.786237077288355,NA
"Pinus","PIST","NEON.PLA.D05.TREE.00108","TREE_056","TREE","D05",2016-09-28,"Live","small tree",NA,130,NA,2.2,1.4,NA,NA,"Pinus strobus L.",NA,NA,"2016",129,"pine","Pinus strobus L.","eastern white pine","Pinaceae","tree","strobus",0.729,"sw4",-2.5356,2.4349,"PinusBelow0.45spg","conifer","Conifer",0.39,-2.6177,2.4638,0.574215,0.848035,NA,"Check",0.0832463737376888,0.0767300839385724,NA
"Pinus","PIST","NEON.PLA.D05.TREE.03599","TREE_005","TREE","D05",2017-10-31,"Live","single bole tree","Full sun",130,NA,18.5,67.3,NA,41,"Pinus strobus L.",5.8,228.2,"2017",129,"pine","Pinus strobus L.","eastern white pine","Pinaceae","tree","strobus",0.729,"sw4",-2.5356,2.4349,"PinusBelow0.45spg","conifer","Conifer",0.39,-2.6177,2.4638,0.574215,0.848035,NA,"Check",2237.879982297,2328.14942097671,NA
"Pinus","PIST","NEON.PLA.D05.TREE.00258","TREE_056","TREE","D05",2021-09-22,"Live, physically damaged","small tree","Full shade",130,NA,6.1,9.4,NA,61,"Pinus strobus L.",6.5,251.3,"2021",129,"pine","Pinus strobus L.","eastern white pine","Pinaceae","tree","strobus",0.729,"sw4",-2.5356,2.4349,"PinusBelow0.45spg","conifer","Conifer",0.39,-2.6177,2.4638,0.574215,0.848035,NA,"Check",8.59067286126136,8.36619195157924,NA
"Pinus","PIST","NEON.PLA.D05.TREE.00170","TREE_046","TREE","D05",2015-07-28,"Live","sapling","Full shade",10,NA,0.9,1.6,NA,NA,"Pinus strobus L.",NA,NA,"2015",129,"pine","Pinus strobus L.","eastern white pine","Pinaceae","tree","strobus",0.729,"sw4",-2.5356,2.4349,"PinusBelow0.45spg","conifer","Conifer",0.39,-2.6177,2.4638,0.574215,0.848035,1.14849394850273,"Check",0.0514002900024161,0.0471064674806158,NA
"Pinus","PIST","NEON.PLA.D05.TREE.02158","TREE_018","TREE","D05",2018-04-25,"Live","single bole tree","Mostly shaded",130,NA,25,45,NA,31,"Pinus strobus L.",11,43.3,"2018",129,"pine","Pinus strobus L.","eastern white pine","Pinaceae","tree","strobus",0.729,"sw4",-2.5356,2.4349,"PinusBelow0.45spg","conifer","Conifer",0.39,-2.6177,2.4638,0.574215,0.848035,NA,"Check",839.86611845403,863.63915966867,NA
"Pinus","PIST","NEON.PLA.D05.TREE.00118","TREE_046","TREE","D05",2015-07-28,"Live","sapling","Full shade",10,NA,1,1.7,NA,NA,"Pinus strobus L.",NA,NA,"2015",129,"pine","Pinus strobus L.","eastern white pine","Pinaceae","tree","strobus",0.729,"sw4",-2.5356,2.4349,"PinusBelow0.45spg","conifer","Conifer",0.39,-2.6177,2.4638,0.574215,0.848035,1.22323088488028,"Check",0.0599283700479725,0.0550222959141236,NA
"Pinus","PIST","NEON.PLA.D05.TREE.00552","TREE_046","TREE","D05",2016-09-29,"Live","small tree",NA,130,NA,2.1,1.6,NA,NA,"Pinus strobus L.",NA,NA,"2016",129,"pine","Pinus strobus L.","eastern white pine","Pinaceae","tree","strobus",0.729,"sw4",-2.5356,2.4349,"PinusBelow0.45spg","conifer","Conifer",0.39,-2.6177,2.4638,0.574215,0.848035,NA,"Check",0.115231155311097,0.106621854552671,NA
"Pinus","PIST","NEON.PLA.D05.TREE.00112","TREE_056","TREE","D05",2016-09-28,"Live","small tree",NA,130,NA,4.9,5.5,NA,NA,"Pinus strobus L.",NA,NA,"2016",129,"pine","Pinus strobus L.","eastern white pine","Pinaceae","tree","strobus",0.729,"sw4",-2.5356,2.4349,"PinusBelow0.45spg","conifer","Conifer",0.39,-2.6177,2.4638,0.574215,0.848035,NA,"Check",2.32952450365228,2.23378316413441,NA
"Pinus","PIST","NEON.PLA.D05.TREE.02256","TREE_006","TREE","D05",2018-05-02,"Live,  other damage","single bole tree","Full sun",130,NA,24.9,67.3,NA,49,"Pinus strobus L.",5.6,156.4,"2018",129,"pine","Pinus strobus L.","eastern white pine","Pinaceae","tree","strobus",0.729,"sw4",-2.5356,2.4349,"PinusBelow0.45spg","conifer","Conifer",0.39,-2.6177,2.4638,0.574215,0.848035,NA,"Check",2237.879982297,2328.14942097671,NA
"Pinus","PIST","NEON.PLA.D05.TREE.00390","TREE_054","TREE","D05",2022-09-07,"Live","single bole tree","Mostly shaded",130,NA,6.9,10.1,NA,61,"Pinus strobus L.",2.3,214.8,"2022",129,"pine","Pinus strobus L.","eastern white pine","Pinaceae","tree","strobus",0.729,"sw4",-2.5356,2.4349,"PinusBelow0.45spg","conifer","Conifer",0.39,-2.6177,2.4638,0.574215,0.848035,NA,"Check",22.0914908181108,21.7567657314301,NA
"Pinus","PIST","NEON.PLA.D05.TREE.02256","TREE_006","TREE","D05",2019-10-09,"Dead, broken bole","single bole tree","Mostly shaded",130,NA,9.7,68.3,NA,49,"Pinus strobus L.",5.6,156.4,"2019",129,"pine","Pinus strobus L.","eastern white pine","Pinaceae","tree","strobus",0.729,"sw4",-2.5356,2.4349,"PinusBelow0.45spg","conifer","Conifer",0.39,-2.6177,2.4638,0.574215,0.848035,NA,"Check",2319.7110062684,2414.31017362493,NA
"Pinus","PIST","NEON.PLA.D05.TREE.00765","TREE_051","TREE","D05",2016-09-28,"Live","small tree",NA,130,NA,2,1.1,NA,NA,"Pinus strobus L.",NA,NA,"2016",129,"pine","Pinus strobus L.","eastern white pine","Pinaceae","tree","strobus",0.729,"sw4",-2.5356,2.4349,"PinusBelow0.45spg","conifer","Conifer",0.39,-2.6177,2.4638,0.574215,0.848035,NA,"Check",0.0462748712910052,0.0423563683709955,NA
"Pinus","PIST","NEON.PLA.D05.TREE.00388","TREE_051","TREE","D05",2015-08-03,"Live","sapling","Full shade",10,NA,0.7,1,NA,NA,"Pinus strobus L.",NA,NA,"2015",129,"pine","Pinus strobus L.","eastern white pine","Pinaceae","tree","strobus",0.729,"sw4",-2.5356,2.4349,"PinusBelow0.45spg","conifer","Conifer",0.39,-2.6177,2.4638,0.574215,0.848035,0.704469670267665,"Check",0.0156357272061804,0.0141285812617148,NA
"Pinus","PIST","NEON.PLA.D05.TREE.00812","TREE_025","TREE","D05",2015-08-04,"Live","sapling","Full shade",10,NA,1,1.9,NA,NA,"Pinus strobus L.",NA,NA,"2015",129,"pine","Pinus strobus L.","eastern white pine","Pinaceae","tree","strobus",0.729,"sw4",-2.5356,2.4349,"PinusBelow0.45spg","conifer","Conifer",0.39,-2.6177,2.4638,0.574215,0.848035,1.37322264723203,"Check",0.0794225134913426,0.0731646988521387,NA
"Pinus","PIST","NEON.PLA.D05.TREE.01205","TREE_045","TREE","D05",2015-08-11,"Standing dead","single bole tree","Partially shaded",130,NA,12.6,48,NA,57,"Pinus strobus L.",16.6,143.5,"2015",129,"pine","Pinus strobus L.","eastern white pine","Pinaceae","tree","strobus",0.729,"sw4",-2.5356,2.4349,"PinusBelow0.45spg","conifer","Conifer",0.39,-2.6177,2.4638,0.574215,0.848035,NA,"Check",982.782015723172,1012.48709242262,NA
"Pinus","PIST","NEON.PLA.D05.TREE.01205","TREE_045","TREE","D05",2018-10-17,"Standing dead","single bole tree",NA,130,NA,16.3,47.3,NA,57,"Pinus strobus L.",16.6,143.5,"2018",129,"pine","Pinus strobus L.","eastern white pine","Pinaceae","tree","strobus",0.729,"sw4",-2.5356,2.4349,"PinusBelow0.45spg","conifer","Conifer",0.39,-2.6177,2.4638,0.574215,0.848035,NA,"Check",948.248803251219,976.495425821996,NA
"Pinus","PIST","NEON.PLA.D05.TREE.01372","TREE_045","TREE","D05",2015-08-11,"Live","single bole tree","Full sun",130,NA,18.3,54.5,NA,59,"Pinus strobus L.",2.4,239.3,"2015",129,"pine","Pinus strobus L.","eastern white pine","Pinaceae","tree","strobus",0.729,"sw4",-2.5356,2.4349,"PinusBelow0.45spg","conifer","Conifer",0.39,-2.6177,2.4638,0.574215,0.848035,NA,"Check",1338.92038918017,1384.46199068242,NA
"Pinus","PIST","NEON.PLA.D05.TREE.00108","TREE_056","TREE","D05",2015-07-29,"Live","single bole tree","Full shade",10,NA,1.8,2.7,NA,NA,"Pinus strobus L.",NA,NA,"2015",129,"pine","Pinus strobus L.","eastern white pine","Pinaceae","tree","strobus",0.729,"sw4",-2.5356,2.4349,"PinusBelow0.45spg","conifer","Conifer",0.39,-2.6177,2.4638,0.574215,0.848035,1.97898176290776,"Check",0.193358954787851,0.180015004723442,NA
"Populus","POTR5","NEON.PLA.D05.TREE.01246","TREE_044","TREE","D05",2017-10-17,"Live","small tree",NA,130,NA,8.4,5.7,NA,NA,"Populus tremuloides Michx.",NA,NA,"2017",746,"aspen/alder/cottonwood/willow","Populus tremuloides Michx.","quaking aspen","Salicaceae","tree","tremuloides",0.691,"hw1",-2.2094,2.3867,"SalicaceaeAbove0.35spg","hardwood","Hardwood",0.36,-2.4441,2.4561,NA,NA,NA,"Check",2.8933338325124,2.51644314092689,NA
"Populus","POTR5","NEON.PLA.D05.TREE.01246","TREE_044","TREE","D05",2018-10-16,"Live","small tree",NA,130,NA,9,6,NA,NA,"Populus tremuloides Michx.",NA,NA,"2018",746,"aspen/alder/cottonwood/willow","Populus tremuloides Michx.","quaking aspen","Salicaceae","tree","tremuloides",0.691,"hw1",-2.2094,2.3867,"SalicaceaeAbove0.35spg","hardwood","Hardwood",0.36,-2.4441,2.4561,NA,NA,NA,"Check",3.27013450877859,2.85430366395651,NA
"Populus","POTR5","NEON.PLA.D05.TREE.02892","TREE_001","TREE","D05",2019-10-07,"Standing dead","small tree",NA,130,NA,3.4,1.5,NA,NA,"Populus tremuloides Michx.",NA,NA,"2019",746,"aspen/alder/cottonwood/willow","Populus tremuloides Michx.","quaking aspen","Salicaceae","tree","tremuloides",0.691,"hw1",-2.2094,2.3867,"SalicaceaeAbove0.35spg","hardwood","Hardwood",0.36,-2.4441,2.4561,NA,NA,NA,"Check",0.119571873869334,0.094793952160853,NA
"Populus","POTR5","NEON.PLA.D05.TREE.01275","TREE_043","TREE","D05",2019-10-23,"Live","small tree",NA,130,NA,7.8,4.6,NA,NA,"Populus tremuloides Michx.",NA,NA,"2019",746,"aspen/alder/cottonwood/willow","Populus tremuloides Michx.","quaking aspen","Salicaceae","tree","tremuloides",0.691,"hw1",-2.2094,2.3867,"SalicaceaeAbove0.35spg","hardwood","Hardwood",0.36,-2.4441,2.4561,NA,NA,NA,"Check",1.73442747368261,1.4862175977833,NA
"Populus","POTR5","NEON.PLA.D05.TREE.03327","TREE_007","TREE","D05",2019-10-09,"Live","small tree",NA,130,NA,3.1,1.5,NA,NA,"Populus tremuloides Michx.",NA,NA,"2019",746,"aspen/alder/cottonwood/willow","Populus tremuloides Michx.","quaking aspen","Salicaceae","tree","tremuloides",0.691,"hw1",-2.2094,2.3867,"SalicaceaeAbove0.35spg","hardwood","Hardwood",0.36,-2.4441,2.4561,NA,NA,NA,"Check",0.119571873869334,0.094793952160853,NA
"Populus","POTR5","NEON.PLA.D05.TREE.02896","TREE_001","TREE","D05",2017-10-25,"Standing dead","small tree",NA,130,NA,3.6,1.7,NA,NA,"Populus tremuloides Michx.",NA,NA,"2017",746,"aspen/alder/cottonwood/willow","Populus tremuloides Michx.","quaking aspen","Salicaceae","tree","tremuloides",0.691,"hw1",-2.2094,2.3867,"SalicaceaeAbove0.35spg","hardwood","Hardwood",0.36,-2.4441,2.4561,NA,NA,NA,"Check",0.161199788628141,0.128910556945084,NA
"Populus","POTR5","NEON.PLA.D05.TREE.02797","TREE_017","TREE","D05",2017-10-23,"Live, physically damaged","small tree",NA,130,NA,4.6,2.9,NA,NA,"Populus tremuloides Michx.",NA,NA,"2017",746,"aspen/alder/cottonwood/willow","Populus tremuloides Michx.","quaking aspen","Salicaceae","tree","tremuloides",0.691,"hw1",-2.2094,2.3867,"SalicaceaeAbove0.35spg","hardwood","Hardwood",0.36,-2.4441,2.4561,NA,NA,NA,"Check",0.576709796705388,0.478606521009012,NA
"Populus","POTR5","NEON.PLA.D05.TREE.01009","TREE_057","TREE","D05",2015-08-04,"Live, disease damaged","small tree","Full shade",130,NA,4.8,2.5,NA,NA,"Populus tremuloides Michx.",NA,NA,"2015",746,"aspen/alder/cottonwood/willow","Populus tremuloides Michx.","quaking aspen","Salicaceae","tree","tremuloides",0.691,"hw1",-2.2094,2.3867,"SalicaceaeAbove0.35spg","hardwood","Hardwood",0.36,-2.4441,2.4561,NA,NA,NA,"Check",0.404683452116471,0.332401782667544,NA
"Populus","POTR5","NEON.PLA.D05.TREE.01365","TREE_045","TREE","D05",2017-10-19,"Live","small tree",NA,130,NA,2.7,1.2,NA,NA,"Populus tremuloides Michx.",NA,NA,"2017",746,"aspen/alder/cottonwood/willow","Populus tremuloides Michx.","quaking aspen","Salicaceae","tree","tremuloides",0.691,"hw1",-2.2094,2.3867,"SalicaceaeAbove0.35spg","hardwood","Hardwood",0.36,-2.4441,2.4561,NA,NA,NA,"Check",0.0701994819673388,0.0547973993149548,NA
"Populus","POTR5","NEON.PLA.D05.TREE.00990","TREE_044","TREE","D05",2016-10-19,"Live","small tree",NA,130,NA,7.6,4.7,NA,NA,"Populus tremuloides Michx.",NA,NA,"2016",746,"aspen/alder/cottonwood/willow","Populus tremuloides Michx.","quaking aspen","Salicaceae","tree","tremuloides",0.691,"hw1",-2.2094,2.3867,"SalicaceaeAbove0.35spg","hardwood","Hardwood",0.36,-2.4441,2.4561,NA,NA,NA,"Check",1.82577806395414,1.56683201834831,NA
"Populus","POTR5","NEON.PLA.D05.TREE.01365","TREE_045","TREE","D05",2018-10-17,"Live","small tree",NA,130,NA,2.6,1.3,NA,NA,"Populus tremuloides Michx.",NA,NA,"2018",746,"aspen/alder/cottonwood/willow","Populus tremuloides Michx.","quaking aspen","Salicaceae","tree","tremuloides",0.691,"hw1",-2.2094,2.3867,"SalicaceaeAbove0.35spg","hardwood","Hardwood",0.36,-2.4441,2.4561,NA,NA,NA,"Check",0.0849768496237214,0.0667020461517271,NA
"Populus","POTR5","NEON.PLA.D05.TREE.02902","TREE_017","TREE","D05",2017-10-23,"Live","small tree",NA,130,NA,5.1,2.5,NA,NA,"Populus tremuloides Michx.",NA,NA,"2017",746,"aspen/alder/cottonwood/willow","Populus tremuloides Michx.","quaking aspen","Salicaceae","tree","tremuloides",0.691,"hw1",-2.2094,2.3867,"SalicaceaeAbove0.35spg","hardwood","Hardwood",0.36,-2.4441,2.4561,NA,NA,NA,"Check",0.404683452116471,0.332401782667544,NA
"Populus","POTR5","NEON.PLA.D05.TREE.02952","TREE_014","TREE","D05",2017-10-26,"Live","small tree",NA,130,NA,4.1,2.2,NA,NA,"Populus tremuloides Michx.",NA,NA,"2017",746,"aspen/alder/cottonwood/willow","Populus tremuloides Michx.","quaking aspen","Salicaceae","tree","tremuloides",0.691,"hw1",-2.2094,2.3867,"SalicaceaeAbove0.35spg","hardwood","Hardwood",0.36,-2.4441,2.4561,NA,NA,NA,"Check",0.298271830618665,0.24283273723977,NA
"Populus","POTR5","NEON.PLA.D05.TREE.02954","TREE_014","TREE","D05",2017-10-26,"Live","small tree",NA,130,NA,6.2,2.9,NA,NA,"Populus tremuloides Michx.",NA,NA,"2017",746,"aspen/alder/cottonwood/willow","Populus tremuloides Michx.","quaking aspen","Salicaceae","tree","tremuloides",0.691,"hw1",-2.2094,2.3867,"SalicaceaeAbove0.35spg","hardwood","Hardwood",0.36,-2.4441,2.4561,NA,NA,NA,"Check",0.576709796705388,0.478606521009012,NA
"Populus","POTR5","NEON.PLA.D05.TREE.01140","TREE_044","TREE","D05",2018-10-16,"Standing dead","small tree",NA,130,NA,4.5,2.4,NA,NA,"Populus tremuloides Michx.",NA,NA,"2018",746,"aspen/alder/cottonwood/willow","Populus tremuloides Michx.","quaking aspen","Salicaceae","tree","tremuloides",0.691,"hw1",-2.2094,2.3867,"SalicaceaeAbove0.35spg","hardwood","Hardwood",0.36,-2.4441,2.4561,NA,NA,NA,"Check",0.367115057635386,0.300690508629567,NA
"Populus","POTR5","NEON.PLA.D05.TREE.01231","TREE_043","TREE","D05",2018-10-15,"Live","small tree",NA,130,NA,6.5,3.8,NA,NA,"Populus tremuloides Michx.",NA,NA,"2018",746,"aspen/alder/cottonwood/willow","Populus tremuloides Michx.","quaking aspen","Salicaceae","tree","tremuloides",0.691,"hw1",-2.2094,2.3867,"SalicaceaeAbove0.35spg","hardwood","Hardwood",0.36,-2.4441,2.4561,NA,NA,NA,"Check",1.09931343947209,0.92958558511462,NA
"Populus","POTR5","NEON.PLA.D05.TREE.01251","TREE_043","TREE","D05",2018-10-15,"Live","small tree",NA,130,NA,11.3,8,NA,NA,"Populus tremuloides Michx.",NA,NA,"2018",746,"aspen/alder/cottonwood/willow","Populus tremuloides Michx.","quaking aspen","Salicaceae","tree","tremuloides",0.691,"hw1",-2.2094,2.3867,"SalicaceaeAbove0.35spg","hardwood","Hardwood",0.36,-2.4441,2.4561,NA,NA,NA,"Check",6.49765875557386,5.78578386461433,NA
"Populus","POTR5","NEON.PLA.D05.TREE.00409","TREE_044","TREE","D05",2015-08-05,"Live, insect damaged","small tree","Partially shaded",130,NA,7.1,3.7,NA,NA,"Populus tremuloides Michx.",NA,NA,"2015",746,"aspen/alder/cottonwood/willow","Populus tremuloides Michx.","quaking aspen","Salicaceae","tree","tremuloides",0.691,"hw1",-2.2094,2.3867,"SalicaceaeAbove0.35spg","hardwood","Hardwood",0.36,-2.4441,2.4561,NA,NA,NA,"Check",1.03152339486018,0.870649075933759,NA
"Populus","POTR5","NEON.PLA.D05.TREE.00958","TREE_044","TREE","D05",2015-08-05,"Live, insect damaged","small tree","Partially shaded",130,NA,7.2,4.5,NA,NA,"Populus tremuloides Michx.",NA,NA,"2015",746,"aspen/alder/cottonwood/willow","Populus tremuloides Michx.","quaking aspen","Salicaceae","tree","tremuloides",0.691,"hw1",-2.2094,2.3867,"SalicaceaeAbove0.35spg","hardwood","Hardwood",0.36,-2.4441,2.4561,NA,NA,NA,"Check",1.64578967714043,1.40811506214442,NA
"Populus","POTR5","NEON.PLA.D05.TREE.01121","TREE_045","TREE","D05",2015-08-11,"Live,  other damage","sapling","Full shade",20,NA,2.1,1.6,NA,NA,"Populus tremuloides Michx.",NA,NA,"2015",746,"aspen/alder/cottonwood/willow","Populus tremuloides Michx.","quaking aspen","Salicaceae","tree","tremuloides",0.691,"hw1",-2.2094,2.3867,"SalicaceaeAbove0.35spg","hardwood","Hardwood",0.36,-2.4441,2.4561,NA,NA,1.14849394850273,"Check",0.0632209798191184,0.0491999902309203,NA
"Populus","POTR5","NEON.PLA.D05.TREE.02362","TREE_019","TREE","D05",2017-10-23,"Standing dead","small tree",NA,130,NA,3.7,1.9,NA,NA,"Populus tremuloides Michx.",NA,NA,"2017",746,"aspen/alder/cottonwood/willow","Populus tremuloides Michx.","quaking aspen","Salicaceae","tree","tremuloides",0.691,"hw1",-2.2094,2.3867,"SalicaceaeAbove0.35spg","hardwood","Hardwood",0.36,-2.4441,2.4561,NA,NA,NA,"Check",0.210209939270102,0.169406319930455,NA
"Populus","POTR5","NEON.PLA.D05.TREE.00922A","TREE_044","TREE","D05",2018-10-16,"Live","single bole tree",NA,130,NA,11.6,11.5,NA,NA,"Populus tremuloides Michx.",NA,NA,"2018",746,"aspen/alder/cottonwood/willow","Populus tremuloides Michx.","quaking aspen","Salicaceae","tree","tremuloides",0.691,"hw1",-2.2094,2.3867,"SalicaceaeAbove0.35spg","hardwood","Hardwood",0.36,-2.4441,2.4561,NA,NA,NA,"Check",37.3282222529401,34.9720284060765,NA
"Populus","POTR5","NEON.PLA.D05.TREE.00908","TREE_045","TREE","D05",2017-10-19,"Live","small tree",NA,130,NA,4.3,2.3,NA,NA,"Populus tremuloides Michx.",NA,NA,"2017",746,"aspen/alder/cottonwood/willow","Populus tremuloides Michx.","quaking aspen","Salicaceae","tree","tremuloides",0.691,"hw1",-2.2094,2.3867,"SalicaceaeAbove0.35spg","hardwood","Hardwood",0.36,-2.4441,2.4561,NA,NA,NA,"Check",0.331655996206415,0.270846125292816,NA
"Populus","POTR5","NEON.PLA.D05.TREE.03327","TREE_007","TREE","D05",2018-05-08,"Live","small tree",NA,130,NA,NA,1.2,NA,NA,"Populus tremuloides Michx.",NA,NA,"2018",746,"aspen/alder/cottonwood/willow","Populus tremuloides Michx.","quaking aspen","Salicaceae","tree","tremuloides",0.691,"hw1",-2.2094,2.3867,"SalicaceaeAbove0.35spg","hardwood","Hardwood",0.36,-2.4441,2.4561,NA,NA,NA,"Check",0.0701994819673388,0.0547973993149548,NA
"Populus","POTR5","NEON.PLA.D05.TREE.02903","TREE_017","TREE","D05",2019-11-04,"Live","small tree",NA,130,NA,4.8,2,NA,NA,"Populus tremuloides Michx.",NA,NA,"2019",746,"aspen/alder/cottonwood/willow","Populus tremuloides Michx.","quaking aspen","Salicaceae","tree","tremuloides",0.691,"hw1",-2.2094,2.3867,"SalicaceaeAbove0.35spg","hardwood","Hardwood",0.36,-2.4441,2.4561,NA,NA,NA,"Check",0.23758571125493,0.192151005445243,NA
"Populus","POTR5","NEON.PLA.D05.TREE.01030","TREE_044","TREE","D05",2017-10-17,"Standing dead","small tree",NA,130,NA,4.4,2.1,NA,NA,"Populus tremuloides Michx.",NA,NA,"2017",746,"aspen/alder/cottonwood/willow","Populus tremuloides Michx.","quaking aspen","Salicaceae","tree","tremuloides",0.691,"hw1",-2.2094,2.3867,"SalicaceaeAbove0.35spg","hardwood","Hardwood",0.36,-2.4441,2.4561,NA,NA,NA,"Check",0.266927192163398,0.216613589315234,NA
"Populus","POTR5","NEON.PLA.D05.TREE.01180","TREE_043","TREE","D05",2019-10-23,"Live, disease damaged","small tree",NA,130,NA,4.1,2.7,NA,NA,"Populus tremuloides Michx.",NA,NA,"2019",746,"aspen/alder/cottonwood/willow","Populus tremuloides Michx.","quaking aspen","Salicaceae","tree","tremuloides",0.691,"hw1",-2.2094,2.3867,"SalicaceaeAbove0.35spg","hardwood","Hardwood",0.36,-2.4441,2.4561,NA,NA,NA,"Check",0.486281696623093,0.401564608849878,NA
"Populus","POTR5","NEON.PLA.D05.TREE.01146","TREE_044","TREE","D05",2017-10-17,"Live","small tree",NA,130,NA,8,5.6,NA,NA,"Populus tremuloides Michx.",NA,NA,"2017",746,"aspen/alder/cottonwood/willow","Populus tremuloides Michx.","quaking aspen","Salicaceae","tree","tremuloides",0.691,"hw1",-2.2094,2.3867,"SalicaceaeAbove0.35spg","hardwood","Hardwood",0.36,-2.4441,2.4561,NA,NA,NA,"Check",2.77365468616705,2.40939221116703,NA
"Populus","POTR5","NEON.PLA.D05.TREE.01180","TREE_043","TREE","D05",2020-10-05,"Live","small tree","Mostly shaded",130,NA,4.9,2.7,NA,NA,"Populus tremuloides Michx.",NA,NA,"2020",746,"aspen/alder/cottonwood/willow","Populus tremuloides Michx.","quaking aspen","Salicaceae","tree","tremuloides",0.691,"hw1",-2.2094,2.3867,"SalicaceaeAbove0.35spg","hardwood","Hardwood",0.36,-2.4441,2.4561,NA,NA,NA,"Check",0.486281696623093,0.401564608849878,NA
"Populus","POTR5","NEON.PLA.D05.TREE.00998","TREE_045","TREE","D05",2015-08-11,"Live, disease damaged","small tree","Full shade",130,NA,3.9,2.1,NA,NA,"Populus tremuloides Michx.",NA,NA,"2015",746,"aspen/alder/cottonwood/willow","Populus tremuloides Michx.","quaking aspen","Salicaceae","tree","tremuloides",0.691,"hw1",-2.2094,2.3867,"SalicaceaeAbove0.35spg","hardwood","Hardwood",0.36,-2.4441,2.4561,NA,NA,NA,"Check",0.266927192163398,0.216613589315234,NA
"Populus","POTR5","NEON.PLA.D05.TREE.00999","TREE_044","TREE","D05",2018-10-16,"Live","small tree",NA,130,NA,8.9,2.8,NA,NA,"Populus tremuloides Michx.",NA,NA,"2018",746,"aspen/alder/cottonwood/willow","Populus tremuloides Michx.","quaking aspen","Salicaceae","tree","tremuloides",0.691,"hw1",-2.2094,2.3867,"SalicaceaeAbove0.35spg","hardwood","Hardwood",0.36,-2.4441,2.4561,NA,NA,NA,"Check",0.530376289600716,0.439084119094404,NA
"Populus","POTR5","NEON.PLA.D05.TREE.02518","TREE_014","TREE","D05",2017-10-26,"Live","small tree",NA,130,NA,4.8,3,NA,NA,"Populus tremuloides Michx.",NA,NA,"2017",746,"aspen/alder/cottonwood/willow","Populus tremuloides Michx.","quaking aspen","Salicaceae","tree","tremuloides",0.691,"hw1",-2.2094,2.3867,"SalicaceaeAbove0.35spg","hardwood","Hardwood",0.36,-2.4441,2.4561,NA,NA,NA,"Check",0.6253128105352,0.520164132725086,NA
"Populus","POTR5","NEON.PLA.D05.TREE.02675","TREE_023","TREE","D05",2018-05-08,"Live","small tree",NA,130,NA,3.7,1.5,NA,NA,"Populus tremuloides Michx.",NA,NA,"2018",746,"aspen/alder/cottonwood/willow","Populus tremuloides Michx.","quaking aspen","Salicaceae","tree","tremuloides",0.691,"hw1",-2.2094,2.3867,"SalicaceaeAbove0.35spg","hardwood","Hardwood",0.36,-2.4441,2.4561,NA,NA,NA,"Check",0.119571873869334,0.094793952160853,NA
"Populus","POTR5","NEON.PLA.D05.TREE.01231","TREE_043","TREE","D05",2017-10-17,"Live","small tree",NA,130,NA,4.8,3.8,NA,NA,"Populus tremuloides Michx.",NA,NA,"2017",746,"aspen/alder/cottonwood/willow","Populus tremuloides Michx.","quaking aspen","Salicaceae","tree","tremuloides",0.691,"hw1",-2.2094,2.3867,"SalicaceaeAbove0.35spg","hardwood","Hardwood",0.36,-2.4441,2.4561,NA,NA,NA,"Check",1.09931343947209,0.92958558511462,NA
"Populus","POTR5","NEON.PLA.D05.TREE.00795","TREE_025","TREE","D05",2015-08-04,"Live, disease damaged","sapling","Full shade",10,NA,2.5,1.5,NA,NA,"Populus tremuloides Michx.",NA,NA,"2015",746,"aspen/alder/cottonwood/willow","Populus tremuloides Michx.","quaking aspen","Salicaceae","tree","tremuloides",0.691,"hw1",-2.2094,2.3867,"SalicaceaeAbove0.35spg","hardwood","Hardwood",0.36,-2.4441,2.4561,NA,NA,1.07394332059371,"Check",0.0538635833700241,0.0417230655624685,NA
"Populus","POTR5","NEON.PLA.D05.TREE.01126","TREE_045","TREE","D05",2016-10-18,"Standing dead","small tree",NA,130,NA,2.2,1,NA,NA,"Populus tremuloides Michx.",NA,NA,"2016",746,"aspen/alder/cottonwood/willow","Populus tremuloides Michx.","quaking aspen","Salicaceae","tree","tremuloides",0.691,"hw1",-2.2094,2.3867,"SalicaceaeAbove0.35spg","hardwood","Hardwood",0.36,-2.4441,2.4561,NA,NA,NA,"Check",0.0454309718603333,0.0350173187113287,NA
"Populus","POTR5","NEON.PLA.D05.TREE.01212","TREE_043","TREE","D05",2016-10-19,"Live","small tree",NA,130,NA,4.8,2.3,NA,NA,"Populus tremuloides Michx.",NA,NA,"2016",746,"aspen/alder/cottonwood/willow","Populus tremuloides Michx.","quaking aspen","Salicaceae","tree","tremuloides",0.691,"hw1",-2.2094,2.3867,"SalicaceaeAbove0.35spg","hardwood","Hardwood",0.36,-2.4441,2.4561,NA,NA,NA,"Check",0.331655996206415,0.270846125292816,NA
"Populus","POTR5","NEON.PLA.D05.TREE.01148","TREE_044","TREE","D05",2017-10-17,"Live","small tree",NA,130,NA,9.1,5.9,NA,NA,"Populus tremuloides Michx.",NA,NA,"2017",746,"aspen/alder/cottonwood/willow","Populus tremuloides Michx.","quaking aspen","Salicaceae","tree","tremuloides",0.691,"hw1",-2.2094,2.3867,"SalicaceaeAbove0.35spg","hardwood","Hardwood",0.36,-2.4441,2.4561,NA,NA,NA,"Check",3.14155395918048,2.73887691002691,NA
"Populus","POTR5","NEON.PLA.D05.TREE.01131","TREE_043","TREE","D05",2017-10-17,"Standing dead","small tree",NA,130,NA,3.9,2.2,NA,NA,"Populus tremuloides Michx.",NA,NA,"2017",746,"aspen/alder/cottonwood/willow","Populus tremuloides Michx.","quaking aspen","Salicaceae","tree","tremuloides",0.691,"hw1",-2.2094,2.3867,"SalicaceaeAbove0.35spg","hardwood","Hardwood",0.36,-2.4441,2.4561,NA,NA,NA,"Check",0.298271830618665,0.24283273723977,NA
"Populus","POTR5","NEON.PLA.D05.TREE.03697","TREE_010","TREE","D05",2017-10-24,"Standing dead","small tree",NA,130,NA,7.1,2.7,NA,NA,"Populus tremuloides Michx.",NA,NA,"2017",746,"aspen/alder/cottonwood/willow","Populus tremuloides Michx.","quaking aspen","Salicaceae","tree","tremuloides",0.691,"hw1",-2.2094,2.3867,"SalicaceaeAbove0.35spg","hardwood","Hardwood",0.36,-2.4441,2.4561,NA,NA,NA,"Check",0.486281696623093,0.401564608849878,NA
"Populus","POTR5","NEON.PLA.D05.TREE.01068","TREE_044","TREE","D05",2015-08-05,"Live","small tree","Full sun",130,NA,6.7,3.9,NA,NA,"Populus tremuloides Michx.",NA,NA,"2015",746,"aspen/alder/cottonwood/willow","Populus tremuloides Michx.","quaking aspen","Salicaceae","tree","tremuloides",0.691,"hw1",-2.2094,2.3867,"SalicaceaeAbove0.35spg","hardwood","Hardwood",0.36,-2.4441,2.4561,NA,NA,NA,"Check",1.16962306754066,0.99082434818966,NA
"Populus","POTR5","NEON.PLA.D05.TREE.02681","TREE_023","TREE","D05",2019-11-04,"Live","small tree",NA,130,NA,3.1,1.3,NA,NA,"Populus tremuloides Michx.",NA,NA,"2019",746,"aspen/alder/cottonwood/willow","Populus tremuloides Michx.","quaking aspen","Salicaceae","tree","tremuloides",0.691,"hw1",-2.2094,2.3867,"SalicaceaeAbove0.35spg","hardwood","Hardwood",0.36,-2.4441,2.4561,NA,NA,NA,"Check",0.0849768496237214,0.0667020461517271,NA
"Populus","POTR5","NEON.PLA.D05.TREE.01294","TREE_043","TREE","D05",2015-08-05,"Standing dead","small tree","Mostly shaded",130,NA,4,1.8,NA,NA,"Populus tremuloides Michx.",NA,NA,"2015",746,"aspen/alder/cottonwood/willow","Populus tremuloides Michx.","quaking aspen","Salicaceae","tree","tremuloides",0.691,"hw1",-2.2094,2.3867,"SalicaceaeAbove0.35spg","hardwood","Hardwood",0.36,-2.4441,2.4561,NA,NA,NA,"Check",0.184761259990128,0.148339799857963,NA
"Populus","POTR5","NEON.PLA.D05.TREE.02879","TREE_017","TREE","D05",2019-11-04,"Live","small tree",NA,130,NA,6.1,3.6,NA,NA,"Populus tremuloides Michx.",NA,NA,"2019",746,"aspen/alder/cottonwood/willow","Populus tremuloides Michx.","quaking aspen","Salicaceae","tree","tremuloides",0.691,"hw1",-2.2094,2.3867,"SalicaceaeAbove0.35spg","hardwood","Hardwood",0.36,-2.4441,2.4561,NA,NA,NA,"Check",0.966227081869643,0.813986985275155,NA
"Populus","POTR5","NEON.PLA.D05.TREE.01240","TREE_043","TREE","D05",2015-08-05,"Live","small tree","Partially shaded",130,NA,4.9,4.1,NA,NA,"Populus tremuloides Michx.",NA,NA,"2015",746,"aspen/alder/cottonwood/willow","Populus tremuloides Michx.","quaking aspen","Salicaceae","tree","tremuloides",0.691,"hw1",-2.2094,2.3867,"SalicaceaeAbove0.35spg","hardwood","Hardwood",0.36,-2.4441,2.4561,NA,NA,NA,"Check",1.31790242826752,1.12031801456321,NA
"Populus","POTR5","NEON.PLA.D05.TREE.01240","TREE_043","TREE","D05",2019-10-23,"Standing dead","small tree",NA,130,NA,5.1,3.6,NA,NA,"Populus tremuloides Michx.",NA,NA,"2019",746,"aspen/alder/cottonwood/willow","Populus tremuloides Michx.","quaking aspen","Salicaceae","tree","tremuloides",0.691,"hw1",-2.2094,2.3867,"SalicaceaeAbove0.35spg","hardwood","Hardwood",0.36,-2.4441,2.4561,NA,NA,NA,"Check",0.966227081869643,0.813986985275155,NA
"Populus","POTR5","NEON.PLA.D05.TREE.01240","TREE_043","TREE","D05",2016-10-19,"Live","small tree",NA,130,NA,5.6,3.8,NA,NA,"Populus tremuloides Michx.",NA,NA,"2016",746,"aspen/alder/cottonwood/willow","Populus tremuloides Michx.","quaking aspen","Salicaceae","tree","tremuloides",0.691,"hw1",-2.2094,2.3867,"SalicaceaeAbove0.35spg","hardwood","Hardwood",0.36,-2.4441,2.4561,NA,NA,NA,"Check",1.09931343947209,0.92958558511462,NA
"Populus","POTR5","NEON.PLA.D05.TREE.03989","TREE_010","TREE","D05",2019-10-10,"Live","small tree",NA,130,NA,11.8,7.3,NA,NA,"Populus tremuloides Michx.",NA,NA,"2019",746,"aspen/alder/cottonwood/willow","Populus tremuloides Michx.","quaking aspen","Salicaceae","tree","tremuloides",0.691,"hw1",-2.2094,2.3867,"SalicaceaeAbove0.35spg","hardwood","Hardwood",0.36,-2.4441,2.4561,NA,NA,NA,"Check",5.22209415091169,4.62051267221767,NA
"Populus","POTR5","NEON.PLA.D05.TREE.03989","TREE_010","TREE","D05",2017-10-24,"Live","small tree",NA,130,NA,11,6.8,NA,NA,"Populus tremuloides Michx.",NA,NA,"2017",746,"aspen/alder/cottonwood/willow","Populus tremuloides Michx.","quaking aspen","Salicaceae","tree","tremuloides",0.691,"hw1",-2.2094,2.3867,"SalicaceaeAbove0.35spg","hardwood","Hardwood",0.36,-2.4441,2.4561,NA,NA,NA,"Check",4.40860358328709,3.88157542357413,NA
"Populus","POTR5","NEON.PLA.D05.TREE.03993","TREE_010","TREE","D05",2017-10-24,"Standing dead","small tree",NA,130,NA,4.6,2.6,NA,NA,"Populus tremuloides Michx.",NA,NA,"2017",746,"aspen/alder/cottonwood/willow","Populus tremuloides Michx.","quaking aspen","Salicaceae","tree","tremuloides",0.691,"hw1",-2.2094,2.3867,"SalicaceaeAbove0.35spg","hardwood","Hardwood",0.36,-2.4441,2.4561,NA,NA,NA,"Check",0.444394747268939,0.36601503784363,NA
"Populus","POTR5","NEON.PLA.D05.TREE.02009","TREE_019","TREE","D05",2017-10-23,"Live","small tree",NA,130,NA,8.8,6.6,NA,NA,"Populus tremuloides Michx.",NA,NA,"2017",746,"aspen/alder/cottonwood/willow","Populus tremuloides Michx.","quaking aspen","Salicaceae","tree","tremuloides",0.691,"hw1",-2.2094,2.3867,"SalicaceaeAbove0.35spg","hardwood","Hardwood",0.36,-2.4441,2.4561,NA,NA,NA,"Check",4.10541947640976,3.60715453986828,NA
"Populus","POTR5","NEON.PLA.D05.TREE.02359","TREE_019","TREE","D05",2019-10-30,"Live","small tree",NA,130,NA,7.8,4.5,NA,NA,"Populus tremuloides Michx.",NA,NA,"2019",746,"aspen/alder/cottonwood/willow","Populus tremuloides Michx.","quaking aspen","Salicaceae","tree","tremuloides",0.691,"hw1",-2.2094,2.3867,"SalicaceaeAbove0.35spg","hardwood","Hardwood",0.36,-2.4441,2.4561,NA,NA,NA,"Check",1.64578967714043,1.40811506214442,NA
"Populus","POTR5","NEON.PLA.D05.TREE.01272","TREE_043","TREE","D05",2018-10-15,"Standing dead","small tree",NA,130,NA,3.4,2,NA,NA,"Populus tremuloides Michx.",NA,NA,"2018",746,"aspen/alder/cottonwood/willow","Populus tremuloides Michx.","quaking aspen","Salicaceae","tree","tremuloides",0.691,"hw1",-2.2094,2.3867,"SalicaceaeAbove0.35spg","hardwood","Hardwood",0.36,-2.4441,2.4561,NA,NA,NA,"Check",0.23758571125493,0.192151005445243,NA
"Populus","POTR5","NEON.PLA.D05.TREE.03743","TREE_010","TREE","D05",2017-10-24,"Live","single bole tree","Partially shaded",130,NA,15.8,12.6,NA,33,"Populus tremuloides Michx.",6.9,358.1,"2017",746,"aspen/alder/cottonwood/willow","Populus tremuloides Michx.","quaking aspen","Salicaceae","tree","tremuloides",0.691,"hw1",-2.2094,2.3867,"SalicaceaeAbove0.35spg","hardwood","Hardwood",0.36,-2.4441,2.4561,NA,NA,NA,"Check",46.4220325454,43.768428403251,NA
"Populus","POTR5","NEON.PLA.D05.TREE.03744","TREE_010","TREE","D05",2019-10-10,"Live, broken bole","single bole tree","Mostly shaded",130,NA,14.1,15.5,NA,51,"Populus tremuloides Michx.",11.3,185,"2019",746,"aspen/alder/cottonwood/willow","Populus tremuloides Michx.","quaking aspen","Salicaceae","tree","tremuloides",0.691,"hw1",-2.2094,2.3867,"SalicaceaeAbove0.35spg","hardwood","Hardwood",0.36,-2.4441,2.4561,NA,NA,NA,"Check",76.1087230997681,72.7971774210908,NA
"Populus","POTR5","NEON.PLA.D05.TREE.01272","TREE_043","TREE","D05",2019-10-23,"Standing dead","small tree",NA,130,NA,3.2,2.1,NA,NA,"Populus tremuloides Michx.",NA,NA,"2019",746,"aspen/alder/cottonwood/willow","Populus tremuloides Michx.","quaking aspen","Salicaceae","tree","tremuloides",0.691,"hw1",-2.2094,2.3867,"SalicaceaeAbove0.35spg","hardwood","Hardwood",0.36,-2.4441,2.4561,NA,NA,NA,"Check",0.266927192163398,0.216613589315234,NA
"Populus","POTR5","NEON.PLA.D05.TREE.01272","TREE_043","TREE","D05",2020-10-05,"Standing dead","small tree","Full shade",130,NA,3.3,2,NA,NA,"Populus tremuloides Michx.",NA,NA,"2020",746,"aspen/alder/cottonwood/willow","Populus tremuloides Michx.","quaking aspen","Salicaceae","tree","tremuloides",0.691,"hw1",-2.2094,2.3867,"SalicaceaeAbove0.35spg","hardwood","Hardwood",0.36,-2.4441,2.4561,NA,NA,NA,"Check",0.23758571125493,0.192151005445243,NA
"Populus","POTR5","NEON.PLA.D05.TREE.01005","TREE_044","TREE","D05",2017-10-17,"Standing dead","small tree",NA,130,NA,2.5,1.2,NA,NA,"Populus tremuloides Michx.",NA,NA,"2017",746,"aspen/alder/cottonwood/willow","Populus tremuloides Michx.","quaking aspen","Salicaceae","tree","tremuloides",0.691,"hw1",-2.2094,2.3867,"SalicaceaeAbove0.35spg","hardwood","Hardwood",0.36,-2.4441,2.4561,NA,NA,NA,"Check",0.0701994819673388,0.0547973993149548,NA
"Populus","POTR5","NEON.PLA.D05.TREE.01137","TREE_044","TREE","D05",2016-10-19,"Live","small tree",NA,130,NA,8.6,5.4,NA,NA,"Populus tremuloides Michx.",NA,NA,"2016",746,"aspen/alder/cottonwood/willow","Populus tremuloides Michx.","quaking aspen","Salicaceae","tree","tremuloides",0.691,"hw1",-2.2094,2.3867,"SalicaceaeAbove0.35spg","hardwood","Hardwood",0.36,-2.4441,2.4561,NA,NA,NA,"Check",2.54305769899953,2.20351089636018,NA
"Populus","POTR5","NEON.PLA.D05.TREE.01137","TREE_044","TREE","D05",2016-10-19,"Live","small tree",NA,130,NA,8.6,7.4,NA,NA,"Populus tremuloides Michx.",NA,NA,"2016",746,"aspen/alder/cottonwood/willow","Populus tremuloides Michx.","quaking aspen","Salicaceae","tree","tremuloides",0.691,"hw1",-2.2094,2.3867,"SalicaceaeAbove0.35spg","hardwood","Hardwood",0.36,-2.4441,2.4561,NA,NA,NA,"Check",5.39445249371689,4.77752442183761,NA
"Populus","POTR5","NEON.PLA.D05.TREE.01137","TREE_044","TREE","D05",2017-10-17,"Live","small tree",NA,130,NA,10.1,5.9,NA,NA,"Populus tremuloides Michx.",NA,NA,"2017",746,"aspen/alder/cottonwood/willow","Populus tremuloides Michx.","quaking aspen","Salicaceae","tree","tremuloides",0.691,"hw1",-2.2094,2.3867,"SalicaceaeAbove0.35spg","hardwood","Hardwood",0.36,-2.4441,2.4561,NA,NA,NA,"Check",3.14155395918048,2.73887691002691,NA
"Populus","POTR5","NEON.PLA.D05.TREE.01180","TREE_043","TREE","D05",2016-10-19,"Live","small tree",NA,130,NA,4.5,2.8,NA,NA,"Populus tremuloides Michx.",NA,NA,"2016",746,"aspen/alder/cottonwood/willow","Populus tremuloides Michx.","quaking aspen","Salicaceae","tree","tremuloides",0.691,"hw1",-2.2094,2.3867,"SalicaceaeAbove0.35spg","hardwood","Hardwood",0.36,-2.4441,2.4561,NA,NA,NA,"Check",0.530376289600716,0.439084119094404,NA
"Populus","POTR5","NEON.PLA.D05.TREE.01127","TREE_045","TREE","D05",2015-08-11,"Live, disease damaged","sapling","Full shade",10,NA,2.3,1.2,NA,NA,"Populus tremuloides Michx.",NA,NA,"2015",746,"aspen/alder/cottonwood/willow","Populus tremuloides Michx.","quaking aspen","Salicaceae","tree","tremuloides",0.691,"hw1",-2.2094,2.3867,"SalicaceaeAbove0.35spg","hardwood","Hardwood",0.36,-2.4441,2.4561,NA,NA,0.851537287154131,"Check",0.0309577312435263,0.0235969635613552,NA
"Populus","POTR5","NEON.PLA.D05.TREE.00976","TREE_044","TREE","D05",2015-08-05,"Live","small tree","Partially shaded",130,NA,9.1,3.9,NA,NA,"Populus tremuloides Michx.",NA,NA,"2015",746,"aspen/alder/cottonwood/willow","Populus tremuloides Michx.","quaking aspen","Salicaceae","tree","tremuloides",0.691,"hw1",-2.2094,2.3867,"SalicaceaeAbove0.35spg","hardwood","Hardwood",0.36,-2.4441,2.4561,NA,NA,NA,"Check",1.16962306754066,0.99082434818966,NA
"Populus","POTR5","NEON.PLA.D05.TREE.01274","TREE_043","TREE","D05",2016-10-19,"Live","small tree",NA,130,NA,4.4,2.3,NA,NA,"Populus tremuloides Michx.",NA,NA,"2016",746,"aspen/alder/cottonwood/willow","Populus tremuloides Michx.","quaking aspen","Salicaceae","tree","tremuloides",0.691,"hw1",-2.2094,2.3867,"SalicaceaeAbove0.35spg","hardwood","Hardwood",0.36,-2.4441,2.4561,NA,NA,NA,"Check",0.331655996206415,0.270846125292816,NA
"Populus","POTR5","NEON.PLA.D05.TREE.01299","TREE_043","TREE","D05",2020-10-05,"Standing dead","small tree","Full shade",130,NA,3.3,2.3,NA,NA,"Populus tremuloides Michx.",NA,NA,"2020",746,"aspen/alder/cottonwood/willow","Populus tremuloides Michx.","quaking aspen","Salicaceae","tree","tremuloides",0.691,"hw1",-2.2094,2.3867,"SalicaceaeAbove0.35spg","hardwood","Hardwood",0.36,-2.4441,2.4561,NA,NA,NA,"Check",0.331655996206415,0.270846125292816,NA
"Populus","POTR5","NEON.PLA.D05.TREE.01274","TREE_043","TREE","D05",2015-08-05,"Live","small tree","Partially shaded",130,NA,3.4,2.3,NA,NA,"Populus tremuloides Michx.",NA,NA,"2015",746,"aspen/alder/cottonwood/willow","Populus tremuloides Michx.","quaking aspen","Salicaceae","tree","tremuloides",0.691,"hw1",-2.2094,2.3867,"SalicaceaeAbove0.35spg","hardwood","Hardwood",0.36,-2.4441,2.4561,NA,NA,NA,"Check",0.331655996206415,0.270846125292816,NA
"Populus","POTR5","NEON.PLA.D05.TREE.02675","TREE_023","TREE","D05",2018-05-08,"Live","small tree",NA,130,NA,NA,1.6,NA,NA,"Populus tremuloides Michx.",NA,NA,"2018",746,"aspen/alder/cottonwood/willow","Populus tremuloides Michx.","quaking aspen","Salicaceae","tree","tremuloides",0.691,"hw1",-2.2094,2.3867,"SalicaceaeAbove0.35spg","hardwood","Hardwood",0.36,-2.4441,2.4561,NA,NA,NA,"Check",0.139484255897534,0.111076446694469,NA
"Populus","POTR5","NEON.PLA.D05.TREE.00999","TREE_044","TREE","D05",2017-10-17,"Live","small tree",NA,130,NA,8.2,5,NA,NA,"Populus tremuloides Michx.",NA,NA,"2017",746,"aspen/alder/cottonwood/willow","Populus tremuloides Michx.","quaking aspen","Salicaceae","tree","tremuloides",0.691,"hw1",-2.2094,2.3867,"SalicaceaeAbove0.35spg","hardwood","Hardwood",0.36,-2.4441,2.4561,NA,NA,NA,"Check",2.11633169767473,1.82399278705186,NA
"Populus","POTR5","NEON.PLA.D05.TREE.00835","TREE_025","TREE","D05",2015-08-04,"Standing dead","small tree","Full shade",130,NA,1.4,1.2,NA,NA,"Populus tremuloides Michx.",NA,NA,"2015",746,"aspen/alder/cottonwood/willow","Populus tremuloides Michx.","quaking aspen","Salicaceae","tree","tremuloides",0.691,"hw1",-2.2094,2.3867,"SalicaceaeAbove0.35spg","hardwood","Hardwood",0.36,-2.4441,2.4561,NA,NA,NA,"Check",0.0701994819673388,0.0547973993149548,NA
"Populus","POTR5","NEON.PLA.D05.TREE.00835","TREE_025","TREE","D05",2016-10-18,"Standing dead","small tree",NA,130,NA,1.3,1,NA,NA,"Populus tremuloides Michx.",NA,NA,"2016",746,"aspen/alder/cottonwood/willow","Populus tremuloides Michx.","quaking aspen","Salicaceae","tree","tremuloides",0.691,"hw1",-2.2094,2.3867,"SalicaceaeAbove0.35spg","hardwood","Hardwood",0.36,-2.4441,2.4561,NA,NA,NA,"Check",0.0454309718603333,0.0350173187113287,NA
"Populus","POTR5","NEON.PLA.D05.TREE.01000","TREE_045","TREE","D05",2016-10-18,"Live","small tree",NA,130,NA,3.9,2.7,NA,NA,"Populus tremuloides Michx.",NA,NA,"2016",746,"aspen/alder/cottonwood/willow","Populus tremuloides Michx.","quaking aspen","Salicaceae","tree","tremuloides",0.691,"hw1",-2.2094,2.3867,"SalicaceaeAbove0.35spg","hardwood","Hardwood",0.36,-2.4441,2.4561,NA,NA,NA,"Check",0.486281696623093,0.401564608849878,NA
"Populus","POTR5","NEON.PLA.D05.TREE.01300","TREE_043","TREE","D05",2019-10-23,"Live","small tree",NA,130,NA,6.9,3.5,NA,NA,"Populus tremuloides Michx.",NA,NA,"2019",746,"aspen/alder/cottonwood/willow","Populus tremuloides Michx.","quaking aspen","Salicaceae","tree","tremuloides",0.691,"hw1",-2.2094,2.3867,"SalicaceaeAbove0.35spg","hardwood","Hardwood",0.36,-2.4441,2.4561,NA,NA,NA,"Check",0.903398216427415,0.759571065422187,NA
"Populus","POTR5","NEON.PLA.D05.TREE.01139","TREE_043","TREE","D05",2015-08-05,"Live, disease damaged","small tree","Full shade",130,NA,3.1,1.6,NA,NA,"Populus tremuloides Michx.",NA,NA,"2015",746,"aspen/alder/cottonwood/willow","Populus tremuloides Michx.","quaking aspen","Salicaceae","tree","tremuloides",0.691,"hw1",-2.2094,2.3867,"SalicaceaeAbove0.35spg","hardwood","Hardwood",0.36,-2.4441,2.4561,NA,NA,NA,"Check",0.139484255897534,0.111076446694469,NA
"Populus","POTR5","NEON.PLA.D05.TREE.03316","TREE_007","TREE","D05",2019-10-09,"Live","small tree",NA,130,NA,3.5,1.9,NA,NA,"Populus tremuloides Michx.",NA,NA,"2019",746,"aspen/alder/cottonwood/willow","Populus tremuloides Michx.","quaking aspen","Salicaceae","tree","tremuloides",0.691,"hw1",-2.2094,2.3867,"SalicaceaeAbove0.35spg","hardwood","Hardwood",0.36,-2.4441,2.4561,NA,NA,NA,"Check",0.210209939270102,0.169406319930455,NA
"Populus","POTR5","NEON.PLA.D05.TREE.00486","TREE_044","TREE","D05",2016-10-19,"Standing dead","small tree",NA,130,NA,4.6,2.1,NA,NA,"Populus tremuloides Michx.",NA,NA,"2016",746,"aspen/alder/cottonwood/willow","Populus tremuloides Michx.","quaking aspen","Salicaceae","tree","tremuloides",0.691,"hw1",-2.2094,2.3867,"SalicaceaeAbove0.35spg","hardwood","Hardwood",0.36,-2.4441,2.4561,NA,NA,NA,"Check",0.266927192163398,0.216613589315234,NA
"Populus","POTR5","NEON.PLA.D05.TREE.01010","TREE_057","TREE","D05",2015-08-04,"Live","sapling","Full shade",10,NA,1.2,1.4,NA,NA,"Populus tremuloides Michx.",NA,NA,"2015",746,"aspen/alder/cottonwood/willow","Populus tremuloides Michx.","quaking aspen","Salicaceae","tree","tremuloides",0.691,"hw1",-2.2094,2.3867,"SalicaceaeAbove0.35spg","hardwood","Hardwood",0.36,-2.4441,2.4561,NA,NA,0.999590927277837,"Check",0.0453866286439378,0.0349821464655173,NA
"Populus","POTR5","NEON.PLA.D05.TREE.02901","TREE_017","TREE","D05",2019-11-04,"Live","small tree",NA,130,NA,8.4,5.1,NA,NA,"Populus tremuloides Michx.",NA,NA,"2019",746,"aspen/alder/cottonwood/willow","Populus tremuloides Michx.","quaking aspen","Salicaceae","tree","tremuloides",0.691,"hw1",-2.2094,2.3867,"SalicaceaeAbove0.35spg","hardwood","Hardwood",0.36,-2.4441,2.4561,NA,NA,NA,"Check",2.21875713323126,1.91489955599468,NA
"Populus","POTR5","NEON.PLA.D05.TREE.03759","TREE_010","TREE","D05",2019-10-10,"Live","single bole tree","Partially shaded",130,NA,12.2,13.7,NA,51,"Populus tremuloides Michx.",3.6,201.3,"2019",746,"aspen/alder/cottonwood/willow","Populus tremuloides Michx.","quaking aspen","Salicaceae","tree","tremuloides",0.691,"hw1",-2.2094,2.3867,"SalicaceaeAbove0.35spg","hardwood","Hardwood",0.36,-2.4441,2.4561,NA,NA,NA,"Check",56.6866443851582,53.757645837112,NA
"Populus","POTR5","NEON.PLA.D05.TREE.00980","TREE_044","TREE","D05",2016-10-19,"Live","small tree",NA,130,NA,9,6.3,NA,NA,"Populus tremuloides Michx.",NA,NA,"2016",746,"aspen/alder/cottonwood/willow","Populus tremuloides Michx.","quaking aspen","Salicaceae","tree","tremuloides",0.691,"hw1",-2.2094,2.3867,"SalicaceaeAbove0.35spg","hardwood","Hardwood",0.36,-2.4441,2.4561,NA,NA,NA,"Check",3.67399124221022,3.21768267729118,NA
"Populus","POTR5","NEON.PLA.D05.TREE.01526","TREE_010","TREE","D05",2019-10-10,"Live","single bole tree","Partially shaded",130,NA,11.8,10.5,NA,41,"Populus tremuloides Michx.",6.7,299,"2019",746,"aspen/alder/cottonwood/willow","Populus tremuloides Michx.","quaking aspen","Salicaceae","tree","tremuloides",0.691,"hw1",-2.2094,2.3867,"SalicaceaeAbove0.35spg","hardwood","Hardwood",0.36,-2.4441,2.4561,NA,NA,NA,"Check",30.0429290240459,27.969447930941,NA
"Populus","POTR5","NEON.PLA.D05.TREE.03184","TREE_044","TREE","D05",2017-10-17,"Live","single bole tree",NA,130,NA,10.1,11.4,NA,41,"Populus tremuloides Michx.",10.8,294.2,"2017",746,"aspen/alder/cottonwood/willow","Populus tremuloides Michx.","quaking aspen","Salicaceae","tree","tremuloides",0.691,"hw1",-2.2094,2.3867,"SalicaceaeAbove0.35spg","hardwood","Hardwood",0.36,-2.4441,2.4561,NA,NA,NA,"Check",36.5581811394837,34.2298394499339,NA
"Populus","POTR5","NEON.PLA.D05.TREE.03185","TREE_044","TREE","D05",2018-10-16,"Live","single bole tree",NA,130,NA,12.2,12.3,NA,59,"Populus tremuloides Michx.",6.2,248.2,"2018",746,"aspen/alder/cottonwood/willow","Populus tremuloides Michx.","quaking aspen","Salicaceae","tree","tremuloides",0.691,"hw1",-2.2094,2.3867,"SalicaceaeAbove0.35spg","hardwood","Hardwood",0.36,-2.4441,2.4561,NA,NA,NA,"Check",43.8274599098018,41.2531200842999,NA
"Populus","POTR5","NEON.PLA.D05.TREE.01251","TREE_043","TREE","D05",2019-10-23,"Live","small tree",NA,130,NA,12,8.5,NA,NA,"Populus tremuloides Michx.",NA,NA,"2019",746,"aspen/alder/cottonwood/willow","Populus tremuloides Michx.","quaking aspen","Salicaceae","tree","tremuloides",0.691,"hw1",-2.2094,2.3867,"SalicaceaeAbove0.35spg","hardwood","Hardwood",0.36,-2.4441,2.4561,NA,NA,NA,"Check",7.50924332811972,6.71473244370945,NA
"Populus","POTR5","NEON.PLA.D05.TREE.01251","TREE_043","TREE","D05",2020-10-05,"Live","small tree","Partially shaded",130,NA,12,9.5,NA,NA,"Populus tremuloides Michx.",NA,NA,"2020",746,"aspen/alder/cottonwood/willow","Populus tremuloides Michx.","quaking aspen","Salicaceae","tree","tremuloides",0.691,"hw1",-2.2094,2.3867,"SalicaceaeAbove0.35spg","hardwood","Hardwood",0.36,-2.4441,2.4561,NA,NA,NA,"Check",9.79230554457997,8.82408810855602,NA
"Populus","POTR5","NEON.PLA.D05.TREE.01135","TREE_043","TREE","D05",2015-08-05,"Live","sapling","Full shade",10,NA,2,1.2,NA,NA,"Populus tremuloides Michx.",NA,NA,"2015",746,"aspen/alder/cottonwood/willow","Populus tremuloides Michx.","quaking aspen","Salicaceae","tree","tremuloides",0.691,"hw1",-2.2094,2.3867,"SalicaceaeAbove0.35spg","hardwood","Hardwood",0.36,-2.4441,2.4561,NA,NA,0.851537287154131,"Check",0.0309577312435263,0.0235969635613552,NA
"Populus","POTR5","NEON.PLA.D05.TREE.03323","TREE_007","TREE","D05",2019-10-09,"Live","small tree",NA,130,NA,3.5,1.8,NA,NA,"Populus tremuloides Michx.",NA,NA,"2019",746,"aspen/alder/cottonwood/willow","Populus tremuloides Michx.","quaking aspen","Salicaceae","tree","tremuloides",0.691,"hw1",-2.2094,2.3867,"SalicaceaeAbove0.35spg","hardwood","Hardwood",0.36,-2.4441,2.4561,NA,NA,NA,"Check",0.184761259990128,0.148339799857963,NA
"Populus","POTR5","NEON.PLA.D05.TREE.00431","TREE_057","TREE","D05",2015-08-04,"Live","sapling","Full shade",10,NA,0.8,1,NA,NA,"Populus tremuloides Michx.",NA,NA,"2015",746,"aspen/alder/cottonwood/willow","Populus tremuloides Michx.","quaking aspen","Salicaceae","tree","tremuloides",0.691,"hw1",-2.2094,2.3867,"SalicaceaeAbove0.35spg","hardwood","Hardwood",0.36,-2.4441,2.4561,NA,NA,0.704469670267665,"Check",0.0196899665737081,0.0148121289446279,NA
"Populus","POTR5","NEON.PLA.D05.TREE.01142","TREE_044","TREE","D05",2017-10-17,"Live","small tree",NA,130,NA,9.1,6.1,NA,NA,"Populus tremuloides Michx.",NA,NA,"2017",746,"aspen/alder/cottonwood/willow","Populus tremuloides Michx.","quaking aspen","Salicaceae","tree","tremuloides",0.691,"hw1",-2.2094,2.3867,"SalicaceaeAbove0.35spg","hardwood","Hardwood",0.36,-2.4441,2.4561,NA,NA,NA,"Check",3.40172141903959,2.97256593600796,NA
"Populus","POTR5","NEON.PLA.D05.TREE.01142","TREE_044","TREE","D05",2015-08-05,"Live","single bole tree","Partially shaded",130,NA,8.1,6.2,NA,NA,"Populus tremuloides Michx.",NA,NA,"2015",746,"aspen/alder/cottonwood/willow","Populus tremuloides Michx.","quaking aspen","Salicaceae","tree","tremuloides",0.691,"hw1",-2.2094,2.3867,"SalicaceaeAbove0.35spg","hardwood","Hardwood",0.36,-2.4441,2.4561,NA,NA,NA,"Check",3.53633396834865,3.09368518451104,NA
"Populus","POTR5","NEON.PLA.D05.TREE.02101","TREE_019","TREE","D05",2017-10-23,"Live,  other damage","small tree",NA,130,NA,4,2.4,NA,NA,"Populus tremuloides Michx.",NA,NA,"2017",746,"aspen/alder/cottonwood/willow","Populus tremuloides Michx.","quaking aspen","Salicaceae","tree","tremuloides",0.691,"hw1",-2.2094,2.3867,"SalicaceaeAbove0.35spg","hardwood","Hardwood",0.36,-2.4441,2.4561,NA,NA,NA,"Check",0.367115057635386,0.300690508629567,NA
"Populus","POTR5","NEON.PLA.D05.TREE.01257","TREE_043","TREE","D05",2016-10-19,"Live","small tree",NA,130,NA,6.1,2.9,NA,NA,"Populus tremuloides Michx.",NA,NA,"2016",746,"aspen/alder/cottonwood/willow","Populus tremuloides Michx.","quaking aspen","Salicaceae","tree","tremuloides",0.691,"hw1",-2.2094,2.3867,"SalicaceaeAbove0.35spg","hardwood","Hardwood",0.36,-2.4441,2.4561,NA,NA,NA,"Check",0.576709796705388,0.478606521009012,NA
"Populus","POTR5","NEON.PLA.D05.TREE.02102","TREE_019","TREE","D05",2019-10-30,"Standing dead","small tree",NA,130,NA,2.1,1,NA,NA,"Populus tremuloides Michx.",NA,NA,"2019",746,"aspen/alder/cottonwood/willow","Populus tremuloides Michx.","quaking aspen","Salicaceae","tree","tremuloides",0.691,"hw1",-2.2094,2.3867,"SalicaceaeAbove0.35spg","hardwood","Hardwood",0.36,-2.4441,2.4561,NA,NA,NA,"Check",0.0454309718603333,0.0350173187113287,NA
"Populus","POTR5","NEON.PLA.D05.TREE.02105","TREE_019","TREE","D05",2017-10-23,"Live","small tree",NA,130,NA,6.1,3,NA,NA,"Populus tremuloides Michx.",NA,NA,"2017",746,"aspen/alder/cottonwood/willow","Populus tremuloides Michx.","quaking aspen","Salicaceae","tree","tremuloides",0.691,"hw1",-2.2094,2.3867,"SalicaceaeAbove0.35spg","hardwood","Hardwood",0.36,-2.4441,2.4561,NA,NA,NA,"Check",0.6253128105352,0.520164132725086,NA
"Populus","POTR5","NEON.PLA.D05.TREE.01137","TREE_044","TREE","D05",2016-10-19,"Live","small tree",NA,130,NA,8.6,3.7,NA,NA,"Populus tremuloides Michx.",NA,NA,"2016",746,"aspen/alder/cottonwood/willow","Populus tremuloides Michx.","quaking aspen","Salicaceae","tree","tremuloides",0.691,"hw1",-2.2094,2.3867,"SalicaceaeAbove0.35spg","hardwood","Hardwood",0.36,-2.4441,2.4561,NA,NA,NA,"Check",1.03152339486018,0.870649075933759,NA
"Populus","POTR5","NEON.PLA.D05.TREE.02111","TREE_019","TREE","D05",2017-10-23,"Live","small tree",NA,130,NA,4.7,2.1,NA,NA,"Populus tremuloides Michx.",NA,NA,"2017",746,"aspen/alder/cottonwood/willow","Populus tremuloides Michx.","quaking aspen","Salicaceae","tree","tremuloides",0.691,"hw1",-2.2094,2.3867,"SalicaceaeAbove0.35spg","hardwood","Hardwood",0.36,-2.4441,2.4561,NA,NA,NA,"Check",0.266927192163398,0.216613589315234,NA
"Populus","POTR5","NEON.PLA.D05.TREE.01083","TREE_044","TREE","D05",2016-10-19,"Live","small tree",NA,130,NA,6.2,3.9,NA,NA,"Populus tremuloides Michx.",NA,NA,"2016",746,"aspen/alder/cottonwood/willow","Populus tremuloides Michx.","quaking aspen","Salicaceae","tree","tremuloides",0.691,"hw1",-2.2094,2.3867,"SalicaceaeAbove0.35spg","hardwood","Hardwood",0.36,-2.4441,2.4561,NA,NA,NA,"Check",1.16962306754066,0.99082434818966,NA
"Populus","POTR5","NEON.PLA.D05.TREE.00422","TREE_057","TREE","D05",2015-08-04,"Live","sapling","Full shade",10,NA,1.3,1.1,NA,NA,"Populus tremuloides Michx.",NA,NA,"2015",746,"aspen/alder/cottonwood/willow","Populus tremuloides Michx.","quaking aspen","Salicaceae","tree","tremuloides",0.691,"hw1",-2.2094,2.3867,"SalicaceaeAbove0.35spg","hardwood","Hardwood",0.36,-2.4441,2.4561,NA,NA,0.777869901180713,"Check",0.02494478046453,0.0188946778303482,NA
"Populus","POTR5","NEON.PLA.D05.TREE.01173","TREE_045","TREE","D05",2015-08-11,"Standing dead","sapling","Full shade",10,NA,1.4,1.3,NA,NA,"Populus tremuloides Michx.",NA,NA,"2015",746,"aspen/alder/cottonwood/willow","Populus tremuloides Michx.","quaking aspen","Salicaceae","tree","tremuloides",0.691,"hw1",-2.2094,2.3867,"SalicaceaeAbove0.35spg","hardwood","Hardwood",0.36,-2.4441,2.4561,NA,NA,0.925450366054231,"Check",0.0377613094911015,0.0289496165253258,NA
"Populus","POTR5","NEON.PLA.D05.TREE.01146","TREE_044","TREE","D05",2016-10-19,"Live","small tree",NA,130,NA,7.9,5.3,NA,NA,"Populus tremuloides Michx.",NA,NA,"2016",746,"aspen/alder/cottonwood/willow","Populus tremuloides Michx.","quaking aspen","Salicaceae","tree","tremuloides",0.691,"hw1",-2.2094,2.3867,"SalicaceaeAbove0.35spg","hardwood","Hardwood",0.36,-2.4441,2.4561,NA,NA,NA,"Check",2.43209897848406,2.10463530937215,NA
"Populus","POTR5","NEON.PLA.D05.TREE.02287","TREE_019","TREE","D05",2019-10-30,"Standing dead","small tree",NA,130,NA,4.8,2.7,NA,NA,"Populus tremuloides Michx.",NA,NA,"2019",746,"aspen/alder/cottonwood/willow","Populus tremuloides Michx.","quaking aspen","Salicaceae","tree","tremuloides",0.691,"hw1",-2.2094,2.3867,"SalicaceaeAbove0.35spg","hardwood","Hardwood",0.36,-2.4441,2.4561,NA,NA,NA,"Check",0.486281696623093,0.401564608849878,NA
"Populus","POTR5","NEON.PLA.D05.TREE.01275","TREE_043","TREE","D05",2020-10-05,"Live","small tree","Partially shaded",130,NA,7.9,4.7,NA,NA,"Populus tremuloides Michx.",NA,NA,"2020",746,"aspen/alder/cottonwood/willow","Populus tremuloides Michx.","quaking aspen","Salicaceae","tree","tremuloides",0.691,"hw1",-2.2094,2.3867,"SalicaceaeAbove0.35spg","hardwood","Hardwood",0.36,-2.4441,2.4561,NA,NA,NA,"Check",1.82577806395414,1.56683201834831,NA
"Populus","POTR5","NEON.PLA.D05.TREE.02116","TREE_019","TREE","D05",2019-10-30,"Standing dead","small tree",NA,130,NA,2.1,1.5,NA,NA,"Populus tremuloides Michx.",NA,NA,"2019",746,"aspen/alder/cottonwood/willow","Populus tremuloides Michx.","quaking aspen","Salicaceae","tree","tremuloides",0.691,"hw1",-2.2094,2.3867,"SalicaceaeAbove0.35spg","hardwood","Hardwood",0.36,-2.4441,2.4561,NA,NA,NA,"Check",0.119571873869334,0.094793952160853,NA
"Populus","POTR5","NEON.PLA.D05.TREE.01259","TREE_043","TREE","D05",2015-08-05,"Live","small tree","Partially shaded",130,NA,6.4,3.7,NA,NA,"Populus tremuloides Michx.",NA,NA,"2015",746,"aspen/alder/cottonwood/willow","Populus tremuloides Michx.","quaking aspen","Salicaceae","tree","tremuloides",0.691,"hw1",-2.2094,2.3867,"SalicaceaeAbove0.35spg","hardwood","Hardwood",0.36,-2.4441,2.4561,NA,NA,NA,"Check",1.03152339486018,0.870649075933759,NA
"Populus","POTR5","NEON.PLA.D05.TREE.00836","TREE_025","TREE","D05",2015-08-04,"Live, physically damaged","sapling","Full shade",10,NA,1,1,NA,NA,"Populus tremuloides Michx.",NA,NA,"2015",746,"aspen/alder/cottonwood/willow","Populus tremuloides Michx.","quaking aspen","Salicaceae","tree","tremuloides",0.691,"hw1",-2.2094,2.3867,"SalicaceaeAbove0.35spg","hardwood","Hardwood",0.36,-2.4441,2.4561,NA,NA,0.704469670267665,"Check",0.0196899665737081,0.0148121289446279,NA
"Populus","POTR5","NEON.PLA.D05.TREE.01275","TREE_043","TREE","D05",2015-08-05,"Live","small tree","Partially shaded",130,NA,6.8,4.6,NA,NA,"Populus tremuloides Michx.",NA,NA,"2015",746,"aspen/alder/cottonwood/willow","Populus tremuloides Michx.","quaking aspen","Salicaceae","tree","tremuloides",0.691,"hw1",-2.2094,2.3867,"SalicaceaeAbove0.35spg","hardwood","Hardwood",0.36,-2.4441,2.4561,NA,NA,NA,"Check",1.73442747368261,1.4862175977833,NA
"Populus","POTR5","NEON.PLA.D05.TREE.01284","TREE_044","TREE","D05",2015-08-05,"Standing dead","small tree","Mostly shaded",130,NA,4.2,1.8,NA,NA,"Populus tremuloides Michx.",NA,NA,"2015",746,"aspen/alder/cottonwood/willow","Populus tremuloides Michx.","quaking aspen","Salicaceae","tree","tremuloides",0.691,"hw1",-2.2094,2.3867,"SalicaceaeAbove0.35spg","hardwood","Hardwood",0.36,-2.4441,2.4561,NA,NA,NA,"Check",0.184761259990128,0.148339799857963,NA
"Populus","POTR5","NEON.PLA.D05.TREE.03562","TREE_002","TREE","D05",2019-10-08,"Live","multi-bole tree","Full sun",130,NA,19.2,29.1,NA,31,"Populus tremuloides Michx.",3.1,85.6,"2019",746,"aspen/alder/cottonwood/willow","Populus tremuloides Michx.","quaking aspen","Salicaceae","tree","tremuloides",0.691,"hw1",-2.2094,2.3867,"SalicaceaeAbove0.35spg","hardwood","Hardwood",0.36,-2.4441,2.4561,NA,NA,NA,"Check",342.249772794248,341.9860783302,NA
"Populus","POTR5","NEON.PLA.D05.TREE.03562","TREE_002","TREE","D05",2018-05-07,"Live","multi-bole tree","Partially shaded",130,NA,18.9,28.9,NA,31,"Populus tremuloides Michx.",3.1,85.6,"2018",746,"aspen/alder/cottonwood/willow","Populus tremuloides Michx.","quaking aspen","Salicaceae","tree","tremuloides",0.691,"hw1",-2.2094,2.3867,"SalicaceaeAbove0.35spg","hardwood","Hardwood",0.36,-2.4441,2.4561,NA,NA,NA,"Check",336.662429373624,336.242068243284,NA
"Populus","POTR5","NEON.PLA.D05.TREE.00990","TREE_044","TREE","D05",2018-10-16,"Live","small tree",NA,130,NA,7.4,5.3,NA,NA,"Populus tremuloides Michx.",NA,NA,"2018",746,"aspen/alder/cottonwood/willow","Populus tremuloides Michx.","quaking aspen","Salicaceae","tree","tremuloides",0.691,"hw1",-2.2094,2.3867,"SalicaceaeAbove0.35spg","hardwood","Hardwood",0.36,-2.4441,2.4561,NA,NA,NA,"Check",2.43209897848406,2.10463530937215,NA
"Populus","POTR5","NEON.PLA.D05.TREE.01285","TREE_044","TREE","D05",2017-10-17,"Standing dead","small tree",NA,130,NA,3.3,1.6,NA,NA,"Populus tremuloides Michx.",NA,NA,"2017",746,"aspen/alder/cottonwood/willow","Populus tremuloides Michx.","quaking aspen","Salicaceae","tree","tremuloides",0.691,"hw1",-2.2094,2.3867,"SalicaceaeAbove0.35spg","hardwood","Hardwood",0.36,-2.4441,2.4561,NA,NA,NA,"Check",0.139484255897534,0.111076446694469,NA
"Populus","POTR5","NEON.PLA.D05.TREE.02001","TREE_019","TREE","D05",2019-10-30,"Standing dead","small tree",NA,130,NA,3.7,1.6,NA,NA,"Populus tremuloides Michx.",NA,NA,"2019",746,"aspen/alder/cottonwood/willow","Populus tremuloides Michx.","quaking aspen","Salicaceae","tree","tremuloides",0.691,"hw1",-2.2094,2.3867,"SalicaceaeAbove0.35spg","hardwood","Hardwood",0.36,-2.4441,2.4561,NA,NA,NA,"Check",0.139484255897534,0.111076446694469,NA
"Populus","POTR5","NEON.PLA.D05.TREE.02001","TREE_019","TREE","D05",2017-10-23,"Standing dead","small tree",NA,130,NA,4.2,1.6,NA,NA,"Populus tremuloides Michx.",NA,NA,"2017",746,"aspen/alder/cottonwood/willow","Populus tremuloides Michx.","quaking aspen","Salicaceae","tree","tremuloides",0.691,"hw1",-2.2094,2.3867,"SalicaceaeAbove0.35spg","hardwood","Hardwood",0.36,-2.4441,2.4561,NA,NA,NA,"Check",0.139484255897534,0.111076446694469,NA
"Populus","POTR5","NEON.PLA.D05.TREE.02002","TREE_019","TREE","D05",2017-10-23,"Live","small tree",NA,130,NA,5.7,2.8,NA,NA,"Populus tremuloides Michx.",NA,NA,"2017",746,"aspen/alder/cottonwood/willow","Populus tremuloides Michx.","quaking aspen","Salicaceae","tree","tremuloides",0.691,"hw1",-2.2094,2.3867,"SalicaceaeAbove0.35spg","hardwood","Hardwood",0.36,-2.4441,2.4561,NA,NA,NA,"Check",0.530376289600716,0.439084119094404,NA
"Populus","POTR5","NEON.PLA.D05.TREE.02952","TREE_014","TREE","D05",2019-10-16,"Standing dead","small tree",NA,130,NA,4.2,2.1,NA,NA,"Populus tremuloides Michx.",NA,NA,"2019",746,"aspen/alder/cottonwood/willow","Populus tremuloides Michx.","quaking aspen","Salicaceae","tree","tremuloides",0.691,"hw1",-2.2094,2.3867,"SalicaceaeAbove0.35spg","hardwood","Hardwood",0.36,-2.4441,2.4561,NA,NA,NA,"Check",0.266927192163398,0.216613589315234,NA
"Populus","POTR5","NEON.PLA.D05.TREE.01482","TREE_045","TREE","D05",2016-10-18,"Live","small tree",NA,130,NA,2.8,1.3,NA,NA,"Populus tremuloides Michx.",NA,NA,"2016",746,"aspen/alder/cottonwood/willow","Populus tremuloides Michx.","quaking aspen","Salicaceae","tree","tremuloides",0.691,"hw1",-2.2094,2.3867,"SalicaceaeAbove0.35spg","hardwood","Hardwood",0.36,-2.4441,2.4561,NA,NA,NA,"Check",0.0849768496237214,0.0667020461517271,NA
"Populus","POTR5","NEON.PLA.D05.TREE.03339","TREE_007","TREE","D05",2018-05-08,"Live","small tree",NA,130,NA,NA,1.2,NA,NA,"Populus tremuloides Michx.",NA,NA,"2018",746,"aspen/alder/cottonwood/willow","Populus tremuloides Michx.","quaking aspen","Salicaceae","tree","tremuloides",0.691,"hw1",-2.2094,2.3867,"SalicaceaeAbove0.35spg","hardwood","Hardwood",0.36,-2.4441,2.4561,NA,NA,NA,"Check",0.0701994819673388,0.0547973993149548,NA
"Populus","POTR5","NEON.PLA.D05.TREE.01026","TREE_044","TREE","D05",2015-08-05,"Standing dead","small tree","Mostly shaded",130,NA,3.2,1.3,NA,NA,"Populus tremuloides Michx.",NA,NA,"2015",746,"aspen/alder/cottonwood/willow","Populus tremuloides Michx.","quaking aspen","Salicaceae","tree","tremuloides",0.691,"hw1",-2.2094,2.3867,"SalicaceaeAbove0.35spg","hardwood","Hardwood",0.36,-2.4441,2.4561,NA,NA,NA,"Check",0.0849768496237214,0.0667020461517271,NA
"Populus","POTR5","NEON.PLA.D05.TREE.01288","TREE_044","TREE","D05",2018-10-16,"Live","small tree",NA,130,NA,8.9,7.6,NA,NA,"Populus tremuloides Michx.",NA,NA,"2018",746,"aspen/alder/cottonwood/willow","Populus tremuloides Michx.","quaking aspen","Salicaceae","tree","tremuloides",0.691,"hw1",-2.2094,2.3867,"SalicaceaeAbove0.35spg","hardwood","Hardwood",0.36,-2.4441,2.4561,NA,NA,NA,"Check",5.74896716301867,5.10092752388242,NA
"Populus","POTR5","NEON.PLA.D05.TREE.02008","TREE_019","TREE","D05",2019-10-30,"Live","small tree",NA,130,NA,6.4,3.4,NA,NA,"Populus tremuloides Michx.",NA,NA,"2019",746,"aspen/alder/cottonwood/willow","Populus tremuloides Michx.","quaking aspen","Salicaceae","tree","tremuloides",0.691,"hw1",-2.2094,2.3867,"SalicaceaeAbove0.35spg","hardwood","Hardwood",0.36,-2.4441,2.4561,NA,NA,NA,"Check",0.843010062674904,0.707372638485044,NA
"Populus","POTR5","NEON.PLA.D05.TREE.03836","TREE_019","TREE","D05",2017-10-23,"Live","small tree",NA,130,NA,4.8,2.3,NA,NA,"Populus tremuloides Michx.",NA,NA,"2017",746,"aspen/alder/cottonwood/willow","Populus tremuloides Michx.","quaking aspen","Salicaceae","tree","tremuloides",0.691,"hw1",-2.2094,2.3867,"SalicaceaeAbove0.35spg","hardwood","Hardwood",0.36,-2.4441,2.4561,NA,NA,NA,"Check",0.331655996206415,0.270846125292816,NA
"Populus","POTR5","NEON.PLA.D05.TREE.01235","TREE_044","TREE","D05",2015-08-05,"Standing dead","small tree","Mostly shaded",130,NA,3.5,1.6,NA,NA,"Populus tremuloides Michx.",NA,NA,"2015",746,"aspen/alder/cottonwood/willow","Populus tremuloides Michx.","quaking aspen","Salicaceae","tree","tremuloides",0.691,"hw1",-2.2094,2.3867,"SalicaceaeAbove0.35spg","hardwood","Hardwood",0.36,-2.4441,2.4561,NA,NA,NA,"Check",0.139484255897534,0.111076446694469,NA
"Populus","POTR5","NEON.PLA.D05.TREE.01226","TREE_044","TREE","D05",2015-08-05,"Live","small tree","Full sun",130,NA,7.2,4.3,NA,NA,"Populus tremuloides Michx.",NA,NA,"2015",746,"aspen/alder/cottonwood/willow","Populus tremuloides Michx.","quaking aspen","Salicaceae","tree","tremuloides",0.691,"hw1",-2.2094,2.3867,"SalicaceaeAbove0.35spg","hardwood","Hardwood",0.36,-2.4441,2.4561,NA,NA,NA,"Check",1.47656030963418,1.25934511733419,NA
"Populus","POTR5","NEON.PLA.D05.TREE.00958","TREE_044","TREE","D05",2017-10-17,"Live","small tree",NA,130,NA,7.3,4.6,NA,NA,"Populus tremuloides Michx.",NA,NA,"2017",746,"aspen/alder/cottonwood/willow","Populus tremuloides Michx.","quaking aspen","Salicaceae","tree","tremuloides",0.691,"hw1",-2.2094,2.3867,"SalicaceaeAbove0.35spg","hardwood","Hardwood",0.36,-2.4441,2.4561,NA,NA,NA,"Check",1.73442747368261,1.4862175977833,NA
"Populus","POTR5","NEON.PLA.D05.TREE.00958","TREE_044","TREE","D05",2016-10-19,"Live","small tree",NA,130,NA,7.1,4.7,NA,NA,"Populus tremuloides Michx.",NA,NA,"2016",746,"aspen/alder/cottonwood/willow","Populus tremuloides Michx.","quaking aspen","Salicaceae","tree","tremuloides",0.691,"hw1",-2.2094,2.3867,"SalicaceaeAbove0.35spg","hardwood","Hardwood",0.36,-2.4441,2.4561,NA,NA,NA,"Check",1.82577806395414,1.56683201834831,NA
"Populus","POTR5","NEON.PLA.D05.TREE.01235","TREE_044","TREE","D05",2016-10-19,"Standing dead","small tree",NA,130,NA,3.4,1.5,NA,NA,"Populus tremuloides Michx.",NA,NA,"2016",746,"aspen/alder/cottonwood/willow","Populus tremuloides Michx.","quaking aspen","Salicaceae","tree","tremuloides",0.691,"hw1",-2.2094,2.3867,"SalicaceaeAbove0.35spg","hardwood","Hardwood",0.36,-2.4441,2.4561,NA,NA,NA,"Check",0.119571873869334,0.094793952160853,NA
"Populus","POTR5","NEON.PLA.D05.TREE.00409","TREE_044","TREE","D05",2018-10-16,"Standing dead","small tree",NA,130,NA,6.7,3.7,NA,NA,"Populus tremuloides Michx.",NA,NA,"2018",746,"aspen/alder/cottonwood/willow","Populus tremuloides Michx.","quaking aspen","Salicaceae","tree","tremuloides",0.691,"hw1",-2.2094,2.3867,"SalicaceaeAbove0.35spg","hardwood","Hardwood",0.36,-2.4441,2.4561,NA,NA,NA,"Check",1.03152339486018,0.870649075933759,NA
"Populus","POTR5","NEON.PLA.D05.TREE.00922A","TREE_044","TREE","D05",2016-10-19,"Standing dead","multi-bole tree",NA,130,NA,NA,3.7,NA,NA,"Populus tremuloides Michx.",NA,NA,"2016",746,"aspen/alder/cottonwood/willow","Populus tremuloides Michx.","quaking aspen","Salicaceae","tree","tremuloides",0.691,"hw1",-2.2094,2.3867,"SalicaceaeAbove0.35spg","hardwood","Hardwood",0.36,-2.4441,2.4561,NA,NA,NA,"Check",1.03152339486018,0.870649075933759,NA
"Populus","POTR5","NEON.PLA.D05.TREE.01152","TREE_044","TREE","D05",2016-10-19,"Standing dead","small tree",NA,130,NA,4.7,2,NA,NA,"Populus tremuloides Michx.",NA,NA,"2016",746,"aspen/alder/cottonwood/willow","Populus tremuloides Michx.","quaking aspen","Salicaceae","tree","tremuloides",0.691,"hw1",-2.2094,2.3867,"SalicaceaeAbove0.35spg","hardwood","Hardwood",0.36,-2.4441,2.4561,NA,NA,NA,"Check",0.23758571125493,0.192151005445243,NA
"Populus","POTR5","NEON.PLA.D05.TREE.01152","TREE_044","TREE","D05",2018-10-16,"Standing dead","small tree",NA,130,NA,4.1,2,NA,NA,"Populus tremuloides Michx.",NA,NA,"2018",746,"aspen/alder/cottonwood/willow","Populus tremuloides Michx.","quaking aspen","Salicaceae","tree","tremuloides",0.691,"hw1",-2.2094,2.3867,"SalicaceaeAbove0.35spg","hardwood","Hardwood",0.36,-2.4441,2.4561,NA,NA,NA,"Check",0.23758571125493,0.192151005445243,NA
"Populus","POTR5","NEON.PLA.D05.TREE.01126","TREE_045","TREE","D05",2015-08-11,"Standing dead","sapling","Full shade",10,NA,2.2,1.6,NA,NA,"Populus tremuloides Michx.",NA,NA,"2015",746,"aspen/alder/cottonwood/willow","Populus tremuloides Michx.","quaking aspen","Salicaceae","tree","tremuloides",0.691,"hw1",-2.2094,2.3867,"SalicaceaeAbove0.35spg","hardwood","Hardwood",0.36,-2.4441,2.4561,NA,NA,1.14849394850273,"Check",0.0632209798191184,0.0491999902309203,NA
"Populus","POTR5","NEON.PLA.D05.TREE.01030","TREE_044","TREE","D05",2015-08-05,"Standing dead","small tree","Mostly shaded",130,NA,5.2,2.3,NA,NA,"Populus tremuloides Michx.",NA,NA,"2015",746,"aspen/alder/cottonwood/willow","Populus tremuloides Michx.","quaking aspen","Salicaceae","tree","tremuloides",0.691,"hw1",-2.2094,2.3867,"SalicaceaeAbove0.35spg","hardwood","Hardwood",0.36,-2.4441,2.4561,NA,NA,NA,"Check",0.331655996206415,0.270846125292816,NA
"Populus","POTR5","NEON.PLA.D05.TREE.01031","TREE_057","TREE","D05",2017-10-17,"Live","small tree",NA,130,NA,2.7,1.2,NA,NA,"Populus tremuloides Michx.",NA,NA,"2017",746,"aspen/alder/cottonwood/willow","Populus tremuloides Michx.","quaking aspen","Salicaceae","tree","tremuloides",0.691,"hw1",-2.2094,2.3867,"SalicaceaeAbove0.35spg","hardwood","Hardwood",0.36,-2.4441,2.4561,NA,NA,NA,"Check",0.0701994819673388,0.0547973993149548,NA
"Populus","POTR5","NEON.PLA.D05.TREE.00997","TREE_044","TREE","D05",2016-10-19,"Standing dead","small tree",NA,130,NA,3.7,1.8,NA,NA,"Populus tremuloides Michx.",NA,NA,"2016",746,"aspen/alder/cottonwood/willow","Populus tremuloides Michx.","quaking aspen","Salicaceae","tree","tremuloides",0.691,"hw1",-2.2094,2.3867,"SalicaceaeAbove0.35spg","hardwood","Hardwood",0.36,-2.4441,2.4561,NA,NA,NA,"Check",0.184761259990128,0.148339799857963,NA
"Populus","POTR5","NEON.PLA.D05.TREE.01031","TREE_057","TREE","D05",2015-08-04,"Live, disease damaged","small tree","Full shade",130,NA,2.5,1.1,NA,NA,"Populus tremuloides Michx.",NA,NA,"2015",746,"aspen/alder/cottonwood/willow","Populus tremuloides Michx.","quaking aspen","Salicaceae","tree","tremuloides",0.691,"hw1",-2.2094,2.3867,"SalicaceaeAbove0.35spg","hardwood","Hardwood",0.36,-2.4441,2.4561,NA,NA,NA,"Check",0.0570353287324869,0.0442534835233663,NA
"Populus","POTR5","NEON.PLA.D05.TREE.02517","TREE_014","TREE","D05",2017-10-26,"Live","small tree",NA,130,NA,3.7,1.3,NA,NA,"Populus tremuloides Michx.",NA,NA,"2017",746,"aspen/alder/cottonwood/willow","Populus tremuloides Michx.","quaking aspen","Salicaceae","tree","tremuloides",0.691,"hw1",-2.2094,2.3867,"SalicaceaeAbove0.35spg","hardwood","Hardwood",0.36,-2.4441,2.4561,NA,NA,NA,"Check",0.0849768496237214,0.0667020461517271,NA
"Populus","POTR5","NEON.PLA.D05.TREE.02517","TREE_014","TREE","D05",2019-10-16,"Standing dead","small tree",NA,130,NA,3.4,1.3,NA,NA,"Populus tremuloides Michx.",NA,NA,"2019",746,"aspen/alder/cottonwood/willow","Populus tremuloides Michx.","quaking aspen","Salicaceae","tree","tremuloides",0.691,"hw1",-2.2094,2.3867,"SalicaceaeAbove0.35spg","hardwood","Hardwood",0.36,-2.4441,2.4561,NA,NA,NA,"Check",0.0849768496237214,0.0667020461517271,NA
"Populus","POTR5","NEON.PLA.D05.TREE.02518","TREE_014","TREE","D05",2019-10-16,"Standing dead","small tree",NA,130,NA,4.6,3,NA,NA,"Populus tremuloides Michx.",NA,NA,"2019",746,"aspen/alder/cottonwood/willow","Populus tremuloides Michx.","quaking aspen","Salicaceae","tree","tremuloides",0.691,"hw1",-2.2094,2.3867,"SalicaceaeAbove0.35spg","hardwood","Hardwood",0.36,-2.4441,2.4561,NA,NA,NA,"Check",0.6253128105352,0.520164132725086,NA
"Populus","POTR5","NEON.PLA.D05.TREE.00998","TREE_045","TREE","D05",2017-10-19,"Live","small tree",NA,130,NA,3.4,2,NA,NA,"Populus tremuloides Michx.",NA,NA,"2017",746,"aspen/alder/cottonwood/willow","Populus tremuloides Michx.","quaking aspen","Salicaceae","tree","tremuloides",0.691,"hw1",-2.2094,2.3867,"SalicaceaeAbove0.35spg","hardwood","Hardwood",0.36,-2.4441,2.4561,NA,NA,NA,"Check",0.23758571125493,0.192151005445243,NA
"Populus","POTR5","NEON.PLA.D05.TREE.01259","TREE_043","TREE","D05",2019-10-23,"Live","small tree",NA,130,NA,7,3.8,NA,NA,"Populus tremuloides Michx.",NA,NA,"2019",746,"aspen/alder/cottonwood/willow","Populus tremuloides Michx.","quaking aspen","Salicaceae","tree","tremuloides",0.691,"hw1",-2.2094,2.3867,"SalicaceaeAbove0.35spg","hardwood","Hardwood",0.36,-2.4441,2.4561,NA,NA,NA,"Check",1.09931343947209,0.92958558511462,NA
"Populus","POTR5","NEON.PLA.D05.TREE.01065","TREE_044","TREE","D05",2018-10-16,"Standing dead","small tree",NA,130,NA,4.4,2.1,NA,NA,"Populus tremuloides Michx.",NA,NA,"2018",746,"aspen/alder/cottonwood/willow","Populus tremuloides Michx.","quaking aspen","Salicaceae","tree","tremuloides",0.691,"hw1",-2.2094,2.3867,"SalicaceaeAbove0.35spg","hardwood","Hardwood",0.36,-2.4441,2.4561,NA,NA,NA,"Check",0.266927192163398,0.216613589315234,NA
"Populus","POTR5","NEON.PLA.D05.TREE.02675","TREE_023","TREE","D05",2019-11-04,"Live","small tree",NA,130,NA,3.8,1.7,NA,NA,"Populus tremuloides Michx.",NA,NA,"2019",746,"aspen/alder/cottonwood/willow","Populus tremuloides Michx.","quaking aspen","Salicaceae","tree","tremuloides",0.691,"hw1",-2.2094,2.3867,"SalicaceaeAbove0.35spg","hardwood","Hardwood",0.36,-2.4441,2.4561,NA,NA,NA,"Check",0.161199788628141,0.128910556945084,NA
"Populus","POTR5","NEON.PLA.D05.TREE.01231","TREE_043","TREE","D05",2019-10-23,"Standing dead","small tree",NA,130,NA,5.9,3.7,NA,NA,"Populus tremuloides Michx.",NA,NA,"2019",746,"aspen/alder/cottonwood/willow","Populus tremuloides Michx.","quaking aspen","Salicaceae","tree","tremuloides",0.691,"hw1",-2.2094,2.3867,"SalicaceaeAbove0.35spg","hardwood","Hardwood",0.36,-2.4441,2.4561,NA,NA,NA,"Check",1.03152339486018,0.870649075933759,NA
"Populus","POTR5","NEON.PLA.D05.TREE.01131","TREE_043","TREE","D05",2020-10-05,"Standing dead","small tree","Full shade",130,NA,4.4,1.6,NA,NA,"Populus tremuloides Michx.",NA,NA,"2020",746,"aspen/alder/cottonwood/willow","Populus tremuloides Michx.","quaking aspen","Salicaceae","tree","tremuloides",0.691,"hw1",-2.2094,2.3867,"SalicaceaeAbove0.35spg","hardwood","Hardwood",0.36,-2.4441,2.4561,NA,NA,NA,"Check",0.139484255897534,0.111076446694469,NA
"Populus","POTR5","NEON.PLA.D05.TREE.01099","TREE_044","TREE","D05",2017-10-17,"Standing dead","small tree",NA,130,NA,4.3,2.3,NA,NA,"Populus tremuloides Michx.",NA,NA,"2017",746,"aspen/alder/cottonwood/willow","Populus tremuloides Michx.","quaking aspen","Salicaceae","tree","tremuloides",0.691,"hw1",-2.2094,2.3867,"SalicaceaeAbove0.35spg","hardwood","Hardwood",0.36,-2.4441,2.4561,NA,NA,NA,"Check",0.331655996206415,0.270846125292816,NA
"Populus","POTR5","NEON.PLA.D05.TREE.01212","TREE_043","TREE","D05",2015-08-05,"Live","small tree","Partially shaded",130,NA,3.9,2.3,NA,NA,"Populus tremuloides Michx.",NA,NA,"2015",746,"aspen/alder/cottonwood/willow","Populus tremuloides Michx.","quaking aspen","Salicaceae","tree","tremuloides",0.691,"hw1",-2.2094,2.3867,"SalicaceaeAbove0.35spg","hardwood","Hardwood",0.36,-2.4441,2.4561,NA,NA,NA,"Check",0.331655996206415,0.270846125292816,NA
"Populus","POTR5","NEON.PLA.D05.TREE.01067","TREE_044","TREE","D05",2017-10-17,"Live","small tree",NA,10,NA,6.5,4.1,NA,NA,"Populus tremuloides Michx.",NA,NA,"2017",746,"aspen/alder/cottonwood/willow","Populus tremuloides Michx.","quaking aspen","Salicaceae","tree","tremuloides",0.691,"hw1",-2.2094,2.3867,"SalicaceaeAbove0.35spg","hardwood","Hardwood",0.36,-2.4441,2.4561,NA,NA,3.05564122382371,"Check",0.653349903246812,0.544180275935195,NA
"Populus","POTR5","NEON.PLA.D05.TREE.01000","TREE_045","TREE","D05",2018-10-17,"Live","small tree",NA,130,NA,4.3,2.3,NA,NA,"Populus tremuloides Michx.",NA,NA,"2018",746,"aspen/alder/cottonwood/willow","Populus tremuloides Michx.","quaking aspen","Salicaceae","tree","tremuloides",0.691,"hw1",-2.2094,2.3867,"SalicaceaeAbove0.35spg","hardwood","Hardwood",0.36,-2.4441,2.4561,NA,NA,NA,"Check",0.331655996206415,0.270846125292816,NA
"Populus","POTR5","NEON.PLA.D05.TREE.03983","TREE_010","TREE","D05",2017-10-24,"Live","small tree",NA,130,NA,10.2,5.9,NA,NA,"Populus tremuloides Michx.",NA,NA,"2017",746,"aspen/alder/cottonwood/willow","Populus tremuloides Michx.","quaking aspen","Salicaceae","tree","tremuloides",0.691,"hw1",-2.2094,2.3867,"SalicaceaeAbove0.35spg","hardwood","Hardwood",0.36,-2.4441,2.4561,NA,NA,NA,"Check",3.14155395918048,2.73887691002691,NA
"Populus","POTR5","NEON.PLA.D05.TREE.03983","TREE_010","TREE","D05",2019-10-10,"Live","small tree",NA,130,NA,7.3,6.1,NA,NA,"Populus tremuloides Michx.",NA,NA,"2019",746,"aspen/alder/cottonwood/willow","Populus tremuloides Michx.","quaking aspen","Salicaceae","tree","tremuloides",0.691,"hw1",-2.2094,2.3867,"SalicaceaeAbove0.35spg","hardwood","Hardwood",0.36,-2.4441,2.4561,NA,NA,NA,"Check",3.40172141903959,2.97256593600796,NA
"Populus","POTR5","NEON.PLA.D05.TREE.03984","TREE_010","TREE","D05",2019-10-10,"Downed","small tree",NA,130,NA,2.4,5.3,NA,NA,"Populus tremuloides Michx.",NA,NA,"2019",746,"aspen/alder/cottonwood/willow","Populus tremuloides Michx.","quaking aspen","Salicaceae","tree","tremuloides",0.691,"hw1",-2.2094,2.3867,"SalicaceaeAbove0.35spg","hardwood","Hardwood",0.36,-2.4441,2.4561,NA,NA,NA,"Check",2.43209897848406,2.10463530937215,NA
"Populus","POTR5","NEON.PLA.D05.TREE.02380","TREE_019","TREE","D05",2017-10-23,"Live","small tree",NA,130,NA,4.2,1.9,NA,NA,"Populus tremuloides Michx.",NA,NA,"2017",746,"aspen/alder/cottonwood/willow","Populus tremuloides Michx.","quaking aspen","Salicaceae","tree","tremuloides",0.691,"hw1",-2.2094,2.3867,"SalicaceaeAbove0.35spg","hardwood","Hardwood",0.36,-2.4441,2.4561,NA,NA,NA,"Check",0.210209939270102,0.169406319930455,NA
"Populus","POTR5","NEON.PLA.D05.TREE.02879","TREE_017","TREE","D05",2017-10-23,"Live","small tree",NA,130,NA,5.5,2.9,NA,NA,"Populus tremuloides Michx.",NA,NA,"2017",746,"aspen/alder/cottonwood/willow","Populus tremuloides Michx.","quaking aspen","Salicaceae","tree","tremuloides",0.691,"hw1",-2.2094,2.3867,"SalicaceaeAbove0.35spg","hardwood","Hardwood",0.36,-2.4441,2.4561,NA,NA,NA,"Check",0.576709796705388,0.478606521009012,NA
"Populus","POTR5","NEON.PLA.D05.TREE.00968","TREE_044","TREE","D05",2018-10-16,"Live","small tree",NA,130,NA,10.4,6.1,NA,NA,"Populus tremuloides Michx.",NA,NA,"2018",746,"aspen/alder/cottonwood/willow","Populus tremuloides Michx.","quaking aspen","Salicaceae","tree","tremuloides",0.691,"hw1",-2.2094,2.3867,"SalicaceaeAbove0.35spg","hardwood","Hardwood",0.36,-2.4441,2.4561,NA,NA,NA,"Check",3.40172141903959,2.97256593600796,NA
"Populus","POTR5","NEON.PLA.D05.TREE.01472","TREE_045","TREE","D05",2016-10-18,"Live","small tree",NA,130,NA,2.2,1.1,NA,NA,"Populus tremuloides Michx.",NA,NA,"2016",746,"aspen/alder/cottonwood/willow","Populus tremuloides Michx.","quaking aspen","Salicaceae","tree","tremuloides",0.691,"hw1",-2.2094,2.3867,"SalicaceaeAbove0.35spg","hardwood","Hardwood",0.36,-2.4441,2.4561,NA,NA,NA,"Check",0.0570353287324869,0.0442534835233663,NA
"Populus","POTR5","NEON.PLA.D05.TREE.01472","TREE_045","TREE","D05",2017-10-19,"Standing dead","small tree",NA,130,NA,1.8,1.1,NA,NA,"Populus tremuloides Michx.",NA,NA,"2017",746,"aspen/alder/cottonwood/willow","Populus tremuloides Michx.","quaking aspen","Salicaceae","tree","tremuloides",0.691,"hw1",-2.2094,2.3867,"SalicaceaeAbove0.35spg","hardwood","Hardwood",0.36,-2.4441,2.4561,NA,NA,NA,"Check",0.0570353287324869,0.0442534835233663,NA
"Populus","POTR5","NEON.PLA.D05.TREE.01242","TREE_043","TREE","D05",2017-10-17,"Standing dead","small tree",NA,130,NA,2.7,1.4,NA,NA,"Populus tremuloides Michx.",NA,NA,"2017",746,"aspen/alder/cottonwood/willow","Populus tremuloides Michx.","quaking aspen","Salicaceae","tree","tremuloides",0.691,"hw1",-2.2094,2.3867,"SalicaceaeAbove0.35spg","hardwood","Hardwood",0.36,-2.4441,2.4561,NA,NA,NA,"Check",0.10141817940551,0.080018048845408,NA
"Populus","POTR5","NEON.PLA.D05.TREE.02009","TREE_019","TREE","D05",2019-10-30,"Live","small tree",NA,130,NA,9.4,7.4,NA,NA,"Populus tremuloides Michx.",NA,NA,"2019",746,"aspen/alder/cottonwood/willow","Populus tremuloides Michx.","quaking aspen","Salicaceae","tree","tremuloides",0.691,"hw1",-2.2094,2.3867,"SalicaceaeAbove0.35spg","hardwood","Hardwood",0.36,-2.4441,2.4561,NA,NA,NA,"Check",5.39445249371689,4.77752442183761,NA
"Populus","POTR5","NEON.PLA.D05.TREE.01243","TREE_043","TREE","D05",2016-10-19,"Live","small tree",NA,130,NA,5.2,3.2,NA,NA,"Populus tremuloides Michx.",NA,NA,"2016",746,"aspen/alder/cottonwood/willow","Populus tremuloides Michx.","quaking aspen","Salicaceae","tree","tremuloides",0.691,"hw1",-2.2094,2.3867,"SalicaceaeAbove0.35spg","hardwood","Hardwood",0.36,-2.4441,2.4561,NA,NA,NA,"Check",0.729446560116734,0.609511284675326,NA
"Populus","POTR5","NEON.PLA.D05.TREE.03743","TREE_010","TREE","D05",2019-10-10,"Live","single bole tree","Partially shaded",130,NA,15.3,14.1,NA,33,"Populus tremuloides Michx.",6.9,358.1,"2019",746,"aspen/alder/cottonwood/willow","Populus tremuloides Michx.","quaking aspen","Salicaceae","tree","tremuloides",0.691,"hw1",-2.2094,2.3867,"SalicaceaeAbove0.35spg","hardwood","Hardwood",0.36,-2.4441,2.4561,NA,NA,NA,"Check",60.7171010431604,57.6949656835154,NA
"Populus","POTR5","NEON.PLA.D05.TREE.02387","TREE_019","TREE","D05",2017-10-23,"Live","small tree",NA,130,NA,6.2,4,NA,NA,"Populus tremuloides Michx.",NA,NA,"2017",746,"aspen/alder/cottonwood/willow","Populus tremuloides Michx.","quaking aspen","Salicaceae","tree","tremuloides",0.691,"hw1",-2.2094,2.3867,"SalicaceaeAbove0.35spg","hardwood","Hardwood",0.36,-2.4441,2.4561,NA,NA,NA,"Check",1.24247771687658,1.05439280482869,NA
"Populus","POTR5","NEON.PLA.D05.TREE.02387","TREE_019","TREE","D05",2019-10-30,"Standing dead","small tree",NA,130,NA,6,4.4,NA,NA,"Populus tremuloides Michx.",NA,NA,"2019",746,"aspen/alder/cottonwood/willow","Populus tremuloides Michx.","quaking aspen","Salicaceae","tree","tremuloides",0.691,"hw1",-2.2094,2.3867,"SalicaceaeAbove0.35spg","hardwood","Hardwood",0.36,-2.4441,2.4561,NA,NA,NA,"Check",1.55984171420993,1.33249935554166,NA
"Populus","POTR5","NEON.PLA.D05.TREE.03744","TREE_010","TREE","D05",2017-10-24,"Live","single bole tree","Partially shaded",130,NA,15.8,14.5,NA,51,"Populus tremuloides Michx.",11.3,185,"2017",746,"aspen/alder/cottonwood/willow","Populus tremuloides Michx.","quaking aspen","Salicaceae","tree","tremuloides",0.691,"hw1",-2.2094,2.3867,"SalicaceaeAbove0.35spg","hardwood","Hardwood",0.36,-2.4441,2.4561,NA,NA,NA,"Check",64.9092786293795,61.7983396659822,NA
"Populus","POTR5","NEON.PLA.D05.TREE.03745","TREE_010","TREE","D05",2017-10-24,"Live","single bole tree","Partially shaded",130,NA,15.3,11,NA,33,"Populus tremuloides Michx.",7.3,339.7,"2017",746,"aspen/alder/cottonwood/willow","Populus tremuloides Michx.","quaking aspen","Salicaceae","tree","tremuloides",0.691,"hw1",-2.2094,2.3867,"SalicaceaeAbove0.35spg","hardwood","Hardwood",0.36,-2.4441,2.4561,NA,NA,NA,"Check",33.5708002040623,31.3549007780463,NA
"Populus","POTR5","NEON.PLA.D05.TREE.02463","TREE_023","TREE","D05",2018-05-08,"Live","small tree",NA,130,NA,NA,1.3,NA,NA,"Populus tremuloides Michx.",NA,NA,"2018",746,"aspen/alder/cottonwood/willow","Populus tremuloides Michx.","quaking aspen","Salicaceae","tree","tremuloides",0.691,"hw1",-2.2094,2.3867,"SalicaceaeAbove0.35spg","hardwood","Hardwood",0.36,-2.4441,2.4561,NA,NA,NA,"Check",0.0849768496237214,0.0667020461517271,NA
"Populus","POTR5","NEON.PLA.D05.TREE.00863","TREE_025","TREE","D05",2015-08-04,"Standing dead","sapling","Full shade",10,NA,2,1.2,NA,NA,"Populus tremuloides Michx.",NA,NA,"2015",746,"aspen/alder/cottonwood/willow","Populus tremuloides Michx.","quaking aspen","Salicaceae","tree","tremuloides",0.691,"hw1",-2.2094,2.3867,"SalicaceaeAbove0.35spg","hardwood","Hardwood",0.36,-2.4441,2.4561,NA,NA,0.851537287154131,"Check",0.0309577312435263,0.0235969635613552,NA
"Populus","POTR5","NEON.PLA.D05.TREE.01137","TREE_044","TREE","D05",2018-10-16,"Standing dead","small tree",NA,130,NA,10.5,3.6,NA,NA,"Populus tremuloides Michx.",NA,NA,"2018",746,"aspen/alder/cottonwood/willow","Populus tremuloides Michx.","quaking aspen","Salicaceae","tree","tremuloides",0.691,"hw1",-2.2094,2.3867,"SalicaceaeAbove0.35spg","hardwood","Hardwood",0.36,-2.4441,2.4561,NA,NA,NA,"Check",0.966227081869643,0.813986985275155,NA
"Populus","POTR5","NEON.PLA.D05.TREE.02393","TREE_019","TREE","D05",2019-10-30,"Live","small tree",NA,130,NA,6.2,3.6,NA,NA,"Populus tremuloides Michx.",NA,NA,"2019",746,"aspen/alder/cottonwood/willow","Populus tremuloides Michx.","quaking aspen","Salicaceae","tree","tremuloides",0.691,"hw1",-2.2094,2.3867,"SalicaceaeAbove0.35spg","hardwood","Hardwood",0.36,-2.4441,2.4561,NA,NA,NA,"Check",0.966227081869643,0.813986985275155,NA
"Populus","POTR5","NEON.PLA.D05.TREE.02395","TREE_019","TREE","D05",2017-10-23,"Standing dead","small tree",NA,130,NA,2.8,1.5,NA,NA,"Populus tremuloides Michx.",NA,NA,"2017",746,"aspen/alder/cottonwood/willow","Populus tremuloides Michx.","quaking aspen","Salicaceae","tree","tremuloides",0.691,"hw1",-2.2094,2.3867,"SalicaceaeAbove0.35spg","hardwood","Hardwood",0.36,-2.4441,2.4561,NA,NA,NA,"Check",0.119571873869334,0.094793952160853,NA
"Populus","POTR5","NEON.PLA.D05.TREE.02396","TREE_019","TREE","D05",2017-10-23,"Standing dead","small tree",NA,130,NA,5,2.4,NA,NA,"Populus tremuloides Michx.",NA,NA,"2017",746,"aspen/alder/cottonwood/willow","Populus tremuloides Michx.","quaking aspen","Salicaceae","tree","tremuloides",0.691,"hw1",-2.2094,2.3867,"SalicaceaeAbove0.35spg","hardwood","Hardwood",0.36,-2.4441,2.4561,NA,NA,NA,"Check",0.367115057635386,0.300690508629567,NA
"Populus","POTR5","NEON.PLA.D05.TREE.01072","TREE_044","TREE","D05",2015-08-05,"Live,  other damage","small tree","Mostly shaded",130,NA,4.2,2.5,NA,NA,"Populus tremuloides Michx.",NA,NA,"2015",746,"aspen/alder/cottonwood/willow","Populus tremuloides Michx.","quaking aspen","Salicaceae","tree","tremuloides",0.691,"hw1",-2.2094,2.3867,"SalicaceaeAbove0.35spg","hardwood","Hardwood",0.36,-2.4441,2.4561,NA,NA,NA,"Check",0.404683452116471,0.332401782667544,NA
"Populus","POTR5","NEON.PLA.D05.TREE.03086","TREE_010","TREE","D05",2019-10-10,"Live","multi-bole tree","Partially shaded",130,NA,16.6,16.5,NA,51,"Populus tremuloides Michx.",8.5,189,"2019",746,"aspen/alder/cottonwood/willow","Populus tremuloides Michx.","quaking aspen","Salicaceae","tree","tremuloides",0.691,"hw1",-2.2094,2.3867,"SalicaceaeAbove0.35spg","hardwood","Hardwood",0.36,-2.4441,2.4561,NA,NA,NA,"Check",88.3565401161398,84.8795702739183,NA
"Populus","POTR5","NEON.PLA.D05.TREE.00998","TREE_045","TREE","D05",2018-10-17,"Live","small tree",NA,130,NA,3.1,2.2,NA,NA,"Populus tremuloides Michx.",NA,NA,"2018",746,"aspen/alder/cottonwood/willow","Populus tremuloides Michx.","quaking aspen","Salicaceae","tree","tremuloides",0.691,"hw1",-2.2094,2.3867,"SalicaceaeAbove0.35spg","hardwood","Hardwood",0.36,-2.4441,2.4561,NA,NA,NA,"Check",0.298271830618665,0.24283273723977,NA
"Populus","POTR5","NEON.PLA.D05.TREE.01073","TREE_044","TREE","D05",2015-08-05,"Live","small tree","Full sun",130,NA,10.5,5.1,NA,NA,"Populus tremuloides Michx.",NA,NA,"2015",746,"aspen/alder/cottonwood/willow","Populus tremuloides Michx.","quaking aspen","Salicaceae","tree","tremuloides",0.691,"hw1",-2.2094,2.3867,"SalicaceaeAbove0.35spg","hardwood","Hardwood",0.36,-2.4441,2.4561,NA,NA,NA,"Check",2.21875713323126,1.91489955599468,NA
"Populus","POTR5","NEON.PLA.D05.TREE.01246","TREE_044","TREE","D05",2015-08-05,"Live","small tree","Full sun",130,NA,7.3,5,NA,NA,"Populus tremuloides Michx.",NA,NA,"2015",746,"aspen/alder/cottonwood/willow","Populus tremuloides Michx.","quaking aspen","Salicaceae","tree","tremuloides",0.691,"hw1",-2.2094,2.3867,"SalicaceaeAbove0.35spg","hardwood","Hardwood",0.36,-2.4441,2.4561,NA,NA,NA,"Check",2.11633169767473,1.82399278705186,NA
"Populus","POTR5","NEON.PLA.D05.TREE.01246","TREE_044","TREE","D05",2016-10-19,"Live","small tree",NA,130,NA,7.6,5.2,NA,NA,"Populus tremuloides Michx.",NA,NA,"2016",746,"aspen/alder/cottonwood/willow","Populus tremuloides Michx.","quaking aspen","Salicaceae","tree","tremuloides",0.691,"hw1",-2.2094,2.3867,"SalicaceaeAbove0.35spg","hardwood","Hardwood",0.36,-2.4441,2.4561,NA,NA,NA,"Check",2.32400580010553,2.00843925571547,NA
"Populus","POTR5","NEON.PLA.D05.TREE.01099","TREE_044","TREE","D05",2015-08-05,"Standing dead","small tree","Mostly shaded",130,NA,5,2.3,NA,NA,"Populus tremuloides Michx.",NA,NA,"2015",746,"aspen/alder/cottonwood/willow","Populus tremuloides Michx.","quaking aspen","Salicaceae","tree","tremuloides",0.691,"hw1",-2.2094,2.3867,"SalicaceaeAbove0.35spg","hardwood","Hardwood",0.36,-2.4441,2.4561,NA,NA,NA,"Check",0.331655996206415,0.270846125292816,NA
"Populus","POTR5","NEON.PLA.D05.TREE.01247","TREE_044","TREE","D05",2015-08-05,"Standing dead","small tree","Mostly shaded",130,NA,2.6,1.1,NA,NA,"Populus tremuloides Michx.",NA,NA,"2015",746,"aspen/alder/cottonwood/willow","Populus tremuloides Michx.","quaking aspen","Salicaceae","tree","tremuloides",0.691,"hw1",-2.2094,2.3867,"SalicaceaeAbove0.35spg","hardwood","Hardwood",0.36,-2.4441,2.4561,NA,NA,NA,"Check",0.0570353287324869,0.0442534835233663,NA
"Populus","POTR5","NEON.PLA.D05.TREE.01247","TREE_044","TREE","D05",2016-10-19,"Standing dead","small tree",NA,130,NA,2.1,1,NA,NA,"Populus tremuloides Michx.",NA,NA,"2016",746,"aspen/alder/cottonwood/willow","Populus tremuloides Michx.","quaking aspen","Salicaceae","tree","tremuloides",0.691,"hw1",-2.2094,2.3867,"SalicaceaeAbove0.35spg","hardwood","Hardwood",0.36,-2.4441,2.4561,NA,NA,NA,"Check",0.0454309718603333,0.0350173187113287,NA
"Populus","POTR5","NEON.PLA.D05.TREE.03091","TREE_010","TREE","D05",2019-10-10,"Standing dead","small tree",NA,130,NA,8.7,4.9,NA,NA,"Populus tremuloides Michx.",NA,NA,"2019",746,"aspen/alder/cottonwood/willow","Populus tremuloides Michx.","quaking aspen","Salicaceae","tree","tremuloides",0.691,"hw1",-2.2094,2.3867,"SalicaceaeAbove0.35spg","hardwood","Hardwood",0.36,-2.4441,2.4561,NA,NA,NA,"Check",2.01670795575142,1.73569527454562,NA
"Populus","POTR5","NEON.PLA.D05.TREE.03091","TREE_010","TREE","D05",2017-10-24,"Live","small tree",NA,130,NA,6.3,4.7,NA,NA,"Populus tremuloides Michx.",NA,NA,"2017",746,"aspen/alder/cottonwood/willow","Populus tremuloides Michx.","quaking aspen","Salicaceae","tree","tremuloides",0.691,"hw1",-2.2094,2.3867,"SalicaceaeAbove0.35spg","hardwood","Hardwood",0.36,-2.4441,2.4561,NA,NA,NA,"Check",1.82577806395414,1.56683201834831,NA
"Populus","POTR5","NEON.PLA.D05.TREE.03096","TREE_010","TREE","D05",2017-10-24,"Live","small tree",NA,130,NA,7.1,5.1,NA,NA,"Populus tremuloides Michx.",NA,NA,"2017",746,"aspen/alder/cottonwood/willow","Populus tremuloides Michx.","quaking aspen","Salicaceae","tree","tremuloides",0.691,"hw1",-2.2094,2.3867,"SalicaceaeAbove0.35spg","hardwood","Hardwood",0.36,-2.4441,2.4561,NA,NA,NA,"Check",2.21875713323126,1.91489955599468,NA
"Populus","POTR5","NEON.PLA.D05.TREE.03317","TREE_007","TREE","D05",2019-10-09,"Live","small tree",NA,130,NA,3.4,1.8,NA,NA,"Populus tremuloides Michx.",NA,NA,"2019",746,"aspen/alder/cottonwood/willow","Populus tremuloides Michx.","quaking aspen","Salicaceae","tree","tremuloides",0.691,"hw1",-2.2094,2.3867,"SalicaceaeAbove0.35spg","hardwood","Hardwood",0.36,-2.4441,2.4561,NA,NA,NA,"Check",0.184761259990128,0.148339799857963,NA
"Populus","POTR5","NEON.PLA.D05.TREE.01139","TREE_043","TREE","D05",2019-10-23,"Live","small tree",NA,130,NA,2.9,1.6,NA,NA,"Populus tremuloides Michx.",NA,NA,"2019",746,"aspen/alder/cottonwood/willow","Populus tremuloides Michx.","quaking aspen","Salicaceae","tree","tremuloides",0.691,"hw1",-2.2094,2.3867,"SalicaceaeAbove0.35spg","hardwood","Hardwood",0.36,-2.4441,2.4561,NA,NA,NA,"Check",0.139484255897534,0.111076446694469,NA
"Populus","POTR5","NEON.PLA.D05.TREE.03318","TREE_007","TREE","D05",2018-05-08,"Live","small tree",NA,130,NA,2.3,1,NA,NA,"Populus tremuloides Michx.",NA,NA,"2018",746,"aspen/alder/cottonwood/willow","Populus tremuloides Michx.","quaking aspen","Salicaceae","tree","tremuloides",0.691,"hw1",-2.2094,2.3867,"SalicaceaeAbove0.35spg","hardwood","Hardwood",0.36,-2.4441,2.4561,NA,NA,NA,"Check",0.0454309718603333,0.0350173187113287,NA
"Populus","POTR5","NEON.PLA.D05.TREE.03318","TREE_007","TREE","D05",2019-10-09,"Live","small tree",NA,130,NA,3.3,1.5,NA,NA,"Populus tremuloides Michx.",NA,NA,"2019",746,"aspen/alder/cottonwood/willow","Populus tremuloides Michx.","quaking aspen","Salicaceae","tree","tremuloides",0.691,"hw1",-2.2094,2.3867,"SalicaceaeAbove0.35spg","hardwood","Hardwood",0.36,-2.4441,2.4561,NA,NA,NA,"Check",0.119571873869334,0.094793952160853,NA
"Populus","POTR5","NEON.PLA.D05.TREE.01140","TREE_044","TREE","D05",2016-10-19,"Standing dead","small tree",NA,130,NA,4.2,2.5,NA,NA,"Populus tremuloides Michx.",NA,NA,"2016",746,"aspen/alder/cottonwood/willow","Populus tremuloides Michx.","quaking aspen","Salicaceae","tree","tremuloides",0.691,"hw1",-2.2094,2.3867,"SalicaceaeAbove0.35spg","hardwood","Hardwood",0.36,-2.4441,2.4561,NA,NA,NA,"Check",0.404683452116471,0.332401782667544,NA
"Populus","POTR5","NEON.PLA.D05.TREE.02294","TREE_019","TREE","D05",2019-10-30,"Standing dead","small tree",NA,130,NA,2.5,1.4,NA,NA,"Populus tremuloides Michx.",NA,NA,"2019",746,"aspen/alder/cottonwood/willow","Populus tremuloides Michx.","quaking aspen","Salicaceae","tree","tremuloides",0.691,"hw1",-2.2094,2.3867,"SalicaceaeAbove0.35spg","hardwood","Hardwood",0.36,-2.4441,2.4561,NA,NA,NA,"Check",0.10141817940551,0.080018048845408,NA
"Populus","POTR5","NEON.PLA.D05.TREE.02703","TREE_010","TREE","D05",2019-10-10,"Live","small tree",NA,140,NA,11.6,5.8,NA,NA,"Populus tremuloides Michx.",NA,NA,"2019",746,"aspen/alder/cottonwood/willow","Populus tremuloides Michx.","quaking aspen","Salicaceae","tree","tremuloides",0.691,"hw1",-2.2094,2.3867,"SalicaceaeAbove0.35spg","hardwood","Hardwood",0.36,-2.4441,2.4561,NA,NA,NA,"Check",3.01596029376535,2.62626402045967,NA
"Populus","POTR5","NEON.PLA.D05.TREE.01251","TREE_043","TREE","D05",2017-10-17,"Live","small tree",NA,130,NA,10.6,7.8,NA,NA,"Populus tremuloides Michx.",NA,NA,"2017",746,"aspen/alder/cottonwood/willow","Populus tremuloides Michx.","quaking aspen","Salicaceae","tree","tremuloides",0.691,"hw1",-2.2094,2.3867,"SalicaceaeAbove0.35spg","hardwood","Hardwood",0.36,-2.4441,2.4561,NA,NA,NA,"Check",6.11665824046453,5.43696381478452,NA
"Populus","POTR5","NEON.PLA.D05.TREE.01251","TREE_043","TREE","D05",2016-10-19,"Live","small tree",NA,130,NA,9.4,7,NA,NA,"Populus tremuloides Michx.",NA,NA,"2016",746,"aspen/alder/cottonwood/willow","Populus tremuloides Michx.","quaking aspen","Salicaceae","tree","tremuloides",0.691,"hw1",-2.2094,2.3867,"SalicaceaeAbove0.35spg","hardwood","Hardwood",0.36,-2.4441,2.4561,NA,NA,NA,"Check",4.72440934031052,4.1680045560076,NA
"Populus","POTR5","NEON.PLA.D05.TREE.02297","TREE_019","TREE","D05",2019-10-30,"Standing dead","small tree",NA,130,NA,3.9,2,NA,NA,"Populus tremuloides Michx.",NA,NA,"2019",746,"aspen/alder/cottonwood/willow","Populus tremuloides Michx.","quaking aspen","Salicaceae","tree","tremuloides",0.691,"hw1",-2.2094,2.3867,"SalicaceaeAbove0.35spg","hardwood","Hardwood",0.36,-2.4441,2.4561,NA,NA,NA,"Check",0.23758571125493,0.192151005445243,NA
"Populus","POTR5","NEON.PLA.D05.TREE.01866","TREE_017","TREE","D05",2019-11-04,"Live","small tree",NA,130,NA,6.2,3.3,NA,NA,"Populus tremuloides Michx.",NA,NA,"2019",746,"aspen/alder/cottonwood/willow","Populus tremuloides Michx.","quaking aspen","Salicaceae","tree","tremuloides",0.691,"hw1",-2.2094,2.3867,"SalicaceaeAbove0.35spg","hardwood","Hardwood",0.36,-2.4441,2.4561,NA,NA,NA,"Check",0.785035411946583,0.657362577265195,NA
"Populus","POTR5","NEON.PLA.D05.TREE.01252","TREE_043","TREE","D05",2015-08-05,"Standing dead","small tree","Mostly shaded",130,NA,3,1.2,NA,NA,"Populus tremuloides Michx.",NA,NA,"2015",746,"aspen/alder/cottonwood/willow","Populus tremuloides Michx.","quaking aspen","Salicaceae","tree","tremuloides",0.691,"hw1",-2.2094,2.3867,"SalicaceaeAbove0.35spg","hardwood","Hardwood",0.36,-2.4441,2.4561,NA,NA,NA,"Check",0.0701994819673388,0.0547973993149548,NA
"Populus","POTR5","NEON.PLA.D05.TREE.02730","TREE_010","TREE","D05",2017-10-24,"Standing dead","small tree",NA,130,NA,4.6,2.6,NA,NA,"Populus tremuloides Michx.",NA,NA,"2017",746,"aspen/alder/cottonwood/willow","Populus tremuloides Michx.","quaking aspen","Salicaceae","tree","tremuloides",0.691,"hw1",-2.2094,2.3867,"SalicaceaeAbove0.35spg","hardwood","Hardwood",0.36,-2.4441,2.4561,NA,NA,NA,"Check",0.444394747268939,0.36601503784363,NA
"Populus","POTR5","NEON.PLA.D05.TREE.01112","TREE_043","TREE","D05",2015-08-05,"Live, disease damaged","sapling","Full shade",10,NA,2.2,1.2,NA,NA,"Populus tremuloides Michx.",NA,NA,"2015",746,"aspen/alder/cottonwood/willow","Populus tremuloides Michx.","quaking aspen","Salicaceae","tree","tremuloides",0.691,"hw1",-2.2094,2.3867,"SalicaceaeAbove0.35spg","hardwood","Hardwood",0.36,-2.4441,2.4561,NA,NA,0.851537287154131,"Check",0.0309577312435263,0.0235969635613552,NA
"Populus","POTR5","NEON.PLA.D05.TREE.01142","TREE_044","TREE","D05",2016-10-19,"Live","small tree",NA,130,NA,8.2,6,NA,NA,"Populus tremuloides Michx.",NA,NA,"2016",746,"aspen/alder/cottonwood/willow","Populus tremuloides Michx.","quaking aspen","Salicaceae","tree","tremuloides",0.691,"hw1",-2.2094,2.3867,"SalicaceaeAbove0.35spg","hardwood","Hardwood",0.36,-2.4441,2.4561,NA,NA,NA,"Check",3.27013450877859,2.85430366395651,NA
"Populus","POTR5","NEON.PLA.D05.TREE.02101","TREE_019","TREE","D05",2019-10-30,"Standing dead","small tree",NA,130,NA,4.6,2.3,NA,NA,"Populus tremuloides Michx.",NA,NA,"2019",746,"aspen/alder/cottonwood/willow","Populus tremuloides Michx.","quaking aspen","Salicaceae","tree","tremuloides",0.691,"hw1",-2.2094,2.3867,"SalicaceaeAbove0.35spg","hardwood","Hardwood",0.36,-2.4441,2.4561,NA,NA,NA,"Check",0.331655996206415,0.270846125292816,NA
"Populus","POTR5","NEON.PLA.D05.TREE.01257","TREE_043","TREE","D05",2020-10-05,"Live","small tree","Mostly shaded",130,NA,5.2,2.9,NA,NA,"Populus tremuloides Michx.",NA,NA,"2020",746,"aspen/alder/cottonwood/willow","Populus tremuloides Michx.","quaking aspen","Salicaceae","tree","tremuloides",0.691,"hw1",-2.2094,2.3867,"SalicaceaeAbove0.35spg","hardwood","Hardwood",0.36,-2.4441,2.4561,NA,NA,NA,"Check",0.576709796705388,0.478606521009012,NA
"Populus","POTR5","NEON.PLA.D05.TREE.02102","TREE_019","TREE","D05",2017-10-23,"Standing dead","small tree",NA,130,NA,2.5,1.1,NA,NA,"Populus tremuloides Michx.",NA,NA,"2017",746,"aspen/alder/cottonwood/willow","Populus tremuloides Michx.","quaking aspen","Salicaceae","tree","tremuloides",0.691,"hw1",-2.2094,2.3867,"SalicaceaeAbove0.35spg","hardwood","Hardwood",0.36,-2.4441,2.4561,NA,NA,NA,"Check",0.0570353287324869,0.0442534835233663,NA
"Populus","POTR5","NEON.PLA.D05.TREE.01257","TREE_043","TREE","D05",2017-10-17,"Live","small tree",NA,130,NA,5.2,2.9,NA,NA,"Populus tremuloides Michx.",NA,NA,"2017",746,"aspen/alder/cottonwood/willow","Populus tremuloides Michx.","quaking aspen","Salicaceae","tree","tremuloides",0.691,"hw1",-2.2094,2.3867,"SalicaceaeAbove0.35spg","hardwood","Hardwood",0.36,-2.4441,2.4561,NA,NA,NA,"Check",0.576709796705388,0.478606521009012,NA
"Populus","POTR5","NEON.PLA.D05.TREE.02111","TREE_019","TREE","D05",2019-10-30,"Live","single bole tree","Mostly shaded",130,NA,4,2.1,NA,NA,"Populus tremuloides Michx.",NA,NA,"2019",746,"aspen/alder/cottonwood/willow","Populus tremuloides Michx.","quaking aspen","Salicaceae","tree","tremuloides",0.691,"hw1",-2.2094,2.3867,"SalicaceaeAbove0.35spg","hardwood","Hardwood",0.36,-2.4441,2.4561,NA,NA,NA,"Check",0.266927192163398,0.216613589315234,NA
"Populus","POTR5","NEON.PLA.D05.TREE.01083","TREE_044","TREE","D05",2017-10-17,"Live","small tree",NA,130,NA,7.1,3.8,NA,NA,"Populus tremuloides Michx.",NA,NA,"2017",746,"aspen/alder/cottonwood/willow","Populus tremuloides Michx.","quaking aspen","Salicaceae","tree","tremuloides",0.691,"hw1",-2.2094,2.3867,"SalicaceaeAbove0.35spg","hardwood","Hardwood",0.36,-2.4441,2.4561,NA,NA,NA,"Check",1.09931343947209,0.92958558511462,NA
"Populus","POTR5","NEON.PLA.D05.TREE.02112","TREE_019","TREE","D05",2019-10-30,"Live","small tree",NA,130,NA,8.2,7.6,NA,NA,"Populus tremuloides Michx.",NA,NA,"2019",746,"aspen/alder/cottonwood/willow","Populus tremuloides Michx.","quaking aspen","Salicaceae","tree","tremuloides",0.691,"hw1",-2.2094,2.3867,"SalicaceaeAbove0.35spg","hardwood","Hardwood",0.36,-2.4441,2.4561,NA,NA,NA,"Check",5.74896716301867,5.10092752388242,NA
"Populus","POTR5","NEON.PLA.D05.TREE.01146","TREE_044","TREE","D05",2015-08-05,"Live, insect damaged","small tree","Full sun",130,NA,8.2,5.5,NA,NA,"Populus tremuloides Michx.",NA,NA,"2015",746,"aspen/alder/cottonwood/willow","Populus tremuloides Michx.","quaking aspen","Salicaceae","tree","tremuloides",0.691,"hw1",-2.2094,2.3867,"SalicaceaeAbove0.35spg","hardwood","Hardwood",0.36,-2.4441,2.4561,NA,NA,NA,"Check",2.65690275028545,2.30508895937898,NA
"Populus","POTR5","NEON.PLA.D05.TREE.01342","TREE_045","TREE","D05",2018-10-17,"Live","small tree",NA,130,NA,3.1,1.4,NA,NA,"Populus tremuloides Michx.",NA,NA,"2018",746,"aspen/alder/cottonwood/willow","Populus tremuloides Michx.","quaking aspen","Salicaceae","tree","tremuloides",0.691,"hw1",-2.2094,2.3867,"SalicaceaeAbove0.35spg","hardwood","Hardwood",0.36,-2.4441,2.4561,NA,NA,NA,"Check",0.10141817940551,0.080018048845408,NA
"Populus","POTR5","NEON.PLA.D05.TREE.01073","TREE_044","TREE","D05",2018-10-16,"Live","small tree",NA,130,NA,9.9,5.7,NA,NA,"Populus tremuloides Michx.",NA,NA,"2018",746,"aspen/alder/cottonwood/willow","Populus tremuloides Michx.","quaking aspen","Salicaceae","tree","tremuloides",0.691,"hw1",-2.2094,2.3867,"SalicaceaeAbove0.35spg","hardwood","Hardwood",0.36,-2.4441,2.4561,NA,NA,NA,"Check",2.8933338325124,2.51644314092689,NA
"Populus","POTR5","NEON.PLA.D05.TREE.00986","TREE_044","TREE","D05",2016-10-19,"Standing dead","small tree",NA,130,NA,4,1.5,NA,NA,"Populus tremuloides Michx.",NA,NA,"2016",746,"aspen/alder/cottonwood/willow","Populus tremuloides Michx.","quaking aspen","Salicaceae","tree","tremuloides",0.691,"hw1",-2.2094,2.3867,"SalicaceaeAbove0.35spg","hardwood","Hardwood",0.36,-2.4441,2.4561,NA,NA,NA,"Check",0.119571873869334,0.094793952160853,NA
"Populus","POTR5","NEON.PLA.D05.TREE.00986","TREE_044","TREE","D05",2015-08-05,"Standing dead","small tree","Full shade",130,NA,4.4,1.5,NA,NA,"Populus tremuloides Michx.",NA,NA,"2015",746,"aspen/alder/cottonwood/willow","Populus tremuloides Michx.","quaking aspen","Salicaceae","tree","tremuloides",0.691,"hw1",-2.2094,2.3867,"SalicaceaeAbove0.35spg","hardwood","Hardwood",0.36,-2.4441,2.4561,NA,NA,NA,"Check",0.119571873869334,0.094793952160853,NA
"Populus","POTR5","NEON.PLA.D05.TREE.02116","TREE_019","TREE","D05",2017-10-23,"Standing dead","small tree",NA,130,NA,3.4,1.5,NA,NA,"Populus tremuloides Michx.",NA,NA,"2017",746,"aspen/alder/cottonwood/willow","Populus tremuloides Michx.","quaking aspen","Salicaceae","tree","tremuloides",0.691,"hw1",-2.2094,2.3867,"SalicaceaeAbove0.35spg","hardwood","Hardwood",0.36,-2.4441,2.4561,NA,NA,NA,"Check",0.119571873869334,0.094793952160853,NA
"Populus","POTR5","NEON.PLA.D05.TREE.02677","TREE_023","TREE","D05",2019-11-04,"Live","small tree",NA,130,NA,3.1,1.4,NA,NA,"Populus tremuloides Michx.",NA,NA,"2019",746,"aspen/alder/cottonwood/willow","Populus tremuloides Michx.","quaking aspen","Salicaceae","tree","tremuloides",0.691,"hw1",-2.2094,2.3867,"SalicaceaeAbove0.35spg","hardwood","Hardwood",0.36,-2.4441,2.4561,NA,NA,NA,"Check",0.10141817940551,0.080018048845408,NA
"Populus","POTR5","NEON.PLA.D05.TREE.00917","TREE_057","TREE","D05",2015-08-04,"Live","sapling","Full shade",10,NA,1.4,1.1,NA,NA,"Populus tremuloides Michx.",NA,NA,"2015",746,"aspen/alder/cottonwood/willow","Populus tremuloides Michx.","quaking aspen","Salicaceae","tree","tremuloides",0.691,"hw1",-2.2094,2.3867,"SalicaceaeAbove0.35spg","hardwood","Hardwood",0.36,-2.4441,2.4561,NA,NA,0.777869901180713,"Check",0.02494478046453,0.0188946778303482,NA
"Populus","POTR5","NEON.PLA.D05.TREE.03754","TREE_010","TREE","D05",2017-10-24,"Live","single bole tree","Partially shaded",130,NA,13.7,12.9,NA,41,"Populus tremuloides Michx.",3.3,349.2,"2017",746,"aspen/alder/cottonwood/willow","Populus tremuloides Michx.","quaking aspen","Salicaceae","tree","tremuloides",0.691,"hw1",-2.2094,2.3867,"SalicaceaeAbove0.35spg","hardwood","Hardwood",0.36,-2.4441,2.4561,NA,NA,NA,"Check",49.1037017512497,46.3724716354033,NA
"Populus","POTR5","NEON.PLA.D05.TREE.03755","TREE_010","TREE","D05",2019-10-10,"Live","single bole tree","Partially shaded",130,NA,14.2,14.3,NA,41,"Populus tremuloides Michx.",4,51.9,"2019",746,"aspen/alder/cottonwood/willow","Populus tremuloides Michx.","quaking aspen","Salicaceae","tree","tremuloides",0.691,"hw1",-2.2094,2.3867,"SalicaceaeAbove0.35spg","hardwood","Hardwood",0.36,-2.4441,2.4561,NA,NA,NA,"Check",62.7928640720842,59.7257618728945,NA
"Populus","POTR5","NEON.PLA.D05.TREE.03098","TREE_010","TREE","D05",2019-10-10,"Live","single bole tree","Partially shaded",130,NA,15,11.6,NA,49,"Populus tremuloides Michx.",3.6,113.4,"2019",746,"aspen/alder/cottonwood/willow","Populus tremuloides Michx.","quaking aspen","Salicaceae","tree","tremuloides",0.691,"hw1",-2.2094,2.3867,"SalicaceaeAbove0.35spg","hardwood","Hardwood",0.36,-2.4441,2.4561,NA,NA,NA,"Check",38.1076049676653,35.7236745434115,NA
"Populus","POTR5","NEON.PLA.D05.TREE.02910","TREE_017","TREE","D05",2017-10-23,"Live","small tree",NA,130,NA,5.6,3.4,NA,NA,"Populus tremuloides Michx.",NA,NA,"2017",746,"aspen/alder/cottonwood/willow","Populus tremuloides Michx.","quaking aspen","Salicaceae","tree","tremuloides",0.691,"hw1",-2.2094,2.3867,"SalicaceaeAbove0.35spg","hardwood","Hardwood",0.36,-2.4441,2.4561,NA,NA,NA,"Check",0.843010062674904,0.707372638485044,NA
"Populus","POTR5","NEON.PLA.D05.TREE.03325","TREE_007","TREE","D05",2018-05-08,"Live","small tree",NA,130,NA,NA,1.8,NA,NA,"Populus tremuloides Michx.",NA,NA,"2018",746,"aspen/alder/cottonwood/willow","Populus tremuloides Michx.","quaking aspen","Salicaceae","tree","tremuloides",0.691,"hw1",-2.2094,2.3867,"SalicaceaeAbove0.35spg","hardwood","Hardwood",0.36,-2.4441,2.4561,NA,NA,NA,"Check",0.184761259990128,0.148339799857963,NA
"Populus","POTR5","NEON.PLA.D05.TREE.02951","TREE_014","TREE","D05",2017-10-26,"Standing dead","small tree",NA,130,NA,3.3,1.6,NA,NA,"Populus tremuloides Michx.",NA,NA,"2017",746,"aspen/alder/cottonwood/willow","Populus tremuloides Michx.","quaking aspen","Salicaceae","tree","tremuloides",0.691,"hw1",-2.2094,2.3867,"SalicaceaeAbove0.35spg","hardwood","Hardwood",0.36,-2.4441,2.4561,NA,NA,NA,"Check",0.139484255897534,0.111076446694469,NA
"Populus","POTR5","NEON.PLA.D05.TREE.00404","TREE_044","TREE","D05",2015-08-05,"Live, disease damaged","small tree","Partially shaded",130,NA,5.3,2.7,NA,NA,"Populus tremuloides Michx.",NA,NA,"2015",746,"aspen/alder/cottonwood/willow","Populus tremuloides Michx.","quaking aspen","Salicaceae","tree","tremuloides",0.691,"hw1",-2.2094,2.3867,"SalicaceaeAbove0.35spg","hardwood","Hardwood",0.36,-2.4441,2.4561,NA,NA,NA,"Check",0.486281696623093,0.401564608849878,NA
"Populus","POTR5","NEON.PLA.D05.TREE.02354","TREE_019","TREE","D05",2017-10-23,"Live","small tree",NA,130,NA,3.2,1.1,NA,NA,"Populus tremuloides Michx.",NA,NA,"2017",746,"aspen/alder/cottonwood/willow","Populus tremuloides Michx.","quaking aspen","Salicaceae","tree","tremuloides",0.691,"hw1",-2.2094,2.3867,"SalicaceaeAbove0.35spg","hardwood","Hardwood",0.36,-2.4441,2.4561,NA,NA,NA,"Check",0.0570353287324869,0.0442534835233663,NA
"Populus","POTR5","NEON.PLA.D05.TREE.02354","TREE_019","TREE","D05",2019-10-30,"Dead, broken bole","small tree",NA,130,NA,2.2,1.1,NA,NA,"Populus tremuloides Michx.",NA,NA,"2019",746,"aspen/alder/cottonwood/willow","Populus tremuloides Michx.","quaking aspen","Salicaceae","tree","tremuloides",0.691,"hw1",-2.2094,2.3867,"SalicaceaeAbove0.35spg","hardwood","Hardwood",0.36,-2.4441,2.4561,NA,NA,NA,"Check",0.0570353287324869,0.0442534835233663,NA
"Populus","POTR5","NEON.PLA.D05.TREE.00946","TREE_045","TREE","D05",2015-08-11,"Standing dead","small tree","Mostly shaded",130,NA,3,1.8,NA,NA,"Populus tremuloides Michx.",NA,NA,"2015",746,"aspen/alder/cottonwood/willow","Populus tremuloides Michx.","quaking aspen","Salicaceae","tree","tremuloides",0.691,"hw1",-2.2094,2.3867,"SalicaceaeAbove0.35spg","hardwood","Hardwood",0.36,-2.4441,2.4561,NA,NA,NA,"Check",0.184761259990128,0.148339799857963,NA
"Populus","POTR5","NEON.PLA.D05.TREE.02298","TREE_019","TREE","D05",2017-10-23,"Standing dead","small tree",NA,130,NA,2.7,1.6,NA,NA,"Populus tremuloides Michx.",NA,NA,"2017",746,"aspen/alder/cottonwood/willow","Populus tremuloides Michx.","quaking aspen","Salicaceae","tree","tremuloides",0.691,"hw1",-2.2094,2.3867,"SalicaceaeAbove0.35spg","hardwood","Hardwood",0.36,-2.4441,2.4561,NA,NA,NA,"Check",0.139484255897534,0.111076446694469,NA
"Populus","POTR5","NEON.PLA.D05.TREE.02299","TREE_019","TREE","D05",2017-10-23,"Standing dead","small tree",NA,130,NA,3.3,1.2,NA,NA,"Populus tremuloides Michx.",NA,NA,"2017",746,"aspen/alder/cottonwood/willow","Populus tremuloides Michx.","quaking aspen","Salicaceae","tree","tremuloides",0.691,"hw1",-2.2094,2.3867,"SalicaceaeAbove0.35spg","hardwood","Hardwood",0.36,-2.4441,2.4561,NA,NA,NA,"Check",0.0701994819673388,0.0547973993149548,NA
"Populus","POTR5","NEON.PLA.D05.TREE.02300","TREE_019","TREE","D05",2019-10-30,"Standing dead","small tree",NA,130,NA,3.9,1.6,NA,NA,"Populus tremuloides Michx.",NA,NA,"2019",746,"aspen/alder/cottonwood/willow","Populus tremuloides Michx.","quaking aspen","Salicaceae","tree","tremuloides",0.691,"hw1",-2.2094,2.3867,"SalicaceaeAbove0.35spg","hardwood","Hardwood",0.36,-2.4441,2.4561,NA,NA,NA,"Check",0.139484255897534,0.111076446694469,NA
"Populus","POTR5","NEON.PLA.D05.TREE.01201","TREE_044","TREE","D05",2017-10-17,"Live","small tree",NA,130,NA,6.3,3.9,NA,NA,"Populus tremuloides Michx.",NA,NA,"2017",746,"aspen/alder/cottonwood/willow","Populus tremuloides Michx.","quaking aspen","Salicaceae","tree","tremuloides",0.691,"hw1",-2.2094,2.3867,"SalicaceaeAbove0.35spg","hardwood","Hardwood",0.36,-2.4441,2.4561,NA,NA,NA,"Check",1.16962306754066,0.99082434818966,NA
"Populus","POTR5","NEON.PLA.D05.TREE.01201","TREE_044","TREE","D05",2018-10-16,"Live","small tree",NA,130,NA,5.5,3.7,NA,NA,"Populus tremuloides Michx.",NA,NA,"2018",746,"aspen/alder/cottonwood/willow","Populus tremuloides Michx.","quaking aspen","Salicaceae","tree","tremuloides",0.691,"hw1",-2.2094,2.3867,"SalicaceaeAbove0.35spg","hardwood","Hardwood",0.36,-2.4441,2.4561,NA,NA,NA,"Check",1.03152339486018,0.870649075933759,NA
"Populus","POTR5","NEON.PLA.D05.TREE.02735","TREE_010","TREE","D05",2017-10-24,"Live","small tree",NA,130,NA,13.1,8.5,NA,NA,"Populus tremuloides Michx.",NA,NA,"2017",746,"aspen/alder/cottonwood/willow","Populus tremuloides Michx.","quaking aspen","Salicaceae","tree","tremuloides",0.691,"hw1",-2.2094,2.3867,"SalicaceaeAbove0.35spg","hardwood","Hardwood",0.36,-2.4441,2.4561,NA,NA,NA,"Check",7.50924332811972,6.71473244370945,NA
"Populus","POTR5","NEON.PLA.D05.TREE.00937","TREE_044","TREE","D05",2016-10-19,"Standing dead","small tree",NA,130,NA,5.5,2.3,NA,NA,"Populus tremuloides Michx.",NA,NA,"2016",746,"aspen/alder/cottonwood/willow","Populus tremuloides Michx.","quaking aspen","Salicaceae","tree","tremuloides",0.691,"hw1",-2.2094,2.3867,"SalicaceaeAbove0.35spg","hardwood","Hardwood",0.36,-2.4441,2.4561,NA,NA,NA,"Check",0.331655996206415,0.270846125292816,NA
"Populus","POTR5","NEON.PLA.D05.TREE.00938","TREE_057","TREE","D05",2018-10-16,"Live","small tree",NA,130,NA,2.6,1.1,NA,NA,"Populus tremuloides Michx.",NA,NA,"2018",746,"aspen/alder/cottonwood/willow","Populus tremuloides Michx.","quaking aspen","Salicaceae","tree","tremuloides",0.691,"hw1",-2.2094,2.3867,"SalicaceaeAbove0.35spg","hardwood","Hardwood",0.36,-2.4441,2.4561,NA,NA,NA,"Check",0.0570353287324869,0.0442534835233663,NA
"Populus","POTR5","NEON.PLA.D05.TREE.03347","TREE_007","TREE","D05",2018-05-08,"Live","small tree",NA,130,NA,NA,1.4,NA,NA,"Populus tremuloides Michx.",NA,NA,"2018",746,"aspen/alder/cottonwood/willow","Populus tremuloides Michx.","quaking aspen","Salicaceae","tree","tremuloides",0.691,"hw1",-2.2094,2.3867,"SalicaceaeAbove0.35spg","hardwood","Hardwood",0.36,-2.4441,2.4561,NA,NA,NA,"Check",0.10141817940551,0.080018048845408,NA
"Populus","POTR5","NEON.PLA.D05.TREE.01209","TREE_043","TREE","D05",2020-10-05,"Standing dead","small tree","Full shade",130,NA,4.4,1.9,NA,NA,"Populus tremuloides Michx.",NA,NA,"2020",746,"aspen/alder/cottonwood/willow","Populus tremuloides Michx.","quaking aspen","Salicaceae","tree","tremuloides",0.691,"hw1",-2.2094,2.3867,"SalicaceaeAbove0.35spg","hardwood","Hardwood",0.36,-2.4441,2.4561,NA,NA,NA,"Check",0.210209939270102,0.169406319930455,NA
"Populus","POTR5","NEON.PLA.D05.TREE.02743","TREE_010","TREE","D05",2017-10-24,"Live","small tree",NA,130,NA,10.1,5.1,NA,NA,"Populus tremuloides Michx.",NA,NA,"2017",746,"aspen/alder/cottonwood/willow","Populus tremuloides Michx.","quaking aspen","Salicaceae","tree","tremuloides",0.691,"hw1",-2.2094,2.3867,"SalicaceaeAbove0.35spg","hardwood","Hardwood",0.36,-2.4441,2.4561,NA,NA,NA,"Check",2.21875713323126,1.91489955599468,NA
"Populus","POTR5","NEON.PLA.D05.TREE.02743","TREE_010","TREE","D05",2019-10-10,"Live","small tree",NA,130,NA,11,5.2,NA,NA,"Populus tremuloides Michx.",NA,NA,"2019",746,"aspen/alder/cottonwood/willow","Populus tremuloides Michx.","quaking aspen","Salicaceae","tree","tremuloides",0.691,"hw1",-2.2094,2.3867,"SalicaceaeAbove0.35spg","hardwood","Hardwood",0.36,-2.4441,2.4561,NA,NA,NA,"Check",2.32400580010553,2.00843925571547,NA
"Populus","POTR5","NEON.PLA.D05.TREE.00962","TREE_045","TREE","D05",2015-08-11,"Live, disease damaged","small tree","Full shade",130,NA,4.4,2.6,NA,NA,"Populus tremuloides Michx.",NA,NA,"2015",746,"aspen/alder/cottonwood/willow","Populus tremuloides Michx.","quaking aspen","Salicaceae","tree","tremuloides",0.691,"hw1",-2.2094,2.3867,"SalicaceaeAbove0.35spg","hardwood","Hardwood",0.36,-2.4441,2.4561,NA,NA,NA,"Check",0.444394747268939,0.36601503784363,NA
"Populus","POTR5","NEON.PLA.D05.TREE.01457","TREE_045","TREE","D05",2016-10-18,"Standing dead","single bole tree",NA,130,NA,15.5,28.6,NA,41,"Populus tremuloides Michx.",9.9,118.4,"2016",746,"aspen/alder/cottonwood/willow","Populus tremuloides Michx.","quaking aspen","Salicaceae","tree","tremuloides",0.691,"hw1",-2.2094,2.3867,"SalicaceaeAbove0.35spg","hardwood","Hardwood",0.36,-2.4441,2.4561,NA,NA,NA,"Check",328.381424860649,327.733978991003,NA
"Populus","POTR5","NEON.PLA.D05.TREE.02946","TREE_014","TREE","D05",2017-10-26,"Live","small tree",NA,130,NA,3.8,1.6,NA,NA,"Populus tremuloides Michx.",NA,NA,"2017",746,"aspen/alder/cottonwood/willow","Populus tremuloides Michx.","quaking aspen","Salicaceae","tree","tremuloides",0.691,"hw1",-2.2094,2.3867,"SalicaceaeAbove0.35spg","hardwood","Hardwood",0.36,-2.4441,2.4561,NA,NA,NA,"Check",0.139484255897534,0.111076446694469,NA
"Populus","POTR5","NEON.PLA.D05.TREE.01032","TREE_057","TREE","D05",2016-10-18,"Live","small tree",NA,130,NA,5.4,4.2,NA,NA,"Populus tremuloides Michx.",NA,NA,"2016",746,"aspen/alder/cottonwood/willow","Populus tremuloides Michx.","quaking aspen","Salicaceae","tree","tremuloides",0.691,"hw1",-2.2094,2.3867,"SalicaceaeAbove0.35spg","hardwood","Hardwood",0.36,-2.4441,2.4561,NA,NA,NA,"Check",1.39592186137655,1.18862667136647,NA
"Populus","POTR5","NEON.PLA.D05.TREE.00913","TREE_044","TREE","D05",2016-10-19,"Standing dead","small tree",NA,130,NA,4.1,1.9,NA,NA,"Populus tremuloides Michx.",NA,NA,"2016",746,"aspen/alder/cottonwood/willow","Populus tremuloides Michx.","quaking aspen","Salicaceae","tree","tremuloides",0.691,"hw1",-2.2094,2.3867,"SalicaceaeAbove0.35spg","hardwood","Hardwood",0.36,-2.4441,2.4561,NA,NA,NA,"Check",0.210209939270102,0.169406319930455,NA
"Populus","POTR5","NEON.PLA.D05.TREE.01115","TREE_044","TREE","D05",2018-10-16,"Standing dead","small tree",NA,130,NA,1.9,1.6,NA,NA,"Populus tremuloides Michx.",NA,NA,"2018",746,"aspen/alder/cottonwood/willow","Populus tremuloides Michx.","quaking aspen","Salicaceae","tree","tremuloides",0.691,"hw1",-2.2094,2.3867,"SalicaceaeAbove0.35spg","hardwood","Hardwood",0.36,-2.4441,2.4561,NA,NA,NA,"Check",0.139484255897534,0.111076446694469,NA
"Populus","POTR5","NEON.PLA.D05.TREE.03889","TREE_044","TREE","D05",2018-10-16,"Live","single bole tree",NA,130,NA,13.6,11.8,NA,41,"Populus tremuloides Michx.",8.8,20.4,"2018",746,"aspen/alder/cottonwood/willow","Populus tremuloides Michx.","quaking aspen","Salicaceae","tree","tremuloides",0.691,"hw1",-2.2094,2.3867,"SalicaceaeAbove0.35spg","hardwood","Hardwood",0.36,-2.4441,2.4561,NA,NA,NA,"Check",39.6945203517886,37.2554878664259,NA
"Populus","POTR5","NEON.PLA.D05.TREE.03850","TREE_019","TREE","D05",2019-10-30,"Standing dead","small tree",NA,130,NA,4,1.9,NA,NA,"Populus tremuloides Michx.",NA,NA,"2019",746,"aspen/alder/cottonwood/willow","Populus tremuloides Michx.","quaking aspen","Salicaceae","tree","tremuloides",0.691,"hw1",-2.2094,2.3867,"SalicaceaeAbove0.35spg","hardwood","Hardwood",0.36,-2.4441,2.4561,NA,NA,NA,"Check",0.210209939270102,0.169406319930455,NA
"Populus","POTR5","NEON.PLA.D05.TREE.01231","TREE_043","TREE","D05",2016-10-19,"Live","small tree",NA,130,NA,5.6,3.8,NA,NA,"Populus tremuloides Michx.",NA,NA,"2016",746,"aspen/alder/cottonwood/willow","Populus tremuloides Michx.","quaking aspen","Salicaceae","tree","tremuloides",0.691,"hw1",-2.2094,2.3867,"SalicaceaeAbove0.35spg","hardwood","Hardwood",0.36,-2.4441,2.4561,NA,NA,NA,"Check",1.09931343947209,0.92958558511462,NA
"Populus","POTR5","NEON.PLA.D05.TREE.00918","TREE_044","TREE","D05",2015-08-05,"Standing dead","small tree","Full shade",130,NA,5,2.3,NA,NA,"Populus tremuloides Michx.",NA,NA,"2015",746,"aspen/alder/cottonwood/willow","Populus tremuloides Michx.","quaking aspen","Salicaceae","tree","tremuloides",0.691,"hw1",-2.2094,2.3867,"SalicaceaeAbove0.35spg","hardwood","Hardwood",0.36,-2.4441,2.4561,NA,NA,NA,"Check",0.331655996206415,0.270846125292816,NA
"Populus","POTR5","NEON.PLA.D05.TREE.03344","TREE_007","TREE","D05",2019-10-09,"Live","small tree",NA,130,NA,4.6,2.9,NA,NA,"Populus tremuloides Michx.",NA,NA,"2019",746,"aspen/alder/cottonwood/willow","Populus tremuloides Michx.","quaking aspen","Salicaceae","tree","tremuloides",0.691,"hw1",-2.2094,2.3867,"SalicaceaeAbove0.35spg","hardwood","Hardwood",0.36,-2.4441,2.4561,NA,NA,NA,"Check",0.576709796705388,0.478606521009012,NA
"Populus","POTR5","NEON.PLA.D05.TREE.03304","TREE_007","TREE","D05",2018-05-08,"Live","small tree",NA,130,NA,2.3,1,NA,NA,"Populus tremuloides Michx.",NA,NA,"2018",746,"aspen/alder/cottonwood/willow","Populus tremuloides Michx.","quaking aspen","Salicaceae","tree","tremuloides",0.691,"hw1",-2.2094,2.3867,"SalicaceaeAbove0.35spg","hardwood","Hardwood",0.36,-2.4441,2.4561,NA,NA,NA,"Check",0.0454309718603333,0.0350173187113287,NA
"Populus","POTR5","NEON.PLA.D05.TREE.02946","TREE_014","TREE","D05",2019-10-16,"Live","small tree",NA,130,NA,3.4,1.7,NA,NA,"Populus tremuloides Michx.",NA,NA,"2019",746,"aspen/alder/cottonwood/willow","Populus tremuloides Michx.","quaking aspen","Salicaceae","tree","tremuloides",0.691,"hw1",-2.2094,2.3867,"SalicaceaeAbove0.35spg","hardwood","Hardwood",0.36,-2.4441,2.4561,NA,NA,NA,"Check",0.161199788628141,0.128910556945084,NA
"Populus","POTR5","NEON.PLA.D05.TREE.00937","TREE_044","TREE","D05",2017-10-17,"Live","small tree",NA,130,NA,3.1,3.6,NA,NA,"Populus tremuloides Michx.",NA,NA,"2017",746,"aspen/alder/cottonwood/willow","Populus tremuloides Michx.","quaking aspen","Salicaceae","tree","tremuloides",0.691,"hw1",-2.2094,2.3867,"SalicaceaeAbove0.35spg","hardwood","Hardwood",0.36,-2.4441,2.4561,NA,NA,NA,"Check",0.966227081869643,0.813986985275155,NA
"Populus","POTR5","NEON.PLA.D05.TREE.00937","TREE_044","TREE","D05",2018-10-16,"Live","small tree",NA,130,NA,6.5,3.6,NA,NA,"Populus tremuloides Michx.",NA,NA,"2018",746,"aspen/alder/cottonwood/willow","Populus tremuloides Michx.","quaking aspen","Salicaceae","tree","tremuloides",0.691,"hw1",-2.2094,2.3867,"SalicaceaeAbove0.35spg","hardwood","Hardwood",0.36,-2.4441,2.4561,NA,NA,NA,"Check",0.966227081869643,0.813986985275155,NA
"Populus","POTR5","NEON.PLA.D05.TREE.00938","TREE_057","TREE","D05",2015-08-04,"Live","small tree","Full shade",130,NA,2.4,1.2,NA,NA,"Populus tremuloides Michx.",NA,NA,"2015",746,"aspen/alder/cottonwood/willow","Populus tremuloides Michx.","quaking aspen","Salicaceae","tree","tremuloides",0.691,"hw1",-2.2094,2.3867,"SalicaceaeAbove0.35spg","hardwood","Hardwood",0.36,-2.4441,2.4561,NA,NA,NA,"Check",0.0701994819673388,0.0547973993149548,NA
"Populus","POTR5","NEON.PLA.D05.TREE.01209","TREE_043","TREE","D05",2018-10-15,"Live","small tree",NA,130,NA,3.9,1.9,NA,NA,"Populus tremuloides Michx.",NA,NA,"2018",746,"aspen/alder/cottonwood/willow","Populus tremuloides Michx.","quaking aspen","Salicaceae","tree","tremuloides",0.691,"hw1",-2.2094,2.3867,"SalicaceaeAbove0.35spg","hardwood","Hardwood",0.36,-2.4441,2.4561,NA,NA,NA,"Check",0.210209939270102,0.169406319930455,NA
"Populus","POTR5","NEON.PLA.D05.TREE.02956","TREE_014","TREE","D05",2017-10-26,"Live","small tree",NA,130,NA,6.8,4.2,NA,NA,"Populus tremuloides Michx.",NA,NA,"2017",746,"aspen/alder/cottonwood/willow","Populus tremuloides Michx.","quaking aspen","Salicaceae","tree","tremuloides",0.691,"hw1",-2.2094,2.3867,"SalicaceaeAbove0.35spg","hardwood","Hardwood",0.36,-2.4441,2.4561,NA,NA,NA,"Check",1.39592186137655,1.18862667136647,NA
"Populus","POTR5","NEON.PLA.D05.TREE.03738","TREE_010","TREE","D05",2019-10-10,"Live","single bole tree","Partially shaded",130,NA,13,13.1,NA,41,"Populus tremuloides Michx.",0.4,180.2,"2019",746,"aspen/alder/cottonwood/willow","Populus tremuloides Michx.","quaking aspen","Salicaceae","tree","tremuloides",0.691,"hw1",-2.2094,2.3867,"SalicaceaeAbove0.35spg","hardwood","Hardwood",0.36,-2.4441,2.4561,NA,NA,NA,"Check",50.9402618467393,48.1582709719892,NA
"Populus","POTR5","NEON.PLA.D05.TREE.03302","TREE_007","TREE","D05",2018-05-08,"Live","small tree",NA,130,NA,3.5,2.2,NA,NA,"Populus tremuloides Michx.",NA,NA,"2018",746,"aspen/alder/cottonwood/willow","Populus tremuloides Michx.","quaking aspen","Salicaceae","tree","tremuloides",0.691,"hw1",-2.2094,2.3867,"SalicaceaeAbove0.35spg","hardwood","Hardwood",0.36,-2.4441,2.4561,NA,NA,NA,"Check",0.298271830618665,0.24283273723977,NA
"Populus","POTR5","NEON.PLA.D05.TREE.03343","TREE_007","TREE","D05",2019-10-09,"Live","small tree",NA,130,NA,4.2,1.9,NA,NA,"Populus tremuloides Michx.",NA,NA,"2019",746,"aspen/alder/cottonwood/willow","Populus tremuloides Michx.","quaking aspen","Salicaceae","tree","tremuloides",0.691,"hw1",-2.2094,2.3867,"SalicaceaeAbove0.35spg","hardwood","Hardwood",0.36,-2.4441,2.4561,NA,NA,NA,"Check",0.210209939270102,0.169406319930455,NA
"Populus","POTR5","NEON.PLA.D05.TREE.01291","TREE_043","TREE","D05",2016-10-19,"Live","small tree",NA,130,NA,8.1,5.1,NA,NA,"Populus tremuloides Michx.",NA,NA,"2016",746,"aspen/alder/cottonwood/willow","Populus tremuloides Michx.","quaking aspen","Salicaceae","tree","tremuloides",0.691,"hw1",-2.2094,2.3867,"SalicaceaeAbove0.35spg","hardwood","Hardwood",0.36,-2.4441,2.4561,NA,NA,NA,"Check",2.21875713323126,1.91489955599468,NA
"Populus","POTR5","NEON.PLA.D05.TREE.03351","TREE_007","TREE","D05",2019-10-09,"Live","small tree",NA,130,NA,2.2,1.1,NA,NA,"Populus tremuloides Michx.",NA,NA,"2019",746,"aspen/alder/cottonwood/willow","Populus tremuloides Michx.","quaking aspen","Salicaceae","tree","tremuloides",0.691,"hw1",-2.2094,2.3867,"SalicaceaeAbove0.35spg","hardwood","Hardwood",0.36,-2.4441,2.4561,NA,NA,NA,"Check",0.0570353287324869,0.0442534835233663,NA
"Populus","POTR5","NEON.PLA.D05.TREE.01065","TREE_044","TREE","D05",2015-08-05,"Live","small tree","Full sun",130,NA,5,2.3,NA,NA,"Populus tremuloides Michx.",NA,NA,"2015",746,"aspen/alder/cottonwood/willow","Populus tremuloides Michx.","quaking aspen","Salicaceae","tree","tremuloides",0.691,"hw1",-2.2094,2.3867,"SalicaceaeAbove0.35spg","hardwood","Hardwood",0.36,-2.4441,2.4561,NA,NA,NA,"Check",0.331655996206415,0.270846125292816,NA
"Populus","POTR5","NEON.PLA.D05.TREE.03077","TREE_010","TREE","D05",2017-10-24,"Live","small tree",NA,130,NA,9.6,5.5,NA,NA,"Populus tremuloides Michx.",NA,NA,"2017",746,"aspen/alder/cottonwood/willow","Populus tremuloides Michx.","quaking aspen","Salicaceae","tree","tremuloides",0.691,"hw1",-2.2094,2.3867,"SalicaceaeAbove0.35spg","hardwood","Hardwood",0.36,-2.4441,2.4561,NA,NA,NA,"Check",2.65690275028545,2.30508895937898,NA
"Populus","POTR5","NEON.PLA.D05.TREE.01369","TREE_045","TREE","D05",2015-08-11,"Live","small tree","Mostly shaded",130,NA,2.8,1.4,NA,NA,"Populus tremuloides Michx.",NA,NA,"2015",746,"aspen/alder/cottonwood/willow","Populus tremuloides Michx.","quaking aspen","Salicaceae","tree","tremuloides",0.691,"hw1",-2.2094,2.3867,"SalicaceaeAbove0.35spg","hardwood","Hardwood",0.36,-2.4441,2.4561,NA,NA,NA,"Check",0.10141817940551,0.080018048845408,NA
"Populus","POTR5","NEON.PLA.D05.TREE.01369","TREE_045","TREE","D05",2017-10-19,"Live","small tree",NA,130,NA,3.1,1.5,NA,NA,"Populus tremuloides Michx.",NA,NA,"2017",746,"aspen/alder/cottonwood/willow","Populus tremuloides Michx.","quaking aspen","Salicaceae","tree","tremuloides",0.691,"hw1",-2.2094,2.3867,"SalicaceaeAbove0.35spg","hardwood","Hardwood",0.36,-2.4441,2.4561,NA,NA,NA,"Check",0.119571873869334,0.094793952160853,NA
"Populus","POTR5","NEON.PLA.D05.TREE.02375","TREE_019","TREE","D05",2017-10-23,"Live","small tree",NA,130,NA,4.8,1.8,NA,NA,"Populus tremuloides Michx.",NA,NA,"2017",746,"aspen/alder/cottonwood/willow","Populus tremuloides Michx.","quaking aspen","Salicaceae","tree","tremuloides",0.691,"hw1",-2.2094,2.3867,"SalicaceaeAbove0.35spg","hardwood","Hardwood",0.36,-2.4441,2.4561,NA,NA,NA,"Check",0.184761259990128,0.148339799857963,NA
"Populus","POTR5","NEON.PLA.D05.TREE.03348","TREE_007","TREE","D05",2019-10-09,"Standing dead","small tree",NA,130,NA,2,1,NA,NA,"Populus tremuloides Michx.",NA,NA,"2019",746,"aspen/alder/cottonwood/willow","Populus tremuloides Michx.","quaking aspen","Salicaceae","tree","tremuloides",0.691,"hw1",-2.2094,2.3867,"SalicaceaeAbove0.35spg","hardwood","Hardwood",0.36,-2.4441,2.4561,NA,NA,NA,"Check",0.0454309718603333,0.0350173187113287,NA
"Populus","POTR5","NEON.PLA.D05.TREE.03308","TREE_007","TREE","D05",2019-10-09,"Live","small tree",NA,130,NA,4,2.8,NA,NA,"Populus tremuloides Michx.",NA,NA,"2019",746,"aspen/alder/cottonwood/willow","Populus tremuloides Michx.","quaking aspen","Salicaceae","tree","tremuloides",0.691,"hw1",-2.2094,2.3867,"SalicaceaeAbove0.35spg","hardwood","Hardwood",0.36,-2.4441,2.4561,NA,NA,NA,"Check",0.530376289600716,0.439084119094404,NA
"Populus","POTR5","NEON.PLA.D05.TREE.01209","TREE_043","TREE","D05",2019-10-23,"Standing dead","small tree",NA,130,NA,3.5,1.7,NA,NA,"Populus tremuloides Michx.",NA,NA,"2019",746,"aspen/alder/cottonwood/willow","Populus tremuloides Michx.","quaking aspen","Salicaceae","tree","tremuloides",0.691,"hw1",-2.2094,2.3867,"SalicaceaeAbove0.35spg","hardwood","Hardwood",0.36,-2.4441,2.4561,NA,NA,NA,"Check",0.161199788628141,0.128910556945084,NA
"Populus","POTR5","NEON.PLA.D05.TREE.02368","TREE_019","TREE","D05",2017-10-23,"Standing dead","small tree",NA,130,NA,3.5,1.6,NA,NA,"Populus tremuloides Michx.",NA,NA,"2017",746,"aspen/alder/cottonwood/willow","Populus tremuloides Michx.","quaking aspen","Salicaceae","tree","tremuloides",0.691,"hw1",-2.2094,2.3867,"SalicaceaeAbove0.35spg","hardwood","Hardwood",0.36,-2.4441,2.4561,NA,NA,NA,"Check",0.139484255897534,0.111076446694469,NA
"Populus","POTR5","NEON.PLA.D05.TREE.03697","TREE_010","TREE","D05",2019-10-10,"Standing dead","small tree",NA,130,NA,7.1,2.7,NA,NA,"Populus tremuloides Michx.",NA,NA,"2019",746,"aspen/alder/cottonwood/willow","Populus tremuloides Michx.","quaking aspen","Salicaceae","tree","tremuloides",0.691,"hw1",-2.2094,2.3867,"SalicaceaeAbove0.35spg","hardwood","Hardwood",0.36,-2.4441,2.4561,NA,NA,NA,"Check",0.486281696623093,0.401564608849878,NA
"Populus","POTR5","NEON.PLA.D05.TREE.03337","TREE_007","TREE","D05",2019-10-09,"Live","small tree",NA,130,NA,2.3,1.7,NA,NA,"Populus tremuloides Michx.",NA,NA,"2019",746,"aspen/alder/cottonwood/willow","Populus tremuloides Michx.","quaking aspen","Salicaceae","tree","tremuloides",0.691,"hw1",-2.2094,2.3867,"SalicaceaeAbove0.35spg","hardwood","Hardwood",0.36,-2.4441,2.4561,NA,NA,NA,"Check",0.161199788628141,0.128910556945084,NA
"Populus","POTR5","NEON.PLA.D05.TREE.02943","TREE_014","TREE","D05",2019-10-16,"Live","small tree",NA,130,NA,3.2,1.9,NA,NA,"Populus tremuloides Michx.",NA,NA,"2019",746,"aspen/alder/cottonwood/willow","Populus tremuloides Michx.","quaking aspen","Salicaceae","tree","tremuloides",0.691,"hw1",-2.2094,2.3867,"SalicaceaeAbove0.35spg","hardwood","Hardwood",0.36,-2.4441,2.4561,NA,NA,NA,"Check",0.210209939270102,0.169406319930455,NA
"Populus","POTR5","NEON.PLA.D05.TREE.01079","TREE_044","TREE","D05",2015-08-05,"Standing dead","sapling","Full shade",10,NA,1.9,1.3,NA,NA,"Populus tremuloides Michx.",NA,NA,"2015",746,"aspen/alder/cottonwood/willow","Populus tremuloides Michx.","quaking aspen","Salicaceae","tree","tremuloides",0.691,"hw1",-2.2094,2.3867,"SalicaceaeAbove0.35spg","hardwood","Hardwood",0.36,-2.4441,2.4561,NA,NA,0.925450366054231,"Check",0.0377613094911015,0.0289496165253258,NA
"Populus","POTR5","NEON.PLA.D05.TREE.02910","TREE_017","TREE","D05",2019-11-04,"Live","small tree",NA,130,NA,6.1,3.8,NA,NA,"Populus tremuloides Michx.",NA,NA,"2019",746,"aspen/alder/cottonwood/willow","Populus tremuloides Michx.","quaking aspen","Salicaceae","tree","tremuloides",0.691,"hw1",-2.2094,2.3867,"SalicaceaeAbove0.35spg","hardwood","Hardwood",0.36,-2.4441,2.4561,NA,NA,NA,"Check",1.09931343947209,0.92958558511462,NA
"Populus","POTR5","NEON.PLA.D05.TREE.01300","TREE_043","TREE","D05",2020-10-05,"Standing dead","small tree","Full shade",130,NA,7.1,3.5,NA,NA,"Populus tremuloides Michx.",NA,NA,"2020",746,"aspen/alder/cottonwood/willow","Populus tremuloides Michx.","quaking aspen","Salicaceae","tree","tremuloides",0.691,"hw1",-2.2094,2.3867,"SalicaceaeAbove0.35spg","hardwood","Hardwood",0.36,-2.4441,2.4561,NA,NA,NA,"Check",0.903398216427415,0.759571065422187,NA
"Populus","POTR5","NEON.PLA.D05.TREE.03856","TREE_019","TREE","D05",2019-10-30,"Live","small tree",NA,130,NA,6.4,3.2,NA,NA,"Populus tremuloides Michx.",NA,NA,"2019",746,"aspen/alder/cottonwood/willow","Populus tremuloides Michx.","quaking aspen","Salicaceae","tree","tremuloides",0.691,"hw1",-2.2094,2.3867,"SalicaceaeAbove0.35spg","hardwood","Hardwood",0.36,-2.4441,2.4561,NA,NA,NA,"Check",0.729446560116734,0.609511284675326,NA
"Populus","POTR5","NEON.PLA.D05.TREE.03090","TREE_010","TREE","D05",2017-10-24,"Live","single bole tree","Partially shaded",130,NA,9.5,11,NA,49,"Populus tremuloides Michx.",7.4,162.7,"2017",746,"aspen/alder/cottonwood/willow","Populus tremuloides Michx.","quaking aspen","Salicaceae","tree","tremuloides",0.691,"hw1",-2.2094,2.3867,"SalicaceaeAbove0.35spg","hardwood","Hardwood",0.36,-2.4441,2.4561,NA,NA,NA,"Check",33.5708002040623,31.3549007780463,NA
"Populus","POTR5","NEON.PLA.D05.TREE.03362A","TREE_002","TREE","D05",2018-05-07,"Dead, broken bole","multi-bole tree","Full shade",130,NA,3.1,23.2,NA,NA,"Populus tremuloides Michx.",NA,NA,"2018",746,"aspen/alder/cottonwood/willow","Populus tremuloides Michx.","quaking aspen","Salicaceae","tree","tremuloides",0.691,"hw1",-2.2094,2.3867,"SalicaceaeAbove0.35spg","hardwood","Hardwood",0.36,-2.4441,2.4561,NA,NA,NA,"Check",199.287447741565,196.027001333327,NA
"Populus","POTR5","NEON.PLA.D05.TREE.02118","TREE_019","TREE","D05",2019-10-30,"Standing dead","small tree",NA,130,NA,8,2.9,NA,NA,"Populus tremuloides Michx.",NA,NA,"2019",746,"aspen/alder/cottonwood/willow","Populus tremuloides Michx.","quaking aspen","Salicaceae","tree","tremuloides",0.691,"hw1",-2.2094,2.3867,"SalicaceaeAbove0.35spg","hardwood","Hardwood",0.36,-2.4441,2.4561,NA,NA,NA,"Check",0.576709796705388,0.478606521009012,NA
"Populus","POTR5","NEON.PLA.D05.TREE.01131","TREE_043","TREE","D05",2015-08-05,"Live, disease damaged","small tree","Full shade",130,NA,4.1,1.7,NA,NA,"Populus tremuloides Michx.",NA,NA,"2015",746,"aspen/alder/cottonwood/willow","Populus tremuloides Michx.","quaking aspen","Salicaceae","tree","tremuloides",0.691,"hw1",-2.2094,2.3867,"SalicaceaeAbove0.35spg","hardwood","Hardwood",0.36,-2.4441,2.4561,NA,NA,NA,"Check",0.161199788628141,0.128910556945084,NA
"Populus","POTR5","NEON.PLA.D05.TREE.01078","TREE_044","TREE","D05",2017-10-17,"Live","small tree",NA,130,NA,8.6,6.4,NA,NA,"Populus tremuloides Michx.",NA,NA,"2017",746,"aspen/alder/cottonwood/willow","Populus tremuloides Michx.","quaking aspen","Salicaceae","tree","tremuloides",0.691,"hw1",-2.2094,2.3867,"SalicaceaeAbove0.35spg","hardwood","Hardwood",0.36,-2.4441,2.4561,NA,NA,NA,"Check",3.81471213824315,3.34457949639349,NA
"Populus","POTR5","NEON.PLA.D05.TREE.03303","TREE_007","TREE","D05",2018-05-08,"Live","small tree",NA,130,NA,3.7,2.1,NA,NA,"Populus tremuloides Michx.",NA,NA,"2018",746,"aspen/alder/cottonwood/willow","Populus tremuloides Michx.","quaking aspen","Salicaceae","tree","tremuloides",0.691,"hw1",-2.2094,2.3867,"SalicaceaeAbove0.35spg","hardwood","Hardwood",0.36,-2.4441,2.4561,NA,NA,NA,"Check",0.266927192163398,0.216613589315234,NA
"Populus","POTR5","NEON.PLA.D05.TREE.03304","TREE_007","TREE","D05",2019-10-09,"Live","small tree",NA,130,NA,3.3,1.8,NA,NA,"Populus tremuloides Michx.",NA,NA,"2019",746,"aspen/alder/cottonwood/willow","Populus tremuloides Michx.","quaking aspen","Salicaceae","tree","tremuloides",0.691,"hw1",-2.2094,2.3867,"SalicaceaeAbove0.35spg","hardwood","Hardwood",0.36,-2.4441,2.4561,NA,NA,NA,"Check",0.184761259990128,0.148339799857963,NA
"Populus","POTR5","NEON.PLA.D05.TREE.03312","TREE_007","TREE","D05",2019-10-09,"Live","small tree",NA,130,NA,4.5,2.8,NA,NA,"Populus tremuloides Michx.",NA,NA,"2019",746,"aspen/alder/cottonwood/willow","Populus tremuloides Michx.","quaking aspen","Salicaceae","tree","tremuloides",0.691,"hw1",-2.2094,2.3867,"SalicaceaeAbove0.35spg","hardwood","Hardwood",0.36,-2.4441,2.4561,NA,NA,NA,"Check",0.530376289600716,0.439084119094404,NA
"Populus","POTR5","NEON.PLA.D05.TREE.01065","TREE_044","TREE","D05",2017-10-17,"Standing dead","small tree",NA,130,NA,4.9,2.2,NA,NA,"Populus tremuloides Michx.",NA,NA,"2017",746,"aspen/alder/cottonwood/willow","Populus tremuloides Michx.","quaking aspen","Salicaceae","tree","tremuloides",0.691,"hw1",-2.2094,2.3867,"SalicaceaeAbove0.35spg","hardwood","Hardwood",0.36,-2.4441,2.4561,NA,NA,NA,"Check",0.298271830618665,0.24283273723977,NA
"Populus","POTR5","NEON.PLA.D05.TREE.01300","TREE_043","TREE","D05",2015-08-05,"Live","small tree","Partially shaded",130,NA,5.2,3.7,NA,NA,"Populus tremuloides Michx.",NA,NA,"2015",746,"aspen/alder/cottonwood/willow","Populus tremuloides Michx.","quaking aspen","Salicaceae","tree","tremuloides",0.691,"hw1",-2.2094,2.3867,"SalicaceaeAbove0.35spg","hardwood","Hardwood",0.36,-2.4441,2.4561,NA,NA,NA,"Check",1.03152339486018,0.870649075933759,NA
"Populus","POTR5","NEON.PLA.D05.TREE.00961","TREE_044","TREE","D05",2015-08-05,"Live, disease damaged","small tree","Partially shaded",130,NA,5.8,2.8,NA,NA,"Populus tremuloides Michx.",NA,NA,"2015",746,"aspen/alder/cottonwood/willow","Populus tremuloides Michx.","quaking aspen","Salicaceae","tree","tremuloides",0.691,"hw1",-2.2094,2.3867,"SalicaceaeAbove0.35spg","hardwood","Hardwood",0.36,-2.4441,2.4561,NA,NA,NA,"Check",0.530376289600716,0.439084119094404,NA
"Populus","POTR5","NEON.PLA.D05.TREE.02804","TREE_010","TREE","D05",2017-10-24,"Live","small tree",NA,130,NA,12.9,7.6,NA,NA,"Populus tremuloides Michx.",NA,NA,"2017",746,"aspen/alder/cottonwood/willow","Populus tremuloides Michx.","quaking aspen","Salicaceae","tree","tremuloides",0.691,"hw1",-2.2094,2.3867,"SalicaceaeAbove0.35spg","hardwood","Hardwood",0.36,-2.4441,2.4561,NA,NA,NA,"Check",5.74896716301867,5.10092752388242,NA
"Populus","POTR5","NEON.PLA.D05.TREE.03322","TREE_007","TREE","D05",2019-10-09,"Live","small tree",NA,130,NA,2.7,1.4,NA,NA,"Populus tremuloides Michx.",NA,NA,"2019",746,"aspen/alder/cottonwood/willow","Populus tremuloides Michx.","quaking aspen","Salicaceae","tree","tremuloides",0.691,"hw1",-2.2094,2.3867,"SalicaceaeAbove0.35spg","hardwood","Hardwood",0.36,-2.4441,2.4561,NA,NA,NA,"Check",0.10141817940551,0.080018048845408,NA
"Populus","POTR5","NEON.PLA.D05.TREE.02708","TREE_010","TREE","D05",2019-10-10,"Live","small tree",NA,130,NA,5.6,3.5,NA,NA,"Populus tremuloides Michx.",NA,NA,"2019",746,"aspen/alder/cottonwood/willow","Populus tremuloides Michx.","quaking aspen","Salicaceae","tree","tremuloides",0.691,"hw1",-2.2094,2.3867,"SalicaceaeAbove0.35spg","hardwood","Hardwood",0.36,-2.4441,2.4561,NA,NA,NA,"Check",0.903398216427415,0.759571065422187,NA
"Populus","POTR5","NEON.PLA.D05.TREE.01342","TREE_045","TREE","D05",2017-10-19,"Live","small tree",NA,130,NA,3.2,1.3,NA,NA,"Populus tremuloides Michx.",NA,NA,"2017",746,"aspen/alder/cottonwood/willow","Populus tremuloides Michx.","quaking aspen","Salicaceae","tree","tremuloides",0.691,"hw1",-2.2094,2.3867,"SalicaceaeAbove0.35spg","hardwood","Hardwood",0.36,-2.4441,2.4561,NA,NA,NA,"Check",0.0849768496237214,0.0667020461517271,NA
"Populus","POTR5","NEON.PLA.D05.TREE.01299","TREE_043","TREE","D05",2017-10-17,"Standing dead","small tree",NA,130,NA,3.3,2.4,NA,NA,"Populus tremuloides Michx.",NA,NA,"2017",746,"aspen/alder/cottonwood/willow","Populus tremuloides Michx.","quaking aspen","Salicaceae","tree","tremuloides",0.691,"hw1",-2.2094,2.3867,"SalicaceaeAbove0.35spg","hardwood","Hardwood",0.36,-2.4441,2.4561,NA,NA,NA,"Check",0.367115057635386,0.300690508629567,NA
"Populus","POTR5","NEON.PLA.D05.TREE.01299","TREE_043","TREE","D05",2019-10-23,"Standing dead","small tree",NA,130,NA,3.3,2.3,NA,NA,"Populus tremuloides Michx.",NA,NA,"2019",746,"aspen/alder/cottonwood/willow","Populus tremuloides Michx.","quaking aspen","Salicaceae","tree","tremuloides",0.691,"hw1",-2.2094,2.3867,"SalicaceaeAbove0.35spg","hardwood","Hardwood",0.36,-2.4441,2.4561,NA,NA,NA,"Check",0.331655996206415,0.270846125292816,NA
"Populus","POTR5","NEON.PLA.D05.TREE.03314","TREE_007","TREE","D05",2018-05-08,"Live","small tree",NA,130,NA,2.5,1.1,NA,NA,"Populus tremuloides Michx.",NA,NA,"2018",746,"aspen/alder/cottonwood/willow","Populus tremuloides Michx.","quaking aspen","Salicaceae","tree","tremuloides",0.691,"hw1",-2.2094,2.3867,"SalicaceaeAbove0.35spg","hardwood","Hardwood",0.36,-2.4441,2.4561,NA,NA,NA,"Check",0.0570353287324869,0.0442534835233663,NA
"Populus","POTR5","NEON.PLA.D05.TREE.03671","TREE_010","TREE","D05",2017-10-24,"Live","small tree",NA,130,NA,4.1,2.4,NA,NA,"Populus tremuloides Michx.",NA,NA,"2017",746,"aspen/alder/cottonwood/willow","Populus tremuloides Michx.","quaking aspen","Salicaceae","tree","tremuloides",0.691,"hw1",-2.2094,2.3867,"SalicaceaeAbove0.35spg","hardwood","Hardwood",0.36,-2.4441,2.4561,NA,NA,NA,"Check",0.367115057635386,0.300690508629567,NA
"Populus","POTR5","NEON.PLA.D05.TREE.00421","TREE_044","TREE","D05",2017-10-17,"Live","small tree",NA,130,NA,6.4,3.8,NA,NA,"Populus tremuloides Michx.",NA,NA,"2017",746,"aspen/alder/cottonwood/willow","Populus tremuloides Michx.","quaking aspen","Salicaceae","tree","tremuloides",0.691,"hw1",-2.2094,2.3867,"SalicaceaeAbove0.35spg","hardwood","Hardwood",0.36,-2.4441,2.4561,NA,NA,NA,"Check",1.09931343947209,0.92958558511462,NA
"Populus","POTR5","NEON.PLA.D05.TREE.01032","TREE_057","TREE","D05",2015-08-04,"Live, disease damaged","small tree","Full shade",130,NA,5.2,4,NA,NA,"Populus tremuloides Michx.",NA,NA,"2015",746,"aspen/alder/cottonwood/willow","Populus tremuloides Michx.","quaking aspen","Salicaceae","tree","tremuloides",0.691,"hw1",-2.2094,2.3867,"SalicaceaeAbove0.35spg","hardwood","Hardwood",0.36,-2.4441,2.4561,NA,NA,NA,"Check",1.24247771687658,1.05439280482869,NA
"Populus","POTR5","NEON.PLA.D05.TREE.01043","TREE_044","TREE","D05",2016-10-19,"Live","small tree",NA,130,NA,4,2.4,NA,NA,"Populus tremuloides Michx.",NA,NA,"2016",746,"aspen/alder/cottonwood/willow","Populus tremuloides Michx.","quaking aspen","Salicaceae","tree","tremuloides",0.691,"hw1",-2.2094,2.3867,"SalicaceaeAbove0.35spg","hardwood","Hardwood",0.36,-2.4441,2.4561,NA,NA,NA,"Check",0.367115057635386,0.300690508629567,NA
"Populus","POTR5","NEON.PLA.D05.TREE.03753","TREE_010","TREE","D05",2017-10-24,"Live","multi-bole tree","Partially shaded",130,NA,14.1,12.4,NA,49,"Populus tremuloides Michx.",10.8,98.2,"2017",746,"aspen/alder/cottonwood/willow","Populus tremuloides Michx.","quaking aspen","Salicaceae","tree","tremuloides",0.691,"hw1",-2.2094,2.3867,"SalicaceaeAbove0.35spg","hardwood","Hardwood",0.36,-2.4441,2.4561,NA,NA,NA,"Check",44.6826896820054,42.0817563696063,NA
"Populus","POTR5","NEON.PLA.D05.TREE.03841","TREE_019","TREE","D05",2019-10-30,"Live","small tree",NA,130,NA,5,3.1,NA,NA,"Populus tremuloides Michx.",NA,NA,"2019",746,"aspen/alder/cottonwood/willow","Populus tremuloides Michx.","quaking aspen","Salicaceae","tree","tremuloides",0.691,"hw1",-2.2094,2.3867,"SalicaceaeAbove0.35spg","hardwood","Hardwood",0.36,-2.4441,2.4561,NA,NA,NA,"Check",0.676215283133761,0.563788671558161,NA
"Populus","POTR5","NEON.PLA.D05.TREE.01043","TREE_044","TREE","D05",2017-10-17,"Standing dead","small tree",NA,130,NA,4,2.3,NA,NA,"Populus tremuloides Michx.",NA,NA,"2017",746,"aspen/alder/cottonwood/willow","Populus tremuloides Michx.","quaking aspen","Salicaceae","tree","tremuloides",0.691,"hw1",-2.2094,2.3867,"SalicaceaeAbove0.35spg","hardwood","Hardwood",0.36,-2.4441,2.4561,NA,NA,NA,"Check",0.331655996206415,0.270846125292816,NA
"Populus","POTR5","NEON.PLA.D05.TREE.02677","TREE_023","TREE","D05",2018-05-08,"Live","small tree",NA,130,NA,NA,1.2,NA,NA,"Populus tremuloides Michx.",NA,NA,"2018",746,"aspen/alder/cottonwood/willow","Populus tremuloides Michx.","quaking aspen","Salicaceae","tree","tremuloides",0.691,"hw1",-2.2094,2.3867,"SalicaceaeAbove0.35spg","hardwood","Hardwood",0.36,-2.4441,2.4561,NA,NA,NA,"Check",0.0701994819673388,0.0547973993149548,NA
"Populus","POTR5","NEON.PLA.D05.TREE.01231","TREE_043","TREE","D05",2020-10-05,"Standing dead","small tree","Mostly shaded",130,NA,4.6,3.8,NA,NA,"Populus tremuloides Michx.",NA,NA,"2020",746,"aspen/alder/cottonwood/willow","Populus tremuloides Michx.","quaking aspen","Salicaceae","tree","tremuloides",0.691,"hw1",-2.2094,2.3867,"SalicaceaeAbove0.35spg","hardwood","Hardwood",0.36,-2.4441,2.4561,NA,NA,NA,"Check",1.09931343947209,0.92958558511462,NA
"Populus","POGR4","NEON.PLA.D05.TREE.00497","TREE_057","TREE","D05",2016-10-18,"Live","small tree",NA,130,NA,2.7,1.1,NA,NA,"Populus grandidentata Michx.",NA,NA,"2016",743,"aspen/alder/cottonwood/willow","Populus grandidentata Michx.","bigtooth aspen","Salicaceae","tree","grandidentata",0.691,"hw1",-2.2094,2.3867,"SalicaceaeAbove0.35spg","hardwood","Hardwood",0.36,-2.4441,2.4561,NA,NA,NA,"Check",0.0570353287324869,0.0442534835233663,NA
"Populus","POGR4","NEON.PLA.D05.TREE.00497","TREE_057","TREE","D05",2017-10-17,"Live","small tree",NA,130,NA,2.7,1.1,NA,NA,"Populus grandidentata Michx.",NA,NA,"2017",743,"aspen/alder/cottonwood/willow","Populus grandidentata Michx.","bigtooth aspen","Salicaceae","tree","grandidentata",0.691,"hw1",-2.2094,2.3867,"SalicaceaeAbove0.35spg","hardwood","Hardwood",0.36,-2.4441,2.4561,NA,NA,NA,"Check",0.0570353287324869,0.0442534835233663,NA
"Populus","POGR4","NEON.PLA.D05.TREE.03407","TREE_044","TREE","D05",2018-10-16,"Live","multi-bole tree",NA,130,NA,12.7,10.3,NA,43,"Populus grandidentata Michx.",0.2,295,"2018",743,"aspen/alder/cottonwood/willow","Populus grandidentata Michx.","bigtooth aspen","Salicaceae","tree","grandidentata",0.691,"hw1",-2.2094,2.3867,"SalicaceaeAbove0.35spg","hardwood","Hardwood",0.36,-2.4441,2.4561,NA,NA,NA,"Check",28.6951418454303,26.6790502099925,NA
"Populus","POGR4","NEON.PLA.D05.TREE.03295","TREE_044","TREE","D05",2018-10-16,"Live","single bole tree",NA,130,NA,11.7,10.9,NA,57,"Populus grandidentata Michx.",7.7,139.8,"2018",743,"aspen/alder/cottonwood/willow","Populus grandidentata Michx.","bigtooth aspen","Salicaceae","tree","grandidentata",0.691,"hw1",-2.2094,2.3867,"SalicaceaeAbove0.35spg","hardwood","Hardwood",0.36,-2.4441,2.4561,NA,NA,NA,"Check",32.8469912136918,30.6594301339055,NA
"Populus","POGR4","NEON.PLA.D05.TREE.03182","TREE_044","TREE","D05",2016-10-19,"Live","single bole tree",NA,130,NA,10.3,10.3,NA,43,"Populus grandidentata Michx.",5.2,303.1,"2016",743,"aspen/alder/cottonwood/willow","Populus grandidentata Michx.","bigtooth aspen","Salicaceae","tree","grandidentata",0.691,"hw1",-2.2094,2.3867,"SalicaceaeAbove0.35spg","hardwood","Hardwood",0.36,-2.4441,2.4561,NA,NA,NA,"Check",28.6951418454303,26.6790502099925,NA
"Populus","POGR4","NEON.PLA.D05.TREE.03182","TREE_044","TREE","D05",2017-10-17,"Live","single bole tree",NA,130,NA,11.8,10.9,NA,43,"Populus grandidentata Michx.",5.2,303.1,"2017",743,"aspen/alder/cottonwood/willow","Populus grandidentata Michx.","bigtooth aspen","Salicaceae","tree","grandidentata",0.691,"hw1",-2.2094,2.3867,"SalicaceaeAbove0.35spg","hardwood","Hardwood",0.36,-2.4441,2.4561,NA,NA,NA,"Check",32.8469912136918,30.6594301339055,NA
"Populus","POGR4","NEON.PLA.D05.TREE.03406","TREE_044","TREE","D05",2018-10-16,"Live","single bole tree",NA,130,NA,12.5,10.3,NA,61,"Populus grandidentata Michx.",12.4,233.3,"2018",743,"aspen/alder/cottonwood/willow","Populus grandidentata Michx.","bigtooth aspen","Salicaceae","tree","grandidentata",0.691,"hw1",-2.2094,2.3867,"SalicaceaeAbove0.35spg","hardwood","Hardwood",0.36,-2.4441,2.4561,NA,NA,NA,"Check",28.6951418454303,26.6790502099925,NA
"Populus","POGR4","NEON.PLA.D05.TREE.00497","TREE_057","TREE","D05",2018-10-16,"Live","small tree",NA,130,NA,2.7,1,NA,NA,"Populus grandidentata Michx.",NA,NA,"2018",743,"aspen/alder/cottonwood/willow","Populus grandidentata Michx.","bigtooth aspen","Salicaceae","tree","grandidentata",0.691,"hw1",-2.2094,2.3867,"SalicaceaeAbove0.35spg","hardwood","Hardwood",0.36,-2.4441,2.4561,NA,NA,NA,"Check",0.0454309718603333,0.0350173187113287,NA
"Populus","POGR4","NEON.PLA.D05.TREE.00497","TREE_057","TREE","D05",2015-08-04,"Live","sapling","Full shade",10,NA,1.2,1.8,NA,NA,"Populus grandidentata Michx.",NA,NA,"2015",743,"aspen/alder/cottonwood/willow","Populus grandidentata Michx.","bigtooth aspen","Salicaceae","tree","grandidentata",0.691,"hw1",-2.2094,2.3867,"SalicaceaeAbove0.35spg","hardwood","Hardwood",0.36,-2.4441,2.4561,NA,NA,1.29814358285745,"Check",0.084687514909704,0.0664683423582185,NA
"Populus","POGR4","NEON.PLA.D05.TREE.03293","TREE_044","TREE","D05",2018-10-16,"Live","single bole tree",NA,130,NA,11.5,10.4,NA,57,"Populus grandidentata Michx.",6.9,122.9,"2018",743,"aspen/alder/cottonwood/willow","Populus grandidentata Michx.","bigtooth aspen","Salicaceae","tree","grandidentata",0.691,"hw1",-2.2094,2.3867,"SalicaceaeAbove0.35spg","hardwood","Hardwood",0.36,-2.4441,2.4561,NA,NA,NA,"Check",29.3645427481464,27.3197324231069,NA
"Populus","POGR4","NEON.PLA.D05.TREE.03294","TREE_044","TREE","D05",2018-10-16,"Live","single bole tree",NA,130,NA,11.7,11.2,NA,57,"Populus grandidentata Michx.",6.3,136.4,"2018",743,"aspen/alder/cottonwood/willow","Populus grandidentata Michx.","bigtooth aspen","Salicaceae","tree","grandidentata",0.691,"hw1",-2.2094,2.3867,"SalicaceaeAbove0.35spg","hardwood","Hardwood",0.36,-2.4441,2.4561,NA,NA,NA,"Check",35.0459975602688,32.7736825119725,NA
"Populus","POGR4","NEON.PLA.D05.TREE.03291","TREE_044","TREE","D05",2018-10-16,"Live","single bole tree",NA,130,NA,10.9,11.2,NA,41,"Populus grandidentata Michx.",10.3,340.9,"2018",743,"aspen/alder/cottonwood/willow","Populus grandidentata Michx.","bigtooth aspen","Salicaceae","tree","grandidentata",0.691,"hw1",-2.2094,2.3867,"SalicaceaeAbove0.35spg","hardwood","Hardwood",0.36,-2.4441,2.4561,NA,NA,NA,"Check",35.0459975602688,32.7736825119725,NA
"Populus","POGR4","NEON.PLA.D05.TREE.03408","TREE_044","TREE","D05",2018-10-16,"Live","single bole tree",NA,130,NA,10.6,10.7,NA,43,"Populus grandidentata Michx.",6.6,317,"2018",743,"aspen/alder/cottonwood/willow","Populus grandidentata Michx.","bigtooth aspen","Salicaceae","tree","grandidentata",0.691,"hw1",-2.2094,2.3867,"SalicaceaeAbove0.35spg","hardwood","Hardwood",0.36,-2.4441,2.4561,NA,NA,NA,"Check",31.426790750753,29.2961366804277,NA
"Populus","POGR4","NEON.PLA.D05.TREE.03292","TREE_044","TREE","D05",2018-10-16,"Live","single bole tree",NA,150,NA,12,10,NA,59,"Populus grandidentata Michx.",8.4,224.1,"2018",743,"aspen/alder/cottonwood/willow","Populus grandidentata Michx.","bigtooth aspen","Salicaceae","tree","grandidentata",0.691,"hw1",-2.2094,2.3867,"SalicaceaeAbove0.35spg","hardwood","Hardwood",0.36,-2.4441,2.4561,NA,NA,NA,"Check",11.0675636257392,10.0088202311018,NA
"Populus","POGR4","NEON.PLA.D05.TREE.03290","TREE_044","TREE","D05",2018-10-16,"Live","single bole tree",NA,130,NA,12.4,10.2,NA,41,"Populus grandidentata Michx.",11.4,351.4,"2018",743,"aspen/alder/cottonwood/willow","Populus grandidentata Michx.","bigtooth aspen","Salicaceae","tree","grandidentata",0.691,"hw1",-2.2094,2.3867,"SalicaceaeAbove0.35spg","hardwood","Hardwood",0.36,-2.4441,2.4561,NA,NA,NA,"Check",28.0346928065177,26.0473615709453,NA
"Populus","POGR4","NEON.PLA.D05.TREE.03298","TREE_044","TREE","D05",2018-10-16,"Live","single bole tree",NA,130,NA,12.1,10.3,NA,59,"Populus grandidentata Michx.",6.5,143.7,"2018",743,"aspen/alder/cottonwood/willow","Populus grandidentata Michx.","bigtooth aspen","Salicaceae","tree","grandidentata",0.691,"hw1",-2.2094,2.3867,"SalicaceaeAbove0.35spg","hardwood","Hardwood",0.36,-2.4441,2.4561,NA,NA,NA,"Check",28.6951418454303,26.6790502099925,NA
"Populus","POGR4","NEON.PLA.D05.TREE.00899","TREE_057","TREE","D05",2018-10-16,"Live","small tree",NA,130,NA,5.3,2.4,NA,NA,"Populus grandidentata Michx.",NA,NA,"2018",743,"aspen/alder/cottonwood/willow","Populus grandidentata Michx.","bigtooth aspen","Salicaceae","tree","grandidentata",0.691,"hw1",-2.2094,2.3867,"SalicaceaeAbove0.35spg","hardwood","Hardwood",0.36,-2.4441,2.4561,NA,NA,NA,"Check",0.367115057635386,0.300690508629567,NA
"Populus","POGR4","NEON.PLA.D05.TREE.00217","TREE_057","TREE","D05",2018-10-16,"Live","small tree",NA,130,NA,4.4,2.9,NA,NA,"Populus grandidentata Michx.",NA,NA,"2018",743,"aspen/alder/cottonwood/willow","Populus grandidentata Michx.","bigtooth aspen","Salicaceae","tree","grandidentata",0.691,"hw1",-2.2094,2.3867,"SalicaceaeAbove0.35spg","hardwood","Hardwood",0.36,-2.4441,2.4561,NA,NA,NA,"Check",0.576709796705388,0.478606521009012,NA
"Populus","POGR4","NEON.PLA.D05.TREE.00415","TREE_057","TREE","D05",2018-10-16,"Standing dead","small tree",NA,130,NA,1.3,1.3,NA,NA,"Populus grandidentata Michx.",NA,NA,"2018",743,"aspen/alder/cottonwood/willow","Populus grandidentata Michx.","bigtooth aspen","Salicaceae","tree","grandidentata",0.691,"hw1",-2.2094,2.3867,"SalicaceaeAbove0.35spg","hardwood","Hardwood",0.36,-2.4441,2.4561,NA,NA,NA,"Check",0.0849768496237214,0.0667020461517271,NA
"Populus","POGR4","NEON.PLA.D05.TREE.03407A","TREE_044","TREE","D05",2018-10-16,"Live","multi-bole tree",NA,130,NA,12.7,9.8,NA,NA,"Populus grandidentata Michx.",NA,NA,"2018",743,"aspen/alder/cottonwood/willow","Populus grandidentata Michx.","bigtooth aspen","Salicaceae","tree","grandidentata",0.691,"hw1",-2.2094,2.3867,"SalicaceaeAbove0.35spg","hardwood","Hardwood",0.36,-2.4441,2.4561,NA,NA,NA,"Check",10.5465715224777,9.52430409934846,NA
"Populus","POGR4","NEON.PLA.D05.TREE.03288","TREE_044","TREE","D05",2018-10-16,"Live","single bole tree",NA,130,NA,12.9,10.8,NA,41,"Populus grandidentata Michx.",3.5,335.4,"2018",743,"aspen/alder/cottonwood/willow","Populus grandidentata Michx.","bigtooth aspen","Salicaceae","tree","grandidentata",0.691,"hw1",-2.2094,2.3867,"SalicaceaeAbove0.35spg","hardwood","Hardwood",0.36,-2.4441,2.4561,NA,NA,NA,"Check",32.1323322471414,29.9731883394779,NA
"Populus","POGR4","NEON.PLA.D05.TREE.03183","TREE_044","TREE","D05",2016-10-19,"Live","single bole tree",NA,130,NA,11,10.4,NA,41,"Populus grandidentata Michx.",7.9,51.6,"2016",743,"aspen/alder/cottonwood/willow","Populus grandidentata Michx.","bigtooth aspen","Salicaceae","tree","grandidentata",0.691,"hw1",-2.2094,2.3867,"SalicaceaeAbove0.35spg","hardwood","Hardwood",0.36,-2.4441,2.4561,NA,NA,NA,"Check",29.3645427481464,27.3197324231069,NA
"Populus","POGR4","NEON.PLA.D05.TREE.03182","TREE_044","TREE","D05",2018-10-16,"Live","single bole tree",NA,130,NA,12.7,11.7,NA,43,"Populus grandidentata Michx.",5.2,303.1,"2018",743,"aspen/alder/cottonwood/willow","Populus grandidentata Michx.","bigtooth aspen","Salicaceae","tree","grandidentata",0.691,"hw1",-2.2094,2.3867,"SalicaceaeAbove0.35spg","hardwood","Hardwood",0.36,-2.4441,2.4561,NA,NA,NA,"Check",38.8963606126779,36.4848152818932,NA
"Populus","POGR4","NEON.PLA.D05.TREE.03300","TREE_044","TREE","D05",2018-10-16,"Live","single bole tree",NA,130,NA,11.9,10.3,NA,59,"Populus grandidentata Michx.",7.2,161.7,"2018",743,"aspen/alder/cottonwood/willow","Populus grandidentata Michx.","bigtooth aspen","Salicaceae","tree","grandidentata",0.691,"hw1",-2.2094,2.3867,"SalicaceaeAbove0.35spg","hardwood","Hardwood",0.36,-2.4441,2.4561,NA,NA,NA,"Check",28.6951418454303,26.6790502099925,NA
"Populus","POGR4","NEON.PLA.D05.TREE.03289","TREE_044","TREE","D05",2018-10-16,"Live","single bole tree",NA,130,NA,12.4,11.7,NA,41,"Populus grandidentata Michx.",4.1,349.2,"2018",743,"aspen/alder/cottonwood/willow","Populus grandidentata Michx.","bigtooth aspen","Salicaceae","tree","grandidentata",0.691,"hw1",-2.2094,2.3867,"SalicaceaeAbove0.35spg","hardwood","Hardwood",0.36,-2.4441,2.4561,NA,NA,NA,"Check",38.8963606126779,36.4848152818932,NA
"Populus","POGR4","NEON.PLA.D05.TREE.03183","TREE_044","TREE","D05",2018-10-16,"Live","single bole tree",NA,130,NA,12.7,12,NA,41,"Populus grandidentata Michx.",7.9,51.6,"2018",743,"aspen/alder/cottonwood/willow","Populus grandidentata Michx.","bigtooth aspen","Salicaceae","tree","grandidentata",0.691,"hw1",-2.2094,2.3867,"SalicaceaeAbove0.35spg","hardwood","Hardwood",0.36,-2.4441,2.4561,NA,NA,NA,"Check",41.3191759550932,38.8255766917915,NA
"Populus","POGR4","NEON.PLA.D05.TREE.03183","TREE_044","TREE","D05",2017-10-17,"Live","single bole tree",NA,130,NA,7.2,11.2,NA,41,"Populus grandidentata Michx.",7.9,51.6,"2017",743,"aspen/alder/cottonwood/willow","Populus grandidentata Michx.","bigtooth aspen","Salicaceae","tree","grandidentata",0.691,"hw1",-2.2094,2.3867,"SalicaceaeAbove0.35spg","hardwood","Hardwood",0.36,-2.4441,2.4561,NA,NA,NA,"Check",35.0459975602688,32.7736825119725,NA
"Populus","POGR4","NEON.PLA.D05.TREE.00804","TREE_057","TREE","D05",2015-08-04,"Live","small tree","Full shade",130,NA,4.4,2.4,NA,NA,"Populus grandidentata Michx.",NA,NA,"2015",743,"aspen/alder/cottonwood/willow","Populus grandidentata Michx.","bigtooth aspen","Salicaceae","tree","grandidentata",0.691,"hw1",-2.2094,2.3867,"SalicaceaeAbove0.35spg","hardwood","Hardwood",0.36,-2.4441,2.4561,NA,NA,NA,"Check",0.367115057635386,0.300690508629567,NA
"Populus","POGR4","NEON.PLA.D05.TREE.00803","TREE_057","TREE","D05",2015-08-04,"Live","small tree","Full shade",130,NA,2.4,1.2,NA,NA,"Populus grandidentata Michx.",NA,NA,"2015",743,"aspen/alder/cottonwood/willow","Populus grandidentata Michx.","bigtooth aspen","Salicaceae","tree","grandidentata",0.691,"hw1",-2.2094,2.3867,"SalicaceaeAbove0.35spg","hardwood","Hardwood",0.36,-2.4441,2.4561,NA,NA,NA,"Check",0.0701994819673388,0.0547973993149548,NA
"Populus","POGR4","NEON.PLA.D05.TREE.00408","TREE_057","TREE","D05",2018-10-16,"Live","small tree",NA,130,NA,3.6,1.5,NA,NA,"Populus grandidentata Michx.",NA,NA,"2018",743,"aspen/alder/cottonwood/willow","Populus grandidentata Michx.","bigtooth aspen","Salicaceae","tree","grandidentata",0.691,"hw1",-2.2094,2.3867,"SalicaceaeAbove0.35spg","hardwood","Hardwood",0.36,-2.4441,2.4561,NA,NA,NA,"Check",0.119571873869334,0.094793952160853,NA
"Populus","POGR4","NEON.PLA.D05.TREE.00415","TREE_057","TREE","D05",2017-10-17,"Dead, broken bole","small tree",NA,130,NA,1.5,1.3,NA,NA,"Populus grandidentata Michx.",NA,NA,"2017",743,"aspen/alder/cottonwood/willow","Populus grandidentata Michx.","bigtooth aspen","Salicaceae","tree","grandidentata",0.691,"hw1",-2.2094,2.3867,"SalicaceaeAbove0.35spg","hardwood","Hardwood",0.36,-2.4441,2.4561,NA,NA,NA,"Check",0.0849768496237214,0.0667020461517271,NA
"Populus","POGR4","NEON.PLA.D05.TREE.03299","TREE_044","TREE","D05",2018-10-16,"Live","single bole tree",NA,130,NA,10.4,10.2,NA,59,"Populus grandidentata Michx.",7.5,153.7,"2018",743,"aspen/alder/cottonwood/willow","Populus grandidentata Michx.","bigtooth aspen","Salicaceae","tree","grandidentata",0.691,"hw1",-2.2094,2.3867,"SalicaceaeAbove0.35spg","hardwood","Hardwood",0.36,-2.4441,2.4561,NA,NA,NA,"Check",28.0346928065177,26.0473615709453,NA
"Populus","POGR4","NEON.PLA.D05.TREE.00408","TREE_057","TREE","D05",2017-10-17,"Live","small tree",NA,130,NA,3.4,1.7,NA,NA,"Populus grandidentata Michx.",NA,NA,"2017",743,"aspen/alder/cottonwood/willow","Populus grandidentata Michx.","bigtooth aspen","Salicaceae","tree","grandidentata",0.691,"hw1",-2.2094,2.3867,"SalicaceaeAbove0.35spg","hardwood","Hardwood",0.36,-2.4441,2.4561,NA,NA,NA,"Check",0.161199788628141,0.128910556945084,NA
"Populus","POGR4","NEON.PLA.D05.TREE.00415","TREE_057","TREE","D05",2015-08-04,"Live","small tree","Full shade",130,NA,2.3,1,NA,NA,"Populus grandidentata Michx.",NA,NA,"2015",743,"aspen/alder/cottonwood/willow","Populus grandidentata Michx.","bigtooth aspen","Salicaceae","tree","grandidentata",0.691,"hw1",-2.2094,2.3867,"SalicaceaeAbove0.35spg","hardwood","Hardwood",0.36,-2.4441,2.4561,NA,NA,NA,"Check",0.0454309718603333,0.0350173187113287,NA
"Populus","POGR4","NEON.PLA.D05.TREE.00967","TREE_057","TREE","D05",2015-08-04,"Live","sapling","Full shade",10,NA,2.1,1,NA,NA,"Populus grandidentata Michx.",NA,NA,"2015",743,"aspen/alder/cottonwood/willow","Populus grandidentata Michx.","bigtooth aspen","Salicaceae","tree","grandidentata",0.691,"hw1",-2.2094,2.3867,"SalicaceaeAbove0.35spg","hardwood","Hardwood",0.36,-2.4441,2.4561,NA,NA,0.704469670267665,"Check",0.0196899665737081,0.0148121289446279,NA
"Populus","POGR4","NEON.PLA.D05.TREE.00753","TREE_057","TREE","D05",2015-08-04,"Live","sapling","Full shade",10,NA,1.3,1.1,NA,NA,"Populus grandidentata Michx.",NA,NA,"2015",743,"aspen/alder/cottonwood/willow","Populus grandidentata Michx.","bigtooth aspen","Salicaceae","tree","grandidentata",0.691,"hw1",-2.2094,2.3867,"SalicaceaeAbove0.35spg","hardwood","Hardwood",0.36,-2.4441,2.4561,NA,NA,0.777869901180713,"Check",0.02494478046453,0.0188946778303482,NA
"Populus","POGR4","NEON.PLA.D05.TREE.03402","TREE_044","TREE","D05",2018-10-16,"Live","single bole tree",NA,130,NA,9.8,10.5,NA,59,"Populus grandidentata Michx.",5.3,98.8,"2018",743,"aspen/alder/cottonwood/willow","Populus grandidentata Michx.","bigtooth aspen","Salicaceae","tree","grandidentata",0.691,"hw1",-2.2094,2.3867,"SalicaceaeAbove0.35spg","hardwood","Hardwood",0.36,-2.4441,2.4561,NA,NA,NA,"Check",30.0429290240459,27.969447930941,NA
"Populus","POGR4","NEON.PLA.D05.TREE.00804","TREE_057","TREE","D05",2016-10-18,"Live","small tree",NA,130,NA,4.4,2.9,NA,NA,"Populus grandidentata Michx.",NA,NA,"2016",743,"aspen/alder/cottonwood/willow","Populus grandidentata Michx.","bigtooth aspen","Salicaceae","tree","grandidentata",0.691,"hw1",-2.2094,2.3867,"SalicaceaeAbove0.35spg","hardwood","Hardwood",0.36,-2.4441,2.4561,NA,NA,NA,"Check",0.576709796705388,0.478606521009012,NA
"Populus","POGR4","NEON.PLA.D05.TREE.00217","TREE_057","TREE","D05",2017-10-17,"Live","small tree",NA,130,NA,3.8,2.5,NA,NA,"Populus grandidentata Michx.",NA,NA,"2017",743,"aspen/alder/cottonwood/willow","Populus grandidentata Michx.","bigtooth aspen","Salicaceae","tree","grandidentata",0.691,"hw1",-2.2094,2.3867,"SalicaceaeAbove0.35spg","hardwood","Hardwood",0.36,-2.4441,2.4561,NA,NA,NA,"Check",0.404683452116471,0.332401782667544,NA
"Populus","POGR4","NEON.PLA.D05.TREE.00408","TREE_057","TREE","D05",2015-08-04,"Live","small tree","Full shade",130,NA,3.7,1.5,NA,NA,"Populus grandidentata Michx.",NA,NA,"2015",743,"aspen/alder/cottonwood/willow","Populus grandidentata Michx.","bigtooth aspen","Salicaceae","tree","grandidentata",0.691,"hw1",-2.2094,2.3867,"SalicaceaeAbove0.35spg","hardwood","Hardwood",0.36,-2.4441,2.4561,NA,NA,NA,"Check",0.119571873869334,0.094793952160853,NA
"Populus","POGR4","NEON.PLA.D05.TREE.03403","TREE_044","TREE","D05",2018-10-16,"Live","single bole tree",NA,130,NA,10.9,10,NA,59,"Populus grandidentata Michx.",9.7,100.8,"2018",743,"aspen/alder/cottonwood/willow","Populus grandidentata Michx.","bigtooth aspen","Salicaceae","tree","grandidentata",0.691,"hw1",-2.2094,2.3867,"SalicaceaeAbove0.35spg","hardwood","Hardwood",0.36,-2.4441,2.4561,NA,NA,NA,"Check",11.0675636257392,10.0088202311018,NA
"Populus","POGR4","NEON.PLA.D05.TREE.00424","TREE_057","TREE","D05",2015-08-04,"Live","sapling","Full shade",10,NA,2.1,1.9,NA,NA,"Populus grandidentata Michx.",NA,NA,"2015",743,"aspen/alder/cottonwood/willow","Populus grandidentata Michx.","bigtooth aspen","Salicaceae","tree","grandidentata",0.691,"hw1",-2.2094,2.3867,"SalicaceaeAbove0.35spg","hardwood","Hardwood",0.36,-2.4441,2.4561,NA,NA,1.37322264723203,"Check",0.0968497201001479,0.076311230050025,NA
"Populus","POGR4","NEON.PLA.D05.TREE.00886","TREE_057","TREE","D05",2017-10-17,"Live","single bole tree",NA,130,NA,20,23.9,NA,41,"Populus grandidentata Michx.",6.8,134.7,"2017",743,"aspen/alder/cottonwood/willow","Populus grandidentata Michx.","bigtooth aspen","Salicaceae","tree","grandidentata",0.691,"hw1",-2.2094,2.3867,"SalicaceaeAbove0.35spg","hardwood","Hardwood",0.36,-2.4441,2.4561,NA,NA,NA,"Check",213.940024831603,210.874439522446,NA
"Populus","POGR4","NEON.PLA.D05.TREE.03405A","TREE_044","TREE","D05",2018-10-16,"Live","multi-bole tree",NA,130,NA,10.6,6.5,NA,NA,"Populus grandidentata Michx.",NA,NA,"2018",743,"aspen/alder/cottonwood/willow","Populus grandidentata Michx.","bigtooth aspen","Salicaceae","tree","grandidentata",0.691,"hw1",-2.2094,2.3867,"SalicaceaeAbove0.35spg","hardwood","Hardwood",0.36,-2.4441,2.4561,NA,NA,NA,"Check",3.95851537096969,3.4743965426168,NA
"Populus","POGR4","NEON.PLA.D05.TREE.00424","TREE_057","TREE","D05",2017-10-17,"Live, broken bole","small tree",NA,130,NA,2.2,1.1,NA,NA,"Populus grandidentata Michx.",NA,NA,"2017",743,"aspen/alder/cottonwood/willow","Populus grandidentata Michx.","bigtooth aspen","Salicaceae","tree","grandidentata",0.691,"hw1",-2.2094,2.3867,"SalicaceaeAbove0.35spg","hardwood","Hardwood",0.36,-2.4441,2.4561,NA,NA,NA,"Check",0.0570353287324869,0.0442534835233663,NA
"Populus","POGR4","NEON.PLA.D05.TREE.03287","TREE_044","TREE","D05",2018-10-16,"Live","single bole tree",NA,130,NA,12.6,11.1,NA,41,"Populus grandidentata Michx.",14.4,311.8,"2018",743,"aspen/alder/cottonwood/willow","Populus grandidentata Michx.","bigtooth aspen","Salicaceae","tree","grandidentata",0.691,"hw1",-2.2094,2.3867,"SalicaceaeAbove0.35spg","hardwood","Hardwood",0.36,-2.4441,2.4561,NA,NA,NA,"Check",34.3037915892512,32.0596387935289,NA
"Populus","POGR4","NEON.PLA.D05.TREE.03401","TREE_044","TREE","D05",2018-10-16,"Live","single bole tree",NA,130,NA,11.6,11.4,NA,59,"Populus grandidentata Michx.",4,95.6,"2018",743,"aspen/alder/cottonwood/willow","Populus grandidentata Michx.","bigtooth aspen","Salicaceae","tree","grandidentata",0.691,"hw1",-2.2094,2.3867,"SalicaceaeAbove0.35spg","hardwood","Hardwood",0.36,-2.4441,2.4561,NA,NA,NA,"Check",36.5581811394837,34.2298394499339,NA
"Populus","POGR4","NEON.PLA.D05.TREE.00803","TREE_057","TREE","D05",2016-10-18,"Live","small tree",NA,130,NA,2.7,1.4,NA,NA,"Populus grandidentata Michx.",NA,NA,"2016",743,"aspen/alder/cottonwood/willow","Populus grandidentata Michx.","bigtooth aspen","Salicaceae","tree","grandidentata",0.691,"hw1",-2.2094,2.3867,"SalicaceaeAbove0.35spg","hardwood","Hardwood",0.36,-2.4441,2.4561,NA,NA,NA,"Check",0.10141817940551,0.080018048845408,NA
"Populus","POGR4","NEON.PLA.D05.TREE.03296","TREE_044","TREE","D05",2018-10-16,"Live","single bole tree",NA,130,NA,11.7,10,NA,57,"Populus grandidentata Michx.",11.7,156.4,"2018",743,"aspen/alder/cottonwood/willow","Populus grandidentata Michx.","bigtooth aspen","Salicaceae","tree","grandidentata",0.691,"hw1",-2.2094,2.3867,"SalicaceaeAbove0.35spg","hardwood","Hardwood",0.36,-2.4441,2.4561,NA,NA,NA,"Check",11.0675636257392,10.0088202311018,NA
"Populus","POGR4","NEON.PLA.D05.TREE.00416","TREE_057","TREE","D05",2016-10-18,"Live","small tree",NA,130,NA,2.3,1,NA,NA,"Populus grandidentata Michx.",NA,NA,"2016",743,"aspen/alder/cottonwood/willow","Populus grandidentata Michx.","bigtooth aspen","Salicaceae","tree","grandidentata",0.691,"hw1",-2.2094,2.3867,"SalicaceaeAbove0.35spg","hardwood","Hardwood",0.36,-2.4441,2.4561,NA,NA,NA,"Check",0.0454309718603333,0.0350173187113287,NA
"Populus","POGR4","NEON.PLA.D05.TREE.00886","TREE_057","TREE","D05",2018-10-16,"Live","single bole tree",NA,130,NA,19.1,25.1,NA,41,"Populus grandidentata Michx.",6.8,134.7,"2018",743,"aspen/alder/cottonwood/willow","Populus grandidentata Michx.","bigtooth aspen","Salicaceae","tree","grandidentata",0.691,"hw1",-2.2094,2.3867,"SalicaceaeAbove0.35spg","hardwood","Hardwood",0.36,-2.4441,2.4561,NA,NA,NA,"Check",240.475614255278,237.83703610611,NA
"Populus","POGR4","NEON.PLA.D05.TREE.00886","TREE_057","TREE","D05",2016-10-18,"Live","single bole tree",NA,130,NA,21.1,23,NA,41,"Populus grandidentata Michx.",6.8,134.7,"2016",743,"aspen/alder/cottonwood/willow","Populus grandidentata Michx.","bigtooth aspen","Salicaceae","tree","grandidentata",0.691,"hw1",-2.2094,2.3867,"SalicaceaeAbove0.35spg","hardwood","Hardwood",0.36,-2.4441,2.4561,NA,NA,NA,"Check",195.211589598203,191.902483342142,NA
"Populus","POGR4","NEON.PLA.D05.TREE.00423","TREE_057","TREE","D05",2015-08-04,"Live","small tree","Full shade",130,NA,3,2,NA,NA,"Populus grandidentata Michx.",NA,NA,"2015",743,"aspen/alder/cottonwood/willow","Populus grandidentata Michx.","bigtooth aspen","Salicaceae","tree","grandidentata",0.691,"hw1",-2.2094,2.3867,"SalicaceaeAbove0.35spg","hardwood","Hardwood",0.36,-2.4441,2.4561,NA,NA,NA,"Check",0.23758571125493,0.192151005445243,NA
"Populus","POGR4","NEON.PLA.D05.TREE.00886","TREE_057","TREE","D05",2015-08-04,"Live","single bole tree","Full sun",130,NA,18.2,21.7,NA,41,"Populus grandidentata Michx.",6.8,134.7,"2015",743,"aspen/alder/cottonwood/willow","Populus grandidentata Michx.","bigtooth aspen","Salicaceae","tree","grandidentata",0.691,"hw1",-2.2094,2.3867,"SalicaceaeAbove0.35spg","hardwood","Hardwood",0.36,-2.4441,2.4561,NA,NA,NA,"Check",169.901893302793,166.348775778888,NA
"Populus","POGR4","NEON.PLA.D05.TREE.00889","TREE_057","TREE","D05",2015-08-04,"Live","sapling","Full shade",10,NA,1.8,1,NA,NA,"Populus grandidentata Michx.",NA,NA,"2015",743,"aspen/alder/cottonwood/willow","Populus grandidentata Michx.","bigtooth aspen","Salicaceae","tree","grandidentata",0.691,"hw1",-2.2094,2.3867,"SalicaceaeAbove0.35spg","hardwood","Hardwood",0.36,-2.4441,2.4561,NA,NA,0.704469670267665,"Check",0.0196899665737081,0.0148121289446279,NA
"Populus","POGR4","NEON.PLA.D05.TREE.00804","TREE_057","TREE","D05",2018-10-16,"Live","small tree",NA,130,NA,5.8,4,NA,NA,"Populus grandidentata Michx.",NA,NA,"2018",743,"aspen/alder/cottonwood/willow","Populus grandidentata Michx.","bigtooth aspen","Salicaceae","tree","grandidentata",0.691,"hw1",-2.2094,2.3867,"SalicaceaeAbove0.35spg","hardwood","Hardwood",0.36,-2.4441,2.4561,NA,NA,NA,"Check",1.24247771687658,1.05439280482869,NA
"Populus","POGR4","NEON.PLA.D05.TREE.00702","TREE_057","TREE","D05",2018-10-16,"Live","small tree",NA,130,NA,3.8,1.3,NA,NA,"Populus grandidentata Michx.",NA,NA,"2018",743,"aspen/alder/cottonwood/willow","Populus grandidentata Michx.","bigtooth aspen","Salicaceae","tree","grandidentata",0.691,"hw1",-2.2094,2.3867,"SalicaceaeAbove0.35spg","hardwood","Hardwood",0.36,-2.4441,2.4561,NA,NA,NA,"Check",0.0849768496237214,0.0667020461517271,NA
"Populus","POGR4","NEON.PLA.D05.TREE.00804","TREE_057","TREE","D05",2017-10-17,"Live","small tree",NA,130,NA,5.4,3.5,NA,NA,"Populus grandidentata Michx.",NA,NA,"2017",743,"aspen/alder/cottonwood/willow","Populus grandidentata Michx.","bigtooth aspen","Salicaceae","tree","grandidentata",0.691,"hw1",-2.2094,2.3867,"SalicaceaeAbove0.35spg","hardwood","Hardwood",0.36,-2.4441,2.4561,NA,NA,NA,"Check",0.903398216427415,0.759571065422187,NA
"Populus","POGR4","NEON.PLA.D05.TREE.00423","TREE_057","TREE","D05",2018-10-16,"Live","small tree",NA,130,NA,4.1,2.4,NA,NA,"Populus grandidentata Michx.",NA,NA,"2018",743,"aspen/alder/cottonwood/willow","Populus grandidentata Michx.","bigtooth aspen","Salicaceae","tree","grandidentata",0.691,"hw1",-2.2094,2.3867,"SalicaceaeAbove0.35spg","hardwood","Hardwood",0.36,-2.4441,2.4561,NA,NA,NA,"Check",0.367115057635386,0.300690508629567,NA
"Populus","POGR4","NEON.PLA.D05.TREE.00217","TREE_057","TREE","D05",2016-10-18,"Live","small tree",NA,130,NA,3.4,2.1,NA,NA,"Populus grandidentata Michx.",NA,NA,"2016",743,"aspen/alder/cottonwood/willow","Populus grandidentata Michx.","bigtooth aspen","Salicaceae","tree","grandidentata",0.691,"hw1",-2.2094,2.3867,"SalicaceaeAbove0.35spg","hardwood","Hardwood",0.36,-2.4441,2.4561,NA,NA,NA,"Check",0.266927192163398,0.216613589315234,NA
"Populus","POGR4","NEON.PLA.D05.TREE.00423","TREE_057","TREE","D05",2016-10-18,"Live","small tree",NA,130,NA,3.6,1.9,NA,NA,"Populus grandidentata Michx.",NA,NA,"2016",743,"aspen/alder/cottonwood/willow","Populus grandidentata Michx.","bigtooth aspen","Salicaceae","tree","grandidentata",0.691,"hw1",-2.2094,2.3867,"SalicaceaeAbove0.35spg","hardwood","Hardwood",0.36,-2.4441,2.4561,NA,NA,NA,"Check",0.210209939270102,0.169406319930455,NA
"Populus","POGR4","NEON.PLA.D05.TREE.03405","TREE_044","TREE","D05",2018-10-16,"Live","multi-bole tree",NA,130,NA,10.6,10.4,NA,61,"Populus grandidentata Michx.",11.1,241.7,"2018",743,"aspen/alder/cottonwood/willow","Populus grandidentata Michx.","bigtooth aspen","Salicaceae","tree","grandidentata",0.691,"hw1",-2.2094,2.3867,"SalicaceaeAbove0.35spg","hardwood","Hardwood",0.36,-2.4441,2.4561,NA,NA,NA,"Check",29.3645427481464,27.3197324231069,NA
"Populus","POGR4","NEON.PLA.D05.TREE.00424","TREE_057","TREE","D05",2016-10-18,"Live","small tree",NA,130,NA,2.5,1,NA,NA,"Populus grandidentata Michx.",NA,NA,"2016",743,"aspen/alder/cottonwood/willow","Populus grandidentata Michx.","bigtooth aspen","Salicaceae","tree","grandidentata",0.691,"hw1",-2.2094,2.3867,"SalicaceaeAbove0.35spg","hardwood","Hardwood",0.36,-2.4441,2.4561,NA,NA,NA,"Check",0.0454309718603333,0.0350173187113287,NA
"Populus","POGR4","NEON.PLA.D05.TREE.00450","TREE_057","TREE","D05",2015-08-04,"Live","sapling","Full shade",10,NA,2,1.3,NA,NA,"Populus grandidentata Michx.",NA,NA,"2015",743,"aspen/alder/cottonwood/willow","Populus grandidentata Michx.","bigtooth aspen","Salicaceae","tree","grandidentata",0.691,"hw1",-2.2094,2.3867,"SalicaceaeAbove0.35spg","hardwood","Hardwood",0.36,-2.4441,2.4561,NA,NA,0.925450366054231,"Check",0.0377613094911015,0.0289496165253258,NA
"Populus","POGR4","NEON.PLA.D05.TREE.00702","TREE_057","TREE","D05",2015-08-04,"Live","small tree","Full shade",130,NA,3,1.1,NA,NA,"Populus grandidentata Michx.",NA,NA,"2015",743,"aspen/alder/cottonwood/willow","Populus grandidentata Michx.","bigtooth aspen","Salicaceae","tree","grandidentata",0.691,"hw1",-2.2094,2.3867,"SalicaceaeAbove0.35spg","hardwood","Hardwood",0.36,-2.4441,2.4561,NA,NA,NA,"Check",0.0570353287324869,0.0442534835233663,NA
"Populus","POGR4","NEON.PLA.D05.TREE.00803","TREE_057","TREE","D05",2017-10-17,"Live","small tree",NA,130,NA,3.7,1.8,NA,NA,"Populus grandidentata Michx.",NA,NA,"2017",743,"aspen/alder/cottonwood/willow","Populus grandidentata Michx.","bigtooth aspen","Salicaceae","tree","grandidentata",0.691,"hw1",-2.2094,2.3867,"SalicaceaeAbove0.35spg","hardwood","Hardwood",0.36,-2.4441,2.4561,NA,NA,NA,"Check",0.184761259990128,0.148339799857963,NA
"Populus","POGR4","NEON.PLA.D05.TREE.00899","TREE_057","TREE","D05",2016-10-18,"Live","small tree",NA,130,NA,NA,2.1,NA,NA,"Populus grandidentata Michx.",NA,NA,"2016",743,"aspen/alder/cottonwood/willow","Populus grandidentata Michx.","bigtooth aspen","Salicaceae","tree","grandidentata",0.691,"hw1",-2.2094,2.3867,"SalicaceaeAbove0.35spg","hardwood","Hardwood",0.36,-2.4441,2.4561,NA,NA,NA,"Check",0.266927192163398,0.216613589315234,NA
"Populus","POGR4","NEON.PLA.D05.TREE.00945","TREE_057","TREE","D05",2015-08-04,"Live","sapling","Full shade",10,NA,1.5,1.5,NA,NA,"Populus grandidentata Michx.",NA,NA,"2015",743,"aspen/alder/cottonwood/willow","Populus grandidentata Michx.","bigtooth aspen","Salicaceae","tree","grandidentata",0.691,"hw1",-2.2094,2.3867,"SalicaceaeAbove0.35spg","hardwood","Hardwood",0.36,-2.4441,2.4561,NA,NA,1.07394332059371,"Check",0.0538635833700241,0.0417230655624685,NA
"Populus","POGR4","NEON.PLA.D05.TREE.00429","TREE_057","TREE","D05",2015-08-04,"Live","sapling","Full shade",10,NA,2,1.6,NA,NA,"Populus grandidentata Michx.",NA,NA,"2015",743,"aspen/alder/cottonwood/willow","Populus grandidentata Michx.","bigtooth aspen","Salicaceae","tree","grandidentata",0.691,"hw1",-2.2094,2.3867,"SalicaceaeAbove0.35spg","hardwood","Hardwood",0.36,-2.4441,2.4561,NA,NA,1.14849394850273,"Check",0.0632209798191184,0.0491999902309203,NA
"Populus","POGR4","NEON.PLA.D05.TREE.00423","TREE_057","TREE","D05",2017-10-17,"Live","small tree",NA,130,NA,3.7,2.2,NA,NA,"Populus grandidentata Michx.",NA,NA,"2017",743,"aspen/alder/cottonwood/willow","Populus grandidentata Michx.","bigtooth aspen","Salicaceae","tree","grandidentata",0.691,"hw1",-2.2094,2.3867,"SalicaceaeAbove0.35spg","hardwood","Hardwood",0.36,-2.4441,2.4561,NA,NA,NA,"Check",0.298271830618665,0.24283273723977,NA
"Populus","POGR4","NEON.PLA.D05.TREE.03404","TREE_044","TREE","D05",2018-10-16,"Live","single bole tree",NA,130,NA,9.9,10.5,NA,59,"Populus grandidentata Michx.",7.5,103.1,"2018",743,"aspen/alder/cottonwood/willow","Populus grandidentata Michx.","bigtooth aspen","Salicaceae","tree","grandidentata",0.691,"hw1",-2.2094,2.3867,"SalicaceaeAbove0.35spg","hardwood","Hardwood",0.36,-2.4441,2.4561,NA,NA,NA,"Check",30.0429290240459,27.969447930941,NA
"Populus","POGR4","NEON.PLA.D05.TREE.00702","TREE_057","TREE","D05",2016-10-18,"Live","small tree",NA,130,NA,3.5,1.4,NA,NA,"Populus grandidentata Michx.",NA,NA,"2016",743,"aspen/alder/cottonwood/willow","Populus grandidentata Michx.","bigtooth aspen","Salicaceae","tree","grandidentata",0.691,"hw1",-2.2094,2.3867,"SalicaceaeAbove0.35spg","hardwood","Hardwood",0.36,-2.4441,2.4561,NA,NA,NA,"Check",0.10141817940551,0.080018048845408,NA
"Populus","POGR4","NEON.PLA.D05.TREE.00416","TREE_057","TREE","D05",2017-10-17,"Live, broken bole","small tree",NA,130,NA,1.4,1,NA,NA,"Populus grandidentata Michx.",NA,NA,"2017",743,"aspen/alder/cottonwood/willow","Populus grandidentata Michx.","bigtooth aspen","Salicaceae","tree","grandidentata",0.691,"hw1",-2.2094,2.3867,"SalicaceaeAbove0.35spg","hardwood","Hardwood",0.36,-2.4441,2.4561,NA,NA,NA,"Check",0.0454309718603333,0.0350173187113287,NA
"Populus","POGR4","NEON.PLA.D05.TREE.00430","TREE_057","TREE","D05",2015-08-04,"Live","sapling","Full shade",10,NA,2.1,1.7,NA,NA,"Populus grandidentata Michx.",NA,NA,"2015",743,"aspen/alder/cottonwood/willow","Populus grandidentata Michx.","bigtooth aspen","Salicaceae","tree","grandidentata",0.691,"hw1",-2.2094,2.3867,"SalicaceaeAbove0.35spg","hardwood","Hardwood",0.36,-2.4441,2.4561,NA,NA,1.22323088488028,"Check",0.0734866442750609,0.0574397264815263,NA
"Populus","POGR4","NEON.PLA.D05.TREE.00416","TREE_057","TREE","D05",2018-10-16,"Standing dead","small tree",NA,130,NA,1.6,1,NA,NA,"Populus grandidentata Michx.",NA,NA,"2018",743,"aspen/alder/cottonwood/willow","Populus grandidentata Michx.","bigtooth aspen","Salicaceae","tree","grandidentata",0.691,"hw1",-2.2094,2.3867,"SalicaceaeAbove0.35spg","hardwood","Hardwood",0.36,-2.4441,2.4561,NA,NA,NA,"Check",0.0454309718603333,0.0350173187113287,NA
"Populus","POGR4","NEON.PLA.D05.TREE.00803","TREE_057","TREE","D05",2018-10-16,"Live","small tree",NA,130,NA,4.3,2.2,NA,NA,"Populus grandidentata Michx.",NA,NA,"2018",743,"aspen/alder/cottonwood/willow","Populus grandidentata Michx.","bigtooth aspen","Salicaceae","tree","grandidentata",0.691,"hw1",-2.2094,2.3867,"SalicaceaeAbove0.35spg","hardwood","Hardwood",0.36,-2.4441,2.4561,NA,NA,NA,"Check",0.298271830618665,0.24283273723977,NA
"Populus","POGR4","NEON.PLA.D05.TREE.00702","TREE_057","TREE","D05",2017-10-17,"Live","small tree",NA,130,NA,3.6,1.4,NA,NA,"Populus grandidentata Michx.",NA,NA,"2017",743,"aspen/alder/cottonwood/willow","Populus grandidentata Michx.","bigtooth aspen","Salicaceae","tree","grandidentata",0.691,"hw1",-2.2094,2.3867,"SalicaceaeAbove0.35spg","hardwood","Hardwood",0.36,-2.4441,2.4561,NA,NA,NA,"Check",0.10141817940551,0.080018048845408,NA
"Populus","POGR4","NEON.PLA.D05.TREE.00899","TREE_057","TREE","D05",2015-08-04,"Live","small tree","Full shade",130,NA,4.2,1.7,NA,NA,"Populus grandidentata Michx.",NA,NA,"2015",743,"aspen/alder/cottonwood/willow","Populus grandidentata Michx.","bigtooth aspen","Salicaceae","tree","grandidentata",0.691,"hw1",-2.2094,2.3867,"SalicaceaeAbove0.35spg","hardwood","Hardwood",0.36,-2.4441,2.4561,NA,NA,NA,"Check",0.161199788628141,0.128910556945084,NA
"Populus","POGR4","NEON.PLA.D05.TREE.00899","TREE_057","TREE","D05",2017-10-17,"Live","small tree",NA,130,NA,5.4,2.3,NA,NA,"Populus grandidentata Michx.",NA,NA,"2017",743,"aspen/alder/cottonwood/willow","Populus grandidentata Michx.","bigtooth aspen","Salicaceae","tree","grandidentata",0.691,"hw1",-2.2094,2.3867,"SalicaceaeAbove0.35spg","hardwood","Hardwood",0.36,-2.4441,2.4561,NA,NA,NA,"Check",0.331655996206415,0.270846125292816,NA
"Populus","POGR4","NEON.PLA.D05.TREE.00749","TREE_057","TREE","D05",2015-08-04,"Live","sapling","Full shade",10,NA,2.2,1.4,NA,NA,"Populus grandidentata Michx.",NA,NA,"2015",743,"aspen/alder/cottonwood/willow","Populus grandidentata Michx.","bigtooth aspen","Salicaceae","tree","grandidentata",0.691,"hw1",-2.2094,2.3867,"SalicaceaeAbove0.35spg","hardwood","Hardwood",0.36,-2.4441,2.4561,NA,NA,0.999590927277837,"Check",0.0453866286439378,0.0349821464655173,NA
"Populus","POTR5","NEON.PLA.D05.TREE.02297","TREE_019","TREE","D05",2017-10-23,"Live","small tree",NA,130,NA,4.8,1.9,NA,NA,"Populus tremuloides Michx.",NA,NA,"2017",746,"aspen/alder/cottonwood/willow","Populus tremuloides Michx.","quaking aspen","Salicaceae","tree","tremuloides",0.691,"hw1",-2.2094,2.3867,"SalicaceaeAbove0.35spg","hardwood","Hardwood",0.36,-2.4441,2.4561,NA,NA,NA,"Check",0.210209939270102,0.169406319930455,NA
"Populus","POTR5","NEON.PLA.D05.TREE.02902","TREE_017","TREE","D05",2019-11-04,"Live","small tree",NA,130,NA,4.4,2.8,NA,NA,"Populus tremuloides Michx.",NA,NA,"2019",746,"aspen/alder/cottonwood/willow","Populus tremuloides Michx.","quaking aspen","Salicaceae","tree","tremuloides",0.691,"hw1",-2.2094,2.3867,"SalicaceaeAbove0.35spg","hardwood","Hardwood",0.36,-2.4441,2.4561,NA,NA,NA,"Check",0.530376289600716,0.439084119094404,NA
"Populus","POTR5","NEON.PLA.D05.TREE.01068","TREE_044","TREE","D05",2017-10-17,"Live","small tree",NA,130,NA,6.8,3.9,NA,NA,"Populus tremuloides Michx.",NA,NA,"2017",746,"aspen/alder/cottonwood/willow","Populus tremuloides Michx.","quaking aspen","Salicaceae","tree","tremuloides",0.691,"hw1",-2.2094,2.3867,"SalicaceaeAbove0.35spg","hardwood","Hardwood",0.36,-2.4441,2.4561,NA,NA,NA,"Check",1.16962306754066,0.99082434818966,NA
"Populus","POTR5","NEON.PLA.D05.TREE.02903","TREE_017","TREE","D05",2017-10-23,"Live","small tree",NA,130,NA,4,1.8,NA,NA,"Populus tremuloides Michx.",NA,NA,"2017",746,"aspen/alder/cottonwood/willow","Populus tremuloides Michx.","quaking aspen","Salicaceae","tree","tremuloides",0.691,"hw1",-2.2094,2.3867,"SalicaceaeAbove0.35spg","hardwood","Hardwood",0.36,-2.4441,2.4561,NA,NA,NA,"Check",0.184761259990128,0.148339799857963,NA
"Populus","POTR5","NEON.PLA.D05.TREE.00867","TREE_057","TREE","D05",2015-08-04,"Live","sapling","Full shade",10,NA,1,1.3,NA,NA,"Populus tremuloides Michx.",NA,NA,"2015",746,"aspen/alder/cottonwood/willow","Populus tremuloides Michx.","quaking aspen","Salicaceae","tree","tremuloides",0.691,"hw1",-2.2094,2.3867,"SalicaceaeAbove0.35spg","hardwood","Hardwood",0.36,-2.4441,2.4561,NA,NA,0.925450366054231,"Check",0.0377613094911015,0.0289496165253258,NA
"Populus","POTR5","NEON.PLA.D05.TREE.01242","TREE_043","TREE","D05",2016-10-19,"Standing dead","small tree",NA,130,NA,3.6,1.4,NA,NA,"Populus tremuloides Michx.",NA,NA,"2016",746,"aspen/alder/cottonwood/willow","Populus tremuloides Michx.","quaking aspen","Salicaceae","tree","tremuloides",0.691,"hw1",-2.2094,2.3867,"SalicaceaeAbove0.35spg","hardwood","Hardwood",0.36,-2.4441,2.4561,NA,NA,NA,"Check",0.10141817940551,0.080018048845408,NA
"Populus","POTR5","NEON.PLA.D05.TREE.03760","TREE_010","TREE","D05",2019-10-10,"Live","single bole tree","Partially shaded",130,NA,11.7,13,NA,51,"Populus tremuloides Michx.",3.3,208.6,"2019",746,"aspen/alder/cottonwood/willow","Populus tremuloides Michx.","quaking aspen","Salicaceae","tree","tremuloides",0.691,"hw1",-2.2094,2.3867,"SalicaceaeAbove0.35spg","hardwood","Hardwood",0.36,-2.4441,2.4561,NA,NA,NA,"Check",50.017084219306,47.2603707609994,NA
"Populus","POTR5","NEON.PLA.D05.TREE.02681","TREE_023","TREE","D05",2018-05-08,"Live","small tree",NA,130,NA,NA,1.1,NA,NA,"Populus tremuloides Michx.",NA,NA,"2018",746,"aspen/alder/cottonwood/willow","Populus tremuloides Michx.","quaking aspen","Salicaceae","tree","tremuloides",0.691,"hw1",-2.2094,2.3867,"SalicaceaeAbove0.35spg","hardwood","Hardwood",0.36,-2.4441,2.4561,NA,NA,NA,"Check",0.0570353287324869,0.0442534835233663,NA
"Populus","POTR5","NEON.PLA.D05.TREE.00486","TREE_044","TREE","D05",2015-08-05,"Live, insect damaged","small tree","Partially shaded",130,NA,6.1,2.2,NA,NA,"Populus tremuloides Michx.",NA,NA,"2015",746,"aspen/alder/cottonwood/willow","Populus tremuloides Michx.","quaking aspen","Salicaceae","tree","tremuloides",0.691,"hw1",-2.2094,2.3867,"SalicaceaeAbove0.35spg","hardwood","Hardwood",0.36,-2.4441,2.4561,NA,NA,NA,"Check",0.298271830618665,0.24283273723977,NA
"Populus","POTR5","NEON.PLA.D05.TREE.01026","TREE_044","TREE","D05",2016-10-19,"Standing dead","small tree",NA,130,NA,2.8,1.3,NA,NA,"Populus tremuloides Michx.",NA,NA,"2016",746,"aspen/alder/cottonwood/willow","Populus tremuloides Michx.","quaking aspen","Salicaceae","tree","tremuloides",0.691,"hw1",-2.2094,2.3867,"SalicaceaeAbove0.35spg","hardwood","Hardwood",0.36,-2.4441,2.4561,NA,NA,NA,"Check",0.0849768496237214,0.0667020461517271,NA
"Populus","POTR5","NEON.PLA.D05.TREE.03184","TREE_044","TREE","D05",2018-10-16,"Live","single bole tree",NA,130,NA,11.7,12.3,NA,41,"Populus tremuloides Michx.",10.8,294.2,"2018",746,"aspen/alder/cottonwood/willow","Populus tremuloides Michx.","quaking aspen","Salicaceae","tree","tremuloides",0.691,"hw1",-2.2094,2.3867,"SalicaceaeAbove0.35spg","hardwood","Hardwood",0.36,-2.4441,2.4561,NA,NA,NA,"Check",43.8274599098018,41.2531200842999,NA
"Populus","POTR5","NEON.PLA.D05.TREE.00968","TREE_044","TREE","D05",2016-10-19,"Live","small tree",NA,130,NA,9.3,5.6,NA,NA,"Populus tremuloides Michx.",NA,NA,"2016",746,"aspen/alder/cottonwood/willow","Populus tremuloides Michx.","quaking aspen","Salicaceae","tree","tremuloides",0.691,"hw1",-2.2094,2.3867,"SalicaceaeAbove0.35spg","hardwood","Hardwood",0.36,-2.4441,2.4561,NA,NA,NA,"Check",2.77365468616705,2.40939221116703,NA
"Populus","POTR5","NEON.PLA.D05.TREE.02296","TREE_019","TREE","D05",2019-10-30,"Live","small tree",NA,130,NA,4,2.3,NA,NA,"Populus tremuloides Michx.",NA,NA,"2019",746,"aspen/alder/cottonwood/willow","Populus tremuloides Michx.","quaking aspen","Salicaceae","tree","tremuloides",0.691,"hw1",-2.2094,2.3867,"SalicaceaeAbove0.35spg","hardwood","Hardwood",0.36,-2.4441,2.4561,NA,NA,NA,"Check",0.331655996206415,0.270846125292816,NA
"Populus","POTR5","NEON.PLA.D05.TREE.03395","TREE_002","TREE","D05",2019-10-08,"Live","single bole tree","Full sun",130,NA,19.3,34.6,NA,31,"Populus tremuloides Michx.",9,86.8,"2019",746,"aspen/alder/cottonwood/willow","Populus tremuloides Michx.","quaking aspen","Salicaceae","tree","tremuloides",0.691,"hw1",-2.2094,2.3867,"SalicaceaeAbove0.35spg","hardwood","Hardwood",0.36,-2.4441,2.4561,NA,NA,NA,"Check",517.347907287486,523.19750349103,NA
"Populus","POTR5","NEON.PLA.D05.TREE.02344","TREE_019","TREE","D05",2017-10-23,"Standing dead","small tree",NA,130,NA,2.8,1.1,NA,NA,"Populus tremuloides Michx.",NA,NA,"2017",746,"aspen/alder/cottonwood/willow","Populus tremuloides Michx.","quaking aspen","Salicaceae","tree","tremuloides",0.691,"hw1",-2.2094,2.3867,"SalicaceaeAbove0.35spg","hardwood","Hardwood",0.36,-2.4441,2.4561,NA,NA,NA,"Check",0.0570353287324869,0.0442534835233663,NA
"Populus","POTR5","NEON.PLA.D05.TREE.02296","TREE_019","TREE","D05",2017-10-23,"Live","small tree",NA,130,NA,4.9,2.5,NA,NA,"Populus tremuloides Michx.",NA,NA,"2017",746,"aspen/alder/cottonwood/willow","Populus tremuloides Michx.","quaking aspen","Salicaceae","tree","tremuloides",0.691,"hw1",-2.2094,2.3867,"SalicaceaeAbove0.35spg","hardwood","Hardwood",0.36,-2.4441,2.4561,NA,NA,NA,"Check",0.404683452116471,0.332401782667544,NA
"Populus","POTR5","NEON.PLA.D05.TREE.01139","TREE_043","TREE","D05",2020-10-05,"Standing dead","small tree","Full shade",130,NA,3,1.7,NA,NA,"Populus tremuloides Michx.",NA,NA,"2020",746,"aspen/alder/cottonwood/willow","Populus tremuloides Michx.","quaking aspen","Salicaceae","tree","tremuloides",0.691,"hw1",-2.2094,2.3867,"SalicaceaeAbove0.35spg","hardwood","Hardwood",0.36,-2.4441,2.4561,NA,NA,NA,"Check",0.161199788628141,0.128910556945084,NA
"Populus","POTR5","NEON.PLA.D05.TREE.01143","TREE_044","TREE","D05",2016-10-19,"Live","small tree",NA,130,NA,8.8,6.6,NA,NA,"Populus tremuloides Michx.",NA,NA,"2016",746,"aspen/alder/cottonwood/willow","Populus tremuloides Michx.","quaking aspen","Salicaceae","tree","tremuloides",0.691,"hw1",-2.2094,2.3867,"SalicaceaeAbove0.35spg","hardwood","Hardwood",0.36,-2.4441,2.4561,NA,NA,NA,"Check",4.10541947640976,3.60715453986828,NA
"Populus","POTR5","NEON.PLA.D05.TREE.03326","TREE_007","TREE","D05",2019-10-09,"Live","small tree",NA,130,NA,3.3,2,NA,NA,"Populus tremuloides Michx.",NA,NA,"2019",746,"aspen/alder/cottonwood/willow","Populus tremuloides Michx.","quaking aspen","Salicaceae","tree","tremuloides",0.691,"hw1",-2.2094,2.3867,"SalicaceaeAbove0.35spg","hardwood","Hardwood",0.36,-2.4441,2.4561,NA,NA,NA,"Check",0.23758571125493,0.192151005445243,NA
"Populus","POTR5","NEON.PLA.D05.TREE.02004","TREE_019","TREE","D05",2019-10-30,"Live","small tree",NA,130,NA,8.4,4.4,NA,NA,"Populus tremuloides Michx.",NA,NA,"2019",746,"aspen/alder/cottonwood/willow","Populus tremuloides Michx.","quaking aspen","Salicaceae","tree","tremuloides",0.691,"hw1",-2.2094,2.3867,"SalicaceaeAbove0.35spg","hardwood","Hardwood",0.36,-2.4441,2.4561,NA,NA,NA,"Check",1.55984171420993,1.33249935554166,NA
"Populus","POTR5","NEON.PLA.D05.TREE.02398","TREE_019","TREE","D05",2019-10-30,"Live","small tree",NA,130,NA,7.6,3.6,NA,NA,"Populus tremuloides Michx.",NA,NA,"2019",746,"aspen/alder/cottonwood/willow","Populus tremuloides Michx.","quaking aspen","Salicaceae","tree","tremuloides",0.691,"hw1",-2.2094,2.3867,"SalicaceaeAbove0.35spg","hardwood","Hardwood",0.36,-2.4441,2.4561,NA,NA,NA,"Check",0.966227081869643,0.813986985275155,NA
"Populus","POTR5","NEON.PLA.D05.TREE.00486","TREE_044","TREE","D05",2018-10-16,"Standing dead","small tree",NA,130,NA,4.2,2,NA,NA,"Populus tremuloides Michx.",NA,NA,"2018",746,"aspen/alder/cottonwood/willow","Populus tremuloides Michx.","quaking aspen","Salicaceae","tree","tremuloides",0.691,"hw1",-2.2094,2.3867,"SalicaceaeAbove0.35spg","hardwood","Hardwood",0.36,-2.4441,2.4561,NA,NA,NA,"Check",0.23758571125493,0.192151005445243,NA
"Populus","POTR5","NEON.PLA.D05.TREE.00486","TREE_044","TREE","D05",2017-10-17,"Standing dead","small tree",NA,130,NA,6.4,2.1,NA,NA,"Populus tremuloides Michx.",NA,NA,"2017",746,"aspen/alder/cottonwood/willow","Populus tremuloides Michx.","quaking aspen","Salicaceae","tree","tremuloides",0.691,"hw1",-2.2094,2.3867,"SalicaceaeAbove0.35spg","hardwood","Hardwood",0.36,-2.4441,2.4561,NA,NA,NA,"Check",0.266927192163398,0.216613589315234,NA
"Populus","POTR5","NEON.PLA.D05.TREE.01143","TREE_044","TREE","D05",2017-10-17,"Live","small tree",NA,130,NA,10.5,6.7,NA,NA,"Populus tremuloides Michx.",NA,NA,"2017",746,"aspen/alder/cottonwood/willow","Populus tremuloides Michx.","quaking aspen","Salicaceae","tree","tremuloides",0.691,"hw1",-2.2094,2.3867,"SalicaceaeAbove0.35spg","hardwood","Hardwood",0.36,-2.4441,2.4561,NA,NA,NA,"Check",4.25544281649137,3.74287403934821,NA
"Populus","POTR5","NEON.PLA.D05.TREE.01021","TREE_043","TREE","D05",2015-08-05,"Live, physically damaged","sapling","Full shade",10,NA,1.2,1.6,NA,NA,"Populus tremuloides Michx.",NA,NA,"2015",746,"aspen/alder/cottonwood/willow","Populus tremuloides Michx.","quaking aspen","Salicaceae","tree","tremuloides",0.691,"hw1",-2.2094,2.3867,"SalicaceaeAbove0.35spg","hardwood","Hardwood",0.36,-2.4441,2.4561,NA,NA,1.14849394850273,"Check",0.0632209798191184,0.0491999902309203,NA
"Populus","POTR5","NEON.PLA.D05.TREE.00404","TREE_044","TREE","D05",2016-10-19,"Live","small tree",NA,130,NA,6.1,2.8,NA,NA,"Populus tremuloides Michx.",NA,NA,"2016",746,"aspen/alder/cottonwood/willow","Populus tremuloides Michx.","quaking aspen","Salicaceae","tree","tremuloides",0.691,"hw1",-2.2094,2.3867,"SalicaceaeAbove0.35spg","hardwood","Hardwood",0.36,-2.4441,2.4561,NA,NA,NA,"Check",0.530376289600716,0.439084119094404,NA
"Populus","POTR5","NEON.PLA.D05.TREE.00404","TREE_044","TREE","D05",2018-10-16,"Standing dead","small tree",NA,130,NA,5.2,2.6,NA,NA,"Populus tremuloides Michx.",NA,NA,"2018",746,"aspen/alder/cottonwood/willow","Populus tremuloides Michx.","quaking aspen","Salicaceae","tree","tremuloides",0.691,"hw1",-2.2094,2.3867,"SalicaceaeAbove0.35spg","hardwood","Hardwood",0.36,-2.4441,2.4561,NA,NA,NA,"Check",0.444394747268939,0.36601503784363,NA
"Populus","POTR5","NEON.PLA.D05.TREE.03760","TREE_010","TREE","D05",2017-10-24,"Live","single bole tree","Partially shaded",130,NA,13.1,11.9,NA,51,"Populus tremuloides Michx.",3.3,208.6,"2017",746,"aspen/alder/cottonwood/willow","Populus tremuloides Michx.","quaking aspen","Salicaceae","tree","tremuloides",0.691,"hw1",-2.2094,2.3867,"SalicaceaeAbove0.35spg","hardwood","Hardwood",0.36,-2.4441,2.4561,NA,NA,NA,"Check",40.5021151858729,38.0357293691689,NA
"Populus","POTR5","NEON.PLA.D05.TREE.03759","TREE_010","TREE","D05",2017-10-24,"Live","single bole tree","Partially shaded",130,NA,13.2,12.4,NA,51,"Populus tremuloides Michx.",3.6,201.3,"2017",746,"aspen/alder/cottonwood/willow","Populus tremuloides Michx.","quaking aspen","Salicaceae","tree","tremuloides",0.691,"hw1",-2.2094,2.3867,"SalicaceaeAbove0.35spg","hardwood","Hardwood",0.36,-2.4441,2.4561,NA,NA,NA,"Check",44.6826896820054,42.0817563696063,NA
"Populus","POTR5","NEON.PLA.D05.TREE.01259","TREE_043","TREE","D05",2020-10-05,"Live","small tree","Mostly shaded",130,NA,7.5,3.9,NA,NA,"Populus tremuloides Michx.",NA,NA,"2020",746,"aspen/alder/cottonwood/willow","Populus tremuloides Michx.","quaking aspen","Salicaceae","tree","tremuloides",0.691,"hw1",-2.2094,2.3867,"SalicaceaeAbove0.35spg","hardwood","Hardwood",0.36,-2.4441,2.4561,NA,NA,NA,"Check",1.16962306754066,0.99082434818966,NA
"Populus","POTR5","NEON.PLA.D05.TREE.01231","TREE_043","TREE","D05",2018-10-15,"Live","small tree",NA,130,NA,6.5,3.2,NA,NA,"Populus tremuloides Michx.",NA,NA,"2018",746,"aspen/alder/cottonwood/willow","Populus tremuloides Michx.","quaking aspen","Salicaceae","tree","tremuloides",0.691,"hw1",-2.2094,2.3867,"SalicaceaeAbove0.35spg","hardwood","Hardwood",0.36,-2.4441,2.4561,NA,NA,NA,"Check",0.729446560116734,0.609511284675326,NA
"Populus","POTR5","NEON.PLA.D05.TREE.00976","TREE_044","TREE","D05",2016-10-19,"Live","small tree",NA,130,NA,6.3,4,NA,NA,"Populus tremuloides Michx.",NA,NA,"2016",746,"aspen/alder/cottonwood/willow","Populus tremuloides Michx.","quaking aspen","Salicaceae","tree","tremuloides",0.691,"hw1",-2.2094,2.3867,"SalicaceaeAbove0.35spg","hardwood","Hardwood",0.36,-2.4441,2.4561,NA,NA,NA,"Check",1.24247771687658,1.05439280482869,NA
"Populus","POTR5","NEON.PLA.D05.TREE.02002","TREE_019","TREE","D05",2019-10-30,"Standing dead","small tree",NA,130,NA,5.1,2.7,NA,NA,"Populus tremuloides Michx.",NA,NA,"2019",746,"aspen/alder/cottonwood/willow","Populus tremuloides Michx.","quaking aspen","Salicaceae","tree","tremuloides",0.691,"hw1",-2.2094,2.3867,"SalicaceaeAbove0.35spg","hardwood","Hardwood",0.36,-2.4441,2.4561,NA,NA,NA,"Check",0.486281696623093,0.401564608849878,NA
"Populus","POTR5","NEON.PLA.D05.TREE.01137","TREE_044","TREE","D05",2018-10-16,"Live","small tree",NA,130,NA,10.5,8.3,NA,NA,"Populus tremuloides Michx.",NA,NA,"2018",746,"aspen/alder/cottonwood/willow","Populus tremuloides Michx.","quaking aspen","Salicaceae","tree","tremuloides",0.691,"hw1",-2.2094,2.3867,"SalicaceaeAbove0.35spg","hardwood","Hardwood",0.36,-2.4441,2.4561,NA,NA,NA,"Check",7.09440063692836,6.33330774580614,NA
"Populus","POTR5","NEON.PLA.D05.TREE.01240","TREE_043","TREE","D05",2017-10-17,"Live","small tree",NA,130,NA,5.2,3.9,NA,NA,"Populus tremuloides Michx.",NA,NA,"2017",746,"aspen/alder/cottonwood/willow","Populus tremuloides Michx.","quaking aspen","Salicaceae","tree","tremuloides",0.691,"hw1",-2.2094,2.3867,"SalicaceaeAbove0.35spg","hardwood","Hardwood",0.36,-2.4441,2.4561,NA,NA,NA,"Check",1.16962306754066,0.99082434818966,NA
"Populus","POTR5","NEON.PLA.D05.TREE.02901","TREE_017","TREE","D05",2017-10-23,"Live","small tree",NA,130,NA,7.2,4.4,NA,NA,"Populus tremuloides Michx.",NA,NA,"2017",746,"aspen/alder/cottonwood/willow","Populus tremuloides Michx.","quaking aspen","Salicaceae","tree","tremuloides",0.691,"hw1",-2.2094,2.3867,"SalicaceaeAbove0.35spg","hardwood","Hardwood",0.36,-2.4441,2.4561,NA,NA,NA,"Check",1.55984171420993,1.33249935554166,NA
"Populus","POTR5","NEON.PLA.D05.TREE.01143","TREE_044","TREE","D05",2015-08-05,"Live","small tree","Partially shaded",130,NA,7.9,6.2,NA,NA,"Populus tremuloides Michx.",NA,NA,"2015",746,"aspen/alder/cottonwood/willow","Populus tremuloides Michx.","quaking aspen","Salicaceae","tree","tremuloides",0.691,"hw1",-2.2094,2.3867,"SalicaceaeAbove0.35spg","hardwood","Hardwood",0.36,-2.4441,2.4561,NA,NA,NA,"Check",3.53633396834865,3.09368518451104,NA
"Populus","POTR5","NEON.PLA.D05.TREE.01073","TREE_044","TREE","D05",2017-10-17,"Live","small tree",NA,130,NA,7.7,5.5,NA,NA,"Populus tremuloides Michx.",NA,NA,"2017",746,"aspen/alder/cottonwood/willow","Populus tremuloides Michx.","quaking aspen","Salicaceae","tree","tremuloides",0.691,"hw1",-2.2094,2.3867,"SalicaceaeAbove0.35spg","hardwood","Hardwood",0.36,-2.4441,2.4561,NA,NA,NA,"Check",2.65690275028545,2.30508895937898,NA
"Populus","POTR5","NEON.PLA.D05.TREE.03184","TREE_044","TREE","D05",2016-10-19,"Live","single bole tree",NA,130,NA,9.3,10.2,NA,41,"Populus tremuloides Michx.",10.8,294.2,"2016",746,"aspen/alder/cottonwood/willow","Populus tremuloides Michx.","quaking aspen","Salicaceae","tree","tremuloides",0.691,"hw1",-2.2094,2.3867,"SalicaceaeAbove0.35spg","hardwood","Hardwood",0.36,-2.4441,2.4561,NA,NA,NA,"Check",28.0346928065177,26.0473615709453,NA
"Populus","POTR5","NEON.PLA.D05.TREE.00968","TREE_044","TREE","D05",2017-10-17,"Live","small tree",NA,130,NA,9.6,5.7,NA,NA,"Populus tremuloides Michx.",NA,NA,"2017",746,"aspen/alder/cottonwood/willow","Populus tremuloides Michx.","quaking aspen","Salicaceae","tree","tremuloides",0.691,"hw1",-2.2094,2.3867,"SalicaceaeAbove0.35spg","hardwood","Hardwood",0.36,-2.4441,2.4561,NA,NA,NA,"Check",2.8933338325124,2.51644314092689,NA
"Populus","POTR5","NEON.PLA.D05.TREE.01139","TREE_043","TREE","D05",2018-10-15,"Live","small tree",NA,130,NA,3.1,1.6,NA,NA,"Populus tremuloides Michx.",NA,NA,"2018",746,"aspen/alder/cottonwood/willow","Populus tremuloides Michx.","quaking aspen","Salicaceae","tree","tremuloides",0.691,"hw1",-2.2094,2.3867,"SalicaceaeAbove0.35spg","hardwood","Hardwood",0.36,-2.4441,2.4561,NA,NA,NA,"Check",0.139484255897534,0.111076446694469,NA
"Populus","POTR5","NEON.PLA.D05.TREE.01009","TREE_057","TREE","D05",2016-10-18,"Live","small tree",NA,130,NA,4.2,2.5,NA,NA,"Populus tremuloides Michx.",NA,NA,"2016",746,"aspen/alder/cottonwood/willow","Populus tremuloides Michx.","quaking aspen","Salicaceae","tree","tremuloides",0.691,"hw1",-2.2094,2.3867,"SalicaceaeAbove0.35spg","hardwood","Hardwood",0.36,-2.4441,2.4561,NA,NA,NA,"Check",0.404683452116471,0.332401782667544,NA
"Populus","POTR5","NEON.PLA.D05.TREE.00976","TREE_044","TREE","D05",2017-10-17,"Live","small tree",NA,130,NA,6.5,4,NA,NA,"Populus tremuloides Michx.",NA,NA,"2017",746,"aspen/alder/cottonwood/willow","Populus tremuloides Michx.","quaking aspen","Salicaceae","tree","tremuloides",0.691,"hw1",-2.2094,2.3867,"SalicaceaeAbove0.35spg","hardwood","Hardwood",0.36,-2.4441,2.4561,NA,NA,NA,"Check",1.24247771687658,1.05439280482869,NA
"Populus","POTR5","NEON.PLA.D05.TREE.00968","TREE_044","TREE","D05",2015-08-05,"Live, insect damaged","small tree","Partially shaded",130,NA,7.5,5.5,NA,NA,"Populus tremuloides Michx.",NA,NA,"2015",746,"aspen/alder/cottonwood/willow","Populus tremuloides Michx.","quaking aspen","Salicaceae","tree","tremuloides",0.691,"hw1",-2.2094,2.3867,"SalicaceaeAbove0.35spg","hardwood","Hardwood",0.36,-2.4441,2.4561,NA,NA,NA,"Check",2.65690275028545,2.30508895937898,NA
"Populus","POTR5","NEON.PLA.D05.TREE.01068","TREE_044","TREE","D05",2018-10-16,"Live","small tree",NA,130,NA,7.3,4.5,NA,NA,"Populus tremuloides Michx.",NA,NA,"2018",746,"aspen/alder/cottonwood/willow","Populus tremuloides Michx.","quaking aspen","Salicaceae","tree","tremuloides",0.691,"hw1",-2.2094,2.3867,"SalicaceaeAbove0.35spg","hardwood","Hardwood",0.36,-2.4441,2.4561,NA,NA,NA,"Check",1.64578967714043,1.40811506214442,NA
"Populus","POTR5","NEON.PLA.D05.TREE.03984","TREE_010","TREE","D05",2017-10-24,"Dead, broken bole","small tree",NA,130,NA,3.5,5.5,NA,NA,"Populus tremuloides Michx.",NA,NA,"2017",746,"aspen/alder/cottonwood/willow","Populus tremuloides Michx.","quaking aspen","Salicaceae","tree","tremuloides",0.691,"hw1",-2.2094,2.3867,"SalicaceaeAbove0.35spg","hardwood","Hardwood",0.36,-2.4441,2.4561,NA,NA,NA,"Check",2.65690275028545,2.30508895937898,NA
"Populus","POTR5","NEON.PLA.D05.TREE.03745","TREE_010","TREE","D05",2019-10-10,"Live","single bole tree","Mostly shaded",130,NA,14.4,11.8,NA,33,"Populus tremuloides Michx.",7.3,339.7,"2019",746,"aspen/alder/cottonwood/willow","Populus tremuloides Michx.","quaking aspen","Salicaceae","tree","tremuloides",0.691,"hw1",-2.2094,2.3867,"SalicaceaeAbove0.35spg","hardwood","Hardwood",0.36,-2.4441,2.4561,NA,NA,NA,"Check",39.6945203517886,37.2554878664259,NA
"Populus","POTR5","NEON.PLA.D05.TREE.01242","TREE_043","TREE","D05",2015-08-05,"Standing dead","small tree","Mostly shaded",130,NA,3.7,1.5,NA,NA,"Populus tremuloides Michx.",NA,NA,"2015",746,"aspen/alder/cottonwood/willow","Populus tremuloides Michx.","quaking aspen","Salicaceae","tree","tremuloides",0.691,"hw1",-2.2094,2.3867,"SalicaceaeAbove0.35spg","hardwood","Hardwood",0.36,-2.4441,2.4561,NA,NA,NA,"Check",0.119571873869334,0.094793952160853,NA
"Populus","POTR5","NEON.PLA.D05.TREE.02701","TREE_010","TREE","D05",2019-10-10,"Live, physically damaged","small tree",NA,130,NA,8.5,5.8,NA,NA,"Populus tremuloides Michx.",NA,NA,"2019",746,"aspen/alder/cottonwood/willow","Populus tremuloides Michx.","quaking aspen","Salicaceae","tree","tremuloides",0.691,"hw1",-2.2094,2.3867,"SalicaceaeAbove0.35spg","hardwood","Hardwood",0.36,-2.4441,2.4561,NA,NA,NA,"Check",3.01596029376535,2.62626402045967,NA
"Populus","POTR5","NEON.PLA.D05.TREE.01148","TREE_044","TREE","D05",2015-08-05,"Live, insect damaged","small tree","Partially shaded",130,NA,7.5,5.8,NA,NA,"Populus tremuloides Michx.",NA,NA,"2015",746,"aspen/alder/cottonwood/willow","Populus tremuloides Michx.","quaking aspen","Salicaceae","tree","tremuloides",0.691,"hw1",-2.2094,2.3867,"SalicaceaeAbove0.35spg","hardwood","Hardwood",0.36,-2.4441,2.4561,NA,NA,NA,"Check",3.01596029376535,2.62626402045967,NA
"Populus","POTR5","NEON.PLA.D05.TREE.02701","TREE_010","TREE","D05",2017-10-24,"Live","small tree",NA,140,NA,10,5.7,NA,NA,"Populus tremuloides Michx.",NA,NA,"2017",746,"aspen/alder/cottonwood/willow","Populus tremuloides Michx.","quaking aspen","Salicaceae","tree","tremuloides",0.691,"hw1",-2.2094,2.3867,"SalicaceaeAbove0.35spg","hardwood","Hardwood",0.36,-2.4441,2.4561,NA,NA,NA,"Check",2.8933338325124,2.51644314092689,NA
"Populus","POTR5","NEON.PLA.D05.TREE.00998","TREE_045","TREE","D05",2016-10-18,"Live","small tree",NA,130,NA,2.8,2.1,NA,NA,"Populus tremuloides Michx.",NA,NA,"2016",746,"aspen/alder/cottonwood/willow","Populus tremuloides Michx.","quaking aspen","Salicaceae","tree","tremuloides",0.691,"hw1",-2.2094,2.3867,"SalicaceaeAbove0.35spg","hardwood","Hardwood",0.36,-2.4441,2.4561,NA,NA,NA,"Check",0.266927192163398,0.216613589315234,NA
"Populus","POTR5","NEON.PLA.D05.TREE.01072","TREE_044","TREE","D05",2016-10-19,"Standing dead","small tree",NA,130,NA,4.7,2.3,NA,NA,"Populus tremuloides Michx.",NA,NA,"2016",746,"aspen/alder/cottonwood/willow","Populus tremuloides Michx.","quaking aspen","Salicaceae","tree","tremuloides",0.691,"hw1",-2.2094,2.3867,"SalicaceaeAbove0.35spg","hardwood","Hardwood",0.36,-2.4441,2.4561,NA,NA,NA,"Check",0.331655996206415,0.270846125292816,NA
"Populus","POTR5","NEON.PLA.D05.TREE.02361","TREE_019","TREE","D05",2019-10-30,"Live","small tree",NA,130,NA,7.9,6,NA,NA,"Populus tremuloides Michx.",NA,NA,"2019",746,"aspen/alder/cottonwood/willow","Populus tremuloides Michx.","quaking aspen","Salicaceae","tree","tremuloides",0.691,"hw1",-2.2094,2.3867,"SalicaceaeAbove0.35spg","hardwood","Hardwood",0.36,-2.4441,2.4561,NA,NA,NA,"Check",3.27013450877859,2.85430366395651,NA
"Populus","POTR5","NEON.PLA.D05.TREE.01259","TREE_043","TREE","D05",2018-10-15,"Live","small tree",NA,130,NA,6.8,3.8,NA,NA,"Populus tremuloides Michx.",NA,NA,"2018",746,"aspen/alder/cottonwood/willow","Populus tremuloides Michx.","quaking aspen","Salicaceae","tree","tremuloides",0.691,"hw1",-2.2094,2.3867,"SalicaceaeAbove0.35spg","hardwood","Hardwood",0.36,-2.4441,2.4561,NA,NA,NA,"Check",1.09931343947209,0.92958558511462,NA
"Populus","POTR5","NEON.PLA.D05.TREE.00999","TREE_044","TREE","D05",2017-10-17,"Dead, broken bole","small tree",NA,130,NA,8.2,2.8,NA,NA,"Populus tremuloides Michx.",NA,NA,"2017",746,"aspen/alder/cottonwood/willow","Populus tremuloides Michx.","quaking aspen","Salicaceae","tree","tremuloides",0.691,"hw1",-2.2094,2.3867,"SalicaceaeAbove0.35spg","hardwood","Hardwood",0.36,-2.4441,2.4561,NA,NA,NA,"Check",0.530376289600716,0.439084119094404,NA
"Populus","POTR5","NEON.PLA.D05.TREE.01373","TREE_045","TREE","D05",2015-08-11,"Live","sapling","Full shade",10,NA,2,1.3,NA,NA,"Populus tremuloides Michx.",NA,NA,"2015",746,"aspen/alder/cottonwood/willow","Populus tremuloides Michx.","quaking aspen","Salicaceae","tree","tremuloides",0.691,"hw1",-2.2094,2.3867,"SalicaceaeAbove0.35spg","hardwood","Hardwood",0.36,-2.4441,2.4561,NA,NA,0.925450366054231,"Check",0.0377613094911015,0.0289496165253258,NA
"Populus","POTR5","NEON.PLA.D05.TREE.01068","TREE_044","TREE","D05",2016-10-19,"Live","small tree",NA,130,NA,6.8,4,NA,NA,"Populus tremuloides Michx.",NA,NA,"2016",746,"aspen/alder/cottonwood/willow","Populus tremuloides Michx.","quaking aspen","Salicaceae","tree","tremuloides",0.691,"hw1",-2.2094,2.3867,"SalicaceaeAbove0.35spg","hardwood","Hardwood",0.36,-2.4441,2.4561,NA,NA,NA,"Check",1.24247771687658,1.05439280482869,NA
"Populus","POTR5","NEON.PLA.D05.TREE.01005","TREE_044","TREE","D05",2015-08-05,"Standing dead","small tree","Mostly shaded",130,NA,3,1.4,NA,NA,"Populus tremuloides Michx.",NA,NA,"2015",746,"aspen/alder/cottonwood/willow","Populus tremuloides Michx.","quaking aspen","Salicaceae","tree","tremuloides",0.691,"hw1",-2.2094,2.3867,"SalicaceaeAbove0.35spg","hardwood","Hardwood",0.36,-2.4441,2.4561,NA,NA,NA,"Check",0.10141817940551,0.080018048845408,NA
"Populus","POTR5","NEON.PLA.D05.TREE.01137","TREE_044","TREE","D05",2017-10-17,"Standing dead","small tree",NA,130,NA,10.1,3.7,NA,NA,"Populus tremuloides Michx.",NA,NA,"2017",746,"aspen/alder/cottonwood/willow","Populus tremuloides Michx.","quaking aspen","Salicaceae","tree","tremuloides",0.691,"hw1",-2.2094,2.3867,"SalicaceaeAbove0.35spg","hardwood","Hardwood",0.36,-2.4441,2.4561,NA,NA,NA,"Check",1.03152339486018,0.870649075933759,NA
"Populus","POTR5","NEON.PLA.D05.TREE.01009","TREE_057","TREE","D05",2018-10-16,"Live","small tree",NA,130,NA,4.7,2.5,NA,NA,"Populus tremuloides Michx.",NA,NA,"2018",746,"aspen/alder/cottonwood/willow","Populus tremuloides Michx.","quaking aspen","Salicaceae","tree","tremuloides",0.691,"hw1",-2.2094,2.3867,"SalicaceaeAbove0.35spg","hardwood","Hardwood",0.36,-2.4441,2.4561,NA,NA,NA,"Check",0.404683452116471,0.332401782667544,NA
"Populus","POTR5","NEON.PLA.D05.TREE.01139","TREE_043","TREE","D05",2017-10-17,"Live","small tree",NA,130,NA,3,1.6,NA,NA,"Populus tremuloides Michx.",NA,NA,"2017",746,"aspen/alder/cottonwood/willow","Populus tremuloides Michx.","quaking aspen","Salicaceae","tree","tremuloides",0.691,"hw1",-2.2094,2.3867,"SalicaceaeAbove0.35spg","hardwood","Hardwood",0.36,-2.4441,2.4561,NA,NA,NA,"Check",0.139484255897534,0.111076446694469,NA
"Populus","POTR5","NEON.PLA.D05.TREE.01009","TREE_057","TREE","D05",2017-10-17,"Live","small tree",NA,130,NA,4.5,2.7,NA,NA,"Populus tremuloides Michx.",NA,NA,"2017",746,"aspen/alder/cottonwood/willow","Populus tremuloides Michx.","quaking aspen","Salicaceae","tree","tremuloides",0.691,"hw1",-2.2094,2.3867,"SalicaceaeAbove0.35spg","hardwood","Hardwood",0.36,-2.4441,2.4561,NA,NA,NA,"Check",0.486281696623093,0.401564608849878,NA
"Populus","POTR5","NEON.PLA.D05.TREE.01073","TREE_044","TREE","D05",2016-10-19,"Live","small tree",NA,130,NA,7.3,5.4,NA,NA,"Populus tremuloides Michx.",NA,NA,"2016",746,"aspen/alder/cottonwood/willow","Populus tremuloides Michx.","quaking aspen","Salicaceae","tree","tremuloides",0.691,"hw1",-2.2094,2.3867,"SalicaceaeAbove0.35spg","hardwood","Hardwood",0.36,-2.4441,2.4561,NA,NA,NA,"Check",2.54305769899953,2.20351089636018,NA
"Populus","POTR5","NEON.PLA.D05.TREE.00839","TREE_025","TREE","D05",2015-08-04,"Standing dead","small tree","Full shade",130,NA,1.3,1.3,NA,NA,"Populus tremuloides Michx.",NA,NA,"2015",746,"aspen/alder/cottonwood/willow","Populus tremuloides Michx.","quaking aspen","Salicaceae","tree","tremuloides",0.691,"hw1",-2.2094,2.3867,"SalicaceaeAbove0.35spg","hardwood","Hardwood",0.36,-2.4441,2.4561,NA,NA,NA,"Check",0.0849768496237214,0.0667020461517271,NA
"Populus","POTR5","NEON.PLA.D05.TREE.01139","TREE_043","TREE","D05",2016-10-19,"Live","small tree",NA,130,NA,3.1,1.6,NA,NA,"Populus tremuloides Michx.",NA,NA,"2016",746,"aspen/alder/cottonwood/willow","Populus tremuloides Michx.","quaking aspen","Salicaceae","tree","tremuloides",0.691,"hw1",-2.2094,2.3867,"SalicaceaeAbove0.35spg","hardwood","Hardwood",0.36,-2.4441,2.4561,NA,NA,NA,"Check",0.139484255897534,0.111076446694469,NA
"Populus","POTR5","NEON.PLA.D05.TREE.01140","TREE_044","TREE","D05",2017-10-17,"Standing dead","small tree",NA,130,NA,4.8,2.4,NA,NA,"Populus tremuloides Michx.",NA,NA,"2017",746,"aspen/alder/cottonwood/willow","Populus tremuloides Michx.","quaking aspen","Salicaceae","tree","tremuloides",0.691,"hw1",-2.2094,2.3867,"SalicaceaeAbove0.35spg","hardwood","Hardwood",0.36,-2.4441,2.4561,NA,NA,NA,"Check",0.367115057635386,0.300690508629567,NA
"Populus","POTR5","NEON.PLA.D05.TREE.01251","TREE_043","TREE","D05",2015-08-05,"Live","small tree","Partially shaded",130,NA,7.9,6.8,NA,NA,"Populus tremuloides Michx.",NA,NA,"2015",746,"aspen/alder/cottonwood/willow","Populus tremuloides Michx.","quaking aspen","Salicaceae","tree","tremuloides",0.691,"hw1",-2.2094,2.3867,"SalicaceaeAbove0.35spg","hardwood","Hardwood",0.36,-2.4441,2.4561,NA,NA,NA,"Check",4.40860358328709,3.88157542357413,NA
"Populus","POTR5","NEON.PLA.D05.TREE.00873","TREE_025","TREE","D05",2016-10-18,"Live","small tree",NA,130,NA,2.2,1.2,NA,NA,"Populus tremuloides Michx.",NA,NA,"2016",746,"aspen/alder/cottonwood/willow","Populus tremuloides Michx.","quaking aspen","Salicaceae","tree","tremuloides",0.691,"hw1",-2.2094,2.3867,"SalicaceaeAbove0.35spg","hardwood","Hardwood",0.36,-2.4441,2.4561,NA,NA,NA,"Check",0.0701994819673388,0.0547973993149548,NA
"Populus","POTR5","NEON.PLA.D05.TREE.02384","TREE_019","TREE","D05",2017-10-23,"Live","small tree",NA,130,NA,4,2.3,NA,NA,"Populus tremuloides Michx.",NA,NA,"2017",746,"aspen/alder/cottonwood/willow","Populus tremuloides Michx.","quaking aspen","Salicaceae","tree","tremuloides",0.691,"hw1",-2.2094,2.3867,"SalicaceaeAbove0.35spg","hardwood","Hardwood",0.36,-2.4441,2.4561,NA,NA,NA,"Check",0.331655996206415,0.270846125292816,NA
"Populus","POTR5","NEON.PLA.D05.TREE.01099","TREE_044","TREE","D05",2016-10-19,"Standing dead","small tree",NA,130,NA,4,2.3,NA,NA,"Populus tremuloides Michx.",NA,NA,"2016",746,"aspen/alder/cottonwood/willow","Populus tremuloides Michx.","quaking aspen","Salicaceae","tree","tremuloides",0.691,"hw1",-2.2094,2.3867,"SalicaceaeAbove0.35spg","hardwood","Hardwood",0.36,-2.4441,2.4561,NA,NA,NA,"Check",0.331655996206415,0.270846125292816,NA
"Populus","POTR5","NEON.PLA.D05.TREE.00409","TREE_044","TREE","D05",2017-10-17,"Standing dead","small tree",NA,130,NA,5.6,3.6,NA,NA,"Populus tremuloides Michx.",NA,NA,"2017",746,"aspen/alder/cottonwood/willow","Populus tremuloides Michx.","quaking aspen","Salicaceae","tree","tremuloides",0.691,"hw1",-2.2094,2.3867,"SalicaceaeAbove0.35spg","hardwood","Hardwood",0.36,-2.4441,2.4561,NA,NA,NA,"Check",0.966227081869643,0.813986985275155,NA
"Populus","POTR5","NEON.PLA.D05.TREE.00409","TREE_044","TREE","D05",2016-10-19,"Live","small tree",NA,130,NA,6.4,3.6,NA,NA,"Populus tremuloides Michx.",NA,NA,"2016",746,"aspen/alder/cottonwood/willow","Populus tremuloides Michx.","quaking aspen","Salicaceae","tree","tremuloides",0.691,"hw1",-2.2094,2.3867,"SalicaceaeAbove0.35spg","hardwood","Hardwood",0.36,-2.4441,2.4561,NA,NA,NA,"Check",0.966227081869643,0.813986985275155,NA
"Populus","POTR5","NEON.PLA.D05.TREE.00922","TREE_044","TREE","D05",2017-10-17,"Live","multi-bole tree",NA,130,NA,10.7,10.6,NA,NA,"Populus tremuloides Michx.",NA,NA,"2017",746,"aspen/alder/cottonwood/willow","Populus tremuloides Michx.","quaking aspen","Salicaceae","tree","tremuloides",0.691,"hw1",-2.2094,2.3867,"SalicaceaeAbove0.35spg","hardwood","Hardwood",0.36,-2.4441,2.4561,NA,NA,NA,"Check",30.7303339854725,28.6282362469495,NA
"Populus","POTR5","NEON.PLA.D05.TREE.01276","TREE_045","TREE","D05",2015-08-11,"Live","sapling","Full shade",10,NA,1.4,1,NA,NA,"Populus tremuloides Michx.",NA,NA,"2015",746,"aspen/alder/cottonwood/willow","Populus tremuloides Michx.","quaking aspen","Salicaceae","tree","tremuloides",0.691,"hw1",-2.2094,2.3867,"SalicaceaeAbove0.35spg","hardwood","Hardwood",0.36,-2.4441,2.4561,NA,NA,0.704469670267665,"Check",0.0196899665737081,0.0148121289446279,NA
"Populus","POTR5","NEON.PLA.D05.TREE.01272","TREE_043","TREE","D05",2015-08-05,"Live","small tree","Mostly shaded",130,NA,3.1,2.2,NA,NA,"Populus tremuloides Michx.",NA,NA,"2015",746,"aspen/alder/cottonwood/willow","Populus tremuloides Michx.","quaking aspen","Salicaceae","tree","tremuloides",0.691,"hw1",-2.2094,2.3867,"SalicaceaeAbove0.35spg","hardwood","Hardwood",0.36,-2.4441,2.4561,NA,NA,NA,"Check",0.298271830618665,0.24283273723977,NA
"Populus","POTR5","NEON.PLA.D05.TREE.01272","TREE_043","TREE","D05",2017-10-17,"Standing dead","small tree",NA,130,NA,5.2,2.4,NA,NA,"Populus tremuloides Michx.",NA,NA,"2017",746,"aspen/alder/cottonwood/willow","Populus tremuloides Michx.","quaking aspen","Salicaceae","tree","tremuloides",0.691,"hw1",-2.2094,2.3867,"SalicaceaeAbove0.35spg","hardwood","Hardwood",0.36,-2.4441,2.4561,NA,NA,NA,"Check",0.367115057635386,0.300690508629567,NA
"Populus","POTR5","NEON.PLA.D05.TREE.01142","TREE_044","TREE","D05",2018-10-16,"Live","small tree",NA,130,NA,9,6.1,NA,NA,"Populus tremuloides Michx.",NA,NA,"2018",746,"aspen/alder/cottonwood/willow","Populus tremuloides Michx.","quaking aspen","Salicaceae","tree","tremuloides",0.691,"hw1",-2.2094,2.3867,"SalicaceaeAbove0.35spg","hardwood","Hardwood",0.36,-2.4441,2.4561,NA,NA,NA,"Check",3.40172141903959,2.97256593600796,NA
"Populus","POTR5","NEON.PLA.D05.TREE.03325","TREE_007","TREE","D05",2019-10-09,"Live","small tree",NA,130,NA,4.9,2.9,NA,NA,"Populus tremuloides Michx.",NA,NA,"2019",746,"aspen/alder/cottonwood/willow","Populus tremuloides Michx.","quaking aspen","Salicaceae","tree","tremuloides",0.691,"hw1",-2.2094,2.3867,"SalicaceaeAbove0.35spg","hardwood","Hardwood",0.36,-2.4441,2.4561,NA,NA,NA,"Check",0.576709796705388,0.478606521009012,NA
"Populus","POTR5","NEON.PLA.D05.TREE.03326","TREE_007","TREE","D05",2018-05-08,"Live","small tree",NA,130,NA,NA,1.2,NA,NA,"Populus tremuloides Michx.",NA,NA,"2018",746,"aspen/alder/cottonwood/willow","Populus tremuloides Michx.","quaking aspen","Salicaceae","tree","tremuloides",0.691,"hw1",-2.2094,2.3867,"SalicaceaeAbove0.35spg","hardwood","Hardwood",0.36,-2.4441,2.4561,NA,NA,NA,"Check",0.0701994819673388,0.0547973993149548,NA
"Populus","POTR5","NEON.PLA.D05.TREE.01140","TREE_044","TREE","D05",2015-08-05,"Live, insect damaged","small tree","Partially shaded",130,NA,6.5,2.6,NA,NA,"Populus tremuloides Michx.",NA,NA,"2015",746,"aspen/alder/cottonwood/willow","Populus tremuloides Michx.","quaking aspen","Salicaceae","tree","tremuloides",0.691,"hw1",-2.2094,2.3867,"SalicaceaeAbove0.35spg","hardwood","Hardwood",0.36,-2.4441,2.4561,NA,NA,NA,"Check",0.444394747268939,0.36601503784363,NA
"Populus","POTR5","NEON.PLA.D05.TREE.01005","TREE_044","TREE","D05",2016-10-19,"Standing dead","small tree",NA,130,NA,2.5,1.3,NA,NA,"Populus tremuloides Michx.",NA,NA,"2016",746,"aspen/alder/cottonwood/willow","Populus tremuloides Michx.","quaking aspen","Salicaceae","tree","tremuloides",0.691,"hw1",-2.2094,2.3867,"SalicaceaeAbove0.35spg","hardwood","Hardwood",0.36,-2.4441,2.4561,NA,NA,NA,"Check",0.0849768496237214,0.0667020461517271,NA
"Populus","POTR5","NEON.PLA.D05.TREE.02384","TREE_019","TREE","D05",2019-10-30,"Standing dead","small tree",NA,130,NA,4.3,2.2,NA,NA,"Populus tremuloides Michx.",NA,NA,"2019",746,"aspen/alder/cottonwood/willow","Populus tremuloides Michx.","quaking aspen","Salicaceae","tree","tremuloides",0.691,"hw1",-2.2094,2.3867,"SalicaceaeAbove0.35spg","hardwood","Hardwood",0.36,-2.4441,2.4561,NA,NA,NA,"Check",0.298271830618665,0.24283273723977,NA
"Populus","POTR5","NEON.PLA.D05.TREE.01134","TREE_043","TREE","D05",2015-08-05,"Live, disease damaged","small tree","Full shade",10,NA,2.4,1.3,NA,NA,"Populus tremuloides Michx.",NA,NA,"2015",746,"aspen/alder/cottonwood/willow","Populus tremuloides Michx.","quaking aspen","Salicaceae","tree","tremuloides",0.691,"hw1",-2.2094,2.3867,"SalicaceaeAbove0.35spg","hardwood","Hardwood",0.36,-2.4441,2.4561,NA,NA,0.925450366054231,"Check",0.0377613094911015,0.0289496165253258,NA
"Populus","POTR5","NEON.PLA.D05.TREE.00997","TREE_044","TREE","D05",2015-08-05,"Standing dead","small tree","Partially shaded",130,NA,3.8,1.8,NA,NA,"Populus tremuloides Michx.",NA,NA,"2015",746,"aspen/alder/cottonwood/willow","Populus tremuloides Michx.","quaking aspen","Salicaceae","tree","tremuloides",0.691,"hw1",-2.2094,2.3867,"SalicaceaeAbove0.35spg","hardwood","Hardwood",0.36,-2.4441,2.4561,NA,NA,NA,"Check",0.184761259990128,0.148339799857963,NA
"Populus","POTR5","NEON.PLA.D05.TREE.01137","TREE_044","TREE","D05",2017-10-17,"Live","small tree",NA,130,NA,10.1,7.8,NA,NA,"Populus tremuloides Michx.",NA,NA,"2017",746,"aspen/alder/cottonwood/willow","Populus tremuloides Michx.","quaking aspen","Salicaceae","tree","tremuloides",0.691,"hw1",-2.2094,2.3867,"SalicaceaeAbove0.35spg","hardwood","Hardwood",0.36,-2.4441,2.4561,NA,NA,NA,"Check",6.11665824046453,5.43696381478452,NA
"Populus","POTR5","NEON.PLA.D05.TREE.01146","TREE_044","TREE","D05",2018-10-16,"Live","small tree",NA,130,NA,8,5.8,NA,NA,"Populus tremuloides Michx.",NA,NA,"2018",746,"aspen/alder/cottonwood/willow","Populus tremuloides Michx.","quaking aspen","Salicaceae","tree","tremuloides",0.691,"hw1",-2.2094,2.3867,"SalicaceaeAbove0.35spg","hardwood","Hardwood",0.36,-2.4441,2.4561,NA,NA,NA,"Check",3.01596029376535,2.62626402045967,NA
"Populus","POTR5","NEON.PLA.D05.TREE.01274","TREE_043","TREE","D05",2019-10-23,"Standing dead","small tree",NA,130,NA,4.8,2.2,NA,NA,"Populus tremuloides Michx.",NA,NA,"2019",746,"aspen/alder/cottonwood/willow","Populus tremuloides Michx.","quaking aspen","Salicaceae","tree","tremuloides",0.691,"hw1",-2.2094,2.3867,"SalicaceaeAbove0.35spg","hardwood","Hardwood",0.36,-2.4441,2.4561,NA,NA,NA,"Check",0.298271830618665,0.24283273723977,NA
"Populus","POTR5","NEON.PLA.D05.TREE.01274","TREE_043","TREE","D05",2017-10-17,"Live","small tree",NA,130,NA,3.8,2.3,NA,NA,"Populus tremuloides Michx.",NA,NA,"2017",746,"aspen/alder/cottonwood/willow","Populus tremuloides Michx.","quaking aspen","Salicaceae","tree","tremuloides",0.691,"hw1",-2.2094,2.3867,"SalicaceaeAbove0.35spg","hardwood","Hardwood",0.36,-2.4441,2.4561,NA,NA,NA,"Check",0.331655996206415,0.270846125292816,NA
"Populus","POTR5","NEON.PLA.D05.TREE.00913","TREE_044","TREE","D05",2017-10-17,"Standing dead","small tree",NA,130,NA,4.2,1.9,NA,NA,"Populus tremuloides Michx.",NA,NA,"2017",746,"aspen/alder/cottonwood/willow","Populus tremuloides Michx.","quaking aspen","Salicaceae","tree","tremuloides",0.691,"hw1",-2.2094,2.3867,"SalicaceaeAbove0.35spg","hardwood","Hardwood",0.36,-2.4441,2.4561,NA,NA,NA,"Check",0.210209939270102,0.169406319930455,NA
"Populus","POTR5","NEON.PLA.D05.TREE.00913","TREE_044","TREE","D05",2015-08-05,"Standing dead","small tree","Partially shaded",130,NA,6.1,1.9,NA,NA,"Populus tremuloides Michx.",NA,NA,"2015",746,"aspen/alder/cottonwood/willow","Populus tremuloides Michx.","quaking aspen","Salicaceae","tree","tremuloides",0.691,"hw1",-2.2094,2.3867,"SalicaceaeAbove0.35spg","hardwood","Hardwood",0.36,-2.4441,2.4561,NA,NA,NA,"Check",0.210209939270102,0.169406319930455,NA
"Populus","POTR5","NEON.PLA.D05.TREE.01201","TREE_044","TREE","D05",2015-08-05,"Live","small tree","Full sun",130,NA,5.7,3.8,NA,NA,"Populus tremuloides Michx.",NA,NA,"2015",746,"aspen/alder/cottonwood/willow","Populus tremuloides Michx.","quaking aspen","Salicaceae","tree","tremuloides",0.691,"hw1",-2.2094,2.3867,"SalicaceaeAbove0.35spg","hardwood","Hardwood",0.36,-2.4441,2.4561,NA,NA,NA,"Check",1.09931343947209,0.92958558511462,NA
"Populus","POTR5","NEON.PLA.D05.TREE.00878","TREE_025","TREE","D05",2016-10-18,"Live, physically damaged","small tree",NA,130,NA,2.4,1.2,NA,NA,"Populus tremuloides Michx.",NA,NA,"2016",746,"aspen/alder/cottonwood/willow","Populus tremuloides Michx.","quaking aspen","Salicaceae","tree","tremuloides",0.691,"hw1",-2.2094,2.3867,"SalicaceaeAbove0.35spg","hardwood","Hardwood",0.36,-2.4441,2.4561,NA,NA,NA,"Check",0.0701994819673388,0.0547973993149548,NA
"Populus","POTR5","NEON.PLA.D05.TREE.02793","TREE_017","TREE","D05",2019-11-04,"Live","small tree",NA,130,NA,5.8,3.2,NA,NA,"Populus tremuloides Michx.",NA,NA,"2019",746,"aspen/alder/cottonwood/willow","Populus tremuloides Michx.","quaking aspen","Salicaceae","tree","tremuloides",0.691,"hw1",-2.2094,2.3867,"SalicaceaeAbove0.35spg","hardwood","Hardwood",0.36,-2.4441,2.4561,NA,NA,NA,"Check",0.729446560116734,0.609511284675326,NA
"Populus","POTR5","NEON.PLA.D05.TREE.02796","TREE_017","TREE","D05",2019-11-04,"Standing dead","small tree",NA,130,NA,3.4,1.3,NA,NA,"Populus tremuloides Michx.",NA,NA,"2019",746,"aspen/alder/cottonwood/willow","Populus tremuloides Michx.","quaking aspen","Salicaceae","tree","tremuloides",0.691,"hw1",-2.2094,2.3867,"SalicaceaeAbove0.35spg","hardwood","Hardwood",0.36,-2.4441,2.4561,NA,NA,NA,"Check",0.0849768496237214,0.0667020461517271,NA
"Populus","POTR5","NEON.PLA.D05.TREE.01148","TREE_044","TREE","D05",2018-10-16,"Live","small tree",NA,130,NA,8.7,6.1,NA,NA,"Populus tremuloides Michx.",NA,NA,"2018",746,"aspen/alder/cottonwood/willow","Populus tremuloides Michx.","quaking aspen","Salicaceae","tree","tremuloides",0.691,"hw1",-2.2094,2.3867,"SalicaceaeAbove0.35spg","hardwood","Hardwood",0.36,-2.4441,2.4561,NA,NA,NA,"Check",3.40172141903959,2.97256593600796,NA
"Populus","POTR5","NEON.PLA.D05.TREE.01115","TREE_044","TREE","D05",2017-10-17,"Standing dead","small tree",NA,130,NA,2.5,1.6,NA,NA,"Populus tremuloides Michx.",NA,NA,"2017",746,"aspen/alder/cottonwood/willow","Populus tremuloides Michx.","quaking aspen","Salicaceae","tree","tremuloides",0.691,"hw1",-2.2094,2.3867,"SalicaceaeAbove0.35spg","hardwood","Hardwood",0.36,-2.4441,2.4561,NA,NA,NA,"Check",0.139484255897534,0.111076446694469,NA
"Populus","POTR5","NEON.PLA.D05.TREE.01284","TREE_044","TREE","D05",2016-10-19,"Standing dead","small tree",NA,130,NA,4.4,1.3,NA,NA,"Populus tremuloides Michx.",NA,NA,"2016",746,"aspen/alder/cottonwood/willow","Populus tremuloides Michx.","quaking aspen","Salicaceae","tree","tremuloides",0.691,"hw1",-2.2094,2.3867,"SalicaceaeAbove0.35spg","hardwood","Hardwood",0.36,-2.4441,2.4561,NA,NA,NA,"Check",0.0849768496237214,0.0667020461517271,NA
"Populus","POTR5","NEON.PLA.D05.TREE.01285","TREE_044","TREE","D05",2016-10-19,"Live","small tree",NA,130,NA,4.8,1.6,NA,NA,"Populus tremuloides Michx.",NA,NA,"2016",746,"aspen/alder/cottonwood/willow","Populus tremuloides Michx.","quaking aspen","Salicaceae","tree","tremuloides",0.691,"hw1",-2.2094,2.3867,"SalicaceaeAbove0.35spg","hardwood","Hardwood",0.36,-2.4441,2.4561,NA,NA,NA,"Check",0.139484255897534,0.111076446694469,NA
"Populus","POTR5","NEON.PLA.D05.TREE.01285","TREE_044","TREE","D05",2018-10-16,"Live","small tree",NA,130,NA,4.1,1.5,NA,NA,"Populus tremuloides Michx.",NA,NA,"2018",746,"aspen/alder/cottonwood/willow","Populus tremuloides Michx.","quaking aspen","Salicaceae","tree","tremuloides",0.691,"hw1",-2.2094,2.3867,"SalicaceaeAbove0.35spg","hardwood","Hardwood",0.36,-2.4441,2.4561,NA,NA,NA,"Check",0.119571873869334,0.094793952160853,NA
"Populus","POTR5","NEON.PLA.D05.TREE.02336","TREE_019","TREE","D05",2017-10-23,"Standing dead","small tree",NA,130,NA,4,3.1,NA,NA,"Populus tremuloides Michx.",NA,NA,"2017",746,"aspen/alder/cottonwood/willow","Populus tremuloides Michx.","quaking aspen","Salicaceae","tree","tremuloides",0.691,"hw1",-2.2094,2.3867,"SalicaceaeAbove0.35spg","hardwood","Hardwood",0.36,-2.4441,2.4561,NA,NA,NA,"Check",0.676215283133761,0.563788671558161,NA
"Populus","POTR5","NEON.PLA.D05.TREE.02337","TREE_019","TREE","D05",2017-10-23,"Standing dead","small tree",NA,130,NA,3.5,1.8,NA,NA,"Populus tremuloides Michx.",NA,NA,"2017",746,"aspen/alder/cottonwood/willow","Populus tremuloides Michx.","quaking aspen","Salicaceae","tree","tremuloides",0.691,"hw1",-2.2094,2.3867,"SalicaceaeAbove0.35spg","hardwood","Hardwood",0.36,-2.4441,2.4561,NA,NA,NA,"Check",0.184761259990128,0.148339799857963,NA
"Populus","POTR5","NEON.PLA.D05.TREE.01365","TREE_045","TREE","D05",2016-10-18,"Live","small tree",NA,130,NA,2.4,1.1,NA,NA,"Populus tremuloides Michx.",NA,NA,"2016",746,"aspen/alder/cottonwood/willow","Populus tremuloides Michx.","quaking aspen","Salicaceae","tree","tremuloides",0.691,"hw1",-2.2094,2.3867,"SalicaceaeAbove0.35spg","hardwood","Hardwood",0.36,-2.4441,2.4561,NA,NA,NA,"Check",0.0570353287324869,0.0442534835233663,NA
"Populus","POTR5","NEON.PLA.D05.TREE.01365","TREE_045","TREE","D05",2015-08-11,"Live","sapling","Full shade",130,NA,2.9,3,NA,NA,"Populus tremuloides Michx.",NA,NA,"2015",746,"aspen/alder/cottonwood/willow","Populus tremuloides Michx.","quaking aspen","Salicaceae","tree","tremuloides",0.691,"hw1",-2.2094,2.3867,"SalicaceaeAbove0.35spg","hardwood","Hardwood",0.36,-2.4441,2.4561,NA,NA,NA,"Check",0.6253128105352,0.520164132725086,NA
"Populus","POTR5","NEON.PLA.D05.TREE.00918","TREE_044","TREE","D05",2017-10-17,"Standing dead","small tree",NA,130,NA,4,2.3,NA,NA,"Populus tremuloides Michx.",NA,NA,"2017",746,"aspen/alder/cottonwood/willow","Populus tremuloides Michx.","quaking aspen","Salicaceae","tree","tremuloides",0.691,"hw1",-2.2094,2.3867,"SalicaceaeAbove0.35spg","hardwood","Hardwood",0.36,-2.4441,2.4561,NA,NA,NA,"Check",0.331655996206415,0.270846125292816,NA
"Populus","POTR5","NEON.PLA.D05.TREE.02344","TREE_019","TREE","D05",2019-10-30,"Standing dead","small tree",NA,130,NA,1.9,1.1,NA,NA,"Populus tremuloides Michx.",NA,NA,"2019",746,"aspen/alder/cottonwood/willow","Populus tremuloides Michx.","quaking aspen","Salicaceae","tree","tremuloides",0.691,"hw1",-2.2094,2.3867,"SalicaceaeAbove0.35spg","hardwood","Hardwood",0.36,-2.4441,2.4561,NA,NA,NA,"Check",0.0570353287324869,0.0442534835233663,NA
"Populus","POTR5","NEON.PLA.D05.TREE.02348","TREE_019","TREE","D05",2017-10-23,"Standing dead","small tree",NA,130,NA,2,1.4,NA,NA,"Populus tremuloides Michx.",NA,NA,"2017",746,"aspen/alder/cottonwood/willow","Populus tremuloides Michx.","quaking aspen","Salicaceae","tree","tremuloides",0.691,"hw1",-2.2094,2.3867,"SalicaceaeAbove0.35spg","hardwood","Hardwood",0.36,-2.4441,2.4561,NA,NA,NA,"Check",0.10141817940551,0.080018048845408,NA
"Populus","POTR5","NEON.PLA.D05.TREE.02954","TREE_014","TREE","D05",2019-10-16,"Standing dead","small tree",NA,130,NA,4.4,2.9,NA,NA,"Populus tremuloides Michx.",NA,NA,"2019",746,"aspen/alder/cottonwood/willow","Populus tremuloides Michx.","quaking aspen","Salicaceae","tree","tremuloides",0.691,"hw1",-2.2094,2.3867,"SalicaceaeAbove0.35spg","hardwood","Hardwood",0.36,-2.4441,2.4561,NA,NA,NA,"Check",0.576709796705388,0.478606521009012,NA
"Populus","POTR5","NEON.PLA.D05.TREE.00468","TREE_057","TREE","D05",2015-08-04,"Live","small tree","Full shade",130,NA,2.7,1,NA,NA,"Populus tremuloides Michx.",NA,NA,"2015",746,"aspen/alder/cottonwood/willow","Populus tremuloides Michx.","quaking aspen","Salicaceae","tree","tremuloides",0.691,"hw1",-2.2094,2.3867,"SalicaceaeAbove0.35spg","hardwood","Hardwood",0.36,-2.4441,2.4561,NA,NA,NA,"Check",0.0454309718603333,0.0350173187113287,NA
"Populus","POTR5","NEON.PLA.D05.TREE.03342","TREE_007","TREE","D05",2018-05-08,"Live","small tree",NA,130,NA,NA,1.8,NA,NA,"Populus tremuloides Michx.",NA,NA,"2018",746,"aspen/alder/cottonwood/willow","Populus tremuloides Michx.","quaking aspen","Salicaceae","tree","tremuloides",0.691,"hw1",-2.2094,2.3867,"SalicaceaeAbove0.35spg","hardwood","Hardwood",0.36,-2.4441,2.4561,NA,NA,NA,"Check",0.184761259990128,0.148339799857963,NA
"Populus","POTR5","NEON.PLA.D05.TREE.03342","TREE_007","TREE","D05",2019-10-09,"Live","small tree",NA,130,NA,3.6,2.9,NA,NA,"Populus tremuloides Michx.",NA,NA,"2019",746,"aspen/alder/cottonwood/willow","Populus tremuloides Michx.","quaking aspen","Salicaceae","tree","tremuloides",0.691,"hw1",-2.2094,2.3867,"SalicaceaeAbove0.35spg","hardwood","Hardwood",0.36,-2.4441,2.4561,NA,NA,NA,"Check",0.576709796705388,0.478606521009012,NA
"Populus","POTR5","NEON.PLA.D05.TREE.03343","TREE_007","TREE","D05",2018-05-08,"Live","small tree",NA,130,NA,NA,1.4,NA,NA,"Populus tremuloides Michx.",NA,NA,"2018",746,"aspen/alder/cottonwood/willow","Populus tremuloides Michx.","quaking aspen","Salicaceae","tree","tremuloides",0.691,"hw1",-2.2094,2.3867,"SalicaceaeAbove0.35spg","hardwood","Hardwood",0.36,-2.4441,2.4561,NA,NA,NA,"Check",0.10141817940551,0.080018048845408,NA
"Populus","POTR5","NEON.PLA.D05.TREE.01207","TREE_045","TREE","D05",2015-08-11,"Live","sapling","Full shade",10,NA,1.5,1,NA,NA,"Populus tremuloides Michx.",NA,NA,"2015",746,"aspen/alder/cottonwood/willow","Populus tremuloides Michx.","quaking aspen","Salicaceae","tree","tremuloides",0.691,"hw1",-2.2094,2.3867,"SalicaceaeAbove0.35spg","hardwood","Hardwood",0.36,-2.4441,2.4561,NA,NA,0.704469670267665,"Check",0.0196899665737081,0.0148121289446279,NA
"Populus","POTR5","NEON.PLA.D05.TREE.02361","TREE_019","TREE","D05",2017-10-23,"Live","small tree",NA,130,NA,7.5,5.4,NA,NA,"Populus tremuloides Michx.",NA,NA,"2017",746,"aspen/alder/cottonwood/willow","Populus tremuloides Michx.","quaking aspen","Salicaceae","tree","tremuloides",0.691,"hw1",-2.2094,2.3867,"SalicaceaeAbove0.35spg","hardwood","Hardwood",0.36,-2.4441,2.4561,NA,NA,NA,"Check",2.54305769899953,2.20351089636018,NA
"Populus","POTR5","NEON.PLA.D05.TREE.00922","TREE_044","TREE","D05",2016-10-19,"Live","multi-bole tree",NA,130,NA,7.4,10,NA,NA,"Populus tremuloides Michx.",NA,NA,"2016",746,"aspen/alder/cottonwood/willow","Populus tremuloides Michx.","quaking aspen","Salicaceae","tree","tremuloides",0.691,"hw1",-2.2094,2.3867,"SalicaceaeAbove0.35spg","hardwood","Hardwood",0.36,-2.4441,2.4561,NA,NA,NA,"Check",11.0675636257392,10.0088202311018,NA
"Populus","POTR5","NEON.PLA.D05.TREE.03345","TREE_007","TREE","D05",2018-05-08,"Live","small tree",NA,130,NA,NA,1.2,NA,NA,"Populus tremuloides Michx.",NA,NA,"2018",746,"aspen/alder/cottonwood/willow","Populus tremuloides Michx.","quaking aspen","Salicaceae","tree","tremuloides",0.691,"hw1",-2.2094,2.3867,"SalicaceaeAbove0.35spg","hardwood","Hardwood",0.36,-2.4441,2.4561,NA,NA,NA,"Check",0.0701994819673388,0.0547973993149548,NA
"Populus","POTR5","NEON.PLA.D05.TREE.00922A","TREE_044","TREE","D05",2017-10-17,"Standing dead","multi-bole tree",NA,130,NA,NA,3.7,NA,NA,"Populus tremuloides Michx.",NA,NA,"2017",746,"aspen/alder/cottonwood/willow","Populus tremuloides Michx.","quaking aspen","Salicaceae","tree","tremuloides",0.691,"hw1",-2.2094,2.3867,"SalicaceaeAbove0.35spg","hardwood","Hardwood",0.36,-2.4441,2.4561,NA,NA,NA,"Check",1.03152339486018,0.870649075933759,NA
"Populus","POTR5","NEON.PLA.D05.TREE.01152","TREE_044","TREE","D05",2017-10-17,"Live","small tree",NA,130,NA,4.5,2.1,NA,NA,"Populus tremuloides Michx.",NA,NA,"2017",746,"aspen/alder/cottonwood/willow","Populus tremuloides Michx.","quaking aspen","Salicaceae","tree","tremuloides",0.691,"hw1",-2.2094,2.3867,"SalicaceaeAbove0.35spg","hardwood","Hardwood",0.36,-2.4441,2.4561,NA,NA,NA,"Check",0.266927192163398,0.216613589315234,NA
"Populus","POTR5","NEON.PLA.D05.TREE.02364","TREE_019","TREE","D05",2019-10-30,"Live","small tree",NA,130,NA,6.4,3.1,NA,NA,"Populus tremuloides Michx.",NA,NA,"2019",746,"aspen/alder/cottonwood/willow","Populus tremuloides Michx.","quaking aspen","Salicaceae","tree","tremuloides",0.691,"hw1",-2.2094,2.3867,"SalicaceaeAbove0.35spg","hardwood","Hardwood",0.36,-2.4441,2.4561,NA,NA,NA,"Check",0.676215283133761,0.563788671558161,NA
"Populus","POTR5","NEON.PLA.D05.TREE.02364","TREE_019","TREE","D05",2017-10-23,"Live","small tree",NA,130,NA,6.5,3.2,NA,NA,"Populus tremuloides Michx.",NA,NA,"2017",746,"aspen/alder/cottonwood/willow","Populus tremuloides Michx.","quaking aspen","Salicaceae","tree","tremuloides",0.691,"hw1",-2.2094,2.3867,"SalicaceaeAbove0.35spg","hardwood","Hardwood",0.36,-2.4441,2.4561,NA,NA,NA,"Check",0.729446560116734,0.609511284675326,NA
"Populus","POTR5","NEON.PLA.D05.TREE.02365","TREE_019","TREE","D05",2019-10-30,"Live","small tree",NA,130,NA,5,3.4,NA,NA,"Populus tremuloides Michx.",NA,NA,"2019",746,"aspen/alder/cottonwood/willow","Populus tremuloides Michx.","quaking aspen","Salicaceae","tree","tremuloides",0.691,"hw1",-2.2094,2.3867,"SalicaceaeAbove0.35spg","hardwood","Hardwood",0.36,-2.4441,2.4561,NA,NA,NA,"Check",0.843010062674904,0.707372638485044,NA
"Populus","POTR5","NEON.PLA.D05.TREE.00996","TREE_044","TREE","D05",2017-10-17,"Live","small tree",NA,130,NA,9.4,6,NA,NA,"Populus tremuloides Michx.",NA,NA,"2017",746,"aspen/alder/cottonwood/willow","Populus tremuloides Michx.","quaking aspen","Salicaceae","tree","tremuloides",0.691,"hw1",-2.2094,2.3867,"SalicaceaeAbove0.35spg","hardwood","Hardwood",0.36,-2.4441,2.4561,NA,NA,NA,"Check",3.27013450877859,2.85430366395651,NA
"Populus","POTR5","NEON.PLA.D05.TREE.02366","TREE_019","TREE","D05",2017-10-23,"Standing dead","small tree",NA,130,NA,2,1.6,NA,NA,"Populus tremuloides Michx.",NA,NA,"2017",746,"aspen/alder/cottonwood/willow","Populus tremuloides Michx.","quaking aspen","Salicaceae","tree","tremuloides",0.691,"hw1",-2.2094,2.3867,"SalicaceaeAbove0.35spg","hardwood","Hardwood",0.36,-2.4441,2.4561,NA,NA,NA,"Check",0.139484255897534,0.111076446694469,NA
"Populus","POTR5","NEON.PLA.D05.TREE.02367","TREE_019","TREE","D05",2017-10-23,"Standing dead","small tree",NA,130,NA,4.3,1.9,NA,NA,"Populus tremuloides Michx.",NA,NA,"2017",746,"aspen/alder/cottonwood/willow","Populus tremuloides Michx.","quaking aspen","Salicaceae","tree","tremuloides",0.691,"hw1",-2.2094,2.3867,"SalicaceaeAbove0.35spg","hardwood","Hardwood",0.36,-2.4441,2.4561,NA,NA,NA,"Check",0.210209939270102,0.169406319930455,NA
"Populus","POTR5","NEON.PLA.D05.TREE.01032","TREE_057","TREE","D05",2018-10-16,"Live","small tree",NA,130,NA,6.1,4.4,NA,NA,"Populus tremuloides Michx.",NA,NA,"2018",746,"aspen/alder/cottonwood/willow","Populus tremuloides Michx.","quaking aspen","Salicaceae","tree","tremuloides",0.691,"hw1",-2.2094,2.3867,"SalicaceaeAbove0.35spg","hardwood","Hardwood",0.36,-2.4441,2.4561,NA,NA,NA,"Check",1.55984171420993,1.33249935554166,NA
"Populus","POTR5","NEON.PLA.D05.TREE.01032","TREE_057","TREE","D05",2017-10-17,"Live","small tree",NA,130,NA,5.9,4.3,NA,NA,"Populus tremuloides Michx.",NA,NA,"2017",746,"aspen/alder/cottonwood/willow","Populus tremuloides Michx.","quaking aspen","Salicaceae","tree","tremuloides",0.691,"hw1",-2.2094,2.3867,"SalicaceaeAbove0.35spg","hardwood","Hardwood",0.36,-2.4441,2.4561,NA,NA,NA,"Check",1.47656030963418,1.25934511733419,NA
"Populus","POTR5","NEON.PLA.D05.TREE.02871","TREE_017","TREE","D05",2019-11-04,"Live","small tree",NA,140,NA,5.3,3.1,NA,NA,"Populus tremuloides Michx.",NA,NA,"2019",746,"aspen/alder/cottonwood/willow","Populus tremuloides Michx.","quaking aspen","Salicaceae","tree","tremuloides",0.691,"hw1",-2.2094,2.3867,"SalicaceaeAbove0.35spg","hardwood","Hardwood",0.36,-2.4441,2.4561,NA,NA,NA,"Check",0.676215283133761,0.563788671558161,NA
"Populus","POTR5","NEON.PLA.D05.TREE.01065","TREE_044","TREE","D05",2016-10-19,"Live","small tree",NA,130,NA,4.3,2.3,NA,NA,"Populus tremuloides Michx.",NA,NA,"2016",746,"aspen/alder/cottonwood/willow","Populus tremuloides Michx.","quaking aspen","Salicaceae","tree","tremuloides",0.691,"hw1",-2.2094,2.3867,"SalicaceaeAbove0.35spg","hardwood","Hardwood",0.36,-2.4441,2.4561,NA,NA,NA,"Check",0.331655996206415,0.270846125292816,NA
"Populus","POTR5","NEON.PLA.D05.TREE.00999","TREE_044","TREE","D05",2018-10-16,"Live","small tree",NA,130,NA,8.9,5.4,NA,NA,"Populus tremuloides Michx.",NA,NA,"2018",746,"aspen/alder/cottonwood/willow","Populus tremuloides Michx.","quaking aspen","Salicaceae","tree","tremuloides",0.691,"hw1",-2.2094,2.3867,"SalicaceaeAbove0.35spg","hardwood","Hardwood",0.36,-2.4441,2.4561,NA,NA,NA,"Check",2.54305769899953,2.20351089636018,NA
"Populus","POTR5","NEON.PLA.D05.TREE.00999","TREE_044","TREE","D05",2016-10-19,"Live","small tree",NA,130,NA,7.5,2.9,NA,NA,"Populus tremuloides Michx.",NA,NA,"2016",746,"aspen/alder/cottonwood/willow","Populus tremuloides Michx.","quaking aspen","Salicaceae","tree","tremuloides",0.691,"hw1",-2.2094,2.3867,"SalicaceaeAbove0.35spg","hardwood","Hardwood",0.36,-2.4441,2.4561,NA,NA,NA,"Check",0.576709796705388,0.478606521009012,NA
"Populus","POTR5","NEON.PLA.D05.TREE.02375","TREE_019","TREE","D05",2019-10-30,"Standing dead","small tree",NA,130,NA,3.8,1.7,NA,NA,"Populus tremuloides Michx.",NA,NA,"2019",746,"aspen/alder/cottonwood/willow","Populus tremuloides Michx.","quaking aspen","Salicaceae","tree","tremuloides",0.691,"hw1",-2.2094,2.3867,"SalicaceaeAbove0.35spg","hardwood","Hardwood",0.36,-2.4441,2.4561,NA,NA,NA,"Check",0.161199788628141,0.128910556945084,NA
"Populus","POTR5","NEON.PLA.D05.TREE.03171","TREE_057","TREE","D05",2016-10-18,"Live","small tree",NA,130,NA,2.4,1,NA,NA,"Populus tremuloides Michx.",NA,NA,"2016",746,"aspen/alder/cottonwood/willow","Populus tremuloides Michx.","quaking aspen","Salicaceae","tree","tremuloides",0.691,"hw1",-2.2094,2.3867,"SalicaceaeAbove0.35spg","hardwood","Hardwood",0.36,-2.4441,2.4561,NA,NA,NA,"Check",0.0454309718603333,0.0350173187113287,NA
"Populus","POTR5","NEON.PLA.D05.TREE.01000","TREE_045","TREE","D05",2015-08-11,"Live, disease damaged","small tree","Full shade",130,NA,4.4,2.2,NA,NA,"Populus tremuloides Michx.",NA,NA,"2015",746,"aspen/alder/cottonwood/willow","Populus tremuloides Michx.","quaking aspen","Salicaceae","tree","tremuloides",0.691,"hw1",-2.2094,2.3867,"SalicaceaeAbove0.35spg","hardwood","Hardwood",0.36,-2.4441,2.4561,NA,NA,NA,"Check",0.298271830618665,0.24283273723977,NA
"Populus","POTR5","NEON.PLA.D05.TREE.01212","TREE_043","TREE","D05",2019-10-23,"Standing dead","small tree",NA,130,NA,5.1,2.2,NA,NA,"Populus tremuloides Michx.",NA,NA,"2019",746,"aspen/alder/cottonwood/willow","Populus tremuloides Michx.","quaking aspen","Salicaceae","tree","tremuloides",0.691,"hw1",-2.2094,2.3867,"SalicaceaeAbove0.35spg","hardwood","Hardwood",0.36,-2.4441,2.4561,NA,NA,NA,"Check",0.298271830618665,0.24283273723977,NA
"Populus","POTR5","NEON.PLA.D05.TREE.01131","TREE_043","TREE","D05",2018-10-15,"Live","small tree",NA,130,NA,4.2,1.7,NA,NA,"Populus tremuloides Michx.",NA,NA,"2018",746,"aspen/alder/cottonwood/willow","Populus tremuloides Michx.","quaking aspen","Salicaceae","tree","tremuloides",0.691,"hw1",-2.2094,2.3867,"SalicaceaeAbove0.35spg","hardwood","Hardwood",0.36,-2.4441,2.4561,NA,NA,NA,"Check",0.161199788628141,0.128910556945084,NA
"Populus","POTR5","NEON.PLA.D05.TREE.01131","TREE_043","TREE","D05",2019-10-23,"Standing dead","small tree",NA,130,NA,3.9,1.6,NA,NA,"Populus tremuloides Michx.",NA,NA,"2019",746,"aspen/alder/cottonwood/willow","Populus tremuloides Michx.","quaking aspen","Salicaceae","tree","tremuloides",0.691,"hw1",-2.2094,2.3867,"SalicaceaeAbove0.35spg","hardwood","Hardwood",0.36,-2.4441,2.4561,NA,NA,NA,"Check",0.139484255897534,0.111076446694469,NA
"Populus","POTR5","NEON.PLA.D05.TREE.00891","TREE_025","TREE","D05",2015-08-04,"Standing dead","sapling","Full shade",10,NA,1.3,1.1,NA,NA,"Populus tremuloides Michx.",NA,NA,"2015",746,"aspen/alder/cottonwood/willow","Populus tremuloides Michx.","quaking aspen","Salicaceae","tree","tremuloides",0.691,"hw1",-2.2094,2.3867,"SalicaceaeAbove0.35spg","hardwood","Hardwood",0.36,-2.4441,2.4561,NA,NA,0.777869901180713,"Check",0.02494478046453,0.0188946778303482,NA
"Populus","POTR5","NEON.PLA.D05.TREE.03855","TREE_019","TREE","D05",2019-10-30,"Live","small tree",NA,130,NA,7.5,4.2,NA,NA,"Populus tremuloides Michx.",NA,NA,"2019",746,"aspen/alder/cottonwood/willow","Populus tremuloides Michx.","quaking aspen","Salicaceae","tree","tremuloides",0.691,"hw1",-2.2094,2.3867,"SalicaceaeAbove0.35spg","hardwood","Hardwood",0.36,-2.4441,2.4561,NA,NA,NA,"Check",1.39592186137655,1.18862667136647,NA
"Populus","POTR5","NEON.PLA.D05.TREE.03855","TREE_019","TREE","D05",2017-10-23,"Live","small tree",NA,130,NA,6.7,3.9,NA,NA,"Populus tremuloides Michx.",NA,NA,"2017",746,"aspen/alder/cottonwood/willow","Populus tremuloides Michx.","quaking aspen","Salicaceae","tree","tremuloides",0.691,"hw1",-2.2094,2.3867,"SalicaceaeAbove0.35spg","hardwood","Hardwood",0.36,-2.4441,2.4561,NA,NA,NA,"Check",1.16962306754066,0.99082434818966,NA
"Populus","POTR5","NEON.PLA.D05.TREE.01037","TREE_044","TREE","D05",2015-08-05,"Standing dead","small tree","Mostly shaded",130,NA,1.8,1.1,NA,NA,"Populus tremuloides Michx.",NA,NA,"2015",746,"aspen/alder/cottonwood/willow","Populus tremuloides Michx.","quaking aspen","Salicaceae","tree","tremuloides",0.691,"hw1",-2.2094,2.3867,"SalicaceaeAbove0.35spg","hardwood","Hardwood",0.36,-2.4441,2.4561,NA,NA,NA,"Check",0.0570353287324869,0.0442534835233663,NA
"Populus","POTR5","NEON.PLA.D05.TREE.02459","TREE_023","TREE","D05",2018-05-08,"Live","small tree",NA,130,NA,NA,1.5,NA,NA,"Populus tremuloides Michx.",NA,NA,"2018",746,"aspen/alder/cottonwood/willow","Populus tremuloides Michx.","quaking aspen","Salicaceae","tree","tremuloides",0.691,"hw1",-2.2094,2.3867,"SalicaceaeAbove0.35spg","hardwood","Hardwood",0.36,-2.4441,2.4561,NA,NA,NA,"Check",0.119571873869334,0.094793952160853,NA
"Populus","POTR5","NEON.PLA.D05.TREE.01243","TREE_043","TREE","D05",2020-10-05,"Live","small tree","Full shade",130,NA,4.3,3.3,NA,NA,"Populus tremuloides Michx.",NA,NA,"2020",746,"aspen/alder/cottonwood/willow","Populus tremuloides Michx.","quaking aspen","Salicaceae","tree","tremuloides",0.691,"hw1",-2.2094,2.3867,"SalicaceaeAbove0.35spg","hardwood","Hardwood",0.36,-2.4441,2.4561,NA,NA,NA,"Check",0.785035411946583,0.657362577265195,NA
"Populus","POTR5","NEON.PLA.D05.TREE.03176","TREE_043","TREE","D05",2017-10-17,"Standing dead","small tree",NA,130,NA,2.8,1.3,NA,NA,"Populus tremuloides Michx.",NA,NA,"2017",746,"aspen/alder/cottonwood/willow","Populus tremuloides Michx.","quaking aspen","Salicaceae","tree","tremuloides",0.691,"hw1",-2.2094,2.3867,"SalicaceaeAbove0.35spg","hardwood","Hardwood",0.36,-2.4441,2.4561,NA,NA,NA,"Check",0.0849768496237214,0.0667020461517271,NA
"Populus","POTR5","NEON.PLA.D05.TREE.03176","TREE_043","TREE","D05",2019-10-23,"Standing dead","small tree",NA,130,NA,2.4,1.3,NA,NA,"Populus tremuloides Michx.",NA,NA,"2019",746,"aspen/alder/cottonwood/willow","Populus tremuloides Michx.","quaking aspen","Salicaceae","tree","tremuloides",0.691,"hw1",-2.2094,2.3867,"SalicaceaeAbove0.35spg","hardwood","Hardwood",0.36,-2.4441,2.4561,NA,NA,NA,"Check",0.0849768496237214,0.0667020461517271,NA
"Populus","POTR5","NEON.PLA.D05.TREE.00417","TREE_057","TREE","D05",2015-08-04,"Live","sapling","Full shade",10,NA,1.7,1.3,NA,NA,"Populus tremuloides Michx.",NA,NA,"2015",746,"aspen/alder/cottonwood/willow","Populus tremuloides Michx.","quaking aspen","Salicaceae","tree","tremuloides",0.691,"hw1",-2.2094,2.3867,"SalicaceaeAbove0.35spg","hardwood","Hardwood",0.36,-2.4441,2.4561,NA,NA,0.925450366054231,"Check",0.0377613094911015,0.0289496165253258,NA
"Populus","POTR5","NEON.PLA.D05.TREE.01243","TREE_043","TREE","D05",2018-10-15,"Live","small tree",NA,130,NA,4.6,3.1,NA,NA,"Populus tremuloides Michx.",NA,NA,"2018",746,"aspen/alder/cottonwood/willow","Populus tremuloides Michx.","quaking aspen","Salicaceae","tree","tremuloides",0.691,"hw1",-2.2094,2.3867,"SalicaceaeAbove0.35spg","hardwood","Hardwood",0.36,-2.4441,2.4561,NA,NA,NA,"Check",0.676215283133761,0.563788671558161,NA
"Populus","POTR5","NEON.PLA.D05.TREE.03306","TREE_007","TREE","D05",2019-10-09,"Live","small tree",NA,130,NA,2.8,1.5,NA,NA,"Populus tremuloides Michx.",NA,NA,"2019",746,"aspen/alder/cottonwood/willow","Populus tremuloides Michx.","quaking aspen","Salicaceae","tree","tremuloides",0.691,"hw1",-2.2094,2.3867,"SalicaceaeAbove0.35spg","hardwood","Hardwood",0.36,-2.4441,2.4561,NA,NA,NA,"Check",0.119571873869334,0.094793952160853,NA
"Populus","POTR5","NEON.PLA.D05.TREE.03306","TREE_007","TREE","D05",2018-05-08,"Live","small tree",NA,130,NA,3,1.4,NA,NA,"Populus tremuloides Michx.",NA,NA,"2018",746,"aspen/alder/cottonwood/willow","Populus tremuloides Michx.","quaking aspen","Salicaceae","tree","tremuloides",0.691,"hw1",-2.2094,2.3867,"SalicaceaeAbove0.35spg","hardwood","Hardwood",0.36,-2.4441,2.4561,NA,NA,NA,"Check",0.10141817940551,0.080018048845408,NA
"Populus","POTR5","NEON.PLA.D05.TREE.01137","TREE_044","TREE","D05",2018-10-16,"Live","small tree",NA,130,NA,10.5,6.1,NA,NA,"Populus tremuloides Michx.",NA,NA,"2018",746,"aspen/alder/cottonwood/willow","Populus tremuloides Michx.","quaking aspen","Salicaceae","tree","tremuloides",0.691,"hw1",-2.2094,2.3867,"SalicaceaeAbove0.35spg","hardwood","Hardwood",0.36,-2.4441,2.4561,NA,NA,NA,"Check",3.40172141903959,2.97256593600796,NA
"Populus","POTR5","NEON.PLA.D05.TREE.02393","TREE_019","TREE","D05",2017-10-23,"Live","small tree",NA,130,NA,5.5,3.5,NA,NA,"Populus tremuloides Michx.",NA,NA,"2017",746,"aspen/alder/cottonwood/willow","Populus tremuloides Michx.","quaking aspen","Salicaceae","tree","tremuloides",0.691,"hw1",-2.2094,2.3867,"SalicaceaeAbove0.35spg","hardwood","Hardwood",0.36,-2.4441,2.4561,NA,NA,NA,"Check",0.903398216427415,0.759571065422187,NA
"Populus","POTR5","NEON.PLA.D05.TREE.03308","TREE_007","TREE","D05",2018-05-08,"Live","small tree",NA,130,NA,2.9,1.7,NA,NA,"Populus tremuloides Michx.",NA,NA,"2018",746,"aspen/alder/cottonwood/willow","Populus tremuloides Michx.","quaking aspen","Salicaceae","tree","tremuloides",0.691,"hw1",-2.2094,2.3867,"SalicaceaeAbove0.35spg","hardwood","Hardwood",0.36,-2.4441,2.4561,NA,NA,NA,"Check",0.161199788628141,0.128910556945084,NA
"Populus","POTR5","NEON.PLA.D05.TREE.00421","TREE_044","TREE","D05",2016-10-19,"Live","small tree",NA,130,NA,6.8,3.7,NA,NA,"Populus tremuloides Michx.",NA,NA,"2016",746,"aspen/alder/cottonwood/willow","Populus tremuloides Michx.","quaking aspen","Salicaceae","tree","tremuloides",0.691,"hw1",-2.2094,2.3867,"SalicaceaeAbove0.35spg","hardwood","Hardwood",0.36,-2.4441,2.4561,NA,NA,NA,"Check",1.03152339486018,0.870649075933759,NA
"Populus","POTR5","NEON.PLA.D05.TREE.00421","TREE_044","TREE","D05",2015-08-05,"Live, insect damaged","small tree","Mostly shaded",130,NA,7.3,3.2,NA,NA,"Populus tremuloides Michx.",NA,NA,"2015",746,"aspen/alder/cottonwood/willow","Populus tremuloides Michx.","quaking aspen","Salicaceae","tree","tremuloides",0.691,"hw1",-2.2094,2.3867,"SalicaceaeAbove0.35spg","hardwood","Hardwood",0.36,-2.4441,2.4561,NA,NA,NA,"Check",0.729446560116734,0.609511284675326,NA
"Populus","POTR5","NEON.PLA.D05.TREE.03309","TREE_007","TREE","D05",2018-05-08,"Live","small tree",NA,130,NA,3.1,1.9,NA,NA,"Populus tremuloides Michx.",NA,NA,"2018",746,"aspen/alder/cottonwood/willow","Populus tremuloides Michx.","quaking aspen","Salicaceae","tree","tremuloides",0.691,"hw1",-2.2094,2.3867,"SalicaceaeAbove0.35spg","hardwood","Hardwood",0.36,-2.4441,2.4561,NA,NA,NA,"Check",0.210209939270102,0.169406319930455,NA
"Populus","POTR5","NEON.PLA.D05.TREE.02398","TREE_019","TREE","D05",2017-10-23,"Live","small tree",NA,130,NA,7.3,3.4,NA,NA,"Populus tremuloides Michx.",NA,NA,"2017",746,"aspen/alder/cottonwood/willow","Populus tremuloides Michx.","quaking aspen","Salicaceae","tree","tremuloides",0.691,"hw1",-2.2094,2.3867,"SalicaceaeAbove0.35spg","hardwood","Hardwood",0.36,-2.4441,2.4561,NA,NA,NA,"Check",0.843010062674904,0.707372638485044,NA
"Populus","POTR5","NEON.PLA.D05.TREE.02400","TREE_019","TREE","D05",2017-10-23,"Live","small tree",NA,130,NA,6.3,3.4,NA,NA,"Populus tremuloides Michx.",NA,NA,"2017",746,"aspen/alder/cottonwood/willow","Populus tremuloides Michx.","quaking aspen","Salicaceae","tree","tremuloides",0.691,"hw1",-2.2094,2.3867,"SalicaceaeAbove0.35spg","hardwood","Hardwood",0.36,-2.4441,2.4561,NA,NA,NA,"Check",0.843010062674904,0.707372638485044,NA
"Populus","POTR5","NEON.PLA.D05.TREE.02400","TREE_019","TREE","D05",2019-10-30,"Live","small tree",NA,130,NA,6.7,3.4,NA,NA,"Populus tremuloides Michx.",NA,NA,"2019",746,"aspen/alder/cottonwood/willow","Populus tremuloides Michx.","quaking aspen","Salicaceae","tree","tremuloides",0.691,"hw1",-2.2094,2.3867,"SalicaceaeAbove0.35spg","hardwood","Hardwood",0.36,-2.4441,2.4561,NA,NA,NA,"Check",0.843010062674904,0.707372638485044,NA
"Populus","POTR5","NEON.PLA.D05.TREE.03312","TREE_007","TREE","D05",2018-05-08,"Live","small tree",NA,130,NA,3.9,1.8,NA,NA,"Populus tremuloides Michx.",NA,NA,"2018",746,"aspen/alder/cottonwood/willow","Populus tremuloides Michx.","quaking aspen","Salicaceae","tree","tremuloides",0.691,"hw1",-2.2094,2.3867,"SalicaceaeAbove0.35spg","hardwood","Hardwood",0.36,-2.4441,2.4561,NA,NA,NA,"Check",0.184761259990128,0.148339799857963,NA
"Populus","POTR5","NEON.PLA.D05.TREE.03313","TREE_007","TREE","D05",2019-10-09,"Live","small tree",NA,130,NA,3.3,2.5,NA,NA,"Populus tremuloides Michx.",NA,NA,"2019",746,"aspen/alder/cottonwood/willow","Populus tremuloides Michx.","quaking aspen","Salicaceae","tree","tremuloides",0.691,"hw1",-2.2094,2.3867,"SalicaceaeAbove0.35spg","hardwood","Hardwood",0.36,-2.4441,2.4561,NA,NA,NA,"Check",0.404683452116471,0.332401782667544,NA
"Populus","POTR5","NEON.PLA.D05.TREE.01300","TREE_043","TREE","D05",2018-10-15,"Live","small tree",NA,130,NA,7.6,3.6,NA,NA,"Populus tremuloides Michx.",NA,NA,"2018",746,"aspen/alder/cottonwood/willow","Populus tremuloides Michx.","quaking aspen","Salicaceae","tree","tremuloides",0.691,"hw1",-2.2094,2.3867,"SalicaceaeAbove0.35spg","hardwood","Hardwood",0.36,-2.4441,2.4561,NA,NA,NA,"Check",0.966227081869643,0.813986985275155,NA
"Populus","POTR5","NEON.PLA.D05.TREE.01300","TREE_043","TREE","D05",2017-10-17,"Live","small tree",NA,130,NA,7.1,3.7,NA,NA,"Populus tremuloides Michx.",NA,NA,"2017",746,"aspen/alder/cottonwood/willow","Populus tremuloides Michx.","quaking aspen","Salicaceae","tree","tremuloides",0.691,"hw1",-2.2094,2.3867,"SalicaceaeAbove0.35spg","hardwood","Hardwood",0.36,-2.4441,2.4561,NA,NA,NA,"Check",1.03152339486018,0.870649075933759,NA
"Populus","POTR5","NEON.PLA.D05.TREE.03314","TREE_007","TREE","D05",2019-10-09,"Live","small tree",NA,130,NA,2.9,1.5,NA,NA,"Populus tremuloides Michx.",NA,NA,"2019",746,"aspen/alder/cottonwood/willow","Populus tremuloides Michx.","quaking aspen","Salicaceae","tree","tremuloides",0.691,"hw1",-2.2094,2.3867,"SalicaceaeAbove0.35spg","hardwood","Hardwood",0.36,-2.4441,2.4561,NA,NA,NA,"Check",0.119571873869334,0.094793952160853,NA
"Populus","POTR5","NEON.PLA.D05.TREE.03315","TREE_007","TREE","D05",2019-10-09,"Live","small tree",NA,130,NA,2.7,1.1,NA,NA,"Populus tremuloides Michx.",NA,NA,"2019",746,"aspen/alder/cottonwood/willow","Populus tremuloides Michx.","quaking aspen","Salicaceae","tree","tremuloides",0.691,"hw1",-2.2094,2.3867,"SalicaceaeAbove0.35spg","hardwood","Hardwood",0.36,-2.4441,2.4561,NA,NA,NA,"Check",0.0570353287324869,0.0442534835233663,NA
"Populus","POTR5","NEON.PLA.D05.TREE.03316","TREE_007","TREE","D05",2018-05-08,"Live","small tree",NA,130,NA,NA,1.4,NA,NA,"Populus tremuloides Michx.",NA,NA,"2018",746,"aspen/alder/cottonwood/willow","Populus tremuloides Michx.","quaking aspen","Salicaceae","tree","tremuloides",0.691,"hw1",-2.2094,2.3867,"SalicaceaeAbove0.35spg","hardwood","Hardwood",0.36,-2.4441,2.4561,NA,NA,NA,"Check",0.10141817940551,0.080018048845408,NA
"Populus","POTR5","NEON.PLA.D05.TREE.03096","TREE_010","TREE","D05",2019-10-10,"Live","small tree",NA,130,NA,9,5.3,NA,NA,"Populus tremuloides Michx.",NA,NA,"2019",746,"aspen/alder/cottonwood/willow","Populus tremuloides Michx.","quaking aspen","Salicaceae","tree","tremuloides",0.691,"hw1",-2.2094,2.3867,"SalicaceaeAbove0.35spg","hardwood","Hardwood",0.36,-2.4441,2.4561,NA,NA,NA,"Check",2.43209897848406,2.10463530937215,NA
"Populus","POTR5","NEON.PLA.D05.TREE.03317","TREE_007","TREE","D05",2018-05-08,"Live","small tree",NA,130,NA,2.8,1.2,NA,NA,"Populus tremuloides Michx.",NA,NA,"2018",746,"aspen/alder/cottonwood/willow","Populus tremuloides Michx.","quaking aspen","Salicaceae","tree","tremuloides",0.691,"hw1",-2.2094,2.3867,"SalicaceaeAbove0.35spg","hardwood","Hardwood",0.36,-2.4441,2.4561,NA,NA,NA,"Check",0.0701994819673388,0.0547973993149548,NA
"Populus","POTR5","NEON.PLA.D05.TREE.02702","TREE_010","TREE","D05",2017-10-24,"Live","small tree",NA,130,NA,10.4,6.4,NA,NA,"Populus tremuloides Michx.",NA,NA,"2017",746,"aspen/alder/cottonwood/willow","Populus tremuloides Michx.","quaking aspen","Salicaceae","tree","tremuloides",0.691,"hw1",-2.2094,2.3867,"SalicaceaeAbove0.35spg","hardwood","Hardwood",0.36,-2.4441,2.4561,NA,NA,NA,"Check",3.81471213824315,3.34457949639349,NA
"Populus","POTR5","NEON.PLA.D05.TREE.02294","TREE_019","TREE","D05",2017-10-23,"Standing dead","small tree",NA,130,NA,3.4,1.3,NA,NA,"Populus tremuloides Michx.",NA,NA,"2017",746,"aspen/alder/cottonwood/willow","Populus tremuloides Michx.","quaking aspen","Salicaceae","tree","tremuloides",0.691,"hw1",-2.2094,2.3867,"SalicaceaeAbove0.35spg","hardwood","Hardwood",0.36,-2.4441,2.4561,NA,NA,NA,"Check",0.0849768496237214,0.0667020461517271,NA
"Populus","POTR5","NEON.PLA.D05.TREE.03757","TREE_010","TREE","D05",2019-10-10,"Live","single bole tree","Partially shaded",130,NA,14.3,14.5,NA,51,"Populus tremuloides Michx.",4.3,252.2,"2019",746,"aspen/alder/cottonwood/willow","Populus tremuloides Michx.","quaking aspen","Salicaceae","tree","tremuloides",0.691,"hw1",-2.2094,2.3867,"SalicaceaeAbove0.35spg","hardwood","Hardwood",0.36,-2.4441,2.4561,NA,NA,NA,"Check",64.9092786293795,61.7983396659822,NA
"Populus","POTR5","NEON.PLA.D05.TREE.00980","TREE_044","TREE","D05",2018-10-16,"Live","small tree",NA,130,NA,8.7,6.8,NA,NA,"Populus tremuloides Michx.",NA,NA,"2018",746,"aspen/alder/cottonwood/willow","Populus tremuloides Michx.","quaking aspen","Salicaceae","tree","tremuloides",0.691,"hw1",-2.2094,2.3867,"SalicaceaeAbove0.35spg","hardwood","Hardwood",0.36,-2.4441,2.4561,NA,NA,NA,"Check",4.40860358328709,3.88157542357413,NA
"Populus","POTR5","NEON.PLA.D05.TREE.02703","TREE_010","TREE","D05",2019-10-10,"Live","small tree",NA,130,NA,11.6,2.7,NA,NA,"Populus tremuloides Michx.",NA,NA,"2019",746,"aspen/alder/cottonwood/willow","Populus tremuloides Michx.","quaking aspen","Salicaceae","tree","tremuloides",0.691,"hw1",-2.2094,2.3867,"SalicaceaeAbove0.35spg","hardwood","Hardwood",0.36,-2.4441,2.4561,NA,NA,NA,"Check",0.486281696623093,0.401564608849878,NA
"Populus","POTR5","NEON.PLA.D05.TREE.02705","TREE_010","TREE","D05",2017-10-24,"Standing dead","small tree",NA,130,NA,4.5,3.3,NA,NA,"Populus tremuloides Michx.",NA,NA,"2017",746,"aspen/alder/cottonwood/willow","Populus tremuloides Michx.","quaking aspen","Salicaceae","tree","tremuloides",0.691,"hw1",-2.2094,2.3867,"SalicaceaeAbove0.35spg","hardwood","Hardwood",0.36,-2.4441,2.4561,NA,NA,NA,"Check",0.785035411946583,0.657362577265195,NA
"Populus","POTR5","NEON.PLA.D05.TREE.01536","TREE_010","TREE","D05",2019-10-10,"Standing dead","small tree",NA,130,NA,8.3,5.9,NA,NA,"Populus tremuloides Michx.",NA,NA,"2019",746,"aspen/alder/cottonwood/willow","Populus tremuloides Michx.","quaking aspen","Salicaceae","tree","tremuloides",0.691,"hw1",-2.2094,2.3867,"SalicaceaeAbove0.35spg","hardwood","Hardwood",0.36,-2.4441,2.4561,NA,NA,NA,"Check",3.14155395918048,2.73887691002691,NA
"Populus","POTR5","NEON.PLA.D05.TREE.03185","TREE_044","TREE","D05",2017-10-17,"Live","single bole tree",NA,130,NA,11.5,11.5,NA,59,"Populus tremuloides Michx.",6.2,248.2,"2017",746,"aspen/alder/cottonwood/willow","Populus tremuloides Michx.","quaking aspen","Salicaceae","tree","tremuloides",0.691,"hw1",-2.2094,2.3867,"SalicaceaeAbove0.35spg","hardwood","Hardwood",0.36,-2.4441,2.4561,NA,NA,NA,"Check",37.3282222529401,34.9720284060765,NA
"Populus","POTR5","NEON.PLA.D05.TREE.03185","TREE_044","TREE","D05",2016-10-19,"Live","single bole tree",NA,130,NA,10.7,10.5,NA,59,"Populus tremuloides Michx.",6.2,248.2,"2016",746,"aspen/alder/cottonwood/willow","Populus tremuloides Michx.","quaking aspen","Salicaceae","tree","tremuloides",0.691,"hw1",-2.2094,2.3867,"SalicaceaeAbove0.35spg","hardwood","Hardwood",0.36,-2.4441,2.4561,NA,NA,NA,"Check",30.0429290240459,27.969447930941,NA
"Populus","POTR5","NEON.PLA.D05.TREE.00873","TREE_025","TREE","D05",2015-08-04,"Live, disease damaged","small tree","Full shade",130,NA,2.2,10,NA,NA,"Populus tremuloides Michx.",NA,NA,"2015",746,"aspen/alder/cottonwood/willow","Populus tremuloides Michx.","quaking aspen","Salicaceae","tree","tremuloides",0.691,"hw1",-2.2094,2.3867,"SalicaceaeAbove0.35spg","hardwood","Hardwood",0.36,-2.4441,2.4561,NA,NA,NA,"Check",11.0675636257392,10.0088202311018,NA
"Populus","POTR5","NEON.PLA.D05.TREE.03323","TREE_007","TREE","D05",2018-05-08,"Live","small tree",NA,130,NA,NA,1.2,NA,NA,"Populus tremuloides Michx.",NA,NA,"2018",746,"aspen/alder/cottonwood/willow","Populus tremuloides Michx.","quaking aspen","Salicaceae","tree","tremuloides",0.691,"hw1",-2.2094,2.3867,"SalicaceaeAbove0.35spg","hardwood","Hardwood",0.36,-2.4441,2.4561,NA,NA,NA,"Check",0.0701994819673388,0.0547973993149548,NA
"Populus","POTR5","NEON.PLA.D05.TREE.01226","TREE_044","TREE","D05",2018-10-16,"Live","small tree",NA,130,NA,8.3,5,NA,NA,"Populus tremuloides Michx.",NA,NA,"2018",746,"aspen/alder/cottonwood/willow","Populus tremuloides Michx.","quaking aspen","Salicaceae","tree","tremuloides",0.691,"hw1",-2.2094,2.3867,"SalicaceaeAbove0.35spg","hardwood","Hardwood",0.36,-2.4441,2.4561,NA,NA,NA,"Check",2.11633169767473,1.82399278705186,NA
"Populus","POTR5","NEON.PLA.D05.TREE.01226","TREE_044","TREE","D05",2016-10-19,"Live","small tree",NA,130,NA,7.8,4.6,NA,NA,"Populus tremuloides Michx.",NA,NA,"2016",746,"aspen/alder/cottonwood/willow","Populus tremuloides Michx.","quaking aspen","Salicaceae","tree","tremuloides",0.691,"hw1",-2.2094,2.3867,"SalicaceaeAbove0.35spg","hardwood","Hardwood",0.36,-2.4441,2.4561,NA,NA,NA,"Check",1.73442747368261,1.4862175977833,NA
"Populus","POTR5","NEON.PLA.D05.TREE.01226","TREE_044","TREE","D05",2017-10-17,"Live","small tree",NA,130,NA,7.6,4.8,NA,NA,"Populus tremuloides Michx.",NA,NA,"2017",746,"aspen/alder/cottonwood/willow","Populus tremuloides Michx.","quaking aspen","Salicaceae","tree","tremuloides",0.691,"hw1",-2.2094,2.3867,"SalicaceaeAbove0.35spg","hardwood","Hardwood",0.36,-2.4441,2.4561,NA,NA,NA,"Check",1.91986410391657,1.6499830851504,NA
"Populus","POTR5","NEON.PLA.D05.TREE.02741","TREE_010","TREE","D05",2019-10-10,"Standing dead","small tree",NA,130,NA,7.6,5.7,NA,NA,"Populus tremuloides Michx.",NA,NA,"2019",746,"aspen/alder/cottonwood/willow","Populus tremuloides Michx.","quaking aspen","Salicaceae","tree","tremuloides",0.691,"hw1",-2.2094,2.3867,"SalicaceaeAbove0.35spg","hardwood","Hardwood",0.36,-2.4441,2.4561,NA,NA,NA,"Check",2.8933338325124,2.51644314092689,NA
"Populus","POTR5","NEON.PLA.D05.TREE.02741","TREE_010","TREE","D05",2017-10-24,"Live","small tree",NA,130,NA,7.3,5.5,NA,NA,"Populus tremuloides Michx.",NA,NA,"2017",746,"aspen/alder/cottonwood/willow","Populus tremuloides Michx.","quaking aspen","Salicaceae","tree","tremuloides",0.691,"hw1",-2.2094,2.3867,"SalicaceaeAbove0.35spg","hardwood","Hardwood",0.36,-2.4441,2.4561,NA,NA,NA,"Check",2.65690275028545,2.30508895937898,NA
"Populus","POTR5","NEON.PLA.D05.TREE.03347","TREE_007","TREE","D05",2019-10-09,"Live","small tree",NA,130,NA,3.1,2.2,NA,NA,"Populus tremuloides Michx.",NA,NA,"2019",746,"aspen/alder/cottonwood/willow","Populus tremuloides Michx.","quaking aspen","Salicaceae","tree","tremuloides",0.691,"hw1",-2.2094,2.3867,"SalicaceaeAbove0.35spg","hardwood","Hardwood",0.36,-2.4441,2.4561,NA,NA,NA,"Check",0.298271830618665,0.24283273723977,NA
"Populus","POTR5","NEON.PLA.D05.TREE.01257","TREE_043","TREE","D05",2018-10-15,"Live","small tree",NA,130,NA,5.7,3,NA,NA,"Populus tremuloides Michx.",NA,NA,"2018",746,"aspen/alder/cottonwood/willow","Populus tremuloides Michx.","quaking aspen","Salicaceae","tree","tremuloides",0.691,"hw1",-2.2094,2.3867,"SalicaceaeAbove0.35spg","hardwood","Hardwood",0.36,-2.4441,2.4561,NA,NA,NA,"Check",0.6253128105352,0.520164132725086,NA
"Populus","POTR5","NEON.PLA.D05.TREE.01257","TREE_043","TREE","D05",2019-10-23,"Live","small tree",NA,130,NA,5.7,3,NA,NA,"Populus tremuloides Michx.",NA,NA,"2019",746,"aspen/alder/cottonwood/willow","Populus tremuloides Michx.","quaking aspen","Salicaceae","tree","tremuloides",0.691,"hw1",-2.2094,2.3867,"SalicaceaeAbove0.35spg","hardwood","Hardwood",0.36,-2.4441,2.4561,NA,NA,NA,"Check",0.6253128105352,0.520164132725086,NA
"Populus","POTR5","NEON.PLA.D05.TREE.01083","TREE_044","TREE","D05",2018-10-16,"Live","small tree",NA,130,NA,7,3.9,NA,NA,"Populus tremuloides Michx.",NA,NA,"2018",746,"aspen/alder/cottonwood/willow","Populus tremuloides Michx.","quaking aspen","Salicaceae","tree","tremuloides",0.691,"hw1",-2.2094,2.3867,"SalicaceaeAbove0.35spg","hardwood","Hardwood",0.36,-2.4441,2.4561,NA,NA,NA,"Check",1.16962306754066,0.99082434818966,NA
"Populus","POTR5","NEON.PLA.D05.TREE.01083","TREE_044","TREE","D05",2015-08-05,"Live","small tree","Full sun",130,NA,6.6,3.7,NA,NA,"Populus tremuloides Michx.",NA,NA,"2015",746,"aspen/alder/cottonwood/willow","Populus tremuloides Michx.","quaking aspen","Salicaceae","tree","tremuloides",0.691,"hw1",-2.2094,2.3867,"SalicaceaeAbove0.35spg","hardwood","Hardwood",0.36,-2.4441,2.4561,NA,NA,NA,"Check",1.03152339486018,0.870649075933759,NA
"Populus","POTR5","NEON.PLA.D05.TREE.02112","TREE_019","TREE","D05",2017-10-23,"Live","small tree",NA,130,NA,7.5,7,NA,NA,"Populus tremuloides Michx.",NA,NA,"2017",746,"aspen/alder/cottonwood/willow","Populus tremuloides Michx.","quaking aspen","Salicaceae","tree","tremuloides",0.691,"hw1",-2.2094,2.3867,"SalicaceaeAbove0.35spg","hardwood","Hardwood",0.36,-2.4441,2.4561,NA,NA,NA,"Check",4.72440934031052,4.1680045560076,NA
"Populus","POTR5","NEON.PLA.D05.TREE.00952","TREE_057","TREE","D05",2016-10-18,"Live","small tree",NA,130,NA,2.3,1,NA,NA,"Populus tremuloides Michx.",NA,NA,"2016",746,"aspen/alder/cottonwood/willow","Populus tremuloides Michx.","quaking aspen","Salicaceae","tree","tremuloides",0.691,"hw1",-2.2094,2.3867,"SalicaceaeAbove0.35spg","hardwood","Hardwood",0.36,-2.4441,2.4561,NA,NA,NA,"Check",0.0454309718603333,0.0350173187113287,NA
"Populus","POTR5","NEON.PLA.D05.TREE.00952","TREE_057","TREE","D05",2015-08-04,"Live","small tree","Full shade",130,NA,2.2,1.1,NA,NA,"Populus tremuloides Michx.",NA,NA,"2015",746,"aspen/alder/cottonwood/willow","Populus tremuloides Michx.","quaking aspen","Salicaceae","tree","tremuloides",0.691,"hw1",-2.2094,2.3867,"SalicaceaeAbove0.35spg","hardwood","Hardwood",0.36,-2.4441,2.4561,NA,NA,NA,"Check",0.0570353287324869,0.0442534835233663,NA
"Populus","POTR5","NEON.PLA.D05.TREE.03332","TREE_007","TREE","D05",2019-10-09,"Live","small tree",NA,130,NA,3.2,1.6,NA,NA,"Populus tremuloides Michx.",NA,NA,"2019",746,"aspen/alder/cottonwood/willow","Populus tremuloides Michx.","quaking aspen","Salicaceae","tree","tremuloides",0.691,"hw1",-2.2094,2.3867,"SalicaceaeAbove0.35spg","hardwood","Hardwood",0.36,-2.4441,2.4561,NA,NA,NA,"Check",0.139484255897534,0.111076446694469,NA
"Populus","POTR5","NEON.PLA.D05.TREE.03333","TREE_007","TREE","D05",2019-10-09,"Live","small tree",NA,130,NA,2.7,1,NA,NA,"Populus tremuloides Michx.",NA,NA,"2019",746,"aspen/alder/cottonwood/willow","Populus tremuloides Michx.","quaking aspen","Salicaceae","tree","tremuloides",0.691,"hw1",-2.2094,2.3867,"SalicaceaeAbove0.35spg","hardwood","Hardwood",0.36,-2.4441,2.4561,NA,NA,NA,"Check",0.0454309718603333,0.0350173187113287,NA
"Populus","POTR5","NEON.PLA.D05.TREE.02793","TREE_017","TREE","D05",2017-10-23,"Live","small tree",NA,130,NA,5.6,2.9,NA,NA,"Populus tremuloides Michx.",NA,NA,"2017",746,"aspen/alder/cottonwood/willow","Populus tremuloides Michx.","quaking aspen","Salicaceae","tree","tremuloides",0.691,"hw1",-2.2094,2.3867,"SalicaceaeAbove0.35spg","hardwood","Hardwood",0.36,-2.4441,2.4561,NA,NA,NA,"Check",0.576709796705388,0.478606521009012,NA
"Populus","POTR5","NEON.PLA.D05.TREE.01148","TREE_044","TREE","D05",2016-10-19,"Live","small tree",NA,130,NA,8.2,5.8,NA,NA,"Populus tremuloides Michx.",NA,NA,"2016",746,"aspen/alder/cottonwood/willow","Populus tremuloides Michx.","quaking aspen","Salicaceae","tree","tremuloides",0.691,"hw1",-2.2094,2.3867,"SalicaceaeAbove0.35spg","hardwood","Hardwood",0.36,-2.4441,2.4561,NA,NA,NA,"Check",3.01596029376535,2.62626402045967,NA
"Populus","POTR5","NEON.PLA.D05.TREE.03335","TREE_007","TREE","D05",2018-05-08,"Live","small tree",NA,130,NA,NA,1.4,NA,NA,"Populus tremuloides Michx.",NA,NA,"2018",746,"aspen/alder/cottonwood/willow","Populus tremuloides Michx.","quaking aspen","Salicaceae","tree","tremuloides",0.691,"hw1",-2.2094,2.3867,"SalicaceaeAbove0.35spg","hardwood","Hardwood",0.36,-2.4441,2.4561,NA,NA,NA,"Check",0.10141817940551,0.080018048845408,NA
"Populus","POTR5","NEON.PLA.D05.TREE.03335","TREE_007","TREE","D05",2019-10-09,"Live","small tree",NA,130,NA,3.6,2,NA,NA,"Populus tremuloides Michx.",NA,NA,"2019",746,"aspen/alder/cottonwood/willow","Populus tremuloides Michx.","quaking aspen","Salicaceae","tree","tremuloides",0.691,"hw1",-2.2094,2.3867,"SalicaceaeAbove0.35spg","hardwood","Hardwood",0.36,-2.4441,2.4561,NA,NA,NA,"Check",0.23758571125493,0.192151005445243,NA
"Populus","POTR5","NEON.PLA.D05.TREE.03562A","TREE_002","TREE","D05",2019-10-08,"Standing dead","multi-bole tree","Full sun",130,NA,19.2,26.1,NA,31,"Populus tremuloides Michx.",3.1,86.4,"2019",746,"aspen/alder/cottonwood/willow","Populus tremuloides Michx.","quaking aspen","Salicaceae","tree","tremuloides",0.691,"hw1",-2.2094,2.3867,"SalicaceaeAbove0.35spg","hardwood","Hardwood",0.36,-2.4441,2.4561,NA,NA,NA,"Check",263.976745676566,261.789128207593,NA
"Populus","POTR5","NEON.PLA.D05.TREE.01231","TREE_043","TREE","D05",2019-10-23,"Standing dead","small tree",NA,130,NA,5.9,3.1,NA,NA,"Populus tremuloides Michx.",NA,NA,"2019",746,"aspen/alder/cottonwood/willow","Populus tremuloides Michx.","quaking aspen","Salicaceae","tree","tremuloides",0.691,"hw1",-2.2094,2.3867,"SalicaceaeAbove0.35spg","hardwood","Hardwood",0.36,-2.4441,2.4561,NA,NA,NA,"Check",0.676215283133761,0.563788671558161,NA
"Populus","POTR5","NEON.PLA.D05.TREE.01231","TREE_043","TREE","D05",2020-10-05,"Standing dead","small tree",NA,130,NA,NA,3.1,NA,NA,"Populus tremuloides Michx.",NA,NA,"2020",746,"aspen/alder/cottonwood/willow","Populus tremuloides Michx.","quaking aspen","Salicaceae","tree","tremuloides",0.691,"hw1",-2.2094,2.3867,"SalicaceaeAbove0.35spg","hardwood","Hardwood",0.36,-2.4441,2.4561,NA,NA,NA,"Check",0.676215283133761,0.563788671558161,NA
"Populus","POTR5","NEON.PLA.D05.TREE.01482","TREE_045","TREE","D05",2018-10-17,"Standing dead","small tree",NA,130,NA,2.2,1.3,NA,NA,"Populus tremuloides Michx.",NA,NA,"2018",746,"aspen/alder/cottonwood/willow","Populus tremuloides Michx.","quaking aspen","Salicaceae","tree","tremuloides",0.691,"hw1",-2.2094,2.3867,"SalicaceaeAbove0.35spg","hardwood","Hardwood",0.36,-2.4441,2.4561,NA,NA,NA,"Check",0.0849768496237214,0.0667020461517271,NA
"Populus","POTR5","NEON.PLA.D05.TREE.01482","TREE_045","TREE","D05",2015-08-11,"Live, disease damaged","small tree","Full shade",130,NA,2.9,1.4,NA,NA,"Populus tremuloides Michx.",NA,NA,"2015",746,"aspen/alder/cottonwood/willow","Populus tremuloides Michx.","quaking aspen","Salicaceae","tree","tremuloides",0.691,"hw1",-2.2094,2.3867,"SalicaceaeAbove0.35spg","hardwood","Hardwood",0.36,-2.4441,2.4561,NA,NA,NA,"Check",0.10141817940551,0.080018048845408,NA
"Populus","POTR5","NEON.PLA.D05.TREE.01482","TREE_045","TREE","D05",2017-10-19,"Standing dead","small tree",NA,130,NA,2.7,1.1,NA,NA,"Populus tremuloides Michx.",NA,NA,"2017",746,"aspen/alder/cottonwood/willow","Populus tremuloides Michx.","quaking aspen","Salicaceae","tree","tremuloides",0.691,"hw1",-2.2094,2.3867,"SalicaceaeAbove0.35spg","hardwood","Hardwood",0.36,-2.4441,2.4561,NA,NA,NA,"Check",0.0570353287324869,0.0442534835233663,NA
"Populus","POTR5","NEON.PLA.D05.TREE.03339","TREE_007","TREE","D05",2019-10-09,"Live","small tree",NA,130,NA,2.6,1.6,NA,NA,"Populus tremuloides Michx.",NA,NA,"2019",746,"aspen/alder/cottonwood/willow","Populus tremuloides Michx.","quaking aspen","Salicaceae","tree","tremuloides",0.691,"hw1",-2.2094,2.3867,"SalicaceaeAbove0.35spg","hardwood","Hardwood",0.36,-2.4441,2.4561,NA,NA,NA,"Check",0.139484255897534,0.111076446694469,NA
"Populus","POTR5","NEON.PLA.D05.TREE.00404","TREE_044","TREE","D05",2017-10-17,"Live","small tree",NA,130,NA,6.1,2.6,NA,NA,"Populus tremuloides Michx.",NA,NA,"2017",746,"aspen/alder/cottonwood/willow","Populus tremuloides Michx.","quaking aspen","Salicaceae","tree","tremuloides",0.691,"hw1",-2.2094,2.3867,"SalicaceaeAbove0.35spg","hardwood","Hardwood",0.36,-2.4441,2.4561,NA,NA,NA,"Check",0.444394747268939,0.36601503784363,NA
"Populus","POTR5","NEON.PLA.D05.TREE.03340","TREE_007","TREE","D05",2018-05-08,"Live","small tree",NA,130,NA,NA,1.1,NA,NA,"Populus tremuloides Michx.",NA,NA,"2018",746,"aspen/alder/cottonwood/willow","Populus tremuloides Michx.","quaking aspen","Salicaceae","tree","tremuloides",0.691,"hw1",-2.2094,2.3867,"SalicaceaeAbove0.35spg","hardwood","Hardwood",0.36,-2.4441,2.4561,NA,NA,NA,"Check",0.0570353287324869,0.0442534835233663,NA
"Populus","POTR5","NEON.PLA.D05.TREE.02004","TREE_019","TREE","D05",2017-10-23,"Live","small tree",NA,130,NA,7.3,4.1,NA,NA,"Populus tremuloides Michx.",NA,NA,"2017",746,"aspen/alder/cottonwood/willow","Populus tremuloides Michx.","quaking aspen","Salicaceae","tree","tremuloides",0.691,"hw1",-2.2094,2.3867,"SalicaceaeAbove0.35spg","hardwood","Hardwood",0.36,-2.4441,2.4561,NA,NA,NA,"Check",1.31790242826752,1.12031801456321,NA
"Populus","POTR5","NEON.PLA.D05.TREE.02005","TREE_019","TREE","D05",2019-10-30,"Standing dead","small tree",NA,130,NA,4.1,2.6,NA,NA,"Populus tremuloides Michx.",NA,NA,"2019",746,"aspen/alder/cottonwood/willow","Populus tremuloides Michx.","quaking aspen","Salicaceae","tree","tremuloides",0.691,"hw1",-2.2094,2.3867,"SalicaceaeAbove0.35spg","hardwood","Hardwood",0.36,-2.4441,2.4561,NA,NA,NA,"Check",0.444394747268939,0.36601503784363,NA
"Populus","POTR5","NEON.PLA.D05.TREE.01288","TREE_044","TREE","D05",2016-10-19,"Live","small tree",NA,130,NA,8.6,6.4,NA,NA,"Populus tremuloides Michx.",NA,NA,"2016",746,"aspen/alder/cottonwood/willow","Populus tremuloides Michx.","quaking aspen","Salicaceae","tree","tremuloides",0.691,"hw1",-2.2094,2.3867,"SalicaceaeAbove0.35spg","hardwood","Hardwood",0.36,-2.4441,2.4561,NA,NA,NA,"Check",3.81471213824315,3.34457949639349,NA
"Populus","POTR5","NEON.PLA.D05.TREE.02805","TREE_010","TREE","D05",2017-10-24,"Live","small tree",NA,130,NA,12,7,NA,NA,"Populus tremuloides Michx.",NA,NA,"2017",746,"aspen/alder/cottonwood/willow","Populus tremuloides Michx.","quaking aspen","Salicaceae","tree","tremuloides",0.691,"hw1",-2.2094,2.3867,"SalicaceaeAbove0.35spg","hardwood","Hardwood",0.36,-2.4441,2.4561,NA,NA,NA,"Check",4.72440934031052,4.1680045560076,NA
"Populus","POTR5","NEON.PLA.D05.TREE.01235","TREE_044","TREE","D05",2018-10-16,"Standing dead","small tree",NA,130,NA,3.2,1.4,NA,NA,"Populus tremuloides Michx.",NA,NA,"2018",746,"aspen/alder/cottonwood/willow","Populus tremuloides Michx.","quaking aspen","Salicaceae","tree","tremuloides",0.691,"hw1",-2.2094,2.3867,"SalicaceaeAbove0.35spg","hardwood","Hardwood",0.36,-2.4441,2.4561,NA,NA,NA,"Check",0.10141817940551,0.080018048845408,NA
"Populus","POTR5","NEON.PLA.D05.TREE.00758","TREE_025","TREE","D05",2017-10-18,"Live","small tree",NA,130,NA,3.6,1.9,NA,NA,"Populus tremuloides Michx.",NA,NA,"2017",746,"aspen/alder/cottonwood/willow","Populus tremuloides Michx.","quaking aspen","Salicaceae","tree","tremuloides",0.691,"hw1",-2.2094,2.3867,"SalicaceaeAbove0.35spg","hardwood","Hardwood",0.36,-2.4441,2.4561,NA,NA,NA,"Check",0.210209939270102,0.169406319930455,NA
"Populus","POTR5","NEON.PLA.D05.TREE.03344","TREE_007","TREE","D05",2018-05-08,"Live","small tree",NA,130,NA,NA,1.8,NA,NA,"Populus tremuloides Michx.",NA,NA,"2018",746,"aspen/alder/cottonwood/willow","Populus tremuloides Michx.","quaking aspen","Salicaceae","tree","tremuloides",0.691,"hw1",-2.2094,2.3867,"SalicaceaeAbove0.35spg","hardwood","Hardwood",0.36,-2.4441,2.4561,NA,NA,NA,"Check",0.184761259990128,0.148339799857963,NA
"Populus","POTR5","NEON.PLA.D05.TREE.03345","TREE_007","TREE","D05",2019-10-09,"Live","small tree",NA,130,NA,3.7,2.1,NA,NA,"Populus tremuloides Michx.",NA,NA,"2019",746,"aspen/alder/cottonwood/willow","Populus tremuloides Michx.","quaking aspen","Salicaceae","tree","tremuloides",0.691,"hw1",-2.2094,2.3867,"SalicaceaeAbove0.35spg","hardwood","Hardwood",0.36,-2.4441,2.4561,NA,NA,NA,"Check",0.266927192163398,0.216613589315234,NA
"Populus","POTR5","NEON.PLA.D05.TREE.01178","TREE_043","TREE","D05",2015-08-05,"Live","sapling","Full shade",10,NA,2,1.3,NA,NA,"Populus tremuloides Michx.",NA,NA,"2015",746,"aspen/alder/cottonwood/willow","Populus tremuloides Michx.","quaking aspen","Salicaceae","tree","tremuloides",0.691,"hw1",-2.2094,2.3867,"SalicaceaeAbove0.35spg","hardwood","Hardwood",0.36,-2.4441,2.4561,NA,NA,0.925450366054231,"Check",0.0377613094911015,0.0289496165253258,NA
"Populus","POTR5","NEON.PLA.D05.TREE.03346","TREE_007","TREE","D05",2018-05-08,"Live","small tree",NA,130,NA,NA,1.7,NA,NA,"Populus tremuloides Michx.",NA,NA,"2018",746,"aspen/alder/cottonwood/willow","Populus tremuloides Michx.","quaking aspen","Salicaceae","tree","tremuloides",0.691,"hw1",-2.2094,2.3867,"SalicaceaeAbove0.35spg","hardwood","Hardwood",0.36,-2.4441,2.4561,NA,NA,NA,"Check",0.161199788628141,0.128910556945084,NA
"Populus","POTR5","NEON.PLA.D05.TREE.00961","TREE_044","TREE","D05",2017-10-17,"Live","small tree",NA,130,NA,5.2,2.8,NA,NA,"Populus tremuloides Michx.",NA,NA,"2017",746,"aspen/alder/cottonwood/willow","Populus tremuloides Michx.","quaking aspen","Salicaceae","tree","tremuloides",0.691,"hw1",-2.2094,2.3867,"SalicaceaeAbove0.35spg","hardwood","Hardwood",0.36,-2.4441,2.4561,NA,NA,NA,"Check",0.530376289600716,0.439084119094404,NA
"Populus","POTR5","NEON.PLA.D05.TREE.01244","TREE_044","TREE","D05",2016-10-19,"Live","small tree",NA,140,NA,7.2,3.7,NA,NA,"Populus tremuloides Michx.",NA,NA,"2016",746,"aspen/alder/cottonwood/willow","Populus tremuloides Michx.","quaking aspen","Salicaceae","tree","tremuloides",0.691,"hw1",-2.2094,2.3867,"SalicaceaeAbove0.35spg","hardwood","Hardwood",0.36,-2.4441,2.4561,NA,NA,NA,"Check",1.03152339486018,0.870649075933759,NA
"Populus","POTR5","NEON.PLA.D05.TREE.00962","TREE_045","TREE","D05",2017-10-19,"Live","small tree",NA,130,NA,4.4,2.8,NA,NA,"Populus tremuloides Michx.",NA,NA,"2017",746,"aspen/alder/cottonwood/willow","Populus tremuloides Michx.","quaking aspen","Salicaceae","tree","tremuloides",0.691,"hw1",-2.2094,2.3867,"SalicaceaeAbove0.35spg","hardwood","Hardwood",0.36,-2.4441,2.4561,NA,NA,NA,"Check",0.530376289600716,0.439084119094404,NA
"Populus","POTR5","NEON.PLA.D05.TREE.00962","TREE_045","TREE","D05",2018-10-17,"Live","small tree",NA,130,NA,3.7,3,NA,NA,"Populus tremuloides Michx.",NA,NA,"2018",746,"aspen/alder/cottonwood/willow","Populus tremuloides Michx.","quaking aspen","Salicaceae","tree","tremuloides",0.691,"hw1",-2.2094,2.3867,"SalicaceaeAbove0.35spg","hardwood","Hardwood",0.36,-2.4441,2.4561,NA,NA,NA,"Check",0.6253128105352,0.520164132725086,NA
"Populus","POTR5","NEON.PLA.D05.TREE.02365","TREE_019","TREE","D05",2017-10-23,"Live","small tree",NA,130,NA,6.3,3.4,NA,NA,"Populus tremuloides Michx.",NA,NA,"2017",746,"aspen/alder/cottonwood/willow","Populus tremuloides Michx.","quaking aspen","Salicaceae","tree","tremuloides",0.691,"hw1",-2.2094,2.3867,"SalicaceaeAbove0.35spg","hardwood","Hardwood",0.36,-2.4441,2.4561,NA,NA,NA,"Check",0.843010062674904,0.707372638485044,NA
"Populus","POTR5","NEON.PLA.D05.TREE.03349","TREE_007","TREE","D05",2019-10-09,"Live","small tree",NA,130,NA,2.6,1.8,NA,NA,"Populus tremuloides Michx.",NA,NA,"2019",746,"aspen/alder/cottonwood/willow","Populus tremuloides Michx.","quaking aspen","Salicaceae","tree","tremuloides",0.691,"hw1",-2.2094,2.3867,"SalicaceaeAbove0.35spg","hardwood","Hardwood",0.36,-2.4441,2.4561,NA,NA,NA,"Check",0.184761259990128,0.148339799857963,NA
"Populus","POTR5","NEON.PLA.D05.TREE.03349","TREE_007","TREE","D05",2018-05-08,"Live","small tree",NA,130,NA,NA,1.2,NA,NA,"Populus tremuloides Michx.",NA,NA,"2018",746,"aspen/alder/cottonwood/willow","Populus tremuloides Michx.","quaking aspen","Salicaceae","tree","tremuloides",0.691,"hw1",-2.2094,2.3867,"SalicaceaeAbove0.35spg","hardwood","Hardwood",0.36,-2.4441,2.4561,NA,NA,NA,"Check",0.0701994819673388,0.0547973993149548,NA
"Populus","POTR5","NEON.PLA.D05.TREE.01097","TREE_044","TREE","D05",2015-08-05,"Standing dead","small tree","Partially shaded",130,NA,3.7,1.7,NA,NA,"Populus tremuloides Michx.",NA,NA,"2015",746,"aspen/alder/cottonwood/willow","Populus tremuloides Michx.","quaking aspen","Salicaceae","tree","tremuloides",0.691,"hw1",-2.2094,2.3867,"SalicaceaeAbove0.35spg","hardwood","Hardwood",0.36,-2.4441,2.4561,NA,NA,NA,"Check",0.161199788628141,0.128910556945084,NA
"Populus","POTR5","NEON.PLA.D05.TREE.03353","TREE_007","TREE","D05",2018-05-08,"Live","small tree",NA,130,NA,NA,1.9,NA,NA,"Populus tremuloides Michx.",NA,NA,"2018",746,"aspen/alder/cottonwood/willow","Populus tremuloides Michx.","quaking aspen","Salicaceae","tree","tremuloides",0.691,"hw1",-2.2094,2.3867,"SalicaceaeAbove0.35spg","hardwood","Hardwood",0.36,-2.4441,2.4561,NA,NA,NA,"Check",0.210209939270102,0.169406319930455,NA
"Populus","POTR5","NEON.PLA.D05.TREE.03353","TREE_007","TREE","D05",2019-10-09,"Live","small tree",NA,130,NA,3.9,3.1,NA,NA,"Populus tremuloides Michx.",NA,NA,"2019",746,"aspen/alder/cottonwood/willow","Populus tremuloides Michx.","quaking aspen","Salicaceae","tree","tremuloides",0.691,"hw1",-2.2094,2.3867,"SalicaceaeAbove0.35spg","hardwood","Hardwood",0.36,-2.4441,2.4561,NA,NA,NA,"Check",0.676215283133761,0.563788671558161,NA
"Populus","POTR5","NEON.PLA.D05.TREE.00965","TREE_044","TREE","D05",2016-10-19,"Live","small tree",NA,130,NA,6.6,3.9,NA,NA,"Populus tremuloides Michx.",NA,NA,"2016",746,"aspen/alder/cottonwood/willow","Populus tremuloides Michx.","quaking aspen","Salicaceae","tree","tremuloides",0.691,"hw1",-2.2094,2.3867,"SalicaceaeAbove0.35spg","hardwood","Hardwood",0.36,-2.4441,2.4561,NA,NA,NA,"Check",1.16962306754066,0.99082434818966,NA
"Populus","POTR5","NEON.PLA.D05.TREE.01131","TREE_043","TREE","D05",2016-10-19,"Live","small tree",NA,130,NA,4,1.8,NA,NA,"Populus tremuloides Michx.",NA,NA,"2016",746,"aspen/alder/cottonwood/willow","Populus tremuloides Michx.","quaking aspen","Salicaceae","tree","tremuloides",0.691,"hw1",-2.2094,2.3867,"SalicaceaeAbove0.35spg","hardwood","Hardwood",0.36,-2.4441,2.4561,NA,NA,NA,"Check",0.184761259990128,0.148339799857963,NA
"Populus","POTR5","NEON.PLA.D05.TREE.00965","TREE_044","TREE","D05",2017-10-17,"Live","small tree",NA,130,NA,7,3.9,NA,NA,"Populus tremuloides Michx.",NA,NA,"2017",746,"aspen/alder/cottonwood/willow","Populus tremuloides Michx.","quaking aspen","Salicaceae","tree","tremuloides",0.691,"hw1",-2.2094,2.3867,"SalicaceaeAbove0.35spg","hardwood","Hardwood",0.36,-2.4441,2.4561,NA,NA,NA,"Check",1.16962306754066,0.99082434818966,NA
"Populus","POTR5","NEON.PLA.D05.TREE.02376","TREE_019","TREE","D05",2019-10-30,"Standing dead","small tree",NA,130,NA,2.9,1.7,NA,NA,"Populus tremuloides Michx.",NA,NA,"2019",746,"aspen/alder/cottonwood/willow","Populus tremuloides Michx.","quaking aspen","Salicaceae","tree","tremuloides",0.691,"hw1",-2.2094,2.3867,"SalicaceaeAbove0.35spg","hardwood","Hardwood",0.36,-2.4441,2.4561,NA,NA,NA,"Check",0.161199788628141,0.128910556945084,NA
"Populus","POTR5","NEON.PLA.D05.TREE.02376","TREE_019","TREE","D05",2017-10-23,"Live","small tree",NA,130,NA,4.4,1.7,NA,NA,"Populus tremuloides Michx.",NA,NA,"2017",746,"aspen/alder/cottonwood/willow","Populus tremuloides Michx.","quaking aspen","Salicaceae","tree","tremuloides",0.691,"hw1",-2.2094,2.3867,"SalicaceaeAbove0.35spg","hardwood","Hardwood",0.36,-2.4441,2.4561,NA,NA,NA,"Check",0.161199788628141,0.128910556945084,NA
"Populus","POTR5","NEON.PLA.D05.TREE.01067","TREE_044","TREE","D05",2018-10-16,"Live","small tree",NA,130,NA,6.4,4.3,NA,NA,"Populus tremuloides Michx.",NA,NA,"2018",746,"aspen/alder/cottonwood/willow","Populus tremuloides Michx.","quaking aspen","Salicaceae","tree","tremuloides",0.691,"hw1",-2.2094,2.3867,"SalicaceaeAbove0.35spg","hardwood","Hardwood",0.36,-2.4441,2.4561,NA,NA,NA,"Check",1.47656030963418,1.25934511733419,NA
"Populus","POTR5","NEON.PLA.D05.TREE.01100","TREE_044","TREE","D05",2015-08-05,"Live","small tree","Full sun",130,NA,5.1,3.4,NA,NA,"Populus tremuloides Michx.",NA,NA,"2015",746,"aspen/alder/cottonwood/willow","Populus tremuloides Michx.","quaking aspen","Salicaceae","tree","tremuloides",0.691,"hw1",-2.2094,2.3867,"SalicaceaeAbove0.35spg","hardwood","Hardwood",0.36,-2.4441,2.4561,NA,NA,NA,"Check",0.843010062674904,0.707372638485044,NA
"Populus","POTR5","NEON.PLA.D05.TREE.01212","TREE_043","TREE","D05",2018-10-15,"Standing dead","small tree",NA,130,NA,6.1,2.2,NA,NA,"Populus tremuloides Michx.",NA,NA,"2018",746,"aspen/alder/cottonwood/willow","Populus tremuloides Michx.","quaking aspen","Salicaceae","tree","tremuloides",0.691,"hw1",-2.2094,2.3867,"SalicaceaeAbove0.35spg","hardwood","Hardwood",0.36,-2.4441,2.4561,NA,NA,NA,"Check",0.298271830618665,0.24283273723977,NA
"Populus","POTR5","NEON.PLA.D05.TREE.03853","TREE_019","TREE","D05",2017-10-23,"Standing dead","small tree",NA,130,NA,2.3,1.4,NA,NA,"Populus tremuloides Michx.",NA,NA,"2017",746,"aspen/alder/cottonwood/willow","Populus tremuloides Michx.","quaking aspen","Salicaceae","tree","tremuloides",0.691,"hw1",-2.2094,2.3867,"SalicaceaeAbove0.35spg","hardwood","Hardwood",0.36,-2.4441,2.4561,NA,NA,NA,"Check",0.10141817940551,0.080018048845408,NA
"Populus","POTR5","NEON.PLA.D05.TREE.00892","TREE_057","TREE","D05",2015-08-04,"Live, disease damaged","sapling","Full shade",10,NA,1,1.1,NA,NA,"Populus tremuloides Michx.",NA,NA,"2015",746,"aspen/alder/cottonwood/willow","Populus tremuloides Michx.","quaking aspen","Salicaceae","tree","tremuloides",0.691,"hw1",-2.2094,2.3867,"SalicaceaeAbove0.35spg","hardwood","Hardwood",0.36,-2.4441,2.4561,NA,NA,0.777869901180713,"Check",0.02494478046453,0.0188946778303482,NA
"Populus","POTR5","NEON.PLA.D05.TREE.03988","TREE_010","TREE","D05",2019-10-10,"Dead, broken bole","small tree",NA,10,NA,6.8,5.8,NA,NA,"Populus tremuloides Michx.",NA,NA,"2019",746,"aspen/alder/cottonwood/willow","Populus tremuloides Michx.","quaking aspen","Salicaceae","tree","tremuloides",0.691,"hw1",-2.2094,2.3867,"SalicaceaeAbove0.35spg","hardwood","Hardwood",0.36,-2.4441,2.4561,NA,NA,4.38287116626117,"Check",1.54538797353252,1.31979489409717,NA
"Populus","POTR5","NEON.PLA.D05.TREE.01037","TREE_044","TREE","D05",2016-10-19,"Standing dead","small tree",NA,130,NA,2,1,NA,NA,"Populus tremuloides Michx.",NA,NA,"2016",746,"aspen/alder/cottonwood/willow","Populus tremuloides Michx.","quaking aspen","Salicaceae","tree","tremuloides",0.691,"hw1",-2.2094,2.3867,"SalicaceaeAbove0.35spg","hardwood","Hardwood",0.36,-2.4441,2.4561,NA,NA,NA,"Check",0.0454309718603333,0.0350173187113287,NA
"Populus","POTR5","NEON.PLA.D05.TREE.03301","TREE_007","TREE","D05",2019-10-09,"Live","small tree",NA,130,NA,3.1,1.7,NA,NA,"Populus tremuloides Michx.",NA,NA,"2019",746,"aspen/alder/cottonwood/willow","Populus tremuloides Michx.","quaking aspen","Salicaceae","tree","tremuloides",0.691,"hw1",-2.2094,2.3867,"SalicaceaeAbove0.35spg","hardwood","Hardwood",0.36,-2.4441,2.4561,NA,NA,NA,"Check",0.161199788628141,0.128910556945084,NA
"Populus","POTR5","NEON.PLA.D05.TREE.03301","TREE_007","TREE","D05",2018-05-08,"Live","small tree",NA,130,NA,2.3,1.2,NA,NA,"Populus tremuloides Michx.",NA,NA,"2018",746,"aspen/alder/cottonwood/willow","Populus tremuloides Michx.","quaking aspen","Salicaceae","tree","tremuloides",0.691,"hw1",-2.2094,2.3867,"SalicaceaeAbove0.35spg","hardwood","Hardwood",0.36,-2.4441,2.4561,NA,NA,NA,"Check",0.0701994819673388,0.0547973993149548,NA
"Populus","POTR5","NEON.PLA.D05.TREE.02258","TREE_006","TREE","D05",2018-05-02,"Live,  other damage","single bole tree","Full sun",130,NA,19.6,19.5,NA,51,"Populus tremuloides Michx.",8.7,262.5,"2018",746,"aspen/alder/cottonwood/willow","Populus tremuloides Michx.","quaking aspen","Salicaceae","tree","tremuloides",0.691,"hw1",-2.2094,2.3867,"SalicaceaeAbove0.35spg","hardwood","Hardwood",0.36,-2.4441,2.4561,NA,NA,NA,"Check",131.642274877341,127.936617933371,NA
"Populus","POTR5","NEON.PLA.D05.TREE.02722","TREE_010","TREE","D05",2017-10-24,"Live","small tree",NA,130,NA,12.3,9.2,NA,NA,"Populus tremuloides Michx.",NA,NA,"2017",746,"aspen/alder/cottonwood/willow","Populus tremuloides Michx.","quaking aspen","Salicaceae","tree","tremuloides",0.691,"hw1",-2.2094,2.3867,"SalicaceaeAbove0.35spg","hardwood","Hardwood",0.36,-2.4441,2.4561,NA,NA,NA,"Check",9.07035812973144,8.15534187750605,NA
"Populus","POTR5","NEON.PLA.D05.TREE.03303","TREE_007","TREE","D05",2019-10-09,"Live","small tree",NA,130,NA,4.7,3.4,NA,NA,"Populus tremuloides Michx.",NA,NA,"2019",746,"aspen/alder/cottonwood/willow","Populus tremuloides Michx.","quaking aspen","Salicaceae","tree","tremuloides",0.691,"hw1",-2.2094,2.3867,"SalicaceaeAbove0.35spg","hardwood","Hardwood",0.36,-2.4441,2.4561,NA,NA,NA,"Check",0.843010062674904,0.707372638485044,NA
"Populus","POTR5","NEON.PLA.D05.TREE.01187","TREE_043","TREE","D05",2017-10-17,"Standing dead","small tree",NA,130,NA,3.4,1.5,NA,NA,"Populus tremuloides Michx.",NA,NA,"2017",746,"aspen/alder/cottonwood/willow","Populus tremuloides Michx.","quaking aspen","Salicaceae","tree","tremuloides",0.691,"hw1",-2.2094,2.3867,"SalicaceaeAbove0.35spg","hardwood","Hardwood",0.36,-2.4441,2.4561,NA,NA,NA,"Check",0.119571873869334,0.094793952160853,NA
"Populus","POTR5","NEON.PLA.D05.TREE.01243","TREE_043","TREE","D05",2017-10-17,"Live","small tree",NA,130,NA,5.5,3.3,NA,NA,"Populus tremuloides Michx.",NA,NA,"2017",746,"aspen/alder/cottonwood/willow","Populus tremuloides Michx.","quaking aspen","Salicaceae","tree","tremuloides",0.691,"hw1",-2.2094,2.3867,"SalicaceaeAbove0.35spg","hardwood","Hardwood",0.36,-2.4441,2.4561,NA,NA,NA,"Check",0.785035411946583,0.657362577265195,NA
"Populus","POTR5","NEON.PLA.D05.TREE.01243","TREE_043","TREE","D05",2015-08-05,"Live","small tree","Partially shaded",130,NA,4.8,3.3,NA,NA,"Populus tremuloides Michx.",NA,NA,"2015",746,"aspen/alder/cottonwood/willow","Populus tremuloides Michx.","quaking aspen","Salicaceae","tree","tremuloides",0.691,"hw1",-2.2094,2.3867,"SalicaceaeAbove0.35spg","hardwood","Hardwood",0.36,-2.4441,2.4561,NA,NA,NA,"Check",0.785035411946583,0.657362577265195,NA
"Populus","POTR5","NEON.PLA.D05.TREE.01187","TREE_043","TREE","D05",2020-10-05,"Standing dead","small tree","Full shade",130,NA,4.1,1.4,NA,NA,"Populus tremuloides Michx.",NA,NA,"2020",746,"aspen/alder/cottonwood/willow","Populus tremuloides Michx.","quaking aspen","Salicaceae","tree","tremuloides",0.691,"hw1",-2.2094,2.3867,"SalicaceaeAbove0.35spg","hardwood","Hardwood",0.36,-2.4441,2.4561,NA,NA,NA,"Check",0.10141817940551,0.080018048845408,NA
"Populus","POTR5","NEON.PLA.D05.TREE.01244","TREE_044","TREE","D05",2016-10-19,"Live","small tree",NA,140,NA,7.2,4.3,NA,NA,"Populus tremuloides Michx.",NA,NA,"2016",746,"aspen/alder/cottonwood/willow","Populus tremuloides Michx.","quaking aspen","Salicaceae","tree","tremuloides",0.691,"hw1",-2.2094,2.3867,"SalicaceaeAbove0.35spg","hardwood","Hardwood",0.36,-2.4441,2.4561,NA,NA,NA,"Check",1.47656030963418,1.25934511733419,NA
"Populus","POTR5","NEON.PLA.D05.TREE.01244","TREE_044","TREE","D05",2017-10-17,"Live","small tree",NA,150,NA,7.6,4.4,NA,NA,"Populus tremuloides Michx.",NA,NA,"2017",746,"aspen/alder/cottonwood/willow","Populus tremuloides Michx.","quaking aspen","Salicaceae","tree","tremuloides",0.691,"hw1",-2.2094,2.3867,"SalicaceaeAbove0.35spg","hardwood","Hardwood",0.36,-2.4441,2.4561,NA,NA,NA,"Check",1.55984171420993,1.33249935554166,NA
"Populus","POTR5","NEON.PLA.D05.TREE.03085","TREE_010","TREE","D05",2019-10-10,"Live","single bole tree","Mostly shaded",130,NA,11.5,11,NA,51,"Populus tremuloides Michx.",5.7,183.2,"2019",746,"aspen/alder/cottonwood/willow","Populus tremuloides Michx.","quaking aspen","Salicaceae","tree","tremuloides",0.691,"hw1",-2.2094,2.3867,"SalicaceaeAbove0.35spg","hardwood","Hardwood",0.36,-2.4441,2.4561,NA,NA,NA,"Check",33.5708002040623,31.3549007780463,NA
"Populus","POTR5","NEON.PLA.D05.TREE.03086","TREE_010","TREE","D05",2017-10-24,"Live","multi-bole tree",NA,130,NA,NA,7.4,NA,51,"Populus tremuloides Michx.",8.5,189,"2017",746,"aspen/alder/cottonwood/willow","Populus tremuloides Michx.","quaking aspen","Salicaceae","tree","tremuloides",0.691,"hw1",-2.2094,2.3867,"SalicaceaeAbove0.35spg","hardwood","Hardwood",0.36,-2.4441,2.4561,NA,NA,NA,"Check",5.39445249371689,4.77752442183761,NA
"Populus","POTR5","NEON.PLA.D05.TREE.03309","TREE_007","TREE","D05",2019-10-09,"Live","small tree",NA,130,NA,3.7,3,NA,NA,"Populus tremuloides Michx.",NA,NA,"2019",746,"aspen/alder/cottonwood/willow","Populus tremuloides Michx.","quaking aspen","Salicaceae","tree","tremuloides",0.691,"hw1",-2.2094,2.3867,"SalicaceaeAbove0.35spg","hardwood","Hardwood",0.36,-2.4441,2.4561,NA,NA,NA,"Check",0.6253128105352,0.520164132725086,NA
"Populus","POTR5","NEON.PLA.D05.TREE.01299","TREE_043","TREE","D05",2018-10-15,"Standing dead","small tree",NA,130,NA,3.8,2.3,NA,NA,"Populus tremuloides Michx.",NA,NA,"2018",746,"aspen/alder/cottonwood/willow","Populus tremuloides Michx.","quaking aspen","Salicaceae","tree","tremuloides",0.691,"hw1",-2.2094,2.3867,"SalicaceaeAbove0.35spg","hardwood","Hardwood",0.36,-2.4441,2.4561,NA,NA,NA,"Check",0.331655996206415,0.270846125292816,NA
"Populus","POTR5","NEON.PLA.D05.TREE.03086","TREE_010","TREE","D05",2017-10-24,"Live","multi-bole tree","Partially shaded",130,NA,16.4,14.6,NA,51,"Populus tremuloides Michx.",8.5,189,"2017",746,"aspen/alder/cottonwood/willow","Populus tremuloides Michx.","quaking aspen","Salicaceae","tree","tremuloides",0.691,"hw1",-2.2094,2.3867,"SalicaceaeAbove0.35spg","hardwood","Hardwood",0.36,-2.4441,2.4561,NA,NA,NA,"Check",65.9827987186298,62.8503797181528,NA
"Populus","POTR5","NEON.PLA.D05.TREE.03086A","TREE_010","TREE","D05",2019-10-10,"Live","multi-bole tree","Partially shaded",130,NA,16.6,7.5,NA,NA,"Populus tremuloides Michx.",NA,NA,"2019",746,"aspen/alder/cottonwood/willow","Populus tremuloides Michx.","quaking aspen","Salicaceae","tree","tremuloides",0.691,"hw1",-2.2094,2.3867,"SalicaceaeAbove0.35spg","hardwood","Hardwood",0.36,-2.4441,2.4561,NA,NA,NA,"Check",5.57007117518839,4.93765631866035,NA
"Populus","POTR5","NEON.PLA.D05.TREE.03087","TREE_010","TREE","D05",2019-10-10,"Live","single bole tree","Partially shaded",130,NA,14.9,11.5,NA,41,"Populus tremuloides Michx.",4.7,65.6,"2019",746,"aspen/alder/cottonwood/willow","Populus tremuloides Michx.","quaking aspen","Salicaceae","tree","tremuloides",0.691,"hw1",-2.2094,2.3867,"SalicaceaeAbove0.35spg","hardwood","Hardwood",0.36,-2.4441,2.4561,NA,NA,NA,"Check",37.3282222529401,34.9720284060765,NA
"Populus","POTR5","NEON.PLA.D05.TREE.03087","TREE_010","TREE","D05",2017-10-24,"Live","single bole tree","Partially shaded",130,NA,13.6,10.6,NA,41,"Populus tremuloides Michx.",4.7,65.6,"2017",746,"aspen/alder/cottonwood/willow","Populus tremuloides Michx.","quaking aspen","Salicaceae","tree","tremuloides",0.691,"hw1",-2.2094,2.3867,"SalicaceaeAbove0.35spg","hardwood","Hardwood",0.36,-2.4441,2.4561,NA,NA,NA,"Check",30.7303339854725,28.6282362469495,NA
"Populus","POTR5","NEON.PLA.D05.TREE.03088","TREE_010","TREE","D05",2017-10-24,"Live","single bole tree","Partially shaded",130,NA,11.4,10.3,NA,49,"Populus tremuloides Michx.",6.1,107.1,"2017",746,"aspen/alder/cottonwood/willow","Populus tremuloides Michx.","quaking aspen","Salicaceae","tree","tremuloides",0.691,"hw1",-2.2094,2.3867,"SalicaceaeAbove0.35spg","hardwood","Hardwood",0.36,-2.4441,2.4561,NA,NA,NA,"Check",28.6951418454303,26.6790502099925,NA
"Populus","POTR5","NEON.PLA.D05.TREE.03088","TREE_010","TREE","D05",2019-10-10,"Live","single bole tree","Partially shaded",130,NA,13.7,11.4,NA,49,"Populus tremuloides Michx.",6.1,107.1,"2019",746,"aspen/alder/cottonwood/willow","Populus tremuloides Michx.","quaking aspen","Salicaceae","tree","tremuloides",0.691,"hw1",-2.2094,2.3867,"SalicaceaeAbove0.35spg","hardwood","Hardwood",0.36,-2.4441,2.4561,NA,NA,NA,"Check",36.5581811394837,34.2298394499339,NA
"Populus","POTR5","NEON.PLA.D05.TREE.03089","TREE_010","TREE","D05",2019-10-10,"Live","single bole tree","Partially shaded",130,NA,13.5,11.6,NA,41,"Populus tremuloides Michx.",6,293.8,"2019",746,"aspen/alder/cottonwood/willow","Populus tremuloides Michx.","quaking aspen","Salicaceae","tree","tremuloides",0.691,"hw1",-2.2094,2.3867,"SalicaceaeAbove0.35spg","hardwood","Hardwood",0.36,-2.4441,2.4561,NA,NA,NA,"Check",38.1076049676653,35.7236745434115,NA
"Populus","POTR5","NEON.PLA.D05.TREE.03089","TREE_010","TREE","D05",2017-10-24,"Live","single bole tree","Partially shaded",130,NA,11.6,10.6,NA,41,"Populus tremuloides Michx.",6,293.8,"2017",746,"aspen/alder/cottonwood/willow","Populus tremuloides Michx.","quaking aspen","Salicaceae","tree","tremuloides",0.691,"hw1",-2.2094,2.3867,"SalicaceaeAbove0.35spg","hardwood","Hardwood",0.36,-2.4441,2.4561,NA,NA,NA,"Check",30.7303339854725,28.6282362469495,NA
"Populus","POTR5","NEON.PLA.D05.TREE.03090","TREE_010","TREE","D05",2019-10-10,"Live","single bole tree","Partially shaded",130,NA,12.7,12.2,NA,49,"Populus tremuloides Michx.",7.4,162.7,"2019",746,"aspen/alder/cottonwood/willow","Populus tremuloides Michx.","quaking aspen","Salicaceae","tree","tremuloides",0.691,"hw1",-2.2094,2.3867,"SalicaceaeAbove0.35spg","hardwood","Hardwood",0.36,-2.4441,2.4561,NA,NA,NA,"Check",42.9818178690161,40.4342355640974,NA
"Populus","POTR5","NEON.PLA.D05.TREE.03753A","TREE_010","TREE","D05",2017-10-24,"Standing dead","multi-bole tree",NA,130,NA,NA,5.5,NA,NA,"Populus tremuloides Michx.",NA,NA,"2017",746,"aspen/alder/cottonwood/willow","Populus tremuloides Michx.","quaking aspen","Salicaceae","tree","tremuloides",0.691,"hw1",-2.2094,2.3867,"SalicaceaeAbove0.35spg","hardwood","Hardwood",0.36,-2.4441,2.4561,NA,NA,NA,"Check",2.65690275028545,2.30508895937898,NA
"Populus","POTR5","NEON.PLA.D05.TREE.03753A","TREE_010","TREE","D05",2019-10-10,"Standing dead","multi-bole tree","Partially shaded",130,NA,11.9,5.2,NA,NA,"Populus tremuloides Michx.",NA,NA,"2019",746,"aspen/alder/cottonwood/willow","Populus tremuloides Michx.","quaking aspen","Salicaceae","tree","tremuloides",0.691,"hw1",-2.2094,2.3867,"SalicaceaeAbove0.35spg","hardwood","Hardwood",0.36,-2.4441,2.4561,NA,NA,NA,"Check",2.32400580010553,2.00843925571547,NA
"Populus","POTR5","NEON.PLA.D05.TREE.01175","TREE_039","TREE","D05",2016-10-18,"Live","small tree",NA,130,NA,4,9.2,NA,NA,"Populus tremuloides Michx.",NA,NA,"2016",746,"aspen/alder/cottonwood/willow","Populus tremuloides Michx.","quaking aspen","Salicaceae","tree","tremuloides",0.691,"hw1",-2.2094,2.3867,"SalicaceaeAbove0.35spg","hardwood","Hardwood",0.36,-2.4441,2.4561,NA,NA,NA,"Check",9.07035812973144,8.15534187750605,NA
"Populus","POTR5","NEON.PLA.D05.TREE.03755","TREE_010","TREE","D05",2017-10-24,"Live","single bole tree","Partially shaded",130,NA,15,12.7,NA,41,"Populus tremuloides Michx.",4,51.9,"2017",746,"aspen/alder/cottonwood/willow","Populus tremuloides Michx.","quaking aspen","Salicaceae","tree","tremuloides",0.691,"hw1",-2.2094,2.3867,"SalicaceaeAbove0.35spg","hardwood","Hardwood",0.36,-2.4441,2.4561,NA,NA,NA,"Check",47.3062053299824,44.6265358425915,NA
"Populus","POTR5","NEON.PLA.D05.TREE.02702","TREE_010","TREE","D05",2019-10-10,"Live","small tree",NA,130,NA,12.1,6.6,NA,NA,"Populus tremuloides Michx.",NA,NA,"2019",746,"aspen/alder/cottonwood/willow","Populus tremuloides Michx.","quaking aspen","Salicaceae","tree","tremuloides",0.691,"hw1",-2.2094,2.3867,"SalicaceaeAbove0.35spg","hardwood","Hardwood",0.36,-2.4441,2.4561,NA,NA,NA,"Check",4.10541947640976,3.60715453986828,NA
"Populus","POTR5","NEON.PLA.D05.TREE.03756","TREE_010","TREE","D05",2017-10-24,"Live","single bole tree","Partially shaded",130,NA,15.3,11.7,NA,51,"Populus tremuloides Michx.",7.2,228.7,"2017",746,"aspen/alder/cottonwood/willow","Populus tremuloides Michx.","quaking aspen","Salicaceae","tree","tremuloides",0.691,"hw1",-2.2094,2.3867,"SalicaceaeAbove0.35spg","hardwood","Hardwood",0.36,-2.4441,2.4561,NA,NA,NA,"Check",38.8963606126779,36.4848152818932,NA
"Populus","POTR5","NEON.PLA.D05.TREE.03756","TREE_010","TREE","D05",2019-10-10,"Live","single bole tree","Partially shaded",130,NA,15.7,13.1,NA,51,"Populus tremuloides Michx.",7.2,228.7,"2019",746,"aspen/alder/cottonwood/willow","Populus tremuloides Michx.","quaking aspen","Salicaceae","tree","tremuloides",0.691,"hw1",-2.2094,2.3867,"SalicaceaeAbove0.35spg","hardwood","Hardwood",0.36,-2.4441,2.4561,NA,NA,NA,"Check",50.9402618467393,48.1582709719892,NA
"Populus","POTR5","NEON.PLA.D05.TREE.02703","TREE_010","TREE","D05",2017-10-24,"Live","small tree",NA,140,NA,8.6,5.7,NA,NA,"Populus tremuloides Michx.",NA,NA,"2017",746,"aspen/alder/cottonwood/willow","Populus tremuloides Michx.","quaking aspen","Salicaceae","tree","tremuloides",0.691,"hw1",-2.2094,2.3867,"SalicaceaeAbove0.35spg","hardwood","Hardwood",0.36,-2.4441,2.4561,NA,NA,NA,"Check",2.8933338325124,2.51644314092689,NA
"Populus","POTR5","NEON.PLA.D05.TREE.02730","TREE_010","TREE","D05",2017-10-24,"Standing dead","small tree",NA,130,NA,4.6,2.9,NA,NA,"Populus tremuloides Michx.",NA,NA,"2017",746,"aspen/alder/cottonwood/willow","Populus tremuloides Michx.","quaking aspen","Salicaceae","tree","tremuloides",0.691,"hw1",-2.2094,2.3867,"SalicaceaeAbove0.35spg","hardwood","Hardwood",0.36,-2.4441,2.4561,NA,NA,NA,"Check",0.576709796705388,0.478606521009012,NA
"Populus","POTR5","NEON.PLA.D05.TREE.01078","TREE_044","TREE","D05",2018-10-16,"Live","small tree",NA,130,NA,10.1,7,NA,NA,"Populus tremuloides Michx.",NA,NA,"2018",746,"aspen/alder/cottonwood/willow","Populus tremuloides Michx.","quaking aspen","Salicaceae","tree","tremuloides",0.691,"hw1",-2.2094,2.3867,"SalicaceaeAbove0.35spg","hardwood","Hardwood",0.36,-2.4441,2.4561,NA,NA,NA,"Check",4.72440934031052,4.1680045560076,NA
"Populus","POTR5","NEON.PLA.D05.TREE.02735","TREE_010","TREE","D05",2019-10-10,"Live","small tree",NA,130,NA,13.4,9,NA,NA,"Populus tremuloides Michx.",NA,NA,"2019",746,"aspen/alder/cottonwood/willow","Populus tremuloides Michx.","quaking aspen","Salicaceae","tree","tremuloides",0.691,"hw1",-2.2094,2.3867,"SalicaceaeAbove0.35spg","hardwood","Hardwood",0.36,-2.4441,2.4561,NA,NA,NA,"Check",8.60681810245038,7.7267687798754,NA
"Populus","POTR5","NEON.PLA.D05.TREE.01187","TREE_043","TREE","D05",2015-08-05,"Live","small tree","Full shade",130,NA,3.1,1.4,NA,NA,"Populus tremuloides Michx.",NA,NA,"2015",746,"aspen/alder/cottonwood/willow","Populus tremuloides Michx.","quaking aspen","Salicaceae","tree","tremuloides",0.691,"hw1",-2.2094,2.3867,"SalicaceaeAbove0.35spg","hardwood","Hardwood",0.36,-2.4441,2.4561,NA,NA,NA,"Check",0.10141817940551,0.080018048845408,NA
"Populus","POTR5","NEON.PLA.D05.TREE.03346","TREE_007","TREE","D05",2019-10-09,"Live","small tree",NA,130,NA,3.3,2.5,NA,NA,"Populus tremuloides Michx.",NA,NA,"2019",746,"aspen/alder/cottonwood/willow","Populus tremuloides Michx.","quaking aspen","Salicaceae","tree","tremuloides",0.691,"hw1",-2.2094,2.3867,"SalicaceaeAbove0.35spg","hardwood","Hardwood",0.36,-2.4441,2.4561,NA,NA,NA,"Check",0.404683452116471,0.332401782667544,NA
"Populus","POTR5","NEON.PLA.D05.TREE.01030","TREE_044","TREE","D05",2018-10-16,"Standing dead","small tree",NA,130,NA,4.3,2.2,NA,NA,"Populus tremuloides Michx.",NA,NA,"2018",746,"aspen/alder/cottonwood/willow","Populus tremuloides Michx.","quaking aspen","Salicaceae","tree","tremuloides",0.691,"hw1",-2.2094,2.3867,"SalicaceaeAbove0.35spg","hardwood","Hardwood",0.36,-2.4441,2.4561,NA,NA,NA,"Check",0.298271830618665,0.24283273723977,NA
"Populus","POTR5","NEON.PLA.D05.TREE.00909","TREE_044","TREE","D05",2016-10-19,"Standing dead","small tree",NA,130,NA,5,2.2,NA,NA,"Populus tremuloides Michx.",NA,NA,"2016",746,"aspen/alder/cottonwood/willow","Populus tremuloides Michx.","quaking aspen","Salicaceae","tree","tremuloides",0.691,"hw1",-2.2094,2.3867,"SalicaceaeAbove0.35spg","hardwood","Hardwood",0.36,-2.4441,2.4561,NA,NA,NA,"Check",0.298271830618665,0.24283273723977,NA
"Populus","POTR5","NEON.PLA.D05.TREE.00909","TREE_044","TREE","D05",2015-08-05,"Live, disease damaged","small tree","Mostly shaded",130,NA,4.3,2.3,NA,NA,"Populus tremuloides Michx.",NA,NA,"2015",746,"aspen/alder/cottonwood/willow","Populus tremuloides Michx.","quaking aspen","Salicaceae","tree","tremuloides",0.691,"hw1",-2.2094,2.3867,"SalicaceaeAbove0.35spg","hardwood","Hardwood",0.36,-2.4441,2.4561,NA,NA,NA,"Check",0.331655996206415,0.270846125292816,NA
"Populus","POTR5","NEON.PLA.D05.TREE.01457","TREE_045","TREE","D05",2015-08-11,"Standing dead","single bole tree","Full sun",130,NA,14.7,31.9,NA,41,"Populus tremuloides Michx.",9.9,118.4,"2015",746,"aspen/alder/cottonwood/willow","Populus tremuloides Michx.","quaking aspen","Salicaceae","tree","tremuloides",0.691,"hw1",-2.2094,2.3867,"SalicaceaeAbove0.35spg","hardwood","Hardwood",0.36,-2.4441,2.4561,NA,NA,NA,"Check",426.15441774923,428.549658575333,NA
"Populus","POTR5","NEON.PLA.D05.TREE.01457","TREE_045","TREE","D05",2018-10-17,"Dead, broken bole","single bole tree",NA,130,NA,9.2,28.5,NA,41,"Populus tremuloides Michx.",9.9,118.4,"2018",746,"aspen/alder/cottonwood/willow","Populus tremuloides Michx.","quaking aspen","Salicaceae","tree","tremuloides",0.691,"hw1",-2.2094,2.3867,"SalicaceaeAbove0.35spg","hardwood","Hardwood",0.36,-2.4441,2.4561,NA,NA,NA,"Check",325.64768792769,324.926638369398,NA
"Populus","POTR5","NEON.PLA.D05.TREE.01342","TREE_045","TREE","D05",2015-08-11,"Live","small tree","Mostly shaded",130,NA,2.9,1.3,NA,NA,"Populus tremuloides Michx.",NA,NA,"2015",746,"aspen/alder/cottonwood/willow","Populus tremuloides Michx.","quaking aspen","Salicaceae","tree","tremuloides",0.691,"hw1",-2.2094,2.3867,"SalicaceaeAbove0.35spg","hardwood","Hardwood",0.36,-2.4441,2.4561,NA,NA,NA,"Check",0.0849768496237214,0.0667020461517271,NA
"Populus","POTR5","NEON.PLA.D05.TREE.01342","TREE_045","TREE","D05",2016-10-18,"Live","small tree",NA,130,NA,3.1,1.2,NA,NA,"Populus tremuloides Michx.",NA,NA,"2016",746,"aspen/alder/cottonwood/willow","Populus tremuloides Michx.","quaking aspen","Salicaceae","tree","tremuloides",0.691,"hw1",-2.2094,2.3867,"SalicaceaeAbove0.35spg","hardwood","Hardwood",0.36,-2.4441,2.4561,NA,NA,NA,"Check",0.0701994819673388,0.0547973993149548,NA
"Populus","POTR5","NEON.PLA.D05.TREE.01201","TREE_044","TREE","D05",2016-10-19,"Live","small tree",NA,130,NA,6.1,3.8,NA,NA,"Populus tremuloides Michx.",NA,NA,"2016",746,"aspen/alder/cottonwood/willow","Populus tremuloides Michx.","quaking aspen","Salicaceae","tree","tremuloides",0.691,"hw1",-2.2094,2.3867,"SalicaceaeAbove0.35spg","hardwood","Hardwood",0.36,-2.4441,2.4561,NA,NA,NA,"Check",1.09931343947209,0.92958558511462,NA
"Populus","POTR5","NEON.PLA.D05.TREE.00986","TREE_044","TREE","D05",2017-10-17,"Standing dead","small tree",NA,130,NA,3.7,1.5,NA,NA,"Populus tremuloides Michx.",NA,NA,"2017",746,"aspen/alder/cottonwood/willow","Populus tremuloides Michx.","quaking aspen","Salicaceae","tree","tremuloides",0.691,"hw1",-2.2094,2.3867,"SalicaceaeAbove0.35spg","hardwood","Hardwood",0.36,-2.4441,2.4561,NA,NA,NA,"Check",0.119571873869334,0.094793952160853,NA
"Populus","POTR5","NEON.PLA.D05.TREE.03888","TREE_044","TREE","D05",2017-10-17,"Live","single bole tree",NA,140,NA,11.8,10.4,NA,41,"Populus tremuloides Michx.",11.8,322,"2017",746,"aspen/alder/cottonwood/willow","Populus tremuloides Michx.","quaking aspen","Salicaceae","tree","tremuloides",0.691,"hw1",-2.2094,2.3867,"SalicaceaeAbove0.35spg","hardwood","Hardwood",0.36,-2.4441,2.4561,NA,NA,NA,"Check",29.3645427481464,27.3197324231069,NA
"Populus","POTR5","NEON.PLA.D05.TREE.01246","TREE_044","TREE","D05",2016-10-19,"Standing dead","small tree",NA,130,NA,7.6,1.7,NA,NA,"Populus tremuloides Michx.",NA,NA,"2016",746,"aspen/alder/cottonwood/willow","Populus tremuloides Michx.","quaking aspen","Salicaceae","tree","tremuloides",0.691,"hw1",-2.2094,2.3867,"SalicaceaeAbove0.35spg","hardwood","Hardwood",0.36,-2.4441,2.4561,NA,NA,NA,"Check",0.161199788628141,0.128910556945084,NA
"Populus","POTR5","NEON.PLA.D05.TREE.01259","TREE_043","TREE","D05",2016-10-19,"Live","small tree",NA,130,NA,7.3,3.7,NA,NA,"Populus tremuloides Michx.",NA,NA,"2016",746,"aspen/alder/cottonwood/willow","Populus tremuloides Michx.","quaking aspen","Salicaceae","tree","tremuloides",0.691,"hw1",-2.2094,2.3867,"SalicaceaeAbove0.35spg","hardwood","Hardwood",0.36,-2.4441,2.4561,NA,NA,NA,"Check",1.03152339486018,0.870649075933759,NA
"Populus","POTR5","NEON.PLA.D05.TREE.01231","TREE_043","TREE","D05",2016-10-19,"Live","small tree",NA,130,NA,5.6,3.1,NA,NA,"Populus tremuloides Michx.",NA,NA,"2016",746,"aspen/alder/cottonwood/willow","Populus tremuloides Michx.","quaking aspen","Salicaceae","tree","tremuloides",0.691,"hw1",-2.2094,2.3867,"SalicaceaeAbove0.35spg","hardwood","Hardwood",0.36,-2.4441,2.4561,NA,NA,NA,"Check",0.676215283133761,0.563788671558161,NA
"Populus","POTR5","NEON.PLA.D05.TREE.01259","TREE_043","TREE","D05",2017-10-17,"Live","small tree",NA,130,NA,7.8,3.8,NA,NA,"Populus tremuloides Michx.",NA,NA,"2017",746,"aspen/alder/cottonwood/willow","Populus tremuloides Michx.","quaking aspen","Salicaceae","tree","tremuloides",0.691,"hw1",-2.2094,2.3867,"SalicaceaeAbove0.35spg","hardwood","Hardwood",0.36,-2.4441,2.4561,NA,NA,NA,"Check",1.09931343947209,0.92958558511462,NA
"Populus","POTR5","NEON.PLA.D05.TREE.02797","TREE_017","TREE","D05",2019-11-04,"Live, physically damaged","small tree",NA,130,NA,4,3,NA,NA,"Populus tremuloides Michx.",NA,NA,"2019",746,"aspen/alder/cottonwood/willow","Populus tremuloides Michx.","quaking aspen","Salicaceae","tree","tremuloides",0.691,"hw1",-2.2094,2.3867,"SalicaceaeAbove0.35spg","hardwood","Hardwood",0.36,-2.4441,2.4561,NA,NA,NA,"Check",0.6253128105352,0.520164132725086,NA
"Populus","POTR5","NEON.PLA.D05.TREE.02798","TREE_017","TREE","D05",2019-11-04,"Live","small tree",NA,130,NA,3.6,1.7,NA,NA,"Populus tremuloides Michx.",NA,NA,"2019",746,"aspen/alder/cottonwood/willow","Populus tremuloides Michx.","quaking aspen","Salicaceae","tree","tremuloides",0.691,"hw1",-2.2094,2.3867,"SalicaceaeAbove0.35spg","hardwood","Hardwood",0.36,-2.4441,2.4561,NA,NA,NA,"Check",0.161199788628141,0.128910556945084,NA
"Populus","POTR5","NEON.PLA.D05.TREE.02798","TREE_017","TREE","D05",2017-10-23,"Live","small tree",NA,130,NA,3.8,1.8,NA,NA,"Populus tremuloides Michx.",NA,NA,"2017",746,"aspen/alder/cottonwood/willow","Populus tremuloides Michx.","quaking aspen","Salicaceae","tree","tremuloides",0.691,"hw1",-2.2094,2.3867,"SalicaceaeAbove0.35spg","hardwood","Hardwood",0.36,-2.4441,2.4561,NA,NA,NA,"Check",0.184761259990128,0.148339799857963,NA
"Populus","POTR5","NEON.PLA.D05.TREE.01175","TREE_043","TREE","D05",2015-08-05,"Live","sapling","Full shade",10,NA,1.7,1.1,NA,NA,"Populus tremuloides Michx.",NA,NA,"2015",746,"aspen/alder/cottonwood/willow","Populus tremuloides Michx.","quaking aspen","Salicaceae","tree","tremuloides",0.691,"hw1",-2.2094,2.3867,"SalicaceaeAbove0.35spg","hardwood","Hardwood",0.36,-2.4441,2.4561,NA,NA,0.777869901180713,"Check",0.02494478046453,0.0188946778303482,NA
"Populus","POTR5","NEON.PLA.D05.TREE.00990","TREE_044","TREE","D05",2017-10-17,"Live","small tree",NA,130,NA,8.6,4.8,NA,NA,"Populus tremuloides Michx.",NA,NA,"2017",746,"aspen/alder/cottonwood/willow","Populus tremuloides Michx.","quaking aspen","Salicaceae","tree","tremuloides",0.691,"hw1",-2.2094,2.3867,"SalicaceaeAbove0.35spg","hardwood","Hardwood",0.36,-2.4441,2.4561,NA,NA,NA,"Check",1.91986410391657,1.6499830851504,NA
"Populus","POTR5","NEON.PLA.D05.TREE.02800","TREE_017","TREE","D05",2019-11-04,"Live","small tree",NA,130,NA,4.3,2.3,NA,NA,"Populus tremuloides Michx.",NA,NA,"2019",746,"aspen/alder/cottonwood/willow","Populus tremuloides Michx.","quaking aspen","Salicaceae","tree","tremuloides",0.691,"hw1",-2.2094,2.3867,"SalicaceaeAbove0.35spg","hardwood","Hardwood",0.36,-2.4441,2.4561,NA,NA,NA,"Check",0.331655996206415,0.270846125292816,NA
"Populus","POTR5","NEON.PLA.D05.TREE.00990","TREE_044","TREE","D05",2015-08-05,"Live, insect damaged","small tree","Partially shaded",130,NA,7.6,4.7,NA,NA,"Populus tremuloides Michx.",NA,NA,"2015",746,"aspen/alder/cottonwood/willow","Populus tremuloides Michx.","quaking aspen","Salicaceae","tree","tremuloides",0.691,"hw1",-2.2094,2.3867,"SalicaceaeAbove0.35spg","hardwood","Hardwood",0.36,-2.4441,2.4561,NA,NA,NA,"Check",1.82577806395414,1.56683201834831,NA
"Populus","POTR5","NEON.PLA.D05.TREE.02802","TREE_010","TREE","D05",2019-10-10,"Standing dead","small tree",NA,130,NA,1.7,4.1,NA,NA,"Populus tremuloides Michx.",NA,NA,"2019",746,"aspen/alder/cottonwood/willow","Populus tremuloides Michx.","quaking aspen","Salicaceae","tree","tremuloides",0.691,"hw1",-2.2094,2.3867,"SalicaceaeAbove0.35spg","hardwood","Hardwood",0.36,-2.4441,2.4561,NA,NA,NA,"Check",1.31790242826752,1.12031801456321,NA
"Populus","POTR5","NEON.PLA.D05.TREE.00991","TREE_057","TREE","D05",2015-08-04,"Live","sapling","Full shade",10,NA,2,1.2,NA,NA,"Populus tremuloides Michx.",NA,NA,"2015",746,"aspen/alder/cottonwood/willow","Populus tremuloides Michx.","quaking aspen","Salicaceae","tree","tremuloides",0.691,"hw1",-2.2094,2.3867,"SalicaceaeAbove0.35spg","hardwood","Hardwood",0.36,-2.4441,2.4561,NA,NA,0.851537287154131,"Check",0.0309577312435263,0.0235969635613552,NA
"Populus","POTR5","NEON.PLA.D05.TREE.02008","TREE_019","TREE","D05",2017-10-23,"Live","small tree",NA,130,NA,6.7,3.5,NA,NA,"Populus tremuloides Michx.",NA,NA,"2017",746,"aspen/alder/cottonwood/willow","Populus tremuloides Michx.","quaking aspen","Salicaceae","tree","tremuloides",0.691,"hw1",-2.2094,2.3867,"SalicaceaeAbove0.35spg","hardwood","Hardwood",0.36,-2.4441,2.4561,NA,NA,NA,"Check",0.903398216427415,0.759571065422187,NA
"Populus","POTR5","NEON.PLA.D05.TREE.01288","TREE_044","TREE","D05",2017-10-17,"Live","small tree",NA,130,NA,8.2,7,NA,NA,"Populus tremuloides Michx.",NA,NA,"2017",746,"aspen/alder/cottonwood/willow","Populus tremuloides Michx.","quaking aspen","Salicaceae","tree","tremuloides",0.691,"hw1",-2.2094,2.3867,"SalicaceaeAbove0.35spg","hardwood","Hardwood",0.36,-2.4441,2.4561,NA,NA,NA,"Check",4.72440934031052,4.1680045560076,NA
"Populus","POTR5","NEON.PLA.D05.TREE.03836","TREE_019","TREE","D05",2019-10-30,"Standing dead","small tree",NA,130,NA,4.1,2.3,NA,NA,"Populus tremuloides Michx.",NA,NA,"2019",746,"aspen/alder/cottonwood/willow","Populus tremuloides Michx.","quaking aspen","Salicaceae","tree","tremuloides",0.691,"hw1",-2.2094,2.3867,"SalicaceaeAbove0.35spg","hardwood","Hardwood",0.36,-2.4441,2.4561,NA,NA,NA,"Check",0.331655996206415,0.270846125292816,NA
"Populus","POTR5","NEON.PLA.D05.TREE.02359","TREE_019","TREE","D05",2017-10-23,"Live","small tree",NA,130,NA,7,4.5,NA,NA,"Populus tremuloides Michx.",NA,NA,"2017",746,"aspen/alder/cottonwood/willow","Populus tremuloides Michx.","quaking aspen","Salicaceae","tree","tremuloides",0.691,"hw1",-2.2094,2.3867,"SalicaceaeAbove0.35spg","hardwood","Hardwood",0.36,-2.4441,2.4561,NA,NA,NA,"Check",1.64578967714043,1.40811506214442,NA
"Populus","POTR5","NEON.PLA.D05.TREE.01235","TREE_044","TREE","D05",2017-10-17,"Standing dead","small tree",NA,130,NA,3,1.5,NA,NA,"Populus tremuloides Michx.",NA,NA,"2017",746,"aspen/alder/cottonwood/willow","Populus tremuloides Michx.","quaking aspen","Salicaceae","tree","tremuloides",0.691,"hw1",-2.2094,2.3867,"SalicaceaeAbove0.35spg","hardwood","Hardwood",0.36,-2.4441,2.4561,NA,NA,NA,"Check",0.119571873869334,0.094793952160853,NA
"Populus","POTR5","NEON.PLA.D05.TREE.01152","TREE_044","TREE","D05",2015-08-05,"Live, disease damaged","small tree","Mostly shaded",130,NA,4.1,2.1,NA,NA,"Populus tremuloides Michx.",NA,NA,"2015",746,"aspen/alder/cottonwood/willow","Populus tremuloides Michx.","quaking aspen","Salicaceae","tree","tremuloides",0.691,"hw1",-2.2094,2.3867,"SalicaceaeAbove0.35spg","hardwood","Hardwood",0.36,-2.4441,2.4561,NA,NA,NA,"Check",0.266927192163398,0.216613589315234,NA
"Populus","POTR5","NEON.PLA.D05.TREE.00789","TREE_025","TREE","D05",2017-10-18,"Dead, broken bole","small tree",NA,130,NA,1.8,1.3,NA,NA,"Populus tremuloides Michx.",NA,NA,"2017",746,"aspen/alder/cottonwood/willow","Populus tremuloides Michx.","quaking aspen","Salicaceae","tree","tremuloides",0.691,"hw1",-2.2094,2.3867,"SalicaceaeAbove0.35spg","hardwood","Hardwood",0.36,-2.4441,2.4561,NA,NA,NA,"Check",0.0849768496237214,0.0667020461517271,NA
"Populus","POTR5","NEON.PLA.D05.TREE.03670","TREE_010","TREE","D05",2019-10-10,"Live","small tree",NA,130,NA,6.8,7,NA,NA,"Populus tremuloides Michx.",NA,NA,"2019",746,"aspen/alder/cottonwood/willow","Populus tremuloides Michx.","quaking aspen","Salicaceae","tree","tremuloides",0.691,"hw1",-2.2094,2.3867,"SalicaceaeAbove0.35spg","hardwood","Hardwood",0.36,-2.4441,2.4561,NA,NA,NA,"Check",4.72440934031052,4.1680045560076,NA
"Populus","POTR5","NEON.PLA.D05.TREE.01209","TREE_043","TREE","D05",2015-08-05,"Live","small tree","Partially shaded",130,NA,3.5,2,NA,NA,"Populus tremuloides Michx.",NA,NA,"2015",746,"aspen/alder/cottonwood/willow","Populus tremuloides Michx.","quaking aspen","Salicaceae","tree","tremuloides",0.691,"hw1",-2.2094,2.3867,"SalicaceaeAbove0.35spg","hardwood","Hardwood",0.36,-2.4441,2.4561,NA,NA,NA,"Check",0.23758571125493,0.192151005445243,NA
"Populus","POTR5","NEON.PLA.D05.TREE.00995","TREE_057","TREE","D05",2015-08-04,"Live","sapling","Full shade",10,NA,1.9,1.2,NA,NA,"Populus tremuloides Michx.",NA,NA,"2015",746,"aspen/alder/cottonwood/willow","Populus tremuloides Michx.","quaking aspen","Salicaceae","tree","tremuloides",0.691,"hw1",-2.2094,2.3867,"SalicaceaeAbove0.35spg","hardwood","Hardwood",0.36,-2.4441,2.4561,NA,NA,0.851537287154131,"Check",0.0309577312435263,0.0235969635613552,NA
"Populus","POTR5","NEON.PLA.D05.TREE.00996","TREE_044","TREE","D05",2015-08-05,"Live, disease damaged","small tree","Full sun",130,NA,8.4,6.1,NA,NA,"Populus tremuloides Michx.",NA,NA,"2015",746,"aspen/alder/cottonwood/willow","Populus tremuloides Michx.","quaking aspen","Salicaceae","tree","tremuloides",0.691,"hw1",-2.2094,2.3867,"SalicaceaeAbove0.35spg","hardwood","Hardwood",0.36,-2.4441,2.4561,NA,NA,NA,"Check",3.40172141903959,2.97256593600796,NA
"Populus","POTR5","NEON.PLA.D05.TREE.03671","TREE_010","TREE","D05",2019-10-10,"Standing dead","small tree",NA,130,NA,2.7,2.3,NA,NA,"Populus tremuloides Michx.",NA,NA,"2019",746,"aspen/alder/cottonwood/willow","Populus tremuloides Michx.","quaking aspen","Salicaceae","tree","tremuloides",0.691,"hw1",-2.2094,2.3867,"SalicaceaeAbove0.35spg","hardwood","Hardwood",0.36,-2.4441,2.4561,NA,NA,NA,"Check",0.331655996206415,0.270846125292816,NA
"Populus","POTR5","NEON.PLA.D05.TREE.01031","TREE_057","TREE","D05",2016-10-18,"Live","small tree",NA,130,NA,2.6,1.1,NA,NA,"Populus tremuloides Michx.",NA,NA,"2016",746,"aspen/alder/cottonwood/willow","Populus tremuloides Michx.","quaking aspen","Salicaceae","tree","tremuloides",0.691,"hw1",-2.2094,2.3867,"SalicaceaeAbove0.35spg","hardwood","Hardwood",0.36,-2.4441,2.4561,NA,NA,NA,"Check",0.0570353287324869,0.0442534835233663,NA
"Populus","POTR5","NEON.PLA.D05.TREE.01180","TREE_043","TREE","D05",2017-10-17,"Live","small tree",NA,130,NA,4.2,2.8,NA,NA,"Populus tremuloides Michx.",NA,NA,"2017",746,"aspen/alder/cottonwood/willow","Populus tremuloides Michx.","quaking aspen","Salicaceae","tree","tremuloides",0.691,"hw1",-2.2094,2.3867,"SalicaceaeAbove0.35spg","hardwood","Hardwood",0.36,-2.4441,2.4561,NA,NA,NA,"Check",0.530376289600716,0.439084119094404,NA
"Populus","POTR5","NEON.PLA.D05.TREE.02871","TREE_017","TREE","D05",2017-10-23,"Live","small tree",NA,130,NA,5,2.8,NA,NA,"Populus tremuloides Michx.",NA,NA,"2017",746,"aspen/alder/cottonwood/willow","Populus tremuloides Michx.","quaking aspen","Salicaceae","tree","tremuloides",0.691,"hw1",-2.2094,2.3867,"SalicaceaeAbove0.35spg","hardwood","Hardwood",0.36,-2.4441,2.4561,NA,NA,NA,"Check",0.530376289600716,0.439084119094404,NA
"Populus","POTR5","NEON.PLA.D05.TREE.01369","TREE_045","TREE","D05",2018-10-17,"Live","small tree",NA,130,NA,3.5,1.6,NA,NA,"Populus tremuloides Michx.",NA,NA,"2018",746,"aspen/alder/cottonwood/willow","Populus tremuloides Michx.","quaking aspen","Salicaceae","tree","tremuloides",0.691,"hw1",-2.2094,2.3867,"SalicaceaeAbove0.35spg","hardwood","Hardwood",0.36,-2.4441,2.4561,NA,NA,NA,"Check",0.139484255897534,0.111076446694469,NA
"Populus","POTR5","NEON.PLA.D05.TREE.01097","TREE_044","TREE","D05",2016-10-19,"Standing dead","small tree",NA,130,NA,3.3,1.6,NA,NA,"Populus tremuloides Michx.",NA,NA,"2016",746,"aspen/alder/cottonwood/willow","Populus tremuloides Michx.","quaking aspen","Salicaceae","tree","tremuloides",0.691,"hw1",-2.2094,2.3867,"SalicaceaeAbove0.35spg","hardwood","Hardwood",0.36,-2.4441,2.4561,NA,NA,NA,"Check",0.139484255897534,0.111076446694469,NA
"Populus","POTR5","NEON.PLA.D05.TREE.02873","TREE_017","TREE","D05",2017-10-23,"Standing dead","small tree",NA,130,NA,2.9,1.2,NA,NA,"Populus tremuloides Michx.",NA,NA,"2017",746,"aspen/alder/cottonwood/willow","Populus tremuloides Michx.","quaking aspen","Salicaceae","tree","tremuloides",0.691,"hw1",-2.2094,2.3867,"SalicaceaeAbove0.35spg","hardwood","Hardwood",0.36,-2.4441,2.4561,NA,NA,NA,"Check",0.0701994819673388,0.0547973993149548,NA
"Populus","POTR5","NEON.PLA.D05.TREE.00965","TREE_044","TREE","D05",2015-08-05,"Live","small tree","Partially shaded",130,NA,7.2,3.9,NA,NA,"Populus tremuloides Michx.",NA,NA,"2015",746,"aspen/alder/cottonwood/willow","Populus tremuloides Michx.","quaking aspen","Salicaceae","tree","tremuloides",0.691,"hw1",-2.2094,2.3867,"SalicaceaeAbove0.35spg","hardwood","Hardwood",0.36,-2.4441,2.4561,NA,NA,NA,"Check",1.16962306754066,0.99082434818966,NA
"Populus","POTR5","NEON.PLA.D05.TREE.00999","TREE_044","TREE","D05",2016-10-19,"Live","small tree",NA,130,NA,7.5,4.9,NA,NA,"Populus tremuloides Michx.",NA,NA,"2016",746,"aspen/alder/cottonwood/willow","Populus tremuloides Michx.","quaking aspen","Salicaceae","tree","tremuloides",0.691,"hw1",-2.2094,2.3867,"SalicaceaeAbove0.35spg","hardwood","Hardwood",0.36,-2.4441,2.4561,NA,NA,NA,"Check",2.01670795575142,1.73569527454562,NA
"Populus","POTR5","NEON.PLA.D05.TREE.01212","TREE_043","TREE","D05",2017-10-17,"Standing dead","small tree",NA,130,NA,4.4,2.4,NA,NA,"Populus tremuloides Michx.",NA,NA,"2017",746,"aspen/alder/cottonwood/willow","Populus tremuloides Michx.","quaking aspen","Salicaceae","tree","tremuloides",0.691,"hw1",-2.2094,2.3867,"SalicaceaeAbove0.35spg","hardwood","Hardwood",0.36,-2.4441,2.4561,NA,NA,NA,"Check",0.367115057635386,0.300690508629567,NA
"Populus","POTR5","NEON.PLA.D05.TREE.03696","TREE_010","TREE","D05",2019-10-10,"Live,  other damage","small tree",NA,130,NA,10.8,6.2,NA,NA,"Populus tremuloides Michx.",NA,NA,"2019",746,"aspen/alder/cottonwood/willow","Populus tremuloides Michx.","quaking aspen","Salicaceae","tree","tremuloides",0.691,"hw1",-2.2094,2.3867,"SalicaceaeAbove0.35spg","hardwood","Hardwood",0.36,-2.4441,2.4561,NA,NA,NA,"Check",3.53633396834865,3.09368518451104,NA
"Populus","POTR5","NEON.PLA.D05.TREE.01067","TREE_044","TREE","D05",2015-08-05,"Live","small tree","Full sun",130,NA,6,4.6,NA,NA,"Populus tremuloides Michx.",NA,NA,"2015",746,"aspen/alder/cottonwood/willow","Populus tremuloides Michx.","quaking aspen","Salicaceae","tree","tremuloides",0.691,"hw1",-2.2094,2.3867,"SalicaceaeAbove0.35spg","hardwood","Hardwood",0.36,-2.4441,2.4561,NA,NA,NA,"Check",1.73442747368261,1.4862175977833,NA
"Populus","POTR5","NEON.PLA.D05.TREE.01000","TREE_045","TREE","D05",2017-10-19,"Live","small tree",NA,130,NA,4.4,2.3,NA,NA,"Populus tremuloides Michx.",NA,NA,"2017",746,"aspen/alder/cottonwood/willow","Populus tremuloides Michx.","quaking aspen","Salicaceae","tree","tremuloides",0.691,"hw1",-2.2094,2.3867,"SalicaceaeAbove0.35spg","hardwood","Hardwood",0.36,-2.4441,2.4561,NA,NA,NA,"Check",0.331655996206415,0.270846125292816,NA
"Populus","POTR5","NEON.PLA.D05.TREE.03697","TREE_010","TREE","D05",2017-10-24,"Standing dead","small tree",NA,130,NA,7.1,4.3,NA,NA,"Populus tremuloides Michx.",NA,NA,"2017",746,"aspen/alder/cottonwood/willow","Populus tremuloides Michx.","quaking aspen","Salicaceae","tree","tremuloides",0.691,"hw1",-2.2094,2.3867,"SalicaceaeAbove0.35spg","hardwood","Hardwood",0.36,-2.4441,2.4561,NA,NA,NA,"Check",1.47656030963418,1.25934511733419,NA
"Populus","POTR5","NEON.PLA.D05.TREE.01100","TREE_044","TREE","D05",2016-10-19,"Live","small tree",NA,130,NA,5.9,3.4,NA,NA,"Populus tremuloides Michx.",NA,NA,"2016",746,"aspen/alder/cottonwood/willow","Populus tremuloides Michx.","quaking aspen","Salicaceae","tree","tremuloides",0.691,"hw1",-2.2094,2.3867,"SalicaceaeAbove0.35spg","hardwood","Hardwood",0.36,-2.4441,2.4561,NA,NA,NA,"Check",0.843010062674904,0.707372638485044,NA
"Populus","POTR5","NEON.PLA.D05.TREE.01100","TREE_044","TREE","D05",2017-10-17,"Live","small tree",NA,130,NA,6.5,3.4,NA,NA,"Populus tremuloides Michx.",NA,NA,"2017",746,"aspen/alder/cottonwood/willow","Populus tremuloides Michx.","quaking aspen","Salicaceae","tree","tremuloides",0.691,"hw1",-2.2094,2.3867,"SalicaceaeAbove0.35spg","hardwood","Hardwood",0.36,-2.4441,2.4561,NA,NA,NA,"Check",0.843010062674904,0.707372638485044,NA
"Populus","POTR5","NEON.PLA.D05.TREE.03854","TREE_019","TREE","D05",2017-10-23,"Live","small tree",NA,130,NA,6.8,3.5,NA,NA,"Populus tremuloides Michx.",NA,NA,"2017",746,"aspen/alder/cottonwood/willow","Populus tremuloides Michx.","quaking aspen","Salicaceae","tree","tremuloides",0.691,"hw1",-2.2094,2.3867,"SalicaceaeAbove0.35spg","hardwood","Hardwood",0.36,-2.4441,2.4561,NA,NA,NA,"Check",0.903398216427415,0.759571065422187,NA
"Populus","POTR5","NEON.PLA.D05.TREE.01240","TREE_043","TREE","D05",2018-10-15,"Live","small tree",NA,130,NA,7,3.5,NA,NA,"Populus tremuloides Michx.",NA,NA,"2018",746,"aspen/alder/cottonwood/willow","Populus tremuloides Michx.","quaking aspen","Salicaceae","tree","tremuloides",0.691,"hw1",-2.2094,2.3867,"SalicaceaeAbove0.35spg","hardwood","Hardwood",0.36,-2.4441,2.4561,NA,NA,NA,"Check",0.903398216427415,0.759571065422187,NA
"Populus","POTR5","NEON.PLA.D05.TREE.03988","TREE_010","TREE","D05",2017-10-24,"Live, physically damaged","small tree",NA,130,NA,7.6,5.6,NA,NA,"Populus tremuloides Michx.",NA,NA,"2017",746,"aspen/alder/cottonwood/willow","Populus tremuloides Michx.","quaking aspen","Salicaceae","tree","tremuloides",0.691,"hw1",-2.2094,2.3867,"SalicaceaeAbove0.35spg","hardwood","Hardwood",0.36,-2.4441,2.4561,NA,NA,NA,"Check",2.77365468616705,2.40939221116703,NA
"Populus","POTR5","NEON.PLA.D05.TREE.02459","TREE_023","TREE","D05",2019-11-04,"Live","small tree",NA,130,NA,3.5,1.6,NA,NA,"Populus tremuloides Michx.",NA,NA,"2019",746,"aspen/alder/cottonwood/willow","Populus tremuloides Michx.","quaking aspen","Salicaceae","tree","tremuloides",0.691,"hw1",-2.2094,2.3867,"SalicaceaeAbove0.35spg","hardwood","Hardwood",0.36,-2.4441,2.4561,NA,NA,NA,"Check",0.139484255897534,0.111076446694469,NA
"Populus","POTR5","NEON.PLA.D05.TREE.01243","TREE_043","TREE","D05",2019-10-23,"Standing dead","small tree",NA,130,NA,4.8,3.3,NA,NA,"Populus tremuloides Michx.",NA,NA,"2019",746,"aspen/alder/cottonwood/willow","Populus tremuloides Michx.","quaking aspen","Salicaceae","tree","tremuloides",0.691,"hw1",-2.2094,2.3867,"SalicaceaeAbove0.35spg","hardwood","Hardwood",0.36,-2.4441,2.4561,NA,NA,NA,"Check",0.785035411946583,0.657362577265195,NA
"Populus","POTR5","NEON.PLA.D05.TREE.03176","TREE_043","TREE","D05",2020-10-05,"Standing dead","small tree","Full shade",130,NA,2.3,1.1,NA,NA,"Populus tremuloides Michx.",NA,NA,"2020",746,"aspen/alder/cottonwood/willow","Populus tremuloides Michx.","quaking aspen","Salicaceae","tree","tremuloides",0.691,"hw1",-2.2094,2.3867,"SalicaceaeAbove0.35spg","hardwood","Hardwood",0.36,-2.4441,2.4561,NA,NA,NA,"Check",0.0570353287324869,0.0442534835233663,NA
"Populus","POTR5","NEON.PLA.D05.TREE.02388","TREE_019","TREE","D05",2017-10-23,"Live","small tree",NA,130,NA,6.3,4.7,NA,NA,"Populus tremuloides Michx.",NA,NA,"2017",746,"aspen/alder/cottonwood/willow","Populus tremuloides Michx.","quaking aspen","Salicaceae","tree","tremuloides",0.691,"hw1",-2.2094,2.3867,"SalicaceaeAbove0.35spg","hardwood","Hardwood",0.36,-2.4441,2.4561,NA,NA,NA,"Check",1.82577806395414,1.56683201834831,NA
"Populus","POTR5","NEON.PLA.D05.TREE.03176","TREE_043","TREE","D05",2016-10-19,"Standing dead","small tree",NA,130,NA,2.8,1.3,NA,NA,"Populus tremuloides Michx.",NA,NA,"2016",746,"aspen/alder/cottonwood/willow","Populus tremuloides Michx.","quaking aspen","Salicaceae","tree","tremuloides",0.691,"hw1",-2.2094,2.3867,"SalicaceaeAbove0.35spg","hardwood","Hardwood",0.36,-2.4441,2.4561,NA,NA,NA,"Check",0.0849768496237214,0.0667020461517271,NA
"Populus","POTR5","NEON.PLA.D05.TREE.03746","TREE_010","TREE","D05",2017-10-24,"Live","single bole tree","Partially shaded",130,NA,15.9,14,NA,41,"Populus tremuloides Michx.",7,116,"2017",746,"aspen/alder/cottonwood/willow","Populus tremuloides Michx.","quaking aspen","Salicaceae","tree","tremuloides",0.691,"hw1",-2.2094,2.3867,"SalicaceaeAbove0.35spg","hardwood","Hardwood",0.36,-2.4441,2.4561,NA,NA,NA,"Check",59.6943949223321,56.695152160753,NA
"Populus","POTR5","NEON.PLA.D05.TREE.01272","TREE_043","TREE","D05",2016-10-19,"Live","small tree",NA,130,NA,4.8,2.1,NA,NA,"Populus tremuloides Michx.",NA,NA,"2016",746,"aspen/alder/cottonwood/willow","Populus tremuloides Michx.","quaking aspen","Salicaceae","tree","tremuloides",0.691,"hw1",-2.2094,2.3867,"SalicaceaeAbove0.35spg","hardwood","Hardwood",0.36,-2.4441,2.4561,NA,NA,NA,"Check",0.266927192163398,0.216613589315234,NA
"Populus","POTR5","NEON.PLA.D05.TREE.03747","TREE_010","TREE","D05",2019-10-10,"Live","single bole tree","Full sun",130,NA,12.6,18.3,NA,41,"Populus tremuloides Michx.",8.9,170.7,"2019",746,"aspen/alder/cottonwood/willow","Populus tremuloides Michx.","quaking aspen","Salicaceae","tree","tremuloides",0.691,"hw1",-2.2094,2.3867,"SalicaceaeAbove0.35spg","hardwood","Hardwood",0.36,-2.4441,2.4561,NA,NA,NA,"Check",113.125832322245,109.457866358103,NA
"Populus","POTR5","NEON.PLA.D05.TREE.03747","TREE_010","TREE","D05",2017-10-24,"Live","single bole tree","Full sun",130,NA,14.3,15.3,NA,41,"Populus tremuloides Michx.",8.9,170.7,"2017",746,"aspen/alder/cottonwood/willow","Populus tremuloides Michx.","quaking aspen","Salicaceae","tree","tremuloides",0.691,"hw1",-2.2094,2.3867,"SalicaceaeAbove0.35spg","hardwood","Hardwood",0.36,-2.4441,2.4561,NA,NA,NA,"Check",73.7858032738523,70.5117478304764,NA
"Populus","POTR5","NEON.PLA.D05.TREE.01072","TREE_044","TREE","D05",2017-10-17,"Standing dead","small tree",NA,130,NA,4.7,2.3,NA,NA,"Populus tremuloides Michx.",NA,NA,"2017",746,"aspen/alder/cottonwood/willow","Populus tremuloides Michx.","quaking aspen","Salicaceae","tree","tremuloides",0.691,"hw1",-2.2094,2.3867,"SalicaceaeAbove0.35spg","hardwood","Hardwood",0.36,-2.4441,2.4561,NA,NA,NA,"Check",0.331655996206415,0.270846125292816,NA
"Populus","POTR5","NEON.PLA.D05.TREE.00976","TREE_044","TREE","D05",2018-10-16,"Live","small tree",NA,130,NA,6.5,3.8,NA,NA,"Populus tremuloides Michx.",NA,NA,"2018",746,"aspen/alder/cottonwood/willow","Populus tremuloides Michx.","quaking aspen","Salicaceae","tree","tremuloides",0.691,"hw1",-2.2094,2.3867,"SalicaceaeAbove0.35spg","hardwood","Hardwood",0.36,-2.4441,2.4561,NA,NA,NA,"Check",1.09931343947209,0.92958558511462,NA
"Populus","POTR5","NEON.PLA.D05.TREE.03749","TREE_010","TREE","D05",2017-10-24,"Live","single bole tree","Full sun",130,NA,11.9,12,NA,49,"Populus tremuloides Michx.",11.4,175.8,"2017",746,"aspen/alder/cottonwood/willow","Populus tremuloides Michx.","quaking aspen","Salicaceae","tree","tremuloides",0.691,"hw1",-2.2094,2.3867,"SalicaceaeAbove0.35spg","hardwood","Hardwood",0.36,-2.4441,2.4561,NA,NA,NA,"Check",41.3191759550932,38.8255766917915,NA
"Populus","POTR5","NEON.PLA.D05.TREE.01274","TREE_043","TREE","D05",2018-10-15,"Live","small tree",NA,130,NA,6.2,2.2,NA,NA,"Populus tremuloides Michx.",NA,NA,"2018",746,"aspen/alder/cottonwood/willow","Populus tremuloides Michx.","quaking aspen","Salicaceae","tree","tremuloides",0.691,"hw1",-2.2094,2.3867,"SalicaceaeAbove0.35spg","hardwood","Hardwood",0.36,-2.4441,2.4561,NA,NA,NA,"Check",0.298271830618665,0.24283273723977,NA
"Populus","POTR5","NEON.PLA.D05.TREE.01274","TREE_043","TREE","D05",2020-10-05,"Standing dead","small tree","Full shade",130,NA,4,2.1,NA,NA,"Populus tremuloides Michx.",NA,NA,"2020",746,"aspen/alder/cottonwood/willow","Populus tremuloides Michx.","quaking aspen","Salicaceae","tree","tremuloides",0.691,"hw1",-2.2094,2.3867,"SalicaceaeAbove0.35spg","hardwood","Hardwood",0.36,-2.4441,2.4561,NA,NA,NA,"Check",0.266927192163398,0.216613589315234,NA
"Populus","POTR5","NEON.PLA.D05.TREE.02890","TREE_001","TREE","D05",2017-10-25,"Standing dead","small tree",NA,130,NA,3,1.4,NA,NA,"Populus tremuloides Michx.",NA,NA,"2017",746,"aspen/alder/cottonwood/willow","Populus tremuloides Michx.","quaking aspen","Salicaceae","tree","tremuloides",0.691,"hw1",-2.2094,2.3867,"SalicaceaeAbove0.35spg","hardwood","Hardwood",0.36,-2.4441,2.4561,NA,NA,NA,"Check",0.10141817940551,0.080018048845408,NA
"Populus","POTR5","NEON.PLA.D05.TREE.02891","TREE_001","TREE","D05",2019-10-07,"Standing dead","small tree",NA,130,NA,3.8,2,NA,NA,"Populus tremuloides Michx.",NA,NA,"2019",746,"aspen/alder/cottonwood/willow","Populus tremuloides Michx.","quaking aspen","Salicaceae","tree","tremuloides",0.691,"hw1",-2.2094,2.3867,"SalicaceaeAbove0.35spg","hardwood","Hardwood",0.36,-2.4441,2.4561,NA,NA,NA,"Check",0.23758571125493,0.192151005445243,NA
"Populus","POTR5","NEON.PLA.D05.TREE.02891","TREE_001","TREE","D05",2017-10-25,"Live","small tree",NA,130,NA,4.5,2.1,NA,NA,"Populus tremuloides Michx.",NA,NA,"2017",746,"aspen/alder/cottonwood/willow","Populus tremuloides Michx.","quaking aspen","Salicaceae","tree","tremuloides",0.691,"hw1",-2.2094,2.3867,"SalicaceaeAbove0.35spg","hardwood","Hardwood",0.36,-2.4441,2.4561,NA,NA,NA,"Check",0.266927192163398,0.216613589315234,NA
"Populus","POTR5","NEON.PLA.D05.TREE.02892","TREE_001","TREE","D05",2017-10-25,"Standing dead","small tree",NA,130,NA,3.4,1.7,NA,NA,"Populus tremuloides Michx.",NA,NA,"2017",746,"aspen/alder/cottonwood/willow","Populus tremuloides Michx.","quaking aspen","Salicaceae","tree","tremuloides",0.691,"hw1",-2.2094,2.3867,"SalicaceaeAbove0.35spg","hardwood","Hardwood",0.36,-2.4441,2.4561,NA,NA,NA,"Check",0.161199788628141,0.128910556945084,NA
"Populus","POTR5","NEON.PLA.D05.TREE.02287","TREE_019","TREE","D05",2017-10-23,"Live","small tree",NA,130,NA,4.9,2.6,NA,NA,"Populus tremuloides Michx.",NA,NA,"2017",746,"aspen/alder/cottonwood/willow","Populus tremuloides Michx.","quaking aspen","Salicaceae","tree","tremuloides",0.691,"hw1",-2.2094,2.3867,"SalicaceaeAbove0.35spg","hardwood","Hardwood",0.36,-2.4441,2.4561,NA,NA,NA,"Check",0.444394747268939,0.36601503784363,NA
"Populus","POTR5","NEON.PLA.D05.TREE.01275","TREE_043","TREE","D05",2016-10-19,"Live","small tree",NA,130,NA,7.2,4.6,NA,NA,"Populus tremuloides Michx.",NA,NA,"2016",746,"aspen/alder/cottonwood/willow","Populus tremuloides Michx.","quaking aspen","Salicaceae","tree","tremuloides",0.691,"hw1",-2.2094,2.3867,"SalicaceaeAbove0.35spg","hardwood","Hardwood",0.36,-2.4441,2.4561,NA,NA,NA,"Check",1.73442747368261,1.4862175977833,NA
"Populus","POTR5","NEON.PLA.D05.TREE.01275","TREE_043","TREE","D05",2018-10-15,"Live","small tree",NA,130,NA,6.7,4.5,NA,NA,"Populus tremuloides Michx.",NA,NA,"2018",746,"aspen/alder/cottonwood/willow","Populus tremuloides Michx.","quaking aspen","Salicaceae","tree","tremuloides",0.691,"hw1",-2.2094,2.3867,"SalicaceaeAbove0.35spg","hardwood","Hardwood",0.36,-2.4441,2.4561,NA,NA,NA,"Check",1.64578967714043,1.40811506214442,NA
"Populus","POTR5","NEON.PLA.D05.TREE.01275","TREE_043","TREE","D05",2017-10-17,"Live","small tree",NA,130,NA,7.4,4.6,NA,NA,"Populus tremuloides Michx.",NA,NA,"2017",746,"aspen/alder/cottonwood/willow","Populus tremuloides Michx.","quaking aspen","Salicaceae","tree","tremuloides",0.691,"hw1",-2.2094,2.3867,"SalicaceaeAbove0.35spg","hardwood","Hardwood",0.36,-2.4441,2.4561,NA,NA,NA,"Check",1.73442747368261,1.4862175977833,NA
"Populus","POTR5","NEON.PLA.D05.TREE.02894","TREE_001","TREE","D05",2019-10-07,"Live","small tree",NA,130,NA,4.3,1.8,NA,NA,"Populus tremuloides Michx.",NA,NA,"2019",746,"aspen/alder/cottonwood/willow","Populus tremuloides Michx.","quaking aspen","Salicaceae","tree","tremuloides",0.691,"hw1",-2.2094,2.3867,"SalicaceaeAbove0.35spg","hardwood","Hardwood",0.36,-2.4441,2.4561,NA,NA,NA,"Check",0.184761259990128,0.148339799857963,NA
"Populus","POTR5","NEON.PLA.D05.TREE.03754","TREE_010","TREE","D05",2019-10-10,"Live","single bole tree","Partially shaded",130,NA,15.3,14.4,NA,41,"Populus tremuloides Michx.",3.3,349.2,"2019",746,"aspen/alder/cottonwood/willow","Populus tremuloides Michx.","quaking aspen","Salicaceae","tree","tremuloides",0.691,"hw1",-2.2094,2.3867,"SalicaceaeAbove0.35spg","hardwood","Hardwood",0.36,-2.4441,2.4561,NA,NA,NA,"Check",63.8459761829884,60.7568114267186,NA
"Populus","POTR5","NEON.PLA.D05.TREE.01357","TREE_045","TREE","D05",2015-08-11,"Live","sapling","Full shade",10,NA,1.9,1.3,NA,NA,"Populus tremuloides Michx.",NA,NA,"2015",746,"aspen/alder/cottonwood/willow","Populus tremuloides Michx.","quaking aspen","Salicaceae","tree","tremuloides",0.691,"hw1",-2.2094,2.3867,"SalicaceaeAbove0.35spg","hardwood","Hardwood",0.36,-2.4441,2.4561,NA,NA,0.925450366054231,"Check",0.0377613094911015,0.0289496165253258,NA
"Populus","POTR5","NEON.PLA.D05.TREE.02292","TREE_019","TREE","D05",2019-10-30,"Standing dead","small tree",NA,130,NA,2.7,1.2,NA,NA,"Populus tremuloides Michx.",NA,NA,"2019",746,"aspen/alder/cottonwood/willow","Populus tremuloides Michx.","quaking aspen","Salicaceae","tree","tremuloides",0.691,"hw1",-2.2094,2.3867,"SalicaceaeAbove0.35spg","hardwood","Hardwood",0.36,-2.4441,2.4561,NA,NA,NA,"Check",0.0701994819673388,0.0547973993149548,NA
"Populus","POTR5","NEON.PLA.D05.TREE.02292","TREE_019","TREE","D05",2017-10-23,"Standing dead","small tree",NA,130,NA,2.8,1.3,NA,NA,"Populus tremuloides Michx.",NA,NA,"2017",746,"aspen/alder/cottonwood/willow","Populus tremuloides Michx.","quaking aspen","Salicaceae","tree","tremuloides",0.691,"hw1",-2.2094,2.3867,"SalicaceaeAbove0.35spg","hardwood","Hardwood",0.36,-2.4441,2.4561,NA,NA,NA,"Check",0.0849768496237214,0.0667020461517271,NA
"Populus","POTR5","NEON.PLA.D05.TREE.00980","TREE_044","TREE","D05",2015-08-05,"Live, insect damaged","small tree","Partially shaded",130,NA,8.3,6.1,NA,NA,"Populus tremuloides Michx.",NA,NA,"2015",746,"aspen/alder/cottonwood/willow","Populus tremuloides Michx.","quaking aspen","Salicaceae","tree","tremuloides",0.691,"hw1",-2.2094,2.3867,"SalicaceaeAbove0.35spg","hardwood","Hardwood",0.36,-2.4441,2.4561,NA,NA,NA,"Check",3.40172141903959,2.97256593600796,NA
"Populus","POTR5","NEON.PLA.D05.TREE.00980","TREE_044","TREE","D05",2017-10-17,"Live","small tree",NA,130,NA,10.4,6.3,NA,NA,"Populus tremuloides Michx.",NA,NA,"2017",746,"aspen/alder/cottonwood/willow","Populus tremuloides Michx.","quaking aspen","Salicaceae","tree","tremuloides",0.691,"hw1",-2.2094,2.3867,"SalicaceaeAbove0.35spg","hardwood","Hardwood",0.36,-2.4441,2.4561,NA,NA,NA,"Check",3.67399124221022,3.21768267729118,NA
"Populus","POTR5","NEON.PLA.D05.TREE.03757","TREE_010","TREE","D05",2017-10-24,"Live","single bole tree","Partially shaded",130,NA,16.7,13,NA,51,"Populus tremuloides Michx.",4.3,252.2,"2017",746,"aspen/alder/cottonwood/willow","Populus tremuloides Michx.","quaking aspen","Salicaceae","tree","tremuloides",0.691,"hw1",-2.2094,2.3867,"SalicaceaeAbove0.35spg","hardwood","Hardwood",0.36,-2.4441,2.4561,NA,NA,NA,"Check",50.017084219306,47.2603707609994,NA
"Populus","POTR5","NEON.PLA.D05.TREE.03320","TREE_007","TREE","D05",2019-10-09,"Live","small tree",NA,130,NA,3.1,1.9,NA,NA,"Populus tremuloides Michx.",NA,NA,"2019",746,"aspen/alder/cottonwood/willow","Populus tremuloides Michx.","quaking aspen","Salicaceae","tree","tremuloides",0.691,"hw1",-2.2094,2.3867,"SalicaceaeAbove0.35spg","hardwood","Hardwood",0.36,-2.4441,2.4561,NA,NA,NA,"Check",0.210209939270102,0.169406319930455,NA
"Populus","POTR5","NEON.PLA.D05.TREE.03320","TREE_007","TREE","D05",2018-05-08,"Live","small tree",NA,130,NA,2.9,1.3,NA,NA,"Populus tremuloides Michx.",NA,NA,"2018",746,"aspen/alder/cottonwood/willow","Populus tremuloides Michx.","quaking aspen","Salicaceae","tree","tremuloides",0.691,"hw1",-2.2094,2.3867,"SalicaceaeAbove0.35spg","hardwood","Hardwood",0.36,-2.4441,2.4561,NA,NA,NA,"Check",0.0849768496237214,0.0667020461517271,NA
"Populus","POTR5","NEON.PLA.D05.TREE.00873","TREE_025","TREE","D05",2017-10-18,"Standing dead","small tree",NA,130,NA,2.2,1.1,NA,NA,"Populus tremuloides Michx.",NA,NA,"2017",746,"aspen/alder/cottonwood/willow","Populus tremuloides Michx.","quaking aspen","Salicaceae","tree","tremuloides",0.691,"hw1",-2.2094,2.3867,"SalicaceaeAbove0.35spg","hardwood","Hardwood",0.36,-2.4441,2.4561,NA,NA,NA,"Check",0.0570353287324869,0.0442534835233663,NA
"Populus","POTR5","NEON.PLA.D05.TREE.02722","TREE_010","TREE","D05",2019-10-10,"Live","small tree",NA,130,NA,13.1,9.8,NA,NA,"Populus tremuloides Michx.",NA,NA,"2019",746,"aspen/alder/cottonwood/willow","Populus tremuloides Michx.","quaking aspen","Salicaceae","tree","tremuloides",0.691,"hw1",-2.2094,2.3867,"SalicaceaeAbove0.35spg","hardwood","Hardwood",0.36,-2.4441,2.4561,NA,NA,NA,"Check",10.5465715224777,9.52430409934846,NA
"Populus","POTR5","NEON.PLA.D05.TREE.02298","TREE_019","TREE","D05",2019-10-30,"Standing dead","small tree",NA,130,NA,2.6,1.7,NA,NA,"Populus tremuloides Michx.",NA,NA,"2019",746,"aspen/alder/cottonwood/willow","Populus tremuloides Michx.","quaking aspen","Salicaceae","tree","tremuloides",0.691,"hw1",-2.2094,2.3867,"SalicaceaeAbove0.35spg","hardwood","Hardwood",0.36,-2.4441,2.4561,NA,NA,NA,"Check",0.161199788628141,0.128910556945084,NA
"Populus","POTR5","NEON.PLA.D05.TREE.02300","TREE_019","TREE","D05",2017-10-23,"Live","small tree",NA,130,NA,4.2,1.7,NA,NA,"Populus tremuloides Michx.",NA,NA,"2017",746,"aspen/alder/cottonwood/willow","Populus tremuloides Michx.","quaking aspen","Salicaceae","tree","tremuloides",0.691,"hw1",-2.2094,2.3867,"SalicaceaeAbove0.35spg","hardwood","Hardwood",0.36,-2.4441,2.4561,NA,NA,NA,"Check",0.161199788628141,0.128910556945084,NA
"Populus","POTR5","NEON.PLA.D05.TREE.00908","TREE_045","TREE","D05",2018-10-17,"Live","small tree",NA,130,NA,4.2,2.8,NA,NA,"Populus tremuloides Michx.",NA,NA,"2018",746,"aspen/alder/cottonwood/willow","Populus tremuloides Michx.","quaking aspen","Salicaceae","tree","tremuloides",0.691,"hw1",-2.2094,2.3867,"SalicaceaeAbove0.35spg","hardwood","Hardwood",0.36,-2.4441,2.4561,NA,NA,NA,"Check",0.530376289600716,0.439084119094404,NA
"Populus","POTR5","NEON.PLA.D05.TREE.00908","TREE_045","TREE","D05",2016-10-18,"Live","small tree",NA,130,NA,4.2,2.3,NA,NA,"Populus tremuloides Michx.",NA,NA,"2016",746,"aspen/alder/cottonwood/willow","Populus tremuloides Michx.","quaking aspen","Salicaceae","tree","tremuloides",0.691,"hw1",-2.2094,2.3867,"SalicaceaeAbove0.35spg","hardwood","Hardwood",0.36,-2.4441,2.4561,NA,NA,NA,"Check",0.331655996206415,0.270846125292816,NA
"Populus","POTR5","NEON.PLA.D05.TREE.00908","TREE_045","TREE","D05",2015-08-11,"Live, disease damaged","small tree","Full shade",130,NA,4.1,2.2,NA,NA,"Populus tremuloides Michx.",NA,NA,"2015",746,"aspen/alder/cottonwood/willow","Populus tremuloides Michx.","quaking aspen","Salicaceae","tree","tremuloides",0.691,"hw1",-2.2094,2.3867,"SalicaceaeAbove0.35spg","hardwood","Hardwood",0.36,-2.4441,2.4561,NA,NA,NA,"Check",0.298271830618665,0.24283273723977,NA
"Populus","POTR5","NEON.PLA.D05.TREE.01883","TREE_019","TREE","D05",2019-10-30,"Standing dead","small tree",NA,130,NA,2.3,1.2,NA,NA,"Populus tremuloides Michx.",NA,NA,"2019",746,"aspen/alder/cottonwood/willow","Populus tremuloides Michx.","quaking aspen","Salicaceae","tree","tremuloides",0.691,"hw1",-2.2094,2.3867,"SalicaceaeAbove0.35spg","hardwood","Hardwood",0.36,-2.4441,2.4561,NA,NA,NA,"Check",0.0701994819673388,0.0547973993149548,NA
"Populus","POTR5","NEON.PLA.D05.TREE.02105","TREE_019","TREE","D05",2019-10-30,"Live","small tree",NA,130,NA,5.6,3.1,NA,NA,"Populus tremuloides Michx.",NA,NA,"2019",746,"aspen/alder/cottonwood/willow","Populus tremuloides Michx.","quaking aspen","Salicaceae","tree","tremuloides",0.691,"hw1",-2.2094,2.3867,"SalicaceaeAbove0.35spg","hardwood","Hardwood",0.36,-2.4441,2.4561,NA,NA,NA,"Check",0.676215283133761,0.563788671558161,NA
"Populus","POTR5","NEON.PLA.D05.TREE.00909","TREE_044","TREE","D05",2017-10-17,"Standing dead","small tree",NA,130,NA,4.9,2.3,NA,NA,"Populus tremuloides Michx.",NA,NA,"2017",746,"aspen/alder/cottonwood/willow","Populus tremuloides Michx.","quaking aspen","Salicaceae","tree","tremuloides",0.691,"hw1",-2.2094,2.3867,"SalicaceaeAbove0.35spg","hardwood","Hardwood",0.36,-2.4441,2.4561,NA,NA,NA,"Check",0.331655996206415,0.270846125292816,NA
"Populus","POTR5","NEON.PLA.D05.TREE.00909","TREE_044","TREE","D05",2018-10-16,"Standing dead","small tree",NA,130,NA,4.3,2.2,NA,NA,"Populus tremuloides Michx.",NA,NA,"2018",746,"aspen/alder/cottonwood/willow","Populus tremuloides Michx.","quaking aspen","Salicaceae","tree","tremuloides",0.691,"hw1",-2.2094,2.3867,"SalicaceaeAbove0.35spg","hardwood","Hardwood",0.36,-2.4441,2.4561,NA,NA,NA,"Check",0.298271830618665,0.24283273723977,NA
"Populus","POTR5","NEON.PLA.D05.TREE.01257","TREE_043","TREE","D05",2015-08-05,"Live","small tree","Partially shaded",130,NA,4.4,2.8,NA,NA,"Populus tremuloides Michx.",NA,NA,"2015",746,"aspen/alder/cottonwood/willow","Populus tremuloides Michx.","quaking aspen","Salicaceae","tree","tremuloides",0.691,"hw1",-2.2094,2.3867,"SalicaceaeAbove0.35spg","hardwood","Hardwood",0.36,-2.4441,2.4561,NA,NA,NA,"Check",0.530376289600716,0.439084119094404,NA
"Populus","POTR5","NEON.PLA.D05.TREE.02942","TREE_014","TREE","D05",2017-10-26,"Live","small tree",NA,130,NA,3.9,2.1,NA,NA,"Populus tremuloides Michx.",NA,NA,"2017",746,"aspen/alder/cottonwood/willow","Populus tremuloides Michx.","quaking aspen","Salicaceae","tree","tremuloides",0.691,"hw1",-2.2094,2.3867,"SalicaceaeAbove0.35spg","hardwood","Hardwood",0.36,-2.4441,2.4561,NA,NA,NA,"Check",0.266927192163398,0.216613589315234,NA
"Populus","POTR5","NEON.PLA.D05.TREE.03670","TREE_010","TREE","D05",2017-10-24,"Live","small tree",NA,130,NA,10.1,6.9,NA,NA,"Populus tremuloides Michx.",NA,NA,"2017",746,"aspen/alder/cottonwood/willow","Populus tremuloides Michx.","quaking aspen","Salicaceae","tree","tremuloides",0.691,"hw1",-2.2094,2.3867,"SalicaceaeAbove0.35spg","hardwood","Hardwood",0.36,-2.4441,2.4561,NA,NA,NA,"Check",4.56491980308615,4.02327891025275,NA
"Populus","POTR5","NEON.PLA.D05.TREE.01299","TREE_043","TREE","D05",2015-08-05,"Standing dead","small tree","Mostly shaded",130,NA,3.9,2.4,NA,NA,"Populus tremuloides Michx.",NA,NA,"2015",746,"aspen/alder/cottonwood/willow","Populus tremuloides Michx.","quaking aspen","Salicaceae","tree","tremuloides",0.691,"hw1",-2.2094,2.3867,"SalicaceaeAbove0.35spg","hardwood","Hardwood",0.36,-2.4441,2.4561,NA,NA,NA,"Check",0.367115057635386,0.300690508629567,NA
"Populus","POTR5","NEON.PLA.D05.TREE.02118","TREE_019","TREE","D05",2017-10-23,"Live","small tree",NA,130,NA,3.9,2.8,NA,NA,"Populus tremuloides Michx.",NA,NA,"2017",746,"aspen/alder/cottonwood/willow","Populus tremuloides Michx.","quaking aspen","Salicaceae","tree","tremuloides",0.691,"hw1",-2.2094,2.3867,"SalicaceaeAbove0.35spg","hardwood","Hardwood",0.36,-2.4441,2.4561,NA,NA,NA,"Check",0.530376289600716,0.439084119094404,NA
"Populus","POTR5","NEON.PLA.D05.TREE.01299","TREE_043","TREE","D05",2016-10-19,"Standing dead","small tree",NA,130,NA,4.1,2.4,NA,NA,"Populus tremuloides Michx.",NA,NA,"2016",746,"aspen/alder/cottonwood/willow","Populus tremuloides Michx.","quaking aspen","Salicaceae","tree","tremuloides",0.691,"hw1",-2.2094,2.3867,"SalicaceaeAbove0.35spg","hardwood","Hardwood",0.36,-2.4441,2.4561,NA,NA,NA,"Check",0.367115057635386,0.300690508629567,NA
"Populus","POTR5","NEON.PLA.D05.TREE.01244","TREE_044","TREE","D05",2017-10-17,"Live","small tree",NA,150,NA,7.6,4,NA,NA,"Populus tremuloides Michx.",NA,NA,"2017",746,"aspen/alder/cottonwood/willow","Populus tremuloides Michx.","quaking aspen","Salicaceae","tree","tremuloides",0.691,"hw1",-2.2094,2.3867,"SalicaceaeAbove0.35spg","hardwood","Hardwood",0.36,-2.4441,2.4561,NA,NA,NA,"Check",1.24247771687658,1.05439280482869,NA
"Populus","POTR5","NEON.PLA.D05.TREE.03574","TREE_002","TREE","D05",2018-05-07,"Live","single bole tree","Partially shaded",130,NA,16.3,28.6,NA,33,"Populus tremuloides Michx.",8.1,275.6,"2018",746,"aspen/alder/cottonwood/willow","Populus tremuloides Michx.","quaking aspen","Salicaceae","tree","tremuloides",0.691,"hw1",-2.2094,2.3867,"SalicaceaeAbove0.35spg","hardwood","Hardwood",0.36,-2.4441,2.4561,NA,NA,NA,"Check",328.381424860649,327.733978991003,NA
"Populus","POTR5","NEON.PLA.D05.TREE.03084","TREE_010","TREE","D05",2019-10-10,"Live","single bole tree","Partially shaded",130,NA,14.5,15.5,NA,51,"Populus tremuloides Michx.",5.5,267.4,"2019",746,"aspen/alder/cottonwood/willow","Populus tremuloides Michx.","quaking aspen","Salicaceae","tree","tremuloides",0.691,"hw1",-2.2094,2.3867,"SalicaceaeAbove0.35spg","hardwood","Hardwood",0.36,-2.4441,2.4561,NA,NA,NA,"Check",76.1087230997681,72.7971774210908,NA
"Populus","POTR5","NEON.PLA.D05.TREE.01300","TREE_043","TREE","D05",2016-10-19,"Live","small tree",NA,130,NA,6.6,3.7,NA,NA,"Populus tremuloides Michx.",NA,NA,"2016",746,"aspen/alder/cottonwood/willow","Populus tremuloides Michx.","quaking aspen","Salicaceae","tree","tremuloides",0.691,"hw1",-2.2094,2.3867,"SalicaceaeAbove0.35spg","hardwood","Hardwood",0.36,-2.4441,2.4561,NA,NA,NA,"Check",1.03152339486018,0.870649075933759,NA
"Populus","POTR5","NEON.PLA.D05.TREE.03975","TREE_010","TREE","D05",2019-10-10,"Live","small tree",NA,130,NA,9.6,4.7,NA,NA,"Populus tremuloides Michx.",NA,NA,"2019",746,"aspen/alder/cottonwood/willow","Populus tremuloides Michx.","quaking aspen","Salicaceae","tree","tremuloides",0.691,"hw1",-2.2094,2.3867,"SalicaceaeAbove0.35spg","hardwood","Hardwood",0.36,-2.4441,2.4561,NA,NA,NA,"Check",1.82577806395414,1.56683201834831,NA
"Populus","POTR5","NEON.PLA.D05.TREE.02228","TREE_015","TREE","D05",2018-05-08,"Live","single bole tree","Full sun",130,NA,23.9,44.6,NA,51,"Populus tremuloides Michx.",5.9,207.8,"2018",746,"aspen/alder/cottonwood/willow","Populus tremuloides Michx.","quaking aspen","Salicaceae","tree","tremuloides",0.691,"hw1",-2.2094,2.3867,"SalicaceaeAbove0.35spg","hardwood","Hardwood",0.36,-2.4441,2.4561,NA,NA,NA,"Check",948.281502116884,976.050308963505,NA
"Populus","POTR5","NEON.PLA.D05.TREE.02228","TREE_015","TREE","D05",2019-10-24,"Live","single bole tree","Full sun",130,NA,21.6,45,NA,51,"Populus tremuloides Michx.",5.9,207.8,"2019",746,"aspen/alder/cottonwood/willow","Populus tremuloides Michx.","quaking aspen","Salicaceae","tree","tremuloides",0.691,"hw1",-2.2094,2.3867,"SalicaceaeAbove0.35spg","hardwood","Hardwood",0.36,-2.4441,2.4561,NA,NA,NA,"Check",968.706197667959,997.691131689063,NA
"Populus","POTR5","NEON.PLA.D05.TREE.00961","TREE_044","TREE","D05",2016-10-19,"Live","small tree",NA,130,NA,6.1,2.9,NA,NA,"Populus tremuloides Michx.",NA,NA,"2016",746,"aspen/alder/cottonwood/willow","Populus tremuloides Michx.","quaking aspen","Salicaceae","tree","tremuloides",0.691,"hw1",-2.2094,2.3867,"SalicaceaeAbove0.35spg","hardwood","Hardwood",0.36,-2.4441,2.4561,NA,NA,NA,"Check",0.576709796705388,0.478606521009012,NA
"Populus","POTR5","NEON.PLA.D05.TREE.03695","TREE_010","TREE","D05",2019-10-10,"Standing dead","small tree",NA,130,NA,9.1,5.5,NA,NA,"Populus tremuloides Michx.",NA,NA,"2019",746,"aspen/alder/cottonwood/willow","Populus tremuloides Michx.","quaking aspen","Salicaceae","tree","tremuloides",0.691,"hw1",-2.2094,2.3867,"SalicaceaeAbove0.35spg","hardwood","Hardwood",0.36,-2.4441,2.4561,NA,NA,NA,"Check",2.65690275028545,2.30508895937898,NA
"Populus","POTR5","NEON.PLA.D05.TREE.02372","TREE_019","TREE","D05",2017-10-23,"Live","small tree",NA,130,NA,4.9,2.9,NA,NA,"Populus tremuloides Michx.",NA,NA,"2017",746,"aspen/alder/cottonwood/willow","Populus tremuloides Michx.","quaking aspen","Salicaceae","tree","tremuloides",0.691,"hw1",-2.2094,2.3867,"SalicaceaeAbove0.35spg","hardwood","Hardwood",0.36,-2.4441,2.4561,NA,NA,NA,"Check",0.576709796705388,0.478606521009012,NA
"Populus","POTR5","NEON.PLA.D05.TREE.02372","TREE_019","TREE","D05",2019-10-30,"Standing dead","small tree",NA,130,NA,5.4,2.8,NA,NA,"Populus tremuloides Michx.",NA,NA,"2019",746,"aspen/alder/cottonwood/willow","Populus tremuloides Michx.","quaking aspen","Salicaceae","tree","tremuloides",0.691,"hw1",-2.2094,2.3867,"SalicaceaeAbove0.35spg","hardwood","Hardwood",0.36,-2.4441,2.4561,NA,NA,NA,"Check",0.530376289600716,0.439084119094404,NA
"Populus","POTR5","NEON.PLA.D05.TREE.03746","TREE_010","TREE","D05",2019-10-10,"Live","single bole tree","Partially shaded",130,NA,14,15.5,NA,41,"Populus tremuloides Michx.",7,116,"2019",746,"aspen/alder/cottonwood/willow","Populus tremuloides Michx.","quaking aspen","Salicaceae","tree","tremuloides",0.691,"hw1",-2.2094,2.3867,"SalicaceaeAbove0.35spg","hardwood","Hardwood",0.36,-2.4441,2.4561,NA,NA,NA,"Check",76.1087230997681,72.7971774210908,NA
"Populus","POTR5","NEON.PLA.D05.TREE.02872","TREE_017","TREE","D05",2019-11-04,"Live","small tree",NA,130,NA,5.5,3.5,NA,NA,"Populus tremuloides Michx.",NA,NA,"2019",746,"aspen/alder/cottonwood/willow","Populus tremuloides Michx.","quaking aspen","Salicaceae","tree","tremuloides",0.691,"hw1",-2.2094,2.3867,"SalicaceaeAbove0.35spg","hardwood","Hardwood",0.36,-2.4441,2.4561,NA,NA,NA,"Check",0.903398216427415,0.759571065422187,NA
"Populus","POTR5","NEON.PLA.D05.TREE.01043","TREE_044","TREE","D05",2015-08-05,"Live","small tree","Partially shaded",130,NA,5.3,2.6,NA,NA,"Populus tremuloides Michx.",NA,NA,"2015",746,"aspen/alder/cottonwood/willow","Populus tremuloides Michx.","quaking aspen","Salicaceae","tree","tremuloides",0.691,"hw1",-2.2094,2.3867,"SalicaceaeAbove0.35spg","hardwood","Hardwood",0.36,-2.4441,2.4561,NA,NA,NA,"Check",0.444394747268939,0.36601503784363,NA
"Populus","POTR5","NEON.PLA.D05.TREE.03841","TREE_019","TREE","D05",2017-10-23,"Live","small tree",NA,130,NA,5.9,3.1,NA,NA,"Populus tremuloides Michx.",NA,NA,"2017",746,"aspen/alder/cottonwood/willow","Populus tremuloides Michx.","quaking aspen","Salicaceae","tree","tremuloides",0.691,"hw1",-2.2094,2.3867,"SalicaceaeAbove0.35spg","hardwood","Hardwood",0.36,-2.4441,2.4561,NA,NA,NA,"Check",0.676215283133761,0.563788671558161,NA
"Populus","POTR5","NEON.PLA.D05.TREE.01231","TREE_043","TREE","D05",2017-10-17,"Live","small tree",NA,130,NA,4.8,3.3,NA,NA,"Populus tremuloides Michx.",NA,NA,"2017",746,"aspen/alder/cottonwood/willow","Populus tremuloides Michx.","quaking aspen","Salicaceae","tree","tremuloides",0.691,"hw1",-2.2094,2.3867,"SalicaceaeAbove0.35spg","hardwood","Hardwood",0.36,-2.4441,2.4561,NA,NA,NA,"Check",0.785035411946583,0.657362577265195,NA
"Populus","POTR5","NEON.PLA.D05.TREE.01043","TREE_044","TREE","D05",2018-10-16,"Standing dead","small tree",NA,130,NA,3.9,2.3,NA,NA,"Populus tremuloides Michx.",NA,NA,"2018",746,"aspen/alder/cottonwood/willow","Populus tremuloides Michx.","quaking aspen","Salicaceae","tree","tremuloides",0.691,"hw1",-2.2094,2.3867,"SalicaceaeAbove0.35spg","hardwood","Hardwood",0.36,-2.4441,2.4561,NA,NA,NA,"Check",0.331655996206415,0.270846125292816,NA
"Populus","POTR5","NEON.PLA.D05.TREE.03856","TREE_019","TREE","D05",2017-10-23,"Live","small tree",NA,130,NA,5.9,3.2,NA,NA,"Populus tremuloides Michx.",NA,NA,"2017",746,"aspen/alder/cottonwood/willow","Populus tremuloides Michx.","quaking aspen","Salicaceae","tree","tremuloides",0.691,"hw1",-2.2094,2.3867,"SalicaceaeAbove0.35spg","hardwood","Hardwood",0.36,-2.4441,2.4561,NA,NA,NA,"Check",0.729446560116734,0.609511284675326,NA
"Populus","POTR5","NEON.PLA.D05.TREE.02703","TREE_010","TREE","D05",2017-10-24,"Live","small tree",NA,130,NA,8.6,2.7,NA,NA,"Populus tremuloides Michx.",NA,NA,"2017",746,"aspen/alder/cottonwood/willow","Populus tremuloides Michx.","quaking aspen","Salicaceae","tree","tremuloides",0.691,"hw1",-2.2094,2.3867,"SalicaceaeAbove0.35spg","hardwood","Hardwood",0.36,-2.4441,2.4561,NA,NA,NA,"Check",0.486281696623093,0.401564608849878,NA
"Populus","POTR5","NEON.PLA.D05.TREE.01472","TREE_045","TREE","D05",2015-08-11,"Live, disease damaged","small tree","Full shade",130,NA,2.3,1.1,NA,NA,"Populus tremuloides Michx.",NA,NA,"2015",746,"aspen/alder/cottonwood/willow","Populus tremuloides Michx.","quaking aspen","Salicaceae","tree","tremuloides",0.691,"hw1",-2.2094,2.3867,"SalicaceaeAbove0.35spg","hardwood","Hardwood",0.36,-2.4441,2.4561,NA,NA,NA,"Check",0.0570353287324869,0.0442534835233663,NA
"Populus","POTR5","NEON.PLA.D05.TREE.02904","TREE_017","TREE","D05",2017-10-23,"Live","small tree",NA,130,NA,3.3,1.4,NA,NA,"Populus tremuloides Michx.",NA,NA,"2017",746,"aspen/alder/cottonwood/willow","Populus tremuloides Michx.","quaking aspen","Salicaceae","tree","tremuloides",0.691,"hw1",-2.2094,2.3867,"SalicaceaeAbove0.35spg","hardwood","Hardwood",0.36,-2.4441,2.4561,NA,NA,NA,"Check",0.10141817940551,0.080018048845408,NA
"Populus","POTR5","NEON.PLA.D05.TREE.03742","TREE_010","TREE","D05",2017-10-24,"Live","single bole tree","Full sun",130,NA,15.7,14.1,NA,33,"Populus tremuloides Michx.",5.5,353.3,"2017",746,"aspen/alder/cottonwood/willow","Populus tremuloides Michx.","quaking aspen","Salicaceae","tree","tremuloides",0.691,"hw1",-2.2094,2.3867,"SalicaceaeAbove0.35spg","hardwood","Hardwood",0.36,-2.4441,2.4561,NA,NA,NA,"Check",60.7171010431604,57.6949656835154,NA
"Populus","POTR5","NEON.PLA.D05.TREE.00937","TREE_044","TREE","D05",2016-10-19,"Live","small tree",NA,130,NA,5.5,3.8,NA,NA,"Populus tremuloides Michx.",NA,NA,"2016",746,"aspen/alder/cottonwood/willow","Populus tremuloides Michx.","quaking aspen","Salicaceae","tree","tremuloides",0.691,"hw1",-2.2094,2.3867,"SalicaceaeAbove0.35spg","hardwood","Hardwood",0.36,-2.4441,2.4561,NA,NA,NA,"Check",1.09931343947209,0.92958558511462,NA
"Populus","POTR5","NEON.PLA.D05.TREE.01291","TREE_043","TREE","D05",2020-10-05,"Live","small tree","Partially shaded",130,NA,10.1,5.6,NA,NA,"Populus tremuloides Michx.",NA,NA,"2020",746,"aspen/alder/cottonwood/willow","Populus tremuloides Michx.","quaking aspen","Salicaceae","tree","tremuloides",0.691,"hw1",-2.2094,2.3867,"SalicaceaeAbove0.35spg","hardwood","Hardwood",0.36,-2.4441,2.4561,NA,NA,NA,"Check",2.77365468616705,2.40939221116703,NA
"Populus","POTR5","NEON.PLA.D05.TREE.00421","TREE_044","TREE","D05",2018-10-16,"Live","small tree",NA,130,NA,6.8,3.7,NA,NA,"Populus tremuloides Michx.",NA,NA,"2018",746,"aspen/alder/cottonwood/willow","Populus tremuloides Michx.","quaking aspen","Salicaceae","tree","tremuloides",0.691,"hw1",-2.2094,2.3867,"SalicaceaeAbove0.35spg","hardwood","Hardwood",0.36,-2.4441,2.4561,NA,NA,NA,"Check",1.03152339486018,0.870649075933759,NA
"Populus","POTR5","NEON.PLA.D05.TREE.03888","TREE_044","TREE","D05",2018-10-16,"Live","single bole tree",NA,130,NA,12.4,11.2,NA,41,"Populus tremuloides Michx.",11.8,322,"2018",746,"aspen/alder/cottonwood/willow","Populus tremuloides Michx.","quaking aspen","Salicaceae","tree","tremuloides",0.691,"hw1",-2.2094,2.3867,"SalicaceaeAbove0.35spg","hardwood","Hardwood",0.36,-2.4441,2.4561,NA,NA,NA,"Check",35.0459975602688,32.7736825119725,NA
"Populus","POTR5","NEON.PLA.D05.TREE.03313","TREE_007","TREE","D05",2018-05-08,"Live","small tree",NA,130,NA,2.9,1.7,NA,NA,"Populus tremuloides Michx.",NA,NA,"2018",746,"aspen/alder/cottonwood/willow","Populus tremuloides Michx.","quaking aspen","Salicaceae","tree","tremuloides",0.691,"hw1",-2.2094,2.3867,"SalicaceaeAbove0.35spg","hardwood","Hardwood",0.36,-2.4441,2.4561,NA,NA,NA,"Check",0.161199788628141,0.128910556945084,NA
"Populus","POTR5","NEON.PLA.D05.TREE.02943","TREE_014","TREE","D05",2017-10-26,"Live","small tree",NA,130,NA,4.2,1.9,NA,NA,"Populus tremuloides Michx.",NA,NA,"2017",746,"aspen/alder/cottonwood/willow","Populus tremuloides Michx.","quaking aspen","Salicaceae","tree","tremuloides",0.691,"hw1",-2.2094,2.3867,"SalicaceaeAbove0.35spg","hardwood","Hardwood",0.36,-2.4441,2.4561,NA,NA,NA,"Check",0.210209939270102,0.169406319930455,NA
"Populus","POTR5","NEON.PLA.D05.TREE.03324","TREE_007","TREE","D05",2019-10-09,"Live","small tree",NA,130,NA,3.2,1.7,NA,NA,"Populus tremuloides Michx.",NA,NA,"2019",746,"aspen/alder/cottonwood/willow","Populus tremuloides Michx.","quaking aspen","Salicaceae","tree","tremuloides",0.691,"hw1",-2.2094,2.3867,"SalicaceaeAbove0.35spg","hardwood","Hardwood",0.36,-2.4441,2.4561,NA,NA,NA,"Check",0.161199788628141,0.128910556945084,NA
"Populus","POTR5","NEON.PLA.D05.TREE.03340","TREE_007","TREE","D05",2019-10-09,"Live, disease damaged","small tree",NA,130,NA,2.8,1.5,NA,NA,"Populus tremuloides Michx.",NA,NA,"2019",746,"aspen/alder/cottonwood/willow","Populus tremuloides Michx.","quaking aspen","Salicaceae","tree","tremuloides",0.691,"hw1",-2.2094,2.3867,"SalicaceaeAbove0.35spg","hardwood","Hardwood",0.36,-2.4441,2.4561,NA,NA,NA,"Check",0.119571873869334,0.094793952160853,NA
"Populus","POTR5","NEON.PLA.D05.TREE.03334","TREE_007","TREE","D05",2019-10-09,"Live","small tree",NA,130,NA,2.2,1,NA,NA,"Populus tremuloides Michx.",NA,NA,"2019",746,"aspen/alder/cottonwood/willow","Populus tremuloides Michx.","quaking aspen","Salicaceae","tree","tremuloides",0.691,"hw1",-2.2094,2.3867,"SalicaceaeAbove0.35spg","hardwood","Hardwood",0.36,-2.4441,2.4561,NA,NA,NA,"Check",0.0454309718603333,0.0350173187113287,NA
"Populus","POTR5","NEON.PLA.D05.TREE.00916","TREE_057","TREE","D05",2015-08-04,"Live","sapling","Full shade",10,NA,1.8,1.2,NA,NA,"Populus tremuloides Michx.",NA,NA,"2015",746,"aspen/alder/cottonwood/willow","Populus tremuloides Michx.","quaking aspen","Salicaceae","tree","tremuloides",0.691,"hw1",-2.2094,2.3867,"SalicaceaeAbove0.35spg","hardwood","Hardwood",0.36,-2.4441,2.4561,NA,NA,0.851537287154131,"Check",0.0309577312435263,0.0235969635613552,NA
"Populus","POTR5","NEON.PLA.D05.TREE.03889","TREE_044","TREE","D05",2017-10-17,"Live","single bole tree",NA,130,NA,11.6,10.8,NA,41,"Populus tremuloides Michx.",8.8,20.4,"2017",746,"aspen/alder/cottonwood/willow","Populus tremuloides Michx.","quaking aspen","Salicaceae","tree","tremuloides",0.691,"hw1",-2.2094,2.3867,"SalicaceaeAbove0.35spg","hardwood","Hardwood",0.36,-2.4441,2.4561,NA,NA,NA,"Check",32.1323322471414,29.9731883394779,NA
"Populus","POTR5","NEON.PLA.D05.TREE.01170","TREE_045","TREE","D05",2015-08-11,"Live, insect damaged","sapling","Mostly shaded",10,NA,1.2,1.2,NA,NA,"Populus tremuloides Michx.",NA,NA,"2015",746,"aspen/alder/cottonwood/willow","Populus tremuloides Michx.","quaking aspen","Salicaceae","tree","tremuloides",0.691,"hw1",-2.2094,2.3867,"SalicaceaeAbove0.35spg","hardwood","Hardwood",0.36,-2.4441,2.4561,NA,NA,0.851537287154131,"Check",0.0309577312435263,0.0235969635613552,NA
"Populus","POTR5","NEON.PLA.D05.TREE.02258","TREE_006","TREE","D05",2019-10-09,"Dead, broken bole","single bole tree","Mostly shaded",130,NA,9.3,19.4,NA,51,"Populus tremuloides Michx.",8.7,262.5,"2019",746,"aspen/alder/cottonwood/willow","Populus tremuloides Michx.","quaking aspen","Salicaceae","tree","tremuloides",0.691,"hw1",-2.2094,2.3867,"SalicaceaeAbove0.35spg","hardwood","Hardwood",0.36,-2.4441,2.4561,NA,NA,NA,"Check",130.036766121206,126.331218677382,NA
"Populus","POTR5","NEON.PLA.D05.TREE.01078","TREE_044","TREE","D05",2016-10-19,"Live","small tree",NA,130,NA,8.5,6.1,NA,NA,"Populus tremuloides Michx.",NA,NA,"2016",746,"aspen/alder/cottonwood/willow","Populus tremuloides Michx.","quaking aspen","Salicaceae","tree","tremuloides",0.691,"hw1",-2.2094,2.3867,"SalicaceaeAbove0.35spg","hardwood","Hardwood",0.36,-2.4441,2.4561,NA,NA,NA,"Check",3.40172141903959,2.97256593600796,NA
"Populus","POTR5","NEON.PLA.D05.TREE.03696","TREE_010","TREE","D05",2017-10-24,"Live","small tree",NA,130,NA,10,6.3,NA,NA,"Populus tremuloides Michx.",NA,NA,"2017",746,"aspen/alder/cottonwood/willow","Populus tremuloides Michx.","quaking aspen","Salicaceae","tree","tremuloides",0.691,"hw1",-2.2094,2.3867,"SalicaceaeAbove0.35spg","hardwood","Hardwood",0.36,-2.4441,2.4561,NA,NA,NA,"Check",3.67399124221022,3.21768267729118,NA
"Populus","POTR5","NEON.PLA.D05.TREE.03742","TREE_010","TREE","D05",2019-10-10,"Live","single bole tree","Partially shaded",130,NA,14.5,16.1,NA,33,"Populus tremuloides Michx.",5.5,353.3,"2019",746,"aspen/alder/cottonwood/willow","Populus tremuloides Michx.","quaking aspen","Salicaceae","tree","tremuloides",0.691,"hw1",-2.2094,2.3867,"SalicaceaeAbove0.35spg","hardwood","Hardwood",0.36,-2.4441,2.4561,NA,NA,NA,"Check",83.3299440077097,79.9145560026875,NA
"Populus","POTR5","NEON.PLA.D05.TREE.01291","TREE_043","TREE","D05",2019-10-23,"Live","small tree",NA,130,NA,9.8,5.5,NA,NA,"Populus tremuloides Michx.",NA,NA,"2019",746,"aspen/alder/cottonwood/willow","Populus tremuloides Michx.","quaking aspen","Salicaceae","tree","tremuloides",0.691,"hw1",-2.2094,2.3867,"SalicaceaeAbove0.35spg","hardwood","Hardwood",0.36,-2.4441,2.4561,NA,NA,NA,"Check",2.65690275028545,2.30508895937898,NA
"Populus","POTR5","NEON.PLA.D05.TREE.00961","TREE_044","TREE","D05",2018-10-16,"Standing dead","small tree",NA,130,NA,5.3,2.7,NA,NA,"Populus tremuloides Michx.",NA,NA,"2018",746,"aspen/alder/cottonwood/willow","Populus tremuloides Michx.","quaking aspen","Salicaceae","tree","tremuloides",0.691,"hw1",-2.2094,2.3867,"SalicaceaeAbove0.35spg","hardwood","Hardwood",0.36,-2.4441,2.4561,NA,NA,NA,"Check",0.486281696623093,0.401564608849878,NA
"Populus","POTR5","NEON.PLA.D05.TREE.03974","TREE_010","TREE","D05",2019-10-10,"Live","small tree",NA,130,NA,13.4,5.5,NA,NA,"Populus tremuloides Michx.",NA,NA,"2019",746,"aspen/alder/cottonwood/willow","Populus tremuloides Michx.","quaking aspen","Salicaceae","tree","tremuloides",0.691,"hw1",-2.2094,2.3867,"SalicaceaeAbove0.35spg","hardwood","Hardwood",0.36,-2.4441,2.4561,NA,NA,NA,"Check",2.65690275028545,2.30508895937898,NA
"Populus","POTR5","NEON.PLA.D05.TREE.03083","TREE_010","TREE","D05",2019-10-10,"Live","single bole tree","Partially shaded",130,NA,14.3,11.8,NA,51,"Populus tremuloides Michx.",7.1,243.1,"2019",746,"aspen/alder/cottonwood/willow","Populus tremuloides Michx.","quaking aspen","Salicaceae","tree","tremuloides",0.691,"hw1",-2.2094,2.3867,"SalicaceaeAbove0.35spg","hardwood","Hardwood",0.36,-2.4441,2.4561,NA,NA,NA,"Check",39.6945203517886,37.2554878664259,NA
"Populus","POTR5","NEON.PLA.D05.TREE.00962","TREE_045","TREE","D05",2016-10-18,"Live","small tree",NA,130,NA,3.7,2.7,NA,NA,"Populus tremuloides Michx.",NA,NA,"2016",746,"aspen/alder/cottonwood/willow","Populus tremuloides Michx.","quaking aspen","Salicaceae","tree","tremuloides",0.691,"hw1",-2.2094,2.3867,"SalicaceaeAbove0.35spg","hardwood","Hardwood",0.36,-2.4441,2.4561,NA,NA,NA,"Check",0.486281696623093,0.401564608849878,NA
"Populus","POTR5","NEON.PLA.D05.TREE.03574","TREE_002","TREE","D05",2019-10-08,"Live","single bole tree","Partially shaded",130,NA,16.5,28.6,NA,33,"Populus tremuloides Michx.",8.1,275.6,"2019",746,"aspen/alder/cottonwood/willow","Populus tremuloides Michx.","quaking aspen","Salicaceae","tree","tremuloides",0.691,"hw1",-2.2094,2.3867,"SalicaceaeAbove0.35spg","hardwood","Hardwood",0.36,-2.4441,2.4561,NA,NA,NA,"Check",328.381424860649,327.733978991003,NA
"Populus","POTR5","NEON.PLA.D05.TREE.02804","TREE_010","TREE","D05",2019-10-10,"Live","small tree",NA,130,NA,12.8,7.9,NA,NA,"Populus tremuloides Michx.",NA,NA,"2019",746,"aspen/alder/cottonwood/willow","Populus tremuloides Michx.","quaking aspen","Salicaceae","tree","tremuloides",0.691,"hw1",-2.2094,2.3867,"SalicaceaeAbove0.35spg","hardwood","Hardwood",0.36,-2.4441,2.4561,NA,NA,NA,"Check",6.30548658607183,5.60976654164875,NA
"Populus","POTR5","NEON.PLA.D05.TREE.01030","TREE_044","TREE","D05",2016-10-19,"Live","small tree",NA,130,NA,5.5,2.1,NA,NA,"Populus tremuloides Michx.",NA,NA,"2016",746,"aspen/alder/cottonwood/willow","Populus tremuloides Michx.","quaking aspen","Salicaceae","tree","tremuloides",0.691,"hw1",-2.2094,2.3867,"SalicaceaeAbove0.35spg","hardwood","Hardwood",0.36,-2.4441,2.4561,NA,NA,NA,"Check",0.266927192163398,0.216613589315234,NA
"Populus","POTR5","NEON.PLA.D05.TREE.01457","TREE_045","TREE","D05",2017-10-19,"Dead, broken bole","single bole tree",NA,130,NA,9.1,28.7,NA,41,"Populus tremuloides Michx.",9.9,118.4,"2017",746,"aspen/alder/cottonwood/willow","Populus tremuloides Michx.","quaking aspen","Salicaceae","tree","tremuloides",0.691,"hw1",-2.2094,2.3867,"SalicaceaeAbove0.35spg","hardwood","Hardwood",0.36,-2.4441,2.4561,NA,NA,NA,"Check",331.128448788267,330.555648964294,NA
"Populus","POTR5","NEON.PLA.D05.TREE.01291","TREE_043","TREE","D05",2017-10-17,"Live","small tree",NA,130,NA,9.2,5.2,NA,NA,"Populus tremuloides Michx.",NA,NA,"2017",746,"aspen/alder/cottonwood/willow","Populus tremuloides Michx.","quaking aspen","Salicaceae","tree","tremuloides",0.691,"hw1",-2.2094,2.3867,"SalicaceaeAbove0.35spg","hardwood","Hardwood",0.36,-2.4441,2.4561,NA,NA,NA,"Check",2.32400580010553,2.00843925571547,NA
"Populus","POTR5","NEON.PLA.D05.TREE.03975","TREE_010","TREE","D05",2017-10-24,"Live","small tree",NA,130,NA,8.2,4.6,NA,NA,"Populus tremuloides Michx.",NA,NA,"2017",746,"aspen/alder/cottonwood/willow","Populus tremuloides Michx.","quaking aspen","Salicaceae","tree","tremuloides",0.691,"hw1",-2.2094,2.3867,"SalicaceaeAbove0.35spg","hardwood","Hardwood",0.36,-2.4441,2.4561,NA,NA,NA,"Check",1.73442747368261,1.4862175977833,NA
"Populus","POTR5","NEON.PLA.D05.TREE.00915","TREE_057","TREE","D05",2015-08-04,"Live","small tree","Full shade",130,NA,3.3,1,NA,NA,"Populus tremuloides Michx.",NA,NA,"2015",746,"aspen/alder/cottonwood/willow","Populus tremuloides Michx.","quaking aspen","Salicaceae","tree","tremuloides",0.691,"hw1",-2.2094,2.3867,"SalicaceaeAbove0.35spg","hardwood","Hardwood",0.36,-2.4441,2.4561,NA,NA,NA,"Check",0.0454309718603333,0.0350173187113287,NA
"Populus","POTR5","NEON.PLA.D05.TREE.00965","TREE_044","TREE","D05",2018-10-16,"Live","small tree",NA,130,NA,6.9,3.9,NA,NA,"Populus tremuloides Michx.",NA,NA,"2018",746,"aspen/alder/cottonwood/willow","Populus tremuloides Michx.","quaking aspen","Salicaceae","tree","tremuloides",0.691,"hw1",-2.2094,2.3867,"SalicaceaeAbove0.35spg","hardwood","Hardwood",0.36,-2.4441,2.4561,NA,NA,NA,"Check",1.16962306754066,0.99082434818966,NA
"Populus","POTR5","NEON.PLA.D05.TREE.01244","TREE_044","TREE","D05",2018-10-16,"Live","small tree",NA,130,NA,7.6,4.2,NA,NA,"Populus tremuloides Michx.",NA,NA,"2018",746,"aspen/alder/cottonwood/willow","Populus tremuloides Michx.","quaking aspen","Salicaceae","tree","tremuloides",0.691,"hw1",-2.2094,2.3867,"SalicaceaeAbove0.35spg","hardwood","Hardwood",0.36,-2.4441,2.4561,NA,NA,NA,"Check",1.39592186137655,1.18862667136647,NA
"Populus","POTR5","NEON.PLA.D05.TREE.02941","TREE_014","TREE","D05",2019-10-16,"Live","small tree",NA,130,NA,6.1,4.9,NA,NA,"Populus tremuloides Michx.",NA,NA,"2019",746,"aspen/alder/cottonwood/willow","Populus tremuloides Michx.","quaking aspen","Salicaceae","tree","tremuloides",0.691,"hw1",-2.2094,2.3867,"SalicaceaeAbove0.35spg","hardwood","Hardwood",0.36,-2.4441,2.4561,NA,NA,NA,"Check",2.01670795575142,1.73569527454562,NA
"Populus","POTR5","NEON.PLA.D05.TREE.02941","TREE_014","TREE","D05",2017-10-26,"Live","small tree",NA,130,NA,6.1,4.3,NA,NA,"Populus tremuloides Michx.",NA,NA,"2017",746,"aspen/alder/cottonwood/willow","Populus tremuloides Michx.","quaking aspen","Salicaceae","tree","tremuloides",0.691,"hw1",-2.2094,2.3867,"SalicaceaeAbove0.35spg","hardwood","Hardwood",0.36,-2.4441,2.4561,NA,NA,NA,"Check",1.47656030963418,1.25934511733419,NA
"Populus","POTR5","NEON.PLA.D05.TREE.01067","TREE_044","TREE","D05",2016-10-19,"Live","small tree",NA,130,NA,4.8,4.5,NA,NA,"Populus tremuloides Michx.",NA,NA,"2016",746,"aspen/alder/cottonwood/willow","Populus tremuloides Michx.","quaking aspen","Salicaceae","tree","tremuloides",0.691,"hw1",-2.2094,2.3867,"SalicaceaeAbove0.35spg","hardwood","Hardwood",0.36,-2.4441,2.4561,NA,NA,NA,"Check",1.64578967714043,1.40811506214442,NA
"Populus","POTR5","NEON.PLA.D05.TREE.01291","TREE_043","TREE","D05",2018-10-15,"Live","small tree",NA,130,NA,7.5,5.6,NA,NA,"Populus tremuloides Michx.",NA,NA,"2018",746,"aspen/alder/cottonwood/willow","Populus tremuloides Michx.","quaking aspen","Salicaceae","tree","tremuloides",0.691,"hw1",-2.2094,2.3867,"SalicaceaeAbove0.35spg","hardwood","Hardwood",0.36,-2.4441,2.4561,NA,NA,NA,"Check",2.77365468616705,2.40939221116703,NA
"Populus","POTR5","NEON.PLA.D05.TREE.03084","TREE_010","TREE","D05",2017-10-24,"Live","single bole tree","Partially shaded",130,NA,17.3,14.1,NA,51,"Populus tremuloides Michx.",5.5,267.4,"2017",746,"aspen/alder/cottonwood/willow","Populus tremuloides Michx.","quaking aspen","Salicaceae","tree","tremuloides",0.691,"hw1",-2.2094,2.3867,"SalicaceaeAbove0.35spg","hardwood","Hardwood",0.36,-2.4441,2.4561,NA,NA,NA,"Check",60.7171010431604,57.6949656835154,NA
"Populus","POTR5","NEON.PLA.D05.TREE.03752","TREE_010","TREE","D05",2019-10-10,"Live","single bole tree","Partially shaded",130,NA,14.7,13.4,NA,49,"Populus tremuloides Michx.",8.2,101.8,"2019",746,"aspen/alder/cottonwood/willow","Populus tremuloides Michx.","quaking aspen","Salicaceae","tree","tremuloides",0.691,"hw1",-2.2094,2.3867,"SalicaceaeAbove0.35spg","hardwood","Hardwood",0.36,-2.4441,2.4561,NA,NA,NA,"Check",53.7688556936815,50.9123275485672,NA
"Populus","POTR5","NEON.PLA.D05.TREE.03083","TREE_010","TREE","D05",2017-10-24,"Live","single bole tree","Partially shaded",130,NA,14.6,10.6,NA,51,"Populus tremuloides Michx.",7.1,243.1,"2017",746,"aspen/alder/cottonwood/willow","Populus tremuloides Michx.","quaking aspen","Salicaceae","tree","tremuloides",0.691,"hw1",-2.2094,2.3867,"SalicaceaeAbove0.35spg","hardwood","Hardwood",0.36,-2.4441,2.4561,NA,NA,NA,"Check",30.7303339854725,28.6282362469495,NA
"Populus","POTR5","NEON.PLA.D05.TREE.03695","TREE_010","TREE","D05",2017-10-24,"Live","small tree",NA,130,NA,8,5.3,NA,NA,"Populus tremuloides Michx.",NA,NA,"2017",746,"aspen/alder/cottonwood/willow","Populus tremuloides Michx.","quaking aspen","Salicaceae","tree","tremuloides",0.691,"hw1",-2.2094,2.3867,"SalicaceaeAbove0.35spg","hardwood","Hardwood",0.36,-2.4441,2.4561,NA,NA,NA,"Check",2.43209897848406,2.10463530937215,NA
"Populus","POTR5","NEON.PLA.D05.TREE.03974","TREE_010","TREE","D05",2017-10-24,"Live","small tree",NA,130,NA,8.5,5,NA,NA,"Populus tremuloides Michx.",NA,NA,"2017",746,"aspen/alder/cottonwood/willow","Populus tremuloides Michx.","quaking aspen","Salicaceae","tree","tremuloides",0.691,"hw1",-2.2094,2.3867,"SalicaceaeAbove0.35spg","hardwood","Hardwood",0.36,-2.4441,2.4561,NA,NA,NA,"Check",2.11633169767473,1.82399278705186,NA
"Populus","POTR5","NEON.PLA.D05.TREE.02956","TREE_014","TREE","D05",2019-10-16,"Live","small tree",NA,130,NA,6.6,4.3,NA,NA,"Populus tremuloides Michx.",NA,NA,"2019",746,"aspen/alder/cottonwood/willow","Populus tremuloides Michx.","quaking aspen","Salicaceae","tree","tremuloides",0.691,"hw1",-2.2094,2.3867,"SalicaceaeAbove0.35spg","hardwood","Hardwood",0.36,-2.4441,2.4561,NA,NA,NA,"Check",1.47656030963418,1.25934511733419,NA
"Populus","POTR5","NEON.PLA.D05.TREE.02708","TREE_010","TREE","D05",2017-10-24,"Live","small tree",NA,130,NA,5.9,3.7,NA,NA,"Populus tremuloides Michx.",NA,NA,"2017",746,"aspen/alder/cottonwood/willow","Populus tremuloides Michx.","quaking aspen","Salicaceae","tree","tremuloides",0.691,"hw1",-2.2094,2.3867,"SalicaceaeAbove0.35spg","hardwood","Hardwood",0.36,-2.4441,2.4561,NA,NA,NA,"Check",1.03152339486018,0.870649075933759,NA
"Populus","POTR5","NEON.PLA.D05.TREE.00996","TREE_044","TREE","D05",2016-10-19,"Live","small tree",NA,130,NA,6.7,5.8,NA,NA,"Populus tremuloides Michx.",NA,NA,"2016",746,"aspen/alder/cottonwood/willow","Populus tremuloides Michx.","quaking aspen","Salicaceae","tree","tremuloides",0.691,"hw1",-2.2094,2.3867,"SalicaceaeAbove0.35spg","hardwood","Hardwood",0.36,-2.4441,2.4561,NA,NA,NA,"Check",3.01596029376535,2.62626402045967,NA
"Populus","POTR5","NEON.PLA.D05.TREE.03686","TREE_010","TREE","D05",2019-10-10,"Standing dead","small tree",NA,130,NA,8.3,5.7,NA,NA,"Populus tremuloides Michx.",NA,NA,"2019",746,"aspen/alder/cottonwood/willow","Populus tremuloides Michx.","quaking aspen","Salicaceae","tree","tremuloides",0.691,"hw1",-2.2094,2.3867,"SalicaceaeAbove0.35spg","hardwood","Hardwood",0.36,-2.4441,2.4561,NA,NA,NA,"Check",2.8933338325124,2.51644314092689,NA
"Populus","POTR5","NEON.PLA.D05.TREE.03686","TREE_010","TREE","D05",2017-10-24,"Live","small tree",NA,130,NA,9.3,5.7,NA,NA,"Populus tremuloides Michx.",NA,NA,"2017",746,"aspen/alder/cottonwood/willow","Populus tremuloides Michx.","quaking aspen","Salicaceae","tree","tremuloides",0.691,"hw1",-2.2094,2.3867,"SalicaceaeAbove0.35spg","hardwood","Hardwood",0.36,-2.4441,2.4561,NA,NA,NA,"Check",2.8933338325124,2.51644314092689,NA
"Populus","POTR5","NEON.PLA.D05.TREE.01369","TREE_045","TREE","D05",2016-10-18,"Live","small tree",NA,130,NA,3,1.4,NA,NA,"Populus tremuloides Michx.",NA,NA,"2016",746,"aspen/alder/cottonwood/willow","Populus tremuloides Michx.","quaking aspen","Salicaceae","tree","tremuloides",0.691,"hw1",-2.2094,2.3867,"SalicaceaeAbove0.35spg","hardwood","Hardwood",0.36,-2.4441,2.4561,NA,NA,NA,"Check",0.10141817940551,0.080018048845408,NA
"Populus","POTR5","NEON.PLA.D05.TREE.00878","TREE_025","TREE","D05",2015-08-04,"Live, disease damaged","small tree","Full shade",130,NA,2.8,1.2,NA,NA,"Populus tremuloides Michx.",NA,NA,"2015",746,"aspen/alder/cottonwood/willow","Populus tremuloides Michx.","quaking aspen","Salicaceae","tree","tremuloides",0.691,"hw1",-2.2094,2.3867,"SalicaceaeAbove0.35spg","hardwood","Hardwood",0.36,-2.4441,2.4561,NA,NA,NA,"Check",0.0701994819673388,0.0547973993149548,NA
"Populus","POTR5","NEON.PLA.D05.TREE.01115","TREE_044","TREE","D05",2015-08-05,"Live, disease damaged","small tree","Full shade",130,NA,3,1.8,NA,NA,"Populus tremuloides Michx.",NA,NA,"2015",746,"aspen/alder/cottonwood/willow","Populus tremuloides Michx.","quaking aspen","Salicaceae","tree","tremuloides",0.691,"hw1",-2.2094,2.3867,"SalicaceaeAbove0.35spg","hardwood","Hardwood",0.36,-2.4441,2.4561,NA,NA,NA,"Check",0.184761259990128,0.148339799857963,NA
"Populus","POTR5","NEON.PLA.D05.TREE.01115","TREE_044","TREE","D05",2016-10-19,"Standing dead","small tree",NA,130,NA,3.5,1.7,NA,NA,"Populus tremuloides Michx.",NA,NA,"2016",746,"aspen/alder/cottonwood/willow","Populus tremuloides Michx.","quaking aspen","Salicaceae","tree","tremuloides",0.691,"hw1",-2.2094,2.3867,"SalicaceaeAbove0.35spg","hardwood","Hardwood",0.36,-2.4441,2.4561,NA,NA,NA,"Check",0.161199788628141,0.128910556945084,NA
"Populus","POTR5","NEON.PLA.D05.TREE.02796","TREE_017","TREE","D05",2017-10-23,"Live","small tree",NA,130,NA,2.1,1.2,NA,NA,"Populus tremuloides Michx.",NA,NA,"2017",746,"aspen/alder/cottonwood/willow","Populus tremuloides Michx.","quaking aspen","Salicaceae","tree","tremuloides",0.691,"hw1",-2.2094,2.3867,"SalicaceaeAbove0.35spg","hardwood","Hardwood",0.36,-2.4441,2.4561,NA,NA,NA,"Check",0.0701994819673388,0.0547973993149548,NA
"Populus","POTR5","NEON.PLA.D05.TREE.03850","TREE_019","TREE","D05",2017-10-23,"Live","small tree",NA,130,NA,4.1,1.9,NA,NA,"Populus tremuloides Michx.",NA,NA,"2017",746,"aspen/alder/cottonwood/willow","Populus tremuloides Michx.","quaking aspen","Salicaceae","tree","tremuloides",0.691,"hw1",-2.2094,2.3867,"SalicaceaeAbove0.35spg","hardwood","Hardwood",0.36,-2.4441,2.4561,NA,NA,NA,"Check",0.210209939270102,0.169406319930455,NA
"Populus","POTR5","NEON.PLA.D05.TREE.02951","TREE_014","TREE","D05",2019-10-16,"Standing dead","small tree",NA,130,NA,3.2,1.6,NA,NA,"Populus tremuloides Michx.",NA,NA,"2019",746,"aspen/alder/cottonwood/willow","Populus tremuloides Michx.","quaking aspen","Salicaceae","tree","tremuloides",0.691,"hw1",-2.2094,2.3867,"SalicaceaeAbove0.35spg","hardwood","Hardwood",0.36,-2.4441,2.4561,NA,NA,NA,"Check",0.139484255897534,0.111076446694469,NA
"Populus","POTR5","NEON.PLA.D05.TREE.03338","TREE_007","TREE","D05",2019-10-09,"Live","small tree",NA,130,NA,3.9,2.1,NA,NA,"Populus tremuloides Michx.",NA,NA,"2019",746,"aspen/alder/cottonwood/willow","Populus tremuloides Michx.","quaking aspen","Salicaceae","tree","tremuloides",0.691,"hw1",-2.2094,2.3867,"SalicaceaeAbove0.35spg","hardwood","Hardwood",0.36,-2.4441,2.4561,NA,NA,NA,"Check",0.266927192163398,0.216613589315234,NA
"Populus","POTR5","NEON.PLA.D05.TREE.02801","TREE_010","TREE","D05",2017-10-24,"Dead, broken bole","small tree",NA,130,NA,2.3,4.2,NA,NA,"Populus tremuloides Michx.",NA,NA,"2017",746,"aspen/alder/cottonwood/willow","Populus tremuloides Michx.","quaking aspen","Salicaceae","tree","tremuloides",0.691,"hw1",-2.2094,2.3867,"SalicaceaeAbove0.35spg","hardwood","Hardwood",0.36,-2.4441,2.4561,NA,NA,NA,"Check",1.39592186137655,1.18862667136647,NA
"Populus","POTR5","NEON.PLA.D05.TREE.02802","TREE_010","TREE","D05",2017-10-24,"Standing dead","small tree",NA,130,NA,5.9,4,NA,NA,"Populus tremuloides Michx.",NA,NA,"2017",746,"aspen/alder/cottonwood/willow","Populus tremuloides Michx.","quaking aspen","Salicaceae","tree","tremuloides",0.691,"hw1",-2.2094,2.3867,"SalicaceaeAbove0.35spg","hardwood","Hardwood",0.36,-2.4441,2.4561,NA,NA,NA,"Check",1.24247771687658,1.05439280482869,NA
"Populus","POTR5","NEON.PLA.D05.TREE.00758","TREE_025","TREE","D05",2016-10-18,"Live","small tree",NA,130,NA,3.7,2,NA,NA,"Populus tremuloides Michx.",NA,NA,"2016",746,"aspen/alder/cottonwood/willow","Populus tremuloides Michx.","quaking aspen","Salicaceae","tree","tremuloides",0.691,"hw1",-2.2094,2.3867,"SalicaceaeAbove0.35spg","hardwood","Hardwood",0.36,-2.4441,2.4561,NA,NA,NA,"Check",0.23758571125493,0.192151005445243,NA
"Populus","POTR5","NEON.PLA.D05.TREE.00758","TREE_025","TREE","D05",2018-10-17,"Live","small tree",NA,130,NA,3.9,2.1,NA,NA,"Populus tremuloides Michx.",NA,NA,"2018",746,"aspen/alder/cottonwood/willow","Populus tremuloides Michx.","quaking aspen","Salicaceae","tree","tremuloides",0.691,"hw1",-2.2094,2.3867,"SalicaceaeAbove0.35spg","hardwood","Hardwood",0.36,-2.4441,2.4561,NA,NA,NA,"Check",0.266927192163398,0.216613589315234,NA
"Populus","POTR5","NEON.PLA.D05.TREE.03178","TREE_043","TREE","D05",2020-10-05,"Standing dead","small tree","Mostly shaded",130,NA,2.1,1.4,NA,NA,"Populus tremuloides Michx.",NA,NA,"2020",746,"aspen/alder/cottonwood/willow","Populus tremuloides Michx.","quaking aspen","Salicaceae","tree","tremuloides",0.691,"hw1",-2.2094,2.3867,"SalicaceaeAbove0.35spg","hardwood","Hardwood",0.36,-2.4441,2.4561,NA,NA,NA,"Check",0.10141817940551,0.080018048845408,NA
"Populus","POTR5","NEON.PLA.D05.TREE.00996","TREE_044","TREE","D05",2018-10-16,"Live","small tree",NA,130,NA,8.1,5.8,NA,NA,"Populus tremuloides Michx.",NA,NA,"2018",746,"aspen/alder/cottonwood/willow","Populus tremuloides Michx.","quaking aspen","Salicaceae","tree","tremuloides",0.691,"hw1",-2.2094,2.3867,"SalicaceaeAbove0.35spg","hardwood","Hardwood",0.36,-2.4441,2.4561,NA,NA,NA,"Check",3.01596029376535,2.62626402045967,NA
"Populus","POTR5","NEON.PLA.D05.TREE.01180","TREE_043","TREE","D05",2018-10-15,"Live","small tree",NA,130,NA,3.6,2.7,NA,NA,"Populus tremuloides Michx.",NA,NA,"2018",746,"aspen/alder/cottonwood/willow","Populus tremuloides Michx.","quaking aspen","Salicaceae","tree","tremuloides",0.691,"hw1",-2.2094,2.3867,"SalicaceaeAbove0.35spg","hardwood","Hardwood",0.36,-2.4441,2.4561,NA,NA,NA,"Check",0.486281696623093,0.401564608849878,NA
"Populus","POTR5","NEON.PLA.D05.TREE.01209","TREE_043","TREE","D05",2017-10-17,"Standing dead","small tree",NA,130,NA,4,2,NA,NA,"Populus tremuloides Michx.",NA,NA,"2017",746,"aspen/alder/cottonwood/willow","Populus tremuloides Michx.","quaking aspen","Salicaceae","tree","tremuloides",0.691,"hw1",-2.2094,2.3867,"SalicaceaeAbove0.35spg","hardwood","Hardwood",0.36,-2.4441,2.4561,NA,NA,NA,"Check",0.23758571125493,0.192151005445243,NA
"Populus","POTR5","NEON.PLA.D05.TREE.01209","TREE_043","TREE","D05",2016-10-19,"Standing dead","small tree",NA,130,NA,3.7,1.9,NA,NA,"Populus tremuloides Michx.",NA,NA,"2016",746,"aspen/alder/cottonwood/willow","Populus tremuloides Michx.","quaking aspen","Salicaceae","tree","tremuloides",0.691,"hw1",-2.2094,2.3867,"SalicaceaeAbove0.35spg","hardwood","Hardwood",0.36,-2.4441,2.4561,NA,NA,NA,"Check",0.210209939270102,0.169406319930455,NA
"Populus","POTR5","NEON.PLA.D05.TREE.02873","TREE_017","TREE","D05",2019-11-04,"Live","small tree",NA,130,NA,2.9,1.2,NA,NA,"Populus tremuloides Michx.",NA,NA,"2019",746,"aspen/alder/cottonwood/willow","Populus tremuloides Michx.","quaking aspen","Salicaceae","tree","tremuloides",0.691,"hw1",-2.2094,2.3867,"SalicaceaeAbove0.35spg","hardwood","Hardwood",0.36,-2.4441,2.4561,NA,NA,NA,"Check",0.0701994819673388,0.0547973993149548,NA
"Populus","POTR5","NEON.PLA.D05.TREE.01099","TREE_044","TREE","D05",2018-10-16,"Standing dead","small tree",NA,130,NA,4.3,2.2,NA,NA,"Populus tremuloides Michx.",NA,NA,"2018",746,"aspen/alder/cottonwood/willow","Populus tremuloides Michx.","quaking aspen","Salicaceae","tree","tremuloides",0.691,"hw1",-2.2094,2.3867,"SalicaceaeAbove0.35spg","hardwood","Hardwood",0.36,-2.4441,2.4561,NA,NA,NA,"Check",0.298271830618665,0.24283273723977,NA
"Populus","POTR5","NEON.PLA.D05.TREE.01100","TREE_044","TREE","D05",2018-10-16,"Live","small tree",NA,130,NA,5.5,3.5,NA,NA,"Populus tremuloides Michx.",NA,NA,"2018",746,"aspen/alder/cottonwood/willow","Populus tremuloides Michx.","quaking aspen","Salicaceae","tree","tremuloides",0.691,"hw1",-2.2094,2.3867,"SalicaceaeAbove0.35spg","hardwood","Hardwood",0.36,-2.4441,2.4561,NA,NA,NA,"Check",0.903398216427415,0.759571065422187,NA
"Populus","POTR5","NEON.PLA.D05.TREE.01294","TREE_043","TREE","D05",2016-10-19,"Live","small tree",NA,130,NA,4.2,1.7,NA,NA,"Populus tremuloides Michx.",NA,NA,"2016",746,"aspen/alder/cottonwood/willow","Populus tremuloides Michx.","quaking aspen","Salicaceae","tree","tremuloides",0.691,"hw1",-2.2094,2.3867,"SalicaceaeAbove0.35spg","hardwood","Hardwood",0.36,-2.4441,2.4561,NA,NA,NA,"Check",0.161199788628141,0.128910556945084,NA
"Populus","POTR5","NEON.PLA.D05.TREE.03697","TREE_010","TREE","D05",2019-10-10,"Standing dead","small tree",NA,130,NA,7.1,4.2,NA,NA,"Populus tremuloides Michx.",NA,NA,"2019",746,"aspen/alder/cottonwood/willow","Populus tremuloides Michx.","quaking aspen","Salicaceae","tree","tremuloides",0.691,"hw1",-2.2094,2.3867,"SalicaceaeAbove0.35spg","hardwood","Hardwood",0.36,-2.4441,2.4561,NA,NA,NA,"Check",1.39592186137655,1.18862667136647,NA
"Populus","POTR5","NEON.PLA.D05.TREE.01294","TREE_043","TREE","D05",2017-10-17,"Standing dead","small tree",NA,130,NA,3.9,1.8,NA,NA,"Populus tremuloides Michx.",NA,NA,"2017",746,"aspen/alder/cottonwood/willow","Populus tremuloides Michx.","quaking aspen","Salicaceae","tree","tremuloides",0.691,"hw1",-2.2094,2.3867,"SalicaceaeAbove0.35spg","hardwood","Hardwood",0.36,-2.4441,2.4561,NA,NA,NA,"Check",0.184761259990128,0.148339799857963,NA
"Populus","POTR5","NEON.PLA.D05.TREE.03098","TREE_010","TREE","D05",2017-10-24,"Live","single bole tree","Partially shaded",130,NA,14.4,10.3,NA,49,"Populus tremuloides Michx.",3.6,113.4,"2017",746,"aspen/alder/cottonwood/willow","Populus tremuloides Michx.","quaking aspen","Salicaceae","tree","tremuloides",0.691,"hw1",-2.2094,2.3867,"SalicaceaeAbove0.35spg","hardwood","Hardwood",0.36,-2.4441,2.4561,NA,NA,NA,"Check",28.6951418454303,26.6790502099925,NA
"Populus","POTR5","NEON.PLA.D05.TREE.03305","TREE_007","TREE","D05",2019-10-09,"Live","small tree",NA,130,NA,3.1,1.4,NA,NA,"Populus tremuloides Michx.",NA,NA,"2019",746,"aspen/alder/cottonwood/willow","Populus tremuloides Michx.","quaking aspen","Salicaceae","tree","tremuloides",0.691,"hw1",-2.2094,2.3867,"SalicaceaeAbove0.35spg","hardwood","Hardwood",0.36,-2.4441,2.4561,NA,NA,NA,"Check",0.10141817940551,0.080018048845408,NA
"Populus","POTR5","NEON.PLA.D05.TREE.01536","TREE_010","TREE","D05",2019-10-10,"Standing dead","small tree",NA,130,NA,8.3,4.7,NA,NA,"Populus tremuloides Michx.",NA,NA,"2019",746,"aspen/alder/cottonwood/willow","Populus tremuloides Michx.","quaking aspen","Salicaceae","tree","tremuloides",0.691,"hw1",-2.2094,2.3867,"SalicaceaeAbove0.35spg","hardwood","Hardwood",0.36,-2.4441,2.4561,NA,NA,NA,"Check",1.82577806395414,1.56683201834831,NA
"Populus","POTR5","NEON.PLA.D05.TREE.01536","TREE_010","TREE","D05",2019-10-10,"Standing dead","small tree",NA,130,NA,8.3,5.4,NA,NA,"Populus tremuloides Michx.",NA,NA,"2019",746,"aspen/alder/cottonwood/willow","Populus tremuloides Michx.","quaking aspen","Salicaceae","tree","tremuloides",0.691,"hw1",-2.2094,2.3867,"SalicaceaeAbove0.35spg","hardwood","Hardwood",0.36,-2.4441,2.4561,NA,NA,NA,"Check",2.54305769899953,2.20351089636018,NA
"Populus","POTR5","NEON.PLA.D05.TREE.02904","TREE_017","TREE","D05",2019-11-04,"Live","small tree",NA,130,NA,3.1,1.5,NA,NA,"Populus tremuloides Michx.",NA,NA,"2019",746,"aspen/alder/cottonwood/willow","Populus tremuloides Michx.","quaking aspen","Salicaceae","tree","tremuloides",0.691,"hw1",-2.2094,2.3867,"SalicaceaeAbove0.35spg","hardwood","Hardwood",0.36,-2.4441,2.4561,NA,NA,NA,"Check",0.119571873869334,0.094793952160853,NA
"Populus","POTR5","NEON.PLA.D05.TREE.01187","TREE_043","TREE","D05",2019-10-23,"Standing dead","small tree",NA,130,NA,3.6,1.4,NA,NA,"Populus tremuloides Michx.",NA,NA,"2019",746,"aspen/alder/cottonwood/willow","Populus tremuloides Michx.","quaking aspen","Salicaceae","tree","tremuloides",0.691,"hw1",-2.2094,2.3867,"SalicaceaeAbove0.35spg","hardwood","Hardwood",0.36,-2.4441,2.4561,NA,NA,NA,"Check",0.10141817940551,0.080018048845408,NA
"Populus","POTR5","NEON.PLA.D05.TREE.01187","TREE_043","TREE","D05",2016-10-19,"Live","small tree",NA,130,NA,3.4,1.5,NA,NA,"Populus tremuloides Michx.",NA,NA,"2016",746,"aspen/alder/cottonwood/willow","Populus tremuloides Michx.","quaking aspen","Salicaceae","tree","tremuloides",0.691,"hw1",-2.2094,2.3867,"SalicaceaeAbove0.35spg","hardwood","Hardwood",0.36,-2.4441,2.4561,NA,NA,NA,"Check",0.119571873869334,0.094793952160853,NA
"Populus","POTR5","NEON.PLA.D05.TREE.03178","TREE_043","TREE","D05",2019-10-23,"Standing dead","small tree",NA,130,NA,2.1,1.4,NA,NA,"Populus tremuloides Michx.",NA,NA,"2019",746,"aspen/alder/cottonwood/willow","Populus tremuloides Michx.","quaking aspen","Salicaceae","tree","tremuloides",0.691,"hw1",-2.2094,2.3867,"SalicaceaeAbove0.35spg","hardwood","Hardwood",0.36,-2.4441,2.4561,NA,NA,NA,"Check",0.10141817940551,0.080018048845408,NA
"Populus","POTR5","NEON.PLA.D05.TREE.03178","TREE_043","TREE","D05",2017-10-17,"Standing dead","small tree",NA,130,NA,2.5,1.5,NA,NA,"Populus tremuloides Michx.",NA,NA,"2017",746,"aspen/alder/cottonwood/willow","Populus tremuloides Michx.","quaking aspen","Salicaceae","tree","tremuloides",0.691,"hw1",-2.2094,2.3867,"SalicaceaeAbove0.35spg","hardwood","Hardwood",0.36,-2.4441,2.4561,NA,NA,NA,"Check",0.119571873869334,0.094793952160853,NA
"Populus","POTR5","NEON.PLA.D05.TREE.03178","TREE_043","TREE","D05",2018-10-15,"Standing dead","small tree",NA,1,NA,2.3,1.9,NA,NA,"Populus tremuloides Michx.",NA,NA,"2018",746,"aspen/alder/cottonwood/willow","Populus tremuloides Michx.","quaking aspen","Salicaceae","tree","tremuloides",0.691,"hw1",-2.2094,2.3867,"SalicaceaeAbove0.35spg","hardwood","Hardwood",0.36,-2.4441,2.4561,NA,NA,1.37322264723203,"Check",0.0968497201001479,0.076311230050025,NA
"Populus","POTR5","NEON.PLA.D05.TREE.03178","TREE_043","TREE","D05",2016-10-19,"Standing dead","small tree",NA,130,NA,2.8,1.4,NA,NA,"Populus tremuloides Michx.",NA,NA,"2016",746,"aspen/alder/cottonwood/willow","Populus tremuloides Michx.","quaking aspen","Salicaceae","tree","tremuloides",0.691,"hw1",-2.2094,2.3867,"SalicaceaeAbove0.35spg","hardwood","Hardwood",0.36,-2.4441,2.4561,NA,NA,NA,"Check",0.10141817940551,0.080018048845408,NA
"Populus","POTR5","NEON.PLA.D05.TREE.01244","TREE_044","TREE","D05",2018-10-16,"Live","small tree",NA,130,NA,7.6,4.3,NA,NA,"Populus tremuloides Michx.",NA,NA,"2018",746,"aspen/alder/cottonwood/willow","Populus tremuloides Michx.","quaking aspen","Salicaceae","tree","tremuloides",0.691,"hw1",-2.2094,2.3867,"SalicaceaeAbove0.35spg","hardwood","Hardwood",0.36,-2.4441,2.4561,NA,NA,NA,"Check",1.47656030963418,1.25934511733419,NA
"Populus","POTR5","NEON.PLA.D05.TREE.03085","TREE_010","TREE","D05",2017-10-24,"Live","single bole tree","Partially shaded",130,NA,11.5,10.6,NA,51,"Populus tremuloides Michx.",5.7,183.2,"2017",746,"aspen/alder/cottonwood/willow","Populus tremuloides Michx.","quaking aspen","Salicaceae","tree","tremuloides",0.691,"hw1",-2.2094,2.3867,"SalicaceaeAbove0.35spg","hardwood","Hardwood",0.36,-2.4441,2.4561,NA,NA,NA,"Check",30.7303339854725,28.6282362469495,NA
"Populus","POTR5","NEON.PLA.D05.TREE.02805","TREE_010","TREE","D05",2019-10-10,"Live","small tree",NA,130,NA,11.3,7.4,NA,NA,"Populus tremuloides Michx.",NA,NA,"2019",746,"aspen/alder/cottonwood/willow","Populus tremuloides Michx.","quaking aspen","Salicaceae","tree","tremuloides",0.691,"hw1",-2.2094,2.3867,"SalicaceaeAbove0.35spg","hardwood","Hardwood",0.36,-2.4441,2.4561,NA,NA,NA,"Check",5.39445249371689,4.77752442183761,NA
"Populus","POTR5","NEON.PLA.D05.TREE.03749","TREE_010","TREE","D05",2019-10-10,"Live","single bole tree","Partially shaded",130,NA,12.8,13.6,NA,49,"Populus tremuloides Michx.",11.4,175.8,"2019",746,"aspen/alder/cottonwood/willow","Populus tremuloides Michx.","quaking aspen","Salicaceae","tree","tremuloides",0.691,"hw1",-2.2094,2.3867,"SalicaceaeAbove0.35spg","hardwood","Hardwood",0.36,-2.4441,2.4561,NA,NA,NA,"Check",55.7040900565681,52.7990088076511,NA
"Populus","POTR5","NEON.PLA.D05.TREE.03750","TREE_010","TREE","D05",2017-10-24,"Live","single bole tree","Partially shaded",130,NA,12.1,14.9,NA,49,"Populus tremuloides Michx.",11.4,114.9,"2017",746,"aspen/alder/cottonwood/willow","Populus tremuloides Michx.","quaking aspen","Salicaceae","tree","tremuloides",0.691,"hw1",-2.2094,2.3867,"SalicaceaeAbove0.35spg","hardwood","Hardwood",0.36,-2.4441,2.4561,NA,NA,NA,"Check",69.2649361959716,66.0699001741309,NA
"Populus","POTR5","NEON.PLA.D05.TREE.03750","TREE_010","TREE","D05",2019-10-10,"Live","single bole tree","Partially shaded",130,NA,13.9,15.9,NA,49,"Populus tremuloides Michx.",11.4,114.9,"2019",746,"aspen/alder/cottonwood/willow","Populus tremuloides Michx.","quaking aspen","Salicaceae","tree","tremuloides",0.691,"hw1",-2.2094,2.3867,"SalicaceaeAbove0.35spg","hardwood","Hardwood",0.36,-2.4441,2.4561,NA,NA,NA,"Check",80.88058583844,77.4983281733955,NA
"Populus","POTR5","NEON.PLA.D05.TREE.00918","TREE_044","TREE","D05",2016-10-19,"Standing dead","small tree",NA,130,NA,4.6,2.3,NA,NA,"Populus tremuloides Michx.",NA,NA,"2016",746,"aspen/alder/cottonwood/willow","Populus tremuloides Michx.","quaking aspen","Salicaceae","tree","tremuloides",0.691,"hw1",-2.2094,2.3867,"SalicaceaeAbove0.35spg","hardwood","Hardwood",0.36,-2.4441,2.4561,NA,NA,NA,"Check",0.331655996206415,0.270846125292816,NA
"Populus","POTR5","NEON.PLA.D05.TREE.02356","TREE_019","TREE","D05",2017-10-23,"Live","small tree",NA,130,NA,2.6,1.1,NA,NA,"Populus tremuloides Michx.",NA,NA,"2017",746,"aspen/alder/cottonwood/willow","Populus tremuloides Michx.","quaking aspen","Salicaceae","tree","tremuloides",0.691,"hw1",-2.2094,2.3867,"SalicaceaeAbove0.35spg","hardwood","Hardwood",0.36,-2.4441,2.4561,NA,NA,NA,"Check",0.0570353287324869,0.0442534835233663,NA
"Populus","POTR5","NEON.PLA.D05.TREE.03338","TREE_007","TREE","D05",2018-05-08,"Live","small tree",NA,130,NA,NA,1.4,NA,NA,"Populus tremuloides Michx.",NA,NA,"2018",746,"aspen/alder/cottonwood/willow","Populus tremuloides Michx.","quaking aspen","Salicaceae","tree","tremuloides",0.691,"hw1",-2.2094,2.3867,"SalicaceaeAbove0.35spg","hardwood","Hardwood",0.36,-2.4441,2.4561,NA,NA,NA,"Check",0.10141817940551,0.080018048845408,NA
"Populus","POTR5","NEON.PLA.D05.TREE.01169","TREE_045","TREE","D05",2015-08-11,"Live, physically damaged","sapling","Mostly shaded",10,NA,1.2,1.6,NA,NA,"Populus tremuloides Michx.",NA,NA,"2015",746,"aspen/alder/cottonwood/willow","Populus tremuloides Michx.","quaking aspen","Salicaceae","tree","tremuloides",0.691,"hw1",-2.2094,2.3867,"SalicaceaeAbove0.35spg","hardwood","Hardwood",0.36,-2.4441,2.4561,NA,NA,1.14849394850273,"Check",0.0632209798191184,0.0491999902309203,NA
"Populus","POTR5","NEON.PLA.D05.TREE.00993","TREE_045","TREE","D05",2015-08-11,"Live, disease damaged","sapling","Full shade",1,NA,2.2,1.7,NA,NA,"Populus tremuloides Michx.",NA,NA,"2015",746,"aspen/alder/cottonwood/willow","Populus tremuloides Michx.","quaking aspen","Salicaceae","tree","tremuloides",0.691,"hw1",-2.2094,2.3867,"SalicaceaeAbove0.35spg","hardwood","Hardwood",0.36,-2.4441,2.4561,NA,NA,1.22323088488028,"Check",0.0734866442750609,0.0574397264815263,NA
"Populus","POTR5","NEON.PLA.D05.TREE.00758","TREE_025","TREE","D05",2015-08-04,"Live, disease damaged","small tree","Mostly shaded",130,NA,3,1.9,NA,NA,"Populus tremuloides Michx.",NA,NA,"2015",746,"aspen/alder/cottonwood/willow","Populus tremuloides Michx.","quaking aspen","Salicaceae","tree","tremuloides",0.691,"hw1",-2.2094,2.3867,"SalicaceaeAbove0.35spg","hardwood","Hardwood",0.36,-2.4441,2.4561,NA,NA,NA,"Check",0.210209939270102,0.169406319930455,NA
"Populus","POTR5","NEON.PLA.D05.TREE.00789","TREE_025","TREE","D05",2015-08-04,"Live, disease damaged","sapling","Full shade",10,NA,1.8,1.9,NA,NA,"Populus tremuloides Michx.",NA,NA,"2015",746,"aspen/alder/cottonwood/willow","Populus tremuloides Michx.","quaking aspen","Salicaceae","tree","tremuloides",0.691,"hw1",-2.2094,2.3867,"SalicaceaeAbove0.35spg","hardwood","Hardwood",0.36,-2.4441,2.4561,NA,NA,1.37322264723203,"Check",0.0968497201001479,0.076311230050025,NA
"Populus","POTR5","NEON.PLA.D05.TREE.03077","TREE_010","TREE","D05",2019-10-10,"Live","small tree",NA,130,NA,10.2,5.6,NA,NA,"Populus tremuloides Michx.",NA,NA,"2019",746,"aspen/alder/cottonwood/willow","Populus tremuloides Michx.","quaking aspen","Salicaceae","tree","tremuloides",0.691,"hw1",-2.2094,2.3867,"SalicaceaeAbove0.35spg","hardwood","Hardwood",0.36,-2.4441,2.4561,NA,NA,NA,"Check",2.77365468616705,2.40939221116703,NA
"Populus","POTR5","NEON.PLA.D05.TREE.02463","TREE_023","TREE","D05",2019-11-04,"Live","small tree",NA,130,NA,3.4,1.4,NA,NA,"Populus tremuloides Michx.",NA,NA,"2019",746,"aspen/alder/cottonwood/willow","Populus tremuloides Michx.","quaking aspen","Salicaceae","tree","tremuloides",0.691,"hw1",-2.2094,2.3867,"SalicaceaeAbove0.35spg","hardwood","Hardwood",0.36,-2.4441,2.4561,NA,NA,NA,"Check",0.10141817940551,0.080018048845408,NA
"Populus","POTR5","NEON.PLA.D05.TREE.03753","TREE_010","TREE","D05",2019-10-10,"Live","multi-bole tree","Partially shaded",130,NA,11.9,13.5,NA,49,"Populus tremuloides Michx.",10.8,98.2,"2019",746,"aspen/alder/cottonwood/willow","Populus tremuloides Michx.","quaking aspen","Salicaceae","tree","tremuloides",0.691,"hw1",-2.2094,2.3867,"SalicaceaeAbove0.35spg","hardwood","Hardwood",0.36,-2.4441,2.4561,NA,NA,NA,"Check",54.7315032947156,51.850580813701,NA
"Populus","POTR5","NEON.PLA.D05.TREE.02894","TREE_001","TREE","D05",2017-10-25,"Live","small tree",NA,130,NA,4.6,2.1,NA,NA,"Populus tremuloides Michx.",NA,NA,"2017",746,"aspen/alder/cottonwood/willow","Populus tremuloides Michx.","quaking aspen","Salicaceae","tree","tremuloides",0.691,"hw1",-2.2094,2.3867,"SalicaceaeAbove0.35spg","hardwood","Hardwood",0.36,-2.4441,2.4561,NA,NA,NA,"Check",0.266927192163398,0.216613589315234,NA
"Populus","POTR5","NEON.PLA.D05.TREE.00425","TREE_057","TREE","D05",2015-08-04,"Live","sapling","Full shade",10,NA,2.4,1.3,NA,NA,"Populus tremuloides Michx.",NA,NA,"2015",746,"aspen/alder/cottonwood/willow","Populus tremuloides Michx.","quaking aspen","Salicaceae","tree","tremuloides",0.691,"hw1",-2.2094,2.3867,"SalicaceaeAbove0.35spg","hardwood","Hardwood",0.36,-2.4441,2.4561,NA,NA,0.925450366054231,"Check",0.0377613094911015,0.0289496165253258,NA
"Populus","POTR5","NEON.PLA.D05.TREE.02810","TREE_010","TREE","D05",2017-10-24,"Standing dead","small tree",NA,130,NA,6.7,3.7,NA,NA,"Populus tremuloides Michx.",NA,NA,"2017",746,"aspen/alder/cottonwood/willow","Populus tremuloides Michx.","quaking aspen","Salicaceae","tree","tremuloides",0.691,"hw1",-2.2094,2.3867,"SalicaceaeAbove0.35spg","hardwood","Hardwood",0.36,-2.4441,2.4561,NA,NA,NA,"Check",1.03152339486018,0.870649075933759,NA
"Populus","POTR5","NEON.PLA.D05.TREE.03302","TREE_007","TREE","D05",2019-10-09,"Live","small tree",NA,130,NA,3.9,3.8,NA,NA,"Populus tremuloides Michx.",NA,NA,"2019",746,"aspen/alder/cottonwood/willow","Populus tremuloides Michx.","quaking aspen","Salicaceae","tree","tremuloides",0.691,"hw1",-2.2094,2.3867,"SalicaceaeAbove0.35spg","hardwood","Hardwood",0.36,-2.4441,2.4561,NA,NA,NA,"Check",1.09931343947209,0.92958558511462,NA
"Populus","POTR5","NEON.PLA.D05.TREE.02800","TREE_017","TREE","D05",2017-10-23,"Live","small tree",NA,130,NA,4.5,2.1,NA,NA,"Populus tremuloides Michx.",NA,NA,"2017",746,"aspen/alder/cottonwood/willow","Populus tremuloides Michx.","quaking aspen","Salicaceae","tree","tremuloides",0.691,"hw1",-2.2094,2.3867,"SalicaceaeAbove0.35spg","hardwood","Hardwood",0.36,-2.4441,2.4561,NA,NA,NA,"Check",0.266927192163398,0.216613589315234,NA
"Populus","POTR5","NEON.PLA.D05.TREE.03752","TREE_010","TREE","D05",2017-10-24,"Live","single bole tree","Partially shaded",130,NA,13.5,12.3,NA,49,"Populus tremuloides Michx.",8.2,101.8,"2017",746,"aspen/alder/cottonwood/willow","Populus tremuloides Michx.","quaking aspen","Salicaceae","tree","tremuloides",0.691,"hw1",-2.2094,2.3867,"SalicaceaeAbove0.35spg","hardwood","Hardwood",0.36,-2.4441,2.4561,NA,NA,NA,"Check",43.8274599098018,41.2531200842999,NA
"Populus","POTR5","NEON.PLA.D05.TREE.00918","TREE_044","TREE","D05",2018-10-16,"Standing dead","small tree",NA,130,NA,4.6,2.2,NA,NA,"Populus tremuloides Michx.",NA,NA,"2018",746,"aspen/alder/cottonwood/willow","Populus tremuloides Michx.","quaking aspen","Salicaceae","tree","tremuloides",0.691,"hw1",-2.2094,2.3867,"SalicaceaeAbove0.35spg","hardwood","Hardwood",0.36,-2.4441,2.4561,NA,NA,NA,"Check",0.298271830618665,0.24283273723977,NA
"Populus","POTR5","NEON.PLA.D05.TREE.03751","TREE_010","TREE","D05",2017-10-24,"Live","single bole tree","Partially shaded",130,NA,12.8,11,NA,49,"Populus tremuloides Michx.",6.2,122.4,"2017",746,"aspen/alder/cottonwood/willow","Populus tremuloides Michx.","quaking aspen","Salicaceae","tree","tremuloides",0.691,"hw1",-2.2094,2.3867,"SalicaceaeAbove0.35spg","hardwood","Hardwood",0.36,-2.4441,2.4561,NA,NA,NA,"Check",33.5708002040623,31.3549007780463,NA
"Populus","POTR5","NEON.PLA.D05.TREE.01187","TREE_043","TREE","D05",2018-10-15,"Live","small tree",NA,130,NA,3.4,1.2,NA,NA,"Populus tremuloides Michx.",NA,NA,"2018",746,"aspen/alder/cottonwood/willow","Populus tremuloides Michx.","quaking aspen","Salicaceae","tree","tremuloides",0.691,"hw1",-2.2094,2.3867,"SalicaceaeAbove0.35spg","hardwood","Hardwood",0.36,-2.4441,2.4561,NA,NA,NA,"Check",0.0701994819673388,0.0547973993149548,NA
"Populus","POTR5","NEON.PLA.D05.TREE.03751","TREE_010","TREE","D05",2019-10-10,"Live,  other damage","single bole tree","Partially shaded",130,NA,14,11.3,NA,49,"Populus tremuloides Michx.",6.2,122.4,"2019",746,"aspen/alder/cottonwood/willow","Populus tremuloides Michx.","quaking aspen","Salicaceae","tree","tremuloides",0.691,"hw1",-2.2094,2.3867,"SalicaceaeAbove0.35spg","hardwood","Hardwood",0.36,-2.4441,2.4561,NA,NA,NA,"Check",35.7974501307462,33.4970700776239,NA
"Prunus","PRSE2","NEON.PLA.D05.TREE.01004","TREE_039","TREE","D05",2019-10-23,"Live","small tree",NA,130,NA,4.9,3.5,NA,NA,"Prunus serotina Ehrh.",NA,NA,"2019",762,"mixed hardwood","Prunus serotina Ehrh.","black cherry","Rosaceae","shrub/tree","serotina",0.792,"hw3",-2.48,2.4835,"Cornaceae/Ericaceae/Lauraceae/Platanaceae/Rosaceae/Ulmaceae","hardwood","Hardwood",0.47,-2.2118,2.4133,0.38083,0.925665,NA,"Check",1.05348088885648,1.28239069193193,NA
"Prunus","PRSE2","NEON.PLA.D05.TREE.03694","TREE_010","TREE","D05",2017-10-24,"Live","small tree",NA,130,NA,5.9,3.9,NA,NA,"Prunus serotina Ehrh.",NA,NA,"2017",762,"mixed hardwood","Prunus serotina Ehrh.","black cherry","Rosaceae","shrub/tree","serotina",0.792,"hw3",-2.48,2.4835,"Cornaceae/Ericaceae/Lauraceae/Platanaceae/Rosaceae/Ulmaceae","hardwood","Hardwood",0.47,-2.2118,2.4133,0.38083,0.925665,NA,"Check",1.37829640982675,1.6650878882588,NA
"Prunus","PRSE2","NEON.PLA.D05.TREE.01004","TREE_039","TREE","D05",2018-10-17,"Live","small tree",NA,130,NA,4.5,1.3,NA,NA,"Prunus serotina Ehrh.",NA,NA,"2018",762,"mixed hardwood","Prunus serotina Ehrh.","black cherry","Rosaceae","shrub/tree","serotina",0.792,"hw3",-2.48,2.4835,"Cornaceae/Ericaceae/Lauraceae/Platanaceae/Rosaceae/Ulmaceae","hardwood","Hardwood",0.47,-2.2118,2.4133,0.38083,0.925665,NA,"Check",0.0900351285146706,0.117489873926273,NA
"Prunus","PRSE2","NEON.PLA.D05.TREE.01004","TREE_039","TREE","D05",2015-08-11,"Live","small tree","Partially shaded",130,NA,3.8,3.6,NA,NA,"Prunus serotina Ehrh.",NA,NA,"2015",762,"mixed hardwood","Prunus serotina Ehrh.","black cherry","Rosaceae","shrub/tree","serotina",0.792,"hw3",-2.48,2.4835,"Cornaceae/Ericaceae/Lauraceae/Platanaceae/Rosaceae/Ulmaceae","hardwood","Hardwood",0.47,-2.2118,2.4133,0.38083,0.925665,NA,"Check",1.12982435933245,1.37260561375244,NA
"Prunus","PRSE2","NEON.PLA.D05.TREE.03694","TREE_010","TREE","D05",2019-10-10,"Live","small tree",NA,130,NA,5.8,4.1,NA,NA,"Prunus serotina Ehrh.",NA,NA,"2019",762,"mixed hardwood","Prunus serotina Ehrh.","black cherry","Rosaceae","shrub/tree","serotina",0.792,"hw3",-2.48,2.4835,"Cornaceae/Ericaceae/Lauraceae/Platanaceae/Rosaceae/Ulmaceae","hardwood","Hardwood",0.47,-2.2118,2.4133,0.38083,0.925665,NA,"Check",1.56056686526793,1.878677469754,NA
"Prunus","PRSE2","NEON.PLA.D05.TREE.03688","TREE_010","TREE","D05",2017-10-24,"Live","small tree",NA,130,NA,5.7,3.8,NA,NA,"Prunus serotina Ehrh.",NA,NA,"2017",762,"mixed hardwood","Prunus serotina Ehrh.","black cherry","Rosaceae","shrub/tree","serotina",0.792,"hw3",-2.48,2.4835,"Cornaceae/Ericaceae/Lauraceae/Platanaceae/Rosaceae/Ulmaceae","hardwood","Hardwood",0.47,-2.2118,2.4133,0.38083,0.925665,NA,"Check",1.29218958272207,1.56391339483472,NA
"Prunus","PRSE2","NEON.PLA.D05.TREE.02526","TREE_014","TREE","D05",2017-10-26,"No longer qualifies","single bole tree","Partially shaded",150,NA,7.4,6.4,NA,31,"Prunus serotina Ehrh.",3.9,75.6,"2017",762,"mixed hardwood","Prunus serotina Ehrh.","black cherry","Rosaceae","shrub/tree","serotina",0.792,"hw3",-2.48,2.4835,"Cornaceae/Ericaceae/Lauraceae/Platanaceae/Rosaceae/Ulmaceae","hardwood","Hardwood",0.47,-2.2118,2.4133,0.38083,0.925665,NA,"Check",4.71608516049018,5.50269037784765,NA
"Prunus","PRSE2","NEON.PLA.D05.TREE.01004","TREE_039","TREE","D05",2020-10-01,"Live,  other damage","small tree","Full shade",130,NA,4,3.5,NA,NA,"Prunus serotina Ehrh.",NA,NA,"2020",762,"mixed hardwood","Prunus serotina Ehrh.","black cherry","Rosaceae","shrub/tree","serotina",0.792,"hw3",-2.48,2.4835,"Cornaceae/Ericaceae/Lauraceae/Platanaceae/Rosaceae/Ulmaceae","hardwood","Hardwood",0.47,-2.2118,2.4133,0.38083,0.925665,NA,"Check",1.05348088885648,1.28239069193193,NA
"Prunus","PRSE2","NEON.PLA.D05.TREE.03985","TREE_010","TREE","D05",2019-10-10,"Live","small tree",NA,140,NA,11.1,5.4,NA,NA,"Prunus serotina Ehrh.",NA,NA,"2019",762,"mixed hardwood","Prunus serotina Ehrh.","black cherry","Rosaceae","shrub/tree","serotina",0.792,"hw3",-2.48,2.4835,"Cornaceae/Ericaceae/Lauraceae/Platanaceae/Rosaceae/Ulmaceae","hardwood","Hardwood",0.47,-2.2118,2.4133,0.38083,0.925665,NA,"Check",3.09266995958281,3.65179850286711,NA
"Prunus","PRVI","NEON.PLA.D05.TREE.02779","TREE_011","TREE","D05",2020-06-09,"Live, insect damaged","small tree",NA,130,NA,1.5,2.6,NA,NA,"Prunus virginiana L.",NA,NA,"2020",763,"mixed hardwood","Prunus virginiana L.","chokecherry","Rosaceae","shrub/tree","virginiana",NA,"hw3",-2.48,2.4835,"Cornaceae/Ericaceae/Lauraceae/Platanaceae/Rosaceae/Ulmaceae","hardwood","Hardwood",0.47,-2.2118,2.4133,0.38083,0.925665,NA,"Check",NA,NA,NA
"Prunus","PRVI","NEON.PLA.D05.TREE.01698","TREE_011","TREE","D05",2020-06-09,"Live, insect damaged","small tree",NA,139,NA,1.7,1,NA,NA,"Prunus virginiana L.",NA,NA,"2020",763,"mixed hardwood","Prunus virginiana L.","chokecherry","Rosaceae","shrub/tree","virginiana",NA,"hw3",-2.48,2.4835,"Cornaceae/Ericaceae/Lauraceae/Platanaceae/Rosaceae/Ulmaceae","hardwood","Hardwood",0.47,-2.2118,2.4133,0.38083,0.925665,NA,"Check",NA,NA,NA
"Prunus","PRVI","NEON.PLA.D05.TREE.02780","TREE_011","TREE","D05",2020-06-09,"Live, broken bole","small tree",NA,130,NA,1,1.9,NA,NA,"Prunus virginiana L.",NA,NA,"2020",763,"mixed hardwood","Prunus virginiana L.","chokecherry","Rosaceae","shrub/tree","virginiana",NA,"hw3",-2.48,2.4835,"Cornaceae/Ericaceae/Lauraceae/Platanaceae/Rosaceae/Ulmaceae","hardwood","Hardwood",0.47,-2.2118,2.4133,0.38083,0.925665,NA,"Check",NA,NA,NA
"Prunus","PRSE2","NEON.PLA.D05.TREE.02695","TREE_023","TREE","D05",2018-05-08,"Live","single bole tree","Mostly shaded",130,NA,9.4,15.6,NA,41,"Prunus serotina Ehrh.",6,106,"2018",762,"mixed hardwood","Prunus serotina Ehrh.","black cherry","Rosaceae","shrub/tree","serotina",0.792,"hw3",-2.48,2.4835,"Cornaceae/Ericaceae/Lauraceae/Platanaceae/Rosaceae/Ulmaceae","hardwood","Hardwood",0.47,-2.2118,2.4133,0.38083,0.925665,NA,"Check",76.9262611453581,82.9459256571432,NA
"Prunus","PRSE2","NEON.PLA.D05.TREE.02695","TREE_023","TREE","D05",2019-11-04,"Live, physically damaged","single bole tree","Partially shaded",130,NA,9.7,15.7,NA,41,"Prunus serotina Ehrh.",6,106,"2019",762,"mixed hardwood","Prunus serotina Ehrh.","black cherry","Rosaceae","shrub/tree","serotina",0.792,"hw3",-2.48,2.4835,"Cornaceae/Ericaceae/Lauraceae/Platanaceae/Rosaceae/Ulmaceae","hardwood","Hardwood",0.47,-2.2118,2.4133,0.38083,0.925665,NA,"Check",78.156746376134,84.23490610215,NA
"Prunus","PRSE2","NEON.PLA.D05.TREE.01004","TREE_039","TREE","D05",2016-10-18,"Live","small tree",NA,130,NA,3.8,3.4,NA,NA,"Prunus serotina Ehrh.",NA,NA,"2016",762,"mixed hardwood","Prunus serotina Ehrh.","black cherry","Rosaceae","shrub/tree","serotina",0.792,"hw3",-2.48,2.4835,"Cornaceae/Ericaceae/Lauraceae/Platanaceae/Rosaceae/Ulmaceae","hardwood","Hardwood",0.47,-2.2118,2.4133,0.38083,0.925665,NA,"Check",0.980305781205888,1.19574621863021,NA
"Prunus","PRSE2","NEON.PLA.D05.TREE.01004","TREE_039","TREE","D05",2017-10-17,"Live","small tree",NA,130,NA,4.1,3.5,NA,NA,"Prunus serotina Ehrh.",NA,NA,"2017",762,"mixed hardwood","Prunus serotina Ehrh.","black cherry","Rosaceae","shrub/tree","serotina",0.792,"hw3",-2.48,2.4835,"Cornaceae/Ericaceae/Lauraceae/Platanaceae/Rosaceae/Ulmaceae","hardwood","Hardwood",0.47,-2.2118,2.4133,0.38083,0.925665,NA,"Check",1.05348088885648,1.28239069193193,NA
"Prunus","PRSE2","NEON.PLA.D05.TREE.01004","TREE_039","TREE","D05",2021-09-30,"Live","small tree","Mostly shaded",130,NA,3.5,3.5,NA,NA,"Prunus serotina Ehrh.",NA,NA,"2021",762,"mixed hardwood","Prunus serotina Ehrh.","black cherry","Rosaceae","shrub/tree","serotina",0.792,"hw3",-2.48,2.4835,"Cornaceae/Ericaceae/Lauraceae/Platanaceae/Rosaceae/Ulmaceae","hardwood","Hardwood",0.47,-2.2118,2.4133,0.38083,0.925665,NA,"Check",1.05348088885648,1.28239069193193,NA
"Prunus","PRUNU","NEON.PLA.D05.TREE.03494","TREE_025","TREE","D05",2017-10-18,"Live","single bole tree",NA,130,NA,9.9,10.8,NA,39,"Prunus sp.",8,159.2,"2017",760,"mixed hardwood","Prunus L.","plum","Rosaceae","shrub/tree","spp.",0.792,"hw3",-2.48,2.4835,"Cornaceae/Ericaceae/Lauraceae/Platanaceae/Rosaceae/Ulmaceae",NA,NA,NA,-2.2118,2.4133,0.38083,0.925665,NA,"Check",30.8643817267358,34.1498667974864,NA
"Prunus","PRUNU","NEON.PLA.D05.TREE.03494","TREE_025","TREE","D05",2018-10-17,"Live","single bole tree",NA,130,NA,10.8,11,NA,39,"Prunus sp.",8,159.2,"2018",760,"mixed hardwood","Prunus L.","plum","Rosaceae","shrub/tree","spp.",0.792,"hw3",-2.48,2.4835,"Cornaceae/Ericaceae/Lauraceae/Platanaceae/Rosaceae/Ulmaceae",NA,NA,NA,-2.2118,2.4133,0.38083,0.925665,NA,"Check",32.3034136368194,35.696072254279,NA
"Prunus","PRSE2","NEON.PLA.D05.TREE.03688","TREE_010","TREE","D05",2019-10-10,"Live","small tree",NA,130,NA,6.3,4.2,NA,NA,"Prunus serotina Ehrh.",NA,NA,"2019",762,"mixed hardwood","Prunus serotina Ehrh.","black cherry","Rosaceae","shrub/tree","serotina",0.792,"hw3",-2.48,2.4835,"Cornaceae/Ericaceae/Lauraceae/Platanaceae/Rosaceae/Ulmaceae","hardwood","Hardwood",0.47,-2.2118,2.4133,0.38083,0.925665,NA,"Check",1.65681220846702,1.99117054023002,NA
"Prunus","PRSE2","NEON.PLA.D05.TREE.03985","TREE_010","TREE","D05",2017-10-24,"Live","small tree",NA,140,NA,7.3,5.7,NA,NA,"Prunus serotina Ehrh.",NA,NA,"2017",762,"mixed hardwood","Prunus serotina Ehrh.","black cherry","Rosaceae","shrub/tree","serotina",0.792,"hw3",-2.48,2.4835,"Cornaceae/Ericaceae/Lauraceae/Platanaceae/Rosaceae/Ulmaceae","hardwood","Hardwood",0.47,-2.2118,2.4133,0.38083,0.925665,NA,"Check",3.5371125357322,4.16077024357944,NA
"Prunus","PRVI","NEON.PLA.D05.TREE.03319","TREE_007","TREE","D05",2019-10-09,"Live","small tree",NA,130,NA,3.2,1.2,NA,NA,"Prunus virginiana L.",NA,NA,"2019",763,"mixed hardwood","Prunus virginiana L.","chokecherry","Rosaceae","shrub/tree","virginiana",NA,"hw3",-2.48,2.4835,"Cornaceae/Ericaceae/Lauraceae/Platanaceae/Rosaceae/Ulmaceae","hardwood","Hardwood",0.47,-2.2118,2.4133,0.38083,0.925665,NA,"Check",NA,NA,NA
"Prunus","PRVI","NEON.PLA.D05.TREE.02780","TREE_011","TREE","D05",2017-11-01,"Live, broken bole","small tree",NA,130,NA,1.9,1.8,NA,NA,"Prunus virginiana L.",NA,NA,"2017",763,"mixed hardwood","Prunus virginiana L.","chokecherry","Rosaceae","shrub/tree","virginiana",NA,"hw3",-2.48,2.4835,"Cornaceae/Ericaceae/Lauraceae/Platanaceae/Rosaceae/Ulmaceae","hardwood","Hardwood",0.47,-2.2118,2.4133,0.38083,0.925665,NA,"Check",NA,NA,NA
"Prunus","PRVI","NEON.PLA.D05.TREE.02778","TREE_011","TREE","D05",2017-11-01,"Live, disease damaged","small tree",NA,130,NA,1.9,1.3,NA,NA,"Prunus virginiana L.",NA,NA,"2017",763,"mixed hardwood","Prunus virginiana L.","chokecherry","Rosaceae","shrub/tree","virginiana",NA,"hw3",-2.48,2.4835,"Cornaceae/Ericaceae/Lauraceae/Platanaceae/Rosaceae/Ulmaceae","hardwood","Hardwood",0.47,-2.2118,2.4133,0.38083,0.925665,NA,"Check",NA,NA,NA
"Prunus","PRVI","NEON.PLA.D05.TREE.02779","TREE_011","TREE","D05",2017-11-01,"Live, physically damaged","small tree",NA,130,NA,2.6,1.5,NA,NA,"Prunus virginiana L.",NA,NA,"2017",763,"mixed hardwood","Prunus virginiana L.","chokecherry","Rosaceae","shrub/tree","virginiana",NA,"hw3",-2.48,2.4835,"Cornaceae/Ericaceae/Lauraceae/Platanaceae/Rosaceae/Ulmaceae","hardwood","Hardwood",0.47,-2.2118,2.4133,0.38083,0.925665,NA,"Check",NA,NA,NA
"Prunus","PRUNU","NEON.PLA.D05.TREE.03494","TREE_025","TREE","D05",2016-10-18,"Live","single bole tree",NA,130,NA,8.9,10.1,NA,39,"Prunus sp.",8,159.2,"2016",760,"mixed hardwood","Prunus L.","plum","Rosaceae","shrub/tree","spp.",0.792,"hw3",-2.48,2.4835,"Cornaceae/Ericaceae/Lauraceae/Platanaceae/Rosaceae/Ulmaceae",NA,NA,NA,-2.2118,2.4133,0.38083,0.925665,NA,"Check",26.1325516038943,29.050675567713,NA
"Quercus","QURU","NEON.PLA.D05.TREE.02611","TREE_060","TREE","D05",2017-10-26,"Live","single bole tree","Open grown",130,NA,8,13.3,NA,33,"Quercus rubra L.",8.6,285.8,"2017",833,"hard maple/oak/hickory/beech","Quercus rubra L.","northern red oak","Fagaceae","tree","rubra",0.811,"hw4",-2.0127,2.4342,"FagaceaeDeciduous","hardwood","Hardwood",0.57,-2.0705,2.441,0.43559,0.919213,NA,"Check",72.7068217618969,69.8417528984081,NA
"Quercus","QURU","NEON.PLA.D05.TREE.02611","TREE_060","TREE","D05",2019-11-05,"Live, physically damaged","single bole tree","Full sun",130,NA,8.9,16.7,NA,33,"Quercus rubra L.",8.6,285.8,"2019",833,"hard maple/oak/hickory/beech","Quercus rubra L.","northern red oak","Fagaceae","tree","rubra",0.811,"hw4",-2.0127,2.4342,"FagaceaeDeciduous","hardwood","Hardwood",0.57,-2.0705,2.441,0.43559,0.919213,NA,"Check",126.541194682436,121.743050969855,NA
"Thuja","THOC2","NEON.PLA.D05.TREE.02231","TREE_015","TREE","D05",2019-10-24,"Live, physically damaged","single bole tree","Mostly shaded",130,NA,13.2,47.2,NA,33,"Thuja occidentalis L.",8.1,323.2,"2019",241,"cedar/larch","Thuja occidentalis L.","arborvitae","Cupressaceae","tree","occidentalis",0.631,"sw1",-2.0336,2.2592,"CupressaceaeBelow0.30spg","conifer","Conifer",0.29,-1.9615,2.1063,NA,NA,NA,"Check",791.750789156612,472.014571044238,NA
"Thuja","THOC2","NEON.PLA.D05.TREE.03638","TREE_004","TREE","D05",2019-10-08,"Live","single bole tree","Full sun",130,NA,7.2,20.1,NA,49,"Thuja occidentalis L.",6.8,119.2,"2019",241,"cedar/larch","Thuja occidentalis L.","arborvitae","Cupressaceae","tree","occidentalis",0.631,"sw1",-2.0336,2.2592,"CupressaceaeBelow0.30spg","conifer","Conifer",0.29,-1.9615,2.1063,NA,NA,NA,"Check",115.079846657333,78.1723611010384,NA
"Thuja","THOC2","NEON.PLA.D05.TREE.03650","TREE_004","TREE","D05",2018-05-01,"Live","single bole tree","Partially shaded",130,NA,10.9,22.5,NA,51,"Thuja occidentalis L.",4.8,197.3,"2018",241,"cedar/larch","Thuja occidentalis L.","arborvitae","Cupressaceae","tree","occidentalis",0.631,"sw1",-2.0336,2.2592,"CupressaceaeBelow0.30spg","conifer","Conifer",0.29,-1.9615,2.1063,NA,NA,NA,"Check",148.480522283801,99.136461082153,NA
"Thuja","THOC2","NEON.PLA.D05.TREE.03650","TREE_004","TREE","D05",2018-05-02,"Live","single bole tree","Partially shaded",130,NA,10.9,22.5,NA,51,"Thuja occidentalis L.",4.8,197.3,"2018",241,"cedar/larch","Thuja occidentalis L.","arborvitae","Cupressaceae","tree","occidentalis",0.631,"sw1",-2.0336,2.2592,"CupressaceaeBelow0.30spg","conifer","Conifer",0.29,-1.9615,2.1063,NA,NA,NA,"Check",148.480522283801,99.136461082153,NA
"Thuja","THOC2","NEON.PLA.D05.TREE.02230","TREE_015","TREE","D05",2019-10-24,"Live","single bole tree","Partially shaded",130,NA,14,39.9,NA,33,"Thuja occidentalis L.",8.8,354.1,"2019",241,"cedar/larch","Thuja occidentalis L.","arborvitae","Cupressaceae","tree","occidentalis",0.631,"sw1",-2.0336,2.2592,"CupressaceaeBelow0.30spg","conifer","Conifer",0.29,-1.9615,2.1063,NA,NA,NA,"Check",541.672400157267,331.329865296516,NA
"Thuja","THOC2","NEON.PLA.D05.TREE.03646","TREE_004","TREE","D05",2018-05-02,"Live","single bole tree","Partially shaded",130,NA,9.2,22,NA,51,"Thuja occidentalis L.",10.2,265.9,"2018",241,"cedar/larch","Thuja occidentalis L.","arborvitae","Cupressaceae","tree","occidentalis",0.631,"sw1",-2.0336,2.2592,"CupressaceaeBelow0.30spg","conifer","Conifer",0.29,-1.9615,2.1063,NA,NA,NA,"Check",141.130234163259,94.5532076068206,NA
"Thuja","THOC2","NEON.PLA.D05.TREE.02240","TREE_015","TREE","D05",2019-10-24,"Live","single bole tree","Partially shaded",130,NA,11.6,25,NA,33,"Thuja occidentalis L.",2.6,269.9,"2019",241,"cedar/larch","Thuja occidentalis L.","arborvitae","Cupressaceae","tree","occidentalis",0.631,"sw1",-2.0336,2.2592,"CupressaceaeBelow0.30spg","conifer","Conifer",0.29,-1.9615,2.1063,NA,NA,NA,"Check",188.384344874224,123.7691516051,NA
"Thuja","THOC2","NEON.PLA.D05.TREE.02231","TREE_015","TREE","D05",2018-05-08,"Live, physically damaged","single bole tree","Partially shaded",130,NA,13.5,45.9,NA,33,"Thuja occidentalis L.",8.1,323.2,"2018",241,"cedar/larch","Thuja occidentalis L.","arborvitae","Cupressaceae","tree","occidentalis",0.631,"sw1",-2.0336,2.2592,"CupressaceaeBelow0.30spg","conifer","Conifer",0.29,-1.9615,2.1063,NA,NA,NA,"Check",743.337359750903,445.048593943396,NA
"Thuja","THOC2","NEON.PLA.D05.TREE.03662","TREE_004","TREE","D05",2019-10-08,"Live","single bole tree","Full sun",130,NA,11.7,31.4,NA,31,"Thuja occidentalis L.",4.2,46.1,"2019",241,"cedar/larch","Thuja occidentalis L.","arborvitae","Cupressaceae","tree","occidentalis",0.631,"sw1",-2.0336,2.2592,"CupressaceaeBelow0.30spg","conifer","Conifer",0.29,-1.9615,2.1063,NA,NA,NA,"Check",315.26967751873,200.03882342709,NA
"Thuja","THOC2","NEON.PLA.D05.TREE.03129","TREE_004","TREE","D05",2018-05-02,"Live, physically damaged","small tree",NA,130,NA,NA,5.5,NA,NA,"Thuja occidentalis L.",NA,NA,"2018",241,"cedar/larch","Thuja occidentalis L.","arborvitae","Cupressaceae","tree","occidentalis",0.631,"sw1",-2.0336,2.2592,"CupressaceaeBelow0.30spg","conifer","Conifer",0.29,-1.9615,2.1063,NA,NA,NA,"Check",2.1760679779266,1.93356664650972,NA
"Thuja","THOC2","NEON.PLA.D05.TREE.02226","TREE_015","TREE","D05",2018-05-08,"Live","single bole tree","Mostly shaded",130,NA,11.1,33.3,NA,51,"Thuja occidentalis L.",6.4,215,"2018",241,"cedar/larch","Thuja occidentalis L.","arborvitae","Cupressaceae","tree","occidentalis",0.631,"sw1",-2.0336,2.2592,"CupressaceaeBelow0.30spg","conifer","Conifer",0.29,-1.9615,2.1063,NA,NA,NA,"Check",360.018446808347,226.389178099442,NA
"Thuja","THOC2","NEON.PLA.D05.TREE.03656","TREE_004","TREE","D05",2018-05-02,"Live","single bole tree","Partially shaded",130,NA,12.5,27.9,NA,31,"Thuja occidentalis L.",7.6,72.3,"2018",241,"cedar/larch","Thuja occidentalis L.","arborvitae","Cupressaceae","tree","occidentalis",0.631,"sw1",-2.0336,2.2592,"CupressaceaeBelow0.30spg","conifer","Conifer",0.29,-1.9615,2.1063,NA,NA,NA,"Check",241.394715023742,155.957946108065,NA
"Thuja","THOC2","NEON.PLA.D05.TREE.03655","TREE_004","TREE","D05",2019-10-08,"Live","single bole tree","Partially shaded",130,NA,8.4,28,NA,31,"Thuja occidentalis L.",5.9,85.1,"2019",241,"cedar/larch","Thuja occidentalis L.","arborvitae","Cupressaceae","tree","occidentalis",0.631,"sw1",-2.0336,2.2592,"CupressaceaeBelow0.30spg","conifer","Conifer",0.29,-1.9615,2.1063,NA,NA,NA,"Check",243.353818947884,157.137679379014,NA
"Thuja","THOC2","NEON.PLA.D05.TREE.03649","TREE_004","TREE","D05",2018-05-01,"Live","single bole tree","Partially shaded",130,NA,10.6,22.6,NA,51,"Thuja occidentalis L.",4,248.9,"2018",241,"cedar/larch","Thuja occidentalis L.","arborvitae","Cupressaceae","tree","occidentalis",0.631,"sw1",-2.0336,2.2592,"CupressaceaeBelow0.30spg","conifer","Conifer",0.29,-1.9615,2.1063,NA,NA,NA,"Check",149.97557211442,100.066792456811,NA
"Thuja","THOC2","NEON.PLA.D05.TREE.02240","TREE_015","TREE","D05",2018-05-08,"Live","single bole tree","Partially shaded",130,NA,8.3,24.5,NA,33,"Thuja occidentalis L.",2.6,269.9,"2018",241,"cedar/larch","Thuja occidentalis L.","arborvitae","Cupressaceae","tree","occidentalis",0.631,"sw1",-2.0336,2.2592,"CupressaceaeBelow0.30spg","conifer","Conifer",0.29,-1.9615,2.1063,NA,NA,NA,"Check",179.979383311231,118.612892631406,NA
"Thuja","THOC2","NEON.PLA.D05.TREE.03652","TREE_004","TREE","D05",2018-05-02,"Live","single bole tree","Partially shaded",130,NA,12.9,35.7,NA,33,"Thuja occidentalis L.",8.5,284.3,"2018",241,"cedar/larch","Thuja occidentalis L.","arborvitae","Cupressaceae","tree","occidentalis",0.631,"sw1",-2.0336,2.2592,"CupressaceaeBelow0.30spg","conifer","Conifer",0.29,-1.9615,2.1063,NA,NA,NA,"Check",421.314858299424,262.129824865782,NA
"Thuja","THOC2","NEON.PLA.D05.TREE.03656","TREE_004","TREE","D05",2019-10-08,"Live","single bole tree","Partially shaded",130,NA,13.3,28.5,NA,31,"Thuja occidentalis L.",7.6,72.3,"2019",241,"cedar/larch","Thuja occidentalis L.","arborvitae","Cupressaceae","tree","occidentalis",0.631,"sw1",-2.0336,2.2592,"CupressaceaeBelow0.30spg","conifer","Conifer",0.29,-1.9615,2.1063,NA,NA,NA,"Check",253.281954781574,163.106437586107,NA
"Thuja","THOC2","NEON.PLA.D05.TREE.03650","TREE_004","TREE","D05",2019-10-08,"Live","single bole tree","Full sun",130,NA,10.6,22.5,NA,51,"Thuja occidentalis L.",4.8,197.3,"2019",241,"cedar/larch","Thuja occidentalis L.","arborvitae","Cupressaceae","tree","occidentalis",0.631,"sw1",-2.0336,2.2592,"CupressaceaeBelow0.30spg","conifer","Conifer",0.29,-1.9615,2.1063,NA,NA,NA,"Check",148.480522283801,99.136461082153,NA
"Thuja","THOC2","NEON.PLA.D05.TREE.03655","TREE_004","TREE","D05",2018-05-02,"Live","single bole tree","Partially shaded",130,NA,10.5,27.9,NA,31,"Thuja occidentalis L.",5.9,85.1,"2018",241,"cedar/larch","Thuja occidentalis L.","arborvitae","Cupressaceae","tree","occidentalis",0.631,"sw1",-2.0336,2.2592,"CupressaceaeBelow0.30spg","conifer","Conifer",0.29,-1.9615,2.1063,NA,NA,NA,"Check",241.394715023742,155.957946108065,NA
"Thuja","THOC2","NEON.PLA.D05.TREE.02226","TREE_015","TREE","D05",2019-10-24,"Live","single bole tree","Mostly shaded",130,NA,12.4,34,NA,51,"Thuja occidentalis L.",6.4,215,"2019",241,"cedar/larch","Thuja occidentalis L.","arborvitae","Cupressaceae","tree","occidentalis",0.631,"sw1",-2.0336,2.2592,"CupressaceaeBelow0.30spg","conifer","Conifer",0.29,-1.9615,2.1063,NA,NA,NA,"Check",377.342663814479,236.529556085054,NA
"Thuja","THOC2","NEON.PLA.D05.TREE.03638","TREE_004","TREE","D05",2018-05-02,"Live","single bole tree","Partially shaded",130,NA,7,25,NA,49,"Thuja occidentalis L.",6.8,119.2,"2018",241,"cedar/larch","Thuja occidentalis L.","arborvitae","Cupressaceae","tree","occidentalis",0.631,"sw1",-2.0336,2.2592,"CupressaceaeBelow0.30spg","conifer","Conifer",0.29,-1.9615,2.1063,NA,NA,NA,"Check",188.384344874224,123.7691516051,NA
"Thuja","THOC2","NEON.PLA.D05.TREE.03649","TREE_004","TREE","D05",2019-10-08,"Live","single bole tree","Partially shaded",130,NA,10.5,22,NA,51,"Thuja occidentalis L.",4,248.9,"2019",241,"cedar/larch","Thuja occidentalis L.","arborvitae","Cupressaceae","tree","occidentalis",0.631,"sw1",-2.0336,2.2592,"CupressaceaeBelow0.30spg","conifer","Conifer",0.29,-1.9615,2.1063,NA,NA,NA,"Check",141.130234163259,94.5532076068206,NA
"Thuja","THOC2","NEON.PLA.D05.TREE.02230","TREE_015","TREE","D05",2018-05-08,"Live","single bole tree","Partially shaded",130,NA,15.4,38.8,NA,33,"Thuja occidentalis L.",8.8,354.1,"2018",241,"cedar/larch","Thuja occidentalis L.","arborvitae","Cupressaceae","tree","occidentalis",0.631,"sw1",-2.0336,2.2592,"CupressaceaeBelow0.30spg","conifer","Conifer",0.29,-1.9615,2.1063,NA,NA,NA,"Check",508.519224559882,312.383176934989,NA
"Thuja","THOC2","NEON.PLA.D05.TREE.03653","TREE_004","TREE","D05",2018-05-02,"Live","single bole tree","Partially shaded",130,NA,10.8,18.7,NA,33,"Thuja occidentalis L.",5.3,282.3,"2018",241,"cedar/larch","Thuja occidentalis L.","arborvitae","Cupressaceae","tree","occidentalis",0.631,"sw1",-2.0336,2.2592,"CupressaceaeBelow0.30spg","conifer","Conifer",0.29,-1.9615,2.1063,NA,NA,NA,"Check",97.7604741061058,67.1446399878943,NA
"Thuja","THOC2","NEON.PLA.D05.TREE.03653","TREE_004","TREE","D05",2019-10-08,"Live","single bole tree","Partially shaded",130,NA,11.4,18.6,NA,33,"Thuja occidentalis L.",5.3,282.3,"2019",241,"cedar/larch","Thuja occidentalis L.","arborvitae","Cupressaceae","tree","occidentalis",0.631,"sw1",-2.0336,2.2592,"CupressaceaeBelow0.30spg","conifer","Conifer",0.29,-1.9615,2.1063,NA,NA,NA,"Check",96.5833767580757,66.3905838852028,NA
"Thuja","THOC2","NEON.PLA.D05.TREE.03641","TREE_004","TREE","D05",2018-05-02,"Live","single bole tree","Partially shaded",130,NA,11.1,28.3,NA,49,"Thuja occidentalis L.",5.2,114.4,"2018",241,"cedar/larch","Thuja occidentalis L.","arborvitae","Cupressaceae","tree","occidentalis",0.631,"sw1",-2.0336,2.2592,"CupressaceaeBelow0.30spg","conifer","Conifer",0.29,-1.9615,2.1063,NA,NA,NA,"Check",249.284144658728,160.704908879706,NA
"Thuja","THOC2","NEON.PLA.D05.TREE.03643","TREE_004","TREE","D05",2018-05-02,"Live","single bole tree","Partially shaded",130,NA,11.3,25.1,NA,49,"Thuja occidentalis L.",0.9,128.4,"2018",241,"cedar/larch","Thuja occidentalis L.","arborvitae","Cupressaceae","tree","occidentalis",0.631,"sw1",-2.0336,2.2592,"CupressaceaeBelow0.30spg","conifer","Conifer",0.29,-1.9615,2.1063,NA,NA,NA,"Check",190.091025305705,124.814239042636,NA
"Thuja","THOC2","NEON.PLA.D05.TREE.03662","TREE_004","TREE","D05",2018-05-02,"Live","single bole tree","Partially shaded",130,NA,11.3,31,NA,31,"Thuja occidentalis L.",4.2,46.1,"2018",241,"cedar/larch","Thuja occidentalis L.","arborvitae","Cupressaceae","tree","occidentalis",0.631,"sw1",-2.0336,2.2592,"CupressaceaeBelow0.30spg","conifer","Conifer",0.29,-1.9615,2.1063,NA,NA,NA,"Check",306.269028060989,194.709216620848,NA
"Thuja","THOC2","NEON.PLA.D05.TREE.03651","TREE_004","TREE","D05",2018-05-02,"Live","single bole tree","Mostly shaded",130,NA,9.6,19.9,NA,51,"Thuja occidentalis L.",4.7,190.3,"2018",241,"cedar/larch","Thuja occidentalis L.","arborvitae","Cupressaceae","tree","occidentalis",0.631,"sw1",-2.0336,2.2592,"CupressaceaeBelow0.30spg","conifer","Conifer",0.29,-1.9615,2.1063,NA,NA,NA,"Check",112.509089948819,76.5430226967128,NA
"Thuja","THOC2","NEON.PLA.D05.TREE.03646","TREE_004","TREE","D05",2018-05-01,"Live","single bole tree","Partially shaded",130,NA,9.2,22,NA,51,"Thuja occidentalis L.",10.2,265.9,"2018",241,"cedar/larch","Thuja occidentalis L.","arborvitae","Cupressaceae","tree","occidentalis",0.631,"sw1",-2.0336,2.2592,"CupressaceaeBelow0.30spg","conifer","Conifer",0.29,-1.9615,2.1063,NA,NA,NA,"Check",141.130234163259,94.5532076068206,NA
"Thuja","THOC2","NEON.PLA.D05.TREE.03646","TREE_004","TREE","D05",2019-10-08,"Live","single bole tree","Partially shaded",130,NA,8.6,22.6,NA,51,"Thuja occidentalis L.",10.2,265.9,"2019",241,"cedar/larch","Thuja occidentalis L.","arborvitae","Cupressaceae","tree","occidentalis",0.631,"sw1",-2.0336,2.2592,"CupressaceaeBelow0.30spg","conifer","Conifer",0.29,-1.9615,2.1063,NA,NA,NA,"Check",149.97557211442,100.066792456811,NA
"Thuja","THOC2","NEON.PLA.D05.TREE.03647","TREE_004","TREE","D05",2019-10-08,"Live","single bole tree","Partially shaded",130,NA,9.9,20.6,NA,51,"Thuja occidentalis L.",5.6,270.3,"2019",241,"cedar/larch","Thuja occidentalis L.","arborvitae","Cupressaceae","tree","occidentalis",0.631,"sw1",-2.0336,2.2592,"CupressaceaeBelow0.30spg","conifer","Conifer",0.29,-1.9615,2.1063,NA,NA,NA,"Check",121.64872623479,82.3246513284893,NA
"Thuja","THOC2","NEON.PLA.D05.TREE.03649","TREE_004","TREE","D05",2018-05-02,"Live","single bole tree","Partially shaded",130,NA,10.6,22.6,NA,51,"Thuja occidentalis L.",4,248.9,"2018",241,"cedar/larch","Thuja occidentalis L.","arborvitae","Cupressaceae","tree","occidentalis",0.631,"sw1",-2.0336,2.2592,"CupressaceaeBelow0.30spg","conifer","Conifer",0.29,-1.9615,2.1063,NA,NA,NA,"Check",149.97557211442,100.066792456811,NA
"Thuja","THOC2","NEON.PLA.D05.TREE.03647","TREE_004","TREE","D05",2018-05-02,"Live","single bole tree","Partially shaded",130,NA,8.6,20.1,NA,51,"Thuja occidentalis L.",5.6,270.3,"2018",241,"cedar/larch","Thuja occidentalis L.","arborvitae","Cupressaceae","tree","occidentalis",0.631,"sw1",-2.0336,2.2592,"CupressaceaeBelow0.30spg","conifer","Conifer",0.29,-1.9615,2.1063,NA,NA,NA,"Check",115.079846657333,78.1723611010384,NA
"Thuja","THOC2","NEON.PLA.D05.TREE.03129","TREE_004","TREE","D05",2019-10-08,"Live","small tree",NA,130,NA,3,5.7,NA,NA,"Thuja occidentalis L.",NA,NA,"2019",241,"cedar/larch","Thuja occidentalis L.","arborvitae","Cupressaceae","tree","occidentalis",0.631,"sw1",-2.0336,2.2592,"CupressaceaeBelow0.30spg","conifer","Conifer",0.29,-1.9615,2.1063,NA,NA,NA,"Check",2.35894352657171,2.08464650355443,NA
"Thuja","THOC2","NEON.PLA.D05.TREE.03651","TREE_004","TREE","D05",2019-10-08,"Live","single bole tree","Full sun",130,NA,9,20.1,NA,51,"Thuja occidentalis L.",4.7,190.3,"2019",241,"cedar/larch","Thuja occidentalis L.","arborvitae","Cupressaceae","tree","occidentalis",0.631,"sw1",-2.0336,2.2592,"CupressaceaeBelow0.30spg","conifer","Conifer",0.29,-1.9615,2.1063,NA,NA,NA,"Check",115.079846657333,78.1723611010384,NA
"Thuja","THOC2","NEON.PLA.D05.TREE.03647","TREE_004","TREE","D05",2018-05-01,"Live","single bole tree","Partially shaded",130,NA,8.6,20.1,NA,51,"Thuja occidentalis L.",5.6,270.3,"2018",241,"cedar/larch","Thuja occidentalis L.","arborvitae","Cupressaceae","tree","occidentalis",0.631,"sw1",-2.0336,2.2592,"CupressaceaeBelow0.30spg","conifer","Conifer",0.29,-1.9615,2.1063,NA,NA,NA,"Check",115.079846657333,78.1723611010384,NA
"Thuja","THOC2","NEON.PLA.D05.TREE.03652","TREE_004","TREE","D05",2019-10-08,"Live","single bole tree","Partially shaded",130,NA,13.2,35,NA,33,"Thuja occidentalis L.",8.5,284.3,"2019",241,"cedar/larch","Thuja occidentalis L.","arborvitae","Cupressaceae","tree","occidentalis",0.631,"sw1",-2.0336,2.2592,"CupressaceaeBelow0.30spg","conifer","Conifer",0.29,-1.9615,2.1063,NA,NA,NA,"Check",402.881446205179,251.421200389671,NA
"Thuja","THOC2","NEON.PLA.D05.TREE.03641","TREE_004","TREE","D05",2019-10-08,"Live","single bole tree","Full sun",130,NA,11.4,28.1,NA,49,"Thuja occidentalis L.",5.2,114.4,"2019",241,"cedar/larch","Thuja occidentalis L.","arborvitae","Cupressaceae","tree","occidentalis",0.631,"sw1",-2.0336,2.2592,"CupressaceaeBelow0.30spg","conifer","Conifer",0.29,-1.9615,2.1063,NA,NA,NA,"Check",245.321753089691,158.322083085356,NA
"Thuja","THOC2","NEON.PLA.D05.TREE.03642","TREE_004","TREE","D05",2018-05-02,"Live","single bole tree","Partially shaded",130,NA,13.1,33.9,NA,49,"Thuja occidentalis L.",5.5,103.2,"2018",241,"cedar/larch","Thuja occidentalis L.","arborvitae","Cupressaceae","tree","occidentalis",0.631,"sw1",-2.0336,2.2592,"CupressaceaeBelow0.30spg","conifer","Conifer",0.29,-1.9615,2.1063,NA,NA,NA,"Check",374.839974603145,235.066639151287,NA
"Thuja","THOC2","NEON.PLA.D05.TREE.03642","TREE_004","TREE","D05",2019-10-08,"Live","single bole tree","Full sun",130,NA,12.5,33.8,NA,49,"Thuja occidentalis L.",5.5,103.2,"2019",241,"cedar/larch","Thuja occidentalis L.","arborvitae","Cupressaceae","tree","occidentalis",0.631,"sw1",-2.0336,2.2592,"CupressaceaeBelow0.30spg","conifer","Conifer",0.29,-1.9615,2.1063,NA,NA,NA,"Check",372.346564277773,233.608488554151,NA
"Thuja","THOC2","NEON.PLA.D05.TREE.03643","TREE_004","TREE","D05",2019-10-08,"Live","single bole tree","Full sun",130,NA,10.5,25.1,NA,49,"Thuja occidentalis L.",0.9,128.4,"2019",241,"cedar/larch","Thuja occidentalis L.","arborvitae","Cupressaceae","tree","occidentalis",0.631,"sw1",-2.0336,2.2592,"CupressaceaeBelow0.30spg","conifer","Conifer",0.29,-1.9615,2.1063,NA,NA,NA,"Check",190.091025305705,124.814239042636,NA
"Thuja","THOC2","NEON.PLA.D05.TREE.03651","TREE_004","TREE","D05",2018-05-01,"Live","single bole tree","Mostly shaded",130,NA,9.6,19.9,NA,51,"Thuja occidentalis L.",4.7,190.3,"2018",241,"cedar/larch","Thuja occidentalis L.","arborvitae","Cupressaceae","tree","occidentalis",0.631,"sw1",-2.0336,2.2592,"CupressaceaeBelow0.30spg","conifer","Conifer",0.29,-1.9615,2.1063,NA,NA,NA,"Check",112.509089948819,76.5430226967128,NA
"Tilia","TIAM","NEON.PLA.D05.TREE.00096","TREE_056","TREE","D05",2016-09-28,"Live","single bole tree",NA,130,NA,22.2,52.2,NA,21,"Tilia americana L.",5.5,2.1,"2016",951,"mixed hardwood","Tilia americana L.","American basswood","Tiliaceae","tree","americana",0.672,"hw3",-2.48,2.4835,"Hippocastanaceae/Tiliaceae","hardwood","Hardwood",0.32,-2.4108,2.4177,0.10615,1.02416,NA,"Check",1544.48743353142,1275.8947139119,NA
"Tilia","TIAM","NEON.PLA.D05.TREE.00527","TREE_042","TREE","D05",2018-10-10,"Live","single bole tree",NA,130,NA,22.2,50.6,NA,43,"Tilia americana L.",6.5,323,"2018",951,"mixed hardwood","Tilia americana L.","American basswood","Tiliaceae","tree","americana",0.672,"hw3",-2.48,2.4835,"Hippocastanaceae/Tiliaceae","hardwood","Hardwood",0.32,-2.4108,2.4177,0.10615,1.02416,NA,"Check",1429.57680618547,1183.38910775489,NA
"Tilia","TIAM","NEON.PLA.D05.TREE.00527","TREE_042","TREE","D05",2020-10-06,"Live","single bole tree","Partially shaded",130,NA,20.6,51.2,NA,43,"Tilia americana L.",6.5,323,"2020",951,"mixed hardwood","Tilia americana L.","American basswood","Tiliaceae","tree","americana",0.672,"hw3",-2.48,2.4835,"Hippocastanaceae/Tiliaceae","hardwood","Hardwood",0.32,-2.4108,2.4177,0.10615,1.02416,NA,"Check",1472.04685236545,1217.60058386234,NA
"Tilia","TIAM","NEON.PLA.D05.TREE.00096","TREE_056","TREE","D05",2015-07-29,"Live","single bole tree","Open grown",130,NA,17.9,51.2,NA,21,"Tilia americana L.",5.5,2.1,"2015",951,"mixed hardwood","Tilia americana L.","American basswood","Tiliaceae","tree","americana",0.672,"hw3",-2.48,2.4835,"Hippocastanaceae/Tiliaceae","hardwood","Hardwood",0.32,-2.4108,2.4177,0.10615,1.02416,NA,"Check",1472.04685236545,1217.60058386234,NA
"Tilia","TIAM","NEON.PLA.D05.TREE.00326","TREE_051","TREE","D05",2016-09-28,"Live","single bole tree",NA,130,NA,17.5,32.2,NA,41,"Tilia americana L.",1.2,339.5,"2016",951,"mixed hardwood","Tilia americana L.","American basswood","Tiliaceae","tree","americana",0.672,"hw3",-2.48,2.4835,"Hippocastanaceae/Tiliaceae","hardwood","Hardwood",0.32,-2.4108,2.4177,0.10615,1.02416,NA,"Check",465.275026185118,396.776556526536,NA
"Tilia","TIAM","NEON.PLA.D05.TREE.00326","TREE_051","TREE","D05",2015-08-03,"Live","single bole tree","Full sun",130,NA,17.3,31.5,NA,41,"Tilia americana L.",1.2,339.5,"2015",951,"mixed hardwood","Tilia americana L.","American basswood","Tiliaceae","tree","americana",0.672,"hw3",-2.48,2.4835,"Hippocastanaceae/Tiliaceae","hardwood","Hardwood",0.32,-2.4108,2.4177,0.10615,1.02416,NA,"Check",440.558865611676,376.242878969484,NA
"Tilia","TIAM","NEON.PLA.D05.TREE.00470","TREE_051","TREE","D05",2016-09-28,"Live","single bole tree",NA,130,NA,14.5,18,NA,43,"Tilia americana L.",3.8,329.6,"2016",951,"mixed hardwood","Tilia americana L.","American basswood","Tiliaceae","tree","americana",0.672,"hw3",-2.48,2.4835,"Hippocastanaceae/Tiliaceae","hardwood","Hardwood",0.32,-2.4108,2.4177,0.10615,1.02416,NA,"Check",109.753644724106,97.2467729646832,NA
"Tilia","TIAM","NEON.PLA.D05.TREE.00527","TREE_042","TREE","D05",2021-10-04,"Live","single bole tree","Partially shaded",130,NA,24.2,51.5,NA,43,"Tilia americana L.",6.5,323,"2021",951,"mixed hardwood","Tilia americana L.","American basswood","Tiliaceae","tree","americana",0.672,"hw3",-2.48,2.4835,"Hippocastanaceae/Tiliaceae","hardwood","Hardwood",0.32,-2.4108,2.4177,0.10615,1.02416,NA,"Check",1493.56090869824,1234.92107038838,NA
"Tilia","TIAM","NEON.PLA.D05.TREE.00326","TREE_051","TREE","D05",2018-10-09,"Live","single bole tree",NA,130,NA,18.1,32.7,NA,41,"Tilia americana L.",1.2,339.5,"2018",951,"mixed hardwood","Tilia americana L.","American basswood","Tiliaceae","tree","americana",0.672,"hw3",-2.48,2.4835,"Hippocastanaceae/Tiliaceae","hardwood","Hardwood",0.32,-2.4108,2.4177,0.10615,1.02416,NA,"Check",483.424913967742,411.836623518407,NA
"Tilia","TIAM","NEON.PLA.D05.TREE.00096","TREE_056","TREE","D05",2017-09-25,"Live","single bole tree",NA,130,NA,20.7,51.9,NA,21,"Tilia americana L.",5.5,2.1,"2017",951,"mixed hardwood","Tilia americana L.","American basswood","Tiliaceae","tree","americana",0.672,"hw3",-2.48,2.4835,"Hippocastanaceae/Tiliaceae","hardwood","Hardwood",0.32,-2.4108,2.4177,0.10615,1.02416,NA,"Check",1522.53686901366,1258.23854159974,NA
"Tilia","TIAM","NEON.PLA.D05.TREE.00479","TREE_051","TREE","D05",2018-10-09,"Live","single bole tree",NA,130,NA,20.3,33.8,NA,41,"Tilia americana L.",8.6,63.7,"2018",951,"mixed hardwood","Tilia americana L.","American basswood","Tiliaceae","tree","americana",0.672,"hw3",-2.48,2.4835,"Hippocastanaceae/Tiliaceae","hardwood","Hardwood",0.32,-2.4108,2.4177,0.10615,1.02416,NA,"Check",524.824752960195,446.13343200603,NA
"Tilia","TIAM","NEON.PLA.D05.TREE.00096","TREE_056","TREE","D05",2018-10-09,"Live","single bole tree",NA,130,NA,20.1,33,NA,21,"Tilia americana L.",5.5,2.1,"2018",951,"mixed hardwood","Tilia americana L.","American basswood","Tiliaceae","tree","americana",0.672,"hw3",-2.48,2.4835,"Hippocastanaceae/Tiliaceae","hardwood","Hardwood",0.32,-2.4108,2.4177,0.10615,1.02416,NA,"Check",494.514527554895,421.030943658358,NA
"Tilia","TIAM","NEON.PLA.D05.TREE.00527","TREE_042","TREE","D05",2016-09-28,"Live","single bole tree",NA,130,NA,20.4,49.8,NA,43,"Tilia americana L.",6.5,323,"2016",951,"mixed hardwood","Tilia americana L.","American basswood","Tiliaceae","tree","americana",0.672,"hw3",-2.48,2.4835,"Hippocastanaceae/Tiliaceae","hardwood","Hardwood",0.32,-2.4108,2.4177,0.10615,1.02416,NA,"Check",1374.10132257502,1138.66047307749,NA
"Tilia","TIAM","NEON.PLA.D05.TREE.00479","TREE_051","TREE","D05",2017-09-26,"Live","single bole tree",NA,130,NA,18.5,33.3,NA,41,"Tilia americana L.",8.6,63.7,"2017",951,"mixed hardwood","Tilia americana L.","American basswood","Tiliaceae","tree","americana",0.672,"hw3",-2.48,2.4835,"Hippocastanaceae/Tiliaceae","hardwood","Hardwood",0.32,-2.4108,2.4177,0.10615,1.02416,NA,"Check",505.75471329226,430.344529252801,NA
"Tilia","TIAM","NEON.PLA.D05.TREE.00527","TREE_042","TREE","D05",2015-07-27,"Live","single bole tree","Full sun",130,NA,21,49.4,NA,43,"Tilia americana L.",6.5,323,"2015",951,"mixed hardwood","Tilia americana L.","American basswood","Tiliaceae","tree","americana",0.672,"hw3",-2.48,2.4835,"Hippocastanaceae/Tiliaceae","hardwood","Hardwood",0.32,-2.4108,2.4177,0.10615,1.02416,NA,"Check",1346.85413059402,1116.67426496435,NA
"Tilia","TIAM","NEON.PLA.D05.TREE.00527","TREE_042","TREE","D05",2019-10-23,"Live","single bole tree",NA,130,NA,21.9,51.7,NA,43,"Tilia americana L.",6.5,323,"2019",951,"mixed hardwood","Tilia americana L.","American basswood","Tiliaceae","tree","americana",0.672,"hw3",-2.48,2.4835,"Hippocastanaceae/Tiliaceae","hardwood","Hardwood",0.32,-2.4108,2.4177,0.10615,1.02416,NA,"Check",1508.00731656694,1246.54783585858,NA
"Tilia","TIAM","NEON.PLA.D05.TREE.00479","TREE_051","TREE","D05",2016-09-28,"Live","single bole tree",NA,130,NA,20,33.3,NA,41,"Tilia americana L.",8.6,63.7,"2016",951,"mixed hardwood","Tilia americana L.","American basswood","Tiliaceae","tree","americana",0.672,"hw3",-2.48,2.4835,"Hippocastanaceae/Tiliaceae","hardwood","Hardwood",0.32,-2.4108,2.4177,0.10615,1.02416,NA,"Check",505.75471329226,430.344529252801,NA
"Tilia","TIAM","NEON.PLA.D05.TREE.00096","TREE_056","TREE","D05",2021-09-22,"Live","single bole tree","Full sun",130,NA,22.3,56.3,NA,21,"Tilia americana L.",5.5,2.1,"2021",951,"mixed hardwood","Tilia americana L.","American basswood","Tiliaceae","tree","americana",0.672,"hw3",-2.48,2.4835,"Hippocastanaceae/Tiliaceae","hardwood","Hardwood",0.32,-2.4108,2.4177,0.10615,1.02416,NA,"Check",1863.53383981786,1531.8174383343,NA
"Tilia","TIAM","NEON.PLA.D05.TREE.00326","TREE_051","TREE","D05",2017-09-26,"Live","single bole tree",NA,130,NA,18.2,32.1,NA,41,"Tilia americana L.",1.2,339.5,"2017",951,"mixed hardwood","Tilia americana L.","American basswood","Tiliaceae","tree","americana",0.672,"hw3",-2.48,2.4835,"Hippocastanaceae/Tiliaceae","hardwood","Hardwood",0.32,-2.4108,2.4177,0.10615,1.02416,NA,"Check",461.694746497829,393.803960803103,NA
"Tilia","TIAM","NEON.PLA.D05.TREE.00479","TREE_051","TREE","D05",2015-08-03,"Live","single bole tree","Full sun",130,NA,18.1,33.1,NA,41,"Tilia americana L.",8.6,63.7,"2015",951,"mixed hardwood","Tilia americana L.","American basswood","Tiliaceae","tree","americana",0.672,"hw3",-2.48,2.4835,"Hippocastanaceae/Tiliaceae","hardwood","Hardwood",0.32,-2.4108,2.4177,0.10615,1.02416,NA,"Check",498.244493224606,424.122198117793,NA
"Tilia","TIAM","NEON.PLA.D05.TREE.00470","TREE_051","TREE","D05",2017-09-26,"Live","single bole tree",NA,130,NA,13.7,18.2,NA,43,"Tilia americana L.",3.8,329.6,"2017",951,"mixed hardwood","Tilia americana L.","American basswood","Tiliaceae","tree","americana",0.672,"hw3",-2.48,2.4835,"Hippocastanaceae/Tiliaceae","hardwood","Hardwood",0.32,-2.4108,2.4177,0.10615,1.02416,NA,"Check",112.807240846406,99.8797525578233,NA
"Tilia","TIAM","NEON.PLA.D05.TREE.00527","TREE_042","TREE","D05",2017-09-25,"Live","single bole tree",NA,130,NA,21.7,50.2,NA,43,"Tilia americana L.",6.5,323,"2017",951,"mixed hardwood","Tilia americana L.","American basswood","Tiliaceae","tree","americana",0.672,"hw3",-2.48,2.4835,"Hippocastanaceae/Tiliaceae","hardwood","Hardwood",0.32,-2.4108,2.4177,0.10615,1.02416,NA,"Check",1401.67512584129,1160.89847307272,NA
"Tilia","TIAM","NEON.PLA.D05.TREE.00470","TREE_051","TREE","D05",2015-08-03,"Live","single bole tree","Partially shaded",130,NA,13.7,17.7,NA,43,"Tilia americana L.",3.8,329.6,"2015",951,"mixed hardwood","Tilia americana L.","American basswood","Tiliaceae","tree","americana",0.672,"hw3",-2.48,2.4835,"Hippocastanaceae/Tiliaceae","hardwood","Hardwood",0.32,-2.4108,2.4177,0.10615,1.02416,NA,"Check",105.266768695692,93.3744010628357,NA
"Tilia","TIAM","NEON.PLA.D05.TREE.00470","TREE_051","TREE","D05",2018-10-09,"Live","single bole tree",NA,130,NA,16,18.9,NA,43,"Tilia americana L.",3.8,329.6,"2018",951,"mixed hardwood","Tilia americana L.","American basswood","Tiliaceae","tree","americana",0.672,"hw3",-2.48,2.4835,"Hippocastanaceae/Tiliaceae","hardwood","Hardwood",0.32,-2.4108,2.4177,0.10615,1.02416,NA,"Check",123.891803643674,109.42197946316,NA
"Tsuga","TSCA","NEON.PLA.D05.TREE.00544","TREE_042","TREE","D05",2020-10-06,"Live","single bole tree","Partially shaded",130,NA,14.1,23,NA,41,"Tsuga canadensis (L.) Carri√®re",10,32.9,"2020",261,"douglas","Tsuga canadensis (L.) CarriËre","eastern hemlock","Pinaceae","tree","canadensis",0.628,"sw2",-2.2304,2.4435,"TsugaBelow0.40spg","conifer","Conifer",0.38,-2.348,2.3876,0.42058,0.92076,NA,"Check",228.418647072442,170.426818905215,NA
"Tsuga","TSCA","NEON.PLA.D05.TREE.00872","TREE_025","TREE","D05",2015-08-04,"Standing dead","small tree","Full shade",130,NA,3.2,4,NA,NA,"Tsuga canadensis (L.) Carri√®re",NA,NA,"2015",261,"douglas","Tsuga canadensis (L.) CarriËre","eastern hemlock","Pinaceae","tree","canadensis",0.628,"sw2",-2.2304,2.4435,"TsugaBelow0.40spg","conifer","Conifer",0.38,-2.348,2.3876,0.42058,0.92076,NA,"Check",1.02046371238043,0.861714572080285,NA
"Tsuga","TSCA","NEON.PLA.D05.TREE.01160","TREE_039","TREE","D05",2018-10-17,"Live","single bole tree",NA,130,NA,11.4,12,NA,41,"Tsuga canadensis (L.) Carri√®re",10.1,36.5,"2018",261,"douglas","Tsuga canadensis (L.) CarriËre","eastern hemlock","Pinaceae","tree","canadensis",0.628,"sw2",-2.2304,2.4435,"TsugaBelow0.40spg","conifer","Conifer",0.38,-2.348,2.3876,0.42058,0.92076,NA,"Check",46.593889166046,36.0520279886085,NA
"Tsuga","TSCA","NEON.PLA.D05.TREE.00544","TREE_042","TREE","D05",2015-07-27,"Live","single bole tree","Mostly shaded",130,NA,12.6,22.9,NA,41,"Tsuga canadensis (L.) Carri√®re",10,32.9,"2015",261,"douglas","Tsuga canadensis (L.) CarriËre","eastern hemlock","Pinaceae","tree","canadensis",0.628,"sw2",-2.2304,2.4435,"TsugaBelow0.40spg","conifer","Conifer",0.38,-2.348,2.3876,0.42058,0.92076,NA,"Check",225.999557420463,168.662974093516,NA
"Tsuga","TSCA","NEON.PLA.D05.TREE.01348","TREE_040","TREE","D05",2017-10-19,"Live","single bole tree",NA,130,NA,10.1,32.5,NA,43,"Tsuga canadensis (L.) Carri√®re",4.5,244.4,"2017",261,"douglas","Tsuga canadensis (L.) CarriËre","eastern hemlock","Pinaceae","tree","canadensis",0.628,"sw2",-2.2304,2.4435,"TsugaBelow0.40spg","conifer","Conifer",0.38,-2.348,2.3876,0.42058,0.92076,NA,"Check",531.663174553729,389.08928328589,NA
"Tsuga","TSCA","NEON.PLA.D05.TREE.00544","TREE_042","TREE","D05",2019-10-23,"Live","single bole tree",NA,130,NA,8.3,23.3,NA,41,"Tsuga canadensis (L.) Carri√®re",10,32.9,"2019",261,"douglas","Tsuga canadensis (L.) CarriËre","eastern hemlock","Pinaceae","tree","canadensis",0.628,"sw2",-2.2304,2.4435,"TsugaBelow0.40spg","conifer","Conifer",0.38,-2.348,2.3876,0.42058,0.92076,NA,"Check",235.767414327098,175.782466309909,NA
"Tsuga","TSCA","NEON.PLA.D05.TREE.01195","TREE_039","TREE","D05",2017-10-17,"Live","small tree",NA,130,NA,5.1,6.4,NA,NA,"Tsuga canadensis (L.) Carri√®re",NA,NA,"2017",261,"douglas","Tsuga canadensis (L.) CarriËre","eastern hemlock","Pinaceae","tree","canadensis",0.628,"sw2",-2.2304,2.4435,"TsugaBelow0.40spg","conifer","Conifer",0.38,-2.348,2.3876,0.42058,0.92076,NA,"Check",3.2178422042845,2.64679501344123,NA
"Tsuga","TSCA","NEON.PLA.D05.TREE.01489","TREE_039","TREE","D05",2015-08-11,"Live","single bole tree","Partially shaded",130,NA,15.8,24.1,NA,41,"Tsuga canadensis (L.) Carri√®re",11.7,45.6,"2015",261,"douglas","Tsuga canadensis (L.) CarriËre","eastern hemlock","Pinaceae","tree","canadensis",0.628,"sw2",-2.2304,2.4435,"TsugaBelow0.40spg","conifer","Conifer",0.38,-2.348,2.3876,0.42058,0.92076,NA,"Check",256.040243232908,190.537493289602,NA
"Tsuga","TSCA","NEON.PLA.D05.TREE.01366A","TREE_040","TREE","D05",2016-10-20,"Live, physically damaged","multi-bole tree",NA,130,NA,NA,11.5,NA,23,"Tsuga canadensis (L.) Carri√®re",10.8,61.6,"2016",261,"douglas","Tsuga canadensis (L.) CarriËre","eastern hemlock","Pinaceae","tree","canadensis",0.628,"sw2",-2.2304,2.4435,"TsugaBelow0.40spg","conifer","Conifer",0.38,-2.348,2.3876,0.42058,0.92076,NA,"Check",41.99182602644,32.5685722393397,NA
"Tsuga","TSCA","NEON.PLA.D05.TREE.00798","TREE_052","TREE","D05",2016-09-29,"Dead, broken bole","single bole tree",NA,130,NA,NA,31.2,NA,23,"Tsuga canadensis (L.) Carri√®re",9,77.4,"2016",261,"douglas","Tsuga canadensis (L.) CarriËre","eastern hemlock","Pinaceae","tree","canadensis",0.628,"sw2",-2.2304,2.4435,"TsugaBelow0.40spg","conifer","Conifer",0.38,-2.348,2.3876,0.42058,0.92076,NA,"Check",481.189717145444,352.955590539277,NA
"Tsuga","TSCA","NEON.PLA.D05.TREE.01417","TREE_039","TREE","D05",2020-10-01,"Live","single bole tree","Full shade",130,NA,12.8,17.6,NA,41,"Tsuga canadensis (L.) Carri√®re",11.1,49.8,"2020",261,"douglas","Tsuga canadensis (L.) CarriËre","eastern hemlock","Pinaceae","tree","canadensis",0.628,"sw2",-2.2304,2.4435,"TsugaBelow0.40spg","conifer","Conifer",0.38,-2.348,2.3876,0.42058,0.92076,NA,"Check",118.784504764308,89.962725058261,NA
"Tsuga","TSCA","NEON.PLA.D05.TREE.00544","TREE_042","TREE","D05",2021-10-04,"Live","single bole tree","Full shade",130,NA,14.1,23.1,NA,41,"Tsuga canadensis (L.) Carri√®re",10,32.9,"2021",261,"douglas","Tsuga canadensis (L.) CarriËre","eastern hemlock","Pinaceae","tree","canadensis",0.628,"sw2",-2.2304,2.4435,"TsugaBelow0.40spg","conifer","Conifer",0.38,-2.348,2.3876,0.42058,0.92076,NA,"Check",230.852966897737,172.201337244202,NA
"Tsuga","TSCA","NEON.PLA.D05.TREE.01451","TREE_040","TREE","D05",2015-08-10,"Live","single bole tree","Partially shaded",130,NA,3.3,24.5,NA,59,"Tsuga canadensis (L.) Carri√®re",2.1,117.6,"2015",261,"douglas","Tsuga canadensis (L.) CarriËre","eastern hemlock","Pinaceae","tree","canadensis",0.628,"sw2",-2.2304,2.4435,"TsugaBelow0.40spg","conifer","Conifer",0.38,-2.348,2.3876,0.42058,0.92076,NA,"Check",266.548912335966,198.175288689816,NA
"Tsuga","TSCA","NEON.PLA.D05.TREE.01417","TREE_039","TREE","D05",2017-10-17,"Live","single bole tree",NA,130,NA,12.6,17.2,NA,41,"Tsuga canadensis (L.) Carri√®re",11.1,49.8,"2017",261,"douglas","Tsuga canadensis (L.) CarriËre","eastern hemlock","Pinaceae","tree","canadensis",0.628,"sw2",-2.2304,2.4435,"TsugaBelow0.40spg","conifer","Conifer",0.38,-2.348,2.3876,0.42058,0.92076,NA,"Check",112.295757118691,85.1577692444476,NA
"Tsuga","TSCA","NEON.PLA.D05.TREE.01195","TREE_039","TREE","D05",2021-09-30,"Standing dead","small tree","Mostly shaded",130,NA,4.1,6.2,NA,NA,"Tsuga canadensis (L.) Carri√®re",NA,NA,"2021",261,"douglas","Tsuga canadensis (L.) CarriËre","eastern hemlock","Pinaceae","tree","canadensis",0.628,"sw2",-2.2304,2.4435,"TsugaBelow0.40spg","conifer","Conifer",0.38,-2.348,2.3876,0.42058,0.92076,NA,"Check",2.97764603641333,2.4535753494055,NA
"Tsuga","TSCA","NEON.PLA.D05.TREE.00439","TREE_039","TREE","D05",2019-10-23,"Standing dead","single bole tree",NA,130,NA,7.4,15.5,NA,41,"Tsuga canadensis (L.) Carri√®re",6.5,20.8,"2019",261,"douglas","Tsuga canadensis (L.) CarriËre","eastern hemlock","Pinaceae","tree","canadensis",0.628,"sw2",-2.2304,2.4435,"TsugaBelow0.40spg","conifer","Conifer",0.38,-2.348,2.3876,0.42058,0.92076,NA,"Check",87.0813377414974,66.422087292934,NA
"Tsuga","TSCA","NEON.PLA.D05.TREE.01311","TREE_040","TREE","D05",2017-10-19,"Live","single bole tree",NA,130,NA,12.2,35.5,NA,25,"Tsuga canadensis (L.) Carri√®re",5.7,296.3,"2017",261,"douglas","Tsuga canadensis (L.) CarriËre","eastern hemlock","Pinaceae","tree","canadensis",0.628,"sw2",-2.2304,2.4435,"TsugaBelow0.40spg","conifer","Conifer",0.38,-2.348,2.3876,0.42058,0.92076,NA,"Check",659.678861982816,480.398643310564,NA
"Tsuga","TSCA","NEON.PLA.D05.TREE.00785","TREE_025","TREE","D05",2016-10-18,"Live","single bole tree",NA,130,NA,13.1,40.5,NA,39,"Tsuga canadensis (L.) Carri√®re",7.2,102.5,"2016",261,"douglas","Tsuga canadensis (L.) CarriËre","eastern hemlock","Pinaceae","tree","canadensis",0.628,"sw2",-2.2304,2.4435,"TsugaBelow0.40spg","conifer","Conifer",0.38,-2.348,2.3876,0.42058,0.92076,NA,"Check",910.261001974545,658.015569823419,NA
"Tsuga","TSCA","NEON.PLA.D05.TREE.01366","TREE_040","TREE","D05",2016-10-20,"Live, physically damaged","multi-bole tree",NA,130,NA,9.5,11.9,NA,23,"Tsuga canadensis (L.) Carri√®re",10.8,61.6,"2016",261,"douglas","Tsuga canadensis (L.) CarriËre","eastern hemlock","Pinaceae","tree","canadensis",0.628,"sw2",-2.2304,2.4435,"TsugaBelow0.40spg","conifer","Conifer",0.38,-2.348,2.3876,0.42058,0.92076,NA,"Check",45.6508205043179,35.3388556114006,NA
"Tsuga","TSCA","NEON.PLA.D05.TREE.00246","TREE_056","TREE","D05",2015-07-29,"Live","single bole tree","Partially shaded",130,NA,9.3,23.3,NA,41,"Tsuga canadensis (L.) Carri√®re",3.7,0.4,"2015",261,"douglas","Tsuga canadensis (L.) CarriËre","eastern hemlock","Pinaceae","tree","canadensis",0.628,"sw2",-2.2304,2.4435,"TsugaBelow0.40spg","conifer","Conifer",0.38,-2.348,2.3876,0.42058,0.92076,NA,"Check",235.767414327098,175.782466309909,NA
"Tsuga","TSCA","NEON.PLA.D05.TREE.00872","TREE_025","TREE","D05",2016-10-18,"Standing dead","small tree",NA,130,NA,3.5,4.1,NA,NA,"Tsuga canadensis (L.) Carri√®re",NA,NA,"2016",261,"douglas","Tsuga canadensis (L.) CarriËre","eastern hemlock","Pinaceae","tree","canadensis",0.628,"sw2",-2.2304,2.4435,"TsugaBelow0.40spg","conifer","Conifer",0.38,-2.348,2.3876,0.42058,0.92076,NA,"Check",1.08393023580533,0.914045338559243,NA
"Tsuga","TSCA","NEON.PLA.D05.TREE.01160","TREE_039","TREE","D05",2016-10-18,"Live","single bole tree",NA,130,NA,6.3,11.7,NA,41,"Tsuga canadensis (L.) Carri√®re",10.1,36.5,"2016",261,"douglas","Tsuga canadensis (L.) CarriËre","eastern hemlock","Pinaceae","tree","canadensis",0.628,"sw2",-2.2304,2.4435,"TsugaBelow0.40spg","conifer","Conifer",0.38,-2.348,2.3876,0.42058,0.92076,NA,"Check",43.7987524871117,33.9372869069838,NA
"Tsuga","TSCA","NEON.PLA.D05.TREE.00647","TREE_042","TREE","D05",2016-09-28,"Live, insect damaged","single bole tree",NA,130,NA,17.6,24.5,NA,41,"Tsuga canadensis (L.) Carri√®re",9.7,41.3,"2016",261,"douglas","Tsuga canadensis (L.) CarriËre","eastern hemlock","Pinaceae","tree","canadensis",0.628,"sw2",-2.2304,2.4435,"TsugaBelow0.40spg","conifer","Conifer",0.38,-2.348,2.3876,0.42058,0.92076,NA,"Check",266.548912335966,198.175288689816,NA
"Tsuga","TSCA","NEON.PLA.D05.TREE.01366","TREE_040","TREE","D05",2019-10-23,"Live","single bole tree",NA,130,NA,7.3,12.6,NA,23,"Tsuga canadensis (L.) Carri√®re",10.8,61.6,"2019",261,"douglas","Tsuga canadensis (L.) CarriËre","eastern hemlock","Pinaceae","tree","canadensis",0.628,"sw2",-2.2304,2.4435,"TsugaBelow0.40spg","conifer","Conifer",0.38,-2.348,2.3876,0.42058,0.92076,NA,"Check",52.4934376638088,40.5061782963403,NA
"Tsuga","TSCA","NEON.PLA.D05.TREE.00787A","TREE_057","TREE","D05",2017-10-17,"Live","multi-bole tree",NA,130,NA,NA,22.8,NA,43,"Tsuga canadensis (L.) Carri√®re",9.3,256.1,"2017",261,"douglas","Tsuga canadensis (L.) CarriËre","eastern hemlock","Pinaceae","tree","canadensis",0.628,"sw2",-2.2304,2.4435,"TsugaBelow0.40spg","conifer","Conifer",0.38,-2.348,2.3876,0.42058,0.92076,NA,"Check",223.595668538394,166.909784797854,NA
"Tsuga","TSCA","NEON.PLA.D05.TREE.01195","TREE_039","TREE","D05",2015-08-11,"Standing dead","single bole tree","Full shade",130,NA,6.7,6.9,NA,NA,"Tsuga canadensis (L.) Carri√®re",NA,NA,"2015",261,"douglas","Tsuga canadensis (L.) CarriËre","eastern hemlock","Pinaceae","tree","canadensis",0.628,"sw2",-2.2304,2.4435,"TsugaBelow0.40spg","conifer","Conifer",0.38,-2.348,2.3876,0.42058,0.92076,NA,"Check",3.86715634287479,3.16753258263225,NA
"Tsuga","TSCA","NEON.PLA.D05.TREE.01489","TREE_039","TREE","D05",2019-10-23,"Live","single bole tree",NA,130,NA,13.7,25.3,NA,41,"Tsuga canadensis (L.) Carri√®re",11.7,45.6,"2019",261,"douglas","Tsuga canadensis (L.) CarriËre","eastern hemlock","Pinaceae","tree","canadensis",0.628,"sw2",-2.2304,2.4435,"TsugaBelow0.40spg","conifer","Conifer",0.38,-2.348,2.3876,0.42058,0.92076,NA,"Check",288.319875029099,213.977009124607,NA
"Tsuga","TSCA","NEON.PLA.D05.TREE.00785","TREE_025","TREE","D05",2015-08-04,"Live, physically damaged","single bole tree","Partially shaded",130,NA,13.1,40.2,NA,39,"Tsuga canadensis (L.) Carri√®re",7.2,102.5,"2015",261,"douglas","Tsuga canadensis (L.) CarriËre","eastern hemlock","Pinaceae","tree","canadensis",0.628,"sw2",-2.2304,2.4435,"TsugaBelow0.40spg","conifer","Conifer",0.38,-2.348,2.3876,0.42058,0.92076,NA,"Check",893.873265384567,646.43770661191,NA
"Tsuga","TSCA","NEON.PLA.D05.TREE.01195","TREE_039","TREE","D05",2016-10-18,"Standing dead","small tree",NA,130,NA,NA,6,NA,NA,"Tsuga canadensis (L.) Carri√®re",NA,NA,"2016",261,"douglas","Tsuga canadensis (L.) CarriËre","eastern hemlock","Pinaceae","tree","canadensis",0.628,"sw2",-2.2304,2.4435,"TsugaBelow0.40spg","conifer","Conifer",0.38,-2.348,2.3876,0.42058,0.92076,NA,"Check",2.74837859404947,2.26881417717416,NA
"Tsuga","TSCA","NEON.PLA.D05.TREE.00849","TREE_025","TREE","D05",2017-10-18,"Live","single bole tree",NA,130,NA,13.7,24,NA,23,"Tsuga canadensis (L.) Carri√®re",8.1,317.4,"2017",261,"douglas","Tsuga canadensis (L.) CarriËre","eastern hemlock","Pinaceae","tree","canadensis",0.628,"sw2",-2.2304,2.4435,"TsugaBelow0.40spg","conifer","Conifer",0.38,-2.348,2.3876,0.42058,0.92076,NA,"Check",253.452019887163,188.655259433163,NA
"Tsuga","TSCA","NEON.PLA.D05.TREE.00544","TREE_042","TREE","D05",2018-10-10,"Live","single bole tree",NA,130,NA,11.9,23.2,NA,41,"Tsuga canadensis (L.) Carri√®re",10,32.9,"2018",261,"douglas","Tsuga canadensis (L.) CarriËre","eastern hemlock","Pinaceae","tree","canadensis",0.628,"sw2",-2.2304,2.4435,"TsugaBelow0.40spg","conifer","Conifer",0.38,-2.348,2.3876,0.42058,0.92076,NA,"Check",233.302546228699,173.986547073834,NA
"Tsuga","TSCA","NEON.PLA.D05.TREE.01366","TREE_040","TREE","D05",2017-10-19,"Live","multi-bole tree",NA,130,NA,9.9,12.2,NA,23,"Tsuga canadensis (L.) Carri√®re",10.8,61.6,"2017",261,"douglas","Tsuga canadensis (L.) CarriËre","eastern hemlock","Pinaceae","tree","canadensis",0.628,"sw2",-2.2304,2.4435,"TsugaBelow0.40spg","conifer","Conifer",0.38,-2.348,2.3876,0.42058,0.92076,NA,"Check",48.5143071912194,37.5032830960644,NA
"Tsuga","TSCA","NEON.PLA.D05.TREE.01417","TREE_039","TREE","D05",2015-08-11,"Live","single bole tree","Mostly shaded",130,NA,12.1,16.8,NA,41,"Tsuga canadensis (L.) Carri√®re",11.1,49.8,"2015",261,"douglas","Tsuga canadensis (L.) CarriËre","eastern hemlock","Pinaceae","tree","canadensis",0.628,"sw2",-2.2304,2.4435,"TsugaBelow0.40spg","conifer","Conifer",0.38,-2.348,2.3876,0.42058,0.92076,NA,"Check",106.021224896556,80.5053972846005,NA
"Tsuga","TSCA","NEON.PLA.D05.TREE.01368","TREE_040","TREE","D05",2015-08-10,"Live, physically damaged","multi-bole tree","Mostly shaded",130,NA,12.9,33.8,NA,23,"Tsuga canadensis (L.) Carri√®re",10.9,10.8,"2015",261,"douglas","Tsuga canadensis (L.) CarriËre","eastern hemlock","Pinaceae","tree","canadensis",0.628,"sw2",-2.2304,2.4435,"TsugaBelow0.40spg","conifer","Conifer",0.38,-2.348,2.3876,0.42058,0.92076,NA,"Check",585.136978369532,427.28541623183,NA
"Tsuga","TSCA","NEON.PLA.D05.TREE.00872","TREE_025","TREE","D05",2017-10-18,"Dead, broken bole","small tree",NA,130,NA,2,4.1,NA,NA,"Tsuga canadensis (L.) Carri√®re",NA,NA,"2017",261,"douglas","Tsuga canadensis (L.) CarriËre","eastern hemlock","Pinaceae","tree","canadensis",0.628,"sw2",-2.2304,2.4435,"TsugaBelow0.40spg","conifer","Conifer",0.38,-2.348,2.3876,0.42058,0.92076,NA,"Check",1.08393023580533,0.914045338559243,NA
"Tsuga","TSCA","NEON.PLA.D05.TREE.00882","TREE_025","TREE","D05",2016-10-18,"Live","single bole tree",NA,130,NA,13.8,29.3,NA,23,"Tsuga canadensis (L.) Carri√®re",7,91.5,"2016",261,"douglas","Tsuga canadensis (L.) CarriËre","eastern hemlock","Pinaceae","tree","canadensis",0.628,"sw2",-2.2304,2.4435,"TsugaBelow0.40spg","conifer","Conifer",0.38,-2.348,2.3876,0.42058,0.92076,NA,"Check",412.705843313629,303.787350971564,NA
"Tsuga","TSCA","NEON.PLA.D05.TREE.00854","TREE_025","TREE","D05",2017-10-18,"Live","single bole tree",NA,130,NA,12,23.1,NA,21,"Tsuga canadensis (L.) Carri√®re",11.4,56.6,"2017",261,"douglas","Tsuga canadensis (L.) CarriËre","eastern hemlock","Pinaceae","tree","canadensis",0.628,"sw2",-2.2304,2.4435,"TsugaBelow0.40spg","conifer","Conifer",0.38,-2.348,2.3876,0.42058,0.92076,NA,"Check",230.852966897737,172.201337244202,NA
"Tsuga","TSCA","NEON.PLA.D05.TREE.00787A","TREE_057","TREE","D05",2016-10-18,"Live","multi-bole tree",NA,140,NA,10.6,22.1,NA,43,"Tsuga canadensis (L.) Carri√®re",9.3,256.1,"2016",261,"douglas","Tsuga canadensis (L.) CarriËre","eastern hemlock","Pinaceae","tree","canadensis",0.628,"sw2",-2.2304,2.4435,"TsugaBelow0.40spg","conifer","Conifer",0.38,-2.348,2.3876,0.42058,0.92076,NA,"Check",207.191582886944,154.93429101666,NA
"Tsuga","TSCA","NEON.PLA.D05.TREE.00838","TREE_025","TREE","D05",2015-08-04,"Live","single bole tree","Full sun",130,NA,14.1,37.7,NA,39,"Tsuga canadensis (L.) Carri√®re",3.1,162.6,"2015",261,"douglas","Tsuga canadensis (L.) CarriËre","eastern hemlock","Pinaceae","tree","canadensis",0.628,"sw2",-2.2304,2.4435,"TsugaBelow0.40spg","conifer","Conifer",0.38,-2.348,2.3876,0.42058,0.92076,NA,"Check",764.081486191892,554.560795789205,NA
"Tsuga","TSCA","NEON.PLA.D05.TREE.00787","TREE_057","TREE","D05",2017-10-17,"Live","multi-bole tree",NA,130,NA,11.2,30.5,NA,43,"Tsuga canadensis (L.) Carri√®re",9.3,256.1,"2017",261,"douglas","Tsuga canadensis (L.) CarriËre","eastern hemlock","Pinaceae","tree","canadensis",0.628,"sw2",-2.2304,2.4435,"TsugaBelow0.40spg","conifer","Conifer",0.38,-2.348,2.3876,0.42058,0.92076,NA,"Check",455.235629259725,334.341936008325,NA
"Tsuga","TSCA","NEON.PLA.D05.TREE.01160","TREE_039","TREE","D05",2018-10-17,"Live","single bole tree",NA,130,NA,10.8,12,NA,41,"Tsuga canadensis (L.) Carri√®re",10.1,36.5,"2018",261,"douglas","Tsuga canadensis (L.) CarriËre","eastern hemlock","Pinaceae","tree","canadensis",0.628,"sw2",-2.2304,2.4435,"TsugaBelow0.40spg","conifer","Conifer",0.38,-2.348,2.3876,0.42058,0.92076,NA,"Check",46.593889166046,36.0520279886085,NA
"Tsuga","TSCA","NEON.PLA.D05.TREE.00439","TREE_039","TREE","D05",2021-09-30,"Standing dead","single bole tree","Mostly shaded",130,NA,8.5,15.7,NA,41,"Tsuga canadensis (L.) Carri√®re",6.5,20.8,"2021",261,"douglas","Tsuga canadensis (L.) CarriËre","eastern hemlock","Pinaceae","tree","canadensis",0.628,"sw2",-2.2304,2.4435,"TsugaBelow0.40spg","conifer","Conifer",0.38,-2.348,2.3876,0.42058,0.92076,NA,"Check",89.8525461521907,68.4867514324629,NA
"Tsuga","TSCA","NEON.PLA.D05.TREE.00439","TREE_039","TREE","D05",2017-10-17,"Live","single bole tree",NA,130,NA,7.7,15.6,NA,41,"Tsuga canadensis (L.) Carri√®re",6.5,20.8,"2017",261,"douglas","Tsuga canadensis (L.) CarriËre","eastern hemlock","Pinaceae","tree","canadensis",0.628,"sw2",-2.2304,2.4435,"TsugaBelow0.40spg","conifer","Conifer",0.38,-2.348,2.3876,0.42058,0.92076,NA,"Check",88.4605313403995,67.4498281526364,NA
"Tsuga","TSCA","NEON.PLA.D05.TREE.00439","TREE_039","TREE","D05",2015-08-11,"Live, physically damaged","single bole tree","Partially shaded",130,NA,7.2,15.7,NA,41,"Tsuga canadensis (L.) Carri√®re",6.5,20.8,"2015",261,"douglas","Tsuga canadensis (L.) CarriËre","eastern hemlock","Pinaceae","tree","canadensis",0.628,"sw2",-2.2304,2.4435,"TsugaBelow0.40spg","conifer","Conifer",0.38,-2.348,2.3876,0.42058,0.92076,NA,"Check",89.8525461521907,68.4867514324629,NA
"Tsuga","TSCA","NEON.PLA.D05.TREE.00838","TREE_025","TREE","D05",2018-10-17,"Live","single bole tree",NA,130,NA,16.4,38.4,NA,39,"Tsuga canadensis (L.) Carri√®re",3.1,162.6,"2018",261,"douglas","Tsuga canadensis (L.) CarriËre","eastern hemlock","Pinaceae","tree","canadensis",0.628,"sw2",-2.2304,2.4435,"TsugaBelow0.40spg","conifer","Conifer",0.38,-2.348,2.3876,0.42058,0.92076,NA,"Check",799.213726523984,579.463103103512,NA
"Tsuga","TSCA","NEON.PLA.D05.TREE.01366A","TREE_040","TREE","D05",2017-10-19,"Live","multi-bole tree",NA,130,NA,NA,11.7,NA,23,"Tsuga canadensis (L.) Carri√®re",10.8,61.6,"2017",261,"douglas","Tsuga canadensis (L.) CarriËre","eastern hemlock","Pinaceae","tree","canadensis",0.628,"sw2",-2.2304,2.4435,"TsugaBelow0.40spg","conifer","Conifer",0.38,-2.348,2.3876,0.42058,0.92076,NA,"Check",43.7987524871117,33.9372869069838,NA
"Tsuga","TSCA","NEON.PLA.D05.TREE.01417","TREE_039","TREE","D05",2016-10-18,"Live","single bole tree",NA,130,NA,11.1,17,NA,41,"Tsuga canadensis (L.) Carri√®re",11.1,49.8,"2016",261,"douglas","Tsuga canadensis (L.) CarriËre","eastern hemlock","Pinaceae","tree","canadensis",0.628,"sw2",-2.2304,2.4435,"TsugaBelow0.40spg","conifer","Conifer",0.38,-2.348,2.3876,0.42058,0.92076,NA,"Check",109.131852396675,82.8125964011003,NA
"Tsuga","TSCA","NEON.PLA.D05.TREE.00647","TREE_042","TREE","D05",2018-10-10,"Live","single bole tree",NA,130,NA,18.2,27.2,NA,41,"Tsuga canadensis (L.) Carri√®re",9.7,41.3,"2018",261,"douglas","Tsuga canadensis (L.) CarriËre","eastern hemlock","Pinaceae","tree","canadensis",0.628,"sw2",-2.2304,2.4435,"TsugaBelow0.40spg","conifer","Conifer",0.38,-2.348,2.3876,0.42058,0.92076,NA,"Check",344.12696523485,254.362609507005,NA
"Tsuga","TSCA","NEON.PLA.D05.TREE.01171","TREE_039","TREE","D05",2021-09-30,"Live","single bole tree","Mostly shaded",130,NA,16.3,33.6,NA,41,"Tsuga canadensis (L.) Carri√®re",4.9,77.2,"2021",261,"douglas","Tsuga canadensis (L.) CarriËre","eastern hemlock","Pinaceae","tree","canadensis",0.628,"sw2",-2.2304,2.4435,"TsugaBelow0.40spg","conifer","Conifer",0.38,-2.348,2.3876,0.42058,0.92076,NA,"Check",576.712828267725,421.273572052454,NA
"Tsuga","TSCA","NEON.PLA.D05.TREE.01417","TREE_039","TREE","D05",2018-10-17,"Live","single bole tree",NA,130,NA,12.7,17.4,NA,41,"Tsuga canadensis (L.) Carri√®re",11.1,49.8,"2018",261,"douglas","Tsuga canadensis (L.) CarriËre","eastern hemlock","Pinaceae","tree","canadensis",0.628,"sw2",-2.2304,2.4435,"TsugaBelow0.40spg","conifer","Conifer",0.38,-2.348,2.3876,0.42058,0.92076,NA,"Check",115.513216143402,87.5410883573816,NA
"Tsuga","TSCA","NEON.PLA.D05.TREE.00870","TREE_025","TREE","D05",2018-10-17,"Live","single bole tree",NA,130,NA,10.4,22.4,NA,23,"Tsuga canadensis (L.) Carri√®re",10.3,315,"2018",261,"douglas","Tsuga canadensis (L.) CarriËre","eastern hemlock","Pinaceae","tree","canadensis",0.628,"sw2",-2.2304,2.4435,"TsugaBelow0.40spg","conifer","Conifer",0.38,-2.348,2.3876,0.42058,0.92076,NA,"Check",214.13153012678,160.003220855247,NA
"Tsuga","TSCA","NEON.PLA.D05.TREE.00798","TREE_052","TREE","D05",2015-08-03,"Standing dead","single bole tree","Partially shaded",130,NA,9.7,32.3,NA,23,"Tsuga canadensis (L.) Carri√®re",9,77.4,"2015",261,"douglas","Tsuga canadensis (L.) CarriËre","eastern hemlock","Pinaceae","tree","canadensis",0.628,"sw2",-2.2304,2.4435,"TsugaBelow0.40spg","conifer","Conifer",0.38,-2.348,2.3876,0.42058,0.92076,NA,"Check",523.704072190859,383.396813300672,NA
"Tsuga","TSCA","NEON.PLA.D05.TREE.01500","TREE_039","TREE","D05",2019-10-23,"Live","single bole tree",NA,130,NA,11,46.6,NA,61,"Tsuga canadensis (L.) Carri√®re",9.8,210,"2019",261,"douglas","Tsuga canadensis (L.) CarriËre","eastern hemlock","Pinaceae","tree","canadensis",0.628,"sw2",-2.2304,2.4435,"TsugaBelow0.40spg","conifer","Conifer",0.38,-2.348,2.3876,0.42058,0.92076,NA,"Check",1282.47992288916,919.845252421737,NA
"Tsuga","TSCA","NEON.PLA.D05.TREE.01500","TREE_039","TREE","D05",2018-10-17,"Live","single bole tree",NA,130,NA,14.1,45.4,NA,61,"Tsuga canadensis (L.) Carri√®re",9.8,210,"2018",261,"douglas","Tsuga canadensis (L.) CarriËre","eastern hemlock","Pinaceae","tree","canadensis",0.628,"sw2",-2.2304,2.4435,"TsugaBelow0.40spg","conifer","Conifer",0.38,-2.348,2.3876,0.42058,0.92076,NA,"Check",1203.2768574412,864.297209397908,NA
"Tsuga","TSCA","NEON.PLA.D05.TREE.00859","TREE_052","TREE","D05",2016-09-29,"Live","single bole tree",NA,130,NA,10.5,22.6,NA,41,"Tsuga canadensis (L.) Carri√®re",8.2,232.3,"2016",261,"douglas","Tsuga canadensis (L.) CarriËre","eastern hemlock","Pinaceae","tree","canadensis",0.628,"sw2",-2.2304,2.4435,"TsugaBelow0.40spg","conifer","Conifer",0.38,-2.348,2.3876,0.42058,0.92076,NA,"Check",218.833375112152,163.435300468134,NA
"Tsuga","TSCA","NEON.PLA.D05.TREE.00361","TREE_052","TREE","D05",2017-09-26,"Live","single bole tree",NA,130,NA,14,26.9,NA,23,"Tsuga canadensis (L.) Carri√®re",0.5,273.1,"2017",261,"douglas","Tsuga canadensis (L.) CarriËre","eastern hemlock","Pinaceae","tree","canadensis",0.628,"sw2",-2.2304,2.4435,"TsugaBelow0.40spg","conifer","Conifer",0.38,-2.348,2.3876,0.42058,0.92076,NA,"Check",334.926324685619,247.715453347948,NA
"Tsuga","TSCA","NEON.PLA.D05.TREE.01351","TREE_040","TREE","D05",2016-10-20,"Live","single bole tree",NA,130,NA,10.3,30,NA,25,"Tsuga canadensis (L.) Carri√®re",11.6,334.2,"2016",261,"douglas","Tsuga canadensis (L.) CarriËre","eastern hemlock","Pinaceae","tree","canadensis",0.628,"sw2",-2.2304,2.4435,"TsugaBelow0.40spg","conifer","Conifer",0.38,-2.348,2.3876,0.42058,0.92076,NA,"Check",437.21532228748,321.403990254992,NA
"Tsuga","TSCA","NEON.PLA.D05.TREE.01195","TREE_039","TREE","D05",2018-10-17,"Standing dead","small tree",NA,130,NA,4.9,6.5,NA,NA,"Tsuga canadensis (L.) Carri√®re",NA,NA,"2018",261,"douglas","Tsuga canadensis (L.) CarriËre","eastern hemlock","Pinaceae","tree","canadensis",0.628,"sw2",-2.2304,2.4435,"TsugaBelow0.40spg","conifer","Conifer",0.38,-2.348,2.3876,0.42058,0.92076,NA,"Check",3.3420870991961,2.74660959064383,NA
"Tsuga","TSCA","NEON.PLA.D05.TREE.01310","TREE_040","TREE","D05",2019-10-23,"Live","single bole tree",NA,130,NA,9.7,19.4,NA,25,"Tsuga canadensis (L.) Carri√®re",10.2,338,"2019",261,"douglas","Tsuga canadensis (L.) CarriËre","eastern hemlock","Pinaceae","tree","canadensis",0.628,"sw2",-2.2304,2.4435,"TsugaBelow0.40spg","conifer","Conifer",0.38,-2.348,2.3876,0.42058,0.92076,NA,"Check",150.693012400096,113.509436285741,NA
"Tsuga","TSCA","NEON.PLA.D05.TREE.01368","TREE_040","TREE","D05",2018-10-18,"Standing dead","multi-bole tree",NA,130,NA,13.6,33.4,NA,23,"Tsuga canadensis (L.) Carri√®re",10.9,10.8,"2018",261,"douglas","Tsuga canadensis (L.) CarriËre","eastern hemlock","Pinaceae","tree","canadensis",0.628,"sw2",-2.2304,2.4435,"TsugaBelow0.40spg","conifer","Conifer",0.38,-2.348,2.3876,0.42058,0.92076,NA,"Check",568.360750711835,415.311178432467,NA
"Tsuga","TSCA","NEON.PLA.D05.TREE.01160","TREE_039","TREE","D05",2017-10-17,"Live","single bole tree",NA,130,NA,14,11.9,NA,41,"Tsuga canadensis (L.) Carri√®re",10.1,36.5,"2017",261,"douglas","Tsuga canadensis (L.) CarriËre","eastern hemlock","Pinaceae","tree","canadensis",0.628,"sw2",-2.2304,2.4435,"TsugaBelow0.40spg","conifer","Conifer",0.38,-2.348,2.3876,0.42058,0.92076,NA,"Check",45.6508205043179,35.3388556114006,NA
"Tsuga","TSCA","NEON.PLA.D05.TREE.01311","TREE_040","TREE","D05",2021-10-05,"Live","single bole tree","Partially shaded",130,NA,11,36.7,NA,25,"Tsuga canadensis (L.) Carri√®re",5.7,296.3,"2021",261,"douglas","Tsuga canadensis (L.) CarriËre","eastern hemlock","Pinaceae","tree","canadensis",0.628,"sw2",-2.2304,2.4435,"TsugaBelow0.40spg","conifer","Conifer",0.38,-2.348,2.3876,0.42058,0.92076,NA,"Check",715.502434130767,520.083710516869,NA
"Tsuga","TSCA","NEON.PLA.D05.TREE.01290","TREE_047","TREE","D05",2017-10-16,"Live,  other damage","single bole tree",NA,130,NA,7,22.2,NA,41,"Tsuga canadensis (L.) Carri√®re",9,21.8,"2017",261,"douglas","Tsuga canadensis (L.) CarriËre","eastern hemlock","Pinaceae","tree","canadensis",0.628,"sw2",-2.2304,2.4435,"TsugaBelow0.40spg","conifer","Conifer",0.38,-2.348,2.3876,0.42058,0.92076,NA,"Check",209.48989574689,156.613400110065,NA
"Tsuga","TSCA","NEON.PLA.D05.TREE.01455","TREE_039","TREE","D05",2018-10-17,"Live","single bole tree",NA,130,NA,18.5,22.3,NA,41,"Tsuga canadensis (L.) Carri√®re",7.5,10.5,"2018",261,"douglas","Tsuga canadensis (L.) CarriËre","eastern hemlock","Pinaceae","tree","canadensis",0.628,"sw2",-2.2304,2.4435,"TsugaBelow0.40spg","conifer","Conifer",0.38,-2.348,2.3876,0.42058,0.92076,NA,"Check",211.803201521947,158.303037270866,NA
"Tsuga","TSCA","NEON.PLA.D05.TREE.01160","TREE_039","TREE","D05",2015-08-11,"Live","single bole tree","Mostly shaded",130,NA,9.8,11.6,NA,41,"Tsuga canadensis (L.) Carri√®re",10.1,36.5,"2015",261,"douglas","Tsuga canadensis (L.) CarriËre","eastern hemlock","Pinaceae","tree","canadensis",0.628,"sw2",-2.2304,2.4435,"TsugaBelow0.40spg","conifer","Conifer",0.38,-2.348,2.3876,0.42058,0.92076,NA,"Check",42.8896679772996,33.2488364416338,NA
"Tsuga","TSCA","NEON.PLA.D05.TREE.01417","TREE_039","TREE","D05",2019-10-23,"Live","single bole tree",NA,130,NA,7.6,18.1,NA,41,"Tsuga canadensis (L.) Carri√®re",11.1,49.8,"2019",261,"douglas","Tsuga canadensis (L.) CarriËre","eastern hemlock","Pinaceae","tree","canadensis",0.628,"sw2",-2.2304,2.4435,"TsugaBelow0.40spg","conifer","Conifer",0.38,-2.348,2.3876,0.42058,0.92076,NA,"Check",127.20002165721,96.185569749645,NA
"Tsuga","TSCA","NEON.PLA.D05.TREE.01417","TREE_039","TREE","D05",2021-09-30,"Live","single bole tree","Full shade",130,NA,12.6,18,NA,41,"Tsuga canadensis (L.) Carri√®re",11.1,49.8,"2021",261,"douglas","Tsuga canadensis (L.) CarriËre","eastern hemlock","Pinaceae","tree","canadensis",0.628,"sw2",-2.2304,2.4435,"TsugaBelow0.40spg","conifer","Conifer",0.38,-2.348,2.3876,0.42058,0.92076,NA,"Check",125.48966322257,94.9216305104027,NA
"Tsuga","TSCA","NEON.PLA.D05.TREE.00785","TREE_025","TREE","D05",2018-10-17,"Live","single bole tree",NA,130,NA,13.1,41.2,NA,39,"Tsuga canadensis (L.) Carri√®re",7.2,102.5,"2018",261,"douglas","Tsuga canadensis (L.) CarriËre","eastern hemlock","Pinaceae","tree","canadensis",0.628,"sw2",-2.2304,2.4435,"TsugaBelow0.40spg","conifer","Conifer",0.38,-2.348,2.3876,0.42058,0.92076,NA,"Check",949.185149733151,685.496354432934,NA
"Tsuga","TSCA","NEON.PLA.D05.TREE.01351","TREE_040","TREE","D05",2017-10-19,"Live","single bole tree",NA,130,NA,11,31,NA,25,"Tsuga canadensis (L.) Carri√®re",11.6,334.2,"2017",261,"douglas","Tsuga canadensis (L.) CarriËre","eastern hemlock","Pinaceae","tree","canadensis",0.628,"sw2",-2.2304,2.4435,"TsugaBelow0.40spg","conifer","Conifer",0.38,-2.348,2.3876,0.42058,0.92076,NA,"Check",473.687458593654,347.577565242656,NA
"Tsuga","TSCA","NEON.PLA.D05.TREE.00361","TREE_052","TREE","D05",2018-08-29,"Live","single bole tree",NA,130,NA,14.6,27.3,NA,23,"Tsuga canadensis (L.) Carri√®re",0.5,273.1,"2018",261,"douglas","Tsuga canadensis (L.) CarriËre","eastern hemlock","Pinaceae","tree","canadensis",0.628,"sw2",-2.2304,2.4435,"TsugaBelow0.40spg","conifer","Conifer",0.38,-2.348,2.3876,0.42058,0.92076,NA,"Check",347.226622239412,256.601087465276,NA
"Tsuga","TSCA","NEON.PLA.D05.TREE.00361","TREE_052","TREE","D05",2016-09-29,"Live","single bole tree",NA,130,NA,14,26.5,NA,23,"Tsuga canadensis (L.) Carri√®re",0.5,273.1,"2016",261,"douglas","Tsuga canadensis (L.) CarriËre","eastern hemlock","Pinaceae","tree","canadensis",0.628,"sw2",-2.2304,2.4435,"TsugaBelow0.40spg","conifer","Conifer",0.38,-2.348,2.3876,0.42058,0.92076,NA,"Check",322.887238373054,239.011284068359,NA
"Tsuga","TSCA","NEON.PLA.D05.TREE.01007","TREE_039","TREE","D05",2015-08-11,"Live","small tree","Mostly shaded",130,NA,3.3,3.3,NA,NA,"Tsuga canadensis (L.) Carri√®re",NA,NA,"2015",261,"douglas","Tsuga canadensis (L.) CarriËre","eastern hemlock","Pinaceae","tree","canadensis",0.628,"sw2",-2.2304,2.4435,"TsugaBelow0.40spg","conifer","Conifer",0.38,-2.348,2.3876,0.42058,0.92076,NA,"Check",0.637753409576736,0.544363358372165,NA
"Tsuga","TSCA","NEON.PLA.D05.TREE.00787","TREE_057","TREE","D05",2016-10-18,"Live","multi-bole tree",NA,140,NA,10.6,29.7,NA,43,"Tsuga canadensis (L.) Carri√®re",9.3,256.1,"2016",261,"douglas","Tsuga canadensis (L.) CarriËre","eastern hemlock","Pinaceae","tree","canadensis",0.628,"sw2",-2.2304,2.4435,"TsugaBelow0.40spg","conifer","Conifer",0.38,-2.348,2.3876,0.42058,0.92076,NA,"Check",426.608958863086,313.783320804006,NA
"Tsuga","TSCA","NEON.PLA.D05.TREE.01290","TREE_047","TREE","D05",2015-08-06,"Live","single bole tree","Partially shaded",130,NA,8.7,22,NA,41,"Tsuga canadensis (L.) Carri√®re",9,21.8,"2015",261,"douglas","Tsuga canadensis (L.) CarriËre","eastern hemlock","Pinaceae","tree","canadensis",0.628,"sw2",-2.2304,2.4435,"TsugaBelow0.40spg","conifer","Conifer",0.38,-2.348,2.3876,0.42058,0.92076,NA,"Check",204.908232952362,153.265691583763,NA
"Tsuga","TSCA","NEON.PLA.D05.TREE.01455","TREE_039","TREE","D05",2015-08-11,"Live","single bole tree","Partially shaded",130,NA,12.9,21.9,NA,41,"Tsuga canadensis (L.) Carri√®re",7.5,10.5,"2015",261,"douglas","Tsuga canadensis (L.) CarriËre","eastern hemlock","Pinaceae","tree","canadensis",0.628,"sw2",-2.2304,2.4435,"TsugaBelow0.40spg","conifer","Conifer",0.38,-2.348,2.3876,0.42058,0.92076,NA,"Check",202.639815877782,151.607583353405,NA
"Tsuga","TSCA","NEON.PLA.D05.TREE.01331","TREE_045","TREE","D05",2016-10-18,"Live","single bole tree",NA,130,NA,17.6,33.6,NA,41,"Tsuga canadensis (L.) Carri√®re",10.9,226.3,"2016",261,"douglas","Tsuga canadensis (L.) CarriËre","eastern hemlock","Pinaceae","tree","canadensis",0.628,"sw2",-2.2304,2.4435,"TsugaBelow0.40spg","conifer","Conifer",0.38,-2.348,2.3876,0.42058,0.92076,NA,"Check",576.712828267725,421.273572052454,NA
"Tsuga","TSCA","NEON.PLA.D05.TREE.01500","TREE_039","TREE","D05",2021-09-30,"Live","single bole tree","Partially shaded",130,NA,15.2,45,NA,61,"Tsuga canadensis (L.) Carri√®re",9.8,210,"2021",261,"douglas","Tsuga canadensis (L.) CarriËre","eastern hemlock","Pinaceae","tree","canadensis",0.628,"sw2",-2.2304,2.4435,"TsugaBelow0.40spg","conifer","Conifer",0.38,-2.348,2.3876,0.42058,0.92076,NA,"Check",1177.53646522354,846.226759204592,NA
"Tsuga","TSCA","NEON.PLA.D05.TREE.00647","TREE_042","TREE","D05",2020-10-06,"Live","single bole tree","Partially shaded",130,NA,16.1,27.5,NA,41,"Tsuga canadensis (L.) Carri√®re",9.7,41.3,"2020",261,"douglas","Tsuga canadensis (L.) CarriËre","eastern hemlock","Pinaceae","tree","canadensis",0.628,"sw2",-2.2304,2.4435,"TsugaBelow0.40spg","conifer","Conifer",0.38,-2.348,2.3876,0.42058,0.92076,NA,"Check",353.475261903656,261.112279573973,NA
"Tsuga","TSCA","NEON.PLA.D05.TREE.00647","TREE_042","TREE","D05",2017-09-25,"Live","single bole tree",NA,130,NA,17.4,27,NA,41,"Tsuga canadensis (L.) Carri√®re",9.7,41.3,"2017",261,"douglas","Tsuga canadensis (L.) CarriËre","eastern hemlock","Pinaceae","tree","canadensis",0.628,"sw2",-2.2304,2.4435,"TsugaBelow0.40spg","conifer","Conifer",0.38,-2.348,2.3876,0.42058,0.92076,NA,"Check",337.976843263596,249.919808716457,NA
"Tsuga","TSCA","NEON.PLA.D05.TREE.01366","TREE_040","TREE","D05",2020-09-29,"Live","multi-bole tree","Full shade",130,NA,6.9,13,NA,23,"Tsuga canadensis (L.) Carri√®re",10.8,61.6,"2020",261,"douglas","Tsuga canadensis (L.) CarriËre","eastern hemlock","Pinaceae","tree","canadensis",0.628,"sw2",-2.2304,2.4435,"TsugaBelow0.40spg","conifer","Conifer",0.38,-2.348,2.3876,0.42058,0.92076,NA,"Check",56.659164869195,43.6443172966258,NA
"Tsuga","TSCA","NEON.PLA.D05.TREE.01356","TREE_040","TREE","D05",2020-09-29,"Live,  other damage","single bole tree","Mostly shaded",130,NA,12,21,NA,23,"Tsuga canadensis (L.) Carri√®re",8.8,81.8,"2020",261,"douglas","Tsuga canadensis (L.) CarriËre","eastern hemlock","Pinaceae","tree","canadensis",0.628,"sw2",-2.2304,2.4435,"TsugaBelow0.40spg","conifer","Conifer",0.38,-2.348,2.3876,0.42058,0.92076,NA,"Check",182.891041993266,137.153642056298,NA
"Tsuga","TSCA","NEON.PLA.D05.TREE.00849","TREE_025","TREE","D05",2018-10-17,"Live","single bole tree",NA,130,NA,13.6,24.6,NA,23,"Tsuga canadensis (L.) Carri√®re",8.1,317.4,"2018",261,"douglas","Tsuga canadensis (L.) CarriËre","eastern hemlock","Pinaceae","tree","canadensis",0.628,"sw2",-2.2304,2.4435,"TsugaBelow0.40spg","conifer","Conifer",0.38,-2.348,2.3876,0.42058,0.92076,NA,"Check",269.215165957033,200.112039492702,NA
"Tsuga","TSCA","NEON.PLA.D05.TREE.00849","TREE_025","TREE","D05",2015-08-04,"Live,  other damage","single bole tree","Partially shaded",130,NA,11.1,23.4,NA,23,"Tsuga canadensis (L.) Carri√®re",8.1,317.4,"2015",261,"douglas","Tsuga canadensis (L.) CarriËre","eastern hemlock","Pinaceae","tree","canadensis",0.628,"sw2",-2.2304,2.4435,"TsugaBelow0.40spg","conifer","Conifer",0.38,-2.348,2.3876,0.42058,0.92076,NA,"Check",238.247600384597,177.589112820996,NA
"Tsuga","TSCA","NEON.PLA.D05.TREE.01195","TREE_039","TREE","D05",2019-10-23,"Standing dead","small tree",NA,130,NA,5.7,6.2,NA,NA,"Tsuga canadensis (L.) Carri√®re",NA,NA,"2019",261,"douglas","Tsuga canadensis (L.) CarriËre","eastern hemlock","Pinaceae","tree","canadensis",0.628,"sw2",-2.2304,2.4435,"TsugaBelow0.40spg","conifer","Conifer",0.38,-2.348,2.3876,0.42058,0.92076,NA,"Check",2.97764603641333,2.4535753494055,NA
"Tsuga","TSCA","NEON.PLA.D05.TREE.00544","TREE_042","TREE","D05",2016-09-28,"Live, insect damaged","single bole tree",NA,130,NA,14.2,22.6,NA,41,"Tsuga canadensis (L.) Carri√®re",10,32.9,"2016",261,"douglas","Tsuga canadensis (L.) CarriËre","eastern hemlock","Pinaceae","tree","canadensis",0.628,"sw2",-2.2304,2.4435,"TsugaBelow0.40spg","conifer","Conifer",0.38,-2.348,2.3876,0.42058,0.92076,NA,"Check",218.833375112152,163.435300468134,NA
"Tsuga","TSCA","NEON.PLA.D05.TREE.00870","TREE_025","TREE","D05",2016-10-18,"Live","single bole tree",NA,130,NA,10.3,21.8,NA,23,"Tsuga canadensis (L.) Carri√®re",10.3,315,"2016",261,"douglas","Tsuga canadensis (L.) CarriËre","eastern hemlock","Pinaceae","tree","canadensis",0.628,"sw2",-2.2304,2.4435,"TsugaBelow0.40spg","conifer","Conifer",0.38,-2.348,2.3876,0.42058,0.92076,NA,"Check",200.386301521695,149.959947816169,NA
"Tsuga","TSCA","NEON.PLA.D05.TREE.00882","TREE_025","TREE","D05",2017-10-18,"Live","single bole tree",NA,130,NA,14.8,30.1,NA,23,"Tsuga canadensis (L.) Carri√®re",7,91.5,"2017",261,"douglas","Tsuga canadensis (L.) CarriËre","eastern hemlock","Pinaceae","tree","canadensis",0.628,"sw2",-2.2304,2.4435,"TsugaBelow0.40spg","conifer","Conifer",0.38,-2.348,2.3876,0.42058,0.92076,NA,"Check",440.785012765723,323.967855704434,NA
"Tsuga","TSCA","NEON.PLA.D05.TREE.00849","TREE_025","TREE","D05",2016-10-18,"Live, physically damaged","single bole tree",NA,130,NA,13.3,23.3,NA,23,"Tsuga canadensis (L.) Carri√®re",8.1,317.4,"2016",261,"douglas","Tsuga canadensis (L.) CarriËre","eastern hemlock","Pinaceae","tree","canadensis",0.628,"sw2",-2.2304,2.4435,"TsugaBelow0.40spg","conifer","Conifer",0.38,-2.348,2.3876,0.42058,0.92076,NA,"Check",235.767414327098,175.782466309909,NA
"Tsuga","TSCA","NEON.PLA.D05.TREE.01132","TREE_045","TREE","D05",2018-10-17,"Live","single bole tree",NA,130,NA,13.9,29.4,NA,41,"Tsuga canadensis (L.) Carri√®re",10.1,108.1,"2018",261,"douglas","Tsuga canadensis (L.) CarriËre","eastern hemlock","Pinaceae","tree","canadensis",0.628,"sw2",-2.2304,2.4435,"TsugaBelow0.40spg","conifer","Conifer",0.38,-2.348,2.3876,0.42058,0.92076,NA,"Check",416.156123512948,306.268719370267,NA
"Tsuga","TSCA","NEON.PLA.D05.TREE.01366","TREE_040","TREE","D05",2015-08-10,"Live, physically damaged","multi-bole tree","Mostly shaded",130,NA,9.3,11.8,NA,23,"Tsuga canadensis (L.) Carri√®re",10.8,61.6,"2015",261,"douglas","Tsuga canadensis (L.) CarriËre","eastern hemlock","Pinaceae","tree","canadensis",0.628,"sw2",-2.2304,2.4435,"TsugaBelow0.40spg","conifer","Conifer",0.38,-2.348,2.3876,0.42058,0.92076,NA,"Check",44.719122436928,34.6339509171345,NA
"Tsuga","TSCA","NEON.PLA.D05.TREE.00439","TREE_039","TREE","D05",2018-10-17,"Live","single bole tree",NA,130,NA,8.9,15.7,NA,41,"Tsuga canadensis (L.) Carri√®re",6.5,20.8,"2018",261,"douglas","Tsuga canadensis (L.) CarriËre","eastern hemlock","Pinaceae","tree","canadensis",0.628,"sw2",-2.2304,2.4435,"TsugaBelow0.40spg","conifer","Conifer",0.38,-2.348,2.3876,0.42058,0.92076,NA,"Check",89.8525461521907,68.4867514324629,NA
"Tsuga","TSCA","NEON.PLA.D05.TREE.00837","TREE_025","TREE","D05",2015-08-04,"Live, physically damaged","single bole tree","Partially shaded",130,NA,9.7,22.1,NA,21,"Tsuga canadensis (L.) Carri√®re",9.2,88.4,"2015",261,"douglas","Tsuga canadensis (L.) CarriËre","eastern hemlock","Pinaceae","tree","canadensis",0.628,"sw2",-2.2304,2.4435,"TsugaBelow0.40spg","conifer","Conifer",0.38,-2.348,2.3876,0.42058,0.92076,NA,"Check",207.191582886944,154.93429101666,NA
"Tsuga","TSCA","NEON.PLA.D05.TREE.00787","TREE_057","TREE","D05",2018-10-16,"Live","multi-bole tree",NA,130,NA,11.4,31.2,NA,43,"Tsuga canadensis (L.) Carri√®re",9.3,256.1,"2018",261,"douglas","Tsuga canadensis (L.) CarriËre","eastern hemlock","Pinaceae","tree","canadensis",0.628,"sw2",-2.2304,2.4435,"TsugaBelow0.40spg","conifer","Conifer",0.38,-2.348,2.3876,0.42058,0.92076,NA,"Check",481.189717145444,352.955590539277,NA
"Tsuga","TSCA","NEON.PLA.D05.TREE.01366","TREE_040","TREE","D05",2018-10-18,"Live","multi-bole tree",NA,130,NA,9.9,12.3,NA,23,"Tsuga canadensis (L.) Carri√®re",10.8,61.6,"2018",261,"douglas","Tsuga canadensis (L.) CarriËre","eastern hemlock","Pinaceae","tree","canadensis",0.628,"sw2",-2.2304,2.4435,"TsugaBelow0.40spg","conifer","Conifer",0.38,-2.348,2.3876,0.42058,0.92076,NA,"Check",49.4917405274782,38.2414191384068,NA
"Tsuga","TSCA","NEON.PLA.D05.TREE.00859","TREE_052","TREE","D05",2015-08-03,"Live","single bole tree","Mostly shaded",130,NA,8.4,22.5,NA,41,"Tsuga canadensis (L.) Carri√®re",8.2,232.3,"2015",261,"douglas","Tsuga canadensis (L.) CarriËre","eastern hemlock","Pinaceae","tree","canadensis",0.628,"sw2",-2.2304,2.4435,"TsugaBelow0.40spg","conifer","Conifer",0.38,-2.348,2.3876,0.42058,0.92076,NA,"Check",216.474911401495,161.713969169049,NA
"Tsuga","TSCA","NEON.PLA.D05.TREE.01368A","TREE_040","TREE","D05",2016-10-20,"Live,  other damage","multi-bole tree",NA,130,NA,NA,30.4,NA,23,"Tsuga canadensis (L.) Carri√®re",10.9,10.8,"2016",261,"douglas","Tsuga canadensis (L.) CarriËre","eastern hemlock","Pinaceae","tree","canadensis",0.628,"sw2",-2.2304,2.4435,"TsugaBelow0.40spg","conifer","Conifer",0.38,-2.348,2.3876,0.42058,0.92076,NA,"Check",451.597146520063,331.730592739044,NA
"Tsuga","TSCA","NEON.PLA.D05.TREE.01443","TREE_039","TREE","D05",2017-10-17,"Live","single bole tree",NA,130,NA,17.5,30.8,NA,41,"Tsuga canadensis (L.) Carri√®re",11.3,29.2,"2017",261,"douglas","Tsuga canadensis (L.) CarriËre","eastern hemlock","Pinaceae","tree","canadensis",0.628,"sw2",-2.2304,2.4435,"TsugaBelow0.40spg","conifer","Conifer",0.38,-2.348,2.3876,0.42058,0.92076,NA,"Check",466.254743654873,342.247470654038,NA
"Tsuga","TSCA","NEON.PLA.D05.TREE.00361","TREE_052","TREE","D05",2015-08-03,"Live","single bole tree","Open grown",130,NA,11.7,26.4,NA,23,"Tsuga canadensis (L.) Carri√®re",0.5,273.1,"2015",261,"douglas","Tsuga canadensis (L.) CarriËre","eastern hemlock","Pinaceae","tree","canadensis",0.628,"sw2",-2.2304,2.4435,"TsugaBelow0.40spg","conifer","Conifer",0.38,-2.348,2.3876,0.42058,0.92076,NA,"Check",319.918078652151,236.863472711921,NA
"Tsuga","TSCA","NEON.PLA.D05.TREE.00793","TREE_052","TREE","D05",2018-08-29,"Live","single bole tree",NA,130,NA,11.6,21.4,NA,41,"Tsuga canadensis (L.) Carri√®re",10.7,133.1,"2018",261,"douglas","Tsuga canadensis (L.) CarriËre","eastern hemlock","Pinaceae","tree","canadensis",0.628,"sw2",-2.2304,2.4435,"TsugaBelow0.40spg","conifer","Conifer",0.38,-2.348,2.3876,0.42058,0.92076,NA,"Check",191.520665756332,143.473760587837,NA
"Tsuga","TSCA","NEON.PLA.D05.TREE.01368","TREE_040","TREE","D05",2016-10-20,"Live,  other damage","multi-bole tree",NA,130,NA,15,34.6,NA,23,"Tsuga canadensis (L.) Carri√®re",10.9,10.8,"2016",261,"douglas","Tsuga canadensis (L.) CarriËre","eastern hemlock","Pinaceae","tree","canadensis",0.628,"sw2",-2.2304,2.4435,"TsugaBelow0.40spg","conifer","Conifer",0.38,-2.348,2.3876,0.42058,0.92076,NA,"Check",619.558093891302,451.8295700403,NA
"Tsuga","TSCA","NEON.PLA.D05.TREE.01455","TREE_039","TREE","D05",2019-10-23,"Live","single bole tree",NA,130,NA,12.6,22.5,NA,41,"Tsuga canadensis (L.) Carri√®re",7.5,10.5,"2019",261,"douglas","Tsuga canadensis (L.) CarriËre","eastern hemlock","Pinaceae","tree","canadensis",0.628,"sw2",-2.2304,2.4435,"TsugaBelow0.40spg","conifer","Conifer",0.38,-2.348,2.3876,0.42058,0.92076,NA,"Check",216.474911401495,161.713969169049,NA
"Tsuga","TSCA","NEON.PLA.D05.TREE.00769","TREE_025","TREE","D05",2018-10-17,"Live","single bole tree",NA,130,NA,11.4,21.2,NA,39,"Tsuga canadensis (L.) Carri√®re",6.7,99.8,"2018",261,"douglas","Tsuga canadensis (L.) CarriËre","eastern hemlock","Pinaceae","tree","canadensis",0.628,"sw2",-2.2304,2.4435,"TsugaBelow0.40spg","conifer","Conifer",0.38,-2.348,2.3876,0.42058,0.92076,NA,"Check",187.176474816289,140.293018041238,NA
"Tsuga","TSCA","NEON.PLA.D05.TREE.01171","TREE_039","TREE","D05",2016-10-18,"Live","single bole tree",NA,130,NA,18,31,NA,41,"Tsuga canadensis (L.) Carri√®re",4.9,77.2,"2016",261,"douglas","Tsuga canadensis (L.) CarriËre","eastern hemlock","Pinaceae","tree","canadensis",0.628,"sw2",-2.2304,2.4435,"TsugaBelow0.40spg","conifer","Conifer",0.38,-2.348,2.3876,0.42058,0.92076,NA,"Check",473.687458593654,347.577565242656,NA
"Tsuga","TSCA","NEON.PLA.D05.TREE.00647","TREE_042","TREE","D05",2015-07-27,"Live","single bole tree","Mostly shaded",130,NA,18,26.5,NA,41,"Tsuga canadensis (L.) Carri√®re",9.7,41.3,"2015",261,"douglas","Tsuga canadensis (L.) CarriËre","eastern hemlock","Pinaceae","tree","canadensis",0.628,"sw2",-2.2304,2.4435,"TsugaBelow0.40spg","conifer","Conifer",0.38,-2.348,2.3876,0.42058,0.92076,NA,"Check",322.887238373054,239.011284068359,NA
"Tsuga","TSCA","NEON.PLA.D05.TREE.00787","TREE_057","TREE","D05",2015-08-04,"Live","multi-bole tree","Mostly shaded",130,NA,9,29.9,NA,43,"Tsuga canadensis (L.) Carri√®re",9.3,256.1,"2015",261,"douglas","Tsuga canadensis (L.) CarriËre","eastern hemlock","Pinaceae","tree","canadensis",0.628,"sw2",-2.2304,2.4435,"TsugaBelow0.40spg","conifer","Conifer",0.38,-2.348,2.3876,0.42058,0.92076,NA,"Check",433.662766721949,318.851956161508,NA
"Tsuga","TSCA","NEON.PLA.D05.TREE.01486","TREE_039","TREE","D05",2021-09-30,"Live","single bole tree","Mostly shaded",130,NA,19.3,30.3,NA,41,"Tsuga canadensis (L.) Carri√®re",6.7,1.2,"2021",261,"douglas","Tsuga canadensis (L.) CarriËre","eastern hemlock","Pinaceae","tree","canadensis",0.628,"sw2",-2.2304,2.4435,"TsugaBelow0.40spg","conifer","Conifer",0.38,-2.348,2.3876,0.42058,0.92076,NA,"Check",447.975899644328,329.131141722379,NA
"Tsuga","TSCA","NEON.PLA.D05.TREE.01368","TREE_040","TREE","D05",2017-10-19,"Standing dead","multi-bole tree",NA,130,NA,13.9,34,NA,23,"Tsuga canadensis (L.) Carri√®re",10.9,10.8,"2017",261,"douglas","Tsuga canadensis (L.) CarriËre","eastern hemlock","Pinaceae","tree","canadensis",0.628,"sw2",-2.2304,2.4435,"TsugaBelow0.40spg","conifer","Conifer",0.38,-2.348,2.3876,0.42058,0.92076,NA,"Check",593.633390966668,433.346824853233,NA
"Tsuga","TSCA","NEON.PLA.D05.TREE.01348","TREE_040","TREE","D05",2016-10-20,"Live","single bole tree",NA,130,NA,9.7,32.5,NA,43,"Tsuga canadensis (L.) Carri√®re",4.5,244.4,"2016",261,"douglas","Tsuga canadensis (L.) CarriËre","eastern hemlock","Pinaceae","tree","canadensis",0.628,"sw2",-2.2304,2.4435,"TsugaBelow0.40spg","conifer","Conifer",0.38,-2.348,2.3876,0.42058,0.92076,NA,"Check",531.663174553729,389.08928328589,NA
"Tsuga","TSCA","NEON.PLA.D05.TREE.01451","TREE_040","TREE","D05",2017-10-19,"Standing dead","single bole tree",NA,130,NA,4.6,25.3,NA,59,"Tsuga canadensis (L.) Carri√®re",2.1,117.6,"2017",261,"douglas","Tsuga canadensis (L.) CarriËre","eastern hemlock","Pinaceae","tree","canadensis",0.628,"sw2",-2.2304,2.4435,"TsugaBelow0.40spg","conifer","Conifer",0.38,-2.348,2.3876,0.42058,0.92076,NA,"Check",288.319875029099,213.977009124607,NA
"Tsuga","TSCA","NEON.PLA.D05.TREE.00848","TREE_025","TREE","D05",2018-10-17,"Live","single bole tree",NA,130,NA,11.4,25.5,NA,21,"Tsuga canadensis (L.) Carri√®re",7.8,52.7,"2018",261,"douglas","Tsuga canadensis (L.) CarriËre","eastern hemlock","Pinaceae","tree","canadensis",0.628,"sw2",-2.2304,2.4435,"TsugaBelow0.40spg","conifer","Conifer",0.38,-2.348,2.3876,0.42058,0.92076,NA,"Check",293.920933608044,218.037850177974,NA
"Tsuga","TSCA","NEON.PLA.D05.TREE.01346","TREE_040","TREE","D05",2015-08-10,"Live, physically damaged","single bole tree","Full shade",200,NA,3.5,25,NA,23,"Tsuga canadensis (L.) Carri√®re",10.6,60.7,"2015",261,"douglas","Tsuga canadensis (L.) CarriËre","eastern hemlock","Pinaceae","tree","canadensis",0.628,"sw2",-2.2304,2.4435,"TsugaBelow0.40spg","conifer","Conifer",0.38,-2.348,2.3876,0.42058,0.92076,NA,"Check",280.037375465223,207.968769013717,NA
"Tsuga","TSCA","NEON.PLA.D05.TREE.01489","TREE_039","TREE","D05",2020-10-01,"Live","single bole tree","Mostly shaded",130,NA,13.6,25.8,NA,41,"Tsuga canadensis (L.) Carri√®re",11.7,45.6,"2020",261,"douglas","Tsuga canadensis (L.) CarriËre","eastern hemlock","Pinaceae","tree","canadensis",0.628,"sw2",-2.2304,2.4435,"TsugaBelow0.40spg","conifer","Conifer",0.38,-2.348,2.3876,0.42058,0.92076,NA,"Check",302.442165579456,224.212471760693,NA
"Tsuga","TSCA","NEON.PLA.D05.TREE.01007","TREE_039","TREE","D05",2016-10-18,"Live","small tree",NA,130,NA,3.7,3.5,NA,NA,"Tsuga canadensis (L.) Carri√®re",NA,NA,"2016",261,"douglas","Tsuga canadensis (L.) CarriËre","eastern hemlock","Pinaceae","tree","canadensis",0.628,"sw2",-2.2304,2.4435,"TsugaBelow0.40spg","conifer","Conifer",0.38,-2.348,2.3876,0.42058,0.92076,NA,"Check",0.736366874316743,0.62647228775335,NA
"Tsuga","TSCA","NEON.PLA.D05.TREE.01468","TREE_039","TREE","D05",2019-10-23,"Live","single bole tree",NA,130,NA,9.9,18.6,NA,41,"Tsuga canadensis (L.) Carri√®re",13.1,38.9,"2019",261,"douglas","Tsuga canadensis (L.) CarriËre","eastern hemlock","Pinaceae","tree","canadensis",0.628,"sw2",-2.2304,2.4435,"TsugaBelow0.40spg","conifer","Conifer",0.38,-2.348,2.3876,0.42058,0.92076,NA,"Check",135.957905913891,102.651585611907,NA
"Tsuga","TSCA","NEON.PLA.D05.TREE.01368A","TREE_040","TREE","D05",2018-10-18,"Standing dead","multi-bole tree",NA,130,NA,13.6,29.2,NA,23,"Tsuga canadensis (L.) Carri√®re",10.9,10.8,"2018",261,"douglas","Tsuga canadensis (L.) CarriËre","eastern hemlock","Pinaceae","tree","canadensis",0.628,"sw2",-2.2304,2.4435,"TsugaBelow0.40spg","conifer","Conifer",0.38,-2.348,2.3876,0.42058,0.92076,NA,"Check",409.27251954366,301.317706151676,NA
"Tsuga","TSCA","NEON.PLA.D05.TREE.01433","TREE_039","TREE","D05",2021-09-30,"Live","single bole tree","Full shade",130,NA,14.3,20.2,NA,41,"Tsuga canadensis (L.) Carri√®re",12.6,41.9,"2021",261,"douglas","Tsuga canadensis (L.) CarriËre","eastern hemlock","Pinaceae","tree","canadensis",0.628,"sw2",-2.2304,2.4435,"TsugaBelow0.40spg","conifer","Conifer",0.38,-2.348,2.3876,0.42058,0.92076,NA,"Check",166.331942257802,125.006756305113,NA
"Tsuga","TSCA","NEON.PLA.D05.TREE.01007","TREE_039","TREE","D05",2017-10-17,"Live","small tree",NA,130,NA,3.6,3.8,NA,NA,"Tsuga canadensis (L.) Carri√®re",NA,NA,"2017",261,"douglas","Tsuga canadensis (L.) CarriËre","eastern hemlock","Pinaceae","tree","canadensis",0.628,"sw2",-2.2304,2.4435,"TsugaBelow0.40spg","conifer","Conifer",0.38,-2.348,2.3876,0.42058,0.92076,NA,"Check",0.900254281226312,0.762388465687334,NA
"Tsuga","TSCA","NEON.PLA.D05.TREE.01290","TREE_047","TREE","D05",2018-10-11,"Live","single bole tree",NA,130,NA,17.8,23.2,NA,41,"Tsuga canadensis (L.) Carri√®re",9,21.8,"2018",261,"douglas","Tsuga canadensis (L.) CarriËre","eastern hemlock","Pinaceae","tree","canadensis",0.628,"sw2",-2.2304,2.4435,"TsugaBelow0.40spg","conifer","Conifer",0.38,-2.348,2.3876,0.42058,0.92076,NA,"Check",233.302546228699,173.986547073834,NA
"Tsuga","TSCA","NEON.PLA.D05.TREE.01331","TREE_045","TREE","D05",2015-08-11,"Live","single bole tree","Full sun",130,NA,14.5,23.9,NA,41,"Tsuga canadensis (L.) Carri√®re",10.9,226.3,"2015",261,"douglas","Tsuga canadensis (L.) CarriËre","eastern hemlock","Pinaceae","tree","canadensis",0.628,"sw2",-2.2304,2.4435,"TsugaBelow0.40spg","conifer","Conifer",0.38,-2.348,2.3876,0.42058,0.92076,NA,"Check",250.879316917824,186.783876636253,NA
"Tsuga","TSCA","NEON.PLA.D05.TREE.01500","TREE_039","TREE","D05",2020-10-01,"Live","single bole tree","Partially shaded",130,NA,15.5,46.1,NA,61,"Tsuga canadensis (L.) Carri√®re",9.8,210,"2020",261,"douglas","Tsuga canadensis (L.) CarriËre","eastern hemlock","Pinaceae","tree","canadensis",0.628,"sw2",-2.2304,2.4435,"TsugaBelow0.40spg","conifer","Conifer",0.38,-2.348,2.3876,0.42058,0.92076,NA,"Check",1249.11607896773,896.455809359758,NA
"Tsuga","TSCA","NEON.PLA.D05.TREE.01356","TREE_040","TREE","D05",2016-10-20,"Live,  other damage","single bole tree",NA,130,NA,10.8,20.7,NA,23,"Tsuga canadensis (L.) Carri√®re",8.8,81.8,"2016",261,"douglas","Tsuga canadensis (L.) CarriËre","eastern hemlock","Pinaceae","tree","canadensis",0.628,"sw2",-2.2304,2.4435,"TsugaBelow0.40spg","conifer","Conifer",0.38,-2.348,2.3876,0.42058,0.92076,NA,"Check",176.572524668575,132.52180829228,NA
"Tsuga","TSCA","NEON.PLA.D05.TREE.01461","TREE_039","TREE","D05",2020-10-01,"Live","single bole tree","Partially shaded",130,NA,20.2,27.7,NA,41,"Tsuga canadensis (L.) Carri√®re",5.2,0.9,"2020",261,"douglas","Tsuga canadensis (L.) CarriËre","eastern hemlock","Pinaceae","tree","canadensis",0.628,"sw2",-2.2304,2.4435,"TsugaBelow0.40spg","conifer","Conifer",0.38,-2.348,2.3876,0.42058,0.92076,NA,"Check",359.789846630936,265.669227604245,NA
"Tsuga","TSCA","NEON.PLA.D05.TREE.00855","TREE_025","TREE","D05",2017-10-18,"Live","single bole tree",NA,130,NA,15,36.7,NA,21,"Tsuga canadensis (L.) Carri√®re",10.8,51.5,"2017",261,"douglas","Tsuga canadensis (L.) CarriËre","eastern hemlock","Pinaceae","tree","canadensis",0.628,"sw2",-2.2304,2.4435,"TsugaBelow0.40spg","conifer","Conifer",0.38,-2.348,2.3876,0.42058,0.92076,NA,"Check",715.502434130767,520.083710516869,NA
"Tsuga","TSCA","NEON.PLA.D05.TREE.01054","TREE_040","TREE","D05",2021-10-05,"Dead, broken bole","single bole tree","Mostly shaded",130,NA,10.6,19.4,NA,25,"Tsuga canadensis (L.) Carri√®re",8.3,285.6,"2021",261,"douglas","Tsuga canadensis (L.) CarriËre","eastern hemlock","Pinaceae","tree","canadensis",0.628,"sw2",-2.2304,2.4435,"TsugaBelow0.40spg","conifer","Conifer",0.38,-2.348,2.3876,0.42058,0.92076,NA,"Check",150.693012400096,113.509436285741,NA
"Tsuga","TSCA","NEON.PLA.D05.TREE.00769","TREE_025","TREE","D05",2015-08-04,"Live","single bole tree","Mostly shaded",130,NA,9.3,21,NA,39,"Tsuga canadensis (L.) Carri√®re",6.7,99.8,"2015",261,"douglas","Tsuga canadensis (L.) CarriËre","eastern hemlock","Pinaceae","tree","canadensis",0.628,"sw2",-2.2304,2.4435,"TsugaBelow0.40spg","conifer","Conifer",0.38,-2.348,2.3876,0.42058,0.92076,NA,"Check",182.891041993266,137.153642056298,NA
"Tsuga","TSCA","NEON.PLA.D05.TREE.01310","TREE_040","TREE","D05",2018-10-18,"Live","single bole tree",NA,130,NA,10.5,19.2,NA,25,"Tsuga canadensis (L.) Carri√®re",10.2,338,"2018",261,"douglas","Tsuga canadensis (L.) CarriËre","eastern hemlock","Pinaceae","tree","canadensis",0.628,"sw2",-2.2304,2.4435,"TsugaBelow0.40spg","conifer","Conifer",0.38,-2.348,2.3876,0.42058,0.92076,NA,"Check",146.925149029074,110.735423301862,NA
"Tsuga","TSCA","NEON.PLA.D05.TREE.01443","TREE_039","TREE","D05",2021-09-30,"Live","single bole tree","Partially shaded",130,NA,18,31.9,NA,41,"Tsuga canadensis (L.) Carri√®re",11.3,29.2,"2021",261,"douglas","Tsuga canadensis (L.) CarriËre","eastern hemlock","Pinaceae","tree","canadensis",0.628,"sw2",-2.2304,2.4435,"TsugaBelow0.40spg","conifer","Conifer",0.38,-2.348,2.3876,0.42058,0.92076,NA,"Check",507.998139374838,372.157856232908,NA
"Tsuga","TSCA","NEON.PLA.D05.TREE.01161","TREE_039","TREE","D05",2020-10-01,"Live","single bole tree","Mostly shaded",130,NA,11.6,17.3,NA,41,"Tsuga canadensis (L.) Carri√®re",10.4,36.9,"2020",261,"douglas","Tsuga canadensis (L.) CarriËre","eastern hemlock","Pinaceae","tree","canadensis",0.628,"sw2",-2.2304,2.4435,"TsugaBelow0.40spg","conifer","Conifer",0.38,-2.348,2.3876,0.42058,0.92076,NA,"Check",113.897775095855,86.3446497813908,NA
"Tsuga","TSCA","NEON.PLA.D05.TREE.00870","TREE_025","TREE","D05",2017-10-18,"Live","single bole tree",NA,130,NA,9.9,22.4,NA,23,"Tsuga canadensis (L.) Carri√®re",10.3,315,"2017",261,"douglas","Tsuga canadensis (L.) CarriËre","eastern hemlock","Pinaceae","tree","canadensis",0.628,"sw2",-2.2304,2.4435,"TsugaBelow0.40spg","conifer","Conifer",0.38,-2.348,2.3876,0.42058,0.92076,NA,"Check",214.13153012678,160.003220855247,NA
"Tsuga","TSCA","NEON.PLA.D05.TREE.01351","TREE_040","TREE","D05",2019-10-23,"Live","single bole tree",NA,130,NA,11,31.2,NA,25,"Tsuga canadensis (L.) Carri√®re",11.6,334.2,"2019",261,"douglas","Tsuga canadensis (L.) CarriËre","eastern hemlock","Pinaceae","tree","canadensis",0.628,"sw2",-2.2304,2.4435,"TsugaBelow0.40spg","conifer","Conifer",0.38,-2.348,2.3876,0.42058,0.92076,NA,"Check",481.189717145444,352.955590539277,NA
"Tsuga","TSCA","NEON.PLA.D05.TREE.01160","TREE_039","TREE","D05",2019-10-23,"Live","single bole tree",NA,130,NA,10.3,12,NA,41,"Tsuga canadensis (L.) Carri√®re",10.1,36.5,"2019",261,"douglas","Tsuga canadensis (L.) CarriËre","eastern hemlock","Pinaceae","tree","canadensis",0.628,"sw2",-2.2304,2.4435,"TsugaBelow0.40spg","conifer","Conifer",0.38,-2.348,2.3876,0.42058,0.92076,NA,"Check",46.593889166046,36.0520279886085,NA
"Tsuga","TSCA","NEON.PLA.D05.TREE.01160","TREE_039","TREE","D05",2020-10-01,"Live","single bole tree","Mostly shaded",130,NA,12.5,12.1,NA,41,"Tsuga canadensis (L.) Carri√®re",10.1,36.5,"2020",261,"douglas","Tsuga canadensis (L.) CarriËre","eastern hemlock","Pinaceae","tree","canadensis",0.628,"sw2",-2.2304,2.4435,"TsugaBelow0.40spg","conifer","Conifer",0.38,-2.348,2.3876,0.42058,0.92076,NA,"Check",47.5483707006928,36.773494908995,NA
"Tsuga","TSCA","NEON.PLA.D05.TREE.00246","TREE_056","TREE","D05",2022-09-20,"Live","single bole tree","Mostly shaded",130,NA,13.6,27.1,NA,41,"Tsuga canadensis (L.) Carri√®re",3.7,0.4,"2022",261,"douglas","Tsuga canadensis (L.) CarriËre","eastern hemlock","Pinaceae","tree","canadensis",0.628,"sw2",-2.2304,2.4435,"TsugaBelow0.40spg","conifer","Conifer",0.38,-2.348,2.3876,0.42058,0.92076,NA,"Check",341.043714502284,252.135522007311,NA
"Tsuga","TSCA","NEON.PLA.D05.TREE.01366","TREE_040","TREE","D05",2021-10-05,"Live, physically damaged","multi-bole tree","Mostly shaded",130,NA,7,13.3,NA,23,"Tsuga canadensis (L.) Carri√®re",10.8,61.6,"2021",261,"douglas","Tsuga canadensis (L.) CarriËre","eastern hemlock","Pinaceae","tree","canadensis",0.628,"sw2",-2.2304,2.4435,"TsugaBelow0.40spg","conifer","Conifer",0.38,-2.348,2.3876,0.42058,0.92076,NA,"Check",59.907482873306,46.0876680790876,NA
"Tsuga","TSCA","NEON.PLA.D05.TREE.01356","TREE_040","TREE","D05",2018-10-18,"Live","single bole tree",NA,130,NA,12.1,21,NA,23,"Tsuga canadensis (L.) Carri√®re",8.8,81.8,"2018",261,"douglas","Tsuga canadensis (L.) CarriËre","eastern hemlock","Pinaceae","tree","canadensis",0.628,"sw2",-2.2304,2.4435,"TsugaBelow0.40spg","conifer","Conifer",0.38,-2.348,2.3876,0.42058,0.92076,NA,"Check",182.891041993266,137.153642056298,NA
"Tsuga","TSCA","NEON.PLA.D05.TREE.01489","TREE_039","TREE","D05",2018-10-17,"Live","single bole tree",NA,130,NA,13.3,25.1,NA,41,"Tsuga canadensis (L.) Carri√®re",11.7,45.6,"2018",261,"douglas","Tsuga canadensis (L.) CarriËre","eastern hemlock","Pinaceae","tree","canadensis",0.628,"sw2",-2.2304,2.4435,"TsugaBelow0.40spg","conifer","Conifer",0.38,-2.348,2.3876,0.42058,0.92076,NA,"Check",282.782367408402,209.960468852618,NA
"Tsuga","TSCA","NEON.PLA.D05.TREE.00859","TREE_052","TREE","D05",2017-09-26,"Live","single bole tree",NA,130,NA,10.1,23,NA,41,"Tsuga canadensis (L.) Carri√®re",8.2,232.3,"2017",261,"douglas","Tsuga canadensis (L.) CarriËre","eastern hemlock","Pinaceae","tree","canadensis",0.628,"sw2",-2.2304,2.4435,"TsugaBelow0.40spg","conifer","Conifer",0.38,-2.348,2.3876,0.42058,0.92076,NA,"Check",228.418647072442,170.426818905215,NA
"Tsuga","TSCA","NEON.PLA.D05.TREE.00855","TREE_025","TREE","D05",2018-10-17,"Live","single bole tree",NA,130,NA,14.8,37.1,NA,21,"Tsuga canadensis (L.) Carri√®re",10.8,51.5,"2018",261,"douglas","Tsuga canadensis (L.) CarriËre","eastern hemlock","Pinaceae","tree","canadensis",0.628,"sw2",-2.2304,2.4435,"TsugaBelow0.40spg","conifer","Conifer",0.38,-2.348,2.3876,0.42058,0.92076,NA,"Check",734.707944077863,533.72027741423,NA
"Tsuga","TSCA","NEON.PLA.D05.TREE.01161","TREE_039","TREE","D05",2021-09-30,"Live","single bole tree","Mostly shaded",130,NA,11.1,17.4,NA,41,"Tsuga canadensis (L.) Carri√®re",10.4,36.9,"2021",261,"douglas","Tsuga canadensis (L.) CarriËre","eastern hemlock","Pinaceae","tree","canadensis",0.628,"sw2",-2.2304,2.4435,"TsugaBelow0.40spg","conifer","Conifer",0.38,-2.348,2.3876,0.42058,0.92076,NA,"Check",115.513216143402,87.5410883573816,NA
"Tsuga","TSCA","NEON.PLA.D05.TREE.00793","TREE_052","TREE","D05",2015-08-03,"Live","single bole tree","Mostly shaded",130,NA,7.8,20,NA,41,"Tsuga canadensis (L.) Carri√®re",10.7,133.1,"2015",261,"douglas","Tsuga canadensis (L.) CarriËre","eastern hemlock","Pinaceae","tree","canadensis",0.628,"sw2",-2.2304,2.4435,"TsugaBelow0.40spg","conifer","Conifer",0.38,-2.348,2.3876,0.42058,0.92076,NA,"Check",162.336576138775,122.071919645897,NA
"Tsuga","TSCA","NEON.PLA.D05.TREE.01007","TREE_039","TREE","D05",2020-10-01,"Live","small tree","Mostly shaded",130,NA,5,4.5,NA,NA,"Tsuga canadensis (L.) Carri√®re",NA,NA,"2020",261,"douglas","Tsuga canadensis (L.) CarriËre","eastern hemlock","Pinaceae","tree","canadensis",0.628,"sw2",-2.2304,2.4435,"TsugaBelow0.40spg","conifer","Conifer",0.38,-2.348,2.3876,0.42058,0.92076,NA,"Check",1.36078262200844,1.14155068705512,NA
"Tsuga","TSCA","NEON.PLA.D05.TREE.01455","TREE_039","TREE","D05",2021-09-30,"Live","single bole tree","Mostly shaded",130,NA,15.6,22.8,NA,41,"Tsuga canadensis (L.) Carri√®re",7.5,10.5,"2021",261,"douglas","Tsuga canadensis (L.) CarriËre","eastern hemlock","Pinaceae","tree","canadensis",0.628,"sw2",-2.2304,2.4435,"TsugaBelow0.40spg","conifer","Conifer",0.38,-2.348,2.3876,0.42058,0.92076,NA,"Check",223.595668538394,166.909784797854,NA
"Tsuga","TSCA","NEON.PLA.D05.TREE.00647","TREE_042","TREE","D05",2019-10-23,"Live","single bole tree",NA,130,NA,18.8,27.5,NA,41,"Tsuga canadensis (L.) Carri√®re",9.7,41.3,"2019",261,"douglas","Tsuga canadensis (L.) CarriËre","eastern hemlock","Pinaceae","tree","canadensis",0.628,"sw2",-2.2304,2.4435,"TsugaBelow0.40spg","conifer","Conifer",0.38,-2.348,2.3876,0.42058,0.92076,NA,"Check",353.475261903656,261.112279573973,NA
"Tsuga","TSCA","NEON.PLA.D05.TREE.00769","TREE_025","TREE","D05",2016-10-18,"Live","single bole tree",NA,140,NA,9.3,20.8,NA,39,"Tsuga canadensis (L.) Carri√®re",6.7,99.8,"2016",261,"douglas","Tsuga canadensis (L.) CarriËre","eastern hemlock","Pinaceae","tree","canadensis",0.628,"sw2",-2.2304,2.4435,"TsugaBelow0.40spg","conifer","Conifer",0.38,-2.348,2.3876,0.42058,0.92076,NA,"Check",178.664120794958,134.055480931328,NA
"Tsuga","TSCA","NEON.PLA.D05.TREE.01443","TREE_039","TREE","D05",2018-10-17,"Live","single bole tree",NA,130,NA,17.8,31.2,NA,41,"Tsuga canadensis (L.) Carri√®re",11.3,29.2,"2018",261,"douglas","Tsuga canadensis (L.) CarriËre","eastern hemlock","Pinaceae","tree","canadensis",0.628,"sw2",-2.2304,2.4435,"TsugaBelow0.40spg","conifer","Conifer",0.38,-2.348,2.3876,0.42058,0.92076,NA,"Check",481.189717145444,352.955590539277,NA
"Tsuga","TSCA","NEON.PLA.D05.TREE.01443","TREE_039","TREE","D05",2016-10-18,"Standing dead","single bole tree",NA,130,NA,16.1,30.6,NA,41,"Tsuga canadensis (L.) Carri√®re",11.3,29.2,"2016",261,"douglas","Tsuga canadensis (L.) CarriËre","eastern hemlock","Pinaceae","tree","canadensis",0.628,"sw2",-2.2304,2.4435,"TsugaBelow0.40spg","conifer","Conifer",0.38,-2.348,2.3876,0.42058,0.92076,NA,"Check",458.89137298545,336.965186677616,NA
"Tsuga","TSCA","NEON.PLA.D05.TREE.00647","TREE_042","TREE","D05",2021-10-04,"Live, physically damaged","single bole tree","Mostly shaded",130,NA,18.8,27.9,NA,41,"Tsuga canadensis (L.) Carri√®re",9.7,41.3,"2021",261,"douglas","Tsuga canadensis (L.) CarriËre","eastern hemlock","Pinaceae","tree","canadensis",0.628,"sw2",-2.2304,2.4435,"TsugaBelow0.40spg","conifer","Conifer",0.38,-2.348,2.3876,0.42058,0.92076,NA,"Check",366.170588696275,270.272060252455,NA
"Tsuga","TSCA","NEON.PLA.D05.TREE.00246","TREE_056","TREE","D05",2016-09-28,"Live","single bole tree",NA,130,NA,11.6,24.2,NA,41,"Tsuga canadensis (L.) Carri√®re",3.7,0.4,"2016",261,"douglas","Tsuga canadensis (L.) CarriËre","eastern hemlock","Pinaceae","tree","canadensis",0.628,"sw2",-2.2304,2.4435,"TsugaBelow0.40spg","conifer","Conifer",0.38,-2.348,2.3876,0.42058,0.92076,NA,"Check",258.64401560229,192.430595707753,NA
"Tsuga","TSCA","NEON.PLA.D05.TREE.01366A","TREE_040","TREE","D05",2018-10-18,"Live","multi-bole tree",NA,130,NA,9.9,11.7,NA,23,"Tsuga canadensis (L.) Carri√®re",10.8,61.6,"2018",261,"douglas","Tsuga canadensis (L.) CarriËre","eastern hemlock","Pinaceae","tree","canadensis",0.628,"sw2",-2.2304,2.4435,"TsugaBelow0.40spg","conifer","Conifer",0.38,-2.348,2.3876,0.42058,0.92076,NA,"Check",43.7987524871117,33.9372869069838,NA
"Tsuga","TSCA","NEON.PLA.D05.TREE.00876","TREE_052","TREE","D05",2018-08-29,"Live","single bole tree",NA,130,NA,17.1,37.4,NA,23,"Tsuga canadensis (L.) Carri√®re",8.3,82.3,"2018",261,"douglas","Tsuga canadensis (L.) CarriËre","eastern hemlock","Pinaceae","tree","canadensis",0.628,"sw2",-2.2304,2.4435,"TsugaBelow0.40spg","conifer","Conifer",0.38,-2.348,2.3876,0.42058,0.92076,NA,"Check",749.309687673303,544.082545760068,NA
"Tsuga","TSCA","NEON.PLA.D05.TREE.01489","TREE_039","TREE","D05",2017-10-17,"Live","single bole tree",NA,130,NA,12.5,24.8,NA,41,"Tsuga canadensis (L.) Carri√®re",11.7,45.6,"2017",261,"douglas","Tsuga canadensis (L.) CarriËre","eastern hemlock","Pinaceae","tree","canadensis",0.628,"sw2",-2.2304,2.4435,"TsugaBelow0.40spg","conifer","Conifer",0.38,-2.348,2.3876,0.42058,0.92076,NA,"Check",274.59477528749,204.018424575181,NA
"Tsuga","TSCA","NEON.PLA.D05.TREE.00876","TREE_052","TREE","D05",2016-09-29,"Live,  other damage","single bole tree",NA,130,NA,17,36.4,NA,23,"Tsuga canadensis (L.) Carri√®re",8.3,82.3,"2016",261,"douglas","Tsuga canadensis (L.) CarriËre","eastern hemlock","Pinaceae","tree","canadensis",0.628,"sw2",-2.2304,2.4435,"TsugaBelow0.40spg","conifer","Conifer",0.38,-2.348,2.3876,0.42058,0.92076,NA,"Check",701.295122683438,509.990657201026,NA
"Tsuga","TSCA","NEON.PLA.D05.TREE.01489","TREE_039","TREE","D05",2021-09-30,"Live","single bole tree","Mostly shaded",130,NA,13.8,26,NA,41,"Tsuga canadensis (L.) Carri√®re",11.7,45.6,"2021",261,"douglas","Tsuga canadensis (L.) CarriËre","eastern hemlock","Pinaceae","tree","canadensis",0.628,"sw2",-2.2304,2.4435,"TsugaBelow0.40spg","conifer","Conifer",0.38,-2.348,2.3876,0.42058,0.92076,NA,"Check",308.203072081863,228.384655780803,NA
"Tsuga","TSCA","NEON.PLA.D05.TREE.01353","TREE_040","TREE","D05",2020-09-29,"Live","single bole tree","Partially shaded",130,NA,17.7,33.7,NA,23,"Tsuga canadensis (L.) Carri√®re",9.5,86.4,"2020",261,"douglas","Tsuga canadensis (L.) CarriËre","eastern hemlock","Pinaceae","tree","canadensis",0.628,"sw2",-2.2304,2.4435,"TsugaBelow0.40spg","conifer","Conifer",0.38,-2.348,2.3876,0.42058,0.92076,NA,"Check",580.915882363848,424.273305694852,NA
"Tsuga","TSCA","NEON.PLA.D05.TREE.01321","TREE_040","TREE","D05",2015-08-10,"Live, physically damaged","single bole tree","Full sun",130,NA,13.8,28.8,NA,23,"Tsuga canadensis (L.) Carri√®re",7.9,23.5,"2015",261,"douglas","Tsuga canadensis (L.) CarriËre","eastern hemlock","Pinaceae","tree","canadensis",0.628,"sw2",-2.2304,2.4435,"TsugaBelow0.40spg","conifer","Conifer",0.38,-2.348,2.3876,0.42058,0.92076,NA,"Check",395.708274209062,291.55605167048,NA
"Tsuga","TSCA","NEON.PLA.D05.TREE.01007","TREE_039","TREE","D05",2019-10-23,"Live","small tree",NA,130,NA,4.6,4.2,NA,NA,"Tsuga canadensis (L.) Carri√®re",NA,NA,"2019",261,"douglas","Tsuga canadensis (L.) CarriËre","eastern hemlock","Pinaceae","tree","canadensis",0.628,"sw2",-2.2304,2.4435,"TsugaBelow0.40spg","conifer","Conifer",0.38,-2.348,2.3876,0.42058,0.92076,NA,"Check",1.14967110994154,0.968177549076228,NA
"Tsuga","TSCA","NEON.PLA.D05.TREE.00793","TREE_052","TREE","D05",2016-09-29,"Live","single bole tree",NA,130,NA,10.6,20.5,NA,41,"Tsuga canadensis (L.) Carri√®re",10.7,133.1,"2016",261,"douglas","Tsuga canadensis (L.) CarriËre","eastern hemlock","Pinaceae","tree","canadensis",0.628,"sw2",-2.2304,2.4435,"TsugaBelow0.40spg","conifer","Conifer",0.38,-2.348,2.3876,0.42058,0.92076,NA,"Check",172.43290586342,129.485183071635,NA
"Tsuga","TSCA","NEON.PLA.D05.TREE.01500","TREE_039","TREE","D05",2015-08-11,"Live","single bole tree","Partially shaded",130,NA,13.7,33.7,NA,61,"Tsuga canadensis (L.) Carri√®re",9.8,210,"2015",261,"douglas","Tsuga canadensis (L.) CarriËre","eastern hemlock","Pinaceae","tree","canadensis",0.628,"sw2",-2.2304,2.4435,"TsugaBelow0.40spg","conifer","Conifer",0.38,-2.348,2.3876,0.42058,0.92076,NA,"Check",580.915882363848,424.273305694852,NA
"Tsuga","TSCA","NEON.PLA.D05.TREE.01356","TREE_040","TREE","D05",2015-08-10,"Live, disease damaged","single bole tree","Partially shaded",130,NA,11.8,21.5,NA,23,"Tsuga canadensis (L.) Carri√®re",8.8,81.8,"2015",261,"douglas","Tsuga canadensis (L.) CarriËre","eastern hemlock","Pinaceae","tree","canadensis",0.628,"sw2",-2.2304,2.4435,"TsugaBelow0.40spg","conifer","Conifer",0.38,-2.348,2.3876,0.42058,0.92076,NA,"Check",193.714872195627,145.079691489206,NA
"Tsuga","TSCA","NEON.PLA.D05.TREE.01007","TREE_039","TREE","D05",2018-10-17,"Live","small tree",NA,130,NA,4.6,3.9,NA,NA,"Tsuga canadensis (L.) Carri√®re",NA,NA,"2018",261,"douglas","Tsuga canadensis (L.) CarriËre","eastern hemlock","Pinaceae","tree","canadensis",0.628,"sw2",-2.2304,2.4435,"TsugaBelow0.40spg","conifer","Conifer",0.38,-2.348,2.3876,0.42058,0.92076,NA,"Check",0.959246767346479,0.811168089458319,NA
"Tsuga","TSCA","NEON.PLA.D05.TREE.01310","TREE_040","TREE","D05",2015-08-10,"Live","single bole tree","Mostly shaded",130,NA,9.6,18.6,NA,25,"Tsuga canadensis (L.) Carri√®re",10.2,338,"2015",261,"douglas","Tsuga canadensis (L.) CarriËre","eastern hemlock","Pinaceae","tree","canadensis",0.628,"sw2",-2.2304,2.4435,"TsugaBelow0.40spg","conifer","Conifer",0.38,-2.348,2.3876,0.42058,0.92076,NA,"Check",135.957905913891,102.651585611907,NA
"Tsuga","TSCA","NEON.PLA.D05.TREE.01468","TREE_039","TREE","D05",2021-09-30,"Live","single bole tree","Mostly shaded",130,NA,13.3,19,NA,41,"Tsuga canadensis (L.) Carri√®re",13.1,38.9,"2021",261,"douglas","Tsuga canadensis (L.) CarriËre","eastern hemlock","Pinaceae","tree","canadensis",0.628,"sw2",-2.2304,2.4435,"TsugaBelow0.40spg","conifer","Conifer",0.38,-2.348,2.3876,0.42058,0.92076,NA,"Check",143.213517438697,108.001218196496,NA
"Tsuga","TSCA","NEON.PLA.D05.TREE.00837","TREE_025","TREE","D05",2018-10-17,"Live","single bole tree",NA,130,NA,10.9,22.7,NA,21,"Tsuga canadensis (L.) Carri√®re",9.2,88.4,"2018",261,"douglas","Tsuga canadensis (L.) CarriËre","eastern hemlock","Pinaceae","tree","canadensis",0.628,"sw2",-2.2304,2.4435,"TsugaBelow0.40spg","conifer","Conifer",0.38,-2.348,2.3876,0.42058,0.92076,NA,"Check",221.206950951283,165.167232958745,NA
"Tsuga","TSCA","NEON.PLA.D05.TREE.01486","TREE_039","TREE","D05",2018-10-17,"Live","single bole tree",NA,130,NA,17.7,29.3,NA,41,"Tsuga canadensis (L.) Carri√®re",6.7,1.2,"2018",261,"douglas","Tsuga canadensis (L.) CarriËre","eastern hemlock","Pinaceae","tree","canadensis",0.628,"sw2",-2.2304,2.4435,"TsugaBelow0.40spg","conifer","Conifer",0.38,-2.348,2.3876,0.42058,0.92076,NA,"Check",412.705843313629,303.787350971564,NA
"Tsuga","TSCA","NEON.PLA.D05.TREE.00838","TREE_025","TREE","D05",2017-10-18,"Live","single bole tree",NA,130,NA,15.6,38.2,NA,39,"Tsuga canadensis (L.) Carri√®re",3.1,162.6,"2017",261,"douglas","Tsuga canadensis (L.) CarriËre","eastern hemlock","Pinaceae","tree","canadensis",0.628,"sw2",-2.2304,2.4435,"TsugaBelow0.40spg","conifer","Conifer",0.38,-2.348,2.3876,0.42058,0.92076,NA,"Check",789.080688491181,572.283259131486,NA
"Tsuga","TSCA","NEON.PLA.D05.TREE.00853","TREE_025","TREE","D05",2015-08-04,"Live, disease damaged","single bole tree","Partially shaded",130,NA,11.6,38.8,NA,39,"Tsuga canadensis (L.) Carri√®re",7,111.6,"2015",261,"douglas","Tsuga canadensis (L.) CarriËre","eastern hemlock","Pinaceae","tree","canadensis",0.628,"sw2",-2.2304,2.4435,"TsugaBelow0.40spg","conifer","Conifer",0.38,-2.348,2.3876,0.42058,0.92076,NA,"Check",819.709388061084,593.97912809135,NA
"Tsuga","TSCA","NEON.PLA.D05.TREE.01321","TREE_040","TREE","D05",2017-10-19,"Live","single bole tree",NA,130,NA,14.4,28.8,NA,23,"Tsuga canadensis (L.) Carri√®re",7.9,23.5,"2017",261,"douglas","Tsuga canadensis (L.) CarriËre","eastern hemlock","Pinaceae","tree","canadensis",0.628,"sw2",-2.2304,2.4435,"TsugaBelow0.40spg","conifer","Conifer",0.38,-2.348,2.3876,0.42058,0.92076,NA,"Check",395.708274209062,291.55605167048,NA
"Tsuga","TSCA","NEON.PLA.D05.TREE.01326","TREE_040","TREE","D05",2017-10-19,"Live","multi-bole tree",NA,130,NA,14.9,28.5,NA,23,"Tsuga canadensis (L.) Carri√®re",9.3,28,"2017",261,"douglas","Tsuga canadensis (L.) CarriËre","eastern hemlock","Pinaceae","tree","canadensis",0.628,"sw2",-2.2304,2.4435,"TsugaBelow0.40spg","conifer","Conifer",0.38,-2.348,2.3876,0.42058,0.92076,NA,"Check",385.71186895895,284.357144390336,NA
"Tsuga","TSCA","NEON.PLA.D05.TREE.01310","TREE_040","TREE","D05",2016-10-20,"Live","single bole tree",NA,130,NA,8.7,18.7,NA,25,"Tsuga canadensis (L.) Carri√®re",10.2,338,"2016",261,"douglas","Tsuga canadensis (L.) CarriËre","eastern hemlock","Pinaceae","tree","canadensis",0.628,"sw2",-2.2304,2.4435,"TsugaBelow0.40spg","conifer","Conifer",0.38,-2.348,2.3876,0.42058,0.92076,NA,"Check",137.750934295327,103.974197309907,NA
"Tsuga","TSCA","NEON.PLA.D05.TREE.00544","TREE_042","TREE","D05",2017-09-25,"Live","single bole tree",NA,130,NA,13,23.1,NA,41,"Tsuga canadensis (L.) Carri√®re",10,32.9,"2017",261,"douglas","Tsuga canadensis (L.) CarriËre","eastern hemlock","Pinaceae","tree","canadensis",0.628,"sw2",-2.2304,2.4435,"TsugaBelow0.40spg","conifer","Conifer",0.38,-2.348,2.3876,0.42058,0.92076,NA,"Check",230.852966897737,172.201337244202,NA
"Tsuga","TSCA","NEON.PLA.D05.TREE.01311","TREE_040","TREE","D05",2020-09-29,"Live","single bole tree","Mostly shaded",130,NA,11.8,36.5,NA,25,"Tsuga canadensis (L.) Carri√®re",5.7,296.3,"2020",261,"douglas","Tsuga canadensis (L.) CarriËre","eastern hemlock","Pinaceae","tree","canadensis",0.628,"sw2",-2.2304,2.4435,"TsugaBelow0.40spg","conifer","Conifer",0.38,-2.348,2.3876,0.42058,0.92076,NA,"Check",706.012193611065,513.342238019822,NA
"Tsuga","TSCA","NEON.PLA.D05.TREE.01348","TREE_040","TREE","D05",2019-10-23,"Live","single bole tree",NA,130,NA,10.2,32.4,NA,43,"Tsuga canadensis (L.) Carri√®re",4.5,244.4,"2019",261,"douglas","Tsuga canadensis (L.) CarriËre","eastern hemlock","Pinaceae","tree","canadensis",0.628,"sw2",-2.2304,2.4435,"TsugaBelow0.40spg","conifer","Conifer",0.38,-2.348,2.3876,0.42058,0.92076,NA,"Check",527.674758441482,386.236953491492,NA
"Tsuga","TSCA","NEON.PLA.D05.TREE.01132","TREE_045","TREE","D05",2017-10-19,"Live","single bole tree",NA,130,NA,10.8,28.5,NA,41,"Tsuga canadensis (L.) Carri√®re",10.1,108.1,"2017",261,"douglas","Tsuga canadensis (L.) CarriËre","eastern hemlock","Pinaceae","tree","canadensis",0.628,"sw2",-2.2304,2.4435,"TsugaBelow0.40spg","conifer","Conifer",0.38,-2.348,2.3876,0.42058,0.92076,NA,"Check",385.71186895895,284.357144390336,NA
"Tsuga","TSCA","NEON.PLA.D05.TREE.00798","TREE_052","TREE","D05",2018-08-29,"Standing dead","single bole tree",NA,130,NA,10.3,31.2,NA,23,"Tsuga canadensis (L.) Carri√®re",9,77.4,"2018",261,"douglas","Tsuga canadensis (L.) CarriËre","eastern hemlock","Pinaceae","tree","canadensis",0.628,"sw2",-2.2304,2.4435,"TsugaBelow0.40spg","conifer","Conifer",0.38,-2.348,2.3876,0.42058,0.92076,NA,"Check",481.189717145444,352.955590539277,NA
"Tsuga","TSCA","NEON.PLA.D05.TREE.01366A","TREE_040","TREE","D05",2020-09-29,"Live","multi-bole tree",NA,130,NA,NA,11.6,NA,23,"Tsuga canadensis (L.) Carri√®re",10.8,61.6,"2020",261,"douglas","Tsuga canadensis (L.) CarriËre","eastern hemlock","Pinaceae","tree","canadensis",0.628,"sw2",-2.2304,2.4435,"TsugaBelow0.40spg","conifer","Conifer",0.38,-2.348,2.3876,0.42058,0.92076,NA,"Check",42.8896679772996,33.2488364416338,NA
"Tsuga","TSCA","NEON.PLA.D05.TREE.01461","TREE_039","TREE","D05",2016-10-18,"Live","single bole tree",NA,130,NA,18.8,27.1,NA,41,"Tsuga canadensis (L.) Carri√®re",5.2,0.9,"2016",261,"douglas","Tsuga canadensis (L.) CarriËre","eastern hemlock","Pinaceae","tree","canadensis",0.628,"sw2",-2.2304,2.4435,"TsugaBelow0.40spg","conifer","Conifer",0.38,-2.348,2.3876,0.42058,0.92076,NA,"Check",341.043714502284,252.135522007311,NA
"Tsuga","TSCA","NEON.PLA.D05.TREE.00876","TREE_052","TREE","D05",2017-09-26,"Live","single bole tree",NA,130,NA,17.4,36.9,NA,23,"Tsuga canadensis (L.) Carri√®re",8.3,82.3,"2017",261,"douglas","Tsuga canadensis (L.) CarriËre","eastern hemlock","Pinaceae","tree","canadensis",0.628,"sw2",-2.2304,2.4435,"TsugaBelow0.40spg","conifer","Conifer",0.38,-2.348,2.3876,0.42058,0.92076,NA,"Check",725.067623995968,526.876354345761,NA
"Tsuga","TSCA","NEON.PLA.D05.TREE.01486","TREE_039","TREE","D05",2017-10-17,"Live","single bole tree",NA,130,NA,17.1,29.1,NA,41,"Tsuga canadensis (L.) Carri√®re",6.7,1.2,"2017",261,"douglas","Tsuga canadensis (L.) CarriËre","eastern hemlock","Pinaceae","tree","canadensis",0.628,"sw2",-2.2304,2.4435,"TsugaBelow0.40spg","conifer","Conifer",0.38,-2.348,2.3876,0.42058,0.92076,NA,"Check",405.856126512467,298.859769385614,NA
"Tsuga","TSCA","NEON.PLA.D05.TREE.01353","TREE_040","TREE","D05",2019-10-23,"Live","single bole tree",NA,130,NA,13.1,33.5,NA,23,"Tsuga canadensis (L.) Carri√®re",9.5,86.4,"2019",261,"douglas","Tsuga canadensis (L.) CarriËre","eastern hemlock","Pinaceae","tree","canadensis",0.628,"sw2",-2.2304,2.4435,"TsugaBelow0.40spg","conifer","Conifer",0.38,-2.348,2.3876,0.42058,0.92076,NA,"Check",572.527792317929,418.2862010564,NA
"Tsuga","TSCA","NEON.PLA.D05.TREE.00793","TREE_052","TREE","D05",2017-09-26,"Live","single bole tree",NA,130,NA,10.8,20.9,NA,41,"Tsuga canadensis (L.) Carri√®re",10.7,133.1,"2017",261,"douglas","Tsuga canadensis (L.) CarriËre","eastern hemlock","Pinaceae","tree","canadensis",0.628,"sw2",-2.2304,2.4435,"TsugaBelow0.40spg","conifer","Conifer",0.38,-2.348,2.3876,0.42058,0.92076,NA,"Check",180.770282897733,135.599419152176,NA
"Tsuga","TSCA","NEON.PLA.D05.TREE.01326","TREE_040","TREE","D05",2019-10-23,"Live, physically damaged","multi-bole tree",NA,130,NA,3.2,28.6,NA,23,"Tsuga canadensis (L.) Carri√®re",9.3,28,"2019",261,"douglas","Tsuga canadensis (L.) CarriËre","eastern hemlock","Pinaceae","tree","canadensis",0.628,"sw2",-2.2304,2.4435,"TsugaBelow0.40spg","conifer","Conifer",0.38,-2.348,2.3876,0.42058,0.92076,NA,"Check",389.02721982258,286.745160696264,NA
"Tsuga","TSCA","NEON.PLA.D05.TREE.00769","TREE_025","TREE","D05",2017-10-18,"Live","single bole tree",NA,130,NA,13.5,21.3,NA,39,"Tsuga canadensis (L.) Carri√®re",6.7,99.8,"2017",261,"douglas","Tsuga canadensis (L.) CarriËre","eastern hemlock","Pinaceae","tree","canadensis",0.628,"sw2",-2.2304,2.4435,"TsugaBelow0.40spg","conifer","Conifer",0.38,-2.348,2.3876,0.42058,0.92076,NA,"Check",189.341210166555,141.878209047269,NA
"Tsuga","TSCA","NEON.PLA.D05.TREE.01455","TREE_039","TREE","D05",2020-10-01,"Live","single bole tree","Partially shaded",130,NA,18.5,22.5,NA,41,"Tsuga canadensis (L.) Carri√®re",7.5,10.5,"2020",261,"douglas","Tsuga canadensis (L.) CarriËre","eastern hemlock","Pinaceae","tree","canadensis",0.628,"sw2",-2.2304,2.4435,"TsugaBelow0.40spg","conifer","Conifer",0.38,-2.348,2.3876,0.42058,0.92076,NA,"Check",216.474911401495,161.713969169049,NA
"Tsuga","TSCA","NEON.PLA.D05.TREE.00854","TREE_025","TREE","D05",2016-10-18,"Live","single bole tree",NA,130,NA,10,23,NA,21,"Tsuga canadensis (L.) Carri√®re",11.4,56.6,"2016",261,"douglas","Tsuga canadensis (L.) CarriËre","eastern hemlock","Pinaceae","tree","canadensis",0.628,"sw2",-2.2304,2.4435,"TsugaBelow0.40spg","conifer","Conifer",0.38,-2.348,2.3876,0.42058,0.92076,NA,"Check",228.418647072442,170.426818905215,NA
"Tsuga","TSCA","NEON.PLA.D05.TREE.00854","TREE_025","TREE","D05",2018-10-17,"Live","single bole tree",NA,130,NA,11.4,23.3,NA,21,"Tsuga canadensis (L.) Carri√®re",11.4,56.6,"2018",261,"douglas","Tsuga canadensis (L.) CarriËre","eastern hemlock","Pinaceae","tree","canadensis",0.628,"sw2",-2.2304,2.4435,"TsugaBelow0.40spg","conifer","Conifer",0.38,-2.348,2.3876,0.42058,0.92076,NA,"Check",235.767414327098,175.782466309909,NA
"Tsuga","TSCA","NEON.PLA.D05.TREE.01443","TREE_039","TREE","D05",2015-08-11,"Live","single bole tree","Partially shaded",130,NA,14.8,30.3,NA,41,"Tsuga canadensis (L.) Carri√®re",11.3,29.2,"2015",261,"douglas","Tsuga canadensis (L.) CarriËre","eastern hemlock","Pinaceae","tree","canadensis",0.628,"sw2",-2.2304,2.4435,"TsugaBelow0.40spg","conifer","Conifer",0.38,-2.348,2.3876,0.42058,0.92076,NA,"Check",447.975899644328,329.131141722379,NA
"Tsuga","TSCA","NEON.PLA.D05.TREE.00787A","TREE_057","TREE","D05",2018-10-16,"Live","multi-bole tree",NA,130,NA,11.4,23.4,NA,43,"Tsuga canadensis (L.) Carri√®re",9.3,256.1,"2018",261,"douglas","Tsuga canadensis (L.) CarriËre","eastern hemlock","Pinaceae","tree","canadensis",0.628,"sw2",-2.2304,2.4435,"TsugaBelow0.40spg","conifer","Conifer",0.38,-2.348,2.3876,0.42058,0.92076,NA,"Check",238.247600384597,177.589112820996,NA
"Tsuga","TSCA","NEON.PLA.D05.TREE.01497","TREE_039","TREE","D05",2015-08-11,"Live, physically damaged","single bole tree","Full shade",130,NA,3.7,17.9,NA,41,"Tsuga canadensis (L.) Carri√®re",10.7,11.7,"2015",261,"douglas","Tsuga canadensis (L.) CarriËre","eastern hemlock","Pinaceae","tree","canadensis",0.628,"sw2",-2.2304,2.4435,"TsugaBelow0.40spg","conifer","Conifer",0.38,-2.348,2.3876,0.42058,0.92076,NA,"Check",123.792966080726,93.6673973938283,NA
"Tsuga","TSCA","NEON.PLA.D05.TREE.00855","TREE_025","TREE","D05",2016-10-18,"Live","single bole tree",NA,130,NA,14.6,36,NA,21,"Tsuga canadensis (L.) Carri√®re",10.8,51.5,"2016",261,"douglas","Tsuga canadensis (L.) CarriËre","eastern hemlock","Pinaceae","tree","canadensis",0.628,"sw2",-2.2304,2.4435,"TsugaBelow0.40spg","conifer","Conifer",0.38,-2.348,2.3876,0.42058,0.92076,NA,"Check",682.613303761249,496.711719945882,NA
"Tsuga","TSCA","NEON.PLA.D05.TREE.01351","TREE_040","TREE","D05",2018-10-18,"Live","single bole tree",NA,130,NA,9.2,30.9,NA,25,"Tsuga canadensis (L.) Carri√®re",11.6,334.2,"2018",261,"douglas","Tsuga canadensis (L.) CarriËre","eastern hemlock","Pinaceae","tree","canadensis",0.628,"sw2",-2.2304,2.4435,"TsugaBelow0.40spg","conifer","Conifer",0.38,-2.348,2.3876,0.42058,0.92076,NA,"Check",469.962420614787,344.906534104678,NA
"Tsuga","TSCA","NEON.PLA.D05.TREE.01346","TREE_040","TREE","D05",2016-10-20,"Live, broken bole","single bole tree",NA,130,NA,NA,24.8,NA,23,"Tsuga canadensis (L.) Carri√®re",10.6,60.7,"2016",261,"douglas","Tsuga canadensis (L.) CarriËre","eastern hemlock","Pinaceae","tree","canadensis",0.628,"sw2",-2.2304,2.4435,"TsugaBelow0.40spg","conifer","Conifer",0.38,-2.348,2.3876,0.42058,0.92076,NA,"Check",274.59477528749,204.018424575181,NA
"Tsuga","TSCA","NEON.PLA.D05.TREE.01497","TREE_039","TREE","D05",2017-10-17,"Live,  other damage","single bole tree",NA,138,NA,4.7,17.8,NA,41,"Tsuga canadensis (L.) Carri√®re",10.7,11.7,"2017",261,"douglas","Tsuga canadensis (L.) CarriËre","eastern hemlock","Pinaceae","tree","canadensis",0.628,"sw2",-2.2304,2.4435,"TsugaBelow0.40spg","conifer","Conifer",0.38,-2.348,2.3876,0.42058,0.92076,NA,"Check",122.109896519491,92.4228494636776,NA
"Tsuga","TSCA","NEON.PLA.D05.TREE.00246","TREE_056","TREE","D05",2018-10-09,"Live","single bole tree",NA,130,NA,11.5,25.3,NA,41,"Tsuga canadensis (L.) Carri√®re",3.7,0.4,"2018",261,"douglas","Tsuga canadensis (L.) CarriËre","eastern hemlock","Pinaceae","tree","canadensis",0.628,"sw2",-2.2304,2.4435,"TsugaBelow0.40spg","conifer","Conifer",0.38,-2.348,2.3876,0.42058,0.92076,NA,"Check",288.319875029099,213.977009124607,NA
"Tsuga","TSCA","NEON.PLA.D05.TREE.01054","TREE_040","TREE","D05",2015-08-10,"Live","single bole tree","Partially shaded",130,NA,10.6,19.5,NA,25,"Tsuga canadensis (L.) Carri√®re",8.3,285.6,"2015",261,"douglas","Tsuga canadensis (L.) CarriËre","eastern hemlock","Pinaceae","tree","canadensis",0.628,"sw2",-2.2304,2.4435,"TsugaBelow0.40spg","conifer","Conifer",0.38,-2.348,2.3876,0.42058,0.92076,NA,"Check",152.59811200926,114.911420839297,NA
"Tsuga","TSCA","NEON.PLA.D05.TREE.01368A","TREE_040","TREE","D05",2017-10-19,"Standing dead","multi-bole tree",NA,130,NA,NA,29.8,NA,23,"Tsuga canadensis (L.) Carri√®re",10.9,10.8,"2017",261,"douglas","Tsuga canadensis (L.) CarriËre","eastern hemlock","Pinaceae","tree","canadensis",0.628,"sw2",-2.2304,2.4435,"TsugaBelow0.40spg","conifer","Conifer",0.38,-2.348,2.3876,0.42058,0.92076,NA,"Check",430.127320714454,316.311738122224,NA
"Tsuga","TSCA","NEON.PLA.D05.TREE.01356","TREE_040","TREE","D05",2019-10-23,"Live, broken bole","single bole tree",NA,130,NA,10,20.9,NA,23,"Tsuga canadensis (L.) Carri√®re",8.8,81.8,"2019",261,"douglas","Tsuga canadensis (L.) CarriËre","eastern hemlock","Pinaceae","tree","canadensis",0.628,"sw2",-2.2304,2.4435,"TsugaBelow0.40spg","conifer","Conifer",0.38,-2.348,2.3876,0.42058,0.92076,NA,"Check",180.770282897733,135.599419152176,NA
"Tsuga","TSCA","NEON.PLA.D05.TREE.01500","TREE_039","TREE","D05",2016-10-18,"Live, physically damaged","single bole tree",NA,130,NA,16,44.6,NA,61,"Tsuga canadensis (L.) Carri√®re",9.8,210,"2016",261,"douglas","Tsuga canadensis (L.) CarriËre","eastern hemlock","Pinaceae","tree","canadensis",0.628,"sw2",-2.2304,2.4435,"TsugaBelow0.40spg","conifer","Conifer",0.38,-2.348,2.3876,0.42058,0.92076,NA,"Check",1152.12424215114,828.377825925061,NA
"Tsuga","TSCA","NEON.PLA.D05.TREE.01468","TREE_039","TREE","D05",2016-10-18,"Live","single bole tree",NA,130,NA,12.3,18.1,NA,41,"Tsuga canadensis (L.) Carri√®re",13.1,38.9,"2016",261,"douglas","Tsuga canadensis (L.) CarriËre","eastern hemlock","Pinaceae","tree","canadensis",0.628,"sw2",-2.2304,2.4435,"TsugaBelow0.40spg","conifer","Conifer",0.38,-2.348,2.3876,0.42058,0.92076,NA,"Check",127.20002165721,96.185569749645,NA
"Tsuga","TSCA","NEON.PLA.D05.TREE.00848","TREE_025","TREE","D05",2015-08-04,"Live, physically damaged","single bole tree","Partially shaded",130,NA,9.3,24.8,NA,21,"Tsuga canadensis (L.) Carri√®re",7.8,52.7,"2015",261,"douglas","Tsuga canadensis (L.) CarriËre","eastern hemlock","Pinaceae","tree","canadensis",0.628,"sw2",-2.2304,2.4435,"TsugaBelow0.40spg","conifer","Conifer",0.38,-2.348,2.3876,0.42058,0.92076,NA,"Check",274.59477528749,204.018424575181,NA
"Tsuga","TSCA","NEON.PLA.D05.TREE.01461","TREE_039","TREE","D05",2021-09-30,"Live","single bole tree","Mostly shaded",130,NA,20.2,27.8,NA,41,"Tsuga canadensis (L.) Carri√®re",5.2,0.9,"2021",261,"douglas","Tsuga canadensis (L.) CarriËre","eastern hemlock","Pinaceae","tree","canadensis",0.628,"sw2",-2.2304,2.4435,"TsugaBelow0.40spg","conifer","Conifer",0.38,-2.348,2.3876,0.42058,0.92076,NA,"Check",362.971934762523,267.964900329843,NA
"Tsuga","TSCA","NEON.PLA.D05.TREE.00785","TREE_025","TREE","D05",2017-10-18,"Live","single bole tree",NA,130,NA,13,40.9,NA,39,"Tsuga canadensis (L.) Carri√®re",7.2,102.5,"2017",261,"douglas","Tsuga canadensis (L.) CarriËre","eastern hemlock","Pinaceae","tree","canadensis",0.628,"sw2",-2.2304,2.4435,"TsugaBelow0.40spg","conifer","Conifer",0.38,-2.348,2.3876,0.42058,0.92076,NA,"Check",932.385456443151,673.638851409316,NA
"Tsuga","TSCA","NEON.PLA.D05.TREE.01500","TREE_039","TREE","D05",2017-10-17,"Live","single bole tree",NA,130,NA,12.4,44.9,NA,61,"Tsuga canadensis (L.) Carri√®re",9.8,210,"2017",261,"douglas","Tsuga canadensis (L.) CarriËre","eastern hemlock","Pinaceae","tree","canadensis",0.628,"sw2",-2.2304,2.4435,"TsugaBelow0.40spg","conifer","Conifer",0.38,-2.348,2.3876,0.42058,0.92076,NA,"Check",1171.15269414974,841.74378849684,NA
"Tsuga","TSCA","NEON.PLA.D05.TREE.00859","TREE_052","TREE","D05",2018-08-29,"Live","single bole tree",NA,130,NA,10.8,23.2,NA,41,"Tsuga canadensis (L.) Carri√®re",8.2,232.3,"2018",261,"douglas","Tsuga canadensis (L.) CarriËre","eastern hemlock","Pinaceae","tree","canadensis",0.628,"sw2",-2.2304,2.4435,"TsugaBelow0.40spg","conifer","Conifer",0.38,-2.348,2.3876,0.42058,0.92076,NA,"Check",233.302546228699,173.986547073834,NA
"Tsuga","TSCA","NEON.PLA.D05.TREE.00838","TREE_025","TREE","D05",2016-10-18,"Live","single bole tree",NA,130,NA,14.6,37.5,NA,39,"Tsuga canadensis (L.) Carri√®re",3.1,162.6,"2016",261,"douglas","Tsuga canadensis (L.) CarriËre","eastern hemlock","Pinaceae","tree","canadensis",0.628,"sw2",-2.2304,2.4435,"TsugaBelow0.40spg","conifer","Conifer",0.38,-2.348,2.3876,0.42058,0.92076,NA,"Check",754.214695657385,547.562391115996,NA
"Tsuga","TSCA","NEON.PLA.D05.TREE.01310","TREE_040","TREE","D05",2020-09-29,"Live","single bole tree","Mostly shaded",130,NA,10.5,19.5,NA,25,"Tsuga canadensis (L.) Carri√®re",10.2,338,"2020",261,"douglas","Tsuga canadensis (L.) CarriËre","eastern hemlock","Pinaceae","tree","canadensis",0.628,"sw2",-2.2304,2.4435,"TsugaBelow0.40spg","conifer","Conifer",0.38,-2.348,2.3876,0.42058,0.92076,NA,"Check",152.59811200926,114.911420839297,NA
"Tsuga","TSCA","NEON.PLA.D05.TREE.01351","TREE_040","TREE","D05",2020-09-29,"Live","single bole tree","Partially shaded",130,NA,11.1,31.6,NA,25,"Tsuga canadensis (L.) Carri√®re",11.6,334.2,"2020",261,"douglas","Tsuga canadensis (L.) CarriËre","eastern hemlock","Pinaceae","tree","canadensis",0.628,"sw2",-2.2304,2.4435,"TsugaBelow0.40spg","conifer","Conifer",0.38,-2.348,2.3876,0.42058,0.92076,NA,"Check",496.403658897575,363.855911276801,NA
"Tsuga","TSCA","NEON.PLA.D05.TREE.01195","TREE_039","TREE","D05",2020-10-01,"Standing dead","small tree","Full shade",130,NA,6.5,6.3,NA,NA,"Tsuga canadensis (L.) Carri√®re",NA,NA,"2020",261,"douglas","Tsuga canadensis (L.) CarriËre","eastern hemlock","Pinaceae","tree","canadensis",0.628,"sw2",-2.2304,2.4435,"TsugaBelow0.40spg","conifer","Conifer",0.38,-2.348,2.3876,0.42058,0.92076,NA,"Check",3.09636827887758,2.54912127581059,NA
"Tsuga","TSCA","NEON.PLA.D05.TREE.00853","TREE_025","TREE","D05",2017-10-18,"Live","single bole tree",NA,130,NA,11.1,38.8,NA,39,"Tsuga canadensis (L.) Carri√®re",7,111.6,"2017",261,"douglas","Tsuga canadensis (L.) CarriËre","eastern hemlock","Pinaceae","tree","canadensis",0.628,"sw2",-2.2304,2.4435,"TsugaBelow0.40spg","conifer","Conifer",0.38,-2.348,2.3876,0.42058,0.92076,NA,"Check",819.709388061084,593.97912809135,NA
"Tsuga","TSCA","NEON.PLA.D05.TREE.00947","TREE_039","TREE","D05",2020-10-01,"Live","single bole tree","Full shade",130,NA,10.9,25.3,NA,41,"Tsuga canadensis (L.) Carri√®re",4.3,54.7,"2020",261,"douglas","Tsuga canadensis (L.) CarriËre","eastern hemlock","Pinaceae","tree","canadensis",0.628,"sw2",-2.2304,2.4435,"TsugaBelow0.40spg","conifer","Conifer",0.38,-2.348,2.3876,0.42058,0.92076,NA,"Check",288.319875029099,213.977009124607,NA
"Tsuga","TSCA","NEON.PLA.D05.TREE.01132","TREE_045","TREE","D05",2016-10-18,"Live, physically damaged","single bole tree",NA,130,NA,13.4,21.3,NA,41,"Tsuga canadensis (L.) Carri√®re",10.1,108.1,"2016",261,"douglas","Tsuga canadensis (L.) CarriËre","eastern hemlock","Pinaceae","tree","canadensis",0.628,"sw2",-2.2304,2.4435,"TsugaBelow0.40spg","conifer","Conifer",0.38,-2.348,2.3876,0.42058,0.92076,NA,"Check",189.341210166555,141.878209047269,NA
"Tsuga","TSCA","NEON.PLA.D05.TREE.01326","TREE_040","TREE","D05",2015-08-10,"Live","multi-bole tree","Partially shaded",130,NA,10.6,28.8,NA,23,"Tsuga canadensis (L.) Carri√®re",9.3,28,"2015",261,"douglas","Tsuga canadensis (L.) CarriËre","eastern hemlock","Pinaceae","tree","canadensis",0.628,"sw2",-2.2304,2.4435,"TsugaBelow0.40spg","conifer","Conifer",0.38,-2.348,2.3876,0.42058,0.92076,NA,"Check",395.708274209062,291.55605167048,NA
"Tsuga","TSCA","NEON.PLA.D05.TREE.01132","TREE_045","TREE","D05",2015-08-11,"Live","single bole tree","Full sun",130,NA,16.1,26.8,NA,41,"Tsuga canadensis (L.) Carri√®re",10.1,108.1,"2015",261,"douglas","Tsuga canadensis (L.) CarriËre","eastern hemlock","Pinaceae","tree","canadensis",0.628,"sw2",-2.2304,2.4435,"TsugaBelow0.40spg","conifer","Conifer",0.38,-2.348,2.3876,0.42058,0.92076,NA,"Check",331.892131879826,245.522439578304,NA
"Tsuga","TSCA","NEON.PLA.D05.TREE.00798","TREE_052","TREE","D05",2017-09-26,"Standing dead","single bole tree",NA,130,NA,8.3,31,NA,23,"Tsuga canadensis (L.) Carri√®re",9,77.4,"2017",261,"douglas","Tsuga canadensis (L.) CarriËre","eastern hemlock","Pinaceae","tree","canadensis",0.628,"sw2",-2.2304,2.4435,"TsugaBelow0.40spg","conifer","Conifer",0.38,-2.348,2.3876,0.42058,0.92076,NA,"Check",473.687458593654,347.577565242656,NA
"Tsuga","TSCA","NEON.PLA.D05.TREE.00882","TREE_025","TREE","D05",2015-08-04,"Live","small tree","Full sun",130,NA,NA,29.3,NA,23,"Tsuga canadensis (L.) Carri√®re",7,91.5,"2015",261,"douglas","Tsuga canadensis (L.) CarriËre","eastern hemlock","Pinaceae","tree","canadensis",0.628,"sw2",-2.2304,2.4435,"TsugaBelow0.40spg","conifer","Conifer",0.38,-2.348,2.3876,0.42058,0.92076,NA,"Check",412.705843313629,303.787350971564,NA
"Tsuga","TSCA","NEON.PLA.D05.TREE.01348","TREE_040","TREE","D05",2018-10-18,"Live","single bole tree",NA,130,NA,10.3,32.5,NA,43,"Tsuga canadensis (L.) Carri√®re",4.5,244.4,"2018",261,"douglas","Tsuga canadensis (L.) CarriËre","eastern hemlock","Pinaceae","tree","canadensis",0.628,"sw2",-2.2304,2.4435,"TsugaBelow0.40spg","conifer","Conifer",0.38,-2.348,2.3876,0.42058,0.92076,NA,"Check",531.663174553729,389.08928328589,NA
"Tsuga","TSCA","NEON.PLA.D05.TREE.01497","TREE_039","TREE","D05",2016-10-18,"Live, physically damaged","single bole tree",NA,130,NA,4.4,17.9,NA,41,"Tsuga canadensis (L.) Carri√®re",10.7,11.7,"2016",261,"douglas","Tsuga canadensis (L.) CarriËre","eastern hemlock","Pinaceae","tree","canadensis",0.628,"sw2",-2.2304,2.4435,"TsugaBelow0.40spg","conifer","Conifer",0.38,-2.348,2.3876,0.42058,0.92076,NA,"Check",123.792966080726,93.6673973938283,NA
"Tsuga","TSCA","NEON.PLA.D05.TREE.00855","TREE_025","TREE","D05",2015-08-04,"Live","single bole tree","Partially shaded",130,NA,11,35.4,NA,21,"Tsuga canadensis (L.) Carri√®re",10.8,51.5,"2015",261,"douglas","Tsuga canadensis (L.) CarriËre","eastern hemlock","Pinaceae","tree","canadensis",0.628,"sw2",-2.2304,2.4435,"TsugaBelow0.40spg","conifer","Conifer",0.38,-2.348,2.3876,0.42058,0.92076,NA,"Check",655.147455049108,477.173970185723,NA
"Tsuga","TSCA","NEON.PLA.D05.TREE.01311","TREE_040","TREE","D05",2018-10-18,"Live","single bole tree",NA,130,NA,10.3,36.1,NA,25,"Tsuga canadensis (L.) Carri√®re",5.7,296.3,"2018",261,"douglas","Tsuga canadensis (L.) CarriËre","eastern hemlock","Pinaceae","tree","canadensis",0.628,"sw2",-2.2304,2.4435,"TsugaBelow0.40spg","conifer","Conifer",0.38,-2.348,2.3876,0.42058,0.92076,NA,"Check",687.255834371848,500.012373583508,NA
"Tsuga","TSCA","NEON.PLA.D05.TREE.01366A","TREE_040","TREE","D05",2021-10-05,"Live, physically damaged","multi-bole tree",NA,130,NA,NA,11.6,NA,23,"Tsuga canadensis (L.) Carri√®re",10.8,61.6,"2021",261,"douglas","Tsuga canadensis (L.) CarriËre","eastern hemlock","Pinaceae","tree","canadensis",0.628,"sw2",-2.2304,2.4435,"TsugaBelow0.40spg","conifer","Conifer",0.38,-2.348,2.3876,0.42058,0.92076,NA,"Check",42.8896679772996,33.2488364416338,NA
"Tsuga","TSCA","NEON.PLA.D05.TREE.01468","TREE_039","TREE","D05",2017-10-17,"Live","single bole tree",NA,130,NA,14.4,18.3,NA,41,"Tsuga canadensis (L.) Carri√®re",13.1,38.9,"2017",261,"douglas","Tsuga canadensis (L.) CarriËre","eastern hemlock","Pinaceae","tree","canadensis",0.628,"sw2",-2.2304,2.4435,"TsugaBelow0.40spg","conifer","Conifer",0.38,-2.348,2.3876,0.42058,0.92076,NA,"Check",130.661856734186,98.7426499861945,NA
"Tsuga","TSCA","NEON.PLA.D05.TREE.01321","TREE_040","TREE","D05",2016-10-20,"Live","single bole tree",NA,130,NA,13.2,29.1,NA,23,"Tsuga canadensis (L.) Carri√®re",7.9,23.5,"2016",261,"douglas","Tsuga canadensis (L.) CarriËre","eastern hemlock","Pinaceae","tree","canadensis",0.628,"sw2",-2.2304,2.4435,"TsugaBelow0.40spg","conifer","Conifer",0.38,-2.348,2.3876,0.42058,0.92076,NA,"Check",405.856126512467,298.859769385614,NA
"Tsuga","TSCA","NEON.PLA.D05.TREE.01321","TREE_040","TREE","D05",2018-10-18,"Live","single bole tree",NA,130,NA,15.6,29.1,NA,23,"Tsuga canadensis (L.) Carri√®re",7.9,23.5,"2018",261,"douglas","Tsuga canadensis (L.) CarriËre","eastern hemlock","Pinaceae","tree","canadensis",0.628,"sw2",-2.2304,2.4435,"TsugaBelow0.40spg","conifer","Conifer",0.38,-2.348,2.3876,0.42058,0.92076,NA,"Check",405.856126512467,298.859769385614,NA
"Tsuga","TSCA","NEON.PLA.D05.TREE.00853","TREE_025","TREE","D05",2018-10-17,"Live","single bole tree",NA,130,NA,10.9,39.8,NA,39,"Tsuga canadensis (L.) Carri√®re",7,111.6,"2018",261,"douglas","Tsuga canadensis (L.) CarriËre","eastern hemlock","Pinaceae","tree","canadensis",0.628,"sw2",-2.2304,2.4435,"TsugaBelow0.40spg","conifer","Conifer",0.38,-2.348,2.3876,0.42058,0.92076,NA,"Check",872.295986332228,631.186031858171,NA
"Tsuga","TSCA","NEON.PLA.D05.TREE.01054","TREE_040","TREE","D05",2017-10-19,"Live","single bole tree",NA,130,NA,8.2,19.5,NA,25,"Tsuga canadensis (L.) Carri√®re",8.3,285.6,"2017",261,"douglas","Tsuga canadensis (L.) CarriËre","eastern hemlock","Pinaceae","tree","canadensis",0.628,"sw2",-2.2304,2.4435,"TsugaBelow0.40spg","conifer","Conifer",0.38,-2.348,2.3876,0.42058,0.92076,NA,"Check",152.59811200926,114.911420839297,NA
"Tsuga","TSCA","NEON.PLA.D05.TREE.01326A","TREE_040","TREE","D05",2017-10-19,"Live","multi-bole tree",NA,130,NA,NA,21.9,NA,23,"Tsuga canadensis (L.) Carri√®re",9.3,28,"2017",261,"douglas","Tsuga canadensis (L.) CarriËre","eastern hemlock","Pinaceae","tree","canadensis",0.628,"sw2",-2.2304,2.4435,"TsugaBelow0.40spg","conifer","Conifer",0.38,-2.348,2.3876,0.42058,0.92076,NA,"Check",202.639815877782,151.607583353405,NA
"Tsuga","TSCA","NEON.PLA.D05.TREE.03155","TREE_040","TREE","D05",2016-10-20,"Dead, broken bole","single bole tree",NA,130,NA,NA,17.1,NA,25,"Tsuga canadensis (L.) Carri√®re",7.5,268.6,"2016",261,"douglas","Tsuga canadensis (L.) CarriËre","eastern hemlock","Pinaceae","tree","canadensis",0.628,"sw2",-2.2304,2.4435,"TsugaBelow0.40spg","conifer","Conifer",0.38,-2.348,2.3876,0.42058,0.92076,NA,"Check",110.707127745127,83.9804252940307,NA
"Tsuga","TSCA","NEON.PLA.D05.TREE.01468","TREE_039","TREE","D05",2018-10-17,"Live","single bole tree",NA,130,NA,13,18.5,NA,41,"Tsuga canadensis (L.) Carri√®re",13.1,38.9,"2018",261,"douglas","Tsuga canadensis (L.) CarriËre","eastern hemlock","Pinaceae","tree","canadensis",0.628,"sw2",-2.2304,2.4435,"TsugaBelow0.40spg","conifer","Conifer",0.38,-2.348,2.3876,0.42058,0.92076,NA,"Check",134.178738943802,101.338804182556,NA
"Tsuga","TSCA","NEON.PLA.D05.TREE.01290","TREE_047","TREE","D05",2016-10-19,"Live,  other damage","single bole tree",NA,130,NA,9.4,22.5,NA,41,"Tsuga canadensis (L.) Carri√®re",9,21.8,"2016",261,"douglas","Tsuga canadensis (L.) CarriËre","eastern hemlock","Pinaceae","tree","canadensis",0.628,"sw2",-2.2304,2.4435,"TsugaBelow0.40spg","conifer","Conifer",0.38,-2.348,2.3876,0.42058,0.92076,NA,"Check",216.474911401495,161.713969169049,NA
"Tsuga","TSCA","NEON.PLA.D05.TREE.01489","TREE_039","TREE","D05",2016-10-18,"Live, physically damaged","single bole tree",NA,130,NA,13.3,24.4,NA,41,"Tsuga canadensis (L.) Carri√®re",11.7,45.6,"2016",261,"douglas","Tsuga canadensis (L.) CarriËre","eastern hemlock","Pinaceae","tree","canadensis",0.628,"sw2",-2.2304,2.4435,"TsugaBelow0.40spg","conifer","Conifer",0.38,-2.348,2.3876,0.42058,0.92076,NA,"Check",263.89832167093,196.249476016133,NA
"Tsuga","TSCA","NEON.PLA.D05.TREE.00718","TREE_025","TREE","D05",2017-10-18,"Live","single bole tree",NA,130,NA,12.3,15.9,NA,23,"Tsuga canadensis (L.) Carri√®re",7.9,296,"2017",261,"douglas","Tsuga canadensis (L.) CarriËre","eastern hemlock","Pinaceae","tree","canadensis",0.628,"sw2",-2.2304,2.4435,"TsugaBelow0.40spg","conifer","Conifer",0.38,-2.348,2.3876,0.42058,0.92076,NA,"Check",92.6751848272553,70.58823624484,NA
"Tsuga","TSCA","NEON.PLA.D05.TREE.01327","TREE_045","TREE","D05",2016-10-18,"Live","single bole tree",NA,130,NA,17.8,40.7,NA,57,"Tsuga canadensis (L.) Carri√®re",4.3,128.1,"2016",261,"douglas","Tsuga canadensis (L.) CarriËre","eastern hemlock","Pinaceae","tree","canadensis",0.628,"sw2",-2.2304,2.4435,"TsugaBelow0.40spg","conifer","Conifer",0.38,-2.348,2.3876,0.42058,0.92076,NA,"Check",921.283995115631,665.800578173801,NA
"Tsuga","TSCA","NEON.PLA.D05.TREE.00876","TREE_052","TREE","D05",2015-08-03,"Live","single bole tree","Open grown",130,NA,15.1,36.3,NA,23,"Tsuga canadensis (L.) Carri√®re",8.3,82.3,"2015",261,"douglas","Tsuga canadensis (L.) CarriËre","eastern hemlock","Pinaceae","tree","canadensis",0.628,"sw2",-2.2304,2.4435,"TsugaBelow0.40spg","conifer","Conifer",0.38,-2.348,2.3876,0.42058,0.92076,NA,"Check",696.596721016299,506.651828586163,NA
"Tsuga","TSCA","NEON.PLA.D05.TREE.01353","TREE_040","TREE","D05",2017-10-19,"Live","single bole tree",NA,130,NA,17,33.2,NA,23,"Tsuga canadensis (L.) Carri√®re",9.5,86.4,"2017",261,"douglas","Tsuga canadensis (L.) CarriËre","eastern hemlock","Pinaceae","tree","canadensis",0.628,"sw2",-2.2304,2.4435,"TsugaBelow0.40spg","conifer","Conifer",0.38,-2.348,2.3876,0.42058,0.92076,NA,"Check",560.080555122194,409.398121073344,NA
"Tsuga","TSCA","NEON.PLA.D05.TREE.00947","TREE_039","TREE","D05",2016-10-18,"Live, physically damaged","single bole tree",NA,130,NA,10,24.5,NA,41,"Tsuga canadensis (L.) Carri√®re",4.3,54.7,"2016",261,"douglas","Tsuga canadensis (L.) CarriËre","eastern hemlock","Pinaceae","tree","canadensis",0.628,"sw2",-2.2304,2.4435,"TsugaBelow0.40spg","conifer","Conifer",0.38,-2.348,2.3876,0.42058,0.92076,NA,"Check",266.548912335966,198.175288689816,NA
"Tsuga","TSCA","NEON.PLA.D05.TREE.01353","TREE_040","TREE","D05",2021-10-05,"Live","single bole tree","Partially shaded",130,NA,17.6,34.1,NA,23,"Tsuga canadensis (L.) Carri√®re",9.5,86.4,"2021",261,"douglas","Tsuga canadensis (L.) CarriËre","eastern hemlock","Pinaceae","tree","canadensis",0.628,"sw2",-2.2304,2.4435,"TsugaBelow0.40spg","conifer","Conifer",0.38,-2.348,2.3876,0.42058,0.92076,NA,"Check",597.908754889264,436.396151305272,NA
"Tsuga","TSCA","NEON.PLA.D05.TREE.01054","TREE_040","TREE","D05",2019-10-23,"Standing dead","single bole tree",NA,130,NA,9.6,19.5,NA,25,"Tsuga canadensis (L.) Carri√®re",8.3,285.6,"2019",261,"douglas","Tsuga canadensis (L.) CarriËre","eastern hemlock","Pinaceae","tree","canadensis",0.628,"sw2",-2.2304,2.4435,"TsugaBelow0.40spg","conifer","Conifer",0.38,-2.348,2.3876,0.42058,0.92076,NA,"Check",152.59811200926,114.911420839297,NA
"Tsuga","TSCA","NEON.PLA.D05.TREE.01310","TREE_040","TREE","D05",2017-10-19,"Live","single bole tree",NA,130,NA,10.3,19.1,NA,25,"Tsuga canadensis (L.) Carri√®re",10.2,338,"2017",261,"douglas","Tsuga canadensis (L.) CarriËre","eastern hemlock","Pinaceae","tree","canadensis",0.628,"sw2",-2.2304,2.4435,"TsugaBelow0.40spg","conifer","Conifer",0.38,-2.348,2.3876,0.42058,0.92076,NA,"Check",145.062320509396,109.363354817733,NA
"Tsuga","TSCA","NEON.PLA.D05.TREE.01007","TREE_039","TREE","D05",2021-09-30,"Live","small tree","Mostly shaded",130,NA,5.2,4.8,NA,NA,"Tsuga canadensis (L.) Carri√®re",NA,NA,"2021",261,"douglas","Tsuga canadensis (L.) CarriËre","eastern hemlock","Pinaceae","tree","canadensis",0.628,"sw2",-2.2304,2.4435,"TsugaBelow0.40spg","conifer","Conifer",0.38,-2.348,2.3876,0.42058,0.92076,NA,"Check",1.59322436924673,1.33173121734067,NA
"Tsuga","TSCA","NEON.PLA.D05.TREE.01351","TREE_040","TREE","D05",2021-10-05,"Live, physically damaged","single bole tree","Mostly shaded",130,NA,3.9,31.9,NA,25,"Tsuga canadensis (L.) Carri√®re",11.6,334.2,"2021",261,"douglas","Tsuga canadensis (L.) CarriËre","eastern hemlock","Pinaceae","tree","canadensis",0.628,"sw2",-2.2304,2.4435,"TsugaBelow0.40spg","conifer","Conifer",0.38,-2.348,2.3876,0.42058,0.92076,NA,"Check",507.998139374838,372.157856232908,NA
"Tsuga","TSCA","NEON.PLA.D05.TREE.01433","TREE_039","TREE","D05",2017-10-17,"Live","single bole tree",NA,130,NA,13.9,19.6,NA,41,"Tsuga canadensis (L.) Carri√®re",12.6,41.9,"2017",261,"douglas","Tsuga canadensis (L.) CarriËre","eastern hemlock","Pinaceae","tree","canadensis",0.628,"sw2",-2.2304,2.4435,"TsugaBelow0.40spg","conifer","Conifer",0.38,-2.348,2.3876,0.42058,0.92076,NA,"Check",154.51736658455,116.323417364413,NA
"Tsuga","TSCA","NEON.PLA.D05.TREE.01461","TREE_039","TREE","D05",2015-08-11,"Live","single bole tree","Partially shaded",130,NA,12.7,26.4,NA,41,"Tsuga canadensis (L.) Carri√®re",5.2,0.9,"2015",261,"douglas","Tsuga canadensis (L.) CarriËre","eastern hemlock","Pinaceae","tree","canadensis",0.628,"sw2",-2.2304,2.4435,"TsugaBelow0.40spg","conifer","Conifer",0.38,-2.348,2.3876,0.42058,0.92076,NA,"Check",319.918078652151,236.863472711921,NA
"Tsuga","TSCA","NEON.PLA.D05.TREE.00882","TREE_025","TREE","D05",2018-10-17,"Live","single bole tree",NA,130,NA,14.6,31.1,NA,23,"Tsuga canadensis (L.) Carri√®re",7,91.5,"2018",261,"douglas","Tsuga canadensis (L.) CarriËre","eastern hemlock","Pinaceae","tree","canadensis",0.628,"sw2",-2.2304,2.4435,"TsugaBelow0.40spg","conifer","Conifer",0.38,-2.348,2.3876,0.42058,0.92076,NA,"Check",477.429882486937,350.260579065035,NA
"Tsuga","TSCA","NEON.PLA.D05.TREE.01348","TREE_040","TREE","D05",2015-08-10,"Live","single bole tree","Partially shaded",130,NA,12.1,32.5,NA,43,"Tsuga canadensis (L.) Carri√®re",4.5,244.4,"2015",261,"douglas","Tsuga canadensis (L.) CarriËre","eastern hemlock","Pinaceae","tree","canadensis",0.628,"sw2",-2.2304,2.4435,"TsugaBelow0.40spg","conifer","Conifer",0.38,-2.348,2.3876,0.42058,0.92076,NA,"Check",531.663174553729,389.08928328589,NA
"Tsuga","TSCA","NEON.PLA.D05.TREE.01433","TREE_039","TREE","D05",2019-10-23,"Live","single bole tree",NA,30,NA,13.7,19.8,NA,41,"Tsuga canadensis (L.) Carri√®re",12.6,41.9,"2019",261,"douglas","Tsuga canadensis (L.) CarriËre","eastern hemlock","Pinaceae","tree","canadensis",0.628,"sw2",-2.2304,2.4435,"TsugaBelow0.40spg","conifer","Conifer",0.38,-2.348,2.3876,0.42058,0.92076,NA,"Check",0.27062265635465,0.240522268978321,NA
"Tsuga","TSCA","NEON.PLA.D05.TREE.01461","TREE_039","TREE","D05",2018-10-17,"Live","single bole tree",NA,130,NA,19.4,27.3,NA,41,"Tsuga canadensis (L.) Carri√®re",5.2,0.9,"2018",261,"douglas","Tsuga canadensis (L.) CarriËre","eastern hemlock","Pinaceae","tree","canadensis",0.628,"sw2",-2.2304,2.4435,"TsugaBelow0.40spg","conifer","Conifer",0.38,-2.348,2.3876,0.42058,0.92076,NA,"Check",347.226622239412,256.601087465276,NA
"Tsuga","TSCA","NEON.PLA.D05.TREE.01455","TREE_039","TREE","D05",2017-10-17,"Live","single bole tree",NA,130,NA,14,22.2,NA,41,"Tsuga canadensis (L.) Carri√®re",7.5,10.5,"2017",261,"douglas","Tsuga canadensis (L.) CarriËre","eastern hemlock","Pinaceae","tree","canadensis",0.628,"sw2",-2.2304,2.4435,"TsugaBelow0.40spg","conifer","Conifer",0.38,-2.348,2.3876,0.42058,0.92076,NA,"Check",209.48989574689,156.613400110065,NA
"Tsuga","TSCA","NEON.PLA.D05.TREE.01443","TREE_039","TREE","D05",2020-10-01,"Live","single bole tree","Partially shaded",130,NA,18.7,13.7,NA,41,"Tsuga canadensis (L.) Carri√®re",11.3,29.2,"2020",261,"douglas","Tsuga canadensis (L.) CarriËre","eastern hemlock","Pinaceae","tree","canadensis",0.628,"sw2",-2.2304,2.4435,"TsugaBelow0.40spg","conifer","Conifer",0.38,-2.348,2.3876,0.42058,0.92076,NA,"Check",64.4059949156451,49.4664316218805,NA
"Tsuga","TSCA","NEON.PLA.D05.TREE.01486","TREE_039","TREE","D05",2015-08-11,"Live","single bole tree","Partially shaded",130,NA,13.7,28.4,NA,41,"Tsuga canadensis (L.) Carri√®re",6.7,1.2,"2015",261,"douglas","Tsuga canadensis (L.) CarriËre","eastern hemlock","Pinaceae","tree","canadensis",0.628,"sw2",-2.2304,2.4435,"TsugaBelow0.40spg","conifer","Conifer",0.38,-2.348,2.3876,0.42058,0.92076,NA,"Check",382.413267612962,281.980726540424,NA
"Tsuga","TSCA","NEON.PLA.D05.TREE.01161","TREE_039","TREE","D05",2018-10-17,"Live","single bole tree",NA,130,NA,10.8,17.1,NA,41,"Tsuga canadensis (L.) Carri√®re",10.4,36.9,"2018",261,"douglas","Tsuga canadensis (L.) CarriËre","eastern hemlock","Pinaceae","tree","canadensis",0.628,"sw2",-2.2304,2.4435,"TsugaBelow0.40spg","conifer","Conifer",0.38,-2.348,2.3876,0.42058,0.92076,NA,"Check",110.707127745127,83.9804252940307,NA
"Tsuga","TSCA","NEON.PLA.D05.TREE.01161","TREE_039","TREE","D05",2019-10-23,"Live","single bole tree",NA,130,NA,10,17.1,NA,41,"Tsuga canadensis (L.) Carri√®re",10.4,36.9,"2019",261,"douglas","Tsuga canadensis (L.) CarriËre","eastern hemlock","Pinaceae","tree","canadensis",0.628,"sw2",-2.2304,2.4435,"TsugaBelow0.40spg","conifer","Conifer",0.38,-2.348,2.3876,0.42058,0.92076,NA,"Check",110.707127745127,83.9804252940307,NA
"Tsuga","TSCA","NEON.PLA.D05.TREE.01326","TREE_040","TREE","D05",2018-10-18,"Live","multi-bole tree",NA,130,NA,13.2,28.9,NA,23,"Tsuga canadensis (L.) Carri√®re",9.3,28,"2018",261,"douglas","Tsuga canadensis (L.) CarriËre","eastern hemlock","Pinaceae","tree","canadensis",0.628,"sw2",-2.2304,2.4435,"TsugaBelow0.40spg","conifer","Conifer",0.38,-2.348,2.3876,0.42058,0.92076,NA,"Check",399.074029658791,293.978957751854,NA
"Tsuga","TSCA","NEON.PLA.D05.TREE.01311","TREE_040","TREE","D05",2019-10-23,"Live","single bole tree",NA,130,NA,10.4,36.3,NA,25,"Tsuga canadensis (L.) Carri√®re",5.7,296.3,"2019",261,"douglas","Tsuga canadensis (L.) CarriËre","eastern hemlock","Pinaceae","tree","canadensis",0.628,"sw2",-2.2304,2.4435,"TsugaBelow0.40spg","conifer","Conifer",0.38,-2.348,2.3876,0.42058,0.92076,NA,"Check",696.596721016299,506.651828586163,NA
"Tsuga","TSCA","NEON.PLA.D05.TREE.01326A","TREE_040","TREE","D05",2018-10-18,"Standing dead","multi-bole tree",NA,130,NA,13.2,21.9,NA,23,"Tsuga canadensis (L.) Carri√®re",9.3,28,"2018",261,"douglas","Tsuga canadensis (L.) CarriËre","eastern hemlock","Pinaceae","tree","canadensis",0.628,"sw2",-2.2304,2.4435,"TsugaBelow0.40spg","conifer","Conifer",0.38,-2.348,2.3876,0.42058,0.92076,NA,"Check",202.639815877782,151.607583353405,NA
"Tsuga","TSCA","NEON.PLA.D05.TREE.01486","TREE_039","TREE","D05",2020-10-01,"Live","single bole tree","Partially shaded",130,NA,19.2,29.9,NA,41,"Tsuga canadensis (L.) Carri√®re",6.7,1.2,"2020",261,"douglas","Tsuga canadensis (L.) CarriËre","eastern hemlock","Pinaceae","tree","canadensis",0.628,"sw2",-2.2304,2.4435,"TsugaBelow0.40spg","conifer","Conifer",0.38,-2.348,2.3876,0.42058,0.92076,NA,"Check",433.662766721949,318.851956161508,NA
"Tsuga","TSCA","NEON.PLA.D05.TREE.01327","TREE_045","TREE","D05",2018-10-17,"Live","single bole tree",NA,130,NA,18.2,41.9,NA,57,"Tsuga canadensis (L.) Carri√®re",4.3,128.1,"2018",261,"douglas","Tsuga canadensis (L.) CarriËre","eastern hemlock","Pinaceae","tree","canadensis",0.628,"sw2",-2.2304,2.4435,"TsugaBelow0.40spg","conifer","Conifer",0.38,-2.348,2.3876,0.42058,0.92076,NA,"Check",989.075746925401,713.632725809647,NA
"Tsuga","TSCA","NEON.PLA.D05.TREE.00854","TREE_025","TREE","D05",2015-08-04,"Live","single bole tree","Partially shaded",130,NA,11.1,22.9,NA,21,"Tsuga canadensis (L.) Carri√®re",11.4,56.6,"2015",261,"douglas","Tsuga canadensis (L.) CarriËre","eastern hemlock","Pinaceae","tree","canadensis",0.628,"sw2",-2.2304,2.4435,"TsugaBelow0.40spg","conifer","Conifer",0.38,-2.348,2.3876,0.42058,0.92076,NA,"Check",225.999557420463,168.662974093516,NA
"Tsuga","TSCA","NEON.PLA.D05.TREE.01160","TREE_039","TREE","D05",2021-09-30,"Live","single bole tree","Mostly shaded",130,NA,13.2,12.2,NA,41,"Tsuga canadensis (L.) Carri√®re",10.1,36.5,"2021",261,"douglas","Tsuga canadensis (L.) CarriËre","eastern hemlock","Pinaceae","tree","canadensis",0.628,"sw2",-2.2304,2.4435,"TsugaBelow0.40spg","conifer","Conifer",0.38,-2.348,2.3876,0.42058,0.92076,NA,"Check",48.5143071912194,37.5032830960644,NA
"Tsuga","TSCA","NEON.PLA.D05.TREE.00947","TREE_039","TREE","D05",2018-10-17,"Live","single bole tree",NA,130,NA,9,25,NA,41,"Tsuga canadensis (L.) Carri√®re",4.3,54.7,"2018",261,"douglas","Tsuga canadensis (L.) CarriËre","eastern hemlock","Pinaceae","tree","canadensis",0.628,"sw2",-2.2304,2.4435,"TsugaBelow0.40spg","conifer","Conifer",0.38,-2.348,2.3876,0.42058,0.92076,NA,"Check",280.037375465223,207.968769013717,NA
"Tsuga","TSCA","NEON.PLA.D05.TREE.01353","TREE_040","TREE","D05",2015-08-10,"Live, disease damaged","single bole tree","Full sun",130,NA,15.6,32.8,NA,23,"Tsuga canadensis (L.) Carri√®re",9.5,86.4,"2015",261,"douglas","Tsuga canadensis (L.) CarriËre","eastern hemlock","Pinaceae","tree","canadensis",0.628,"sw2",-2.2304,2.4435,"TsugaBelow0.40spg","conifer","Conifer",0.38,-2.348,2.3876,0.42058,0.92076,NA,"Check",543.735044336269,397.719555839885,NA
"Tsuga","TSCA","NEON.PLA.D05.TREE.01161","TREE_039","TREE","D05",2015-08-11,"Live","single bole tree","Mostly shaded",130,NA,10.4,16.9,NA,41,"Tsuga canadensis (L.) Carri√®re",10.4,36.9,"2015",261,"douglas","Tsuga canadensis (L.) CarriËre","eastern hemlock","Pinaceae","tree","canadensis",0.628,"sw2",-2.2304,2.4435,"TsugaBelow0.40spg","conifer","Conifer",0.38,-2.348,2.3876,0.42058,0.92076,NA,"Check",107.569896382136,81.6542609593755,NA
"Tsuga","TSCA","NEON.PLA.D05.TREE.00246","TREE_056","TREE","D05",2021-09-22,"Live","single bole tree","Mostly shaded",130,NA,13,26.5,NA,41,"Tsuga canadensis (L.) Carri√®re",3.7,0.4,"2021",261,"douglas","Tsuga canadensis (L.) CarriËre","eastern hemlock","Pinaceae","tree","canadensis",0.628,"sw2",-2.2304,2.4435,"TsugaBelow0.40spg","conifer","Conifer",0.38,-2.348,2.3876,0.42058,0.92076,NA,"Check",322.887238373054,239.011284068359,NA
"Tsuga","TSCA","NEON.PLA.D05.TREE.01458","TREE_045","TREE","D05",2017-10-19,"Live","single bole tree",NA,130,NA,17.7,31.8,NA,41,"Tsuga canadensis (L.) Carri√®re",10,103.5,"2017",261,"douglas","Tsuga canadensis (L.) CarriËre","eastern hemlock","Pinaceae","tree","canadensis",0.628,"sw2",-2.2304,2.4435,"TsugaBelow0.40spg","conifer","Conifer",0.38,-2.348,2.3876,0.42058,0.92076,NA,"Check",504.11573724137,369.378444560939,NA
"Tsuga","TSCA","NEON.PLA.D05.TREE.01458","TREE_045","TREE","D05",2018-10-17,"Live","single bole tree",NA,130,NA,18,32.4,NA,41,"Tsuga canadensis (L.) Carri√®re",10,103.5,"2018",261,"douglas","Tsuga canadensis (L.) CarriËre","eastern hemlock","Pinaceae","tree","canadensis",0.628,"sw2",-2.2304,2.4435,"TsugaBelow0.40spg","conifer","Conifer",0.38,-2.348,2.3876,0.42058,0.92076,NA,"Check",527.674758441482,386.236953491492,NA
"Tsuga","TSCA","NEON.PLA.D05.TREE.01468","TREE_039","TREE","D05",2015-08-11,"Live","single bole tree","Partially shaded",130,NA,14,17.7,NA,41,"Tsuga canadensis (L.) Carri√®re",13.1,38.9,"2015",261,"douglas","Tsuga canadensis (L.) CarriËre","eastern hemlock","Pinaceae","tree","canadensis",0.628,"sw2",-2.2304,2.4435,"TsugaBelow0.40spg","conifer","Conifer",0.38,-2.348,2.3876,0.42058,0.92076,NA,"Check",120.440420721703,91.1879657119545,NA
"Tsuga","TSCA","NEON.PLA.D05.TREE.01161","TREE_039","TREE","D05",2018-10-17,"Live","single bole tree",NA,130,NA,11.3,17.2,NA,41,"Tsuga canadensis (L.) Carri√®re",10.4,36.9,"2018",261,"douglas","Tsuga canadensis (L.) CarriËre","eastern hemlock","Pinaceae","tree","canadensis",0.628,"sw2",-2.2304,2.4435,"TsugaBelow0.40spg","conifer","Conifer",0.38,-2.348,2.3876,0.42058,0.92076,NA,"Check",112.295757118691,85.1577692444476,NA
"Tsuga","TSCA","NEON.PLA.D05.TREE.01054","TREE_040","TREE","D05",2018-10-18,"Live, broken bole","single bole tree",NA,130,NA,10.1,19.2,NA,25,"Tsuga canadensis (L.) Carri√®re",8.3,285.6,"2018",261,"douglas","Tsuga canadensis (L.) CarriËre","eastern hemlock","Pinaceae","tree","canadensis",0.628,"sw2",-2.2304,2.4435,"TsugaBelow0.40spg","conifer","Conifer",0.38,-2.348,2.3876,0.42058,0.92076,NA,"Check",146.925149029074,110.735423301862,NA
"Tsuga","TSCA","NEON.PLA.D05.TREE.01331","TREE_045","TREE","D05",2018-10-17,"Live","single bole tree",NA,130,NA,17.8,34.6,NA,41,"Tsuga canadensis (L.) Carri√®re",10.9,226.3,"2018",261,"douglas","Tsuga canadensis (L.) CarriËre","eastern hemlock","Pinaceae","tree","canadensis",0.628,"sw2",-2.2304,2.4435,"TsugaBelow0.40spg","conifer","Conifer",0.38,-2.348,2.3876,0.42058,0.92076,NA,"Check",619.558093891302,451.8295700403,NA
"Tsuga","TSCA","NEON.PLA.D05.TREE.01331","TREE_045","TREE","D05",2017-10-19,"Live","single bole tree",NA,130,NA,18.2,33.9,NA,41,"Tsuga canadensis (L.) Carri√®re",10.9,226.3,"2017",261,"douglas","Tsuga canadensis (L.) CarriËre","eastern hemlock","Pinaceae","tree","canadensis",0.628,"sw2",-2.2304,2.4435,"TsugaBelow0.40spg","conifer","Conifer",0.38,-2.348,2.3876,0.42058,0.92076,NA,"Check",589.376140008806,430.30991788575,NA
"Tsuga","TSCA","NEON.PLA.D05.TREE.00837","TREE_025","TREE","D05",2016-10-18,"Live","single bole tree",NA,130,NA,12.5,22.4,NA,21,"Tsuga canadensis (L.) Carri√®re",9.2,88.4,"2016",261,"douglas","Tsuga canadensis (L.) CarriËre","eastern hemlock","Pinaceae","tree","canadensis",0.628,"sw2",-2.2304,2.4435,"TsugaBelow0.40spg","conifer","Conifer",0.38,-2.348,2.3876,0.42058,0.92076,NA,"Check",214.13153012678,160.003220855247,NA
"Tsuga","TSCA","NEON.PLA.D05.TREE.01443","TREE_039","TREE","D05",2019-10-23,"Live","single bole tree",NA,130,NA,11.9,31.4,NA,41,"Tsuga canadensis (L.) Carri√®re",11.3,29.2,"2019",261,"douglas","Tsuga canadensis (L.) CarriËre","eastern hemlock","Pinaceae","tree","canadensis",0.628,"sw2",-2.2304,2.4435,"TsugaBelow0.40spg","conifer","Conifer",0.38,-2.348,2.3876,0.42058,0.92076,NA,"Check",488.761717939455,358.38166616614,NA
"Tsuga","TSCA","NEON.PLA.D05.TREE.01054","TREE_040","TREE","D05",2020-09-29,"Dead, broken bole","single bole tree","Full shade",130,NA,10.7,19.4,NA,25,"Tsuga canadensis (L.) Carri√®re",8.3,285.6,"2020",261,"douglas","Tsuga canadensis (L.) CarriËre","eastern hemlock","Pinaceae","tree","canadensis",0.628,"sw2",-2.2304,2.4435,"TsugaBelow0.40spg","conifer","Conifer",0.38,-2.348,2.3876,0.42058,0.92076,NA,"Check",150.693012400096,113.509436285741,NA
"Tsuga","TSCA","NEON.PLA.D05.TREE.01327","TREE_045","TREE","D05",2017-10-19,"Live","single bole tree",NA,130,NA,18,41.5,NA,57,"Tsuga canadensis (L.) Carri√®re",4.3,128.1,"2017",261,"douglas","Tsuga canadensis (L.) CarriËre","eastern hemlock","Pinaceae","tree","canadensis",0.628,"sw2",-2.2304,2.4435,"TsugaBelow0.40spg","conifer","Conifer",0.38,-2.348,2.3876,0.42058,0.92076,NA,"Check",966.162355003997,697.474271913878,NA
"Tsuga","TSCA","NEON.PLA.D05.TREE.01366A","TREE_040","TREE","D05",2019-10-23,"Live","single bole tree",NA,130,NA,7.3,11.7,NA,23,"Tsuga canadensis (L.) Carri√®re",10.8,61.6,"2019",261,"douglas","Tsuga canadensis (L.) CarriËre","eastern hemlock","Pinaceae","tree","canadensis",0.628,"sw2",-2.2304,2.4435,"TsugaBelow0.40spg","conifer","Conifer",0.38,-2.348,2.3876,0.42058,0.92076,NA,"Check",43.7987524871117,33.9372869069838,NA
"Tsuga","TSCA","NEON.PLA.D05.TREE.00947","TREE_039","TREE","D05",2017-10-17,"Live","single bole tree",NA,130,NA,8,25.4,NA,41,"Tsuga canadensis (L.) Carri√®re",4.3,54.7,"2017",261,"douglas","Tsuga canadensis (L.) CarriËre","eastern hemlock","Pinaceae","tree","canadensis",0.628,"sw2",-2.2304,2.4435,"TsugaBelow0.40spg","conifer","Conifer",0.38,-2.348,2.3876,0.42058,0.92076,NA,"Check",291.112446531062,216.001883575022,NA
"Tsuga","TSCA","NEON.PLA.D05.TREE.00947","TREE_039","TREE","D05",2015-08-11,"Live","single bole tree","Partially shaded",130,NA,15.5,24.9,NA,41,"Tsuga canadensis (L.) Carri√®re",4.3,54.7,"2015",261,"douglas","Tsuga canadensis (L.) CarriËre","eastern hemlock","Pinaceae","tree","canadensis",0.628,"sw2",-2.2304,2.4435,"TsugaBelow0.40spg","conifer","Conifer",0.38,-2.348,2.3876,0.42058,0.92076,NA,"Check",277.30818744741,205.98809329217,NA
"Tsuga","TSCA","NEON.PLA.D05.TREE.01171","TREE_039","TREE","D05",2017-10-17,"Live","single bole tree",NA,130,NA,15.1,31.5,NA,41,"Tsuga canadensis (L.) Carri√®re",4.9,77.2,"2017",261,"douglas","Tsuga canadensis (L.) CarriËre","eastern hemlock","Pinaceae","tree","canadensis",0.628,"sw2",-2.2304,2.4435,"TsugaBelow0.40spg","conifer","Conifer",0.38,-2.348,2.3876,0.42058,0.92076,NA,"Check",492.573933555321,361.112760107074,NA
"Tsuga","TSCA","NEON.PLA.D05.TREE.01171","TREE_039","TREE","D05",2019-10-23,"Live","single bole tree",NA,130,NA,15.1,32.5,NA,41,"Tsuga canadensis (L.) Carri√®re",4.9,77.2,"2019",261,"douglas","Tsuga canadensis (L.) CarriËre","eastern hemlock","Pinaceae","tree","canadensis",0.628,"sw2",-2.2304,2.4435,"TsugaBelow0.40spg","conifer","Conifer",0.38,-2.348,2.3876,0.42058,0.92076,NA,"Check",531.663174553729,389.08928328589,NA
"Tsuga","TSCA","NEON.PLA.D05.TREE.01468","TREE_039","TREE","D05",2020-10-01,"Live","single bole tree","Mostly shaded",130,NA,13.2,18.8,NA,41,"Tsuga canadensis (L.) Carri√®re",13.1,38.9,"2020",261,"douglas","Tsuga canadensis (L.) CarriËre","eastern hemlock","Pinaceae","tree","canadensis",0.628,"sw2",-2.2304,2.4435,"TsugaBelow0.40spg","conifer","Conifer",0.38,-2.348,2.3876,0.42058,0.92076,NA,"Check",139.557857090161,105.306659728002,NA
"Tsuga","TSCA","NEON.PLA.D05.TREE.00718","TREE_025","TREE","D05",2018-10-17,"Live","single bole tree",NA,130,NA,9.6,16,NA,23,"Tsuga canadensis (L.) Carri√®re",7.9,296,"2018",261,"douglas","Tsuga canadensis (L.) CarriËre","eastern hemlock","Pinaceae","tree","canadensis",0.628,"sw2",-2.2304,2.4435,"TsugaBelow0.40spg","conifer","Conifer",0.38,-2.348,2.3876,0.42058,0.92076,NA,"Check",94.1058810763383,71.6528430528508,NA
"Tsuga","TSCA","NEON.PLA.D05.TREE.03155","TREE_040","TREE","D05",2017-10-19,"Dead, broken bole","single bole tree",NA,130,NA,4.7,17.5,NA,25,"Tsuga canadensis (L.) Carri√®re",7.5,268.6,"2017",261,"douglas","Tsuga canadensis (L.) CarriËre","eastern hemlock","Pinaceae","tree","canadensis",0.628,"sw2",-2.2304,2.4435,"TsugaBelow0.40spg","conifer","Conifer",0.38,-2.348,2.3876,0.42058,0.92076,NA,"Check",117.142114617425,88.7471063491351,NA
"Tsuga","TSCA","NEON.PLA.D05.TREE.01326A","TREE_040","TREE","D05",2016-10-20,"Live","multi-bole tree",NA,130,NA,NA,22.1,NA,23,"Tsuga canadensis (L.) Carri√®re",9.3,28,"2016",261,"douglas","Tsuga canadensis (L.) CarriËre","eastern hemlock","Pinaceae","tree","canadensis",0.628,"sw2",-2.2304,2.4435,"TsugaBelow0.40spg","conifer","Conifer",0.38,-2.348,2.3876,0.42058,0.92076,NA,"Check",207.191582886944,154.93429101666,NA
"Tsuga","TSCA","NEON.PLA.D05.TREE.00439","TREE_039","TREE","D05",2016-10-18,"Standing dead","single bole tree",NA,130,NA,6.1,15.5,NA,41,"Tsuga canadensis (L.) Carri√®re",6.5,20.8,"2016",261,"douglas","Tsuga canadensis (L.) CarriËre","eastern hemlock","Pinaceae","tree","canadensis",0.628,"sw2",-2.2304,2.4435,"TsugaBelow0.40spg","conifer","Conifer",0.38,-2.348,2.3876,0.42058,0.92076,NA,"Check",87.0813377414974,66.422087292934,NA
"Tsuga","TSCA","NEON.PLA.D05.TREE.00848","TREE_025","TREE","D05",2017-10-18,"Live","single bole tree",NA,130,NA,11,25.2,NA,21,"Tsuga canadensis (L.) Carri√®re",7.8,52.7,"2017",261,"douglas","Tsuga canadensis (L.) CarriËre","eastern hemlock","Pinaceae","tree","canadensis",0.628,"sw2",-2.2304,2.4435,"TsugaBelow0.40spg","conifer","Conifer",0.38,-2.348,2.3876,0.42058,0.92076,NA,"Check",285.543191282013,211.963209879805,NA
"Tsuga","TSCA","NEON.PLA.D05.TREE.01461","TREE_039","TREE","D05",2017-10-17,"Live","single bole tree",NA,130,NA,18.5,26.9,NA,41,"Tsuga canadensis (L.) Carri√®re",5.2,0.9,"2017",261,"douglas","Tsuga canadensis (L.) CarriËre","eastern hemlock","Pinaceae","tree","canadensis",0.628,"sw2",-2.2304,2.4435,"TsugaBelow0.40spg","conifer","Conifer",0.38,-2.348,2.3876,0.42058,0.92076,NA,"Check",334.926324685619,247.715453347948,NA
"Tsuga","TSCA","NEON.PLA.D05.TREE.01311","TREE_040","TREE","D05",2015-08-10,"Live","single bole tree","Mostly shaded",130,NA,11.1,35.3,NA,25,"Tsuga canadensis (L.) Carri√®re",5.7,296.3,"2015",261,"douglas","Tsuga canadensis (L.) CarriËre","eastern hemlock","Pinaceae","tree","canadensis",0.628,"sw2",-2.2304,2.4435,"TsugaBelow0.40spg","conifer","Conifer",0.38,-2.348,2.3876,0.42058,0.92076,NA,"Check",650.63448814418,473.961912315303,NA
"Tsuga","TSCA","NEON.PLA.D05.TREE.01054","TREE_040","TREE","D05",2016-10-20,"Live","single bole tree",NA,130,NA,11.9,19.4,NA,25,"Tsuga canadensis (L.) Carri√®re",8.3,285.6,"2016",261,"douglas","Tsuga canadensis (L.) CarriËre","eastern hemlock","Pinaceae","tree","canadensis",0.628,"sw2",-2.2304,2.4435,"TsugaBelow0.40spg","conifer","Conifer",0.38,-2.348,2.3876,0.42058,0.92076,NA,"Check",150.693012400096,113.509436285741,NA
"Tsuga","TSCA","NEON.PLA.D05.TREE.01171","TREE_039","TREE","D05",2020-10-01,"Live","single bole tree","Partially shaded",130,NA,16.7,33,NA,41,"Tsuga canadensis (L.) Carri√®re",4.9,77.2,"2020",261,"douglas","Tsuga canadensis (L.) CarriËre","eastern hemlock","Pinaceae","tree","canadensis",0.628,"sw2",-2.2304,2.4435,"TsugaBelow0.40spg","conifer","Conifer",0.38,-2.348,2.3876,0.42058,0.92076,NA,"Check",551.872050282984,403.534285256633,NA
"Tsuga","TSCA","NEON.PLA.D05.TREE.00947","TREE_039","TREE","D05",2019-10-23,"Live","single bole tree",NA,130,NA,7.4,24.9,NA,41,"Tsuga canadensis (L.) Carri√®re",4.3,54.7,"2019",261,"douglas","Tsuga canadensis (L.) CarriËre","eastern hemlock","Pinaceae","tree","canadensis",0.628,"sw2",-2.2304,2.4435,"TsugaBelow0.40spg","conifer","Conifer",0.38,-2.348,2.3876,0.42058,0.92076,NA,"Check",277.30818744741,205.98809329217,NA
"Tsuga","TSCA","NEON.PLA.D05.TREE.01468","TREE_039","TREE","D05",2019-10-23,"Live","single bole tree",NA,130,NA,9.2,18.5,NA,41,"Tsuga canadensis (L.) Carri√®re",13.1,38.9,"2019",261,"douglas","Tsuga canadensis (L.) CarriËre","eastern hemlock","Pinaceae","tree","canadensis",0.628,"sw2",-2.2304,2.4435,"TsugaBelow0.40spg","conifer","Conifer",0.38,-2.348,2.3876,0.42058,0.92076,NA,"Check",134.178738943802,101.338804182556,NA
"Tsuga","TSCA","NEON.PLA.D05.TREE.01321","TREE_040","TREE","D05",2019-10-23,"Live","single bole tree",NA,130,NA,3.7,28.9,NA,23,"Tsuga canadensis (L.) Carri√®re",7.9,23.5,"2019",261,"douglas","Tsuga canadensis (L.) CarriËre","eastern hemlock","Pinaceae","tree","canadensis",0.628,"sw2",-2.2304,2.4435,"TsugaBelow0.40spg","conifer","Conifer",0.38,-2.348,2.3876,0.42058,0.92076,NA,"Check",399.074029658791,293.978957751854,NA
"Tsuga","TSCA","NEON.PLA.D05.TREE.01458","TREE_045","TREE","D05",2015-08-11,"Live","single bole tree","Full sun",130,NA,16.7,30.5,NA,41,"Tsuga canadensis (L.) Carri√®re",10,103.5,"2015",261,"douglas","Tsuga canadensis (L.) CarriËre","eastern hemlock","Pinaceae","tree","canadensis",0.628,"sw2",-2.2304,2.4435,"TsugaBelow0.40spg","conifer","Conifer",0.38,-2.348,2.3876,0.42058,0.92076,NA,"Check",455.235629259725,334.341936008325,NA
"Tsuga","TSCA","NEON.PLA.D05.TREE.01171","TREE_039","TREE","D05",2018-10-17,"Live","single bole tree",NA,130,NA,15,32.1,NA,41,"Tsuga canadensis (L.) Carri√®re",4.9,77.2,"2018",261,"douglas","Tsuga canadensis (L.) CarriËre","eastern hemlock","Pinaceae","tree","canadensis",0.628,"sw2",-2.2304,2.4435,"TsugaBelow0.40spg","conifer","Conifer",0.38,-2.348,2.3876,0.42058,0.92076,NA,"Check",515.815792072547,377.753043317281,NA
"Tsuga","TSCA","NEON.PLA.D05.TREE.01348","TREE_040","TREE","D05",2021-10-05,"Live","single bole tree","Partially shaded",130,NA,10.5,32.6,NA,43,"Tsuga canadensis (L.) Carri√®re",4.5,244.4,"2021",261,"douglas","Tsuga canadensis (L.) CarriËre","eastern hemlock","Pinaceae","tree","canadensis",0.628,"sw2",-2.2304,2.4435,"TsugaBelow0.40spg","conifer","Conifer",0.38,-2.348,2.3876,0.42058,0.92076,NA,"Check",535.669344775928,391.953817252498,NA
"Tsuga","TSCA","NEON.PLA.D05.TREE.01461","TREE_039","TREE","D05",2019-10-23,"Live","single bole tree",NA,130,NA,12.6,27.4,NA,41,"Tsuga canadensis (L.) Carri√®re",5.2,0.9,"2019",261,"douglas","Tsuga canadensis (L.) CarriËre","eastern hemlock","Pinaceae","tree","canadensis",0.628,"sw2",-2.2304,2.4435,"TsugaBelow0.40spg","conifer","Conifer",0.38,-2.348,2.3876,0.42058,0.92076,NA,"Check",350.342712239358,258.850972095311,NA
"Tsuga","TSCA","NEON.PLA.D05.TREE.01455","TREE_039","TREE","D05",2016-10-18,"Live","single bole tree",NA,130,NA,17.6,22.2,NA,41,"Tsuga canadensis (L.) Carri√®re",7.5,10.5,"2016",261,"douglas","Tsuga canadensis (L.) CarriËre","eastern hemlock","Pinaceae","tree","canadensis",0.628,"sw2",-2.2304,2.4435,"TsugaBelow0.40spg","conifer","Conifer",0.38,-2.348,2.3876,0.42058,0.92076,NA,"Check",209.48989574689,156.613400110065,NA
"Tsuga","TSCA","NEON.PLA.D05.TREE.01486","TREE_039","TREE","D05",2016-10-18,"Live","single bole tree",NA,130,NA,17.1,28.8,NA,41,"Tsuga canadensis (L.) Carri√®re",6.7,1.2,"2016",261,"douglas","Tsuga canadensis (L.) CarriËre","eastern hemlock","Pinaceae","tree","canadensis",0.628,"sw2",-2.2304,2.4435,"TsugaBelow0.40spg","conifer","Conifer",0.38,-2.348,2.3876,0.42058,0.92076,NA,"Check",395.708274209062,291.55605167048,NA
"Tsuga","TSCA","NEON.PLA.D05.TREE.01351","TREE_040","TREE","D05",2015-08-10,"Live","single bole tree","Partially shaded",130,NA,12.6,30,NA,25,"Tsuga canadensis (L.) Carri√®re",11.6,334.2,"2015",261,"douglas","Tsuga canadensis (L.) CarriËre","eastern hemlock","Pinaceae","tree","canadensis",0.628,"sw2",-2.2304,2.4435,"TsugaBelow0.40spg","conifer","Conifer",0.38,-2.348,2.3876,0.42058,0.92076,NA,"Check",437.21532228748,321.403990254992,NA
"Tsuga","TSCA","NEON.PLA.D05.TREE.01326A","TREE_040","TREE","D05",2019-10-23,"Live, physically damaged","multi-bole tree",NA,130,NA,3.2,21.5,NA,23,"Tsuga canadensis (L.) Carri√®re",9.3,28,"2019",261,"douglas","Tsuga canadensis (L.) CarriËre","eastern hemlock","Pinaceae","tree","canadensis",0.628,"sw2",-2.2304,2.4435,"TsugaBelow0.40spg","conifer","Conifer",0.38,-2.348,2.3876,0.42058,0.92076,NA,"Check",193.714872195627,145.079691489206,NA
"Tsuga","TSCA","NEON.PLA.D05.TREE.01311","TREE_040","TREE","D05",2016-10-20,"Live","single bole tree",NA,130,NA,11.6,35.2,NA,25,"Tsuga canadensis (L.) Carri√®re",5.7,296.3,"2016",261,"douglas","Tsuga canadensis (L.) CarriËre","eastern hemlock","Pinaceae","tree","canadensis",0.628,"sw2",-2.2304,2.4435,"TsugaBelow0.40spg","conifer","Conifer",0.38,-2.348,2.3876,0.42058,0.92076,NA,"Check",646.139938147705,470.762455874692,NA
"Tsuga","TSCA","NEON.PLA.D05.TREE.01433","TREE_039","TREE","D05",2020-10-01,"Live","single bole tree","Full shade",130,NA,15.2,19.9,NA,41,"Tsuga canadensis (L.) Carri√®re",12.6,41.9,"2020",261,"douglas","Tsuga canadensis (L.) CarriËre","eastern hemlock","Pinaceae","tree","canadensis",0.628,"sw2",-2.2304,2.4435,"TsugaBelow0.40spg","conifer","Conifer",0.38,-2.348,2.3876,0.42058,0.92076,NA,"Check",160.360381129515,120.619677155788,NA
"Tsuga","TSCA","NEON.PLA.D05.TREE.01458","TREE_045","TREE","D05",2016-10-18,"Live","single bole tree",NA,130,NA,17.1,31.1,NA,41,"Tsuga canadensis (L.) Carri√®re",10,103.5,"2016",261,"douglas","Tsuga canadensis (L.) CarriËre","eastern hemlock","Pinaceae","tree","canadensis",0.628,"sw2",-2.2304,2.4435,"TsugaBelow0.40spg","conifer","Conifer",0.38,-2.348,2.3876,0.42058,0.92076,NA,"Check",477.429882486937,350.260579065035,NA
"Tsuga","TSCA","NEON.PLA.D05.TREE.01353","TREE_040","TREE","D05",2018-10-18,"Live","single bole tree",NA,13,NA,17.2,33.3,NA,23,"Tsuga canadensis (L.) Carri√®re",9.5,86.4,"2018",261,"douglas","Tsuga canadensis (L.) CarriËre","eastern hemlock","Pinaceae","tree","canadensis",0.628,"sw2",-2.2304,2.4435,"TsugaBelow0.40spg","conifer","Conifer",0.38,-2.348,2.3876,0.42058,0.92076,NA,"Check",0.27062265635465,0.240522268978321,NA
"Tsuga","TSCA","NEON.PLA.D05.TREE.01171","TREE_039","TREE","D05",2015-08-11,"Live","single bole tree","Partially shaded",130,NA,13.4,30.1,NA,41,"Tsuga canadensis (L.) Carri√®re",4.9,77.2,"2015",261,"douglas","Tsuga canadensis (L.) CarriËre","eastern hemlock","Pinaceae","tree","canadensis",0.628,"sw2",-2.2304,2.4435,"TsugaBelow0.40spg","conifer","Conifer",0.38,-2.348,2.3876,0.42058,0.92076,NA,"Check",440.785012765723,323.967855704434,NA
"Tsuga","TSCA","NEON.PLA.D05.TREE.00853","TREE_025","TREE","D05",2016-10-18,"Live, physically damaged","single bole tree",NA,130,NA,12.3,39.1,NA,39,"Tsuga canadensis (L.) Carri√®re",7,111.6,"2016",261,"douglas","Tsuga canadensis (L.) CarriËre","eastern hemlock","Pinaceae","tree","canadensis",0.628,"sw2",-2.2304,2.4435,"TsugaBelow0.40spg","conifer","Conifer",0.38,-2.348,2.3876,0.42058,0.92076,NA,"Check",835.282714757491,605.003354224667,NA
"Tsuga","TSCA","NEON.PLA.D05.TREE.03155","TREE_040","TREE","D05",2018-10-18,"Dead, broken bole","single bole tree",NA,130,NA,4.5,19,NA,25,"Tsuga canadensis (L.) Carri√®re",7.5,268.6,"2018",261,"douglas","Tsuga canadensis (L.) CarriËre","eastern hemlock","Pinaceae","tree","canadensis",0.628,"sw2",-2.2304,2.4435,"TsugaBelow0.40spg","conifer","Conifer",0.38,-2.348,2.3876,0.42058,0.92076,NA,"Check",143.213517438697,108.001218196496,NA
"Tsuga","TSCA","NEON.PLA.D05.TREE.00439","TREE_039","TREE","D05",2020-10-01,"Standing dead","single bole tree","Full shade",130,NA,9.1,15.4,NA,41,"Tsuga canadensis (L.) Carri√®re",6.5,20.8,"2020",261,"douglas","Tsuga canadensis (L.) CarriËre","eastern hemlock","Pinaceae","tree","canadensis",0.628,"sw2",-2.2304,2.4435,"TsugaBelow0.40spg","conifer","Conifer",0.38,-2.348,2.3876,0.42058,0.92076,NA,"Check",85.714928840063,65.4035059935408,NA
"Tsuga","TSCA","NEON.PLA.D05.TREE.01310","TREE_040","TREE","D05",2021-10-05,"Live, physically damaged","single bole tree","Full shade",130,NA,4.8,20.4,NA,25,"Tsuga canadensis (L.) Carri√®re",10.2,338,"2021",261,"douglas","Tsuga canadensis (L.) CarriËre","eastern hemlock","Pinaceae","tree","canadensis",0.628,"sw2",-2.2304,2.4435,"TsugaBelow0.40spg","conifer","Conifer",0.38,-2.348,2.3876,0.42058,0.92076,NA,"Check",170.384820733929,127.982192003715,NA
"Tsuga","TSCA","NEON.PLA.D05.TREE.00718","TREE_025","TREE","D05",2016-10-18,"Live","single bole tree",NA,130,NA,10.4,15.5,NA,23,"Tsuga canadensis (L.) Carri√®re",7.9,296,"2016",261,"douglas","Tsuga canadensis (L.) CarriËre","eastern hemlock","Pinaceae","tree","canadensis",0.628,"sw2",-2.2304,2.4435,"TsugaBelow0.40spg","conifer","Conifer",0.38,-2.348,2.3876,0.42058,0.92076,NA,"Check",87.0813377414974,66.422087292934,NA
"Tsuga","TSCA","NEON.PLA.D05.TREE.01326","TREE_040","TREE","D05",2016-10-20,"Live","multi-bole tree",NA,130,NA,15,28.9,NA,23,"Tsuga canadensis (L.) Carri√®re",9.3,28,"2016",261,"douglas","Tsuga canadensis (L.) CarriËre","eastern hemlock","Pinaceae","tree","canadensis",0.628,"sw2",-2.2304,2.4435,"TsugaBelow0.40spg","conifer","Conifer",0.38,-2.348,2.3876,0.42058,0.92076,NA,"Check",399.074029658791,293.978957751854,NA
"Tsuga","TSCA","NEON.PLA.D05.TREE.00246","TREE_056","TREE","D05",2017-08-28,"Live","single bole tree",NA,130,NA,11.8,24.6,NA,41,"Tsuga canadensis (L.) Carri√®re",3.7,0.4,"2017",261,"douglas","Tsuga canadensis (L.) CarriËre","eastern hemlock","Pinaceae","tree","canadensis",0.628,"sw2",-2.2304,2.4435,"TsugaBelow0.40spg","conifer","Conifer",0.38,-2.348,2.3876,0.42058,0.92076,NA,"Check",269.215165957033,200.112039492702,NA
"Tsuga","TSCA","NEON.PLA.D05.TREE.00848","TREE_025","TREE","D05",2016-10-18,"Live","single bole tree",NA,130,NA,10.3,25.4,NA,21,"Tsuga canadensis (L.) Carri√®re",7.8,52.7,"2016",261,"douglas","Tsuga canadensis (L.) CarriËre","eastern hemlock","Pinaceae","tree","canadensis",0.628,"sw2",-2.2304,2.4435,"TsugaBelow0.40spg","conifer","Conifer",0.38,-2.348,2.3876,0.42058,0.92076,NA,"Check",291.112446531062,216.001883575022,NA
"Tsuga","TSCA","NEON.PLA.D05.TREE.01353","TREE_040","TREE","D05",2016-10-20,"Live","single bole tree",NA,130,NA,17,32.8,NA,23,"Tsuga canadensis (L.) Carri√®re",9.5,86.4,"2016",261,"douglas","Tsuga canadensis (L.) CarriËre","eastern hemlock","Pinaceae","tree","canadensis",0.628,"sw2",-2.2304,2.4435,"TsugaBelow0.40spg","conifer","Conifer",0.38,-2.348,2.3876,0.42058,0.92076,NA,"Check",543.735044336269,397.719555839885,NA
"Tsuga","TSCA","NEON.PLA.D05.TREE.01433","TREE_039","TREE","D05",2018-10-17,"Live","single bole tree",NA,130,NA,11.8,19.7,NA,41,"Tsuga canadensis (L.) Carri√®re",12.6,41.9,"2018",261,"douglas","Tsuga canadensis (L.) CarriËre","eastern hemlock","Pinaceae","tree","canadensis",0.628,"sw2",-2.2304,2.4435,"TsugaBelow0.40spg","conifer","Conifer",0.38,-2.348,2.3876,0.42058,0.92076,NA,"Check",156.450808273702,117.745445730698,NA
"Tsuga","TSCA","NEON.PLA.D05.TREE.00947","TREE_039","TREE","D05",2021-09-30,"Live","single bole tree","Mostly shaded",130,NA,10.8,25.3,NA,41,"Tsuga canadensis (L.) Carri√®re",4.3,54.7,"2021",261,"douglas","Tsuga canadensis (L.) CarriËre","eastern hemlock","Pinaceae","tree","canadensis",0.628,"sw2",-2.2304,2.4435,"TsugaBelow0.40spg","conifer","Conifer",0.38,-2.348,2.3876,0.42058,0.92076,NA,"Check",288.319875029099,213.977009124607,NA
"Tsuga","TSCA","NEON.PLA.D05.TREE.01433","TREE_039","TREE","D05",2016-10-18,"Live","single bole tree",NA,130,NA,12.8,19.3,NA,41,"Tsuga canadensis (L.) Carri√®re",12.6,41.9,"2016",261,"douglas","Tsuga canadensis (L.) CarriËre","eastern hemlock","Pinaceae","tree","canadensis",0.628,"sw2",-2.2304,2.4435,"TsugaBelow0.40spg","conifer","Conifer",0.38,-2.348,2.3876,0.42058,0.92076,NA,"Check",148.802035517443,112.117443771639,NA
"Tsuga","TSCA","NEON.PLA.D05.TREE.01343","TREE_040","TREE","D05",2015-08-10,"Standing dead","single bole tree","Full shade",130,NA,4.6,19,NA,25,"Tsuga canadensis (L.) Carri√®re",7,273.5,"2015",261,"douglas","Tsuga canadensis (L.) CarriËre","eastern hemlock","Pinaceae","tree","canadensis",0.628,"sw2",-2.2304,2.4435,"TsugaBelow0.40spg","conifer","Conifer",0.38,-2.348,2.3876,0.42058,0.92076,NA,"Check",143.213517438697,108.001218196496,NA
"Tsuga","TSCA","NEON.PLA.D05.TREE.01356","TREE_040","TREE","D05",2017-10-19,"Live","single bole tree",NA,130,NA,12.1,12.3,NA,23,"Tsuga canadensis (L.) Carri√®re",8.8,81.8,"2017",261,"douglas","Tsuga canadensis (L.) CarriËre","eastern hemlock","Pinaceae","tree","canadensis",0.628,"sw2",-2.2304,2.4435,"TsugaBelow0.40spg","conifer","Conifer",0.38,-2.348,2.3876,0.42058,0.92076,NA,"Check",49.4917405274782,38.2414191384068,NA
"Tsuga","TSCA","NEON.PLA.D05.TREE.01366B","TREE_040","TREE","D05",2016-10-20,"Standing dead","multi-bole tree",NA,130,NA,NA,13,NA,23,"Tsuga canadensis (L.) Carri√®re",10.8,61.6,"2016",261,"douglas","Tsuga canadensis (L.) CarriËre","eastern hemlock","Pinaceae","tree","canadensis",0.628,"sw2",-2.2304,2.4435,"TsugaBelow0.40spg","conifer","Conifer",0.38,-2.348,2.3876,0.42058,0.92076,NA,"Check",56.659164869195,43.6443172966258,NA
"Tsuga","TSCA","NEON.PLA.D05.TREE.01486","TREE_039","TREE","D05",2019-10-23,"Live","single bole tree",NA,130,NA,14,29.9,NA,41,"Tsuga canadensis (L.) Carri√®re",6.7,1.2,"2019",261,"douglas","Tsuga canadensis (L.) CarriËre","eastern hemlock","Pinaceae","tree","canadensis",0.628,"sw2",-2.2304,2.4435,"TsugaBelow0.40spg","conifer","Conifer",0.38,-2.348,2.3876,0.42058,0.92076,NA,"Check",433.662766721949,318.851956161508,NA
"Tsuga","TSCA","NEON.PLA.D05.TREE.01356","TREE_040","TREE","D05",2021-10-05,"Live","single bole tree","Mostly shaded",130,NA,11.9,21,NA,23,"Tsuga canadensis (L.) Carri√®re",8.8,81.8,"2021",261,"douglas","Tsuga canadensis (L.) CarriËre","eastern hemlock","Pinaceae","tree","canadensis",0.628,"sw2",-2.2304,2.4435,"TsugaBelow0.40spg","conifer","Conifer",0.38,-2.348,2.3876,0.42058,0.92076,NA,"Check",182.891041993266,137.153642056298,NA
"Tsuga","TSCA","NEON.PLA.D05.TREE.00837","TREE_025","TREE","D05",2017-10-18,"Live","single bole tree",NA,130,NA,9.8,22.6,NA,21,"Tsuga canadensis (L.) Carri√®re",9.2,88.4,"2017",261,"douglas","Tsuga canadensis (L.) CarriËre","eastern hemlock","Pinaceae","tree","canadensis",0.628,"sw2",-2.2304,2.4435,"TsugaBelow0.40spg","conifer","Conifer",0.38,-2.348,2.3876,0.42058,0.92076,NA,"Check",218.833375112152,163.435300468134,NA
"Tsuga","TSCA","NEON.PLA.D05.TREE.00718","TREE_025","TREE","D05",2015-08-04,"Live","single bole tree","Mostly shaded",130,NA,8.4,15.5,NA,23,"Tsuga canadensis (L.) Carri√®re",7.9,296,"2015",261,"douglas","Tsuga canadensis (L.) CarriËre","eastern hemlock","Pinaceae","tree","canadensis",0.628,"sw2",-2.2304,2.4435,"TsugaBelow0.40spg","conifer","Conifer",0.38,-2.348,2.3876,0.42058,0.92076,NA,"Check",87.0813377414974,66.422087292934,NA
"Tsuga","TSCA","NEON.PLA.D05.TREE.01348","TREE_040","TREE","D05",2020-09-29,"Live","single bole tree","Partially shaded",130,NA,10.2,32.5,NA,43,"Tsuga canadensis (L.) Carri√®re",4.5,244.4,"2020",261,"douglas","Tsuga canadensis (L.) CarriËre","eastern hemlock","Pinaceae","tree","canadensis",0.628,"sw2",-2.2304,2.4435,"TsugaBelow0.40spg","conifer","Conifer",0.38,-2.348,2.3876,0.42058,0.92076,NA,"Check",531.663174553729,389.08928328589,NA
"Tsuga","TSCA","NEON.PLA.D05.TREE.01161","TREE_039","TREE","D05",2017-10-17,"Live","single bole tree",NA,130,NA,11.2,17.1,NA,41,"Tsuga canadensis (L.) Carri√®re",10.4,36.9,"2017",261,"douglas","Tsuga canadensis (L.) CarriËre","eastern hemlock","Pinaceae","tree","canadensis",0.628,"sw2",-2.2304,2.4435,"TsugaBelow0.40spg","conifer","Conifer",0.38,-2.348,2.3876,0.42058,0.92076,NA,"Check",110.707127745127,83.9804252940307,NA
"Tsuga","TSCA","NEON.PLA.D05.TREE.01433","TREE_039","TREE","D05",2015-08-11,"Live","single bole tree","Partially shaded",130,NA,13.7,19.1,NA,41,"Tsuga canadensis (L.) Carri√®re",12.6,41.9,"2015",261,"douglas","Tsuga canadensis (L.) CarriËre","eastern hemlock","Pinaceae","tree","canadensis",0.628,"sw2",-2.2304,2.4435,"TsugaBelow0.40spg","conifer","Conifer",0.38,-2.348,2.3876,0.42058,0.92076,NA,"Check",145.062320509396,109.363354817733,NA
"Tsuga","TSCA","NEON.PLA.D05.TREE.01327","TREE_045","TREE","D05",2015-08-11,"Live","single bole tree","Full sun",130,NA,15.1,40.3,NA,57,"Tsuga canadensis (L.) Carri√®re",4.3,128.1,"2015",261,"douglas","Tsuga canadensis (L.) CarriËre","eastern hemlock","Pinaceae","tree","canadensis",0.628,"sw2",-2.2304,2.4435,"TsugaBelow0.40spg","conifer","Conifer",0.38,-2.348,2.3876,0.42058,0.92076,NA,"Check",899.316305774566,650.283724752922,NA
"Tsuga","TSCA","NEON.PLA.D05.TREE.01161","TREE_039","TREE","D05",2016-10-18,"Live","single bole tree",NA,130,NA,NA,17,NA,41,"Tsuga canadensis (L.) Carri√®re",10.4,36.9,"2016",261,"douglas","Tsuga canadensis (L.) CarriËre","eastern hemlock","Pinaceae","tree","canadensis",0.628,"sw2",-2.2304,2.4435,"TsugaBelow0.40spg","conifer","Conifer",0.38,-2.348,2.3876,0.42058,0.92076,NA,"Check",109.131852396675,82.8125964011003,NA
NA,"2PLANT","NEON.PLA.D05.TREE.02030","TREE_018","TREE","D05",2018-04-25,"Live","small tree",NA,10,NA,NA,2.2,NA,NA,"Unknown plant",NA,NA,"2018",NA,"mixed hardwood","","","","tree",NA,0.84,"hw3",-2.48,2.4835,NA,NA,NA,NA,NA,NA,NA,NA,1.59937782399413,"Check",0.174345111378709,NA,NA
NA,"ILMU","NEON.PLA.D05.TREE.00904","TREE_048","TREE","D05",2015-08-05,"Live","sapling","Full shade",10,NA,1.3,1.1,NA,NA,"Ilex mucronata (L.) Powell, Savolainen & Andrews",NA,NA,"2015",NA,"pine","Ilex mucronata (L.) Powell, Savolainen & Andrews","catberry","Aquifoliaceae","tree",NA,0.84,"hw3",-2.48,2.4835,NA,NA,NA,NA,NA,NA,NA,NA,0.777869901180713,"Check",0.0291048084267283,NA,NA
NA,"ILMU","NEON.PLA.D05.TREE.01025","TREE_048","TREE","D05",2015-08-05,"Live","sapling","Partially shaded",10,NA,0.9,1.4,NA,NA,"Ilex mucronata (L.) Powell, Savolainen & Andrews",NA,NA,"2015",NA,"pine","Ilex mucronata (L.) Powell, Savolainen & Andrews","catberry","Aquifoliaceae","tree",NA,0.84,"hw3",-2.48,2.4835,NA,NA,NA,NA,NA,NA,NA,NA,0.999590927277837,"Check",0.0542570263524229,NA,NA
NA,"ILMU","NEON.PLA.D05.TREE.01087","TREE_048","TREE","D05",2015-08-05,"Live","sapling","Partially shaded",10,NA,1.4,1.6,NA,NA,"Ilex mucronata (L.) Powell, Savolainen & Andrews",NA,NA,"2015",NA,"pine","Ilex mucronata (L.) Powell, Savolainen & Andrews","catberry","Aquifoliaceae","tree",NA,0.84,"hw3",-2.48,2.4835,NA,NA,NA,NA,NA,NA,NA,NA,1.14849394850273,"Check",0.0765996783696385,NA,NA
NA,"ILVE","NEON.PLA.D05.TREE.01102","TREE_039","TREE","D05",2015-08-11,"Live","sapling","Full shade",10,NA,1.4,1,NA,NA,"Ilex verticillata (L.) A. Gray",NA,NA,"2015",NA,"pine","Ilex verticillata (L.) A. Gray","common winterberry","Aquifoliaceae","tree",NA,0.84,"hw3",-2.48,2.4835,NA,NA,NA,NA,NA,NA,NA,NA,0.704469670267665,"Check",0.0227542913188366,NA,NA
NA,"ILVE","NEON.PLA.D05.TREE.00548","TREE_053","TREE","D05",2015-07-27,"Live,  other damage","sapling","Full shade",10,NA,0.6,1.1,NA,NA,"Ilex verticillata (L.) A. Gray",NA,NA,"2015",NA,"pine","Ilex verticillata (L.) A. Gray","common winterberry","Aquifoliaceae","tree",NA,0.84,"hw3",-2.48,2.4835,NA,NA,NA,NA,NA,NA,NA,NA,0.777869901180713,"Check",0.0291048084267283,NA,NA
NA,"ILVE","NEON.PLA.D05.TREE.00230","TREE_055","TREE","D05",2015-07-29,"Live","sapling","Full shade",10,NA,1.3,1.9,NA,NA,"Ilex verticillata (L.) A. Gray",NA,NA,"2015",NA,"pine","Ilex verticillata (L.) A. Gray","common winterberry","Aquifoliaceae","tree",NA,0.84,"hw3",-2.48,2.4835,NA,NA,NA,NA,NA,NA,NA,NA,1.37322264723203,"Check",0.119392476059771,NA,NA
NA,"ILVE","NEON.PLA.D05.TREE.00281","TREE_056","TREE","D05",2015-07-29,"Live","sapling","Full shade",10,NA,2,1.8,NA,NA,"Ilex verticillata (L.) A. Gray",NA,NA,"2015",NA,"pine","Ilex verticillata (L.) A. Gray","common winterberry","Aquifoliaceae","tree",NA,0.84,"hw3",-2.48,2.4835,NA,NA,NA,NA,NA,NA,NA,NA,1.29814358285745,"Check",0.103832735035768,NA,NA
NA,"ILVE","NEON.PLA.D05.TREE.00247","TREE_052","TREE","D05",2015-08-03,"Live, insect damaged","small tree","Full shade",130,NA,1,1.3,NA,NA,"Ilex verticillata (L.) A. Gray",NA,NA,"2015",NA,"pine","Ilex verticillata (L.) A. Gray","common winterberry","Aquifoliaceae","tree",NA,0.84,"hw3",-2.48,2.4835,NA,NA,NA,NA,NA,NA,NA,NA,NA,"Check",0.104201892653246,NA,NA
NA,"ILVE","NEON.PLA.D05.TREE.00604","TREE_056","TREE","D05",2015-07-29,"Live","sapling","Full shade",10,NA,1,1,NA,NA,"Ilex verticillata (L.) A. Gray",NA,NA,"2015",NA,"pine","Ilex verticillata (L.) A. Gray","common winterberry","Aquifoliaceae","tree",NA,0.84,"hw3",-2.48,2.4835,NA,NA,NA,NA,NA,NA,NA,NA,0.704469670267665,"Check",0.0227542913188366,NA,NA
NA,"ILVE","NEON.PLA.D05.TREE.00921","TREE_039","TREE","D05",2015-08-11,"Live","sapling","Full shade",10,NA,1,1.2,NA,NA,"Ilex verticillata (L.) A. Gray",NA,NA,"2015",NA,"pine","Ilex verticillata (L.) A. Gray","common winterberry","Aquifoliaceae","tree",NA,0.84,"hw3",-2.48,2.4835,NA,NA,NA,NA,NA,NA,NA,NA,0.851537287154131,"Check",0.0364382998499555,NA,NA
NA,"ILVE","NEON.PLA.D05.TREE.01315","TREE_039","TREE","D05",2015-08-11,"Live, physically damaged","sapling","Full shade",10,NA,1.1,1.1,NA,NA,"Ilex verticillata (L.) A. Gray",NA,NA,"2015",NA,"pine","Ilex verticillata (L.) A. Gray","common winterberry","Aquifoliaceae","tree",NA,0.84,"hw3",-2.48,2.4835,NA,NA,NA,NA,NA,NA,NA,NA,0.777869901180713,"Check",0.0291048084267283,NA,NA
NA,"ILVE","NEON.PLA.D05.TREE.01256","TREE_039","TREE","D05",2015-08-11,"Live","sapling","Full shade",10,NA,0.7,1,NA,NA,"Ilex verticillata (L.) A. Gray",NA,NA,"2015",NA,"pine","Ilex verticillata (L.) A. Gray","common winterberry","Aquifoliaceae","tree",NA,0.84,"hw3",-2.48,2.4835,NA,NA,NA,NA,NA,NA,NA,NA,0.704469670267665,"Check",0.0227542913188366,NA,NA
NA,"ILVE","NEON.PLA.D05.TREE.00054","TREE_056","TREE","D05",2015-07-29,"Live","small tree","Full shade",130,NA,2.7,2.9,NA,NA,"Ilex verticillata (L.) A. Gray",NA,NA,"2015",NA,"pine","Ilex verticillata (L.) A. Gray","common winterberry","Aquifoliaceae","tree",NA,0.84,"hw3",-2.48,2.4835,NA,NA,NA,NA,NA,NA,NA,NA,NA,"Check",0.76429799377623,NA,NA
NA,"ILVE","NEON.PLA.D05.TREE.00612","TREE_053","TREE","D05",2015-07-27,"Live,  other damage","sapling","Full shade",10,NA,0.9,1.5,NA,NA,"Ilex verticillata (L.) A. Gray",NA,NA,"2015",NA,"pine","Ilex verticillata (L.) A. Gray","common winterberry","Aquifoliaceae","tree",NA,0.84,"hw3",-2.48,2.4835,NA,NA,NA,NA,NA,NA,NA,NA,1.07394332059371,"Check",0.0648394769010696,NA,NA
NA,"ILVE","NEON.PLA.D05.TREE.01434","TREE_039","TREE","D05",2015-08-11,"Live","sapling","Full shade",10,NA,2,1.4,NA,NA,"Ilex verticillata (L.) A. Gray",NA,NA,"2015",NA,"pine","Ilex verticillata (L.) A. Gray","common winterberry","Aquifoliaceae","tree",NA,0.84,"hw3",-2.48,2.4835,NA,NA,NA,NA,NA,NA,NA,NA,0.999590927277837,"Check",0.0542570263524229,NA,NA
NA,"ILVE","NEON.PLA.D05.TREE.00155","TREE_056","TREE","D05",2015-07-29,"Live","small tree","Full shade",130,NA,2.2,1.8,NA,NA,"Ilex verticillata (L.) A. Gray",NA,NA,"2015",NA,"pine","Ilex verticillata (L.) A. Gray","common winterberry","Aquifoliaceae","tree",NA,0.84,"hw3",-2.48,2.4835,NA,NA,NA,NA,NA,NA,NA,NA,NA,"Check",0.233811871555896,NA,NA
NA,"ILVE","NEON.PLA.D05.TREE.00286","TREE_056","TREE","D05",2015-07-29,"Live","small tree","Full shade",130,NA,2.3,1.5,NA,NA,"Ilex verticillata (L.) A. Gray",NA,NA,"2015",NA,"pine","Ilex verticillata (L.) A. Gray","common winterberry","Aquifoliaceae","tree",NA,0.84,"hw3",-2.48,2.4835,NA,NA,NA,NA,NA,NA,NA,NA,NA,"Check",0.148668833446013,NA,NA
NA,"ILVE","NEON.PLA.D05.TREE.01316","TREE_039","TREE","D05",2015-08-11,"Live","sapling","Full shade",10,NA,1.2,1.2,NA,NA,"Ilex verticillata (L.) A. Gray",NA,NA,"2015",NA,"pine","Ilex verticillata (L.) A. Gray","common winterberry","Aquifoliaceae","tree",NA,0.84,"hw3",-2.48,2.4835,NA,NA,NA,NA,NA,NA,NA,NA,0.851537287154131,"Check",0.0364382998499555,NA,NA
NA,"ILVE","NEON.PLA.D05.TREE.00286","TREE_056","TREE","D05",2016-09-28,"Live","small tree",NA,130,NA,2.4,1.6,NA,NA,"Ilex verticillata (L.) A. Gray",NA,NA,"2016",NA,"pine","Ilex verticillata (L.) A. Gray","common winterberry","Aquifoliaceae","tree",NA,0.84,"hw3",-2.48,2.4835,NA,NA,NA,NA,NA,NA,NA,NA,NA,"Check",0.174513596452411,NA,NA
NA,"ILVE","NEON.PLA.D05.TREE.00239","TREE_056","TREE","D05",2015-07-29,"Live","sapling","Full shade",10,NA,1.6,1.2,NA,NA,"Ilex verticillata (L.) A. Gray",NA,NA,"2015",NA,"pine","Ilex verticillata (L.) A. Gray","common winterberry","Aquifoliaceae","tree",NA,0.84,"hw3",-2.48,2.4835,NA,NA,NA,NA,NA,NA,NA,NA,0.851537287154131,"Check",0.0364382998499555,NA,NA
NA,"ILVE","NEON.PLA.D05.TREE.00692","TREE_056","TREE","D05",2015-07-29,"Live","sapling","Full shade",10,NA,1.6,1.4,NA,NA,"Ilex verticillata (L.) A. Gray",NA,NA,"2015",NA,"pine","Ilex verticillata (L.) A. Gray","common winterberry","Aquifoliaceae","tree",NA,0.84,"hw3",-2.48,2.4835,NA,NA,NA,NA,NA,NA,NA,NA,0.999590927277837,"Check",0.0542570263524229,NA,NA
NA,"ILVE","NEON.PLA.D05.TREE.00831","TREE_052","TREE","D05",2015-08-03,"Live, insect damaged","sapling","Full shade",10,NA,1.9,1.5,NA,NA,"Ilex verticillata (L.) A. Gray",NA,NA,"2015",NA,"pine","Ilex verticillata (L.) A. Gray","common winterberry","Aquifoliaceae","tree",NA,0.84,"hw3",-2.48,2.4835,NA,NA,NA,NA,NA,NA,NA,NA,1.07394332059371,"Check",0.0648394769010696,NA,NA
NA,"ILVE","NEON.PLA.D05.TREE.00225","TREE_056","TREE","D05",2015-07-29,"Live","sapling","Full shade",10,NA,1.1,1.1,NA,NA,"Ilex verticillata (L.) A. Gray",NA,NA,"2015",NA,"pine","Ilex verticillata (L.) A. Gray","common winterberry","Aquifoliaceae","tree",NA,0.84,"hw3",-2.48,2.4835,NA,NA,NA,NA,NA,NA,NA,NA,0.777869901180713,"Check",0.0291048084267283,NA,NA
NA,"ILVE","NEON.PLA.D05.TREE.00689","TREE_056","TREE","D05",2015-07-29,"Live,  other damage","sapling","Full shade",10,NA,1.8,1.6,NA,NA,"Ilex verticillata (L.) A. Gray",NA,NA,"2015",NA,"pine","Ilex verticillata (L.) A. Gray","common winterberry","Aquifoliaceae","tree",NA,0.84,"hw3",-2.48,2.4835,NA,NA,NA,NA,NA,NA,NA,NA,1.14849394850273,"Check",0.0765996783696385,NA,NA
NA,"ILVE","NEON.PLA.D05.TREE.00135","TREE_056","TREE","D05",2015-07-29,"Live","small tree","Full shade",130,NA,2.1,1.9,NA,NA,"Ilex verticillata (L.) A. Gray",NA,NA,"2015",NA,"pine","Ilex verticillata (L.) A. Gray","common winterberry","Aquifoliaceae","tree",NA,0.84,"hw3",-2.48,2.4835,NA,NA,NA,NA,NA,NA,NA,NA,NA,"Check",0.267412595812496,NA,NA
NA,"ILVE","NEON.PLA.D05.TREE.00960","TREE_039","TREE","D05",2015-08-11,"Live","sapling","Full shade",10,NA,1.7,1.3,NA,NA,"Ilex verticillata (L.) A. Gray",NA,NA,"2015",NA,"pine","Ilex verticillata (L.) A. Gray","common winterberry","Aquifoliaceae","tree",NA,0.84,"hw3",-2.48,2.4835,NA,NA,NA,NA,NA,NA,NA,NA,0.925450366054231,"Check",0.0448059091546719,NA,NA
NA,"ILVE","NEON.PLA.D05.TREE.00182","TREE_056","TREE","D05",2015-07-29,"Live","sapling","Full shade",10,NA,1.2,1.2,NA,NA,"Ilex verticillata (L.) A. Gray",NA,NA,"2015",NA,"pine","Ilex verticillata (L.) A. Gray","common winterberry","Aquifoliaceae","tree",NA,0.84,"hw3",-2.48,2.4835,NA,NA,NA,NA,NA,NA,NA,NA,0.851537287154131,"Check",0.0364382998499555,NA,NA
NA,"ILVE","NEON.PLA.D05.TREE.01264","TREE_039","TREE","D05",2015-08-11,"Live","sapling","Full shade",10,NA,1.3,1.4,NA,NA,"Ilex verticillata (L.) A. Gray",NA,NA,"2015",NA,"pine","Ilex verticillata (L.) A. Gray","common winterberry","Aquifoliaceae","tree",NA,0.84,"hw3",-2.48,2.4835,NA,NA,NA,NA,NA,NA,NA,NA,0.999590927277837,"Check",0.0542570263524229,NA,NA
NA,"ILVE","NEON.PLA.D05.TREE.00124","TREE_056","TREE","D05",2015-07-29,"Live","sapling","Full shade",10,NA,2.3,1.7,NA,NA,"Ilex verticillata (L.) A. Gray",NA,NA,"2015",NA,"pine","Ilex verticillata (L.) A. Gray","common winterberry","Aquifoliaceae","tree",NA,0.84,"hw3",-2.48,2.4835,NA,NA,NA,NA,NA,NA,NA,NA,1.22323088488028,"Check",0.0895827720806551,NA,NA
NA,"ILVE","NEON.PLA.D05.TREE.01314","TREE_039","TREE","D05",2015-08-11,"Live","small tree","Full shade",130,NA,1.9,1.2,NA,NA,"Ilex verticillata (L.) A. Gray",NA,NA,"2015",NA,"pine","Ilex verticillata (L.) A. Gray","common winterberry","Aquifoliaceae","tree",NA,0.84,"hw3",-2.48,2.4835,NA,NA,NA,NA,NA,NA,NA,NA,NA,"Check",0.0854169217657471,NA,NA
NA,"ALINR","NEON.PLA.D05.TREE.01405","TREE_040","TREE","D05",2015-08-10,"Live","sapling","Full shade",10,NA,1.6,1.3,NA,NA,"Alnus incana (L.) Moench ssp. rugosa (Du Roi) R.T. Clausen",NA,NA,"2015",NA,"aspen/alder/cottonwood/willow","Alnus incana (L.) Moench ssp. rugosa (Du Roi) R.T. Clausen","speckled alder","Betulaceae","tree",NA,0.84,"hw1",-2.2094,2.3867,"BetulaceaeBelow0.40spg","hardwood","Hardwood",0.37,-2.5932,2.5349,NA,NA,0.925450366054231,"Check",0.0601786114621435,0.0394958681967441,NA
NA,"ALINR","NEON.PLA.D05.TREE.01045","TREE_040","TREE","D05",2015-08-10,"Live","sapling","Full shade",10,NA,2.7,21,NA,NA,"Alnus incana (L.) Moench ssp. rugosa (Du Roi) R.T. Clausen",NA,NA,"2015",NA,"aspen/alder/cottonwood/willow","Alnus incana (L.) Moench ssp. rugosa (Du Roi) R.T. Clausen","speckled alder","Betulaceae","tree",NA,0.84,"hw1",-2.2094,2.3867,"BetulaceaeBelow0.40spg","hardwood","Hardwood",0.37,-2.5932,2.5349,NA,NA,NA,"Check",0.27062265635465,0.240522268978321,NA
NA,"ALINR","NEON.PLA.D05.TREE.01041","TREE_039","TREE","D05",2015-08-11,"Live","small tree","Full shade",130,NA,1.5,4.8,NA,NA,"Alnus incana (L.) Moench ssp. rugosa (Du Roi) R.T. Clausen",NA,NA,"2015",NA,"aspen/alder/cottonwood/willow","Alnus incana (L.) Moench ssp. rugosa (Du Roi) R.T. Clausen","speckled alder","Betulaceae","tree",NA,0.84,"hw1",-2.2094,2.3867,"BetulaceaeBelow0.40spg","hardwood","Hardwood",0.37,-2.5932,2.5349,NA,NA,NA,"Check",3.05960671191601,2.56284018108196,NA
NA,"ALINR","NEON.PLA.D05.TREE.01253","TREE_040","TREE","D05",2015-08-10,"Live, insect damaged","small tree","Full shade",130,NA,2.2,4,NA,NA,"Alnus incana (L.) Moench ssp. rugosa (Du Roi) R.T. Clausen",NA,NA,"2015",NA,"aspen/alder/cottonwood/willow","Alnus incana (L.) Moench ssp. rugosa (Du Roi) R.T. Clausen","speckled alder","Betulaceae","tree",NA,0.84,"hw1",-2.2094,2.3867,"BetulaceaeBelow0.40spg","hardwood","Hardwood",0.37,-2.5932,2.5349,NA,NA,NA,"Check",1.98008450400553,1.61437708264445,NA
NA,"ALINR","NEON.PLA.D05.TREE.01022","TREE_048","TREE","D05",2015-08-05,"Live","small tree","Full shade",130,NA,2.2,1.6,NA,NA,"Alnus incana (L.) Moench ssp. rugosa (Du Roi) R.T. Clausen",NA,NA,"2015",NA,"aspen/alder/cottonwood/willow","Alnus incana (L.) Moench ssp. rugosa (Du Roi) R.T. Clausen","speckled alder","Betulaceae","tree",NA,0.84,"hw1",-2.2094,2.3867,"BetulaceaeBelow0.40spg","hardwood","Hardwood",0.37,-2.5932,2.5349,NA,NA,NA,"Check",0.222290194748727,0.158221994864671,NA
NA,"ALINR","NEON.PLA.D05.TREE.00418","TREE_048","TREE","D05",2015-08-05,"Live","sapling","Mostly shaded",10,NA,1.7,1.9,NA,NA,"Alnus incana (L.) Moench ssp. rugosa (Du Roi) R.T. Clausen",NA,NA,"2015",NA,"aspen/alder/cottonwood/willow","Alnus incana (L.) Moench ssp. rugosa (Du Roi) R.T. Clausen","speckled alder","Betulaceae","tree",NA,0.84,"hw1",-2.2094,2.3867,"BetulaceaeBelow0.40spg","hardwood","Hardwood",0.37,-2.5932,2.5349,NA,NA,1.37322264723203,"Check",0.154345327391191,0.107399600080452,NA
NA,"ALINR","NEON.PLA.D05.TREE.01407","TREE_040","TREE","D05",2015-08-10,"Live","sapling","Full shade",10,NA,1.5,2,NA,NA,"Alnus incana (L.) Moench ssp. rugosa (Du Roi) R.T. Clausen",NA,NA,"2015",NA,"aspen/alder/cottonwood/willow","Alnus incana (L.) Moench ssp. rugosa (Du Roi) R.T. Clausen","speckled alder","Betulaceae","tree",NA,0.84,"hw1",-2.2094,2.3867,"BetulaceaeBelow0.40spg","hardwood","Hardwood",0.37,-2.5932,2.5349,NA,NA,1.44845965449022,"Check",0.175300217676947,0.122948929660628,NA
NA,"ALINR","NEON.PLA.D05.TREE.01090","TREE_048","TREE","D05",2015-08-05,"Live","sapling","Full shade",10,NA,1.1,1,NA,NA,"Alnus incana (L.) Moench ssp. rugosa (Du Roi) R.T. Clausen",NA,NA,"2015",NA,"aspen/alder/cottonwood/willow","Alnus incana (L.) Moench ssp. rugosa (Du Roi) R.T. Clausen","speckled alder","Betulaceae","tree",NA,0.84,"hw1",-2.2094,2.3867,"BetulaceaeBelow0.40spg","hardwood","Hardwood",0.37,-2.5932,2.5349,NA,NA,0.704469670267665,"Check",0.0313790719683861,0.0197783134849916,NA
NA,"ALINR","NEON.PLA.D05.TREE.00956","TREE_040","TREE","D05",2015-08-10,"Live","small tree","Full shade",130,NA,2.2,1.2,NA,NA,"Alnus incana (L.) Moench ssp. rugosa (Du Roi) R.T. Clausen",NA,NA,"2015",NA,"aspen/alder/cottonwood/willow","Alnus incana (L.) Moench ssp. rugosa (Du Roi) R.T. Clausen","speckled alder","Betulaceae","tree",NA,0.84,"hw1",-2.2094,2.3867,"BetulaceaeBelow0.40spg","hardwood","Hardwood",0.37,-2.5932,2.5349,NA,NA,NA,"Check",0.111873963246739,0.0763061694046798,NA
NA,"ALINR","NEON.PLA.D05.TREE.01028","TREE_048","TREE","D05",2015-08-05,"Live","sapling","Partially shaded",10,NA,1.9,1.4,NA,NA,"Alnus incana (L.) Moench ssp. rugosa (Du Roi) R.T. Clausen",NA,NA,"2015",NA,"aspen/alder/cottonwood/willow","Alnus incana (L.) Moench ssp. rugosa (Du Roi) R.T. Clausen","speckled alder","Betulaceae","tree",NA,0.84,"hw1",-2.2094,2.3867,"BetulaceaeBelow0.40spg","hardwood","Hardwood",0.37,-2.5932,2.5349,NA,NA,0.999590927277837,"Check",0.0723307620299494,0.0480167403458702,NA
NA,"ALINR","NEON.PLA.D05.TREE.01320","TREE_040","TREE","D05",2015-08-10,"Live, physically damaged","sapling","Full shade",10,NA,0.7,1.9,NA,NA,"Alnus incana (L.) Moench ssp. rugosa (Du Roi) R.T. Clausen",NA,NA,"2015",NA,"aspen/alder/cottonwood/willow","Alnus incana (L.) Moench ssp. rugosa (Du Roi) R.T. Clausen","speckled alder","Betulaceae","tree",NA,0.84,"hw1",-2.2094,2.3867,"BetulaceaeBelow0.40spg","hardwood","Hardwood",0.37,-2.5932,2.5349,NA,NA,1.37322264723203,"Check",0.154345327391191,0.107399600080452,NA
NA,"ALINR","NEON.PLA.D05.TREE.01313","TREE_039","TREE","D05",2015-08-11,"Live","small tree","Mostly shaded",130,NA,2.7,2.4,NA,NA,"Alnus incana (L.) Moench ssp. rugosa (Du Roi) R.T. Clausen",NA,NA,"2015",NA,"aspen/alder/cottonwood/willow","Alnus incana (L.) Moench ssp. rugosa (Du Roi) R.T. Clausen","speckled alder","Betulaceae","tree",NA,0.84,"hw1",-2.2094,2.3867,"BetulaceaeBelow0.40spg","hardwood","Hardwood",0.37,-2.5932,2.5349,NA,NA,NA,"Check",0.58505583394952,0.442222248439357,NA
NA,"ALINR","NEON.PLA.D05.TREE.01153","TREE_048","TREE","D05",2015-08-05,"Live","sapling","Mostly shaded",10,NA,1.4,1.4,NA,NA,"Alnus incana (L.) Moench ssp. rugosa (Du Roi) R.T. Clausen",NA,NA,"2015",NA,"aspen/alder/cottonwood/willow","Alnus incana (L.) Moench ssp. rugosa (Du Roi) R.T. Clausen","speckled alder","Betulaceae","tree",NA,0.84,"hw1",-2.2094,2.3867,"BetulaceaeBelow0.40spg","hardwood","Hardwood",0.37,-2.5932,2.5349,NA,NA,0.999590927277837,"Check",0.0723307620299494,0.0480167403458702,NA
NA,"ALINR","NEON.PLA.D05.TREE.01024","TREE_048","TREE","D05",2015-08-05,"Live","small tree","Partially shaded",130,NA,2.8,1.2,NA,NA,"Alnus incana (L.) Moench ssp. rugosa (Du Roi) R.T. Clausen",NA,NA,"2015",NA,"aspen/alder/cottonwood/willow","Alnus incana (L.) Moench ssp. rugosa (Du Roi) R.T. Clausen","speckled alder","Betulaceae","tree",NA,0.84,"hw1",-2.2094,2.3867,"BetulaceaeBelow0.40spg","hardwood","Hardwood",0.37,-2.5932,2.5349,NA,NA,NA,"Check",0.111873963246739,0.0763061694046798,NA
NA,"ALINR","NEON.PLA.D05.TREE.01124","TREE_040","TREE","D05",2015-08-04,"Live","sapling","Full shade",10,NA,1.6,1.3,NA,NA,"Alnus incana (L.) Moench ssp. rugosa (Du Roi) R.T. Clausen",NA,NA,"2015",NA,"aspen/alder/cottonwood/willow","Alnus incana (L.) Moench ssp. rugosa (Du Roi) R.T. Clausen","speckled alder","Betulaceae","tree",NA,0.84,"hw1",-2.2094,2.3867,"BetulaceaeBelow0.40spg","hardwood","Hardwood",0.37,-2.5932,2.5349,NA,NA,0.925450366054231,"Check",0.0601786114621435,0.0394958681967441,NA
NA,"ALINR","NEON.PLA.D05.TREE.01200","TREE_048","TREE","D05",2015-08-05,"Live, physically damaged","small tree","Mostly shaded",130,NA,1.8,1.8,NA,NA,"Alnus incana (L.) Moench ssp. rugosa (Du Roi) R.T. Clausen",NA,NA,"2015",NA,"aspen/alder/cottonwood/willow","Alnus incana (L.) Moench ssp. rugosa (Du Roi) R.T. Clausen","speckled alder","Betulaceae","tree",NA,0.84,"hw1",-2.2094,2.3867,"BetulaceaeBelow0.40spg","hardwood","Hardwood",0.37,-2.5932,2.5349,NA,NA,NA,"Check",0.294446252739782,0.213271775727476,NA
NA,"ALINR","NEON.PLA.D05.TREE.01118","TREE_040","TREE","D05",2015-08-10,"Live","small tree","Mostly shaded",130,NA,4,2.2,NA,NA,"Alnus incana (L.) Moench ssp. rugosa (Du Roi) R.T. Clausen",NA,NA,"2015",NA,"aspen/alder/cottonwood/willow","Alnus incana (L.) Moench ssp. rugosa (Du Roi) R.T. Clausen","speckled alder","Betulaceae","tree",NA,0.84,"hw1",-2.2094,2.3867,"BetulaceaeBelow0.40spg","hardwood","Hardwood",0.37,-2.5932,2.5349,NA,NA,NA,"Check",0.47534327720104,0.354691160601881,NA
NA,"ALINR","NEON.PLA.D05.TREE.01437","TREE_040","TREE","D05",2015-08-10,"Live","sapling","Full shade",10,NA,2.2,1.3,NA,NA,"Alnus incana (L.) Moench ssp. rugosa (Du Roi) R.T. Clausen",NA,NA,"2015",NA,"aspen/alder/cottonwood/willow","Alnus incana (L.) Moench ssp. rugosa (Du Roi) R.T. Clausen","speckled alder","Betulaceae","tree",NA,0.84,"hw1",-2.2094,2.3867,"BetulaceaeBelow0.40spg","hardwood","Hardwood",0.37,-2.5932,2.5349,NA,NA,0.925450366054231,"Check",0.0601786114621435,0.0394958681967441,NA
NA,"ALINR","NEON.PLA.D05.TREE.01408","TREE_040","TREE","D05",2015-08-10,"Live","sapling","Mostly shaded",10,NA,2.3,2,NA,NA,"Alnus incana (L.) Moench ssp. rugosa (Du Roi) R.T. Clausen",NA,NA,"2015",NA,"aspen/alder/cottonwood/willow","Alnus incana (L.) Moench ssp. rugosa (Du Roi) R.T. Clausen","speckled alder","Betulaceae","tree",NA,0.84,"hw1",-2.2094,2.3867,"BetulaceaeBelow0.40spg","hardwood","Hardwood",0.37,-2.5932,2.5349,NA,NA,1.44845965449022,"Check",0.175300217676947,0.122948929660628,NA
NA,"ALINR","NEON.PLA.D05.TREE.01438","TREE_040","TREE","D05",2015-08-10,"Live","small tree","Mostly shaded",130,NA,2.6,4.5,NA,NA,"Alnus incana (L.) Moench ssp. rugosa (Du Roi) R.T. Clausen",NA,NA,"2015",NA,"aspen/alder/cottonwood/willow","Alnus incana (L.) Moench ssp. rugosa (Du Roi) R.T. Clausen","speckled alder","Betulaceae","tree",NA,0.84,"hw1",-2.2094,2.3867,"BetulaceaeBelow0.40spg","hardwood","Hardwood",0.37,-2.5932,2.5349,NA,NA,NA,"Check",2.62282581996739,2.17606324205309,NA
NA,"ALINR","NEON.PLA.D05.TREE.00988","TREE_048","TREE","D05",2015-08-05,"Live, insect damaged","sapling","Full shade",10,NA,1.1,1.5,NA,NA,"Alnus incana (L.) Moench ssp. rugosa (Du Roi) R.T. Clausen",NA,NA,"2015",NA,"aspen/alder/cottonwood/willow","Alnus incana (L.) Moench ssp. rugosa (Du Roi) R.T. Clausen","speckled alder","Betulaceae","tree",NA,0.84,"hw1",-2.2094,2.3867,"BetulaceaeBelow0.40spg","hardwood","Hardwood",0.37,-2.5932,2.5349,NA,NA,1.07394332059371,"Check",0.0858401284083462,0.0575940692700316,NA
NA,"ALINR","NEON.PLA.D05.TREE.01447","TREE_040","TREE","D05",2015-08-10,"Live","small tree","Mostly shaded",130,NA,1.8,3.8,NA,NA,"Alnus incana (L.) Moench ssp. rugosa (Du Roi) R.T. Clausen",NA,NA,"2015",NA,"aspen/alder/cottonwood/willow","Alnus incana (L.) Moench ssp. rugosa (Du Roi) R.T. Clausen","speckled alder","Betulaceae","tree",NA,0.84,"hw1",-2.2094,2.3867,"BetulaceaeBelow0.40spg","hardwood","Hardwood",0.37,-2.5932,2.5349,NA,NA,NA,"Check",1.75192961368814,1.41754400890801,NA
NA,"ALINR","NEON.PLA.D05.TREE.01023","TREE_048","TREE","D05",2015-08-05,"Live, insect damaged","sapling","Full shade",10,NA,1.8,1.9,NA,NA,"Alnus incana (L.) Moench ssp. rugosa (Du Roi) R.T. Clausen",NA,NA,"2015",NA,"aspen/alder/cottonwood/willow","Alnus incana (L.) Moench ssp. rugosa (Du Roi) R.T. Clausen","speckled alder","Betulaceae","tree",NA,0.84,"hw1",-2.2094,2.3867,"BetulaceaeBelow0.40spg","hardwood","Hardwood",0.37,-2.5932,2.5349,NA,NA,1.37322264723203,"Check",0.154345327391191,0.107399600080452,NA
NA,"ALINR","NEON.PLA.D05.TREE.00407","TREE_048","TREE","D05",2015-08-05,"Live, physically damaged","small tree","Full shade",130,NA,3.2,3.6,NA,NA,"Alnus incana (L.) Moench ssp. rugosa (Du Roi) R.T. Clausen",NA,NA,"2015",NA,"aspen/alder/cottonwood/willow","Alnus incana (L.) Moench ssp. rugosa (Du Roi) R.T. Clausen","speckled alder","Betulaceae","tree",NA,0.84,"hw1",-2.2094,2.3867,"BetulaceaeBelow0.40spg","hardwood","Hardwood",0.37,-2.5932,2.5349,NA,NA,NA,"Check",1.53983548048661,1.23598818977112,NA
NA,"ALINR","NEON.PLA.D05.TREE.00957","TREE_040","TREE","D05",2015-08-10,"Live","small tree","Full shade",10,NA,2.2,1.7,NA,NA,"Alnus incana (L.) Moench ssp. rugosa (Du Roi) R.T. Clausen",NA,NA,"2015",NA,"aspen/alder/cottonwood/willow","Alnus incana (L.) Moench ssp. rugosa (Du Roi) R.T. Clausen","speckled alder","Betulaceae","tree",NA,0.84,"hw1",-2.2094,2.3867,"BetulaceaeBelow0.40spg","hardwood","Hardwood",0.37,-2.5932,2.5349,NA,NA,1.22323088488028,"Check",0.117112575625264,0.080106591102368,NA
NA,"ALINR","NEON.PLA.D05.TREE.01418","TREE_040","TREE","D05",2015-08-10,"Live","small tree","Mostly shaded",130,NA,1.9,2.4,NA,NA,"Alnus incana (L.) Moench ssp. rugosa (Du Roi) R.T. Clausen",NA,NA,"2015",NA,"aspen/alder/cottonwood/willow","Alnus incana (L.) Moench ssp. rugosa (Du Roi) R.T. Clausen","speckled alder","Betulaceae","tree",NA,0.84,"hw1",-2.2094,2.3867,"BetulaceaeBelow0.40spg","hardwood","Hardwood",0.37,-2.5932,2.5349,NA,NA,NA,"Check",0.58505583394952,0.442222248439357,NA
NA,"ALINR","NEON.PLA.D05.TREE.01122","TREE_040","TREE","D05",2015-08-04,"Live","small tree","Partially shaded",130,NA,3.4,4.1,NA,NA,"Alnus incana (L.) Moench ssp. rugosa (Du Roi) R.T. Clausen",NA,NA,"2015",NA,"aspen/alder/cottonwood/willow","Alnus incana (L.) Moench ssp. rugosa (Du Roi) R.T. Clausen","speckled alder","Betulaceae","tree",NA,0.84,"hw1",-2.2094,2.3867,"BetulaceaeBelow0.40spg","hardwood","Hardwood",0.37,-2.5932,2.5349,NA,NA,NA,"Check",2.10028569571763,1.71865580846748,NA
NA,"ALINR","NEON.PLA.D05.TREE.01397","TREE_040","TREE","D05",2015-08-10,"Live","small tree","Full shade",130,NA,2.5,3.7,NA,NA,"Alnus incana (L.) Moench ssp. rugosa (Du Roi) R.T. Clausen",NA,NA,"2015",NA,"aspen/alder/cottonwood/willow","Alnus incana (L.) Moench ssp. rugosa (Du Roi) R.T. Clausen","speckled alder","Betulaceae","tree",NA,0.84,"hw1",-2.2094,2.3867,"BetulaceaeBelow0.40spg","hardwood","Hardwood",0.37,-2.5932,2.5349,NA,NA,NA,"Check",1.64389546946274,1.32488341045596,NA
NA,"ALINR","NEON.PLA.D05.TREE.01432","TREE_040","TREE","D05",2015-08-10,"Live","small tree","Full shade",130,NA,1.2,4.1,NA,NA,"Alnus incana (L.) Moench ssp. rugosa (Du Roi) R.T. Clausen",NA,NA,"2015",NA,"aspen/alder/cottonwood/willow","Alnus incana (L.) Moench ssp. rugosa (Du Roi) R.T. Clausen","speckled alder","Betulaceae","tree",NA,0.84,"hw1",-2.2094,2.3867,"BetulaceaeBelow0.40spg","hardwood","Hardwood",0.37,-2.5932,2.5349,NA,NA,NA,"Check",2.10028569571763,1.71865580846748,NA
NA,"ALINR","NEON.PLA.D05.TREE.00935","TREE_048","TREE","D05",2015-08-05,"Live","small tree","Mostly shaded",130,NA,3.2,1.9,NA,NA,"Alnus incana (L.) Moench ssp. rugosa (Du Roi) R.T. Clausen",NA,NA,"2015",NA,"aspen/alder/cottonwood/willow","Alnus incana (L.) Moench ssp. rugosa (Du Roi) R.T. Clausen","speckled alder","Betulaceae","tree",NA,0.84,"hw1",-2.2094,2.3867,"BetulaceaeBelow0.40spg","hardwood","Hardwood",0.37,-2.5932,2.5349,NA,NA,NA,"Check",0.335002743053635,0.244599528097141,NA
NA,"ALINR","NEON.PLA.D05.TREE.01193","TREE_048","TREE","D05",2015-08-05,"Live","small tree","Full shade",130,NA,2,1.5,NA,NA,"Alnus incana (L.) Moench ssp. rugosa (Du Roi) R.T. Clausen",NA,NA,"2015",NA,"aspen/alder/cottonwood/willow","Alnus incana (L.) Moench ssp. rugosa (Du Roi) R.T. Clausen","speckled alder","Betulaceae","tree",NA,0.84,"hw1",-2.2094,2.3867,"BetulaceaeBelow0.40spg","hardwood","Hardwood",0.37,-2.5932,2.5349,NA,NA,NA,"Check",0.190556668620795,0.13434355745272,NA
NA,"ALINR","NEON.PLA.D05.TREE.01008","TREE_048","TREE","D05",2015-08-05,"Live","sapling","Full shade",10,NA,1.5,1.5,NA,NA,"Alnus incana (L.) Moench ssp. rugosa (Du Roi) R.T. Clausen",NA,NA,"2015",NA,"aspen/alder/cottonwood/willow","Alnus incana (L.) Moench ssp. rugosa (Du Roi) R.T. Clausen","speckled alder","Betulaceae","tree",NA,0.84,"hw1",-2.2094,2.3867,"BetulaceaeBelow0.40spg","hardwood","Hardwood",0.37,-2.5932,2.5349,NA,NA,1.07394332059371,"Check",0.0858401284083462,0.0575940692700316,NA
NA,"ALINR","NEON.PLA.D05.TREE.01154","TREE_040","TREE","D05",2015-08-10,"Live","small tree","Full shade",130,NA,3.6,5,NA,NA,"Alnus incana (L.) Moench ssp. rugosa (Du Roi) R.T. Clausen",NA,NA,"2015",NA,"aspen/alder/cottonwood/willow","Alnus incana (L.) Moench ssp. rugosa (Du Roi) R.T. Clausen","speckled alder","Betulaceae","tree",NA,0.84,"hw1",-2.2094,2.3867,"BetulaceaeBelow0.40spg","hardwood","Hardwood",0.37,-2.5932,2.5349,NA,NA,NA,"Check",3.37270885665124,2.84224934949098,NA
NA,"ALINR","NEON.PLA.D05.TREE.01406","TREE_040","TREE","D05",2015-08-10,"Live","sapling","Full shade",10,NA,1.9,1.4,NA,NA,"Alnus incana (L.) Moench ssp. rugosa (Du Roi) R.T. Clausen",NA,NA,"2015",NA,"aspen/alder/cottonwood/willow","Alnus incana (L.) Moench ssp. rugosa (Du Roi) R.T. Clausen","speckled alder","Betulaceae","tree",NA,0.84,"hw1",-2.2094,2.3867,"BetulaceaeBelow0.40spg","hardwood","Hardwood",0.37,-2.5932,2.5349,NA,NA,0.999590927277837,"Check",0.0723307620299494,0.0480167403458702,NA
NA,"ALINR","NEON.PLA.D05.TREE.01164","TREE_040","TREE","D05",2015-08-10,"Live","small tree","Mostly shaded",130,NA,2.1,1.4,NA,NA,"Alnus incana (L.) Moench ssp. rugosa (Du Roi) R.T. Clausen",NA,NA,"2015",NA,"aspen/alder/cottonwood/willow","Alnus incana (L.) Moench ssp. rugosa (Du Roi) R.T. Clausen","speckled alder","Betulaceae","tree",NA,0.84,"hw1",-2.2094,2.3867,"BetulaceaeBelow0.40spg","hardwood","Hardwood",0.37,-2.5932,2.5349,NA,NA,NA,"Check",0.161625888929523,0.112788045125787,NA
NA,"ALINR","NEON.PLA.D05.TREE.00985","TREE_040","TREE","D05",2015-08-10,"Live","small tree","Partially shaded",130,NA,3.3,2.5,NA,NA,"Alnus incana (L.) Moench ssp. rugosa (Du Roi) R.T. Clausen",NA,NA,"2015",NA,"aspen/alder/cottonwood/willow","Alnus incana (L.) Moench ssp. rugosa (Du Roi) R.T. Clausen","speckled alder","Betulaceae","tree",NA,0.84,"hw1",-2.2094,2.3867,"BetulaceaeBelow0.40spg","hardwood","Hardwood",0.37,-2.5932,2.5349,NA,NA,NA,"Check",0.644927004870288,0.49043475564152,NA
NA,"ALINR","NEON.PLA.D05.TREE.00929","TREE_048","TREE","D05",2015-08-05,"Live","small tree","Full shade",130,NA,3.9,2.7,NA,NA,"Alnus incana (L.) Moench ssp. rugosa (Du Roi) R.T. Clausen",NA,NA,"2015",NA,"aspen/alder/cottonwood/willow","Alnus incana (L.) Moench ssp. rugosa (Du Roi) R.T. Clausen","speckled alder","Betulaceae","tree",NA,0.84,"hw1",-2.2094,2.3867,"BetulaceaeBelow0.40spg","hardwood","Hardwood",0.37,-2.5932,2.5349,NA,NA,NA,"Check",0.774966696775416,0.596083523479312,NA
NA,"PICEA","NEON.PLA.D05.TREE.02860","TREE_011","TREE","D05",2017-11-01,"Dead, broken bole","single bole tree","Full sun",130,NA,8.9,36.5,NA,51,"Picea sp.",8.4,189,"2017",NA,"spruce","Picea A. Dietr.","spruce","Pinaceae","tree",NA,0.84,"sw5",-2.0773,2.3323,"PiceaAbove0.35spg","conifer","Conifer",0.37,-2.1364,2.3233,NA,NA,NA,"Check",551.538356326058,503.324743461717,NA
NA,"PICEA","NEON.PLA.D05.TREE.02860","TREE_011","TREE","D05",2020-06-09,"Dead, broken bole","single bole tree","Partially shaded",130,NA,8.4,43.5,NA,51,"Picea sp.",8.4,189,"2020",NA,"spruce","Picea A. Dietr.","spruce","Pinaceae","tree",NA,0.84,"sw5",-2.0773,2.3323,"PiceaAbove0.35spg","conifer","Conifer",0.37,-2.1364,2.3233,NA,NA,NA,"Check",830.402344643109,756.615718737363,NA
NA,"ACER","NEON.PLA.D05.TREE.05095","TREE_042","TREE","D05",2020-10-06,"Live","small tree","Mostly shaded",130,NA,4.3,6.3,NA,NA,"Acer sp.",NA,NA,"2020",NA,"soft maple/birch","Acer L.","maple","Aceraceae","tree",NA,0.84,"hw2",-1.9123,2.3651,"AceraceaeBelow0.50spg","hardwood","Hardwood",0.44,-2.047,2.3852,NA,NA,NA,"Check",7.60207124206042,6.8703241364977,NA
NA,"ACER","NEON.PLA.D05.TREE.05095","TREE_042","TREE","D05",2019-10-23,"Standing dead","small tree",NA,130,NA,4,6.2,NA,NA,"Acer sp.",NA,NA,"2019",NA,"soft maple/birch","Acer L.","maple","Aceraceae","tree",NA,0.84,"hw2",-1.9123,2.3651,"AceraceaeBelow0.50spg","hardwood","Hardwood",0.44,-2.047,2.3852,NA,NA,NA,"Check",7.31976581294098,6.61306522890304,NA
NA,"ACER","NEON.PLA.D05.TREE.05095","TREE_042","TREE","D05",2021-10-04,"Standing dead","small tree","Full shade",130,NA,4.6,6.4,NA,NA,"Acer sp.",NA,NA,"2021",NA,"soft maple/birch","Acer L.","maple","Aceraceae","tree",NA,0.84,"hw2",-1.9123,2.3651,"AceraceaeBelow0.50spg","hardwood","Hardwood",0.44,-2.047,2.3852,NA,NA,NA,"Check",7.8905605745877,7.13330219099904,NA
NA,"COCO6","NEON.PLA.D05.TREE.01499","TREE_039","TREE","D05",2015-08-11,"Live","sapling","Full shade",10,NA,1.1,1.4,NA,NA,"Corylus cornuta Marshall",NA,NA,"2015",NA,"woodland","Corylus cornuta Marshall","beaked hazelnut","Betulaceae","tree",NA,0.84,"wl",-0.7152,1.7029,"BetulaceaeAbove0.60spg","hardwood","Hardwood",0.62,-2.2652,2.5349,NA,NA,0.999590927277837,"Check",0.363199454047851,0.0666563094334211,NA
NA,"COCO6","NEON.PLA.D05.TREE.00475","TREE_025","TREE","D05",2015-08-04,"Live","sapling","Full shade",10,NA,1.2,1.2,NA,NA,"Corylus cornuta Marshall",NA,NA,"2015",NA,"woodland","Corylus cornuta Marshall","beaked hazelnut","Betulaceae","tree",NA,0.84,"wl",-0.7152,1.7029,"BetulaceaeAbove0.60spg","hardwood","Hardwood",0.62,-2.2652,2.5349,NA,NA,0.851537287154131,"Check",0.276434097856975,0.0443981612270857,NA
NA,"COCO6","NEON.PLA.D05.TREE.00254","TREE_055","TREE","D05",2015-07-29,"Live","sapling","Full shade",10,NA,1.4,1.3,NA,NA,"Corylus cornuta Marshall",NA,NA,"2015",NA,"woodland","Corylus cornuta Marshall","beaked hazelnut","Betulaceae","tree",NA,0.84,"wl",-0.7152,1.7029,"BetulaceaeAbove0.60spg","hardwood","Hardwood",0.62,-2.2652,2.5349,NA,NA,0.925450366054231,"Check",0.318530138530217,0.0548277286817163,NA
NA,"COCO6","NEON.PLA.D05.TREE.02173","TREE_016","TREE","D05",2017-10-24,"Live","small tree",NA,130,NA,3,2.5,NA,NA,"Corylus cornuta Marshall",NA,NA,"2017",NA,"woodland","Corylus cornuta Marshall","beaked hazelnut","Betulaceae","tree",NA,0.84,"wl",-0.7152,1.7029,"BetulaceaeAbove0.60spg","hardwood","Hardwood",0.62,-2.2652,2.5349,NA,NA,NA,"Check",1.73021400702146,0.68081611940901,NA
NA,"COPE80","NEON.PLA.D05.TREE.01183","TREE_043","TREE","D05",2015-08-05,"Live","sapling","Full shade",10,NA,0.8,1,NA,NA,"Comptonia peregrina (L.) J.M. Coult.",NA,NA,"2015",NA,"","Comptonia peregrina (L.) J.M. Coult.","sweet fern","Myricaceae","shrub",NA,NA,NA,NA,NA,NA,NA,NA,NA,NA,NA,NA,NA,0.704469670267665,"Check",NA,NA,NA
NA,"DIPA9","NEON.PLA.D05.TREE.00566","TREE_053","TREE","D05",2016-09-27,"Live","small tree",NA,130,NA,2.5,2.5,NA,NA,"Dirca palustris L.",NA,NA,"2016",NA,"woodland","Dirca palustris L.","eastern leatherwood","Thymelaeaceae","shrub/tree",NA,NA,"wl",-0.7152,1.7029,NA,NA,NA,NA,NA,NA,NA,NA,NA,"Check",NA,NA,NA
NA,"DIPA9","NEON.PLA.D05.TREE.00230","TREE_055","TREE","D05",2015-07-29,"Live","sapling","Full shade",10,NA,1.3,1.9,NA,NA,"Dirca palustris L.",NA,NA,"2015",NA,"woodland","Dirca palustris L.","eastern leatherwood","Thymelaeaceae","shrub/tree",NA,NA,"wl",-0.7152,1.7029,NA,NA,NA,NA,NA,NA,NA,NA,1.37322264723203,"Check",NA,NA,NA
NA,"DIPA9","NEON.PLA.D05.TREE.00685","TREE_053","TREE","D05",2015-07-27,"Live","sapling","Full shade",10,NA,1,2.4,NA,NA,"Dirca palustris L.",NA,NA,"2015",NA,"woodland","Dirca palustris L.","eastern leatherwood","Thymelaeaceae","shrub/tree",NA,NA,"wl",-0.7152,1.7029,NA,NA,NA,NA,NA,NA,NA,NA,1.75084529085287,"Check",NA,NA,NA
NA,"DIPA9","NEON.PLA.D05.TREE.00529","TREE_053","TREE","D05",2016-09-27,"Live","small tree",NA,130,NA,2,2,NA,NA,"Dirca palustris L.",NA,NA,"2016",NA,"woodland","Dirca palustris L.","eastern leatherwood","Thymelaeaceae","shrub/tree",NA,NA,"wl",-0.7152,1.7029,NA,NA,NA,NA,NA,NA,NA,NA,NA,"Check",NA,NA,NA
NA,"DIPA9","NEON.PLA.D05.TREE.00538","TREE_055","TREE","D05",2015-07-29,"Live","sapling","Full shade",10,NA,1.4,3,NA,NA,"Dirca palustris L.",NA,NA,"2015",NA,"woodland","Dirca palustris L.","eastern leatherwood","Thymelaeaceae","shrub/tree",NA,NA,"wl",-0.7152,1.7029,NA,NA,NA,NA,NA,NA,NA,NA,2.20813419901841,"Check",NA,NA,NA
NA,"DIPA9","NEON.PLA.D05.TREE.00279","TREE_056","TREE","D05",2015-07-29,"Live","single bole tree","Partially shaded",130,NA,17.4,27.5,NA,NA,"Dirca palustris L.",NA,NA,"2015",NA,"woodland","Dirca palustris L.","eastern leatherwood","Thymelaeaceae","shrub/tree",NA,NA,"wl",-0.7152,1.7029,NA,NA,NA,NA,NA,NA,NA,NA,NA,"Check",138.175877363949,NA,NA
NA,"DIPA9","NEON.PLA.D05.TREE.00300","TREE_055","TREE","D05",2015-07-29,"Live","sapling","Full shade",10,NA,0.9,2.4,NA,NA,"Dirca palustris L.",NA,NA,"2015",NA,"woodland","Dirca palustris L.","eastern leatherwood","Thymelaeaceae","shrub/tree",NA,NA,"wl",-0.7152,1.7029,NA,NA,NA,NA,NA,NA,NA,NA,1.75084529085287,"Check",NA,NA,NA
NA,"DIPA9","NEON.PLA.D05.TREE.00681","TREE_053","TREE","D05",2015-07-27,"Live","small tree","Full shade",130,NA,1.4,1.3,NA,NA,"Dirca palustris L.",NA,NA,"2015",NA,"woodland","Dirca palustris L.","eastern leatherwood","Thymelaeaceae","shrub/tree",NA,NA,"wl",-0.7152,1.7029,NA,NA,NA,NA,NA,NA,NA,NA,NA,"Check",NA,NA,NA
NA,"DIPA9","NEON.PLA.D05.TREE.00279","TREE_054","TREE","D05",2015-07-30,"Live","single bole tree","Full shade",130,NA,2,1.1,NA,NA,"Dirca palustris L.",NA,NA,"2015",NA,"woodland","Dirca palustris L.","eastern leatherwood","Thymelaeaceae","shrub/tree",NA,NA,"wl",-0.7152,1.7029,NA,NA,NA,NA,NA,NA,NA,NA,NA,"Check",NA,NA,NA
NA,"DIPA9","NEON.PLA.D05.TREE.00279","TREE_056","TREE","D05",2017-08-28,"Live","single bole tree",NA,138,NA,18.5,22.8,NA,NA,"Dirca palustris L.",NA,NA,"2017",NA,"woodland","Dirca palustris L.","eastern leatherwood","Thymelaeaceae","shrub/tree",NA,NA,"wl",-0.7152,1.7029,NA,NA,NA,NA,NA,NA,NA,NA,NA,"Check",100.419912241032,NA,NA
NA,"DIPA9","NEON.PLA.D05.TREE.00529","TREE_053","TREE","D05",2015-07-27,"Live","small tree","Full shade",130,NA,2.2,2.1,NA,NA,"Dirca palustris L.",NA,NA,"2015",NA,"woodland","Dirca palustris L.","eastern leatherwood","Thymelaeaceae","shrub/tree",NA,NA,"wl",-0.7152,1.7029,NA,NA,NA,NA,NA,NA,NA,NA,NA,"Check",NA,NA,NA
NA,"DIPA9","NEON.PLA.D05.TREE.00235","TREE_055","TREE","D05",2016-09-27,"Live","small tree",NA,130,NA,2,1.5,NA,NA,"Dirca palustris L.",NA,NA,"2016",NA,"woodland","Dirca palustris L.","eastern leatherwood","Thymelaeaceae","shrub/tree",NA,NA,"wl",-0.7152,1.7029,NA,NA,NA,NA,NA,NA,NA,NA,NA,"Check",NA,NA,NA
NA,"DIPA9","NEON.PLA.D05.TREE.00279","TREE_056","TREE","D05",2016-09-28,"Live","single bole tree",NA,130,NA,20.2,22.9,NA,NA,"Dirca palustris L.",NA,NA,"2016",NA,"woodland","Dirca palustris L.","eastern leatherwood","Thymelaeaceae","shrub/tree",NA,NA,"wl",-0.7152,1.7029,NA,NA,NA,NA,NA,NA,NA,NA,NA,"Check",101.171090089875,NA,NA
NA,"DIPA9","NEON.PLA.D05.TREE.00520","TREE_053","TREE","D05",2015-07-27,"Live","sapling","Full shade",10,NA,1.3,2.3,NA,NA,"Dirca palustris L.",NA,NA,"2015",NA,"woodland","Dirca palustris L.","eastern leatherwood","Thymelaeaceae","shrub/tree",NA,NA,"wl",-0.7152,1.7029,NA,NA,NA,NA,NA,NA,NA,NA,1.67504582989061,"Check",NA,NA,NA
NA,"DIPA9","NEON.PLA.D05.TREE.00679","TREE_053","TREE","D05",2015-07-27,"Live","sapling","Full shade",10,NA,1.8,3.6,NA,NA,"Dirca palustris L.",NA,NA,"2015",NA,"woodland","Dirca palustris L.","eastern leatherwood","Thymelaeaceae","shrub/tree",NA,NA,"wl",-0.7152,1.7029,NA,NA,NA,NA,NA,NA,NA,NA,2.66911221996253,"Check",NA,NA,NA
NA,"DIPA9","NEON.PLA.D05.TREE.00669","TREE_053","TREE","D05",2015-07-27,"Live","sapling","Full shade",10,NA,1.7,3.3,NA,NA,"Dirca palustris L.",NA,NA,"2015",NA,"woodland","Dirca palustris L.","eastern leatherwood","Thymelaeaceae","shrub/tree",NA,NA,"wl",-0.7152,1.7029,NA,NA,NA,NA,NA,NA,NA,NA,2.43820451564874,"Check",NA,NA,NA
NA,"DIPA9","NEON.PLA.D05.TREE.00279","TREE_056","TREE","D05",2018-10-09,"Live","single bole tree",NA,130,NA,20.3,23,NA,NA,"Dirca palustris L.",NA,NA,"2018",NA,"woodland","Dirca palustris L.","eastern leatherwood","Thymelaeaceae","shrub/tree",NA,NA,"wl",-0.7152,1.7029,NA,NA,NA,NA,NA,NA,NA,NA,NA,"Check",101.924577175251,NA,NA
NA,"DIPA9","NEON.PLA.D05.TREE.00081","TREE_055","TREE","D05",2015-07-29,"Live","sapling","Full shade",10,NA,1.3,1.9,NA,NA,"Dirca palustris L.",NA,NA,"2015",NA,"woodland","Dirca palustris L.","eastern leatherwood","Thymelaeaceae","shrub/tree",NA,NA,"wl",-0.7152,1.7029,NA,NA,NA,NA,NA,NA,NA,NA,1.37322264723203,"Check",NA,NA,NA
NA,"DIPA9","NEON.PLA.D05.TREE.00522","TREE_053","TREE","D05",2015-07-27,"Live","sapling","Full shade",10,NA,1.4,3.8,NA,NA,"Dirca palustris L.",NA,NA,"2015",NA,"woodland","Dirca palustris L.","eastern leatherwood","Thymelaeaceae","shrub/tree",NA,NA,"wl",-0.7152,1.7029,NA,NA,NA,NA,NA,NA,NA,NA,2.82348223791112,"Check",NA,NA,NA
NA,"DIPA9","NEON.PLA.D05.TREE.00289","TREE_055","TREE","D05",2015-07-29,"Live","sapling","Full shade",10,NA,1.4,2.4,NA,NA,"Dirca palustris L.",NA,NA,"2015",NA,"woodland","Dirca palustris L.","eastern leatherwood","Thymelaeaceae","shrub/tree",NA,NA,"wl",-0.7152,1.7029,NA,NA,NA,NA,NA,NA,NA,NA,1.75084529085287,"Check",NA,NA,NA
NA,"DIPA9","NEON.PLA.D05.TREE.00571","TREE_053","TREE","D05",2015-07-27,"Live","sapling","Full shade",10,NA,1.4,3.5,NA,NA,"Dirca palustris L.",NA,NA,"2015",NA,"woodland","Dirca palustris L.","eastern leatherwood","Thymelaeaceae","shrub/tree",NA,NA,"wl",-0.7152,1.7029,NA,NA,NA,NA,NA,NA,NA,NA,2.59205432909152,"Check",NA,NA,NA
NA,"DIPA9","NEON.PLA.D05.TREE.00640","TREE_053","TREE","D05",2015-07-27,"Live","single bole tree","Full shade",130,NA,2.1,2,NA,NA,"Dirca palustris L.",NA,NA,"2015",NA,"woodland","Dirca palustris L.","eastern leatherwood","Thymelaeaceae","shrub/tree",NA,NA,"wl",-0.7152,1.7029,NA,NA,NA,NA,NA,NA,NA,NA,NA,"Check",NA,NA,NA
NA,"DIPA9","NEON.PLA.D05.TREE.00385","TREE_054","TREE","D05",2015-07-30,"Live","sapling","Full shade",10,NA,1,1.6,NA,NA,"Dirca palustris L.",NA,NA,"2015",NA,"woodland","Dirca palustris L.","eastern leatherwood","Thymelaeaceae","shrub/tree",NA,NA,"wl",-0.7152,1.7029,NA,NA,NA,NA,NA,NA,NA,NA,1.14849394850273,"Check",NA,NA,NA
NA,"FRAM2/FRPE","NEON.PLA.D05.TREE.00611","TREE_046","TREE","D05",2015-07-28,"Live","sapling","Full shade",10,NA,0.9,1.2,NA,NA,"Fraxinus americana/pennsylvanica",NA,NA,"2015",NA,NA,NA,NA,NA,NA,NA,NA,NA,NA,NA,NA,NA,NA,NA,NA,NA,NA,NA,0.851537287154131,"Check",NA,NA,NA
NA,"POPUL","NEON.PLA.D05.TREE.05082","TREE_019","TREE","D05",2019-10-30,"Live","small tree",NA,130,NA,8,5.3,NA,NA,"Populus sp.",NA,NA,"2019",NA,"aspen/alder/cottonwood/willow","Populus L.","cottonwood","Salicaceae","tree",NA,0.84,"hw1",-2.2094,2.3867,NA,NA,NA,NA,NA,NA,NA,NA,NA,"Check",3.8759338973178,NA,NA
NA,NA,"NEON.PLA.D05.UNDE.00157","TREE_049","TREE","D05",2021-09-23,"Live","single bole tree","Partially shaded",130,NA,22.1,39.1,NA,NA,NA,NA,NA,"2021",NA,NA,NA,NA,NA,NA,NA,NA,NA,NA,NA,NA,NA,NA,NA,NA,NA,NA,NA,NA,"Check",NA,NA,NA
NA,NA,"NEON.PLA.D05.TREE.00232","TREE_056","TREE","D05",2022-09-20,"Live","single bole tree","Partially shaded",130,NA,19.3,34.4,NA,NA,NA,NA,NA,"2022",NA,NA,NA,NA,NA,NA,NA,NA,NA,NA,NA,NA,NA,NA,NA,NA,NA,NA,NA,NA,"Check",NA,NA,NA
NA,NA,"NEON.PLA.D05.TREE.00232","TREE_056","TREE","D05",2015-07-29,"Live, insect damaged","single bole tree","Partially shaded",130,NA,18.7,33,NA,NA,NA,NA,NA,"2015",NA,NA,NA,NA,NA,NA,NA,NA,NA,NA,NA,NA,NA,NA,NA,NA,NA,NA,NA,NA,"Check",NA,NA,NA
NA,NA,"NEON.PLA.D05.TREE.00232","TREE_056","TREE","D05",2016-09-28,"Live","single bole tree",NA,140,NA,18.7,33.7,NA,NA,NA,NA,NA,"2016",NA,NA,NA,NA,NA,NA,NA,NA,NA,NA,NA,NA,NA,NA,NA,NA,NA,NA,NA,NA,"Check",NA,NA,NA
NA,NA,"NEON.PLA.D05.TREE.00232","TREE_056","TREE","D05",2018-10-09,"Live","single bole tree",NA,130,NA,18.2,33.7,NA,NA,NA,NA,NA,"2018",NA,NA,NA,NA,NA,NA,NA,NA,NA,NA,NA,NA,NA,NA,NA,NA,NA,NA,NA,NA,"Check",NA,NA,NA
NA,NA,"NEON.PLA.D05.TREE.00232","TREE_056","TREE","D05",2021-09-22,"Live","single bole tree","Partially shaded",130,NA,17,34.3,NA,NA,NA,NA,NA,"2021",NA,NA,NA,NA,NA,NA,NA,NA,NA,NA,NA,NA,NA,NA,NA,NA,NA,NA,NA,NA,"Check",NA,NA,NA
NA,NA,"NEON.PLA.D05.TREE.00232","TREE_056","TREE","D05",2017-08-28,"Live","single bole tree",NA,130,NA,18.4,33.6,NA,NA,NA,NA,NA,"2017",NA,NA,NA,NA,NA,NA,NA,NA,NA,NA,NA,NA,NA,NA,NA,NA,NA,NA,NA,NA,"Check",NA,NA,NA
"Abies","ABBA","NEON.PLA.D05.TREE.00632","TREE_053","TREE","D05",2017-08-30,"Live","sapling",NA,NA,10,1.5,NA,2.9,NA,"Abies balsamea (L.) Mill.",NA,NA,"2017",12,"douglas","Abies balsamea (L.) Mill.","balsam fir","Pinaceae","tree","balsamea",0.608,"sw2",-2.2304,2.4435,"AbiesBelow0.35spg","conifer","Conifer",0.33,-2.3123,2.3482,1.87856,0.79034,NA,"Good",NA,NA,13.9283702769755
"Abies","ABBA","NEON.PLA.D05.TREE.02500","TREE_015","TREE","D05",2019-10-24,"Live","sapling",NA,NA,10,1.2,NA,2,NA,"Abies balsamea (L.) Mill.",NA,NA,"2019",12,"douglas","Abies balsamea (L.) Mill.","balsam fir","Pinaceae","tree","balsamea",0.608,"sw2",-2.2304,2.4435,"AbiesBelow0.35spg","conifer","Conifer",0.33,-2.3123,2.3482,1.87856,0.79034,NA,"Good",NA,NA,6.48988902031208
"Abies","ABBA","NEON.PLA.D05.TREE.01618","TREE_039","TREE","D05",2021-09-30,"Live","sapling","Partially shaded",NA,10,0.9,NA,1.5,NA,"Abies balsamea (L.) Mill.",NA,NA,"2021",12,"douglas","Abies balsamea (L.) Mill.","balsam fir","Pinaceae","tree","balsamea",0.608,"sw2",-2.2304,2.4435,"AbiesBelow0.35spg","conifer","Conifer",0.33,-2.3123,2.3482,1.87856,0.79034,NA,"Good",NA,NA,3.28099090855913
"Abies","ABBA","NEON.PLA.D05.TREE.00735","TREE_057","TREE","D05",2018-10-16,"Live","sapling",NA,NA,10,1.7,NA,2.2,NA,"Abies balsamea (L.) Mill.",NA,NA,"2018",12,"douglas","Abies balsamea (L.) Mill.","balsam fir","Pinaceae","tree","balsamea",0.608,"sw2",-2.2304,2.4435,"AbiesBelow0.35spg","conifer","Conifer",0.33,-2.3123,2.3482,1.87856,0.79034,NA,"Good",NA,NA,9.93616407485765
"Abies","ABBA","NEON.PLA.D05.TREE.00144","TREE_046","TREE","D05",2017-09-25,"Live","sapling",NA,NA,10,0.8,NA,2.7,NA,"Abies balsamea (L.) Mill.",NA,NA,"2017",12,"douglas","Abies balsamea (L.) Mill.","balsam fir","Pinaceae","tree","balsamea",0.608,"sw2",-2.2304,2.4435,"AbiesBelow0.35spg","conifer","Conifer",0.33,-2.3123,2.3482,1.87856,0.79034,NA,"Good",NA,NA,7.5697456270403
"Abies","ABBA","NEON.PLA.D05.TREE.03865","TREE_045","TREE","D05",2018-10-17,"Live","sapling",NA,NA,10,1,NA,1.1,NA,"Abies balsamea (L.) Mill.",NA,NA,"2018",12,"douglas","Abies balsamea (L.) Mill.","balsam fir","Pinaceae","tree","balsamea",0.608,"sw2",-2.2304,2.4435,"AbiesBelow0.35spg","conifer","Conifer",0.33,-2.3123,2.3482,1.87856,0.79034,NA,"Good",NA,NA,2.18400516086407
"Abies","ABBA","NEON.PLA.D05.TREE.01617","TREE_039","TREE","D05",2021-09-30,"Live","sapling","Full sun",NA,10,1.4,NA,2,NA,"Abies balsamea (L.) Mill.",NA,NA,"2021",12,"douglas","Abies balsamea (L.) Mill.","balsam fir","Pinaceae","tree","balsamea",0.608,"sw2",-2.2304,2.4435,"AbiesBelow0.35spg","conifer","Conifer",0.33,-2.3123,2.3482,1.87856,0.79034,NA,"Good",NA,NA,7.33074302742018
"Abies","ABBA","NEON.PLA.D05.TREE.00735","TREE_057","TREE","D05",2016-10-18,"Live","sapling",NA,NA,10,1.2,NA,2,NA,"Abies balsamea (L.) Mill.",NA,NA,"2016",12,"douglas","Abies balsamea (L.) Mill.","balsam fir","Pinaceae","tree","balsamea",0.608,"sw2",-2.2304,2.4435,"AbiesBelow0.35spg","conifer","Conifer",0.33,-2.3123,2.3482,1.87856,0.79034,NA,"Good",NA,NA,6.48988902031208
"Abies","ABBA","NEON.PLA.D05.TREE.01498","TREE_045","TREE","D05",2016-10-18,"Live","sapling",NA,NA,10,1.5,NA,2.3,NA,"Abies balsamea (L.) Mill.",NA,NA,"2016",12,"douglas","Abies balsamea (L.) Mill.","balsam fir","Pinaceae","tree","balsamea",0.608,"sw2",-2.2304,2.4435,"AbiesBelow0.35spg","conifer","Conifer",0.33,-2.3123,2.3482,1.87856,0.79034,NA,"Good",NA,NA,9.65546051588695
"Abies","ABBA","NEON.PLA.D05.TREE.00989","TREE_039","TREE","D05",2018-10-17,"Live","sapling",NA,NA,10,1.4,NA,2.2,NA,"Abies balsamea (L.) Mill.",NA,NA,"2018",12,"douglas","Abies balsamea (L.) Mill.","balsam fir","Pinaceae","tree","balsamea",0.608,"sw2",-2.2304,2.4435,"AbiesBelow0.35spg","conifer","Conifer",0.33,-2.3123,2.3482,1.87856,0.79034,NA,"Good",NA,NA,8.5226879124723
"Abies","ABBA","NEON.PLA.D05.TREE.02478","TREE_023","TREE","D05",2018-05-08,"Live","sapling",NA,NA,10,NA,NA,1.9,NA,"Abies balsamea (L.) Mill.",NA,NA,"2018",12,"douglas","Abies balsamea (L.) Mill.","balsam fir","Pinaceae","tree","balsamea",0.608,"sw2",-2.2304,2.4435,"AbiesBelow0.35spg","conifer","Conifer",0.33,-2.3123,2.3482,1.87856,0.79034,NA,"Check",NA,NA,NA
"Abies","ABBA","NEON.PLA.D05.TREE.00368","TREE_025","TREE","D05",2016-10-18,"Live","sapling",NA,NA,10,1.7,NA,2.9,NA,"Abies balsamea (L.) Mill.",NA,NA,"2016",12,"douglas","Abies balsamea (L.) Mill.","balsam fir","Pinaceae","tree","balsamea",0.608,"sw2",-2.2304,2.4435,"AbiesBelow0.35spg","conifer","Conifer",0.33,-2.3123,2.3482,1.87856,0.79034,NA,"Good",NA,NA,15.376636170028
"Abies","ABBA","NEON.PLA.D05.TREE.00453","TREE_051","TREE","D05",2018-10-09,"Live","sapling",NA,NA,10,1.6,NA,2.5,NA,"Abies balsamea (L.) Mill.",NA,NA,"2018",12,"douglas","Abies balsamea (L.) Mill.","balsam fir","Pinaceae","tree","balsamea",0.608,"sw2",-2.2304,2.4435,"AbiesBelow0.35spg","conifer","Conifer",0.33,-2.3123,2.3482,1.87856,0.79034,NA,"Good",NA,NA,11.5921787880208
"Abies","ABBA","NEON.PLA.D05.TREE.01378","TREE_039","TREE","D05",2020-10-01,"Live","sapling","Mostly shaded",NA,10,1.2,NA,1.7,NA,"Abies balsamea (L.) Mill.",NA,NA,"2020",12,"douglas","Abies balsamea (L.) Mill.","balsam fir","Pinaceae","tree","balsamea",0.608,"sw2",-2.2304,2.4435,"AbiesBelow0.35spg","conifer","Conifer",0.33,-2.3123,2.3482,1.87856,0.79034,NA,"Good",NA,NA,5.01962389200376
"Abies","ABBA","NEON.PLA.D05.TREE.01378","TREE_039","TREE","D05",2021-09-30,"Live","sapling","Mostly shaded",NA,10,1.2,NA,1.8,NA,"Abies balsamea (L.) Mill.",NA,NA,"2021",12,"douglas","Abies balsamea (L.) Mill.","balsam fir","Pinaceae","tree","balsamea",0.608,"sw2",-2.2304,2.4435,"AbiesBelow0.35spg","conifer","Conifer",0.33,-2.3123,2.3482,1.87856,0.79034,NA,"Good",NA,NA,5.49426142667611
"Abies","ABBA","NEON.PLA.D05.TREE.00638","TREE_046","TREE","D05",2018-10-10,"Live","sapling",NA,NA,10,1.1,NA,1.9,NA,"Abies balsamea (L.) Mill.",NA,NA,"2018",12,"douglas","Abies balsamea (L.) Mill.","balsam fir","Pinaceae","tree","balsamea",0.608,"sw2",-2.2304,2.4435,"AbiesBelow0.35spg","conifer","Conifer",0.33,-2.3123,2.3482,1.87856,0.79034,NA,"Good",NA,NA,5.58675475689024
"Abies","ABBA","NEON.PLA.D05.TREE.03123","TREE_004","TREE","D05",2018-05-02,"Live","sapling",NA,NA,10,NA,NA,1.2,NA,"Abies balsamea (L.) Mill.",NA,NA,"2018",12,"douglas","Abies balsamea (L.) Mill.","balsam fir","Pinaceae","tree","balsamea",0.608,"sw2",-2.2304,2.4435,"AbiesBelow0.35spg","conifer","Conifer",0.33,-2.3123,2.3482,1.87856,0.79034,NA,"Check",NA,NA,NA
"Abies","ABBA","NEON.PLA.D05.TREE.03124","TREE_004","TREE","D05",2018-05-02,"Live","sapling",NA,NA,10,NA,NA,2,NA,"Abies balsamea (L.) Mill.",NA,NA,"2018",12,"douglas","Abies balsamea (L.) Mill.","balsam fir","Pinaceae","tree","balsamea",0.608,"sw2",-2.2304,2.4435,"AbiesBelow0.35spg","conifer","Conifer",0.33,-2.3123,2.3482,1.87856,0.79034,NA,"Check",NA,NA,NA
"Abies","ABBA","NEON.PLA.D05.TREE.00293","TREE_050","TREE","D05",2017-08-30,"Live","sapling",NA,NA,10,1.6,NA,1.9,NA,"Abies balsamea (L.) Mill.",NA,NA,"2017",12,"douglas","Abies balsamea (L.) Mill.","balsam fir","Pinaceae","tree","balsamea",0.608,"sw2",-2.2304,2.4435,"AbiesBelow0.35spg","conifer","Conifer",0.33,-2.3123,2.3482,1.87856,0.79034,NA,"Good",NA,NA,7.51224078694793
"Abies","ABBA","NEON.PLA.D05.TREE.03440","TREE_023","TREE","D05",2019-11-04,"Live","sapling",NA,NA,10,1.5,NA,2.1,NA,"Abies balsamea (L.) Mill.",NA,NA,"2019",12,"douglas","Abies balsamea (L.) Mill.","balsam fir","Pinaceae","tree","balsamea",0.608,"sw2",-2.2304,2.4435,"AbiesBelow0.35spg","conifer","Conifer",0.33,-2.3123,2.3482,1.87856,0.79034,NA,"Good",NA,NA,8.36224006454533
"Abies","ABBA","NEON.PLA.D05.TREE.03441","TREE_023","TREE","D05",2018-05-08,"Live","sapling",NA,NA,10,NA,NA,1.9,NA,"Abies balsamea (L.) Mill.",NA,NA,"2018",12,"douglas","Abies balsamea (L.) Mill.","balsam fir","Pinaceae","tree","balsamea",0.608,"sw2",-2.2304,2.4435,"AbiesBelow0.35spg","conifer","Conifer",0.33,-2.3123,2.3482,1.87856,0.79034,NA,"Check",NA,NA,NA
"Abies","ABBA","NEON.PLA.D05.TREE.01677","TREE_039","TREE","D05",2020-10-01,"Live","sapling","Full shade",NA,10,0.7,NA,1.2,NA,"Abies balsamea (L.) Mill.",NA,NA,"2020",12,"douglas","Abies balsamea (L.) Mill.","balsam fir","Pinaceae","tree","balsamea",0.608,"sw2",-2.2304,2.4435,"AbiesBelow0.35spg","conifer","Conifer",0.33,-2.3123,2.3482,1.87856,0.79034,NA,"Good",NA,NA,1.89042767983593
"Abies","ABBA","NEON.PLA.D05.TREE.01677","TREE_039","TREE","D05",2021-09-30,"Live","sapling","Partially shaded",NA,10,1,NA,1.5,NA,"Abies balsamea (L.) Mill.",NA,NA,"2021",12,"douglas","Abies balsamea (L.) Mill.","balsam fir","Pinaceae","tree","balsamea",0.608,"sw2",-2.2304,2.4435,"AbiesBelow0.35spg","conifer","Conifer",0.33,-2.3123,2.3482,1.87856,0.79034,NA,"Good",NA,NA,3.56589870401389
"Abies","ABBA","NEON.PLA.D05.TREE.03864","TREE_045","TREE","D05",2017-10-19,"Live","sapling",NA,NA,10,0.6,NA,1.1,NA,"Abies balsamea (L.) Mill.",NA,NA,"2017",12,"douglas","Abies balsamea (L.) Mill.","balsam fir","Pinaceae","tree","balsamea",0.608,"sw2",-2.2304,2.4435,"AbiesBelow0.35spg","conifer","Conifer",0.33,-2.3123,2.3482,1.87856,0.79034,NA,"Good",NA,NA,1.45853790267786
"Abies","ABBA","NEON.PLA.D05.TREE.00989","TREE_039","TREE","D05",2017-10-17,"Live","sapling",NA,NA,10,1.4,NA,2.3,NA,"Abies balsamea (L.) Mill.",NA,NA,"2017",12,"douglas","Abies balsamea (L.) Mill.","balsam fir","Pinaceae","tree","balsamea",0.608,"sw2",-2.2304,2.4435,"AbiesBelow0.35spg","conifer","Conifer",0.33,-2.3123,2.3482,1.87856,0.79034,NA,"Good",NA,NA,9.14306607349736
"Abies","ABBA","NEON.PLA.D05.TREE.00445","TREE_051","TREE","D05",2017-09-26,"Live","sapling",NA,NA,10,1.6,NA,2.2,NA,"Abies balsamea (L.) Mill.",NA,NA,"2017",12,"douglas","Abies balsamea (L.) Mill.","balsam fir","Pinaceae","tree","balsamea",0.608,"sw2",-2.2304,2.4435,"AbiesBelow0.35spg","conifer","Conifer",0.33,-2.3123,2.3482,1.87856,0.79034,NA,"Good",NA,NA,9.47130758873726
"Abies","ABBA","NEON.PLA.D05.TREE.03865","TREE_045","TREE","D05",2017-10-19,"Live","sapling",NA,NA,10,0.7,NA,1,NA,"Abies balsamea (L.) Mill.",NA,NA,"2017",12,"douglas","Abies balsamea (L.) Mill.","balsam fir","Pinaceae","tree","balsamea",0.608,"sw2",-2.2304,2.4435,"AbiesBelow0.35spg","conifer","Conifer",0.33,-2.3123,2.3482,1.87856,0.79034,NA,"Good",NA,NA,1.41709790391019
"Abies","ABBA","NEON.PLA.D05.TREE.03872","TREE_040","TREE","D05",2017-10-19,"Live","sapling",NA,NA,10,0.7,NA,1.4,NA,"Abies balsamea (L.) Mill.",NA,NA,"2017",12,"douglas","Abies balsamea (L.) Mill.","balsam fir","Pinaceae","tree","balsamea",0.608,"sw2",-2.2304,2.4435,"AbiesBelow0.35spg","conifer","Conifer",0.33,-2.3123,2.3482,1.87856,0.79034,NA,"Good",NA,NA,2.41202341297483
"Abies","ABBA","NEON.PLA.D05.TREE.00577","TREE_055","TREE","D05",2016-09-27,"Live","sapling",NA,NA,10,1.3,NA,2.8,NA,"Abies balsamea (L.) Mill.",NA,NA,"2016",12,"douglas","Abies balsamea (L.) Mill.","balsam fir","Pinaceae","tree","balsamea",0.608,"sw2",-2.2304,2.4435,"AbiesBelow0.35spg","conifer","Conifer",0.33,-2.3123,2.3482,1.87856,0.79034,NA,"Good",NA,NA,11.7677332898904
"Abies","ABBA","NEON.PLA.D05.TREE.02474","TREE_023","TREE","D05",2018-05-08,"Live","sapling",NA,NA,10,NA,NA,1.5,NA,"Abies balsamea (L.) Mill.",NA,NA,"2018",12,"douglas","Abies balsamea (L.) Mill.","balsam fir","Pinaceae","tree","balsamea",0.608,"sw2",-2.2304,2.4435,"AbiesBelow0.35spg","conifer","Conifer",0.33,-2.3123,2.3482,1.87856,0.79034,NA,"Check",NA,NA,NA
"Abies","ABBA","NEON.PLA.D05.TREE.03874","TREE_039","TREE","D05",2019-10-23,"Live","sapling",NA,NA,10,1.6,NA,2.5,NA,"Abies balsamea (L.) Mill.",NA,NA,"2019",12,"douglas","Abies balsamea (L.) Mill.","balsam fir","Pinaceae","tree","balsamea",0.608,"sw2",-2.2304,2.4435,"AbiesBelow0.35spg","conifer","Conifer",0.33,-2.3123,2.3482,1.87856,0.79034,NA,"Good",NA,NA,11.5921787880208
"Abies","ABBA","NEON.PLA.D05.TREE.03486","TREE_057","TREE","D05",2018-10-16,"Live","sapling",NA,NA,10,1.4,NA,2.4,NA,"Abies balsamea (L.) Mill.",NA,NA,"2018",12,"douglas","Abies balsamea (L.) Mill.","balsam fir","Pinaceae","tree","balsamea",0.608,"sw2",-2.2304,2.4435,"AbiesBelow0.35spg","conifer","Conifer",0.33,-2.3123,2.3482,1.87856,0.79034,NA,"Good",NA,NA,9.77930988011514
"Abies","ABBA","NEON.PLA.D05.TREE.00709","TREE_052","TREE","D05",2016-09-29,"Live","sapling",NA,NA,10,1.4,NA,2.9,NA,"Abies balsamea (L.) Mill.",NA,NA,"2016",12,"douglas","Abies balsamea (L.) Mill.","balsam fir","Pinaceae","tree","balsamea",0.608,"sw2",-2.2304,2.4435,"AbiesBelow0.35spg","conifer","Conifer",0.33,-2.3123,2.3482,1.87856,0.79034,NA,"Good",NA,NA,13.1892217392414
"Abies","ABBA","NEON.PLA.D05.TREE.00293","TREE_050","TREE","D05",2018-08-29,"Standing dead","sapling",NA,NA,10,1.6,NA,1.9,NA,"Abies balsamea (L.) Mill.",NA,NA,"2018",12,"douglas","Abies balsamea (L.) Mill.","balsam fir","Pinaceae","tree","balsamea",0.608,"sw2",-2.2304,2.4435,"AbiesBelow0.35spg","conifer","Conifer",0.33,-2.3123,2.3482,1.87856,0.79034,NA,"Good",NA,NA,7.51224078694793
"Abies","ABBA","NEON.PLA.D05.TREE.00735","TREE_057","TREE","D05",2017-10-17,"Live","sapling",NA,NA,10,1.5,NA,2.2,NA,"Abies balsamea (L.) Mill.",NA,NA,"2017",12,"douglas","Abies balsamea (L.) Mill.","balsam fir","Pinaceae","tree","balsamea",0.608,"sw2",-2.2304,2.4435,"AbiesBelow0.35spg","conifer","Conifer",0.33,-2.3123,2.3482,1.87856,0.79034,NA,"Good",NA,NA,9.00031520789677
"Abies","ABBA","NEON.PLA.D05.TREE.00144","TREE_046","TREE","D05",2021-09-21,"Live,  other damage","sapling","Full shade",NA,10,1.1,NA,2.9,NA,"Abies balsamea (L.) Mill.",NA,NA,"2021",12,"douglas","Abies balsamea (L.) Mill.","balsam fir","Pinaceae","tree","balsamea",0.608,"sw2",-2.2304,2.4435,"AbiesBelow0.35spg","conifer","Conifer",0.33,-2.3123,2.3482,1.87856,0.79034,NA,"Good",NA,NA,10.900404963455
"Abies","ABBA","NEON.PLA.D05.TREE.00228","TREE_050","TREE","D05",2016-09-29,"Live","sapling",NA,NA,10,1.3,NA,1.6,NA,"Abies balsamea (L.) Mill.",NA,NA,"2016",12,"douglas","Abies balsamea (L.) Mill.","balsam fir","Pinaceae","tree","balsamea",0.608,"sw2",-2.2304,2.4435,"AbiesBelow0.35spg","conifer","Conifer",0.33,-2.3123,2.3482,1.87856,0.79034,NA,"Good",NA,NA,4.858782224167
"Abies","ABBA","NEON.PLA.D05.TREE.00638","TREE_046","TREE","D05",2021-09-21,"Live","sapling","Full shade",NA,10,1.8,NA,2.9,NA,"Abies balsamea (L.) Mill.",NA,NA,"2021",12,"douglas","Abies balsamea (L.) Mill.","balsam fir","Pinaceae","tree","balsamea",0.608,"sw2",-2.2304,2.4435,"AbiesBelow0.35spg","conifer","Conifer",0.33,-2.3123,2.3482,1.87856,0.79034,NA,"Good",NA,NA,16.0871980962083
"Abies","ABBA","NEON.PLA.D05.TREE.02494","TREE_015","TREE","D05",2019-10-24,"Live","sapling",NA,NA,10,0.9,NA,1.9,NA,"Abies balsamea (L.) Mill.",NA,NA,"2019",12,"douglas","Abies balsamea (L.) Mill.","balsam fir","Pinaceae","tree","balsamea",0.608,"sw2",-2.2304,2.4435,"AbiesBelow0.35spg","conifer","Conifer",0.33,-2.3123,2.3482,1.87856,0.79034,NA,"Good",NA,NA,4.76739720549991
"Abies","ABBA","NEON.PLA.D05.TREE.00638","TREE_046","TREE","D05",2022-09-20,"Live, broken bole","sapling","Mostly shaded",NA,10,0.8,NA,3,NA,"Abies balsamea (L.) Mill.",NA,NA,"2022",12,"douglas","Abies balsamea (L.) Mill.","balsam fir","Pinaceae","tree","balsamea",0.608,"sw2",-2.2304,2.4435,"AbiesBelow0.35spg","conifer","Conifer",0.33,-2.3123,2.3482,1.87856,0.79034,NA,"Good",NA,NA,8.94147642719737
"Abies","ABBA","NEON.PLA.D05.TREE.00144","TREE_046","TREE","D05",2018-10-10,"Live","sapling",NA,NA,10,0.7,NA,2.4,NA,"Abies balsamea (L.) Mill.",NA,NA,"2018",12,"douglas","Abies balsamea (L.) Mill.","balsam fir","Pinaceae","tree","balsamea",0.608,"sw2",-2.2304,2.4435,"AbiesBelow0.35spg","conifer","Conifer",0.33,-2.3123,2.3482,1.87856,0.79034,NA,"Good",NA,NA,5.65447334553322
"Abies","ABBA","NEON.PLA.D05.TREE.01378","TREE_039","TREE","D05",2017-10-17,"Live","sapling",NA,NA,10,1.2,NA,1.7,NA,"Abies balsamea (L.) Mill.",NA,NA,"2017",12,"douglas","Abies balsamea (L.) Mill.","balsam fir","Pinaceae","tree","balsamea",0.608,"sw2",-2.2304,2.4435,"AbiesBelow0.35spg","conifer","Conifer",0.33,-2.3123,2.3482,1.87856,0.79034,NA,"Good",NA,NA,5.01962389200376
"Abies","ABBA","NEON.PLA.D05.TREE.00144","TREE_046","TREE","D05",2016-09-29,"Live","sapling",NA,NA,10,0.8,NA,2.4,NA,"Abies balsamea (L.) Mill.",NA,NA,"2016",12,"douglas","Abies balsamea (L.) Mill.","balsam fir","Pinaceae","tree","balsamea",0.608,"sw2",-2.2304,2.4435,"AbiesBelow0.35spg","conifer","Conifer",0.33,-2.3123,2.3482,1.87856,0.79034,NA,"Good",NA,NA,6.28384576061824
"Abies","ABBA","NEON.PLA.D05.TREE.00293","TREE_050","TREE","D05",2016-09-29,"Live","sapling",NA,NA,10,1.6,NA,2.8,NA,"Abies balsamea (L.) Mill.",NA,NA,"2016",12,"douglas","Abies balsamea (L.) Mill.","balsam fir","Pinaceae","tree","balsamea",0.608,"sw2",-2.2304,2.4435,"AbiesBelow0.35spg","conifer","Conifer",0.33,-2.3123,2.3482,1.87856,0.79034,NA,"Good",NA,NA,13.866377355394
"Abies","ABBA","NEON.PLA.D05.TREE.00392","TREE_051","TREE","D05",2018-10-09,"Live","sapling",NA,NA,10,0.7,NA,2.4,NA,"Abies balsamea (L.) Mill.",NA,NA,"2018",12,"douglas","Abies balsamea (L.) Mill.","balsam fir","Pinaceae","tree","balsamea",0.608,"sw2",-2.2304,2.4435,"AbiesBelow0.35spg","conifer","Conifer",0.33,-2.3123,2.3482,1.87856,0.79034,NA,"Good",NA,NA,5.65447334553322
"Abies","ABBA","NEON.PLA.D05.TREE.00391","TREE_054","TREE","D05",2017-08-30,"Live","sapling",NA,NA,10,1.4,NA,1.8,NA,"Abies balsamea (L.) Mill.",NA,NA,"2017",12,"douglas","Abies balsamea (L.) Mill.","balsam fir","Pinaceae","tree","balsamea",0.608,"sw2",-2.2304,2.4435,"AbiesBelow0.35spg","conifer","Conifer",0.33,-2.3123,2.3482,1.87856,0.79034,NA,"Good",NA,NA,6.20611824306554
"Abies","ABBA","NEON.PLA.D05.TREE.00392","TREE_051","TREE","D05",2016-09-28,"Live","sapling",NA,NA,10,0.6,NA,2.6,NA,"Abies balsamea (L.) Mill.",NA,NA,"2016",12,"douglas","Abies balsamea (L.) Mill.","balsam fir","Pinaceae","tree","balsamea",0.608,"sw2",-2.2304,2.4435,"AbiesBelow0.35spg","conifer","Conifer",0.33,-2.3123,2.3482,1.87856,0.79034,NA,"Good",NA,NA,5.68105771790981
"Abies","ABBA","NEON.PLA.D05.TREE.00709","TREE_052","TREE","D05",2018-08-29,"Live","sapling",NA,NA,10,1.5,NA,2.6,NA,"Abies balsamea (L.) Mill.",NA,NA,"2018",12,"douglas","Abies balsamea (L.) Mill.","balsam fir","Pinaceae","tree","balsamea",0.608,"sw2",-2.2304,2.4435,"AbiesBelow0.35spg","conifer","Conifer",0.33,-2.3123,2.3482,1.87856,0.79034,NA,"Good",NA,NA,11.7202562748894
"Abies","ABBA","NEON.PLA.D05.TREE.00392","TREE_051","TREE","D05",2017-09-26,"Live","sapling",NA,NA,10,0.8,NA,2.3,NA,"Abies balsamea (L.) Mill.",NA,NA,"2017",12,"douglas","Abies balsamea (L.) Mill.","balsam fir","Pinaceae","tree","balsamea",0.608,"sw2",-2.2304,2.4435,"AbiesBelow0.35spg","conifer","Conifer",0.33,-2.3123,2.3482,1.87856,0.79034,NA,"Good",NA,NA,5.87501753082012
"Abies","ABBA","NEON.PLA.D05.TREE.00186","TREE_055","TREE","D05",2016-09-27,"Live","sapling",NA,NA,10,1,NA,2.2,NA,"Abies balsamea (L.) Mill.",NA,NA,"2016",12,"douglas","Abies balsamea (L.) Mill.","balsam fir","Pinaceae","tree","balsamea",0.608,"sw2",-2.2304,2.4435,"AbiesBelow0.35spg","conifer","Conifer",0.33,-2.3123,2.3482,1.87856,0.79034,NA,"Good",NA,NA,6.53259529594102
"Abies","ABBA","NEON.PLA.D05.TREE.09853","TREE_054","TREE","D05",2022-09-07,"Live, physically damaged","sapling","Full shade",NA,10,0.7,NA,1.1,NA,"Abies balsamea (L.) Mill.",NA,NA,"2022",12,"douglas","Abies balsamea (L.) Mill.","balsam fir","Pinaceae","tree","balsamea",0.608,"sw2",-2.2304,2.4435,"AbiesBelow0.35spg","conifer","Conifer",0.33,-2.3123,2.3482,1.87856,0.79034,NA,"Good",NA,NA,1.64751146388164
"Abies","ABBA","NEON.PLA.D05.TREE.00214","TREE_050","TREE","D05",2017-08-30,"Live","sapling",NA,NA,10,1.4,NA,2.1,NA,"Abies balsamea (L.) Mill.",NA,NA,"2017",12,"douglas","Abies balsamea (L.) Mill.","balsam fir","Pinaceae","tree","balsamea",0.608,"sw2",-2.2304,2.4435,"AbiesBelow0.35spg","conifer","Conifer",0.33,-2.3123,2.3482,1.87856,0.79034,NA,"Good",NA,NA,7.91847403930494
"Abies","ABBA","NEON.PLA.D05.TREE.00293","TREE_050","TREE","D05",2021-10-06,"Standing dead","sapling","Full shade",NA,10,1.6,NA,2,NA,"Abies balsamea (L.) Mill.",NA,NA,"2021",12,"douglas","Abies balsamea (L.) Mill.","balsam fir","Pinaceae","tree","balsamea",0.608,"sw2",-2.2304,2.4435,"AbiesBelow0.35spg","conifer","Conifer",0.33,-2.3123,2.3482,1.87856,0.79034,NA,"Good",NA,NA,8.14669301278527
"Abies","ABBA","NEON.PLA.D05.TREE.03246","TREE_023","TREE","D05",2019-11-04,"Live","sapling",NA,NA,10,0.5,NA,1.2,NA,"Abies balsamea (L.) Mill.",NA,NA,"2019",12,"douglas","Abies balsamea (L.) Mill.","balsam fir","Pinaceae","tree","balsamea",0.608,"sw2",-2.2304,2.4435,"AbiesBelow0.35spg","conifer","Conifer",0.33,-2.3123,2.3482,1.87856,0.79034,NA,"Good",NA,NA,1.44900283753679
"Abies","ABBA","NEON.PLA.D05.TREE.01646","TREE_056","TREE","D05",2022-09-21,"Live","sapling","Mostly shaded",NA,10,1.1,NA,1.9,NA,"Abies balsamea (L.) Mill.",NA,NA,"2022",12,"douglas","Abies balsamea (L.) Mill.","balsam fir","Pinaceae","tree","balsamea",0.608,"sw2",-2.2304,2.4435,"AbiesBelow0.35spg","conifer","Conifer",0.33,-2.3123,2.3482,1.87856,0.79034,NA,"Good",NA,NA,5.58675475689024
"Abies","ABBA","NEON.PLA.D05.TREE.00378","TREE_054","TREE","D05",2018-10-09,"Live, disease damaged","sapling",NA,NA,10,1.5,NA,2.1,NA,"Abies balsamea (L.) Mill.",NA,NA,"2018",12,"douglas","Abies balsamea (L.) Mill.","balsam fir","Pinaceae","tree","balsamea",0.608,"sw2",-2.2304,2.4435,"AbiesBelow0.35spg","conifer","Conifer",0.33,-2.3123,2.3482,1.87856,0.79034,NA,"Good",NA,NA,8.36224006454533
"Abies","ABBA","NEON.PLA.D05.TREE.00727","TREE_052","TREE","D05",2018-08-29,"Live","sapling",NA,NA,10,0.7,NA,1.3,NA,"Abies balsamea (L.) Mill.",NA,NA,"2018",12,"douglas","Abies balsamea (L.) Mill.","balsam fir","Pinaceae","tree","balsamea",0.608,"sw2",-2.2304,2.4435,"AbiesBelow0.35spg","conifer","Conifer",0.33,-2.3123,2.3482,1.87856,0.79034,NA,"Good",NA,NA,2.14539781401982
"Abies","ABBA","NEON.PLA.D05.TREE.00471","TREE_052","TREE","D05",2017-09-26,"Live","sapling",NA,NA,10,1.4,NA,2.4,NA,"Abies balsamea (L.) Mill.",NA,NA,"2017",12,"douglas","Abies balsamea (L.) Mill.","balsam fir","Pinaceae","tree","balsamea",0.608,"sw2",-2.2304,2.4435,"AbiesBelow0.35spg","conifer","Conifer",0.33,-2.3123,2.3482,1.87856,0.79034,NA,"Good",NA,NA,9.77930988011514
"Abies","ABBA","NEON.PLA.D05.TREE.01652","TREE_056","TREE","D05",2022-09-21,"Live","sapling","Full shade",NA,10,0.8,NA,1.5,NA,"Abies balsamea (L.) Mill.",NA,NA,"2022",12,"douglas","Abies balsamea (L.) Mill.","balsam fir","Pinaceae","tree","balsamea",0.608,"sw2",-2.2304,2.4435,"AbiesBelow0.35spg","conifer","Conifer",0.33,-2.3123,2.3482,1.87856,0.79034,NA,"Good",NA,NA,2.9893525892959
"Abies","ABBA","NEON.PLA.D05.TREE.01654","TREE_056","TREE","D05",2022-09-21,"Live","sapling","Mostly shaded",NA,10,1,NA,1.7,NA,"Abies balsamea (L.) Mill.",NA,NA,"2022",12,"douglas","Abies balsamea (L.) Mill.","balsam fir","Pinaceae","tree","balsamea",0.608,"sw2",-2.2304,2.4435,"AbiesBelow0.35spg","conifer","Conifer",0.33,-2.3123,2.3482,1.87856,0.79034,NA,"Good",NA,NA,4.34601350719115
"Abies","ABBA","NEON.PLA.D05.TREE.03168","TREE_057","TREE","D05",2017-10-17,"Live","sapling",NA,NA,10,1.5,NA,1.9,NA,"Abies balsamea (L.) Mill.",NA,NA,"2017",12,"douglas","Abies balsamea (L.) Mill.","balsam fir","Pinaceae","tree","balsamea",0.608,"sw2",-2.2304,2.4435,"AbiesBelow0.35spg","conifer","Conifer",0.33,-2.3123,2.3482,1.87856,0.79034,NA,"Good",NA,NA,7.13866954131559
"Abies","ABBA","NEON.PLA.D05.TREE.03456","TREE_023","TREE","D05",2019-11-04,"Live","sapling",NA,NA,10,1.3,NA,2,NA,"Abies balsamea (L.) Mill.",NA,NA,"2019",12,"douglas","Abies balsamea (L.) Mill.","balsam fir","Pinaceae","tree","balsamea",0.608,"sw2",-2.2304,2.4435,"AbiesBelow0.35spg","conifer","Conifer",0.33,-2.3123,2.3482,1.87856,0.79034,NA,"Good",NA,NA,6.91370991225611
"Abies","ABBA","NEON.PLA.D05.TREE.00966","TREE_057","TREE","D05",2017-10-17,"Live","sapling",NA,NA,20,1.7,NA,2.3,NA,"Abies balsamea (L.) Mill.",NA,NA,"2017",12,"douglas","Abies balsamea (L.) Mill.","balsam fir","Pinaceae","tree","balsamea",0.608,"sw2",-2.2304,2.4435,"AbiesBelow0.35spg","conifer","Conifer",0.33,-2.3123,2.3482,1.87856,0.79034,NA,"Good",NA,NA,10.659431107478
"Abies","ABBA","NEON.PLA.D05.TREE.00213","TREE_050","TREE","D05",2018-08-29,"Standing dead","sapling",NA,NA,10,1.3,NA,1.7,NA,"Abies balsamea (L.) Mill.",NA,NA,"2018",12,"douglas","Abies balsamea (L.) Mill.","balsam fir","Pinaceae","tree","balsamea",0.608,"sw2",-2.2304,2.4435,"AbiesBelow0.35spg","conifer","Conifer",0.33,-2.3123,2.3482,1.87856,0.79034,NA,"Good",NA,NA,5.34742941663973
"Abies","ABBA","NEON.PLA.D05.TREE.00213","TREE_050","TREE","D05",2017-08-30,"Live","sapling",NA,NA,10,1.3,NA,1.8,NA,"Abies balsamea (L.) Mill.",NA,NA,"2017",12,"douglas","Abies balsamea (L.) Mill.","balsam fir","Pinaceae","tree","balsamea",0.608,"sw2",-2.2304,2.4435,"AbiesBelow0.35spg","conifer","Conifer",0.33,-2.3123,2.3482,1.87856,0.79034,NA,"Good",NA,NA,5.85306305966853
"Abies","ABBA","NEON.PLA.D05.TREE.00213","TREE_050","TREE","D05",2021-10-06,"Standing dead","sapling","Full shade",NA,10,1.3,NA,1.5,NA,"Abies balsamea (L.) Mill.",NA,NA,"2021",12,"douglas","Abies balsamea (L.) Mill.","balsam fir","Pinaceae","tree","balsamea",0.608,"sw2",-2.2304,2.4435,"AbiesBelow0.35spg","conifer","Conifer",0.33,-2.3123,2.3482,1.87856,0.79034,NA,"Good",NA,NA,4.38755921836179
"Abies","ABBA","NEON.PLA.D05.TREE.00214","TREE_050","TREE","D05",2018-08-29,"Live","sapling",NA,NA,10,1.5,NA,2.4,NA,"Abies balsamea (L.) Mill.",NA,NA,"2018",12,"douglas","Abies balsamea (L.) Mill.","balsam fir","Pinaceae","tree","balsamea",0.608,"sw2",-2.2304,2.4435,"AbiesBelow0.35spg","conifer","Conifer",0.33,-2.3123,2.3482,1.87856,0.79034,NA,"Good",NA,NA,10.3273606097825
"Abies","ABBA","NEON.PLA.D05.TREE.00214","TREE_050","TREE","D05",2016-09-29,"Live","sapling",NA,NA,10,1.4,NA,1.9,NA,"Abies balsamea (L.) Mill.",NA,NA,"2016",12,"douglas","Abies balsamea (L.) Mill.","balsam fir","Pinaceae","tree","balsamea",0.608,"sw2",-2.2304,2.4435,"AbiesBelow0.35spg","conifer","Conifer",0.33,-2.3123,2.3482,1.87856,0.79034,NA,"Good",NA,NA,6.75983576192128
"Abies","ABBA","NEON.PLA.D05.TREE.01678","TREE_039","TREE","D05",2020-10-01,"Live","sapling","Full shade",NA,10,0.7,NA,1,NA,"Abies balsamea (L.) Mill.",NA,NA,"2020",12,"douglas","Abies balsamea (L.) Mill.","balsam fir","Pinaceae","tree","balsamea",0.608,"sw2",-2.2304,2.4435,"AbiesBelow0.35spg","conifer","Conifer",0.33,-2.3123,2.3482,1.87856,0.79034,NA,"Good",NA,NA,1.41709790391019
"Abies","ABBA","NEON.PLA.D05.TREE.03872","TREE_040","TREE","D05",2021-10-05,"Live","sapling","Full shade",NA,11,1.1,NA,1.9,NA,"Abies balsamea (L.) Mill.",NA,NA,"2021",12,"douglas","Abies balsamea (L.) Mill.","balsam fir","Pinaceae","tree","balsamea",0.608,"sw2",-2.2304,2.4435,"AbiesBelow0.35spg","conifer","Conifer",0.33,-2.3123,2.3482,1.87856,0.79034,NA,"Good",NA,NA,5.58675475689024
"Abies","ABBA","NEON.PLA.D05.TREE.00391","TREE_054","TREE","D05",2018-10-09,"Standing dead","sapling",NA,NA,10,1.3,NA,1.6,NA,"Abies balsamea (L.) Mill.",NA,NA,"2018",12,"douglas","Abies balsamea (L.) Mill.","balsam fir","Pinaceae","tree","balsamea",0.608,"sw2",-2.2304,2.4435,"AbiesBelow0.35spg","conifer","Conifer",0.33,-2.3123,2.3482,1.87856,0.79034,NA,"Good",NA,NA,4.858782224167
"Abies","ABBA","NEON.PLA.D05.TREE.01656","TREE_056","TREE","D05",2021-09-22,"Live","sapling","Partially shaded",NA,10,0.9,NA,1.4,NA,"Abies balsamea (L.) Mill.",NA,NA,"2021",12,"douglas","Abies balsamea (L.) Mill.","balsam fir","Pinaceae","tree","balsamea",0.608,"sw2",-2.2304,2.4435,"AbiesBelow0.35spg","conifer","Conifer",0.33,-2.3123,2.3482,1.87856,0.79034,NA,"Good",NA,NA,2.9420006141659
"Abies","ABBA","NEON.PLA.D05.TREE.01658","TREE_056","TREE","D05",2021-09-22,"Live","sapling","Full shade",NA,10,0.6,NA,1,NA,"Abies balsamea (L.) Mill.",NA,NA,"2021",12,"douglas","Abies balsamea (L.) Mill.","balsam fir","Pinaceae","tree","balsamea",0.608,"sw2",-2.2304,2.4435,"AbiesBelow0.35spg","conifer","Conifer",0.33,-2.3123,2.3482,1.87856,0.79034,NA,"Good",NA,NA,1.25455333693923
"Abies","ABBA","NEON.PLA.D05.TREE.00391","TREE_054","TREE","D05",2016-10-18,"Live","sapling",NA,NA,10,1.4,NA,1.8,NA,"Abies balsamea (L.) Mill.",NA,NA,"2016",12,"douglas","Abies balsamea (L.) Mill.","balsam fir","Pinaceae","tree","balsamea",0.608,"sw2",-2.2304,2.4435,"AbiesBelow0.35spg","conifer","Conifer",0.33,-2.3123,2.3482,1.87856,0.79034,NA,"Good",NA,NA,6.20611824306554
"Abies","ABBA","NEON.PLA.D05.TREE.00453","TREE_051","TREE","D05",2016-09-28,"Live","sapling",NA,NA,10,1.6,NA,2.6,NA,"Abies balsamea (L.) Mill.",NA,NA,"2016",12,"douglas","Abies balsamea (L.) Mill.","balsam fir","Pinaceae","tree","balsamea",0.608,"sw2",-2.2304,2.4435,"AbiesBelow0.35spg","conifer","Conifer",0.33,-2.3123,2.3482,1.87856,0.79034,NA,"Good",NA,NA,12.3335849505482
"Abies","ABBA","NEON.PLA.D05.TREE.03539","TREE_056","TREE","D05",2018-10-09,"Live","sapling",NA,NA,10,1.2,NA,1.6,NA,"Abies balsamea (L.) Mill.",NA,NA,"2018",12,"douglas","Abies balsamea (L.) Mill.","balsam fir","Pinaceae","tree","balsamea",0.608,"sw2",-2.2304,2.4435,"AbiesBelow0.35spg","conifer","Conifer",0.33,-2.3123,2.3482,1.87856,0.79034,NA,"Good",NA,NA,4.5609315127338
"Abies","ABBA","NEON.PLA.D05.TREE.00953","TREE_043","TREE","D05",2018-10-15,"Live","sapling",NA,NA,10,1.7,NA,2,NA,"Abies balsamea (L.) Mill.",NA,NA,"2018",12,"douglas","Abies balsamea (L.) Mill.","balsam fir","Pinaceae","tree","balsamea",0.608,"sw2",-2.2304,2.4435,"AbiesBelow0.35spg","conifer","Conifer",0.33,-2.3123,2.3482,1.87856,0.79034,NA,"Good",NA,NA,8.5465367568453
"Abies","ABBA","NEON.PLA.D05.TREE.03126","TREE_004","TREE","D05",2019-10-08,"Live","sapling",NA,NA,10,1.2,NA,1.3,NA,"Abies balsamea (L.) Mill.",NA,NA,"2019",12,"douglas","Abies balsamea (L.) Mill.","balsam fir","Pinaceae","tree","balsamea",0.608,"sw2",-2.2304,2.4435,"AbiesBelow0.35spg","conifer","Conifer",0.33,-2.3123,2.3482,1.87856,0.79034,NA,"Good",NA,NA,3.28483193948842
"Abies","ABBA","NEON.PLA.D05.TREE.03200","TREE_041","TREE","D05",2017-10-16,"Live","sapling",NA,NA,10,1.1,NA,1.7,NA,"Abies balsamea (L.) Mill.",NA,NA,"2017",12,"douglas","Abies balsamea (L.) Mill.","balsam fir","Pinaceae","tree","balsamea",0.608,"sw2",-2.2304,2.4435,"AbiesBelow0.35spg","conifer","Conifer",0.33,-2.3123,2.3482,1.87856,0.79034,NA,"Good",NA,NA,4.6860332576425
"Abies","ABBA","NEON.PLA.D05.TREE.03200","TREE_041","TREE","D05",2018-10-10,"Live","sapling",NA,NA,10,1.3,NA,2.1,NA,"Abies balsamea (L.) Mill.",NA,NA,"2018",12,"douglas","Abies balsamea (L.) Mill.","balsam fir","Pinaceae","tree","balsamea",0.608,"sw2",-2.2304,2.4435,"AbiesBelow0.35spg","conifer","Conifer",0.33,-2.3123,2.3482,1.87856,0.79034,NA,"Good",NA,NA,7.46800593755792
"Abies","ABBA","NEON.PLA.D05.TREE.01619","TREE_039","TREE","D05",2021-09-30,"Live","sapling","Partially shaded",NA,10,1,NA,1.3,NA,"Abies balsamea (L.) Mill.",NA,NA,"2021",12,"douglas","Abies balsamea (L.) Mill.","balsam fir","Pinaceae","tree","balsamea",0.608,"sw2",-2.2304,2.4435,"AbiesBelow0.35spg","conifer","Conifer",0.33,-2.3123,2.3482,1.87856,0.79034,NA,"Good",NA,NA,2.84402263695713
"Abies","ABBA","NEON.PLA.D05.TREE.02852","TREE_011","TREE","D05",2017-11-01,"Live","sapling",NA,NA,10,0.8,NA,1.6,NA,"Abies balsamea (L.) Mill.",NA,NA,"2017",12,"douglas","Abies balsamea (L.) Mill.","balsam fir","Pinaceae","tree","balsamea",0.608,"sw2",-2.2304,2.4435,"AbiesBelow0.35spg","conifer","Conifer",0.33,-2.3123,2.3482,1.87856,0.79034,NA,"Good",NA,NA,3.31040847536678
"Abies","ABBA","NEON.PLA.D05.TREE.01656","TREE_056","TREE","D05",2022-09-21,"Live","sapling","Mostly shaded",NA,10,1.1,NA,1.6,NA,"Abies balsamea (L.) Mill.",NA,NA,"2022",12,"douglas","Abies balsamea (L.) Mill.","balsam fir","Pinaceae","tree","balsamea",0.608,"sw2",-2.2304,2.4435,"AbiesBelow0.35spg","conifer","Conifer",0.33,-2.3123,2.3482,1.87856,0.79034,NA,"Good",NA,NA,4.25782433392009
"Abies","ABBA","NEON.PLA.D05.TREE.03283","TREE_045","TREE","D05",2018-10-17,"Live","sapling",NA,NA,10,0.6,NA,1.1,NA,"Abies balsamea (L.) Mill.",NA,NA,"2018",12,"douglas","Abies balsamea (L.) Mill.","balsam fir","Pinaceae","tree","balsamea",0.608,"sw2",-2.2304,2.4435,"AbiesBelow0.35spg","conifer","Conifer",0.33,-2.3123,2.3482,1.87856,0.79034,NA,"Good",NA,NA,1.45853790267786
"Abies","ABBA","NEON.PLA.D05.TREE.00242","TREE_055","TREE","D05",2016-09-27,"Live","sapling",NA,NA,10,1.2,NA,2.5,NA,"Abies balsamea (L.) Mill.",NA,NA,"2016",12,"douglas","Abies balsamea (L.) Mill.","balsam fir","Pinaceae","tree","balsamea",0.608,"sw2",-2.2304,2.4435,"AbiesBelow0.35spg","conifer","Conifer",0.33,-2.3123,2.3482,1.87856,0.79034,NA,"Good",NA,NA,9.23466168662585
"Abies","ABBA","NEON.PLA.D05.TREE.00824","TREE_025","TREE","D05",2016-10-18,"Live","sapling",NA,NA,10,1,NA,1.2,NA,"Abies balsamea (L.) Mill.",NA,NA,"2016",12,"douglas","Abies balsamea (L.) Mill.","balsam fir","Pinaceae","tree","balsamea",0.608,"sw2",-2.2304,2.4435,"AbiesBelow0.35spg","conifer","Conifer",0.33,-2.3123,2.3482,1.87856,0.79034,NA,"Good",NA,NA,2.50602432791239
"Abies","ABBA","NEON.PLA.D05.TREE.02250","TREE_006","TREE","D05",2018-05-02,"Live","sapling",NA,NA,10,NA,NA,2.2,NA,"Abies balsamea (L.) Mill.",NA,NA,"2018",12,"douglas","Abies balsamea (L.) Mill.","balsam fir","Pinaceae","tree","balsamea",0.608,"sw2",-2.2304,2.4435,"AbiesBelow0.35spg","conifer","Conifer",0.33,-2.3123,2.3482,1.87856,0.79034,NA,"Check",NA,NA,NA
"Abies","ABBA","NEON.PLA.D05.TREE.02250","TREE_006","TREE","D05",2019-10-09,"Live","sapling",NA,NA,10,1.2,NA,2.5,NA,"Abies balsamea (L.) Mill.",NA,NA,"2019",12,"douglas","Abies balsamea (L.) Mill.","balsam fir","Pinaceae","tree","balsamea",0.608,"sw2",-2.2304,2.4435,"AbiesBelow0.35spg","conifer","Conifer",0.33,-2.3123,2.3482,1.87856,0.79034,NA,"Good",NA,NA,9.23466168662585
"Abies","ABBA","NEON.PLA.D05.TREE.03368","TREE_039","TREE","D05",2018-10-17,"Live","sapling",NA,NA,10,0.8,NA,1.1,NA,"Abies balsamea (L.) Mill.",NA,NA,"2018",12,"douglas","Abies balsamea (L.) Mill.","balsam fir","Pinaceae","tree","balsamea",0.608,"sw2",-2.2304,2.4435,"AbiesBelow0.35spg","conifer","Conifer",0.33,-2.3123,2.3482,1.87856,0.79034,NA,"Good",NA,NA,1.83088809430162
"Abies","ABBA","NEON.PLA.D05.TREE.02052","TREE_018","TREE","D05",2018-04-25,"Live","sapling",NA,NA,10,NA,NA,1.5,NA,"Abies balsamea (L.) Mill.",NA,NA,"2018",12,"douglas","Abies balsamea (L.) Mill.","balsam fir","Pinaceae","tree","balsamea",0.608,"sw2",-2.2304,2.4435,"AbiesBelow0.35spg","conifer","Conifer",0.33,-2.3123,2.3482,1.87856,0.79034,NA,"Check",NA,NA,NA
"Abies","ABBA","NEON.PLA.D05.TREE.03371","TREE_039","TREE","D05",2019-10-23,"Live","sapling",NA,NA,12,1.1,NA,1.8,NA,"Abies balsamea (L.) Mill.",NA,NA,"2019",12,"douglas","Abies balsamea (L.) Mill.","balsam fir","Pinaceae","tree","balsamea",0.608,"sw2",-2.2304,2.4435,"AbiesBelow0.35spg","conifer","Conifer",0.33,-2.3123,2.3482,1.87856,0.79034,NA,"Good",NA,NA,5.12912766484363
"Abies","ABBA","NEON.PLA.D05.TREE.03867","TREE_045","TREE","D05",2018-10-17,"Live","sapling",NA,NA,10,1,NA,1.2,NA,"Abies balsamea (L.) Mill.",NA,NA,"2018",12,"douglas","Abies balsamea (L.) Mill.","balsam fir","Pinaceae","tree","balsamea",0.608,"sw2",-2.2304,2.4435,"AbiesBelow0.35spg","conifer","Conifer",0.33,-2.3123,2.3482,1.87856,0.79034,NA,"Good",NA,NA,2.50602432791239
"Abies","ABBA","NEON.PLA.D05.TREE.02061","TREE_018","TREE","D05",2018-04-25,"Live","sapling",NA,NA,10,NA,NA,2,NA,"Abies balsamea (L.) Mill.",NA,NA,"2018",12,"douglas","Abies balsamea (L.) Mill.","balsam fir","Pinaceae","tree","balsamea",0.608,"sw2",-2.2304,2.4435,"AbiesBelow0.35spg","conifer","Conifer",0.33,-2.3123,2.3482,1.87856,0.79034,NA,"Check",NA,NA,NA
"Abies","ABBA","NEON.PLA.D05.TREE.00828","TREE_025","TREE","D05",2018-10-17,"Live","sapling",NA,NA,10,1.6,NA,2,NA,"Abies balsamea (L.) Mill.",NA,NA,"2018",12,"douglas","Abies balsamea (L.) Mill.","balsam fir","Pinaceae","tree","balsamea",0.608,"sw2",-2.2304,2.4435,"AbiesBelow0.35spg","conifer","Conifer",0.33,-2.3123,2.3482,1.87856,0.79034,NA,"Good",NA,NA,8.14669301278527
"Abies","ABBA","NEON.PLA.D05.TREE.00828","TREE_025","TREE","D05",2017-10-18,"Live","sapling",NA,NA,10,1.4,NA,1.7,NA,"Abies balsamea (L.) Mill.",NA,NA,"2017",12,"douglas","Abies balsamea (L.) Mill.","balsam fir","Pinaceae","tree","balsamea",0.608,"sw2",-2.2304,2.4435,"AbiesBelow0.35spg","conifer","Conifer",0.33,-2.3123,2.3482,1.87856,0.79034,NA,"Good",NA,NA,5.66998491521337
"Abies","ABBA","NEON.PLA.D05.TREE.02469","TREE_023","TREE","D05",2019-11-04,"Live","sapling",NA,NA,10,1.3,NA,1.7,NA,"Abies balsamea (L.) Mill.",NA,NA,"2019",12,"douglas","Abies balsamea (L.) Mill.","balsam fir","Pinaceae","tree","balsamea",0.608,"sw2",-2.2304,2.4435,"AbiesBelow0.35spg","conifer","Conifer",0.33,-2.3123,2.3482,1.87856,0.79034,NA,"Good",NA,NA,5.34742941663973
"Abies","ABBA","NEON.PLA.D05.TREE.01329","TREE_045","TREE","D05",2017-10-19,"Live","sapling",NA,NA,10,0.9,NA,1.2,NA,"Abies balsamea (L.) Mill.",NA,NA,"2017",12,"douglas","Abies balsamea (L.) Mill.","balsam fir","Pinaceae","tree","balsamea",0.608,"sw2",-2.2304,2.4435,"AbiesBelow0.35spg","conifer","Conifer",0.33,-2.3123,2.3482,1.87856,0.79034,NA,"Good",NA,NA,2.30579826265209
"Abies","ABBA","NEON.PLA.D05.TREE.02474","TREE_023","TREE","D05",2019-11-04,"Live","sapling",NA,NA,10,1.4,NA,2.1,NA,"Abies balsamea (L.) Mill.",NA,NA,"2019",12,"douglas","Abies balsamea (L.) Mill.","balsam fir","Pinaceae","tree","balsamea",0.608,"sw2",-2.2304,2.4435,"AbiesBelow0.35spg","conifer","Conifer",0.33,-2.3123,2.3482,1.87856,0.79034,NA,"Good",NA,NA,7.91847403930494
"Abies","ABBA","NEON.PLA.D05.TREE.03482","TREE_047","TREE","D05",2018-10-11,"Live","sapling",NA,NA,10,0.8,NA,1.3,NA,"Abies balsamea (L.) Mill.",NA,NA,"2018",12,"douglas","Abies balsamea (L.) Mill.","balsam fir","Pinaceae","tree","balsamea",0.608,"sw2",-2.2304,2.4435,"AbiesBelow0.35spg","conifer","Conifer",0.33,-2.3123,2.3482,1.87856,0.79034,NA,"Good",NA,NA,2.38419179553083
"Abies","ABBA","NEON.PLA.D05.TREE.03284","TREE_045","TREE","D05",2018-10-17,"Live","sapling",NA,NA,10,1.1,NA,1.2,NA,"Abies balsamea (L.) Mill.",NA,NA,"2018",12,"douglas","Abies balsamea (L.) Mill.","balsam fir","Pinaceae","tree","balsamea",0.608,"sw2",-2.2304,2.4435,"AbiesBelow0.35spg","conifer","Conifer",0.33,-2.3123,2.3482,1.87856,0.79034,NA,"Good",NA,NA,2.70208855210126
"Abies","ABBA","NEON.PLA.D05.TREE.01445","TREE_040","TREE","D05",2021-10-05,"Live","sapling","Full shade",NA,10,1.5,NA,2.1,NA,"Abies balsamea (L.) Mill.",NA,NA,"2021",12,"douglas","Abies balsamea (L.) Mill.","balsam fir","Pinaceae","tree","balsamea",0.608,"sw2",-2.2304,2.4435,"AbiesBelow0.35spg","conifer","Conifer",0.33,-2.3123,2.3482,1.87856,0.79034,NA,"Good",NA,NA,8.36224006454533
"Abies","ABBA","NEON.PLA.D05.TREE.02480","TREE_023","TREE","D05",2018-05-08,"Live","sapling",NA,NA,10,NA,NA,1.9,NA,"Abies balsamea (L.) Mill.",NA,NA,"2018",12,"douglas","Abies balsamea (L.) Mill.","balsam fir","Pinaceae","tree","balsamea",0.608,"sw2",-2.2304,2.4435,"AbiesBelow0.35spg","conifer","Conifer",0.33,-2.3123,2.3482,1.87856,0.79034,NA,"Check",NA,NA,NA
"Abies","ABBA","NEON.PLA.D05.TREE.02481","TREE_023","TREE","D05",2018-05-08,"Live","sapling",NA,NA,10,NA,NA,2.5,NA,"Abies balsamea (L.) Mill.",NA,NA,"2018",12,"douglas","Abies balsamea (L.) Mill.","balsam fir","Pinaceae","tree","balsamea",0.608,"sw2",-2.2304,2.4435,"AbiesBelow0.35spg","conifer","Conifer",0.33,-2.3123,2.3482,1.87856,0.79034,NA,"Check",NA,NA,NA
"Abies","ABBA","NEON.PLA.D05.TREE.02482","TREE_023","TREE","D05",2019-11-04,"Live","sapling",NA,NA,10,1.9,NA,2.3,NA,"Abies balsamea (L.) Mill.",NA,NA,"2019",12,"douglas","Abies balsamea (L.) Mill.","balsam fir","Pinaceae","tree","balsamea",0.608,"sw2",-2.2304,2.4435,"AbiesBelow0.35spg","conifer","Conifer",0.33,-2.3123,2.3482,1.87856,0.79034,NA,"Good",NA,NA,11.6388788477012
"Abies","ABBA","NEON.PLA.D05.TREE.02483","TREE_015","TREE","D05",2019-10-24,"Live","sapling",NA,NA,10,1,NA,1.9,NA,"Abies balsamea (L.) Mill.",NA,NA,"2019",12,"douglas","Abies balsamea (L.) Mill.","balsam fir","Pinaceae","tree","balsamea",0.608,"sw2",-2.2304,2.4435,"AbiesBelow0.35spg","conifer","Conifer",0.33,-2.3123,2.3482,1.87856,0.79034,NA,"Good",NA,NA,5.18137842816432
"Abies","ABBA","NEON.PLA.D05.TREE.02484","TREE_015","TREE","D05",2019-10-24,"Live","sapling",NA,NA,10,1.4,NA,1.8,NA,"Abies balsamea (L.) Mill.",NA,NA,"2019",12,"douglas","Abies balsamea (L.) Mill.","balsam fir","Pinaceae","tree","balsamea",0.608,"sw2",-2.2304,2.4435,"AbiesBelow0.35spg","conifer","Conifer",0.33,-2.3123,2.3482,1.87856,0.79034,NA,"Good",NA,NA,6.20611824306554
"Abies","ABBA","NEON.PLA.D05.TREE.03412","TREE_055","TREE","D05",2018-10-10,"Live","sapling",NA,NA,10,0.8,NA,1.3,NA,"Abies balsamea (L.) Mill.",NA,NA,"2018",12,"douglas","Abies balsamea (L.) Mill.","balsam fir","Pinaceae","tree","balsamea",0.608,"sw2",-2.2304,2.4435,"AbiesBelow0.35spg","conifer","Conifer",0.33,-2.3123,2.3482,1.87856,0.79034,NA,"Good",NA,NA,2.38419179553083
"Abies","ABBA","NEON.PLA.D05.TREE.03413","TREE_055","TREE","D05",2018-10-10,"Live","sapling",NA,NA,10,0.8,NA,1,NA,"Abies balsamea (L.) Mill.",NA,NA,"2018",12,"douglas","Abies balsamea (L.) Mill.","balsam fir","Pinaceae","tree","balsamea",0.608,"sw2",-2.2304,2.4435,"AbiesBelow0.35spg","conifer","Conifer",0.33,-2.3123,2.3482,1.87856,0.79034,NA,"Good",NA,NA,1.57482830171999
"Abies","ABBA","NEON.PLA.D05.TREE.02304","TREE_015","TREE","D05",2019-10-24,"Live","sapling",NA,NA,10,1.4,NA,2,NA,"Abies balsamea (L.) Mill.",NA,NA,"2019",12,"douglas","Abies balsamea (L.) Mill.","balsam fir","Pinaceae","tree","balsamea",0.608,"sw2",-2.2304,2.4435,"AbiesBelow0.35spg","conifer","Conifer",0.33,-2.3123,2.3482,1.87856,0.79034,NA,"Good",NA,NA,7.33074302742018
"Abies","ABBA","NEON.PLA.D05.TREE.05193","TREE_046","TREE","D05",2022-09-20,"Live","sapling","Full shade",NA,10,1,NA,1.8,NA,"Abies balsamea (L.) Mill.",NA,NA,"2022",12,"douglas","Abies balsamea (L.) Mill.","balsam fir","Pinaceae","tree","balsamea",0.608,"sw2",-2.2304,2.4435,"AbiesBelow0.35spg","conifer","Conifer",0.33,-2.3123,2.3482,1.87856,0.79034,NA,"Good",NA,NA,4.75695687288672
"Abies","ABBA","NEON.PLA.D05.TREE.03118","TREE_006","TREE","D05",2018-05-02,"Standing dead","sapling",NA,NA,10,NA,NA,1.4,NA,"Abies balsamea (L.) Mill.",NA,NA,"2018",12,"douglas","Abies balsamea (L.) Mill.","balsam fir","Pinaceae","tree","balsamea",0.608,"sw2",-2.2304,2.4435,"AbiesBelow0.35spg","conifer","Conifer",0.33,-2.3123,2.3482,1.87856,0.79034,NA,"Check",NA,NA,NA
"Abies","ABBA","NEON.PLA.D05.TREE.03122","TREE_004","TREE","D05",2019-10-08,"Live","sapling",NA,NA,10,0.8,NA,1.2,NA,"Abies balsamea (L.) Mill.",NA,NA,"2019",12,"douglas","Abies balsamea (L.) Mill.","balsam fir","Pinaceae","tree","balsamea",0.608,"sw2",-2.2304,2.4435,"AbiesBelow0.35spg","conifer","Conifer",0.33,-2.3123,2.3482,1.87856,0.79034,NA,"Good",NA,NA,2.10084215377483
"Abies","ABBA","NEON.PLA.D05.TREE.02500","TREE_015","TREE","D05",2018-05-08,"Live","sapling",NA,NA,10,NA,NA,2.1,NA,"Abies balsamea (L.) Mill.",NA,NA,"2018",12,"douglas","Abies balsamea (L.) Mill.","balsam fir","Pinaceae","tree","balsamea",0.608,"sw2",-2.2304,2.4435,"AbiesBelow0.35spg","conifer","Conifer",0.33,-2.3123,2.3482,1.87856,0.79034,NA,"Check",NA,NA,NA
"Abies","ABBA","NEON.PLA.D05.TREE.03890","TREE_047","TREE","D05",2018-10-11,"Live","sapling",NA,NA,10,1.4,NA,2.3,NA,"Abies balsamea (L.) Mill.",NA,NA,"2018",12,"douglas","Abies balsamea (L.) Mill.","balsam fir","Pinaceae","tree","balsamea",0.608,"sw2",-2.2304,2.4435,"AbiesBelow0.35spg","conifer","Conifer",0.33,-2.3123,2.3482,1.87856,0.79034,NA,"Good",NA,NA,9.14306607349736
"Abies","ABBA","NEON.PLA.D05.TREE.03125","TREE_004","TREE","D05",2018-05-02,"Live","sapling",NA,NA,10,NA,NA,1,NA,"Abies balsamea (L.) Mill.",NA,NA,"2018",12,"douglas","Abies balsamea (L.) Mill.","balsam fir","Pinaceae","tree","balsamea",0.608,"sw2",-2.2304,2.4435,"AbiesBelow0.35spg","conifer","Conifer",0.33,-2.3123,2.3482,1.87856,0.79034,NA,"Check",NA,NA,NA
"Abies","ABBA","NEON.PLA.D05.TREE.03435","TREE_057","TREE","D05",2018-10-16,"Live","sapling",NA,NA,10,0.6,NA,1,NA,"Abies balsamea (L.) Mill.",NA,NA,"2018",12,"douglas","Abies balsamea (L.) Mill.","balsam fir","Pinaceae","tree","balsamea",0.608,"sw2",-2.2304,2.4435,"AbiesBelow0.35spg","conifer","Conifer",0.33,-2.3123,2.3482,1.87856,0.79034,NA,"Good",NA,NA,1.25455333693923
"Abies","ABBA","NEON.PLA.D05.TREE.08229","TREE_046","TREE","D05",2022-09-20,"Live","sapling","Mostly shaded",NA,10,0.5,NA,1.1,NA,"Abies balsamea (L.) Mill.",NA,NA,"2022",12,"douglas","Abies balsamea (L.) Mill.","balsam fir","Pinaceae","tree","balsamea",0.608,"sw2",-2.2304,2.4435,"AbiesBelow0.35spg","conifer","Conifer",0.33,-2.3123,2.3482,1.87856,0.79034,NA,"Good",NA,NA,1.26280884029697
"Abies","ABBA","NEON.PLA.D05.TREE.03440","TREE_023","TREE","D05",2018-05-08,"Live","sapling",NA,NA,10,NA,NA,1.5,NA,"Abies balsamea (L.) Mill.",NA,NA,"2018",12,"douglas","Abies balsamea (L.) Mill.","balsam fir","Pinaceae","tree","balsamea",0.608,"sw2",-2.2304,2.4435,"AbiesBelow0.35spg","conifer","Conifer",0.33,-2.3123,2.3482,1.87856,0.79034,NA,"Check",NA,NA,NA
"Abies","ABBA","NEON.PLA.D05.TREE.03442","TREE_023","TREE","D05",2018-05-08,"Live","sapling",NA,NA,10,NA,NA,1.4,NA,"Abies balsamea (L.) Mill.",NA,NA,"2018",12,"douglas","Abies balsamea (L.) Mill.","balsam fir","Pinaceae","tree","balsamea",0.608,"sw2",-2.2304,2.4435,"AbiesBelow0.35spg","conifer","Conifer",0.33,-2.3123,2.3482,1.87856,0.79034,NA,"Check",NA,NA,NA
"Abies","ABBA","NEON.PLA.D05.TREE.03443","TREE_023","TREE","D05",2019-11-04,"Live","sapling",NA,NA,10,0.9,NA,1.4,NA,"Abies balsamea (L.) Mill.",NA,NA,"2019",12,"douglas","Abies balsamea (L.) Mill.","balsam fir","Pinaceae","tree","balsamea",0.608,"sw2",-2.2304,2.4435,"AbiesBelow0.35spg","conifer","Conifer",0.33,-2.3123,2.3482,1.87856,0.79034,NA,"Good",NA,NA,2.9420006141659
"Abies","ABBA","NEON.PLA.D05.TREE.01646","TREE_056","TREE","D05",2021-09-22,"Live","sapling","Mostly shaded",NA,10,1,NA,1.7,NA,"Abies balsamea (L.) Mill.",NA,NA,"2021",12,"douglas","Abies balsamea (L.) Mill.","balsam fir","Pinaceae","tree","balsamea",0.608,"sw2",-2.2304,2.4435,"AbiesBelow0.35spg","conifer","Conifer",0.33,-2.3123,2.3482,1.87856,0.79034,NA,"Good",NA,NA,4.34601350719115
"Abies","ABBA","NEON.PLA.D05.TREE.03448","TREE_023","TREE","D05",2018-05-08,"Live","sapling",NA,NA,10,NA,NA,1.2,NA,"Abies balsamea (L.) Mill.",NA,NA,"2018",12,"douglas","Abies balsamea (L.) Mill.","balsam fir","Pinaceae","tree","balsamea",0.608,"sw2",-2.2304,2.4435,"AbiesBelow0.35spg","conifer","Conifer",0.33,-2.3123,2.3482,1.87856,0.79034,NA,"Check",NA,NA,NA
"Abies","ABBA","NEON.PLA.D05.TREE.03167","TREE_057","TREE","D05",2016-10-18,"Live","sapling",NA,NA,10,1.3,NA,1.6,NA,"Abies balsamea (L.) Mill.",NA,NA,"2016",12,"douglas","Abies balsamea (L.) Mill.","balsam fir","Pinaceae","tree","balsamea",0.608,"sw2",-2.2304,2.4435,"AbiesBelow0.35spg","conifer","Conifer",0.33,-2.3123,2.3482,1.87856,0.79034,NA,"Good",NA,NA,4.858782224167
"Abies","ABBA","NEON.PLA.D05.TREE.03167","TREE_057","TREE","D05",2017-10-17,"Standing dead","sapling",NA,NA,10,1.4,NA,1.6,NA,"Abies balsamea (L.) Mill.",NA,NA,"2017",12,"douglas","Abies balsamea (L.) Mill.","balsam fir","Pinaceae","tree","balsamea",0.608,"sw2",-2.2304,2.4435,"AbiesBelow0.35spg","conifer","Conifer",0.33,-2.3123,2.3482,1.87856,0.79034,NA,"Good",NA,NA,5.15186265602836
"Abies","ABBA","NEON.PLA.D05.TREE.01329","TREE_045","TREE","D05",2018-10-17,"Live","sapling",NA,NA,10,0.9,NA,1.8,NA,"Abies balsamea (L.) Mill.",NA,NA,"2018",12,"douglas","Abies balsamea (L.) Mill.","balsam fir","Pinaceae","tree","balsamea",0.608,"sw2",-2.2304,2.4435,"AbiesBelow0.35spg","conifer","Conifer",0.33,-2.3123,2.3482,1.87856,0.79034,NA,"Good",NA,NA,4.37688603851278
"Abies","ABBA","NEON.PLA.D05.TREE.02929","TREE_001","TREE","D05",2017-10-25,"Live","sapling",NA,NA,10,1.4,NA,1.9,NA,"Abies balsamea (L.) Mill.",NA,NA,"2017",12,"douglas","Abies balsamea (L.) Mill.","balsam fir","Pinaceae","tree","balsamea",0.608,"sw2",-2.2304,2.4435,"AbiesBelow0.35spg","conifer","Conifer",0.33,-2.3123,2.3482,1.87856,0.79034,NA,"Good",NA,NA,6.75983576192128
"Abies","ABBA","NEON.PLA.D05.TREE.03194","TREE_045","TREE","D05",2016-10-18,"Live","sapling",NA,NA,10,0.8,NA,1,NA,"Abies balsamea (L.) Mill.",NA,NA,"2016",12,"douglas","Abies balsamea (L.) Mill.","balsam fir","Pinaceae","tree","balsamea",0.608,"sw2",-2.2304,2.4435,"AbiesBelow0.35spg","conifer","Conifer",0.33,-2.3123,2.3482,1.87856,0.79034,NA,"Good",NA,NA,1.57482830171999
"Abies","ABBA","NEON.PLA.D05.TREE.02248","TREE_006","TREE","D05",2019-10-09,"Live","sapling",NA,NA,10,1.2,NA,2.2,NA,"Abies balsamea (L.) Mill.",NA,NA,"2019",12,"douglas","Abies balsamea (L.) Mill.","balsam fir","Pinaceae","tree","balsamea",0.608,"sw2",-2.2304,2.4435,"AbiesBelow0.35spg","conifer","Conifer",0.33,-2.3123,2.3482,1.87856,0.79034,NA,"Good",NA,NA,7.5451149358001
"Abies","ABBA","NEON.PLA.D05.TREE.01371","TREE_039","TREE","D05",2018-10-17,"Live","sapling",NA,NA,10,1.6,NA,2.5,NA,"Abies balsamea (L.) Mill.",NA,NA,"2018",12,"douglas","Abies balsamea (L.) Mill.","balsam fir","Pinaceae","tree","balsamea",0.608,"sw2",-2.2304,2.4435,"AbiesBelow0.35spg","conifer","Conifer",0.33,-2.3123,2.3482,1.87856,0.79034,NA,"Good",NA,NA,11.5921787880208
"Abies","ABBA","NEON.PLA.D05.TREE.02052","TREE_018","TREE","D05",2019-10-30,"Live","sapling",NA,NA,10,1.2,NA,2.2,NA,"Abies balsamea (L.) Mill.",NA,NA,"2019",12,"douglas","Abies balsamea (L.) Mill.","balsam fir","Pinaceae","tree","balsamea",0.608,"sw2",-2.2304,2.4435,"AbiesBelow0.35spg","conifer","Conifer",0.33,-2.3123,2.3482,1.87856,0.79034,NA,"Good",NA,NA,7.5451149358001
"Abies","ABBA","NEON.PLA.D05.TREE.00894","TREE_057","TREE","D05",2016-10-18,"Live","sapling",NA,NA,10,1.7,NA,2.1,NA,"Abies balsamea (L.) Mill.",NA,NA,"2016",12,"douglas","Abies balsamea (L.) Mill.","balsam fir","Pinaceae","tree","balsamea",0.608,"sw2",-2.2304,2.4435,"AbiesBelow0.35spg","conifer","Conifer",0.33,-2.3123,2.3482,1.87856,0.79034,NA,"Good",NA,NA,9.23174215518248
"Abies","ABBA","NEON.PLA.D05.TREE.02529","TREE_009","TREE","D05",2019-10-16,"Live","sapling",NA,NA,10,1.6,NA,2.9,NA,"Abies balsamea (L.) Mill.",NA,NA,"2019",12,"douglas","Abies balsamea (L.) Mill.","balsam fir","Pinaceae","tree","balsamea",0.608,"sw2",-2.2304,2.4435,"AbiesBelow0.35spg","conifer","Conifer",0.33,-2.3123,2.3482,1.87856,0.79034,NA,"Good",NA,NA,14.6572510024221
"Abies","ABBA","NEON.PLA.D05.TREE.03868","TREE_045","TREE","D05",2018-10-17,"Live","sapling",NA,NA,10,1,NA,1.4,NA,"Abies balsamea (L.) Mill.",NA,NA,"2018",12,"douglas","Abies balsamea (L.) Mill.","balsam fir","Pinaceae","tree","balsamea",0.608,"sw2",-2.2304,2.4435,"AbiesBelow0.35spg","conifer","Conifer",0.33,-2.3123,2.3482,1.87856,0.79034,NA,"Good",NA,NA,3.19747188262383
"Abies","ABBA","NEON.PLA.D05.TREE.01676","TREE_039","TREE","D05",2021-09-30,"Live","sapling","Partially shaded",NA,10,1.4,NA,1.6,NA,"Abies balsamea (L.) Mill.",NA,NA,"2021",12,"douglas","Abies balsamea (L.) Mill.","balsam fir","Pinaceae","tree","balsamea",0.608,"sw2",-2.2304,2.4435,"AbiesBelow0.35spg","conifer","Conifer",0.33,-2.3123,2.3482,1.87856,0.79034,NA,"Good",NA,NA,5.15186265602836
"Abies","ABBA","NEON.PLA.D05.TREE.00359","TREE_054","TREE","D05",2016-10-18,"Standing dead","sapling",NA,NA,10,1.1,NA,1.5,NA,"Abies balsamea (L.) Mill.",NA,NA,"2016",12,"douglas","Abies balsamea (L.) Mill.","balsam fir","Pinaceae","tree","balsamea",0.608,"sw2",-2.2304,2.4435,"AbiesBelow0.35spg","conifer","Conifer",0.33,-2.3123,2.3482,1.87856,0.79034,NA,"Good",NA,NA,3.84488448844998
"Abies","ABBA","NEON.PLA.D05.TREE.01678","TREE_039","TREE","D05",2021-09-30,"Live","sapling","Partially shaded",NA,10,0.9,NA,1.4,NA,"Abies balsamea (L.) Mill.",NA,NA,"2021",12,"douglas","Abies balsamea (L.) Mill.","balsam fir","Pinaceae","tree","balsamea",0.608,"sw2",-2.2304,2.4435,"AbiesBelow0.35spg","conifer","Conifer",0.33,-2.3123,2.3482,1.87856,0.79034,NA,"Good",NA,NA,2.9420006141659
"Abies","ABBA","NEON.PLA.D05.TREE.03538","TREE_056","TREE","D05",2021-09-22,"Live","sapling","Mostly shaded",NA,10,1.9,NA,2.8,NA,"Abies balsamea (L.) Mill.",NA,NA,"2021",12,"douglas","Abies balsamea (L.) Mill.","balsam fir","Pinaceae","tree","balsamea",0.608,"sw2",-2.2304,2.4435,"AbiesBelow0.35spg","conifer","Conifer",0.33,-2.3123,2.3482,1.87856,0.79034,NA,"Good",NA,NA,15.8836002584088
"Abies","ABBA","NEON.PLA.D05.TREE.01006","TREE_039","TREE","D05",2017-10-17,"Standing dead","sapling",NA,NA,10,1.5,NA,1.7,NA,"Abies balsamea (L.) Mill.",NA,NA,"2017",12,"douglas","Abies balsamea (L.) Mill.","balsam fir","Pinaceae","tree","balsamea",0.608,"sw2",-2.2304,2.4435,"AbiesBelow0.35spg","conifer","Conifer",0.33,-2.3123,2.3482,1.87856,0.79034,NA,"Good",NA,NA,5.98774142442307
"Abies","ABBA","NEON.PLA.D05.TREE.01006","TREE_039","TREE","D05",2018-10-17,"Standing dead","sapling",NA,NA,10,1.5,NA,1.5,NA,"Abies balsamea (L.) Mill.",NA,NA,"2018",12,"douglas","Abies balsamea (L.) Mill.","balsam fir","Pinaceae","tree","balsamea",0.608,"sw2",-2.2304,2.4435,"AbiesBelow0.35spg","conifer","Conifer",0.33,-2.3123,2.3482,1.87856,0.79034,NA,"Good",NA,NA,4.91293442829638
"Abies","ABBA","NEON.PLA.D05.TREE.00242","TREE_055","TREE","D05",2017-09-14,"Live","sapling",NA,NA,10,1.4,NA,2.3,NA,"Abies balsamea (L.) Mill.",NA,NA,"2017",12,"douglas","Abies balsamea (L.) Mill.","balsam fir","Pinaceae","tree","balsamea",0.608,"sw2",-2.2304,2.4435,"AbiesBelow0.35spg","conifer","Conifer",0.33,-2.3123,2.3482,1.87856,0.79034,NA,"Good",NA,NA,9.14306607349736
"Abies","ABBA","NEON.PLA.D05.TREE.03194","TREE_045","TREE","D05",2017-10-19,"Live","sapling",NA,NA,10,1,NA,1.2,NA,"Abies balsamea (L.) Mill.",NA,NA,"2017",12,"douglas","Abies balsamea (L.) Mill.","balsam fir","Pinaceae","tree","balsamea",0.608,"sw2",-2.2304,2.4435,"AbiesBelow0.35spg","conifer","Conifer",0.33,-2.3123,2.3482,1.87856,0.79034,NA,"Good",NA,NA,2.50602432791239
"Abies","ABBA","NEON.PLA.D05.TREE.03875","TREE_039","TREE","D05",2018-10-17,"Live","sapling",NA,NA,10,0.8,NA,1.5,NA,"Abies balsamea (L.) Mill.",NA,NA,"2018",12,"douglas","Abies balsamea (L.) Mill.","balsam fir","Pinaceae","tree","balsamea",0.608,"sw2",-2.2304,2.4435,"AbiesBelow0.35spg","conifer","Conifer",0.33,-2.3123,2.3482,1.87856,0.79034,NA,"Good",NA,NA,2.9893525892959
"Abies","ABBA","NEON.PLA.D05.TREE.03875","TREE_039","TREE","D05",2019-10-23,"Live","sapling",NA,NA,11,1,NA,1.7,NA,"Abies balsamea (L.) Mill.",NA,NA,"2019",12,"douglas","Abies balsamea (L.) Mill.","balsam fir","Pinaceae","tree","balsamea",0.608,"sw2",-2.2304,2.4435,"AbiesBelow0.35spg","conifer","Conifer",0.33,-2.3123,2.3482,1.87856,0.79034,NA,"Good",NA,NA,4.34601350719115
"Abies","ABBA","NEON.PLA.D05.TREE.03875","TREE_039","TREE","D05",2020-10-01,"Live","sapling","Full shade",NA,10,1.1,NA,2.2,NA,"Abies balsamea (L.) Mill.",NA,NA,"2020",12,"douglas","Abies balsamea (L.) Mill.","balsam fir","Pinaceae","tree","balsamea",0.608,"sw2",-2.2304,2.4435,"AbiesBelow0.35spg","conifer","Conifer",0.33,-2.3123,2.3482,1.87856,0.79034,NA,"Good",NA,NA,7.04368699380394
"Abies","ABBA","NEON.PLA.D05.TREE.00806","TREE_057","TREE","D05",2016-10-18,"Live","sapling",NA,NA,10,0.8,NA,1.3,NA,"Abies balsamea (L.) Mill.",NA,NA,"2016",12,"douglas","Abies balsamea (L.) Mill.","balsam fir","Pinaceae","tree","balsamea",0.608,"sw2",-2.2304,2.4435,"AbiesBelow0.35spg","conifer","Conifer",0.33,-2.3123,2.3482,1.87856,0.79034,NA,"Good",NA,NA,2.38419179553083
"Abies","ABBA","NEON.PLA.D05.TREE.01452","TREE_040","TREE","D05",2017-10-19,"Standing dead","sapling",NA,NA,10,1,NA,1.1,NA,"Abies balsamea (L.) Mill.",NA,NA,"2017",12,"douglas","Abies balsamea (L.) Mill.","balsam fir","Pinaceae","tree","balsamea",0.608,"sw2",-2.2304,2.4435,"AbiesBelow0.35spg","conifer","Conifer",0.33,-2.3123,2.3482,1.87856,0.79034,NA,"Good",NA,NA,2.18400516086407
"Abies","ABBA","NEON.PLA.D05.TREE.01452","TREE_040","TREE","D05",2021-10-05,"Standing dead","sapling","Full shade",NA,10,0.8,NA,1,NA,"Abies balsamea (L.) Mill.",NA,NA,"2021",12,"douglas","Abies balsamea (L.) Mill.","balsam fir","Pinaceae","tree","balsamea",0.608,"sw2",-2.2304,2.4435,"AbiesBelow0.35spg","conifer","Conifer",0.33,-2.3123,2.3482,1.87856,0.79034,NA,"Good",NA,NA,1.57482830171999
"Abies","ABBA","NEON.PLA.D05.TREE.02483","TREE_015","TREE","D05",2018-05-08,"Live","sapling",NA,NA,10,NA,NA,2.1,NA,"Abies balsamea (L.) Mill.",NA,NA,"2018",12,"douglas","Abies balsamea (L.) Mill.","balsam fir","Pinaceae","tree","balsamea",0.608,"sw2",-2.2304,2.4435,"AbiesBelow0.35spg","conifer","Conifer",0.33,-2.3123,2.3482,1.87856,0.79034,NA,"Check",NA,NA,NA
"Abies","ABBA","NEON.PLA.D05.TREE.01798","TREE_023","TREE","D05",2019-11-04,"Live","sapling",NA,NA,10,0.8,NA,1.4,NA,"Abies balsamea (L.) Mill.",NA,NA,"2019",12,"douglas","Abies balsamea (L.) Mill.","balsam fir","Pinaceae","tree","balsamea",0.608,"sw2",-2.2304,2.4435,"AbiesBelow0.35spg","conifer","Conifer",0.33,-2.3123,2.3482,1.87856,0.79034,NA,"Good",NA,NA,2.68049421616019
"Abies","ABBA","NEON.PLA.D05.TREE.03186","TREE_045","TREE","D05",2017-10-19,"Live","sapling",NA,NA,10,0.6,NA,1.1,NA,"Abies balsamea (L.) Mill.",NA,NA,"2017",12,"douglas","Abies balsamea (L.) Mill.","balsam fir","Pinaceae","tree","balsamea",0.608,"sw2",-2.2304,2.4435,"AbiesBelow0.35spg","conifer","Conifer",0.33,-2.3123,2.3482,1.87856,0.79034,NA,"Good",NA,NA,1.45853790267786
"Abies","ABBA","NEON.PLA.D05.TREE.02968","TREE_009","TREE","D05",2019-10-16,"Live","sapling",NA,NA,10,1.4,NA,2.1,NA,"Abies balsamea (L.) Mill.",NA,NA,"2019",12,"douglas","Abies balsamea (L.) Mill.","balsam fir","Pinaceae","tree","balsamea",0.608,"sw2",-2.2304,2.4435,"AbiesBelow0.35spg","conifer","Conifer",0.33,-2.3123,2.3482,1.87856,0.79034,NA,"Good",NA,NA,7.91847403930494
"Abies","ABBA","NEON.PLA.D05.TREE.01681","TREE_056","TREE","D05",2022-09-21,"Live","sapling","Full shade",NA,10,0.9,NA,1.3,NA,"Abies balsamea (L.) Mill.",NA,NA,"2022",12,"douglas","Abies balsamea (L.) Mill.","balsam fir","Pinaceae","tree","balsamea",0.608,"sw2",-2.2304,2.4435,"AbiesBelow0.35spg","conifer","Conifer",0.33,-2.3123,2.3482,1.87856,0.79034,NA,"Good",NA,NA,2.6167912187436
"Abies","ABBA","NEON.PLA.D05.TREE.03482","TREE_047","TREE","D05",2017-10-16,"Live","sapling",NA,NA,10,0.7,NA,1.2,NA,"Abies balsamea (L.) Mill.",NA,NA,"2017",12,"douglas","Abies balsamea (L.) Mill.","balsam fir","Pinaceae","tree","balsamea",0.608,"sw2",-2.2304,2.4435,"AbiesBelow0.35spg","conifer","Conifer",0.33,-2.3123,2.3482,1.87856,0.79034,NA,"Good",NA,NA,1.89042767983593
"Abies","ABBA","NEON.PLA.D05.TREE.03194","TREE_045","TREE","D05",2018-10-17,"Live","sapling",NA,NA,10,1.2,NA,1.7,NA,"Abies balsamea (L.) Mill.",NA,NA,"2018",12,"douglas","Abies balsamea (L.) Mill.","balsam fir","Pinaceae","tree","balsamea",0.608,"sw2",-2.2304,2.4435,"AbiesBelow0.35spg","conifer","Conifer",0.33,-2.3123,2.3482,1.87856,0.79034,NA,"Good",NA,NA,5.01962389200376
"Abies","ABBA","NEON.PLA.D05.TREE.03432","TREE_057","TREE","D05",2018-10-16,"Live","sapling",NA,NA,10,0.7,NA,1.6,NA,"Abies balsamea (L.) Mill.",NA,NA,"2018",12,"douglas","Abies balsamea (L.) Mill.","balsam fir","Pinaceae","tree","balsamea",0.608,"sw2",-2.2304,2.4435,"AbiesBelow0.35spg","conifer","Conifer",0.33,-2.3123,2.3482,1.87856,0.79034,NA,"Good",NA,NA,2.97884722188775
"Abies","ABBA","NEON.PLA.D05.TREE.00154","TREE_025","TREE","D05",2017-10-18,"Live","sapling",NA,NA,10,1.5,NA,3,NA,"Abies balsamea (L.) Mill.",NA,NA,"2017",12,"douglas","Abies balsamea (L.) Mill.","balsam fir","Pinaceae","tree","balsamea",0.608,"sw2",-2.2304,2.4435,"AbiesBelow0.35spg","conifer","Conifer",0.33,-2.3123,2.3482,1.87856,0.79034,NA,"Good",NA,NA,14.6951174432473
"Abies","ABBA","NEON.PLA.D05.TREE.00154","TREE_025","TREE","D05",2016-10-18,"Live","sapling",NA,NA,10,1.3,NA,2.6,NA,"Abies balsamea (L.) Mill.",NA,NA,"2016",12,"douglas","Abies balsamea (L.) Mill.","balsam fir","Pinaceae","tree","balsamea",0.608,"sw2",-2.2304,2.4435,"AbiesBelow0.35spg","conifer","Conifer",0.33,-2.3123,2.3482,1.87856,0.79034,NA,"Good",NA,NA,10.4669254619556
"Abies","ABBA","NEON.PLA.D05.TREE.03245","TREE_023","TREE","D05",2019-11-04,"Live","sapling",NA,NA,10,0.8,NA,1.1,NA,"Abies balsamea (L.) Mill.",NA,NA,"2019",12,"douglas","Abies balsamea (L.) Mill.","balsam fir","Pinaceae","tree","balsamea",0.608,"sw2",-2.2304,2.4435,"AbiesBelow0.35spg","conifer","Conifer",0.33,-2.3123,2.3482,1.87856,0.79034,NA,"Good",NA,NA,1.83088809430162
"Abies","ABBA","NEON.PLA.D05.TREE.03567","TREE_053","TREE","D05",2018-10-09,"Live","sapling",NA,NA,10,1.2,NA,1.7,NA,"Abies balsamea (L.) Mill.",NA,NA,"2018",12,"douglas","Abies balsamea (L.) Mill.","balsam fir","Pinaceae","tree","balsamea",0.608,"sw2",-2.2304,2.4435,"AbiesBelow0.35spg","conifer","Conifer",0.33,-2.3123,2.3482,1.87856,0.79034,NA,"Good",NA,NA,5.01962389200376
"Abies","ABBA","NEON.PLA.D05.TREE.00725","TREE_057","TREE","D05",2018-10-16,"Live","sapling",NA,NA,10,1.5,NA,2.9,NA,"Abies balsamea (L.) Mill.",NA,NA,"2018",12,"douglas","Abies balsamea (L.) Mill.","balsam fir","Pinaceae","tree","balsamea",0.608,"sw2",-2.2304,2.4435,"AbiesBelow0.35spg","conifer","Conifer",0.33,-2.3123,2.3482,1.87856,0.79034,NA,"Good",NA,NA,13.9283702769755
"Abies","ABBA","NEON.PLA.D05.TREE.03869","TREE_045","TREE","D05",2017-10-19,"Live","sapling",NA,NA,10,0.9,NA,2.1,NA,"Abies balsamea (L.) Mill.",NA,NA,"2017",12,"douglas","Abies balsamea (L.) Mill.","balsam fir","Pinaceae","tree","balsamea",0.608,"sw2",-2.2304,2.4435,"AbiesBelow0.35spg","conifer","Conifer",0.33,-2.3123,2.3482,1.87856,0.79034,NA,"Good",NA,NA,5.58453079873001
"Abies","ABBA","NEON.PLA.D05.TREE.03451","TREE_023","TREE","D05",2019-11-04,"Live","sapling",NA,NA,10,1.7,NA,2.4,NA,"Abies balsamea (L.) Mill.",NA,NA,"2019",12,"douglas","Abies balsamea (L.) Mill.","balsam fir","Pinaceae","tree","balsamea",0.608,"sw2",-2.2304,2.4435,"AbiesBelow0.35spg","conifer","Conifer",0.33,-2.3123,2.3482,1.87856,0.79034,NA,"Good",NA,NA,11.4011950813665
"Abies","ABBA","NEON.PLA.D05.TREE.00727","TREE_052","TREE","D05",2017-09-26,"Live","sapling",NA,NA,10,0.7,NA,1.4,NA,"Abies balsamea (L.) Mill.",NA,NA,"2017",12,"douglas","Abies balsamea (L.) Mill.","balsam fir","Pinaceae","tree","balsamea",0.608,"sw2",-2.2304,2.4435,"AbiesBelow0.35spg","conifer","Conifer",0.33,-2.3123,2.3482,1.87856,0.79034,NA,"Good",NA,NA,2.41202341297483
"Abies","ABBA","NEON.PLA.D05.TREE.01395","TREE_045","TREE","D05",2017-10-19,"Live","sapling",NA,NA,10,0.9,NA,1.4,NA,"Abies balsamea (L.) Mill.",NA,NA,"2017",12,"douglas","Abies balsamea (L.) Mill.","balsam fir","Pinaceae","tree","balsamea",0.608,"sw2",-2.2304,2.4435,"AbiesBelow0.35spg","conifer","Conifer",0.33,-2.3123,2.3482,1.87856,0.79034,NA,"Good",NA,NA,2.9420006141659
"Abies","ABBA","NEON.PLA.D05.TREE.02370","TREE_006","TREE","D05",2019-10-09,"Standing dead","sapling",NA,NA,10,1.1,NA,2.1,NA,"Abies balsamea (L.) Mill.",NA,NA,"2019",12,"douglas","Abies balsamea (L.) Mill.","balsam fir","Pinaceae","tree","balsamea",0.608,"sw2",-2.2304,2.4435,"AbiesBelow0.35spg","conifer","Conifer",0.33,-2.3123,2.3482,1.87856,0.79034,NA,"Good",NA,NA,6.54432652870036
"Abies","ABBA","NEON.PLA.D05.TREE.02049","TREE_018","TREE","D05",2018-04-25,"Live","sapling",NA,NA,10,NA,NA,1.3,NA,"Abies balsamea (L.) Mill.",NA,NA,"2018",12,"douglas","Abies balsamea (L.) Mill.","balsam fir","Pinaceae","tree","balsamea",0.608,"sw2",-2.2304,2.4435,"AbiesBelow0.35spg","conifer","Conifer",0.33,-2.3123,2.3482,1.87856,0.79034,NA,"Check",NA,NA,NA
"Abies","ABBA","NEON.PLA.D05.TREE.03371","TREE_039","TREE","D05",2021-09-30,"Live","sapling","Full shade",NA,10,1.6,NA,2.8,NA,"Abies balsamea (L.) Mill.",NA,NA,"2021",12,"douglas","Abies balsamea (L.) Mill.","balsam fir","Pinaceae","tree","balsamea",0.608,"sw2",-2.2304,2.4435,"AbiesBelow0.35spg","conifer","Conifer",0.33,-2.3123,2.3482,1.87856,0.79034,NA,"Good",NA,NA,13.866377355394
"Abies","ABBA","NEON.PLA.D05.TREE.03868","TREE_045","TREE","D05",2017-10-19,"Live","sapling",NA,NA,10,0.8,NA,1.1,NA,"Abies balsamea (L.) Mill.",NA,NA,"2017",12,"douglas","Abies balsamea (L.) Mill.","balsam fir","Pinaceae","tree","balsamea",0.608,"sw2",-2.2304,2.4435,"AbiesBelow0.35spg","conifer","Conifer",0.33,-2.3123,2.3482,1.87856,0.79034,NA,"Good",NA,NA,1.83088809430162
"Abies","ABBA","NEON.PLA.D05.TREE.03882","TREE_057","TREE","D05",2017-10-17,"Live","sapling",NA,NA,10,0.8,NA,1.4,NA,"Abies balsamea (L.) Mill.",NA,NA,"2017",12,"douglas","Abies balsamea (L.) Mill.","balsam fir","Pinaceae","tree","balsamea",0.608,"sw2",-2.2304,2.4435,"AbiesBelow0.35spg","conifer","Conifer",0.33,-2.3123,2.3482,1.87856,0.79034,NA,"Good",NA,NA,2.68049421616019
"Abies","ABBA","NEON.PLA.D05.TREE.03538","TREE_056","TREE","D05",2018-10-09,"Live","sapling",NA,NA,10,1.2,NA,1.8,NA,"Abies balsamea (L.) Mill.",NA,NA,"2018",12,"douglas","Abies balsamea (L.) Mill.","balsam fir","Pinaceae","tree","balsamea",0.608,"sw2",-2.2304,2.4435,"AbiesBelow0.35spg","conifer","Conifer",0.33,-2.3123,2.3482,1.87856,0.79034,NA,"Good",NA,NA,5.49426142667611
"Abies","ABBA","NEON.PLA.D05.TREE.02086","TREE_006","TREE","D05",2019-10-09,"Standing dead","sapling",NA,NA,10,1.3,NA,2,NA,"Abies balsamea (L.) Mill.",NA,NA,"2019",12,"douglas","Abies balsamea (L.) Mill.","balsam fir","Pinaceae","tree","balsamea",0.608,"sw2",-2.2304,2.4435,"AbiesBelow0.35spg","conifer","Conifer",0.33,-2.3123,2.3482,1.87856,0.79034,NA,"Good",NA,NA,6.91370991225611
"Abies","ABBA","NEON.PLA.D05.TREE.02086","TREE_006","TREE","D05",2018-05-02,"Standing dead","sapling",NA,NA,10,NA,NA,2,NA,"Abies balsamea (L.) Mill.",NA,NA,"2018",12,"douglas","Abies balsamea (L.) Mill.","balsam fir","Pinaceae","tree","balsamea",0.608,"sw2",-2.2304,2.4435,"AbiesBelow0.35spg","conifer","Conifer",0.33,-2.3123,2.3482,1.87856,0.79034,NA,"Check",NA,NA,NA
"Abies","ABBA","NEON.PLA.D05.TREE.03167","TREE_057","TREE","D05",2018-10-16,"Standing dead","sapling",NA,NA,10,1.4,NA,1.3,NA,"Abies balsamea (L.) Mill.",NA,NA,"2018",12,"douglas","Abies balsamea (L.) Mill.","balsam fir","Pinaceae","tree","balsamea",0.608,"sw2",-2.2304,2.4435,"AbiesBelow0.35spg","conifer","Conifer",0.33,-2.3123,2.3482,1.87856,0.79034,NA,"Good",NA,NA,3.7104269058046
"Abies","ABBA","NEON.PLA.D05.TREE.03875","TREE_039","TREE","D05",2021-09-30,"Live","sapling","Partially shaded",NA,10,1.4,NA,2.6,NA,"Abies balsamea (L.) Mill.",NA,NA,"2021",12,"douglas","Abies balsamea (L.) Mill.","balsam fir","Pinaceae","tree","balsamea",0.608,"sw2",-2.2304,2.4435,"AbiesBelow0.35spg","conifer","Conifer",0.33,-2.3123,2.3482,1.87856,0.79034,NA,"Good",NA,NA,11.098287579688
"Abies","ABBA","NEON.PLA.D05.TREE.00943","TREE_057","TREE","D05",2016-10-18,"Live","sapling",NA,NA,10,0.8,NA,1.5,NA,"Abies balsamea (L.) Mill.",NA,NA,"2016",12,"douglas","Abies balsamea (L.) Mill.","balsam fir","Pinaceae","tree","balsamea",0.608,"sw2",-2.2304,2.4435,"AbiesBelow0.35spg","conifer","Conifer",0.33,-2.3123,2.3482,1.87856,0.79034,NA,"Good",NA,NA,2.9893525892959
"Abies","ABBA","NEON.PLA.D05.TREE.00102","TREE_054","TREE","D05",2021-09-20,"Standing dead","sapling","Full shade",NA,10,1.7,NA,2.2,NA,"Abies balsamea (L.) Mill.",NA,NA,"2021",12,"douglas","Abies balsamea (L.) Mill.","balsam fir","Pinaceae","tree","balsamea",0.608,"sw2",-2.2304,2.4435,"AbiesBelow0.35spg","conifer","Conifer",0.33,-2.3123,2.3482,1.87856,0.79034,NA,"Good",NA,NA,9.93616407485765
"Abies","ABBA","NEON.PLA.D05.TREE.01800","TREE_023","TREE","D05",2019-11-04,"Live","sapling",NA,NA,10,0.8,NA,1.3,NA,"Abies balsamea (L.) Mill.",NA,NA,"2019",12,"douglas","Abies balsamea (L.) Mill.","balsam fir","Pinaceae","tree","balsamea",0.608,"sw2",-2.2304,2.4435,"AbiesBelow0.35spg","conifer","Conifer",0.33,-2.3123,2.3482,1.87856,0.79034,NA,"Good",NA,NA,2.38419179553083
"Abies","ABBA","NEON.PLA.D05.TREE.03186","TREE_045","TREE","D05",2018-10-17,"Live","sapling",NA,NA,10,0.7,NA,1.3,NA,"Abies balsamea (L.) Mill.",NA,NA,"2018",12,"douglas","Abies balsamea (L.) Mill.","balsam fir","Pinaceae","tree","balsamea",0.608,"sw2",-2.2304,2.4435,"AbiesBelow0.35spg","conifer","Conifer",0.33,-2.3123,2.3482,1.87856,0.79034,NA,"Good",NA,NA,2.14539781401982
"Abies","ABBA","NEON.PLA.D05.TREE.03186","TREE_045","TREE","D05",2016-10-18,"Live","sapling",NA,NA,10,0.5,NA,1,NA,"Abies balsamea (L.) Mill.",NA,NA,"2016",12,"douglas","Abies balsamea (L.) Mill.","balsam fir","Pinaceae","tree","balsamea",0.608,"sw2",-2.2304,2.4435,"AbiesBelow0.35spg","conifer","Conifer",0.33,-2.3123,2.3482,1.87856,0.79034,NA,"Good",NA,NA,1.08619806286983
"Abies","ABBA","NEON.PLA.D05.TREE.03879","TREE_057","TREE","D05",2017-10-17,"Live","sapling",NA,NA,10,0.8,NA,1.2,NA,"Abies balsamea (L.) Mill.",NA,NA,"2017",12,"douglas","Abies balsamea (L.) Mill.","balsam fir","Pinaceae","tree","balsamea",0.608,"sw2",-2.2304,2.4435,"AbiesBelow0.35spg","conifer","Conifer",0.33,-2.3123,2.3482,1.87856,0.79034,NA,"Good",NA,NA,2.10084215377483
"Abies","ABBA","NEON.PLA.D05.TREE.03941","TREE_004","TREE","D05",2019-10-08,"Live","sapling",NA,NA,10,1.4,NA,2,NA,"Abies balsamea (L.) Mill.",NA,NA,"2019",12,"douglas","Abies balsamea (L.) Mill.","balsam fir","Pinaceae","tree","balsamea",0.608,"sw2",-2.2304,2.4435,"AbiesBelow0.35spg","conifer","Conifer",0.33,-2.3123,2.3482,1.87856,0.79034,NA,"Good",NA,NA,7.33074302742018
"Abies","ABBA","NEON.PLA.D05.TREE.02082","TREE_006","TREE","D05",2018-05-02,"Dead, broken bole","sapling",NA,NA,10,NA,NA,2.9,NA,"Abies balsamea (L.) Mill.",NA,NA,"2018",12,"douglas","Abies balsamea (L.) Mill.","balsam fir","Pinaceae","tree","balsamea",0.608,"sw2",-2.2304,2.4435,"AbiesBelow0.35spg","conifer","Conifer",0.33,-2.3123,2.3482,1.87856,0.79034,NA,"Check",NA,NA,NA
"Abies","ABBA","NEON.PLA.D05.TREE.00833","TREE_025","TREE","D05",2016-10-18,"Live","sapling",NA,NA,10,1.6,NA,3.2,NA,"Abies balsamea (L.) Mill.",NA,NA,"2016",12,"douglas","Abies balsamea (L.) Mill.","balsam fir","Pinaceae","tree","balsamea",0.608,"sw2",-2.2304,2.4435,"AbiesBelow0.35spg","conifer","Conifer",0.33,-2.3123,2.3482,1.87856,0.79034,NA,"Good",NA,NA,17.1249663003141
"Abies","ABBA","NEON.PLA.D05.TREE.00771","TREE_025","TREE","D05",2017-10-18,"Live","sapling",NA,NA,10,1,NA,1.3,NA,"Abies balsamea (L.) Mill.",NA,NA,"2017",12,"douglas","Abies balsamea (L.) Mill.","balsam fir","Pinaceae","tree","balsamea",0.608,"sw2",-2.2304,2.4435,"AbiesBelow0.35spg","conifer","Conifer",0.33,-2.3123,2.3482,1.87856,0.79034,NA,"Good",NA,NA,2.84402263695713
"Abies","ABBA","NEON.PLA.D05.TREE.02493","TREE_015","TREE","D05",2018-05-08,"Live","sapling",NA,NA,10,NA,NA,1.7,NA,"Abies balsamea (L.) Mill.",NA,NA,"2018",12,"douglas","Abies balsamea (L.) Mill.","balsam fir","Pinaceae","tree","balsamea",0.608,"sw2",-2.2304,2.4435,"AbiesBelow0.35spg","conifer","Conifer",0.33,-2.3123,2.3482,1.87856,0.79034,NA,"Check",NA,NA,NA
"Abies","ABBA","NEON.PLA.D05.TREE.03120","TREE_006","TREE","D05",2018-05-02,"Standing dead","sapling",NA,NA,10,NA,NA,1.4,NA,"Abies balsamea (L.) Mill.",NA,NA,"2018",12,"douglas","Abies balsamea (L.) Mill.","balsam fir","Pinaceae","tree","balsamea",0.608,"sw2",-2.2304,2.4435,"AbiesBelow0.35spg","conifer","Conifer",0.33,-2.3123,2.3482,1.87856,0.79034,NA,"Check",NA,NA,NA
"Abies","ABBA","NEON.PLA.D05.TREE.03281","TREE_025","TREE","D05",2018-10-17,"Live","sapling",NA,NA,10,0.8,NA,1.3,NA,"Abies balsamea (L.) Mill.",NA,NA,"2018",12,"douglas","Abies balsamea (L.) Mill.","balsam fir","Pinaceae","tree","balsamea",0.608,"sw2",-2.2304,2.4435,"AbiesBelow0.35spg","conifer","Conifer",0.33,-2.3123,2.3482,1.87856,0.79034,NA,"Good",NA,NA,2.38419179553083
"Abies","ABBA","NEON.PLA.D05.TREE.03890","TREE_047","TREE","D05",2017-10-16,"Live","sapling",NA,NA,10,1.2,NA,2,NA,"Abies balsamea (L.) Mill.",NA,NA,"2017",12,"douglas","Abies balsamea (L.) Mill.","balsam fir","Pinaceae","tree","balsamea",0.608,"sw2",-2.2304,2.4435,"AbiesBelow0.35spg","conifer","Conifer",0.33,-2.3123,2.3482,1.87856,0.79034,NA,"Good",NA,NA,6.48988902031208
"Abies","ABBA","NEON.PLA.D05.TREE.03125","TREE_004","TREE","D05",2019-10-08,"Live","sapling",NA,NA,10,1.1,NA,1.2,NA,"Abies balsamea (L.) Mill.",NA,NA,"2019",12,"douglas","Abies balsamea (L.) Mill.","balsam fir","Pinaceae","tree","balsamea",0.608,"sw2",-2.2304,2.4435,"AbiesBelow0.35spg","conifer","Conifer",0.33,-2.3123,2.3482,1.87856,0.79034,NA,"Good",NA,NA,2.70208855210126
"Abies","ABBA","NEON.PLA.D05.TREE.03434","TREE_057","TREE","D05",2018-10-16,"Live","sapling",NA,NA,10,1,NA,1.4,NA,"Abies balsamea (L.) Mill.",NA,NA,"2018",12,"douglas","Abies balsamea (L.) Mill.","balsam fir","Pinaceae","tree","balsamea",0.608,"sw2",-2.2304,2.4435,"AbiesBelow0.35spg","conifer","Conifer",0.33,-2.3123,2.3482,1.87856,0.79034,NA,"Good",NA,NA,3.19747188262383
"Abies","ABBA","NEON.PLA.D05.TREE.03126","TREE_004","TREE","D05",2018-05-02,"Live","sapling",NA,NA,10,NA,NA,1.1,NA,"Abies balsamea (L.) Mill.",NA,NA,"2018",12,"douglas","Abies balsamea (L.) Mill.","balsam fir","Pinaceae","tree","balsamea",0.608,"sw2",-2.2304,2.4435,"AbiesBelow0.35spg","conifer","Conifer",0.33,-2.3123,2.3482,1.87856,0.79034,NA,"Check",NA,NA,NA
"Abies","ABBA","NEON.PLA.D05.TREE.02061","TREE_018","TREE","D05",2019-10-30,"Live","sapling",NA,NA,10,1.8,NA,2.8,NA,"Abies balsamea (L.) Mill.",NA,NA,"2019",12,"douglas","Abies balsamea (L.) Mill.","balsam fir","Pinaceae","tree","balsamea",0.608,"sw2",-2.2304,2.4435,"AbiesBelow0.35spg","conifer","Conifer",0.33,-2.3123,2.3482,1.87856,0.79034,NA,"Good",NA,NA,15.2191675885292
"Abies","ABBA","NEON.PLA.D05.TREE.03451","TREE_023","TREE","D05",2018-05-08,"Live","sapling",NA,NA,10,NA,NA,1.6,NA,"Abies balsamea (L.) Mill.",NA,NA,"2018",12,"douglas","Abies balsamea (L.) Mill.","balsam fir","Pinaceae","tree","balsamea",0.608,"sw2",-2.2304,2.4435,"AbiesBelow0.35spg","conifer","Conifer",0.33,-2.3123,2.3482,1.87856,0.79034,NA,"Check",NA,NA,NA
"Abies","ABBA","NEON.PLA.D05.TREE.03277","TREE_025","TREE","D05",2018-10-17,"Live","sapling",NA,NA,10,0.9,NA,1.2,NA,"Abies balsamea (L.) Mill.",NA,NA,"2018",12,"douglas","Abies balsamea (L.) Mill.","balsam fir","Pinaceae","tree","balsamea",0.608,"sw2",-2.2304,2.4435,"AbiesBelow0.35spg","conifer","Conifer",0.33,-2.3123,2.3482,1.87856,0.79034,NA,"Good",NA,NA,2.30579826265209
"Abies","ABBA","NEON.PLA.D05.TREE.00856","TREE_025","TREE","D05",2017-10-18,"Live","sapling",NA,NA,10,1.8,NA,2.9,NA,"Abies balsamea (L.) Mill.",NA,NA,"2017",12,"douglas","Abies balsamea (L.) Mill.","balsam fir","Pinaceae","tree","balsamea",0.608,"sw2",-2.2304,2.4435,"AbiesBelow0.35spg","conifer","Conifer",0.33,-2.3123,2.3482,1.87856,0.79034,NA,"Good",NA,NA,16.0871980962083
"Abies","ABBA","NEON.PLA.D05.TREE.00856","TREE_025","TREE","D05",2016-10-18,"Live","sapling",NA,NA,10,1.7,NA,2.4,NA,"Abies balsamea (L.) Mill.",NA,NA,"2016",12,"douglas","Abies balsamea (L.) Mill.","balsam fir","Pinaceae","tree","balsamea",0.608,"sw2",-2.2304,2.4435,"AbiesBelow0.35spg","conifer","Conifer",0.33,-2.3123,2.3482,1.87856,0.79034,NA,"Good",NA,NA,11.4011950813665
"Abies","ABBA","NEON.PLA.D05.TREE.02201","TREE_023","TREE","D05",2019-11-04,"Live","sapling",NA,NA,10,1.4,NA,2,NA,"Abies balsamea (L.) Mill.",NA,NA,"2019",12,"douglas","Abies balsamea (L.) Mill.","balsam fir","Pinaceae","tree","balsamea",0.608,"sw2",-2.2304,2.4435,"AbiesBelow0.35spg","conifer","Conifer",0.33,-2.3123,2.3482,1.87856,0.79034,NA,"Good",NA,NA,7.33074302742018
"Abies","ABBA","NEON.PLA.D05.TREE.03368","TREE_039","TREE","D05",2020-10-01,"Live","sapling","Mostly shaded",NA,10,1.4,NA,1.8,NA,"Abies balsamea (L.) Mill.",NA,NA,"2020",12,"douglas","Abies balsamea (L.) Mill.","balsam fir","Pinaceae","tree","balsamea",0.608,"sw2",-2.2304,2.4435,"AbiesBelow0.35spg","conifer","Conifer",0.33,-2.3123,2.3482,1.87856,0.79034,NA,"Good",NA,NA,6.20611824306554
"Abies","ABBA","NEON.PLA.D05.TREE.03368","TREE_039","TREE","D05",2019-10-23,"Live","sapling",NA,NA,10,1.1,NA,1.3,NA,"Abies balsamea (L.) Mill.",NA,NA,"2019",12,"douglas","Abies balsamea (L.) Mill.","balsam fir","Pinaceae","tree","balsamea",0.608,"sw2",-2.2304,2.4435,"AbiesBelow0.35spg","conifer","Conifer",0.33,-2.3123,2.3482,1.87856,0.79034,NA,"Good",NA,NA,3.06653088864481
"Abies","ABBA","NEON.PLA.D05.TREE.03371","TREE_039","TREE","D05",2020-10-01,"Live","sapling","Full shade",NA,10,1.3,NA,2.3,NA,"Abies balsamea (L.) Mill.",NA,NA,"2020",12,"douglas","Abies balsamea (L.) Mill.","balsam fir","Pinaceae","tree","balsamea",0.608,"sw2",-2.2304,2.4435,"AbiesBelow0.35spg","conifer","Conifer",0.33,-2.3123,2.3482,1.87856,0.79034,NA,"Good",NA,NA,8.62293307844905
"Abies","ABBA","NEON.PLA.D05.TREE.03379","TREE_004","TREE","D05",2019-10-08,"Live","sapling",NA,NA,10,0.8,NA,1.1,NA,"Abies balsamea (L.) Mill.",NA,NA,"2019",12,"douglas","Abies balsamea (L.) Mill.","balsam fir","Pinaceae","tree","balsamea",0.608,"sw2",-2.2304,2.4435,"AbiesBelow0.35spg","conifer","Conifer",0.33,-2.3123,2.3482,1.87856,0.79034,NA,"Good",NA,NA,1.83088809430162
"Abies","ABBA","NEON.PLA.D05.TREE.03382","TREE_004","TREE","D05",2019-10-08,"Live","sapling",NA,NA,10,0.9,NA,1.2,NA,"Abies balsamea (L.) Mill.",NA,NA,"2019",12,"douglas","Abies balsamea (L.) Mill.","balsam fir","Pinaceae","tree","balsamea",0.608,"sw2",-2.2304,2.4435,"AbiesBelow0.35spg","conifer","Conifer",0.33,-2.3123,2.3482,1.87856,0.79034,NA,"Good",NA,NA,2.30579826265209
"Abies","ABBA","NEON.PLA.D05.TREE.00445","TREE_051","TREE","D05",2018-10-09,"Standing dead","sapling",NA,NA,10,1.7,NA,2,NA,"Abies balsamea (L.) Mill.",NA,NA,"2018",12,"douglas","Abies balsamea (L.) Mill.","balsam fir","Pinaceae","tree","balsamea",0.608,"sw2",-2.2304,2.4435,"AbiesBelow0.35spg","conifer","Conifer",0.33,-2.3123,2.3482,1.87856,0.79034,NA,"Good",NA,NA,8.5465367568453
"Abies","ABBA","NEON.PLA.D05.TREE.01378","TREE_039","TREE","D05",2018-10-17,"Live","sapling",NA,NA,10,1.2,NA,1.6,NA,"Abies balsamea (L.) Mill.",NA,NA,"2018",12,"douglas","Abies balsamea (L.) Mill.","balsam fir","Pinaceae","tree","balsamea",0.608,"sw2",-2.2304,2.4435,"AbiesBelow0.35spg","conifer","Conifer",0.33,-2.3123,2.3482,1.87856,0.79034,NA,"Good",NA,NA,4.5609315127338
"Abies","ABBA","NEON.PLA.D05.TREE.01445","TREE_040","TREE","D05",2020-09-29,"Live","sapling","Full shade",NA,10,1.4,NA,1.9,NA,"Abies balsamea (L.) Mill.",NA,NA,"2020",12,"douglas","Abies balsamea (L.) Mill.","balsam fir","Pinaceae","tree","balsamea",0.608,"sw2",-2.2304,2.4435,"AbiesBelow0.35spg","conifer","Conifer",0.33,-2.3123,2.3482,1.87856,0.79034,NA,"Good",NA,NA,6.75983576192128
"Abies","ABBA","NEON.PLA.D05.TREE.00709","TREE_052","TREE","D05",2017-09-26,"Live","sapling",NA,NA,10,1.4,NA,2.9,NA,"Abies balsamea (L.) Mill.",NA,NA,"2017",12,"douglas","Abies balsamea (L.) Mill.","balsam fir","Pinaceae","tree","balsamea",0.608,"sw2",-2.2304,2.4435,"AbiesBelow0.35spg","conifer","Conifer",0.33,-2.3123,2.3482,1.87856,0.79034,NA,"Good",NA,NA,13.1892217392414
"Abies","ABBA","NEON.PLA.D05.TREE.00102","TREE_054","TREE","D05",2016-10-18,"Live","sapling",NA,NA,10,1.5,NA,1.9,NA,"Abies balsamea (L.) Mill.",NA,NA,"2016",12,"douglas","Abies balsamea (L.) Mill.","balsam fir","Pinaceae","tree","balsamea",0.608,"sw2",-2.2304,2.4435,"AbiesBelow0.35spg","conifer","Conifer",0.33,-2.3123,2.3482,1.87856,0.79034,NA,"Good",NA,NA,7.13866954131559
"Abies","ABBA","NEON.PLA.D05.TREE.00638","TREE_046","TREE","D05",2017-09-25,"Live","sapling",NA,NA,10,0.9,NA,1.7,NA,"Abies balsamea (L.) Mill.",NA,NA,"2017",12,"douglas","Abies balsamea (L.) Mill.","balsam fir","Pinaceae","tree","balsamea",0.608,"sw2",-2.2304,2.4435,"AbiesBelow0.35spg","conifer","Conifer",0.33,-2.3123,2.3482,1.87856,0.79034,NA,"Good",NA,NA,3.99877618214974
"Abies","ABBA","NEON.PLA.D05.TREE.01495","TREE_041","TREE","D05",2016-10-18,"Live","sapling",NA,NA,10,1.4,NA,2.3,NA,"Abies balsamea (L.) Mill.",NA,NA,"2016",12,"douglas","Abies balsamea (L.) Mill.","balsam fir","Pinaceae","tree","balsamea",0.608,"sw2",-2.2304,2.4435,"AbiesBelow0.35spg","conifer","Conifer",0.33,-2.3123,2.3482,1.87856,0.79034,NA,"Good",NA,NA,9.14306607349736
"Abies","ABBA","NEON.PLA.D05.TREE.03539","TREE_056","TREE","D05",2016-09-28,"Live","sapling",NA,NA,10,1.1,NA,1.4,NA,"Abies balsamea (L.) Mill.",NA,NA,"2016",12,"douglas","Abies balsamea (L.) Mill.","balsam fir","Pinaceae","tree","balsamea",0.608,"sw2",-2.2304,2.4435,"AbiesBelow0.35spg","conifer","Conifer",0.33,-2.3123,2.3482,1.87856,0.79034,NA,"Good",NA,NA,3.4476329991979
"Abies","ABBA","NEON.PLA.D05.TREE.00378","TREE_054","TREE","D05",2016-10-18,"Live","sapling",NA,NA,10,1.4,NA,1.9,NA,"Abies balsamea (L.) Mill.",NA,NA,"2016",12,"douglas","Abies balsamea (L.) Mill.","balsam fir","Pinaceae","tree","balsamea",0.608,"sw2",-2.2304,2.4435,"AbiesBelow0.35spg","conifer","Conifer",0.33,-2.3123,2.3482,1.87856,0.79034,NA,"Good",NA,NA,6.75983576192128
"Abies","ABBA","NEON.PLA.D05.TREE.00782","TREE_052","TREE","D05",2018-08-29,"Live","sapling",NA,NA,10,1.6,NA,2.6,NA,"Abies balsamea (L.) Mill.",NA,NA,"2018",12,"douglas","Abies balsamea (L.) Mill.","balsam fir","Pinaceae","tree","balsamea",0.608,"sw2",-2.2304,2.4435,"AbiesBelow0.35spg","conifer","Conifer",0.33,-2.3123,2.3482,1.87856,0.79034,NA,"Good",NA,NA,12.3335849505482
"Abies","ABBA","NEON.PLA.D05.TREE.03453","TREE_023","TREE","D05",2018-05-08,"Live","sapling",NA,NA,10,NA,NA,1.7,NA,"Abies balsamea (L.) Mill.",NA,NA,"2018",12,"douglas","Abies balsamea (L.) Mill.","balsam fir","Pinaceae","tree","balsamea",0.608,"sw2",-2.2304,2.4435,"AbiesBelow0.35spg","conifer","Conifer",0.33,-2.3123,2.3482,1.87856,0.79034,NA,"Check",NA,NA,NA
"Abies","ABBA","NEON.PLA.D05.TREE.03454","TREE_023","TREE","D05",2019-11-04,"Live","sapling",NA,NA,10,0.8,NA,1.2,NA,"Abies balsamea (L.) Mill.",NA,NA,"2019",12,"douglas","Abies balsamea (L.) Mill.","balsam fir","Pinaceae","tree","balsamea",0.608,"sw2",-2.2304,2.4435,"AbiesBelow0.35spg","conifer","Conifer",0.33,-2.3123,2.3482,1.87856,0.79034,NA,"Good",NA,NA,2.10084215377483
"Abies","ABBA","NEON.PLA.D05.TREE.01654","TREE_056","TREE","D05",2021-09-22,"Live","sapling","Mostly shaded",NA,10,1,NA,1.6,NA,"Abies balsamea (L.) Mill.",NA,NA,"2021",12,"douglas","Abies balsamea (L.) Mill.","balsam fir","Pinaceae","tree","balsamea",0.608,"sw2",-2.2304,2.4435,"AbiesBelow0.35spg","conifer","Conifer",0.33,-2.3123,2.3482,1.87856,0.79034,NA,"Good",NA,NA,3.9488755305534
"Abies","ABBA","NEON.PLA.D05.TREE.00888","TREE_057","TREE","D05",2016-10-18,"Live","sapling",NA,NA,10,1.8,NA,2,NA,"Abies balsamea (L.) Mill.",NA,NA,"2016",12,"douglas","Abies balsamea (L.) Mill.","balsam fir","Pinaceae","tree","balsamea",0.608,"sw2",-2.2304,2.4435,"AbiesBelow0.35spg","conifer","Conifer",0.33,-2.3123,2.3482,1.87856,0.79034,NA,"Good",NA,NA,8.94147642719737
"Abies","ABBA","NEON.PLA.D05.TREE.03439","TREE_045","TREE","D05",2018-10-17,"Live","sapling",NA,NA,10,0.8,NA,1.1,NA,"Abies balsamea (L.) Mill.",NA,NA,"2018",12,"douglas","Abies balsamea (L.) Mill.","balsam fir","Pinaceae","tree","balsamea",0.608,"sw2",-2.2304,2.4435,"AbiesBelow0.35spg","conifer","Conifer",0.33,-2.3123,2.3482,1.87856,0.79034,NA,"Good",NA,NA,1.83088809430162
"Abies","ABBA","NEON.PLA.D05.TREE.00186","TREE_055","TREE","D05",2018-10-10,"Live","sapling",NA,NA,10,1.2,NA,2.4,NA,"Abies balsamea (L.) Mill.",NA,NA,"2018",12,"douglas","Abies balsamea (L.) Mill.","balsam fir","Pinaceae","tree","balsamea",0.608,"sw2",-2.2304,2.4435,"AbiesBelow0.35spg","conifer","Conifer",0.33,-2.3123,2.3482,1.87856,0.79034,NA,"Good",NA,NA,8.65759931562132
"Abies","ABBA","NEON.PLA.D05.TREE.00272","TREE_050","TREE","D05",2017-08-30,"Live","sapling",NA,NA,10,1.5,NA,3.2,NA,"Abies balsamea (L.) Mill.",NA,NA,"2017",12,"douglas","Abies balsamea (L.) Mill.","balsam fir","Pinaceae","tree","balsamea",0.608,"sw2",-2.2304,2.4435,"AbiesBelow0.35spg","conifer","Conifer",0.33,-2.3123,2.3482,1.87856,0.79034,NA,"Good",NA,NA,16.2733701955493
"Abies","ABBA","NEON.PLA.D05.TREE.00213","TREE_050","TREE","D05",2016-09-29,"Standing dead","sapling",NA,NA,10,1.3,NA,1.5,NA,"Abies balsamea (L.) Mill.",NA,NA,"2016",12,"douglas","Abies balsamea (L.) Mill.","balsam fir","Pinaceae","tree","balsamea",0.608,"sw2",-2.2304,2.4435,"AbiesBelow0.35spg","conifer","Conifer",0.33,-2.3123,2.3482,1.87856,0.79034,NA,"Good",NA,NA,4.38755921836179
"Abies","ABBA","NEON.PLA.D05.TREE.00601","TREE_042","TREE","D05",2016-09-28,"Live","sapling",NA,NA,10,1.5,NA,2.2,NA,"Abies balsamea (L.) Mill.",NA,NA,"2016",12,"douglas","Abies balsamea (L.) Mill.","balsam fir","Pinaceae","tree","balsamea",0.608,"sw2",-2.2304,2.4435,"AbiesBelow0.35spg","conifer","Conifer",0.33,-2.3123,2.3482,1.87856,0.79034,NA,"Good",NA,NA,9.00031520789677
"Abies","ABBA","NEON.PLA.D05.TREE.01676","TREE_039","TREE","D05",2020-10-01,"Live","sapling","Full shade",NA,10,1.1,NA,1.4,NA,"Abies balsamea (L.) Mill.",NA,NA,"2020",12,"douglas","Abies balsamea (L.) Mill.","balsam fir","Pinaceae","tree","balsamea",0.608,"sw2",-2.2304,2.4435,"AbiesBelow0.35spg","conifer","Conifer",0.33,-2.3123,2.3482,1.87856,0.79034,NA,"Good",NA,NA,3.4476329991979
"Abies","ABBA","NEON.PLA.D05.TREE.03539","TREE_056","TREE","D05",2022-09-21,"Live","sapling","Full shade",NA,10,1.5,NA,2.2,NA,"Abies balsamea (L.) Mill.",NA,NA,"2022",12,"douglas","Abies balsamea (L.) Mill.","balsam fir","Pinaceae","tree","balsamea",0.608,"sw2",-2.2304,2.4435,"AbiesBelow0.35spg","conifer","Conifer",0.33,-2.3123,2.3482,1.87856,0.79034,NA,"Good",NA,NA,9.00031520789677
"Abies","ABBA","NEON.PLA.D05.TREE.00771","TREE_025","TREE","D05",2016-10-18,"Live","sapling",NA,NA,10,1,NA,1.3,NA,"Abies balsamea (L.) Mill.",NA,NA,"2016",12,"douglas","Abies balsamea (L.) Mill.","balsam fir","Pinaceae","tree","balsamea",0.608,"sw2",-2.2304,2.4435,"AbiesBelow0.35spg","conifer","Conifer",0.33,-2.3123,2.3482,1.87856,0.79034,NA,"Good",NA,NA,2.84402263695713
"Abies","ABBA","NEON.PLA.D05.TREE.01006","TREE_039","TREE","D05",2020-10-01,"Standing dead","sapling","Full shade",NA,10,1.5,NA,1.7,NA,"Abies balsamea (L.) Mill.",NA,NA,"2020",12,"douglas","Abies balsamea (L.) Mill.","balsam fir","Pinaceae","tree","balsamea",0.608,"sw2",-2.2304,2.4435,"AbiesBelow0.35spg","conifer","Conifer",0.33,-2.3123,2.3482,1.87856,0.79034,NA,"Good",NA,NA,5.98774142442307
"Abies","ABBA","NEON.PLA.D05.TREE.01445","TREE_040","TREE","D05",2019-10-23,"Live","sapling",NA,NA,10,1.3,NA,1.7,NA,"Abies balsamea (L.) Mill.",NA,NA,"2019",12,"douglas","Abies balsamea (L.) Mill.","balsam fir","Pinaceae","tree","balsamea",0.608,"sw2",-2.2304,2.4435,"AbiesBelow0.35spg","conifer","Conifer",0.33,-2.3123,2.3482,1.87856,0.79034,NA,"Good",NA,NA,5.34742941663973
"Abies","ABBA","NEON.PLA.D05.TREE.01330","TREE_045","TREE","D05",2017-10-19,"Live","sapling",NA,NA,10,1.1,NA,1.8,NA,"Abies balsamea (L.) Mill.",NA,NA,"2017",12,"douglas","Abies balsamea (L.) Mill.","balsam fir","Pinaceae","tree","balsamea",0.608,"sw2",-2.2304,2.4435,"AbiesBelow0.35spg","conifer","Conifer",0.33,-2.3123,2.3482,1.87856,0.79034,NA,"Good",NA,NA,5.12912766484363
"Abies","ABBA","NEON.PLA.D05.TREE.03486","TREE_057","TREE","D05",2016-10-18,"Live","sapling",NA,NA,10,1,NA,2.9,NA,"Abies balsamea (L.) Mill.",NA,NA,"2016",12,"douglas","Abies balsamea (L.) Mill.","balsam fir","Pinaceae","tree","balsamea",0.608,"sw2",-2.2304,2.4435,"AbiesBelow0.35spg","conifer","Conifer",0.33,-2.3123,2.3482,1.87856,0.79034,NA,"Good",NA,NA,10.1094688407871
"Abies","ABBA","NEON.PLA.D05.TREE.00632","TREE_053","TREE","D05",2016-09-27,"Live","sapling",NA,NA,10,1.3,NA,2.3,NA,"Abies balsamea (L.) Mill.",NA,NA,"2016",12,"douglas","Abies balsamea (L.) Mill.","balsam fir","Pinaceae","tree","balsamea",0.608,"sw2",-2.2304,2.4435,"AbiesBelow0.35spg","conifer","Conifer",0.33,-2.3123,2.3482,1.87856,0.79034,NA,"Good",NA,NA,8.62293307844905
"Abies","ABBA","NEON.PLA.D05.TREE.00871","TREE_057","TREE","D05",2016-10-18,"Live","sapling",NA,NA,10,1.4,NA,2,NA,"Abies balsamea (L.) Mill.",NA,NA,"2016",12,"douglas","Abies balsamea (L.) Mill.","balsam fir","Pinaceae","tree","balsamea",0.608,"sw2",-2.2304,2.4435,"AbiesBelow0.35spg","conifer","Conifer",0.33,-2.3123,2.3482,1.87856,0.79034,NA,"Good",NA,NA,7.33074302742018
"Abies","ABBA","NEON.PLA.D05.TREE.00638","TREE_046","TREE","D05",2016-09-29,"Live","sapling",NA,NA,10,0.9,NA,1.3,NA,"Abies balsamea (L.) Mill.",NA,NA,"2016",12,"douglas","Abies balsamea (L.) Mill.","balsam fir","Pinaceae","tree","balsamea",0.608,"sw2",-2.2304,2.4435,"AbiesBelow0.35spg","conifer","Conifer",0.33,-2.3123,2.3482,1.87856,0.79034,NA,"Good",NA,NA,2.6167912187436
"Abies","ABBA","NEON.PLA.D05.TREE.02494","TREE_015","TREE","D05",2018-05-08,"Live","sapling",NA,NA,10,NA,NA,1.5,NA,"Abies balsamea (L.) Mill.",NA,NA,"2018",12,"douglas","Abies balsamea (L.) Mill.","balsam fir","Pinaceae","tree","balsamea",0.608,"sw2",-2.2304,2.4435,"AbiesBelow0.35spg","conifer","Conifer",0.33,-2.3123,2.3482,1.87856,0.79034,NA,"Check",NA,NA,NA
"Abies","ABBA","NEON.PLA.D05.TREE.01006","TREE_039","TREE","D05",2016-10-18,"Standing dead","sapling",NA,NA,10,1.4,NA,1.5,NA,"Abies balsamea (L.) Mill.",NA,NA,"2016",12,"douglas","Abies balsamea (L.) Mill.","balsam fir","Pinaceae","tree","balsamea",0.608,"sw2",-2.2304,2.4435,"AbiesBelow0.35spg","conifer","Conifer",0.33,-2.3123,2.3482,1.87856,0.79034,NA,"Good",NA,NA,4.65221560574602
"Abies","ABBA","NEON.PLA.D05.TREE.00071","TREE_050","TREE","D05",2017-08-30,"Live","sapling",NA,NA,10,1.4,NA,3.6,NA,"Abies balsamea (L.) Mill.",NA,NA,"2017",12,"douglas","Abies balsamea (L.) Mill.","balsam fir","Pinaceae","tree","balsamea",0.608,"sw2",-2.2304,2.4435,"AbiesBelow0.35spg","conifer","Conifer",0.33,-2.3123,2.3482,1.87856,0.79034,NA,"Good",NA,NA,18.563169889518
"Abies","ABBA","NEON.PLA.D05.TREE.00989","TREE_039","TREE","D05",2020-10-01,"Live","sapling","Full shade",NA,10,1.3,NA,2.2,NA,"Abies balsamea (L.) Mill.",NA,NA,"2020",12,"douglas","Abies balsamea (L.) Mill.","balsam fir","Pinaceae","tree","balsamea",0.608,"sw2",-2.2304,2.4435,"AbiesBelow0.35spg","conifer","Conifer",0.33,-2.3123,2.3482,1.87856,0.79034,NA,"Good",NA,NA,8.03784714306938
"Abies","ABBA","NEON.PLA.D05.TREE.00989","TREE_039","TREE","D05",2021-09-30,"Live","sapling","Full shade",NA,10,1.3,NA,2.2,NA,"Abies balsamea (L.) Mill.",NA,NA,"2021",12,"douglas","Abies balsamea (L.) Mill.","balsam fir","Pinaceae","tree","balsamea",0.608,"sw2",-2.2304,2.4435,"AbiesBelow0.35spg","conifer","Conifer",0.33,-2.3123,2.3482,1.87856,0.79034,NA,"Good",NA,NA,8.03784714306938
"Abies","ABBA","NEON.PLA.D05.TREE.03437","TREE_057","TREE","D05",2018-10-16,"Live","sapling",NA,NA,10,0.8,NA,1.2,NA,"Abies balsamea (L.) Mill.",NA,NA,"2018",12,"douglas","Abies balsamea (L.) Mill.","balsam fir","Pinaceae","tree","balsamea",0.608,"sw2",-2.2304,2.4435,"AbiesBelow0.35spg","conifer","Conifer",0.33,-2.3123,2.3482,1.87856,0.79034,NA,"Good",NA,NA,2.10084215377483
"Abies","ABBA","NEON.PLA.D05.TREE.02529","TREE_009","TREE","D05",2017-10-26,"Live","sapling",NA,NA,10,1.5,NA,2.4,NA,"Abies balsamea (L.) Mill.",NA,NA,"2017",12,"douglas","Abies balsamea (L.) Mill.","balsam fir","Pinaceae","tree","balsamea",0.608,"sw2",-2.2304,2.4435,"AbiesBelow0.35spg","conifer","Conifer",0.33,-2.3123,2.3482,1.87856,0.79034,NA,"Good",NA,NA,10.3273606097825
"Abies","ABBA","NEON.PLA.D05.TREE.03453","TREE_023","TREE","D05",2019-11-04,"Live","sapling",NA,NA,10,1.3,NA,1.7,NA,"Abies balsamea (L.) Mill.",NA,NA,"2019",12,"douglas","Abies balsamea (L.) Mill.","balsam fir","Pinaceae","tree","balsamea",0.608,"sw2",-2.2304,2.4435,"AbiesBelow0.35spg","conifer","Conifer",0.33,-2.3123,2.3482,1.87856,0.79034,NA,"Good",NA,NA,5.34742941663973
"Abies","ABBA","NEON.PLA.D05.TREE.03454","TREE_023","TREE","D05",2018-05-08,"Live","sapling",NA,NA,10,NA,NA,1.1,NA,"Abies balsamea (L.) Mill.",NA,NA,"2018",12,"douglas","Abies balsamea (L.) Mill.","balsam fir","Pinaceae","tree","balsamea",0.608,"sw2",-2.2304,2.4435,"AbiesBelow0.35spg","conifer","Conifer",0.33,-2.3123,2.3482,1.87856,0.79034,NA,"Check",NA,NA,NA
"Abies","ABBA","NEON.PLA.D05.TREE.00242","TREE_055","TREE","D05",2018-10-10,"Live","sapling",NA,NA,10,1.6,NA,3,NA,"Abies balsamea (L.) Mill.",NA,NA,"2018",12,"douglas","Abies balsamea (L.) Mill.","balsam fir","Pinaceae","tree","balsamea",0.608,"sw2",-2.2304,2.4435,"AbiesBelow0.35spg","conifer","Conifer",0.33,-2.3123,2.3482,1.87856,0.79034,NA,"Good",NA,NA,15.464122549341
"Abies","ABBA","NEON.PLA.D05.TREE.00823","TREE_025","TREE","D05",2016-10-18,"Live","sapling",NA,NA,10,1.6,NA,2.4,NA,"Abies balsamea (L.) Mill.",NA,NA,"2016",12,"douglas","Abies balsamea (L.) Mill.","balsam fir","Pinaceae","tree","balsamea",0.608,"sw2",-2.2304,2.4435,"AbiesBelow0.35spg","conifer","Conifer",0.33,-2.3123,2.3482,1.87856,0.79034,NA,"Good",NA,NA,10.8677981443626
"Abies","ABBA","NEON.PLA.D05.TREE.02249","TREE_006","TREE","D05",2019-10-09,"Live","sapling",NA,NA,10,1.3,NA,2,NA,"Abies balsamea (L.) Mill.",NA,NA,"2019",12,"douglas","Abies balsamea (L.) Mill.","balsam fir","Pinaceae","tree","balsamea",0.608,"sw2",-2.2304,2.4435,"AbiesBelow0.35spg","conifer","Conifer",0.33,-2.3123,2.3482,1.87856,0.79034,NA,"Good",NA,NA,6.91370991225611
"Abies","ABBA","NEON.PLA.D05.TREE.01666","TREE_056","TREE","D05",2022-09-21,"Live","sapling","Full shade",NA,10,1,NA,1.5,NA,"Abies balsamea (L.) Mill.",NA,NA,"2022",12,"douglas","Abies balsamea (L.) Mill.","balsam fir","Pinaceae","tree","balsamea",0.608,"sw2",-2.2304,2.4435,"AbiesBelow0.35spg","conifer","Conifer",0.33,-2.3123,2.3482,1.87856,0.79034,NA,"Good",NA,NA,3.56589870401389
"Abies","ABBA","NEON.PLA.D05.TREE.00733","TREE_051","TREE","D05",2016-09-28,"Live","sapling",NA,NA,10,1,NA,1.6,NA,"Abies balsamea (L.) Mill.",NA,NA,"2016",12,"douglas","Abies balsamea (L.) Mill.","balsam fir","Pinaceae","tree","balsamea",0.608,"sw2",-2.2304,2.4435,"AbiesBelow0.35spg","conifer","Conifer",0.33,-2.3123,2.3482,1.87856,0.79034,NA,"Good",NA,NA,3.9488755305534
"Abies","ABBA","NEON.PLA.D05.TREE.00577","TREE_055","TREE","D05",2017-09-14,"Live","sapling",NA,NA,10,1.6,NA,2.9,NA,"Abies balsamea (L.) Mill.",NA,NA,"2017",12,"douglas","Abies balsamea (L.) Mill.","balsam fir","Pinaceae","tree","balsamea",0.608,"sw2",-2.2304,2.4435,"AbiesBelow0.35spg","conifer","Conifer",0.33,-2.3123,2.3482,1.87856,0.79034,NA,"Good",NA,NA,14.6572510024221
"Abies","ABBA","NEON.PLA.D05.TREE.00215","TREE_050","TREE","D05",2016-09-29,"Live","sapling",NA,NA,10,1.4,NA,2.9,NA,"Abies balsamea (L.) Mill.",NA,NA,"2016",12,"douglas","Abies balsamea (L.) Mill.","balsam fir","Pinaceae","tree","balsamea",0.608,"sw2",-2.2304,2.4435,"AbiesBelow0.35spg","conifer","Conifer",0.33,-2.3123,2.3482,1.87856,0.79034,NA,"Good",NA,NA,13.1892217392414
"Abies","ABBA","NEON.PLA.D05.TREE.02080","TREE_006","TREE","D05",2018-05-02,"Standing dead","sapling",NA,NA,10,NA,NA,2,NA,"Abies balsamea (L.) Mill.",NA,NA,"2018",12,"douglas","Abies balsamea (L.) Mill.","balsam fir","Pinaceae","tree","balsamea",0.608,"sw2",-2.2304,2.4435,"AbiesBelow0.35spg","conifer","Conifer",0.33,-2.3123,2.3482,1.87856,0.79034,NA,"Check",NA,NA,NA
"Abies","ABBA","NEON.PLA.D05.TREE.03872","TREE_040","TREE","D05",2020-09-29,"Live","sapling","Full shade",NA,11,0.8,NA,1.7,NA,"Abies balsamea (L.) Mill.",NA,NA,"2020",12,"douglas","Abies balsamea (L.) Mill.","balsam fir","Pinaceae","tree","balsamea",0.608,"sw2",-2.2304,2.4435,"AbiesBelow0.35spg","conifer","Conifer",0.33,-2.3123,2.3482,1.87856,0.79034,NA,"Good",NA,NA,3.64333589067262
"Abies","ABBA","NEON.PLA.D05.TREE.03540","TREE_056","TREE","D05",2016-09-28,"Live","sapling",NA,NA,10,1.4,NA,2.4,NA,"Abies balsamea (L.) Mill.",NA,NA,"2016",12,"douglas","Abies balsamea (L.) Mill.","balsam fir","Pinaceae","tree","balsamea",0.608,"sw2",-2.2304,2.4435,"AbiesBelow0.35spg","conifer","Conifer",0.33,-2.3123,2.3482,1.87856,0.79034,NA,"Good",NA,NA,9.77930988011514
"Abies","ABBA","NEON.PLA.D05.TREE.01445","TREE_040","TREE","D05",2017-10-19,"Live","sapling",NA,NA,10,1.2,NA,2,NA,"Abies balsamea (L.) Mill.",NA,NA,"2017",12,"douglas","Abies balsamea (L.) Mill.","balsam fir","Pinaceae","tree","balsamea",0.608,"sw2",-2.2304,2.4435,"AbiesBelow0.35spg","conifer","Conifer",0.33,-2.3123,2.3482,1.87856,0.79034,NA,"Good",NA,NA,6.48988902031208
"Abies","ABBA","NEON.PLA.D05.TREE.00251","TREE_051","TREE","D05",2018-10-09,"Standing dead","sapling",NA,NA,10,1.2,NA,1.7,NA,"Abies balsamea (L.) Mill.",NA,NA,"2018",12,"douglas","Abies balsamea (L.) Mill.","balsam fir","Pinaceae","tree","balsamea",0.608,"sw2",-2.2304,2.4435,"AbiesBelow0.35spg","conifer","Conifer",0.33,-2.3123,2.3482,1.87856,0.79034,NA,"Good",NA,NA,5.01962389200376
"Abies","ABBA","NEON.PLA.D05.TREE.01445","TREE_040","TREE","D05",2016-10-20,"Live","sapling",NA,NA,10,1.2,NA,2,NA,"Abies balsamea (L.) Mill.",NA,NA,"2016",12,"douglas","Abies balsamea (L.) Mill.","balsam fir","Pinaceae","tree","balsamea",0.608,"sw2",-2.2304,2.4435,"AbiesBelow0.35spg","conifer","Conifer",0.33,-2.3123,2.3482,1.87856,0.79034,NA,"Good",NA,NA,6.48988902031208
"Abies","ABBA","NEON.PLA.D05.TREE.01790","TREE_023","TREE","D05",2019-11-04,"Live","sapling",NA,NA,15,0.9,NA,1.2,NA,"Abies balsamea (L.) Mill.",NA,NA,"2019",12,"douglas","Abies balsamea (L.) Mill.","balsam fir","Pinaceae","tree","balsamea",0.608,"sw2",-2.2304,2.4435,"AbiesBelow0.35spg","conifer","Conifer",0.33,-2.3123,2.3482,1.87856,0.79034,NA,"Good",NA,NA,2.30579826265209
"Abies","ABBA","NEON.PLA.D05.TREE.01791","TREE_023","TREE","D05",2019-11-04,"Live","sapling",NA,NA,10,1.3,NA,1.2,NA,"Abies balsamea (L.) Mill.",NA,NA,"2019",12,"douglas","Abies balsamea (L.) Mill.","balsam fir","Pinaceae","tree","balsamea",0.608,"sw2",-2.2304,2.4435,"AbiesBelow0.35spg","conifer","Conifer",0.33,-2.3123,2.3482,1.87856,0.79034,NA,"Good",NA,NA,3.08346676505258
"Abies","ABBA","NEON.PLA.D05.TREE.01795","TREE_023","TREE","D05",2019-11-04,"Live","sapling",NA,NA,10,1,NA,1.4,NA,"Abies balsamea (L.) Mill.",NA,NA,"2019",12,"douglas","Abies balsamea (L.) Mill.","balsam fir","Pinaceae","tree","balsamea",0.608,"sw2",-2.2304,2.4435,"AbiesBelow0.35spg","conifer","Conifer",0.33,-2.3123,2.3482,1.87856,0.79034,NA,"Good",NA,NA,3.19747188262383
"Abies","ABBA","NEON.PLA.D05.TREE.01796","TREE_023","TREE","D05",2019-11-04,"Live","sapling",NA,NA,10,0.7,NA,1.1,NA,"Abies balsamea (L.) Mill.",NA,NA,"2019",12,"douglas","Abies balsamea (L.) Mill.","balsam fir","Pinaceae","tree","balsamea",0.608,"sw2",-2.2304,2.4435,"AbiesBelow0.35spg","conifer","Conifer",0.33,-2.3123,2.3482,1.87856,0.79034,NA,"Good",NA,NA,1.64751146388164
"Abies","ABBA","NEON.PLA.D05.TREE.00228","TREE_050","TREE","D05",2018-08-29,"Live","sapling",NA,NA,10,1.5,NA,2,NA,"Abies balsamea (L.) Mill.",NA,NA,"2018",12,"douglas","Abies balsamea (L.) Mill.","balsam fir","Pinaceae","tree","balsamea",0.608,"sw2",-2.2304,2.4435,"AbiesBelow0.35spg","conifer","Conifer",0.33,-2.3123,2.3482,1.87856,0.79034,NA,"Good",NA,NA,7.74157151270527
"Abies","ABBA","NEON.PLA.D05.TREE.00782","TREE_052","TREE","D05",2016-09-29,"Live","sapling",NA,NA,10,1.4,NA,1.8,NA,"Abies balsamea (L.) Mill.",NA,NA,"2016",12,"douglas","Abies balsamea (L.) Mill.","balsam fir","Pinaceae","tree","balsamea",0.608,"sw2",-2.2304,2.4435,"AbiesBelow0.35spg","conifer","Conifer",0.33,-2.3123,2.3482,1.87856,0.79034,NA,"Good",NA,NA,6.20611824306554
"Abies","ABBA","NEON.PLA.D05.TREE.01551","TREE_006","TREE","D05",2019-10-09,"Live","sapling",NA,NA,10,0.6,NA,1,NA,"Abies balsamea (L.) Mill.",NA,NA,"2019",12,"douglas","Abies balsamea (L.) Mill.","balsam fir","Pinaceae","tree","balsamea",0.608,"sw2",-2.2304,2.4435,"AbiesBelow0.35spg","conifer","Conifer",0.33,-2.3123,2.3482,1.87856,0.79034,NA,"Good",NA,NA,1.25455333693923
"Abies","ABBA","NEON.PLA.D05.TREE.00782","TREE_052","TREE","D05",2017-09-26,"Live","sapling",NA,NA,10,1.6,NA,2,NA,"Abies balsamea (L.) Mill.",NA,NA,"2017",12,"douglas","Abies balsamea (L.) Mill.","balsam fir","Pinaceae","tree","balsamea",0.608,"sw2",-2.2304,2.4435,"AbiesBelow0.35spg","conifer","Conifer",0.33,-2.3123,2.3482,1.87856,0.79034,NA,"Good",NA,NA,8.14669301278527
"Abies","ABBA","NEON.PLA.D05.TREE.00989","TREE_039","TREE","D05",2019-10-23,"Live,  other damage","sapling",NA,NA,10,1.4,NA,2.2,NA,"Abies balsamea (L.) Mill.",NA,NA,"2019",12,"douglas","Abies balsamea (L.) Mill.","balsam fir","Pinaceae","tree","balsamea",0.608,"sw2",-2.2304,2.4435,"AbiesBelow0.35spg","conifer","Conifer",0.33,-2.3123,2.3482,1.87856,0.79034,NA,"Good",NA,NA,8.5226879124723
"Abies","ABBA","NEON.PLA.D05.TREE.00102","TREE_054","TREE","D05",2022-09-07,"Standing dead","sapling","Full shade",NA,10,1.6,NA,2.1,NA,"Abies balsamea (L.) Mill.",NA,NA,"2022",12,"douglas","Abies balsamea (L.) Mill.","balsam fir","Pinaceae","tree","balsamea",0.608,"sw2",-2.2304,2.4435,"AbiesBelow0.35spg","conifer","Conifer",0.33,-2.3123,2.3482,1.87856,0.79034,NA,"Good",NA,NA,8.79984155584691
"Abies","ABBA","NEON.PLA.D05.TREE.03539","TREE_056","TREE","D05",2017-09-25,"Live","sapling",NA,NA,10,1.1,NA,1.4,NA,"Abies balsamea (L.) Mill.",NA,NA,"2017",12,"douglas","Abies balsamea (L.) Mill.","balsam fir","Pinaceae","tree","balsamea",0.608,"sw2",-2.2304,2.4435,"AbiesBelow0.35spg","conifer","Conifer",0.33,-2.3123,2.3482,1.87856,0.79034,NA,"Good",NA,NA,3.4476329991979
"Abies","ABBA","NEON.PLA.D05.TREE.03540","TREE_056","TREE","D05",2018-10-09,"Live","sapling",NA,NA,10,1.5,NA,2.8,NA,"Abies balsamea (L.) Mill.",NA,NA,"2018",12,"douglas","Abies balsamea (L.) Mill.","balsam fir","Pinaceae","tree","balsamea",0.608,"sw2",-2.2304,2.4435,"AbiesBelow0.35spg","conifer","Conifer",0.33,-2.3123,2.3482,1.87856,0.79034,NA,"Good",NA,NA,13.1768254616284
"Abies","ABBA","NEON.PLA.D05.TREE.01157","TREE_045","TREE","D05",2017-10-19,"Live","sapling",NA,NA,10,1.6,NA,2.6,NA,"Abies balsamea (L.) Mill.",NA,NA,"2017",12,"douglas","Abies balsamea (L.) Mill.","balsam fir","Pinaceae","tree","balsamea",0.608,"sw2",-2.2304,2.4435,"AbiesBelow0.35spg","conifer","Conifer",0.33,-2.3123,2.3482,1.87856,0.79034,NA,"Good",NA,NA,12.3335849505482
"Abies","ABBA","NEON.PLA.D05.TREE.02249","TREE_006","TREE","D05",2018-05-02,"Live","sapling",NA,NA,10,NA,NA,2,NA,"Abies balsamea (L.) Mill.",NA,NA,"2018",12,"douglas","Abies balsamea (L.) Mill.","balsam fir","Pinaceae","tree","balsamea",0.608,"sw2",-2.2304,2.4435,"AbiesBelow0.35spg","conifer","Conifer",0.33,-2.3123,2.3482,1.87856,0.79034,NA,"Check",NA,NA,NA
"Abies","ABBA","NEON.PLA.D05.TREE.01658","TREE_056","TREE","D05",2022-09-21,"Live, physically damaged","sapling","Full shade",NA,10,0.6,NA,1.2,NA,"Abies balsamea (L.) Mill.",NA,NA,"2022",12,"douglas","Abies balsamea (L.) Mill.","balsam fir","Pinaceae","tree","balsamea",0.608,"sw2",-2.2304,2.4435,"AbiesBelow0.35spg","conifer","Conifer",0.33,-2.3123,2.3482,1.87856,0.79034,NA,"Good",NA,NA,1.67359103943094
"Abies","ABBA","NEON.PLA.D05.TREE.01666","TREE_056","TREE","D05",2021-09-22,"Live","sapling","Full shade",NA,10,1,NA,1.5,NA,"Abies balsamea (L.) Mill.",NA,NA,"2021",12,"douglas","Abies balsamea (L.) Mill.","balsam fir","Pinaceae","tree","balsamea",0.608,"sw2",-2.2304,2.4435,"AbiesBelow0.35spg","conifer","Conifer",0.33,-2.3123,2.3482,1.87856,0.79034,NA,"Good",NA,NA,3.56589870401389
"Abies","ABBA","NEON.PLA.D05.TREE.00871","TREE_057","TREE","D05",2017-10-17,"Live","sapling",NA,NA,20,1.6,NA,2.5,NA,"Abies balsamea (L.) Mill.",NA,NA,"2017",12,"douglas","Abies balsamea (L.) Mill.","balsam fir","Pinaceae","tree","balsamea",0.608,"sw2",-2.2304,2.4435,"AbiesBelow0.35spg","conifer","Conifer",0.33,-2.3123,2.3482,1.87856,0.79034,NA,"Good",NA,NA,11.5921787880208
"Abies","ABBA","NEON.PLA.D05.TREE.00102","TREE_054","TREE","D05",2017-08-30,"Live","sapling",NA,NA,10,1.6,NA,2.1,NA,"Abies balsamea (L.) Mill.",NA,NA,"2017",12,"douglas","Abies balsamea (L.) Mill.","balsam fir","Pinaceae","tree","balsamea",0.608,"sw2",-2.2304,2.4435,"AbiesBelow0.35spg","conifer","Conifer",0.33,-2.3123,2.3482,1.87856,0.79034,NA,"Good",NA,NA,8.79984155584691
"Abies","ABBA","NEON.PLA.D05.TREE.00733","TREE_051","TREE","D05",2017-09-26,"Live","sapling",NA,NA,10,1.1,NA,1.6,NA,"Abies balsamea (L.) Mill.",NA,NA,"2017",12,"douglas","Abies balsamea (L.) Mill.","balsam fir","Pinaceae","tree","balsamea",0.608,"sw2",-2.2304,2.4435,"AbiesBelow0.35spg","conifer","Conifer",0.33,-2.3123,2.3482,1.87856,0.79034,NA,"Good",NA,NA,4.25782433392009
"Abies","ABBA","NEON.PLA.D05.TREE.02685","TREE_023","TREE","D05",2018-05-08,"Live","sapling",NA,NA,10,NA,NA,1.8,NA,"Abies balsamea (L.) Mill.",NA,NA,"2018",12,"douglas","Abies balsamea (L.) Mill.","balsam fir","Pinaceae","tree","balsamea",0.608,"sw2",-2.2304,2.4435,"AbiesBelow0.35spg","conifer","Conifer",0.33,-2.3123,2.3482,1.87856,0.79034,NA,"Check",NA,NA,NA
"Abies","ABBA","NEON.PLA.D05.TREE.03864","TREE_045","TREE","D05",2018-10-17,"Live","sapling",NA,NA,10,0.7,NA,1.5,NA,"Abies balsamea (L.) Mill.",NA,NA,"2018",12,"douglas","Abies balsamea (L.) Mill.","balsam fir","Pinaceae","tree","balsamea",0.608,"sw2",-2.2304,2.4435,"AbiesBelow0.35spg","conifer","Conifer",0.33,-2.3123,2.3482,1.87856,0.79034,NA,"Good",NA,NA,2.6899473953529
"Abies","ABBA","NEON.PLA.D05.TREE.03538","TREE_056","TREE","D05",2017-09-25,"Live","sapling",NA,NA,10,1.1,NA,1.6,NA,"Abies balsamea (L.) Mill.",NA,NA,"2017",12,"douglas","Abies balsamea (L.) Mill.","balsam fir","Pinaceae","tree","balsamea",0.608,"sw2",-2.2304,2.4435,"AbiesBelow0.35spg","conifer","Conifer",0.33,-2.3123,2.3482,1.87856,0.79034,NA,"Good",NA,NA,4.25782433392009
"Abies","ABBA","NEON.PLA.D05.TREE.00359","TREE_054","TREE","D05",2018-10-09,"Live","sapling",NA,NA,10,1.1,NA,1.4,NA,"Abies balsamea (L.) Mill.",NA,NA,"2018",12,"douglas","Abies balsamea (L.) Mill.","balsam fir","Pinaceae","tree","balsamea",0.608,"sw2",-2.2304,2.4435,"AbiesBelow0.35spg","conifer","Conifer",0.33,-2.3123,2.3482,1.87856,0.79034,NA,"Good",NA,NA,3.4476329991979
"Abies","ABBA","NEON.PLA.D05.TREE.01330","TREE_045","TREE","D05",2016-10-18,"Live","sapling",NA,NA,10,1.1,NA,1.8,NA,"Abies balsamea (L.) Mill.",NA,NA,"2016",12,"douglas","Abies balsamea (L.) Mill.","balsam fir","Pinaceae","tree","balsamea",0.608,"sw2",-2.2304,2.4435,"AbiesBelow0.35spg","conifer","Conifer",0.33,-2.3123,2.3482,1.87856,0.79034,NA,"Good",NA,NA,5.12912766484363
"Abies","ABBA","NEON.PLA.D05.TREE.01330","TREE_045","TREE","D05",2018-10-17,"Live","sapling",NA,NA,10,1.1,NA,2,NA,"Abies balsamea (L.) Mill.",NA,NA,"2018",12,"douglas","Abies balsamea (L.) Mill.","balsam fir","Pinaceae","tree","balsamea",0.608,"sw2",-2.2304,2.4435,"AbiesBelow0.35spg","conifer","Conifer",0.33,-2.3123,2.3482,1.87856,0.79034,NA,"Good",NA,NA,6.05858854007711
"Abies","ABBA","NEON.PLA.D05.TREE.00251","TREE_051","TREE","D05",2017-09-26,"Live","sapling",NA,NA,10,1.2,NA,1.9,NA,"Abies balsamea (L.) Mill.",NA,NA,"2017",12,"douglas","Abies balsamea (L.) Mill.","balsam fir","Pinaceae","tree","balsamea",0.608,"sw2",-2.2304,2.4435,"AbiesBelow0.35spg","conifer","Conifer",0.33,-2.3123,2.3482,1.87856,0.79034,NA,"Good",NA,NA,5.9844662029907
"Abies","ABBA","NEON.PLA.D05.TREE.03874","TREE_039","TREE","D05",2017-10-17,"Live","sapling",NA,NA,10,1,NA,1.6,NA,"Abies balsamea (L.) Mill.",NA,NA,"2017",12,"douglas","Abies balsamea (L.) Mill.","balsam fir","Pinaceae","tree","balsamea",0.608,"sw2",-2.2304,2.4435,"AbiesBelow0.35spg","conifer","Conifer",0.33,-2.3123,2.3482,1.87856,0.79034,NA,"Good",NA,NA,3.9488755305534
"Abies","ABBA","NEON.PLA.D05.TREE.00632","TREE_053","TREE","D05",2018-10-09,"Live","sapling",NA,NA,10,1.6,NA,3.3,NA,"Abies balsamea (L.) Mill.",NA,NA,"2018",12,"douglas","Abies balsamea (L.) Mill.","balsam fir","Pinaceae","tree","balsamea",0.608,"sw2",-2.2304,2.4435,"AbiesBelow0.35spg","conifer","Conifer",0.33,-2.3123,2.3482,1.87856,0.79034,NA,"Good",NA,NA,17.9785172983536
"Abies","ABBA","NEON.PLA.D05.TREE.02484","TREE_015","TREE","D05",2018-05-08,"Live","sapling",NA,NA,10,NA,NA,1.8,NA,"Abies balsamea (L.) Mill.",NA,NA,"2018",12,"douglas","Abies balsamea (L.) Mill.","balsam fir","Pinaceae","tree","balsamea",0.608,"sw2",-2.2304,2.4435,"AbiesBelow0.35spg","conifer","Conifer",0.33,-2.3123,2.3482,1.87856,0.79034,NA,"Check",NA,NA,NA
"Abies","ABBA","NEON.PLA.D05.TREE.03882","TREE_057","TREE","D05",2018-10-16,"Live","sapling",NA,NA,10,1,NA,1.5,NA,"Abies balsamea (L.) Mill.",NA,NA,"2018",12,"douglas","Abies balsamea (L.) Mill.","balsam fir","Pinaceae","tree","balsamea",0.608,"sw2",-2.2304,2.4435,"AbiesBelow0.35spg","conifer","Conifer",0.33,-2.3123,2.3482,1.87856,0.79034,NA,"Good",NA,NA,3.56589870401389
"Abies","ABBA","NEON.PLA.D05.TREE.03174","TREE_057","TREE","D05",2016-10-18,"Live","sapling",NA,NA,10,0.7,NA,1.5,NA,"Abies balsamea (L.) Mill.",NA,NA,"2016",12,"douglas","Abies balsamea (L.) Mill.","balsam fir","Pinaceae","tree","balsamea",0.608,"sw2",-2.2304,2.4435,"AbiesBelow0.35spg","conifer","Conifer",0.33,-2.3123,2.3482,1.87856,0.79034,NA,"Good",NA,NA,2.6899473953529
"Abies","ABBA","NEON.PLA.D05.TREE.05158","TREE_040","TREE","D05",2021-10-05,"Live","sapling","Full shade",NA,10,0.8,NA,1.1,NA,"Abies balsamea (L.) Mill.",NA,NA,"2021",12,"douglas","Abies balsamea (L.) Mill.","balsam fir","Pinaceae","tree","balsamea",0.608,"sw2",-2.2304,2.4435,"AbiesBelow0.35spg","conifer","Conifer",0.33,-2.3123,2.3482,1.87856,0.79034,NA,"Good",NA,NA,1.83088809430162
"Abies","ABBA","NEON.PLA.D05.TREE.03448","TREE_023","TREE","D05",2019-11-04,"Live","sapling",NA,NA,10,1.4,NA,1.5,NA,"Abies balsamea (L.) Mill.",NA,NA,"2019",12,"douglas","Abies balsamea (L.) Mill.","balsam fir","Pinaceae","tree","balsamea",0.608,"sw2",-2.2304,2.4435,"AbiesBelow0.35spg","conifer","Conifer",0.33,-2.3123,2.3482,1.87856,0.79034,NA,"Good",NA,NA,4.65221560574602
"Abies","ABBA","NEON.PLA.D05.TREE.03450","TREE_023","TREE","D05",2018-05-08,"Live","sapling",NA,NA,10,NA,NA,1,NA,"Abies balsamea (L.) Mill.",NA,NA,"2018",12,"douglas","Abies balsamea (L.) Mill.","balsam fir","Pinaceae","tree","balsamea",0.608,"sw2",-2.2304,2.4435,"AbiesBelow0.35spg","conifer","Conifer",0.33,-2.3123,2.3482,1.87856,0.79034,NA,"Check",NA,NA,NA
"Abies","ABBA","NEON.PLA.D05.TREE.05140","TREE_050","TREE","D05",2021-10-06,"Live,  other damage","sapling","Open grown",NA,10,1.1,NA,3,NA,"Abies balsamea (L.) Mill.",NA,NA,"2021",12,"douglas","Abies balsamea (L.) Mill.","balsam fir","Pinaceae","tree","balsamea",0.608,"sw2",-2.2304,2.4435,"AbiesBelow0.35spg","conifer","Conifer",0.33,-2.3123,2.3482,1.87856,0.79034,NA,"Good",NA,NA,11.5004647300136
"Abies","ABBA","NEON.PLA.D05.TREE.03878","TREE_039","TREE","D05",2017-10-17,"Live","sapling",NA,NA,10,0.9,NA,1.3,NA,"Abies balsamea (L.) Mill.",NA,NA,"2017",12,"douglas","Abies balsamea (L.) Mill.","balsam fir","Pinaceae","tree","balsamea",0.608,"sw2",-2.2304,2.4435,"AbiesBelow0.35spg","conifer","Conifer",0.33,-2.3123,2.3482,1.87856,0.79034,NA,"Good",NA,NA,2.6167912187436
"Abies","ABBA","NEON.PLA.D05.TREE.03191","TREE_045","TREE","D05",2017-10-19,"Live","sapling",NA,NA,10,1.5,NA,1.8,NA,"Abies balsamea (L.) Mill.",NA,NA,"2017",12,"douglas","Abies balsamea (L.) Mill.","balsam fir","Pinaceae","tree","balsamea",0.608,"sw2",-2.2304,2.4435,"AbiesBelow0.35spg","conifer","Conifer",0.33,-2.3123,2.3482,1.87856,0.79034,NA,"Good",NA,NA,6.55392066196932
"Abies","ABBA","NEON.PLA.D05.TREE.03886","TREE_057","TREE","D05",2018-10-16,"Live","sapling",NA,NA,10,1.1,NA,1.4,NA,"Abies balsamea (L.) Mill.",NA,NA,"2018",12,"douglas","Abies balsamea (L.) Mill.","balsam fir","Pinaceae","tree","balsamea",0.608,"sw2",-2.2304,2.4435,"AbiesBelow0.35spg","conifer","Conifer",0.33,-2.3123,2.3482,1.87856,0.79034,NA,"Good",NA,NA,3.4476329991979
"Abies","ABBA","NEON.PLA.D05.TREE.02496","TREE_015","TREE","D05",2018-05-08,"Live","sapling",NA,NA,10,NA,NA,1.3,NA,"Abies balsamea (L.) Mill.",NA,NA,"2018",12,"douglas","Abies balsamea (L.) Mill.","balsam fir","Pinaceae","tree","balsamea",0.608,"sw2",-2.2304,2.4435,"AbiesBelow0.35spg","conifer","Conifer",0.33,-2.3123,2.3482,1.87856,0.79034,NA,"Check",NA,NA,NA
"Abies","ABBA","NEON.PLA.D05.TREE.00725","TREE_057","TREE","D05",2016-10-18,"Live","sapling",NA,NA,10,1.2,NA,2.4,NA,"Abies balsamea (L.) Mill.",NA,NA,"2016",12,"douglas","Abies balsamea (L.) Mill.","balsam fir","Pinaceae","tree","balsamea",0.608,"sw2",-2.2304,2.4435,"AbiesBelow0.35spg","conifer","Conifer",0.33,-2.3123,2.3482,1.87856,0.79034,NA,"Good",NA,NA,8.65759931562132
"Abies","ABBA","NEON.PLA.D05.TREE.03878","TREE_039","TREE","D05",2020-10-01,"Live","sapling","Mostly shaded",NA,10,1.3,NA,2.8,NA,"Abies balsamea (L.) Mill.",NA,NA,"2020",12,"douglas","Abies balsamea (L.) Mill.","balsam fir","Pinaceae","tree","balsamea",0.608,"sw2",-2.2304,2.4435,"AbiesBelow0.35spg","conifer","Conifer",0.33,-2.3123,2.3482,1.87856,0.79034,NA,"Good",NA,NA,11.7677332898904
"Abies","ABBA","NEON.PLA.D05.TREE.02210","TREE_023","TREE","D05",2019-11-04,"Live","sapling",NA,NA,10,1.6,NA,2.1,NA,"Abies balsamea (L.) Mill.",NA,NA,"2019",12,"douglas","Abies balsamea (L.) Mill.","balsam fir","Pinaceae","tree","balsamea",0.608,"sw2",-2.2304,2.4435,"AbiesBelow0.35spg","conifer","Conifer",0.33,-2.3123,2.3482,1.87856,0.79034,NA,"Good",NA,NA,8.79984155584691
"Abies","ABBA","NEON.PLA.D05.TREE.03877","TREE_039","TREE","D05",2019-10-23,"Live","sapling",NA,NA,10,1.6,NA,2.2,NA,"Abies balsamea (L.) Mill.",NA,NA,"2019",12,"douglas","Abies balsamea (L.) Mill.","balsam fir","Pinaceae","tree","balsamea",0.608,"sw2",-2.2304,2.4435,"AbiesBelow0.35spg","conifer","Conifer",0.33,-2.3123,2.3482,1.87856,0.79034,NA,"Good",NA,NA,9.47130758873726
"Abies","ABBA","NEON.PLA.D05.TREE.03876","TREE_039","TREE","D05",2017-10-17,"Live","sapling",NA,NA,10,1.2,NA,1.9,NA,"Abies balsamea (L.) Mill.",NA,NA,"2017",12,"douglas","Abies balsamea (L.) Mill.","balsam fir","Pinaceae","tree","balsamea",0.608,"sw2",-2.2304,2.4435,"AbiesBelow0.35spg","conifer","Conifer",0.33,-2.3123,2.3482,1.87856,0.79034,NA,"Good",NA,NA,5.9844662029907
"Abies","ABBA","NEON.PLA.D05.TREE.03877","TREE_039","TREE","D05",2017-10-17,"Live","sapling",NA,NA,10,1.1,NA,1.5,NA,"Abies balsamea (L.) Mill.",NA,NA,"2017",12,"douglas","Abies balsamea (L.) Mill.","balsam fir","Pinaceae","tree","balsamea",0.608,"sw2",-2.2304,2.4435,"AbiesBelow0.35spg","conifer","Conifer",0.33,-2.3123,2.3482,1.87856,0.79034,NA,"Good",NA,NA,3.84488448844998
"Abies","ABBA","NEON.PLA.D05.TREE.05141","TREE_050","TREE","D05",2021-10-06,"Live","sapling","Partially shaded",NA,10,0.9,NA,1.5,NA,"Abies balsamea (L.) Mill.",NA,NA,"2021",12,"douglas","Abies balsamea (L.) Mill.","balsam fir","Pinaceae","tree","balsamea",0.608,"sw2",-2.2304,2.4435,"AbiesBelow0.35spg","conifer","Conifer",0.33,-2.3123,2.3482,1.87856,0.79034,NA,"Good",NA,NA,3.28099090855913
"Abies","ABBA","NEON.PLA.D05.TREE.03880","TREE_057","TREE","D05",2017-10-17,"Live","sapling",NA,NA,10,1.3,NA,3,NA,"Abies balsamea (L.) Mill.",NA,NA,"2017",12,"douglas","Abies balsamea (L.) Mill.","balsam fir","Pinaceae","tree","balsamea",0.608,"sw2",-2.2304,2.4435,"AbiesBelow0.35spg","conifer","Conifer",0.33,-2.3123,2.3482,1.87856,0.79034,NA,"Good",NA,NA,13.1236634528799
"Abies","ABBA","NEON.PLA.D05.TREE.03878","TREE_039","TREE","D05",2019-10-23,"Live","sapling",NA,NA,10,1.4,NA,2,NA,"Abies balsamea (L.) Mill.",NA,NA,"2019",12,"douglas","Abies balsamea (L.) Mill.","balsam fir","Pinaceae","tree","balsamea",0.608,"sw2",-2.2304,2.4435,"AbiesBelow0.35spg","conifer","Conifer",0.33,-2.3123,2.3482,1.87856,0.79034,NA,"Good",NA,NA,7.33074302742018
"Abies","ABBA","NEON.PLA.D05.TREE.05144","TREE_042","TREE","D05",2021-10-04,"Live","sapling","Full shade",NA,10,1.1,NA,1.5,NA,"Abies balsamea (L.) Mill.",NA,NA,"2021",12,"douglas","Abies balsamea (L.) Mill.","balsam fir","Pinaceae","tree","balsamea",0.608,"sw2",-2.2304,2.4435,"AbiesBelow0.35spg","conifer","Conifer",0.33,-2.3123,2.3482,1.87856,0.79034,NA,"Good",NA,NA,3.84488448844998
"Abies","ABBA","NEON.PLA.D05.TREE.03944","TREE_004","TREE","D05",2019-10-08,"Live","sapling",NA,NA,10,1.2,NA,1.7,NA,"Abies balsamea (L.) Mill.",NA,NA,"2019",12,"douglas","Abies balsamea (L.) Mill.","balsam fir","Pinaceae","tree","balsamea",0.608,"sw2",-2.2304,2.4435,"AbiesBelow0.35spg","conifer","Conifer",0.33,-2.3123,2.3482,1.87856,0.79034,NA,"Good",NA,NA,5.01962389200376
"Abies","ABBA","NEON.PLA.D05.TREE.03956","TREE_004","TREE","D05",2018-05-02,"Live","sapling",NA,NA,10,NA,NA,1.5,NA,"Abies balsamea (L.) Mill.",NA,NA,"2018",12,"douglas","Abies balsamea (L.) Mill.","balsam fir","Pinaceae","tree","balsamea",0.608,"sw2",-2.2304,2.4435,"AbiesBelow0.35spg","conifer","Conifer",0.33,-2.3123,2.3482,1.87856,0.79034,NA,"Check",NA,NA,NA
"Abies","ABBA","NEON.PLA.D05.TREE.03944","TREE_004","TREE","D05",2018-05-02,"Live","sapling",NA,NA,10,NA,NA,1.6,NA,"Abies balsamea (L.) Mill.",NA,NA,"2018",12,"douglas","Abies balsamea (L.) Mill.","balsam fir","Pinaceae","tree","balsamea",0.608,"sw2",-2.2304,2.4435,"AbiesBelow0.35spg","conifer","Conifer",0.33,-2.3123,2.3482,1.87856,0.79034,NA,"Check",NA,NA,NA
"Abies","ABBA","NEON.PLA.D05.TREE.03119","TREE_006","TREE","D05",2018-05-02,"Standing dead","sapling",NA,NA,10,NA,NA,1.8,NA,"Abies balsamea (L.) Mill.",NA,NA,"2018",12,"douglas","Abies balsamea (L.) Mill.","balsam fir","Pinaceae","tree","balsamea",0.608,"sw2",-2.2304,2.4435,"AbiesBelow0.35spg","conifer","Conifer",0.33,-2.3123,2.3482,1.87856,0.79034,NA,"Check",NA,NA,NA
"Abies","ABBA","NEON.PLA.D05.TREE.01029","TREE_057","TREE","D05",2016-10-18,"Live","sapling",NA,NA,10,1.1,NA,1.6,NA,"Abies balsamea (L.) Mill.",NA,NA,"2016",12,"douglas","Abies balsamea (L.) Mill.","balsam fir","Pinaceae","tree","balsamea",0.608,"sw2",-2.2304,2.4435,"AbiesBelow0.35spg","conifer","Conifer",0.33,-2.3123,2.3482,1.87856,0.79034,NA,"Good",NA,NA,4.25782433392009
"Abies","ABBA","NEON.PLA.D05.TREE.02210","TREE_023","TREE","D05",2018-05-08,"Live","sapling",NA,NA,10,NA,NA,2.2,NA,"Abies balsamea (L.) Mill.",NA,NA,"2018",12,"douglas","Abies balsamea (L.) Mill.","balsam fir","Pinaceae","tree","balsamea",0.608,"sw2",-2.2304,2.4435,"AbiesBelow0.35spg","conifer","Conifer",0.33,-2.3123,2.3482,1.87856,0.79034,NA,"Check",NA,NA,NA
"Abies","ABBA","NEON.PLA.D05.TREE.01125","TREE_045","TREE","D05",2018-10-17,"Live","sapling",NA,NA,10,1.4,NA,1.8,NA,"Abies balsamea (L.) Mill.",NA,NA,"2018",12,"douglas","Abies balsamea (L.) Mill.","balsam fir","Pinaceae","tree","balsamea",0.608,"sw2",-2.2304,2.4435,"AbiesBelow0.35spg","conifer","Conifer",0.33,-2.3123,2.3482,1.87856,0.79034,NA,"Good",NA,NA,6.20611824306554
"Abies","ABBA","NEON.PLA.D05.TREE.03491","TREE_025","TREE","D05",2017-10-18,"Live","sapling",NA,NA,10,1.1,NA,2.1,NA,"Abies balsamea (L.) Mill.",NA,NA,"2017",12,"douglas","Abies balsamea (L.) Mill.","balsam fir","Pinaceae","tree","balsamea",0.608,"sw2",-2.2304,2.4435,"AbiesBelow0.35spg","conifer","Conifer",0.33,-2.3123,2.3482,1.87856,0.79034,NA,"Good",NA,NA,6.54432652870036
"Abies","ABBA","NEON.PLA.D05.TREE.05139","TREE_050","TREE","D05",2021-10-06,"Live","sapling","Full shade",NA,10,0.7,NA,1.2,NA,"Abies balsamea (L.) Mill.",NA,NA,"2021",12,"douglas","Abies balsamea (L.) Mill.","balsam fir","Pinaceae","tree","balsamea",0.608,"sw2",-2.2304,2.4435,"AbiesBelow0.35spg","conifer","Conifer",0.33,-2.3123,2.3482,1.87856,0.79034,NA,"Good",NA,NA,1.89042767983593
"Abies","ABBA","NEON.PLA.D05.TREE.00982","TREE_057","TREE","D05",2017-10-17,"Live","sapling",NA,NA,10,1.8,NA,2.4,NA,"Abies balsamea (L.) Mill.",NA,NA,"2017",12,"douglas","Abies balsamea (L.) Mill.","balsam fir","Pinaceae","tree","balsamea",0.608,"sw2",-2.2304,2.4435,"AbiesBelow0.35spg","conifer","Conifer",0.33,-2.3123,2.3482,1.87856,0.79034,NA,"Good",NA,NA,11.9280499180286
"Abies","ABBA","NEON.PLA.D05.TREE.03121","TREE_006","TREE","D05",2018-05-02,"Live","sapling",NA,NA,10,NA,NA,1.1,NA,"Abies balsamea (L.) Mill.",NA,NA,"2018",12,"douglas","Abies balsamea (L.) Mill.","balsam fir","Pinaceae","tree","balsamea",0.608,"sw2",-2.2304,2.4435,"AbiesBelow0.35spg","conifer","Conifer",0.33,-2.3123,2.3482,1.87856,0.79034,NA,"Check",NA,NA,NA
"Abies","ABBA","NEON.PLA.D05.TREE.03887","TREE_057","TREE","D05",2018-10-16,"Live","sapling",NA,NA,10,1.2,NA,1.4,NA,"Abies balsamea (L.) Mill.",NA,NA,"2018",12,"douglas","Abies balsamea (L.) Mill.","balsam fir","Pinaceae","tree","balsamea",0.608,"sw2",-2.2304,2.4435,"AbiesBelow0.35spg","conifer","Conifer",0.33,-2.3123,2.3482,1.87856,0.79034,NA,"Good",NA,NA,3.69306405271669
"Abies","ABBA","NEON.PLA.D05.TREE.03447","TREE_023","TREE","D05",2019-11-04,"Live","sapling",NA,NA,10,1.4,NA,1.6,NA,"Abies balsamea (L.) Mill.",NA,NA,"2019",12,"douglas","Abies balsamea (L.) Mill.","balsam fir","Pinaceae","tree","balsamea",0.608,"sw2",-2.2304,2.4435,"AbiesBelow0.35spg","conifer","Conifer",0.33,-2.3123,2.3482,1.87856,0.79034,NA,"Good",NA,NA,5.15186265602836
"Abies","ABBA","NEON.PLA.D05.TREE.05142","TREE_050","TREE","D05",2021-10-06,"Live","sapling","Mostly shaded",NA,10,1.2,NA,2.8,NA,"Abies balsamea (L.) Mill.",NA,NA,"2021",12,"douglas","Abies balsamea (L.) Mill.","balsam fir","Pinaceae","tree","balsamea",0.608,"sw2",-2.2304,2.4435,"AbiesBelow0.35spg","conifer","Conifer",0.33,-2.3123,2.3482,1.87856,0.79034,NA,"Good",NA,NA,11.0463534110153
"Abies","ABBA","NEON.PLA.D05.TREE.03878","TREE_039","TREE","D05",2018-10-17,"Live","sapling",NA,NA,10,1,NA,1.7,NA,"Abies balsamea (L.) Mill.",NA,NA,"2018",12,"douglas","Abies balsamea (L.) Mill.","balsam fir","Pinaceae","tree","balsamea",0.608,"sw2",-2.2304,2.4435,"AbiesBelow0.35spg","conifer","Conifer",0.33,-2.3123,2.3482,1.87856,0.79034,NA,"Good",NA,NA,4.34601350719115
"Abies","ABBA","NEON.PLA.D05.TREE.03874","TREE_039","TREE","D05",2018-10-17,"Live","sapling",NA,NA,10,1.3,NA,2.4,NA,"Abies balsamea (L.) Mill.",NA,NA,"2018",12,"douglas","Abies balsamea (L.) Mill.","balsam fir","Pinaceae","tree","balsamea",0.608,"sw2",-2.2304,2.4435,"AbiesBelow0.35spg","conifer","Conifer",0.33,-2.3123,2.3482,1.87856,0.79034,NA,"Good",NA,NA,9.2229820906667
"Abies","ABBA","NEON.PLA.D05.TREE.02201","TREE_023","TREE","D05",2018-05-08,"Live","sapling",NA,NA,10,1,NA,1.6,NA,"Abies balsamea (L.) Mill.",NA,NA,"2018",12,"douglas","Abies balsamea (L.) Mill.","balsam fir","Pinaceae","tree","balsamea",0.608,"sw2",-2.2304,2.4435,"AbiesBelow0.35spg","conifer","Conifer",0.33,-2.3123,2.3482,1.87856,0.79034,NA,"Good",NA,NA,3.9488755305534
"Abies","ABBA","NEON.PLA.D05.TREE.03285","TREE_045","TREE","D05",2018-10-17,"Live","sapling",NA,NA,10,0.7,NA,1.2,NA,"Abies balsamea (L.) Mill.",NA,NA,"2018",12,"douglas","Abies balsamea (L.) Mill.","balsam fir","Pinaceae","tree","balsamea",0.608,"sw2",-2.2304,2.4435,"AbiesBelow0.35spg","conifer","Conifer",0.33,-2.3123,2.3482,1.87856,0.79034,NA,"Good",NA,NA,1.89042767983593
"Abies","ABBA","NEON.PLA.D05.TREE.00953","TREE_043","TREE","D05",2017-10-17,"Live","sapling",NA,NA,10,1.5,NA,1.9,NA,"Abies balsamea (L.) Mill.",NA,NA,"2017",12,"douglas","Abies balsamea (L.) Mill.","balsam fir","Pinaceae","tree","balsamea",0.608,"sw2",-2.2304,2.4435,"AbiesBelow0.35spg","conifer","Conifer",0.33,-2.3123,2.3482,1.87856,0.79034,NA,"Good",NA,NA,7.13866954131559
"Abies","ABBA","NEON.PLA.D05.TREE.03431","TREE_057","TREE","D05",2018-10-16,"Live","sapling",NA,NA,10,0.6,NA,1,NA,"Abies balsamea (L.) Mill.",NA,NA,"2018",12,"douglas","Abies balsamea (L.) Mill.","balsam fir","Pinaceae","tree","balsamea",0.608,"sw2",-2.2304,2.4435,"AbiesBelow0.35spg","conifer","Conifer",0.33,-2.3123,2.3482,1.87856,0.79034,NA,"Good",NA,NA,1.25455333693923
"Abies","ABBA","NEON.PLA.D05.TREE.00806","TREE_057","TREE","D05",2017-10-17,"Live","sapling",NA,NA,10,1.1,NA,2,NA,"Abies balsamea (L.) Mill.",NA,NA,"2017",12,"douglas","Abies balsamea (L.) Mill.","balsam fir","Pinaceae","tree","balsamea",0.608,"sw2",-2.2304,2.4435,"AbiesBelow0.35spg","conifer","Conifer",0.33,-2.3123,2.3482,1.87856,0.79034,NA,"Good",NA,NA,6.05858854007711
"Abies","ABBA","NEON.PLA.D05.TREE.01792","TREE_023","TREE","D05",2019-11-04,"Live","sapling",NA,NA,10,1.1,NA,1.2,NA,"Abies balsamea (L.) Mill.",NA,NA,"2019",12,"douglas","Abies balsamea (L.) Mill.","balsam fir","Pinaceae","tree","balsamea",0.608,"sw2",-2.2304,2.4435,"AbiesBelow0.35spg","conifer","Conifer",0.33,-2.3123,2.3482,1.87856,0.79034,NA,"Good",NA,NA,2.70208855210126
"Abies","ABBA","NEON.PLA.D05.TREE.01793","TREE_023","TREE","D05",2019-11-04,"Live","sapling",NA,NA,10,1,NA,1.1,NA,"Abies balsamea (L.) Mill.",NA,NA,"2019",12,"douglas","Abies balsamea (L.) Mill.","balsam fir","Pinaceae","tree","balsamea",0.608,"sw2",-2.2304,2.4435,"AbiesBelow0.35spg","conifer","Conifer",0.33,-2.3123,2.3482,1.87856,0.79034,NA,"Good",NA,NA,2.18400516086407
"Abies","ABBA","NEON.PLA.D05.TREE.01794","TREE_023","TREE","D05",2019-11-04,"Live","sapling",NA,NA,10,0.9,NA,1.3,NA,"Abies balsamea (L.) Mill.",NA,NA,"2019",12,"douglas","Abies balsamea (L.) Mill.","balsam fir","Pinaceae","tree","balsamea",0.608,"sw2",-2.2304,2.4435,"AbiesBelow0.35spg","conifer","Conifer",0.33,-2.3123,2.3482,1.87856,0.79034,NA,"Good",NA,NA,2.6167912187436
"Abies","ABBA","NEON.PLA.D05.TREE.00778","TREE_051","TREE","D05",2017-09-26,"Live","sapling",NA,NA,10,1.1,NA,1.8,NA,"Abies balsamea (L.) Mill.",NA,NA,"2017",12,"douglas","Abies balsamea (L.) Mill.","balsam fir","Pinaceae","tree","balsamea",0.608,"sw2",-2.2304,2.4435,"AbiesBelow0.35spg","conifer","Conifer",0.33,-2.3123,2.3482,1.87856,0.79034,NA,"Good",NA,NA,5.12912766484363
"Abies","ABBA","NEON.PLA.D05.TREE.01015","TREE_057","TREE","D05",2017-10-17,"Live","sapling",NA,NA,10,1,NA,2,NA,"Abies balsamea (L.) Mill.",NA,NA,"2017",12,"douglas","Abies balsamea (L.) Mill.","balsam fir","Pinaceae","tree","balsamea",0.608,"sw2",-2.2304,2.4435,"AbiesBelow0.35spg","conifer","Conifer",0.33,-2.3123,2.3482,1.87856,0.79034,NA,"Good",NA,NA,5.61897583350388
"Abies","ABBA","NEON.PLA.D05.TREE.05193","TREE_046","TREE","D05",2021-09-21,"Live","sapling","Full shade",NA,10,0.9,NA,1.4,NA,"Abies balsamea (L.) Mill.",NA,NA,"2021",12,"douglas","Abies balsamea (L.) Mill.","balsam fir","Pinaceae","tree","balsamea",0.608,"sw2",-2.2304,2.4435,"AbiesBelow0.35spg","conifer","Conifer",0.33,-2.3123,2.3482,1.87856,0.79034,NA,"Good",NA,NA,2.9420006141659
"Abies","ABBA","NEON.PLA.D05.TREE.02495","TREE_015","TREE","D05",2018-05-08,"Live","sapling",NA,NA,10,NA,NA,1.6,NA,"Abies balsamea (L.) Mill.",NA,NA,"2018",12,"douglas","Abies balsamea (L.) Mill.","balsam fir","Pinaceae","tree","balsamea",0.608,"sw2",-2.2304,2.4435,"AbiesBelow0.35spg","conifer","Conifer",0.33,-2.3123,2.3482,1.87856,0.79034,NA,"Check",NA,NA,NA
"Abies","ABBA","NEON.PLA.D05.TREE.03121","TREE_006","TREE","D05",2019-10-09,"Live","sapling",NA,NA,10,0.9,NA,1.4,NA,"Abies balsamea (L.) Mill.",NA,NA,"2019",12,"douglas","Abies balsamea (L.) Mill.","balsam fir","Pinaceae","tree","balsamea",0.608,"sw2",-2.2304,2.4435,"AbiesBelow0.35spg","conifer","Conifer",0.33,-2.3123,2.3482,1.87856,0.79034,NA,"Good",NA,NA,2.9420006141659
"Abies","ABBA","NEON.PLA.D05.TREE.00071","TREE_050","TREE","D05",2016-09-29,"Live","sapling",NA,NA,10,1.1,NA,2.8,NA,"Abies balsamea (L.) Mill.",NA,NA,"2016",12,"douglas","Abies balsamea (L.) Mill.","balsam fir","Pinaceae","tree","balsamea",0.608,"sw2",-2.2304,2.4435,"AbiesBelow0.35spg","conifer","Conifer",0.33,-2.3123,2.3482,1.87856,0.79034,NA,"Good",NA,NA,10.3122426248209
"Abies","ABBA","NEON.PLA.D05.TREE.02310","TREE_006","TREE","D05",2019-10-09,"Live","sapling",NA,NA,10,0.7,NA,1.4,NA,"Abies balsamea (L.) Mill.",NA,NA,"2019",12,"douglas","Abies balsamea (L.) Mill.","balsam fir","Pinaceae","tree","balsamea",0.608,"sw2",-2.2304,2.4435,"AbiesBelow0.35spg","conifer","Conifer",0.33,-2.3123,2.3482,1.87856,0.79034,NA,"Good",NA,NA,2.41202341297483
"Abies","ABBA","NEON.PLA.D05.TREE.03124","TREE_004","TREE","D05",2019-10-08,"Live","sapling",NA,NA,10,1.5,NA,1.9,NA,"Abies balsamea (L.) Mill.",NA,NA,"2019",12,"douglas","Abies balsamea (L.) Mill.","balsam fir","Pinaceae","tree","balsamea",0.608,"sw2",-2.2304,2.4435,"AbiesBelow0.35spg","conifer","Conifer",0.33,-2.3123,2.3482,1.87856,0.79034,NA,"Good",NA,NA,7.13866954131559
"Abies","ABBA","NEON.PLA.D05.TREE.03436","TREE_057","TREE","D05",2018-10-16,"Live","sapling",NA,NA,10,1,NA,1.2,NA,"Abies balsamea (L.) Mill.",NA,NA,"2018",12,"douglas","Abies balsamea (L.) Mill.","balsam fir","Pinaceae","tree","balsamea",0.608,"sw2",-2.2304,2.4435,"AbiesBelow0.35spg","conifer","Conifer",0.33,-2.3123,2.3482,1.87856,0.79034,NA,"Good",NA,NA,2.50602432791239
"Abies","ABBA","NEON.PLA.D05.TREE.03200","TREE_041","TREE","D05",2016-10-18,"Live","sapling",NA,NA,10,0.9,NA,1.5,NA,"Abies balsamea (L.) Mill.",NA,NA,"2016",12,"douglas","Abies balsamea (L.) Mill.","balsam fir","Pinaceae","tree","balsamea",0.608,"sw2",-2.2304,2.4435,"AbiesBelow0.35spg","conifer","Conifer",0.33,-2.3123,2.3482,1.87856,0.79034,NA,"Good",NA,NA,3.28099090855913
"Abies","ABBA","NEON.PLA.D05.TREE.03200","TREE_041","TREE","D05",2019-10-23,"Live","sapling",NA,NA,10,1.6,NA,2.7,NA,"Abies balsamea (L.) Mill.",NA,NA,"2019",12,"douglas","Abies balsamea (L.) Mill.","balsam fir","Pinaceae","tree","balsamea",0.608,"sw2",-2.2304,2.4435,"AbiesBelow0.35spg","conifer","Conifer",0.33,-2.3123,2.3482,1.87856,0.79034,NA,"Good",NA,NA,13.0917388193105
"Abies","ABBA","NEON.PLA.D05.TREE.03442","TREE_023","TREE","D05",2019-11-04,"Live","sapling",NA,NA,10,1.6,NA,1.7,NA,"Abies balsamea (L.) Mill.",NA,NA,"2019",12,"douglas","Abies balsamea (L.) Mill.","balsam fir","Pinaceae","tree","balsamea",0.608,"sw2",-2.2304,2.4435,"AbiesBelow0.35spg","conifer","Conifer",0.33,-2.3123,2.3482,1.87856,0.79034,NA,"Good",NA,NA,6.30108384901636
"Abies","ABBA","NEON.PLA.D05.TREE.03444","TREE_023","TREE","D05",2019-11-04,"Live","sapling",NA,NA,10,1,NA,1.2,NA,"Abies balsamea (L.) Mill.",NA,NA,"2019",12,"douglas","Abies balsamea (L.) Mill.","balsam fir","Pinaceae","tree","balsamea",0.608,"sw2",-2.2304,2.4435,"AbiesBelow0.35spg","conifer","Conifer",0.33,-2.3123,2.3482,1.87856,0.79034,NA,"Good",NA,NA,2.50602432791239
"Abies","ABBA","NEON.PLA.D05.TREE.00076","TREE_050","TREE","D05",2016-09-29,"Live","sapling",NA,NA,10,1.4,NA,1.8,NA,"Abies balsamea (L.) Mill.",NA,NA,"2016",12,"douglas","Abies balsamea (L.) Mill.","balsam fir","Pinaceae","tree","balsamea",0.608,"sw2",-2.2304,2.4435,"AbiesBelow0.35spg","conifer","Conifer",0.33,-2.3123,2.3482,1.87856,0.79034,NA,"Good",NA,NA,6.20611824306554
"Abies","ABBA","NEON.PLA.D05.TREE.02099","TREE_003","TREE","D05",2018-04-25,"Live","sapling",NA,NA,10,NA,NA,2.4,NA,"Abies balsamea (L.) Mill.",NA,NA,"2018",12,"douglas","Abies balsamea (L.) Mill.","balsam fir","Pinaceae","tree","balsamea",0.608,"sw2",-2.2304,2.4435,"AbiesBelow0.35spg","conifer","Conifer",0.33,-2.3123,2.3482,1.87856,0.79034,NA,"Check",NA,NA,NA
"Abies","ABBA","NEON.PLA.D05.TREE.00158","TREE_055","TREE","D05",2016-09-27,"Live","sapling",NA,NA,10,1.7,NA,3.6,NA,"Abies balsamea (L.) Mill.",NA,NA,"2016",12,"douglas","Abies balsamea (L.) Mill.","balsam fir","Pinaceae","tree","balsamea",0.608,"sw2",-2.2304,2.4435,"AbiesBelow0.35spg","conifer","Conifer",0.33,-2.3123,2.3482,1.87856,0.79034,NA,"Good",NA,NA,21.6418462891013
"Abies","ABBA","NEON.PLA.D05.TREE.03452","TREE_023","TREE","D05",2018-05-08,"Live","sapling",NA,NA,10,NA,NA,1.3,NA,"Abies balsamea (L.) Mill.",NA,NA,"2018",12,"douglas","Abies balsamea (L.) Mill.","balsam fir","Pinaceae","tree","balsamea",0.608,"sw2",-2.2304,2.4435,"AbiesBelow0.35spg","conifer","Conifer",0.33,-2.3123,2.3482,1.87856,0.79034,NA,"Check",NA,NA,NA
"Abies","ABBA","NEON.PLA.D05.TREE.02370","TREE_006","TREE","D05",2018-05-02,"Standing dead","sapling",NA,NA,10,NA,NA,2.1,NA,"Abies balsamea (L.) Mill.",NA,NA,"2018",12,"douglas","Abies balsamea (L.) Mill.","balsam fir","Pinaceae","tree","balsamea",0.608,"sw2",-2.2304,2.4435,"AbiesBelow0.35spg","conifer","Conifer",0.33,-2.3123,2.3482,1.87856,0.79034,NA,"Check",NA,NA,NA
"Abies","ABBA","NEON.PLA.D05.TREE.03192","TREE_045","TREE","D05",2016-10-18,"Live","sapling",NA,NA,10,1.1,NA,1.4,NA,"Abies balsamea (L.) Mill.",NA,NA,"2016",12,"douglas","Abies balsamea (L.) Mill.","balsam fir","Pinaceae","tree","balsamea",0.608,"sw2",-2.2304,2.4435,"AbiesBelow0.35spg","conifer","Conifer",0.33,-2.3123,2.3482,1.87856,0.79034,NA,"Good",NA,NA,3.4476329991979
"Abies","ABBA","NEON.PLA.D05.TREE.03426","TREE_051","TREE","D05",2018-10-09,"Live","sapling",NA,NA,10,0.9,NA,1,NA,"Abies balsamea (L.) Mill.",NA,NA,"2018",12,"douglas","Abies balsamea (L.) Mill.","balsam fir","Pinaceae","tree","balsamea",0.608,"sw2",-2.2304,2.4435,"AbiesBelow0.35spg","conifer","Conifer",0.33,-2.3123,2.3482,1.87856,0.79034,NA,"Good",NA,NA,1.72846701288653
"Abies","ABBA","NEON.PLA.D05.TREE.02931","TREE_001","TREE","D05",2017-10-25,"Live","sapling",NA,NA,10,0.9,NA,1,NA,"Abies balsamea (L.) Mill.",NA,NA,"2017",12,"douglas","Abies balsamea (L.) Mill.","balsam fir","Pinaceae","tree","balsamea",0.608,"sw2",-2.2304,2.4435,"AbiesBelow0.35spg","conifer","Conifer",0.33,-2.3123,2.3482,1.87856,0.79034,NA,"Good",NA,NA,1.72846701288653
"Abies","ABBA","NEON.PLA.D05.TREE.03430","TREE_057","TREE","D05",2018-10-16,"Live","sapling",NA,NA,10,0.7,NA,1.1,NA,"Abies balsamea (L.) Mill.",NA,NA,"2018",12,"douglas","Abies balsamea (L.) Mill.","balsam fir","Pinaceae","tree","balsamea",0.608,"sw2",-2.2304,2.4435,"AbiesBelow0.35spg","conifer","Conifer",0.33,-2.3123,2.3482,1.87856,0.79034,NA,"Good",NA,NA,1.64751146388164
"Abies","ABBA","NEON.PLA.D05.TREE.02931","TREE_001","TREE","D05",2019-10-07,"Live","sapling",NA,NA,10,1,NA,1.1,NA,"Abies balsamea (L.) Mill.",NA,NA,"2019",12,"douglas","Abies balsamea (L.) Mill.","balsam fir","Pinaceae","tree","balsamea",0.608,"sw2",-2.2304,2.4435,"AbiesBelow0.35spg","conifer","Conifer",0.33,-2.3123,2.3482,1.87856,0.79034,NA,"Good",NA,NA,2.18400516086407
"Abies","ABBA","NEON.PLA.D05.TREE.00824","TREE_025","TREE","D05",2017-10-18,"Live","sapling",NA,NA,10,1.3,NA,1.3,NA,"Abies balsamea (L.) Mill.",NA,NA,"2017",12,"douglas","Abies balsamea (L.) Mill.","balsam fir","Pinaceae","tree","balsamea",0.608,"sw2",-2.2304,2.4435,"AbiesBelow0.35spg","conifer","Conifer",0.33,-2.3123,2.3482,1.87856,0.79034,NA,"Good",NA,NA,3.49934722597836
"Abies","ABBA","NEON.PLA.D05.TREE.01371","TREE_039","TREE","D05",2016-10-18,"Live","sapling",NA,NA,10,1.5,NA,2.1,NA,"Abies balsamea (L.) Mill.",NA,NA,"2016",12,"douglas","Abies balsamea (L.) Mill.","balsam fir","Pinaceae","tree","balsamea",0.608,"sw2",-2.2304,2.4435,"AbiesBelow0.35spg","conifer","Conifer",0.33,-2.3123,2.3482,1.87856,0.79034,NA,"Good",NA,NA,8.36224006454533
"Abies","ABBA","NEON.PLA.D05.TREE.03173","TREE_057","TREE","D05",2016-10-18,"Live","sapling",NA,NA,10,0.8,NA,1,NA,"Abies balsamea (L.) Mill.",NA,NA,"2016",12,"douglas","Abies balsamea (L.) Mill.","balsam fir","Pinaceae","tree","balsamea",0.608,"sw2",-2.2304,2.4435,"AbiesBelow0.35spg","conifer","Conifer",0.33,-2.3123,2.3482,1.87856,0.79034,NA,"Good",NA,NA,1.57482830171999
"Abies","ABBA","NEON.PLA.D05.TREE.03411","TREE_050","TREE","D05",2018-08-29,"Live","sapling",NA,NA,10,0.9,NA,1.7,NA,"Abies balsamea (L.) Mill.",NA,NA,"2018",12,"douglas","Abies balsamea (L.) Mill.","balsam fir","Pinaceae","tree","balsamea",0.608,"sw2",-2.2304,2.4435,"AbiesBelow0.35spg","conifer","Conifer",0.33,-2.3123,2.3482,1.87856,0.79034,NA,"Good",NA,NA,3.99877618214974
"Abies","ABBA","NEON.PLA.D05.TREE.03174","TREE_057","TREE","D05",2017-10-17,"Live","sapling",NA,NA,10,0.8,NA,1.7,NA,"Abies balsamea (L.) Mill.",NA,NA,"2017",12,"douglas","Abies balsamea (L.) Mill.","balsam fir","Pinaceae","tree","balsamea",0.608,"sw2",-2.2304,2.4435,"AbiesBelow0.35spg","conifer","Conifer",0.33,-2.3123,2.3482,1.87856,0.79034,NA,"Good",NA,NA,3.64333589067262
"Abies","ABBA","NEON.PLA.D05.TREE.00745","TREE_052","TREE","D05",2017-09-26,"Live","sapling",NA,NA,10,1.4,NA,1.5,NA,"Abies balsamea (L.) Mill.",NA,NA,"2017",12,"douglas","Abies balsamea (L.) Mill.","balsam fir","Pinaceae","tree","balsamea",0.608,"sw2",-2.2304,2.4435,"AbiesBelow0.35spg","conifer","Conifer",0.33,-2.3123,2.3482,1.87856,0.79034,NA,"Good",NA,NA,4.65221560574602
"Abies","ABBA","NEON.PLA.D05.TREE.03869","TREE_045","TREE","D05",2018-10-17,"Live","sapling",NA,NA,10,1.3,NA,2.8,NA,"Abies balsamea (L.) Mill.",NA,NA,"2018",12,"douglas","Abies balsamea (L.) Mill.","balsam fir","Pinaceae","tree","balsamea",0.608,"sw2",-2.2304,2.4435,"AbiesBelow0.35spg","conifer","Conifer",0.33,-2.3123,2.3482,1.87856,0.79034,NA,"Good",NA,NA,11.7677332898904
"Abies","ABBA","NEON.PLA.D05.TREE.02080","TREE_006","TREE","D05",2019-10-09,"Standing dead","sapling",NA,NA,10,0.9,NA,2.2,NA,"Abies balsamea (L.) Mill.",NA,NA,"2019",12,"douglas","Abies balsamea (L.) Mill.","balsam fir","Pinaceae","tree","balsamea",0.608,"sw2",-2.2304,2.4435,"AbiesBelow0.35spg","conifer","Conifer",0.33,-2.3123,2.3482,1.87856,0.79034,NA,"Good",NA,NA,6.01065469166371
"Abies","ABBA","NEON.PLA.D05.TREE.03870","TREE_045","TREE","D05",2017-10-19,"Live","sapling",NA,NA,10,0.7,NA,1.2,NA,"Abies balsamea (L.) Mill.",NA,NA,"2017",12,"douglas","Abies balsamea (L.) Mill.","balsam fir","Pinaceae","tree","balsamea",0.608,"sw2",-2.2304,2.4435,"AbiesBelow0.35spg","conifer","Conifer",0.33,-2.3123,2.3482,1.87856,0.79034,NA,"Good",NA,NA,1.89042767983593
"Abies","ABBA","NEON.PLA.D05.TREE.03538","TREE_056","TREE","D05",2016-09-28,"Live","sapling",NA,NA,10,0.8,NA,1.2,NA,"Abies balsamea (L.) Mill.",NA,NA,"2016",12,"douglas","Abies balsamea (L.) Mill.","balsam fir","Pinaceae","tree","balsamea",0.608,"sw2",-2.2304,2.4435,"AbiesBelow0.35spg","conifer","Conifer",0.33,-2.3123,2.3482,1.87856,0.79034,NA,"Good",NA,NA,2.10084215377483
"Abies","ABBA","NEON.PLA.D05.TREE.01378","TREE_039","TREE","D05",2016-10-18,"Live","sapling",NA,NA,10,1.1,NA,1.5,NA,"Abies balsamea (L.) Mill.",NA,NA,"2016",12,"douglas","Abies balsamea (L.) Mill.","balsam fir","Pinaceae","tree","balsamea",0.608,"sw2",-2.2304,2.4435,"AbiesBelow0.35spg","conifer","Conifer",0.33,-2.3123,2.3482,1.87856,0.79034,NA,"Good",NA,NA,3.84488448844998
"Abies","ABBA","NEON.PLA.D05.TREE.01378","TREE_039","TREE","D05",2019-10-23,"Live","sapling",NA,NA,10,1.2,NA,1.6,NA,"Abies balsamea (L.) Mill.",NA,NA,"2019",12,"douglas","Abies balsamea (L.) Mill.","balsam fir","Pinaceae","tree","balsamea",0.608,"sw2",-2.2304,2.4435,"AbiesBelow0.35spg","conifer","Conifer",0.33,-2.3123,2.3482,1.87856,0.79034,NA,"Good",NA,NA,4.5609315127338
"Abies","ABBA","NEON.PLA.D05.TREE.02397","TREE_019","TREE","D05",2019-10-30,"Live","sapling",NA,NA,10,1.5,NA,1.6,NA,"Abies balsamea (L.) Mill.",NA,NA,"2019",12,"douglas","Abies balsamea (L.) Mill.","balsam fir","Pinaceae","tree","balsamea",0.608,"sw2",-2.2304,2.4435,"AbiesBelow0.35spg","conifer","Conifer",0.33,-2.3123,2.3482,1.87856,0.79034,NA,"Good",NA,NA,5.44058262935933
"Abies","ABBA","NEON.PLA.D05.TREE.00250","TREE_056","TREE","D05",2016-09-28,"Live","sapling",NA,NA,10,1.3,NA,2.2,NA,"Abies balsamea (L.) Mill.",NA,NA,"2016",12,"douglas","Abies balsamea (L.) Mill.","balsam fir","Pinaceae","tree","balsamea",0.608,"sw2",-2.2304,2.4435,"AbiesBelow0.35spg","conifer","Conifer",0.33,-2.3123,2.3482,1.87856,0.79034,NA,"Good",NA,NA,8.03784714306938
"Abies","ABBA","NEON.PLA.D05.TREE.00251","TREE_051","TREE","D05",2016-09-28,"Dead, broken bole","sapling",NA,NA,10,NA,NA,2.1,NA,"Abies balsamea (L.) Mill.",NA,NA,"2016",12,"douglas","Abies balsamea (L.) Mill.","balsam fir","Pinaceae","tree","balsamea",0.608,"sw2",-2.2304,2.4435,"AbiesBelow0.35spg","conifer","Conifer",0.33,-2.3123,2.3482,1.87856,0.79034,NA,"Check",NA,NA,NA
"Abies","ABBA","NEON.PLA.D05.TREE.03486","TREE_057","TREE","D05",2017-10-17,"Live","sapling",NA,NA,10,1.2,NA,2.2,NA,"Abies balsamea (L.) Mill.",NA,NA,"2017",12,"douglas","Abies balsamea (L.) Mill.","balsam fir","Pinaceae","tree","balsamea",0.608,"sw2",-2.2304,2.4435,"AbiesBelow0.35spg","conifer","Conifer",0.33,-2.3123,2.3482,1.87856,0.79034,NA,"Good",NA,NA,7.5451149358001
"Abies","ABBA","NEON.PLA.D05.TREE.01452","TREE_040","TREE","D05",2016-10-20,"Live,  other damage","sapling",NA,NA,10,1,NA,1.1,NA,"Abies balsamea (L.) Mill.",NA,NA,"2016",12,"douglas","Abies balsamea (L.) Mill.","balsam fir","Pinaceae","tree","balsamea",0.608,"sw2",-2.2304,2.4435,"AbiesBelow0.35spg","conifer","Conifer",0.33,-2.3123,2.3482,1.87856,0.79034,NA,"Good",NA,NA,2.18400516086407
"Abies","ABBA","NEON.PLA.D05.TREE.01799","TREE_023","TREE","D05",2019-11-04,"Live","sapling",NA,NA,10,0.7,NA,1.1,NA,"Abies balsamea (L.) Mill.",NA,NA,"2019",12,"douglas","Abies balsamea (L.) Mill.","balsam fir","Pinaceae","tree","balsamea",0.608,"sw2",-2.2304,2.4435,"AbiesBelow0.35spg","conifer","Conifer",0.33,-2.3123,2.3482,1.87856,0.79034,NA,"Good",NA,NA,1.64751146388164
"Abies","ABBA","NEON.PLA.D05.TREE.03117","TREE_006","TREE","D05",2018-05-02,"Standing dead","sapling",NA,NA,10,NA,NA,1.2,NA,"Abies balsamea (L.) Mill.",NA,NA,"2018",12,"douglas","Abies balsamea (L.) Mill.","balsam fir","Pinaceae","tree","balsamea",0.608,"sw2",-2.2304,2.4435,"AbiesBelow0.35spg","conifer","Conifer",0.33,-2.3123,2.3482,1.87856,0.79034,NA,"Check",NA,NA,NA
"Abies","ABBA","NEON.PLA.D05.TREE.02495","TREE_015","TREE","D05",2019-10-24,"Live","sapling",NA,NA,10,1.3,NA,1.4,NA,"Abies balsamea (L.) Mill.",NA,NA,"2019",12,"douglas","Abies balsamea (L.) Mill.","balsam fir","Pinaceae","tree","balsamea",0.608,"sw2",-2.2304,2.4435,"AbiesBelow0.35spg","conifer","Conifer",0.33,-2.3123,2.3482,1.87856,0.79034,NA,"Good",NA,NA,3.93423885492518
"Abies","ABBA","NEON.PLA.D05.TREE.03192","TREE_045","TREE","D05",2018-10-17,"Live","sapling",NA,NA,10,1.6,NA,2.7,NA,"Abies balsamea (L.) Mill.",NA,NA,"2018",12,"douglas","Abies balsamea (L.) Mill.","balsam fir","Pinaceae","tree","balsamea",0.608,"sw2",-2.2304,2.4435,"AbiesBelow0.35spg","conifer","Conifer",0.33,-2.3123,2.3482,1.87856,0.79034,NA,"Good",NA,NA,13.0917388193105
"Abies","ABBA","NEON.PLA.D05.TREE.02968","TREE_009","TREE","D05",2017-10-26,"Live","sapling",NA,NA,10,1.3,NA,2.1,NA,"Abies balsamea (L.) Mill.",NA,NA,"2017",12,"douglas","Abies balsamea (L.) Mill.","balsam fir","Pinaceae","tree","balsamea",0.608,"sw2",-2.2304,2.4435,"AbiesBelow0.35spg","conifer","Conifer",0.33,-2.3123,2.3482,1.87856,0.79034,NA,"Good",NA,NA,7.46800593755792
"Abies","ABBA","NEON.PLA.D05.TREE.03168","TREE_057","TREE","D05",2018-10-16,"Live","sapling",NA,NA,10,1.7,NA,1.9,NA,"Abies balsamea (L.) Mill.",NA,NA,"2018",12,"douglas","Abies balsamea (L.) Mill.","balsam fir","Pinaceae","tree","balsamea",0.608,"sw2",-2.2304,2.4435,"AbiesBelow0.35spg","conifer","Conifer",0.33,-2.3123,2.3482,1.87856,0.79034,NA,"Good",NA,NA,7.88094530027864
"Abies","ABBA","NEON.PLA.D05.TREE.02496","TREE_015","TREE","D05",2019-10-24,"Live","sapling",NA,NA,10,0.7,NA,1.5,NA,"Abies balsamea (L.) Mill.",NA,NA,"2019",12,"douglas","Abies balsamea (L.) Mill.","balsam fir","Pinaceae","tree","balsamea",0.608,"sw2",-2.2304,2.4435,"AbiesBelow0.35spg","conifer","Conifer",0.33,-2.3123,2.3482,1.87856,0.79034,NA,"Good",NA,NA,2.6899473953529
"Abies","ABBA","NEON.PLA.D05.TREE.03429","TREE_050","TREE","D05",2021-10-06,"Standing dead","sapling","Full shade",NA,10,1.4,NA,1.1,NA,"Abies balsamea (L.) Mill.",NA,NA,"2021",12,"douglas","Abies balsamea (L.) Mill.","balsam fir","Pinaceae","tree","balsamea",0.608,"sw2",-2.2304,2.4435,"AbiesBelow0.35spg","conifer","Conifer",0.33,-2.3123,2.3482,1.87856,0.79034,NA,"Good",NA,NA,2.8493414243553
"Abies","ABBA","NEON.PLA.D05.TREE.00943","TREE_057","TREE","D05",2017-10-17,"Live","sapling",NA,NA,10,1,NA,1.8,NA,"Abies balsamea (L.) Mill.",NA,NA,"2017",12,"douglas","Abies balsamea (L.) Mill.","balsam fir","Pinaceae","tree","balsamea",0.608,"sw2",-2.2304,2.4435,"AbiesBelow0.35spg","conifer","Conifer",0.33,-2.3123,2.3482,1.87856,0.79034,NA,"Good",NA,NA,4.75695687288672
"Abies","ABBA","NEON.PLA.D05.TREE.01035","TREE_057","TREE","D05",2017-10-17,"Live","sapling",NA,NA,10,1.3,NA,2,NA,"Abies balsamea (L.) Mill.",NA,NA,"2017",12,"douglas","Abies balsamea (L.) Mill.","balsam fir","Pinaceae","tree","balsamea",0.608,"sw2",-2.2304,2.4435,"AbiesBelow0.35spg","conifer","Conifer",0.33,-2.3123,2.3482,1.87856,0.79034,NA,"Good",NA,NA,6.91370991225611
"Abies","ABBA","NEON.PLA.D05.TREE.03875","TREE_039","TREE","D05",2017-10-17,"Live","sapling",NA,NA,10,0.7,NA,1.4,NA,"Abies balsamea (L.) Mill.",NA,NA,"2017",12,"douglas","Abies balsamea (L.) Mill.","balsam fir","Pinaceae","tree","balsamea",0.608,"sw2",-2.2304,2.4435,"AbiesBelow0.35spg","conifer","Conifer",0.33,-2.3123,2.3482,1.87856,0.79034,NA,"Good",NA,NA,2.41202341297483
"Abies","ABBA","NEON.PLA.D05.TREE.03876","TREE_039","TREE","D05",2019-10-23,"Live","sapling",NA,NA,11,1.5,NA,2.4,NA,"Abies balsamea (L.) Mill.",NA,NA,"2019",12,"douglas","Abies balsamea (L.) Mill.","balsam fir","Pinaceae","tree","balsamea",0.608,"sw2",-2.2304,2.4435,"AbiesBelow0.35spg","conifer","Conifer",0.33,-2.3123,2.3482,1.87856,0.79034,NA,"Good",NA,NA,10.3273606097825
"Abies","ABBA","NEON.PLA.D05.TREE.00154","TREE_025","TREE","D05",2018-10-17,"Live","sapling",NA,NA,10,1.7,NA,3.1,NA,"Abies balsamea (L.) Mill.",NA,NA,"2018",12,"douglas","Abies balsamea (L.) Mill.","balsam fir","Pinaceae","tree","balsamea",0.608,"sw2",-2.2304,2.4435,"AbiesBelow0.35spg","conifer","Conifer",0.33,-2.3123,2.3482,1.87856,0.79034,NA,"Good",NA,NA,17.0861287043091
"Abies","ABBA","NEON.PLA.D05.TREE.03174","TREE_057","TREE","D05",2018-10-16,"Live","sapling",NA,NA,10,1.1,NA,2.1,NA,"Abies balsamea (L.) Mill.",NA,NA,"2018",12,"douglas","Abies balsamea (L.) Mill.","balsam fir","Pinaceae","tree","balsamea",0.608,"sw2",-2.2304,2.4435,"AbiesBelow0.35spg","conifer","Conifer",0.33,-2.3123,2.3482,1.87856,0.79034,NA,"Good",NA,NA,6.54432652870036
"Abies","ABBA","NEON.PLA.D05.TREE.03443","TREE_023","TREE","D05",2018-05-08,"Live","sapling",NA,NA,10,NA,NA,1.1,NA,"Abies balsamea (L.) Mill.",NA,NA,"2018",12,"douglas","Abies balsamea (L.) Mill.","balsam fir","Pinaceae","tree","balsamea",0.608,"sw2",-2.2304,2.4435,"AbiesBelow0.35spg","conifer","Conifer",0.33,-2.3123,2.3482,1.87856,0.79034,NA,"Check",NA,NA,NA
"Abies","ABBA","NEON.PLA.D05.TREE.03941","TREE_004","TREE","D05",2018-05-01,"Live","sapling",NA,NA,10,NA,NA,1.7,NA,"Abies balsamea (L.) Mill.",NA,NA,"2018",12,"douglas","Abies balsamea (L.) Mill.","balsam fir","Pinaceae","tree","balsamea",0.608,"sw2",-2.2304,2.4435,"AbiesBelow0.35spg","conifer","Conifer",0.33,-2.3123,2.3482,1.87856,0.79034,NA,"Check",NA,NA,NA
"Abies","ABBA","NEON.PLA.D05.TREE.01395","TREE_045","TREE","D05",2016-10-18,"Live","sapling",NA,NA,10,0.8,NA,1.3,NA,"Abies balsamea (L.) Mill.",NA,NA,"2016",12,"douglas","Abies balsamea (L.) Mill.","balsam fir","Pinaceae","tree","balsamea",0.608,"sw2",-2.2304,2.4435,"AbiesBelow0.35spg","conifer","Conifer",0.33,-2.3123,2.3482,1.87856,0.79034,NA,"Good",NA,NA,2.38419179553083
"Abies","ABBA","NEON.PLA.D05.TREE.03166","TREE_057","TREE","D05",2016-10-18,"Live","sapling",NA,NA,10,1.4,NA,2,NA,"Abies balsamea (L.) Mill.",NA,NA,"2016",12,"douglas","Abies balsamea (L.) Mill.","balsam fir","Pinaceae","tree","balsamea",0.608,"sw2",-2.2304,2.4435,"AbiesBelow0.35spg","conifer","Conifer",0.33,-2.3123,2.3482,1.87856,0.79034,NA,"Good",NA,NA,7.33074302742018
"Abies","ABBA","NEON.PLA.D05.TREE.00771","TREE_025","TREE","D05",2018-10-17,"Standing dead","sapling",NA,NA,10,1.4,NA,1.3,NA,"Abies balsamea (L.) Mill.",NA,NA,"2018",12,"douglas","Abies balsamea (L.) Mill.","balsam fir","Pinaceae","tree","balsamea",0.608,"sw2",-2.2304,2.4435,"AbiesBelow0.35spg","conifer","Conifer",0.33,-2.3123,2.3482,1.87856,0.79034,NA,"Good",NA,NA,3.7104269058046
"Abies","ABBA","NEON.PLA.D05.TREE.03192","TREE_045","TREE","D05",2017-10-19,"Live","sapling",NA,NA,10,1.4,NA,1.9,NA,"Abies balsamea (L.) Mill.",NA,NA,"2017",12,"douglas","Abies balsamea (L.) Mill.","balsam fir","Pinaceae","tree","balsamea",0.608,"sw2",-2.2304,2.4435,"AbiesBelow0.35spg","conifer","Conifer",0.33,-2.3123,2.3482,1.87856,0.79034,NA,"Good",NA,NA,6.75983576192128
"Abies","ABBA","NEON.PLA.D05.TREE.00824","TREE_025","TREE","D05",2018-10-17,"Live","sapling",NA,NA,10,1.7,NA,2.3,NA,"Abies balsamea (L.) Mill.",NA,NA,"2018",12,"douglas","Abies balsamea (L.) Mill.","balsam fir","Pinaceae","tree","balsamea",0.608,"sw2",-2.2304,2.4435,"AbiesBelow0.35spg","conifer","Conifer",0.33,-2.3123,2.3482,1.87856,0.79034,NA,"Good",NA,NA,10.659431107478
"Abies","ABBA","NEON.PLA.D05.TREE.01371","TREE_039","TREE","D05",2017-10-17,"Live","sapling",NA,NA,10,1.5,NA,2.4,NA,"Abies balsamea (L.) Mill.",NA,NA,"2017",12,"douglas","Abies balsamea (L.) Mill.","balsam fir","Pinaceae","tree","balsamea",0.608,"sw2",-2.2304,2.4435,"AbiesBelow0.35spg","conifer","Conifer",0.33,-2.3123,2.3482,1.87856,0.79034,NA,"Good",NA,NA,10.3273606097825
"Abies","ABBA","NEON.PLA.D05.TREE.03371","TREE_039","TREE","D05",2018-10-17,"Live","sapling",NA,NA,10,0.9,NA,1.4,NA,"Abies balsamea (L.) Mill.",NA,NA,"2018",12,"douglas","Abies balsamea (L.) Mill.","balsam fir","Pinaceae","tree","balsamea",0.608,"sw2",-2.2304,2.4435,"AbiesBelow0.35spg","conifer","Conifer",0.33,-2.3123,2.3482,1.87856,0.79034,NA,"Good",NA,NA,2.9420006141659
"Abies","ABBA","NEON.PLA.D05.TREE.03867","TREE_045","TREE","D05",2017-10-19,"Live","sapling",NA,NA,10,0.7,NA,1.2,NA,"Abies balsamea (L.) Mill.",NA,NA,"2017",12,"douglas","Abies balsamea (L.) Mill.","balsam fir","Pinaceae","tree","balsamea",0.608,"sw2",-2.2304,2.4435,"AbiesBelow0.35spg","conifer","Conifer",0.33,-2.3123,2.3482,1.87856,0.79034,NA,"Good",NA,NA,1.89042767983593
"Abies","ABBA","NEON.PLA.D05.TREE.00982","TREE_057","TREE","D05",2016-10-18,"Live","sapling",NA,NA,10,1.7,NA,2.1,NA,"Abies balsamea (L.) Mill.",NA,NA,"2016",12,"douglas","Abies balsamea (L.) Mill.","balsam fir","Pinaceae","tree","balsamea",0.608,"sw2",-2.2304,2.4435,"AbiesBelow0.35spg","conifer","Conifer",0.33,-2.3123,2.3482,1.87856,0.79034,NA,"Good",NA,NA,9.23174215518248
"Abies","ABBA","NEON.PLA.D05.TREE.03870","TREE_045","TREE","D05",2018-10-17,"Live","sapling",NA,NA,10,0.9,NA,1.3,NA,"Abies balsamea (L.) Mill.",NA,NA,"2018",12,"douglas","Abies balsamea (L.) Mill.","balsam fir","Pinaceae","tree","balsamea",0.608,"sw2",-2.2304,2.4435,"AbiesBelow0.35spg","conifer","Conifer",0.33,-2.3123,2.3482,1.87856,0.79034,NA,"Good",NA,NA,2.6167912187436
"Abies","ABBA","NEON.PLA.D05.TREE.03872","TREE_040","TREE","D05",2019-10-23,"Live","sapling",NA,NA,10,0.9,NA,1.5,NA,"Abies balsamea (L.) Mill.",NA,NA,"2019",12,"douglas","Abies balsamea (L.) Mill.","balsam fir","Pinaceae","tree","balsamea",0.608,"sw2",-2.2304,2.4435,"AbiesBelow0.35spg","conifer","Conifer",0.33,-2.3123,2.3482,1.87856,0.79034,NA,"Good",NA,NA,3.28099090855913
"Abies","ABBA","NEON.PLA.D05.TREE.03872","TREE_040","TREE","D05",2018-10-18,"Live","sapling",NA,NA,10,0.8,NA,1.4,NA,"Abies balsamea (L.) Mill.",NA,NA,"2018",12,"douglas","Abies balsamea (L.) Mill.","balsam fir","Pinaceae","tree","balsamea",0.608,"sw2",-2.2304,2.4435,"AbiesBelow0.35spg","conifer","Conifer",0.33,-2.3123,2.3482,1.87856,0.79034,NA,"Good",NA,NA,2.68049421616019
"Abies","ABBA","NEON.PLA.D05.TREE.01006","TREE_039","TREE","D05",2019-10-23,"Standing dead","sapling",NA,NA,10,1.5,NA,1.2,NA,"Abies balsamea (L.) Mill.",NA,NA,"2019",12,"douglas","Abies balsamea (L.) Mill.","balsam fir","Pinaceae","tree","balsamea",0.608,"sw2",-2.2304,2.4435,"AbiesBelow0.35spg","conifer","Conifer",0.33,-2.3123,2.3482,1.87856,0.79034,NA,"Good",NA,NA,3.45268730850104
"Abies","ABBA","NEON.PLA.D05.TREE.01006","TREE_039","TREE","D05",2021-09-30,"Standing dead","sapling","Full shade",NA,10,1.2,NA,1.4,NA,"Abies balsamea (L.) Mill.",NA,NA,"2021",12,"douglas","Abies balsamea (L.) Mill.","balsam fir","Pinaceae","tree","balsamea",0.608,"sw2",-2.2304,2.4435,"AbiesBelow0.35spg","conifer","Conifer",0.33,-2.3123,2.3482,1.87856,0.79034,NA,"Good",NA,NA,3.69306405271669
"Abies","ABBA","NEON.PLA.D05.TREE.03456","TREE_023","TREE","D05",2018-05-08,"Live","sapling",NA,NA,10,NA,NA,1.5,NA,"Abies balsamea (L.) Mill.",NA,NA,"2018",12,"douglas","Abies balsamea (L.) Mill.","balsam fir","Pinaceae","tree","balsamea",0.608,"sw2",-2.2304,2.4435,"AbiesBelow0.35spg","conifer","Conifer",0.33,-2.3123,2.3482,1.87856,0.79034,NA,"Check",NA,NA,NA
"Abies","ABBA","NEON.PLA.D05.TREE.03286","TREE_045","TREE","D05",2018-10-17,"Live","sapling",NA,NA,10,0.9,NA,1.4,NA,"Abies balsamea (L.) Mill.",NA,NA,"2018",12,"douglas","Abies balsamea (L.) Mill.","balsam fir","Pinaceae","tree","balsamea",0.608,"sw2",-2.2304,2.4435,"AbiesBelow0.35spg","conifer","Conifer",0.33,-2.3123,2.3482,1.87856,0.79034,NA,"Good",NA,NA,2.9420006141659
"Abies","ABBA","NEON.PLA.D05.TREE.00378","TREE_054","TREE","D05",2021-09-20,"Standing dead","sapling","Full shade",NA,10,1.5,NA,2.1,NA,"Abies balsamea (L.) Mill.",NA,NA,"2021",12,"douglas","Abies balsamea (L.) Mill.","balsam fir","Pinaceae","tree","balsamea",0.608,"sw2",-2.2304,2.4435,"AbiesBelow0.35spg","conifer","Conifer",0.33,-2.3123,2.3482,1.87856,0.79034,NA,"Good",NA,NA,8.36224006454533
"Abies","ABBA","NEON.PLA.D05.TREE.03447","TREE_023","TREE","D05",2018-05-08,"Live","sapling",NA,NA,10,NA,NA,1.2,NA,"Abies balsamea (L.) Mill.",NA,NA,"2018",12,"douglas","Abies balsamea (L.) Mill.","balsam fir","Pinaceae","tree","balsamea",0.608,"sw2",-2.2304,2.4435,"AbiesBelow0.35spg","conifer","Conifer",0.33,-2.3123,2.3482,1.87856,0.79034,NA,"Check",NA,NA,NA
"Abies","ABBA","NEON.PLA.D05.TREE.01341","TREE_045","TREE","D05",2018-10-17,"Live","sapling",NA,NA,10,1.1,NA,1.8,NA,"Abies balsamea (L.) Mill.",NA,NA,"2018",12,"douglas","Abies balsamea (L.) Mill.","balsam fir","Pinaceae","tree","balsamea",0.608,"sw2",-2.2304,2.4435,"AbiesBelow0.35spg","conifer","Conifer",0.33,-2.3123,2.3482,1.87856,0.79034,NA,"Good",NA,NA,5.12912766484363
"Abies","ABBA","NEON.PLA.D05.TREE.01341","TREE_045","TREE","D05",2017-10-19,"Live","sapling",NA,NA,10,1,NA,1.6,NA,"Abies balsamea (L.) Mill.",NA,NA,"2017",12,"douglas","Abies balsamea (L.) Mill.","balsam fir","Pinaceae","tree","balsamea",0.608,"sw2",-2.2304,2.4435,"AbiesBelow0.35spg","conifer","Conifer",0.33,-2.3123,2.3482,1.87856,0.79034,NA,"Good",NA,NA,3.9488755305534
"Abies","ABBA","NEON.PLA.D05.TREE.01015","TREE_057","TREE","D05",2016-10-18,"Live","sapling",NA,NA,10,0.9,NA,1.7,NA,"Abies balsamea (L.) Mill.",NA,NA,"2016",12,"douglas","Abies balsamea (L.) Mill.","balsam fir","Pinaceae","tree","balsamea",0.608,"sw2",-2.2304,2.4435,"AbiesBelow0.35spg","conifer","Conifer",0.33,-2.3123,2.3482,1.87856,0.79034,NA,"Good",NA,NA,3.99877618214974
"Abies","ABBA","NEON.PLA.D05.TREE.01015","TREE_057","TREE","D05",2018-10-16,"Live","sapling",NA,NA,10,1.4,NA,2.3,NA,"Abies balsamea (L.) Mill.",NA,NA,"2018",12,"douglas","Abies balsamea (L.) Mill.","balsam fir","Pinaceae","tree","balsamea",0.608,"sw2",-2.2304,2.4435,"AbiesBelow0.35spg","conifer","Conifer",0.33,-2.3123,2.3482,1.87856,0.79034,NA,"Good",NA,NA,9.14306607349736
"Abies","ABBA","NEON.PLA.D05.TREE.00267","TREE_054","TREE","D05",2021-09-20,"Standing dead","sapling","Full shade",NA,10,0.9,NA,1.2,NA,"Abies balsamea (L.) Mill.",NA,NA,"2021",12,"douglas","Abies balsamea (L.) Mill.","balsam fir","Pinaceae","tree","balsamea",0.608,"sw2",-2.2304,2.4435,"AbiesBelow0.35spg","conifer","Conifer",0.33,-2.3123,2.3482,1.87856,0.79034,NA,"Good",NA,NA,2.30579826265209
"Abies","ABBA","NEON.PLA.D05.TREE.03168","TREE_057","TREE","D05",2016-10-18,"Live","sapling",NA,NA,10,1.2,NA,1.5,NA,"Abies balsamea (L.) Mill.",NA,NA,"2016",12,"douglas","Abies balsamea (L.) Mill.","balsam fir","Pinaceae","tree","balsamea",0.608,"sw2",-2.2304,2.4435,"AbiesBelow0.35spg","conifer","Conifer",0.33,-2.3123,2.3482,1.87856,0.79034,NA,"Good",NA,NA,4.11859519109086
"Abies","ABBA","NEON.PLA.D05.TREE.08219","TREE_056","TREE","D05",2022-09-21,"Live","sapling","Mostly shaded",NA,10,0.7,NA,1.2,NA,"Abies balsamea (L.) Mill.",NA,NA,"2022",12,"douglas","Abies balsamea (L.) Mill.","balsam fir","Pinaceae","tree","balsamea",0.608,"sw2",-2.2304,2.4435,"AbiesBelow0.35spg","conifer","Conifer",0.33,-2.3123,2.3482,1.87856,0.79034,NA,"Good",NA,NA,1.89042767983593
"Abies","ABBA","NEON.PLA.D05.TREE.01797","TREE_023","TREE","D05",2019-11-04,"Live","sapling",NA,NA,10,0.8,NA,1.2,NA,"Abies balsamea (L.) Mill.",NA,NA,"2019",12,"douglas","Abies balsamea (L.) Mill.","balsam fir","Pinaceae","tree","balsamea",0.608,"sw2",-2.2304,2.4435,"AbiesBelow0.35spg","conifer","Conifer",0.33,-2.3123,2.3482,1.87856,0.79034,NA,"Good",NA,NA,2.10084215377483
"Abies","ABBA","NEON.PLA.D05.TREE.03492","TREE_025","TREE","D05",2016-10-18,"Live","sapling",NA,NA,10,1.2,NA,1.8,NA,"Abies balsamea (L.) Mill.",NA,NA,"2016",12,"douglas","Abies balsamea (L.) Mill.","balsam fir","Pinaceae","tree","balsamea",0.608,"sw2",-2.2304,2.4435,"AbiesBelow0.35spg","conifer","Conifer",0.33,-2.3123,2.3482,1.87856,0.79034,NA,"Good",NA,NA,5.49426142667611
"Abies","ABBA","NEON.PLA.D05.TREE.03567","TREE_053","TREE","D05",2016-09-27,"Live","sapling",NA,NA,10,0.8,NA,1.2,NA,"Abies balsamea (L.) Mill.",NA,NA,"2016",12,"douglas","Abies balsamea (L.) Mill.","balsam fir","Pinaceae","tree","balsamea",0.608,"sw2",-2.2304,2.4435,"AbiesBelow0.35spg","conifer","Conifer",0.33,-2.3123,2.3482,1.87856,0.79034,NA,"Good",NA,NA,2.10084215377483
"Abies","ABBA","NEON.PLA.D05.TREE.03445","TREE_023","TREE","D05",2019-11-04,"Live","sapling",NA,NA,10,1,NA,1.2,NA,"Abies balsamea (L.) Mill.",NA,NA,"2019",12,"douglas","Abies balsamea (L.) Mill.","balsam fir","Pinaceae","tree","balsamea",0.608,"sw2",-2.2304,2.4435,"AbiesBelow0.35spg","conifer","Conifer",0.33,-2.3123,2.3482,1.87856,0.79034,NA,"Good",NA,NA,2.50602432791239
"Abies","ABBA","NEON.PLA.D05.TREE.03071","TREE_001","TREE","D05",2019-10-07,"Live","sapling",NA,NA,10,1.2,NA,1.5,NA,"Abies balsamea (L.) Mill.",NA,NA,"2019",12,"douglas","Abies balsamea (L.) Mill.","balsam fir","Pinaceae","tree","balsamea",0.608,"sw2",-2.2304,2.4435,"AbiesBelow0.35spg","conifer","Conifer",0.33,-2.3123,2.3482,1.87856,0.79034,NA,"Good",NA,NA,4.11859519109086
"Abies","ABBA","NEON.PLA.D05.TREE.03071","TREE_001","TREE","D05",2017-10-25,"Live","sapling",NA,NA,10,0.9,NA,1,NA,"Abies balsamea (L.) Mill.",NA,NA,"2017",12,"douglas","Abies balsamea (L.) Mill.","balsam fir","Pinaceae","tree","balsamea",0.608,"sw2",-2.2304,2.4435,"AbiesBelow0.35spg","conifer","Conifer",0.33,-2.3123,2.3482,1.87856,0.79034,NA,"Good",NA,NA,1.72846701288653
"Abies","ABBA","NEON.PLA.D05.TREE.03188","TREE_045","TREE","D05",2017-10-19,"Live","sapling",NA,NA,10,0.8,NA,1.1,NA,"Abies balsamea (L.) Mill.",NA,NA,"2017",12,"douglas","Abies balsamea (L.) Mill.","balsam fir","Pinaceae","tree","balsamea",0.608,"sw2",-2.2304,2.4435,"AbiesBelow0.35spg","conifer","Conifer",0.33,-2.3123,2.3482,1.87856,0.79034,NA,"Good",NA,NA,1.83088809430162
"Abies","ABBA","NEON.PLA.D05.TREE.03449","TREE_023","TREE","D05",2019-11-04,"Live","sapling",NA,NA,10,1,NA,1.5,NA,"Abies balsamea (L.) Mill.",NA,NA,"2019",12,"douglas","Abies balsamea (L.) Mill.","balsam fir","Pinaceae","tree","balsamea",0.608,"sw2",-2.2304,2.4435,"AbiesBelow0.35spg","conifer","Conifer",0.33,-2.3123,2.3482,1.87856,0.79034,NA,"Good",NA,NA,3.56589870401389
"Abies","ABBA","NEON.PLA.D05.TREE.03450","TREE_023","TREE","D05",2019-11-04,"Live","sapling",NA,NA,10,0.9,NA,1.3,NA,"Abies balsamea (L.) Mill.",NA,NA,"2019",12,"douglas","Abies balsamea (L.) Mill.","balsam fir","Pinaceae","tree","balsamea",0.608,"sw2",-2.2304,2.4435,"AbiesBelow0.35spg","conifer","Conifer",0.33,-2.3123,2.3482,1.87856,0.79034,NA,"Good",NA,NA,2.6167912187436
"Abies","ABBA","NEON.PLA.D05.TREE.03452","TREE_023","TREE","D05",2019-11-04,"Live","sapling",NA,NA,10,1.3,NA,1.9,NA,"Abies balsamea (L.) Mill.",NA,NA,"2019",12,"douglas","Abies balsamea (L.) Mill.","balsam fir","Pinaceae","tree","balsamea",0.608,"sw2",-2.2304,2.4435,"AbiesBelow0.35spg","conifer","Conifer",0.33,-2.3123,2.3482,1.87856,0.79034,NA,"Good",NA,NA,6.37528055991147
"Abies","ABBA","NEON.PLA.D05.TREE.00267","TREE_054","TREE","D05",2018-10-09,"Live","sapling",NA,NA,10,0.9,NA,1.3,NA,"Abies balsamea (L.) Mill.",NA,NA,"2018",12,"douglas","Abies balsamea (L.) Mill.","balsam fir","Pinaceae","tree","balsamea",0.608,"sw2",-2.2304,2.4435,"AbiesBelow0.35spg","conifer","Conifer",0.33,-2.3123,2.3482,1.87856,0.79034,NA,"Good",NA,NA,2.6167912187436
"Abies","ABBA","NEON.PLA.D05.TREE.03482","TREE_047","TREE","D05",2016-10-19,"Live","sapling",NA,NA,10,0.7,NA,1.1,NA,"Abies balsamea (L.) Mill.",NA,NA,"2016",12,"douglas","Abies balsamea (L.) Mill.","balsam fir","Pinaceae","tree","balsamea",0.608,"sw2",-2.2304,2.4435,"AbiesBelow0.35spg","conifer","Conifer",0.33,-2.3123,2.3482,1.87856,0.79034,NA,"Good",NA,NA,1.64751146388164
"Abies","ABBA","NEON.PLA.D05.TREE.00267","TREE_054","TREE","D05",2017-08-30,"Live","sapling",NA,NA,10,0.9,NA,1.2,NA,"Abies balsamea (L.) Mill.",NA,NA,"2017",12,"douglas","Abies balsamea (L.) Mill.","balsam fir","Pinaceae","tree","balsamea",0.608,"sw2",-2.2304,2.4435,"AbiesBelow0.35spg","conifer","Conifer",0.33,-2.3123,2.3482,1.87856,0.79034,NA,"Good",NA,NA,2.30579826265209
"Abies","ABBA","NEON.PLA.D05.TREE.03173","TREE_057","TREE","D05",2018-10-16,"Live","sapling",NA,NA,10,1.2,NA,1.5,NA,"Abies balsamea (L.) Mill.",NA,NA,"2018",12,"douglas","Abies balsamea (L.) Mill.","balsam fir","Pinaceae","tree","balsamea",0.608,"sw2",-2.2304,2.4435,"AbiesBelow0.35spg","conifer","Conifer",0.33,-2.3123,2.3482,1.87856,0.79034,NA,"Good",NA,NA,4.11859519109086
"Abies","ABBA","NEON.PLA.D05.TREE.01669","TREE_056","TREE","D05",2022-09-21,"Live","sapling","Full shade",NA,10,0.5,NA,1.1,NA,"Abies balsamea (L.) Mill.",NA,NA,"2022",12,"douglas","Abies balsamea (L.) Mill.","balsam fir","Pinaceae","tree","balsamea",0.608,"sw2",-2.2304,2.4435,"AbiesBelow0.35spg","conifer","Conifer",0.33,-2.3123,2.3482,1.87856,0.79034,NA,"Good",NA,NA,1.26280884029697
"Abies","ABBA","NEON.PLA.D05.TREE.03369","TREE_039","TREE","D05",2019-10-23,"Live","sapling",NA,NA,10,1.3,NA,2,NA,"Abies balsamea (L.) Mill.",NA,NA,"2019",12,"douglas","Abies balsamea (L.) Mill.","balsam fir","Pinaceae","tree","balsamea",0.608,"sw2",-2.2304,2.4435,"AbiesBelow0.35spg","conifer","Conifer",0.33,-2.3123,2.3482,1.87856,0.79034,NA,"Good",NA,NA,6.91370991225611
"Abies","ABBA","NEON.PLA.D05.TREE.01029","TREE_057","TREE","D05",2017-10-17,"Live","sapling",NA,NA,10,1.5,NA,2.3,NA,"Abies balsamea (L.) Mill.",NA,NA,"2017",12,"douglas","Abies balsamea (L.) Mill.","balsam fir","Pinaceae","tree","balsamea",0.608,"sw2",-2.2304,2.4435,"AbiesBelow0.35spg","conifer","Conifer",0.33,-2.3123,2.3482,1.87856,0.79034,NA,"Good",NA,NA,9.65546051588695
"Abies","ABBA","NEON.PLA.D05.TREE.03188","TREE_045","TREE","D05",2016-10-18,"Live","sapling",NA,NA,10,0.4,NA,1.1,NA,"Abies balsamea (L.) Mill.",NA,NA,"2016",12,"douglas","Abies balsamea (L.) Mill.","balsam fir","Pinaceae","tree","balsamea",0.608,"sw2",-2.2304,2.4435,"AbiesBelow0.35spg","conifer","Conifer",0.33,-2.3123,2.3482,1.87856,0.79034,NA,"Good",NA,NA,1.0586337946948
"Abies","ABBA","NEON.PLA.D05.TREE.02397","TREE_019","TREE","D05",2017-10-23,"Live","sapling",NA,NA,10,1.4,NA,1.6,NA,"Abies balsamea (L.) Mill.",NA,NA,"2017",12,"douglas","Abies balsamea (L.) Mill.","balsam fir","Pinaceae","tree","balsamea",0.608,"sw2",-2.2304,2.4435,"AbiesBelow0.35spg","conifer","Conifer",0.33,-2.3123,2.3482,1.87856,0.79034,NA,"Good",NA,NA,5.15186265602836
"Abies","ABBA","NEON.PLA.D05.TREE.03956","TREE_004","TREE","D05",2019-10-08,"Live","sapling",NA,NA,10,0.7,NA,1.1,NA,"Abies balsamea (L.) Mill.",NA,NA,"2019",12,"douglas","Abies balsamea (L.) Mill.","balsam fir","Pinaceae","tree","balsamea",0.608,"sw2",-2.2304,2.4435,"AbiesBelow0.35spg","conifer","Conifer",0.33,-2.3123,2.3482,1.87856,0.79034,NA,"Good",NA,NA,1.64751146388164
"Abies","ABBA","NEON.PLA.D05.TREE.03122","TREE_004","TREE","D05",2018-05-02,"Live","sapling",NA,NA,10,NA,NA,1.1,NA,"Abies balsamea (L.) Mill.",NA,NA,"2018",12,"douglas","Abies balsamea (L.) Mill.","balsam fir","Pinaceae","tree","balsamea",0.608,"sw2",-2.2304,2.4435,"AbiesBelow0.35spg","conifer","Conifer",0.33,-2.3123,2.3482,1.87856,0.79034,NA,"Check",NA,NA,NA
"Abies","ABBA","NEON.PLA.D05.TREE.03123","TREE_004","TREE","D05",2019-10-08,"Live","sapling",NA,NA,10,1,NA,1.8,NA,"Abies balsamea (L.) Mill.",NA,NA,"2019",12,"douglas","Abies balsamea (L.) Mill.","balsam fir","Pinaceae","tree","balsamea",0.608,"sw2",-2.2304,2.4435,"AbiesBelow0.35spg","conifer","Conifer",0.33,-2.3123,2.3482,1.87856,0.79034,NA,"Good",NA,NA,4.75695687288672
"Abies","ABBA","NEON.PLA.D05.TREE.02311","TREE_006","TREE","D05",2018-05-02,"Live","sapling",NA,NA,10,NA,NA,2.6,NA,"Abies balsamea (L.) Mill.",NA,NA,"2018",12,"douglas","Abies balsamea (L.) Mill.","balsam fir","Pinaceae","tree","balsamea",0.608,"sw2",-2.2304,2.4435,"AbiesBelow0.35spg","conifer","Conifer",0.33,-2.3123,2.3482,1.87856,0.79034,NA,"Check",NA,NA,NA
"Abies","ABBA","NEON.PLA.D05.TREE.01035","TREE_057","TREE","D05",2016-10-18,"Live","sapling",NA,NA,10,1.1,NA,1.6,NA,"Abies balsamea (L.) Mill.",NA,NA,"2016",12,"douglas","Abies balsamea (L.) Mill.","balsam fir","Pinaceae","tree","balsamea",0.608,"sw2",-2.2304,2.4435,"AbiesBelow0.35spg","conifer","Conifer",0.33,-2.3123,2.3482,1.87856,0.79034,NA,"Good",NA,NA,4.25782433392009
"Abies","ABBA","NEON.PLA.D05.TREE.03491","TREE_025","TREE","D05",2018-10-17,"Live","sapling",NA,NA,10,1.3,NA,2.4,NA,"Abies balsamea (L.) Mill.",NA,NA,"2018",12,"douglas","Abies balsamea (L.) Mill.","balsam fir","Pinaceae","tree","balsamea",0.608,"sw2",-2.2304,2.4435,"AbiesBelow0.35spg","conifer","Conifer",0.33,-2.3123,2.3482,1.87856,0.79034,NA,"Good",NA,NA,9.2229820906667
"Abies","ABBA","NEON.PLA.D05.TREE.00745","TREE_052","TREE","D05",2016-09-29,"Live","sapling",NA,NA,10,1.2,NA,1.5,NA,"Abies balsamea (L.) Mill.",NA,NA,"2016",12,"douglas","Abies balsamea (L.) Mill.","balsam fir","Pinaceae","tree","balsamea",0.608,"sw2",-2.2304,2.4435,"AbiesBelow0.35spg","conifer","Conifer",0.33,-2.3123,2.3482,1.87856,0.79034,NA,"Good",NA,NA,4.11859519109086
"Abies","ABBA","NEON.PLA.D05.TREE.03880","TREE_057","TREE","D05",2018-10-16,"Live","sapling",NA,NA,10,1.5,NA,2.9,NA,"Abies balsamea (L.) Mill.",NA,NA,"2018",12,"douglas","Abies balsamea (L.) Mill.","balsam fir","Pinaceae","tree","balsamea",0.608,"sw2",-2.2304,2.4435,"AbiesBelow0.35spg","conifer","Conifer",0.33,-2.3123,2.3482,1.87856,0.79034,NA,"Good",NA,NA,13.9283702769755
"Abies","ABBA","NEON.PLA.D05.TREE.03188","TREE_045","TREE","D05",2018-10-17,"Live","sapling",NA,NA,10,0.8,NA,1.4,NA,"Abies balsamea (L.) Mill.",NA,NA,"2018",12,"douglas","Abies balsamea (L.) Mill.","balsam fir","Pinaceae","tree","balsamea",0.608,"sw2",-2.2304,2.4435,"AbiesBelow0.35spg","conifer","Conifer",0.33,-2.3123,2.3482,1.87856,0.79034,NA,"Good",NA,NA,2.68049421616019
"Abies","ABBA","NEON.PLA.D05.TREE.02303","TREE_015","TREE","D05",2018-05-08,"Live","sapling",NA,NA,10,NA,NA,2.2,NA,"Abies balsamea (L.) Mill.",NA,NA,"2018",12,"douglas","Abies balsamea (L.) Mill.","balsam fir","Pinaceae","tree","balsamea",0.608,"sw2",-2.2304,2.4435,"AbiesBelow0.35spg","conifer","Conifer",0.33,-2.3123,2.3482,1.87856,0.79034,NA,"Check",NA,NA,NA
"Abies","ABBA","NEON.PLA.D05.TREE.02304","TREE_015","TREE","D05",2018-05-08,"Live","sapling",NA,NA,10,NA,NA,2,NA,"Abies balsamea (L.) Mill.",NA,NA,"2018",12,"douglas","Abies balsamea (L.) Mill.","balsam fir","Pinaceae","tree","balsamea",0.608,"sw2",-2.2304,2.4435,"AbiesBelow0.35spg","conifer","Conifer",0.33,-2.3123,2.3482,1.87856,0.79034,NA,"Check",NA,NA,NA
"Abies","ABBA","NEON.PLA.D05.TREE.03191","TREE_045","TREE","D05",2018-10-17,"Live","sapling",NA,NA,10,1.9,NA,2.8,NA,"Abies balsamea (L.) Mill.",NA,NA,"2018",12,"douglas","Abies balsamea (L.) Mill.","balsam fir","Pinaceae","tree","balsamea",0.608,"sw2",-2.2304,2.4435,"AbiesBelow0.35spg","conifer","Conifer",0.33,-2.3123,2.3482,1.87856,0.79034,NA,"Good",NA,NA,15.8836002584088
"Abies","ABBA","NEON.PLA.D05.TREE.03943","TREE_004","TREE","D05",2018-05-02,"Live","sapling",NA,NA,10,NA,NA,1.8,NA,"Abies balsamea (L.) Mill.",NA,NA,"2018",12,"douglas","Abies balsamea (L.) Mill.","balsam fir","Pinaceae","tree","balsamea",0.608,"sw2",-2.2304,2.4435,"AbiesBelow0.35spg","conifer","Conifer",0.33,-2.3123,2.3482,1.87856,0.79034,NA,"Check",NA,NA,NA
"Abies","ABBA","NEON.PLA.D05.TREE.01680","TREE_056","TREE","D05",2022-09-21,"Live","sapling","Full shade",NA,10,1.3,NA,2,NA,"Abies balsamea (L.) Mill.",NA,NA,"2022",12,"douglas","Abies balsamea (L.) Mill.","balsam fir","Pinaceae","tree","balsamea",0.608,"sw2",-2.2304,2.4435,"AbiesBelow0.35spg","conifer","Conifer",0.33,-2.3123,2.3482,1.87856,0.79034,NA,"Good",NA,NA,6.91370991225611
"Abies","ABBA","NEON.PLA.D05.TREE.01681","TREE_056","TREE","D05",2021-09-22,"Live","sapling","Full shade",NA,10,0.7,NA,1.2,NA,"Abies balsamea (L.) Mill.",NA,NA,"2021",12,"douglas","Abies balsamea (L.) Mill.","balsam fir","Pinaceae","tree","balsamea",0.608,"sw2",-2.2304,2.4435,"AbiesBelow0.35spg","conifer","Conifer",0.33,-2.3123,2.3482,1.87856,0.79034,NA,"Good",NA,NA,1.89042767983593
"Abies","ABBA","NEON.PLA.D05.TREE.03166","TREE_057","TREE","D05",2017-10-17,"Live","sapling",NA,NA,20,1.8,NA,2.4,NA,"Abies balsamea (L.) Mill.",NA,NA,"2017",12,"douglas","Abies balsamea (L.) Mill.","balsam fir","Pinaceae","tree","balsamea",0.608,"sw2",-2.2304,2.4435,"AbiesBelow0.35spg","conifer","Conifer",0.33,-2.3123,2.3482,1.87856,0.79034,NA,"Good",NA,NA,11.9280499180286
"Abies","ABBA","NEON.PLA.D05.TREE.00953","TREE_043","TREE","D05",2016-10-19,"Live","sapling",NA,NA,10,1.2,NA,1.5,NA,"Abies balsamea (L.) Mill.",NA,NA,"2016",12,"douglas","Abies balsamea (L.) Mill.","balsam fir","Pinaceae","tree","balsamea",0.608,"sw2",-2.2304,2.4435,"AbiesBelow0.35spg","conifer","Conifer",0.33,-2.3123,2.3482,1.87856,0.79034,NA,"Good",NA,NA,4.11859519109086
"Abies","ABBA","NEON.PLA.D05.TREE.00953","TREE_043","TREE","D05",2019-10-23,"Live","sapling",NA,NA,10,1.8,NA,2.2,NA,"Abies balsamea (L.) Mill.",NA,NA,"2019",12,"douglas","Abies balsamea (L.) Mill.","balsam fir","Pinaceae","tree","balsamea",0.608,"sw2",-2.2304,2.4435,"AbiesBelow0.35spg","conifer","Conifer",0.33,-2.3123,2.3482,1.87856,0.79034,NA,"Good",NA,NA,10.3953191075843
"Abies","ABBA","NEON.PLA.D05.TREE.01035","TREE_057","TREE","D05",2018-10-16,"Live","sapling",NA,NA,10,1.5,NA,2,NA,"Abies balsamea (L.) Mill.",NA,NA,"2018",12,"douglas","Abies balsamea (L.) Mill.","balsam fir","Pinaceae","tree","balsamea",0.608,"sw2",-2.2304,2.4435,"AbiesBelow0.35spg","conifer","Conifer",0.33,-2.3123,2.3482,1.87856,0.79034,NA,"Good",NA,NA,7.74157151270527
"Abies","ABBA","NEON.PLA.D05.TREE.03173","TREE_057","TREE","D05",2017-10-17,"Live","sapling",NA,NA,10,1.1,NA,1.5,NA,"Abies balsamea (L.) Mill.",NA,NA,"2017",12,"douglas","Abies balsamea (L.) Mill.","balsam fir","Pinaceae","tree","balsamea",0.608,"sw2",-2.2304,2.4435,"AbiesBelow0.35spg","conifer","Conifer",0.33,-2.3123,2.3482,1.87856,0.79034,NA,"Good",NA,NA,3.84488448844998
"Abies","ABBA","NEON.PLA.D05.TREE.03897","TREE_055","TREE","D05",2017-09-14,"Live","sapling",NA,NA,10,0.6,NA,1.2,NA,"Abies balsamea (L.) Mill.",NA,NA,"2017",12,"douglas","Abies balsamea (L.) Mill.","balsam fir","Pinaceae","tree","balsamea",0.608,"sw2",-2.2304,2.4435,"AbiesBelow0.35spg","conifer","Conifer",0.33,-2.3123,2.3482,1.87856,0.79034,NA,"Good",NA,NA,1.67359103943094
"Abies","ABBA","NEON.PLA.D05.TREE.03898","TREE_055","TREE","D05",2018-10-10,"Live","sapling",NA,NA,10,0.9,NA,1.4,NA,"Abies balsamea (L.) Mill.",NA,NA,"2018",12,"douglas","Abies balsamea (L.) Mill.","balsam fir","Pinaceae","tree","balsamea",0.608,"sw2",-2.2304,2.4435,"AbiesBelow0.35spg","conifer","Conifer",0.33,-2.3123,2.3482,1.87856,0.79034,NA,"Good",NA,NA,2.9420006141659
"Abies","ABBA","NEON.PLA.D05.TREE.03567","TREE_053","TREE","D05",2017-08-30,"Live","sapling",NA,NA,10,1,NA,1.4,NA,"Abies balsamea (L.) Mill.",NA,NA,"2017",12,"douglas","Abies balsamea (L.) Mill.","balsam fir","Pinaceae","tree","balsamea",0.608,"sw2",-2.2304,2.4435,"AbiesBelow0.35spg","conifer","Conifer",0.33,-2.3123,2.3482,1.87856,0.79034,NA,"Good",NA,NA,3.19747188262383
"Abies","ABBA","NEON.PLA.D05.TREE.00828","TREE_025","TREE","D05",2016-10-18,"Live","sapling",NA,NA,10,1.1,NA,1.4,NA,"Abies balsamea (L.) Mill.",NA,NA,"2016",12,"douglas","Abies balsamea (L.) Mill.","balsam fir","Pinaceae","tree","balsamea",0.608,"sw2",-2.2304,2.4435,"AbiesBelow0.35spg","conifer","Conifer",0.33,-2.3123,2.3482,1.87856,0.79034,NA,"Good",NA,NA,3.4476329991979
"Abies","ABBA","NEON.PLA.D05.TREE.03941","TREE_004","TREE","D05",2018-05-02,"Live","sapling",NA,NA,10,NA,NA,1.7,NA,"Abies balsamea (L.) Mill.",NA,NA,"2018",12,"douglas","Abies balsamea (L.) Mill.","balsam fir","Pinaceae","tree","balsamea",0.608,"sw2",-2.2304,2.4435,"AbiesBelow0.35spg","conifer","Conifer",0.33,-2.3123,2.3482,1.87856,0.79034,NA,"Check",NA,NA,NA
"Abies","ABBA","NEON.PLA.D05.TREE.00378","TREE_054","TREE","D05",2017-08-30,"Live","sapling",NA,NA,10,1.4,NA,1.9,NA,"Abies balsamea (L.) Mill.",NA,NA,"2017",12,"douglas","Abies balsamea (L.) Mill.","balsam fir","Pinaceae","tree","balsamea",0.608,"sw2",-2.2304,2.4435,"AbiesBelow0.35spg","conifer","Conifer",0.33,-2.3123,2.3482,1.87856,0.79034,NA,"Good",NA,NA,6.75983576192128
"Abies","ABBA","NEON.PLA.D05.TREE.03449","TREE_023","TREE","D05",2018-05-08,"Live","sapling",NA,NA,10,NA,NA,1.1,NA,"Abies balsamea (L.) Mill.",NA,NA,"2018",12,"douglas","Abies balsamea (L.) Mill.","balsam fir","Pinaceae","tree","balsamea",0.608,"sw2",-2.2304,2.4435,"AbiesBelow0.35spg","conifer","Conifer",0.33,-2.3123,2.3482,1.87856,0.79034,NA,"Check",NA,NA,NA
"Abies","ABBA","NEON.PLA.D05.TREE.02492","TREE_015","TREE","D05",2019-10-24,"Live","sapling",NA,NA,10,0.8,NA,1,NA,"Abies balsamea (L.) Mill.",NA,NA,"2019",12,"douglas","Abies balsamea (L.) Mill.","balsam fir","Pinaceae","tree","balsamea",0.608,"sw2",-2.2304,2.4435,"AbiesBelow0.35spg","conifer","Conifer",0.33,-2.3123,2.3482,1.87856,0.79034,NA,"Good",NA,NA,1.57482830171999
"Abies","ABBA","NEON.PLA.D05.TREE.02493","TREE_015","TREE","D05",2019-10-24,"Live","sapling",NA,NA,10,1.5,NA,1.8,NA,"Abies balsamea (L.) Mill.",NA,NA,"2019",12,"douglas","Abies balsamea (L.) Mill.","balsam fir","Pinaceae","tree","balsamea",0.608,"sw2",-2.2304,2.4435,"AbiesBelow0.35spg","conifer","Conifer",0.33,-2.3123,2.3482,1.87856,0.79034,NA,"Good",NA,NA,6.55392066196932
"Abies","ABBA","NEON.PLA.D05.TREE.03024","TREE_011","TREE","D05",2020-06-09,"Live","sapling",NA,NA,10,1.1,NA,1.9,NA,"Abies balsamea (L.) Mill.",NA,NA,"2020",12,"douglas","Abies balsamea (L.) Mill.","balsam fir","Pinaceae","tree","balsamea",0.608,"sw2",-2.2304,2.4435,"AbiesBelow0.35spg","conifer","Conifer",0.33,-2.3123,2.3482,1.87856,0.79034,NA,"Good",NA,NA,5.58675475689024
"Abies","ABBA","NEON.PLA.D05.TREE.01157","TREE_045","TREE","D05",2016-10-18,"Live","sapling",NA,NA,10,1.3,NA,2.4,NA,"Abies balsamea (L.) Mill.",NA,NA,"2016",12,"douglas","Abies balsamea (L.) Mill.","balsam fir","Pinaceae","tree","balsamea",0.608,"sw2",-2.2304,2.4435,"AbiesBelow0.35spg","conifer","Conifer",0.33,-2.3123,2.3482,1.87856,0.79034,NA,"Good",NA,NA,9.2229820906667
"Abies","ABBA","NEON.PLA.D05.TREE.00966","TREE_057","TREE","D05",2016-10-18,"Live","sapling",NA,NA,10,1.5,NA,2.3,NA,"Abies balsamea (L.) Mill.",NA,NA,"2016",12,"douglas","Abies balsamea (L.) Mill.","balsam fir","Pinaceae","tree","balsamea",0.608,"sw2",-2.2304,2.4435,"AbiesBelow0.35spg","conifer","Conifer",0.33,-2.3123,2.3482,1.87856,0.79034,NA,"Good",NA,NA,9.65546051588695
"Abies","ABBA","NEON.PLA.D05.TREE.03369","TREE_039","TREE","D05",2018-10-17,"Live","sapling",NA,NA,10,1,NA,1.6,NA,"Abies balsamea (L.) Mill.",NA,NA,"2018",12,"douglas","Abies balsamea (L.) Mill.","balsam fir","Pinaceae","tree","balsamea",0.608,"sw2",-2.2304,2.4435,"AbiesBelow0.35spg","conifer","Conifer",0.33,-2.3123,2.3482,1.87856,0.79034,NA,"Good",NA,NA,3.9488755305534
"Abies","ABBA","NEON.PLA.D05.TREE.03369","TREE_039","TREE","D05",2020-10-01,"Live","sapling","Mostly shaded",NA,10,1.2,NA,2.5,NA,"Abies balsamea (L.) Mill.",NA,NA,"2020",12,"douglas","Abies balsamea (L.) Mill.","balsam fir","Pinaceae","tree","balsamea",0.608,"sw2",-2.2304,2.4435,"AbiesBelow0.35spg","conifer","Conifer",0.33,-2.3123,2.3482,1.87856,0.79034,NA,"Good",NA,NA,9.23466168662585
"Abies","ABBA","NEON.PLA.D05.TREE.00186","TREE_055","TREE","D05",2017-09-14,"Live","sapling",NA,NA,10,1.1,NA,2.3,NA,"Abies balsamea (L.) Mill.",NA,NA,"2017",12,"douglas","Abies balsamea (L.) Mill.","balsam fir","Pinaceae","tree","balsamea",0.608,"sw2",-2.2304,2.4435,"AbiesBelow0.35spg","conifer","Conifer",0.33,-2.3123,2.3482,1.87856,0.79034,NA,"Good",NA,NA,7.55640664621047
"Abies","ABBA","NEON.PLA.D05.TREE.02685","TREE_023","TREE","D05",2019-11-04,"Live","sapling",NA,NA,10,1.7,NA,2.6,NA,"Abies balsamea (L.) Mill.",NA,NA,"2019",12,"douglas","Abies balsamea (L.) Mill.","balsam fir","Pinaceae","tree","balsamea",0.608,"sw2",-2.2304,2.4435,"AbiesBelow0.35spg","conifer","Conifer",0.33,-2.3123,2.3482,1.87856,0.79034,NA,"Good",NA,NA,12.938923432871
"Abies","ABBA","NEON.PLA.D05.TREE.00272","TREE_050","TREE","D05",2016-09-29,"Live","sapling",NA,NA,10,1.2,NA,2.5,NA,"Abies balsamea (L.) Mill.",NA,NA,"2016",12,"douglas","Abies balsamea (L.) Mill.","balsam fir","Pinaceae","tree","balsamea",0.608,"sw2",-2.2304,2.4435,"AbiesBelow0.35spg","conifer","Conifer",0.33,-2.3123,2.3482,1.87856,0.79034,NA,"Good",NA,NA,9.23466168662585
"Abies","ABBA","NEON.PLA.D05.TREE.01341","TREE_045","TREE","D05",2016-10-18,"Live","sapling",NA,NA,10,1,NA,1.3,NA,"Abies balsamea (L.) Mill.",NA,NA,"2016",12,"douglas","Abies balsamea (L.) Mill.","balsam fir","Pinaceae","tree","balsamea",0.608,"sw2",-2.2304,2.4435,"AbiesBelow0.35spg","conifer","Conifer",0.33,-2.3123,2.3482,1.87856,0.79034,NA,"Good",NA,NA,2.84402263695713
"Abies","ABBA","NEON.PLA.D05.TREE.03883","TREE_057","TREE","D05",2017-10-17,"Live","sapling",NA,NA,10,0.6,NA,1.1,NA,"Abies balsamea (L.) Mill.",NA,NA,"2017",12,"douglas","Abies balsamea (L.) Mill.","balsam fir","Pinaceae","tree","balsamea",0.608,"sw2",-2.2304,2.4435,"AbiesBelow0.35spg","conifer","Conifer",0.33,-2.3123,2.3482,1.87856,0.79034,NA,"Good",NA,NA,1.45853790267786
"Abies","ABBA","NEON.PLA.D05.TREE.03191","TREE_045","TREE","D05",2016-10-18,"Live","sapling",NA,NA,10,1.2,NA,1.6,NA,"Abies balsamea (L.) Mill.",NA,NA,"2016",12,"douglas","Abies balsamea (L.) Mill.","balsam fir","Pinaceae","tree","balsamea",0.608,"sw2",-2.2304,2.4435,"AbiesBelow0.35spg","conifer","Conifer",0.33,-2.3123,2.3482,1.87856,0.79034,NA,"Good",NA,NA,4.5609315127338
"Abies","ABBA","NEON.PLA.D05.TREE.03885","TREE_057","TREE","D05",2018-10-16,"Live","sapling",NA,NA,10,0.8,NA,1.2,NA,"Abies balsamea (L.) Mill.",NA,NA,"2018",12,"douglas","Abies balsamea (L.) Mill.","balsam fir","Pinaceae","tree","balsamea",0.608,"sw2",-2.2304,2.4435,"AbiesBelow0.35spg","conifer","Conifer",0.33,-2.3123,2.3482,1.87856,0.79034,NA,"Good",NA,NA,2.10084215377483
"Abies","ABBA","NEON.PLA.D05.TREE.00943","TREE_057","TREE","D05",2018-10-16,"Live","sapling",NA,NA,10,1.2,NA,2.1,NA,"Abies balsamea (L.) Mill.",NA,NA,"2018",12,"douglas","Abies balsamea (L.) Mill.","balsam fir","Pinaceae","tree","balsamea",0.608,"sw2",-2.2304,2.4435,"AbiesBelow0.35spg","conifer","Conifer",0.33,-2.3123,2.3482,1.87856,0.79034,NA,"Good",NA,NA,7.01020585950022
"Abies","ABBA","NEON.PLA.D05.TREE.00778","TREE_051","TREE","D05",2018-10-09,"Live","sapling",NA,NA,10,1.3,NA,1.9,NA,"Abies balsamea (L.) Mill.",NA,NA,"2018",12,"douglas","Abies balsamea (L.) Mill.","balsam fir","Pinaceae","tree","balsamea",0.608,"sw2",-2.2304,2.4435,"AbiesBelow0.35spg","conifer","Conifer",0.33,-2.3123,2.3482,1.87856,0.79034,NA,"Good",NA,NA,6.37528055991147
"Abies","ABBA","NEON.PLA.D05.TREE.03445","TREE_023","TREE","D05",2018-05-08,"Live","sapling",NA,NA,10,0.8,NA,1,NA,"Abies balsamea (L.) Mill.",NA,NA,"2018",12,"douglas","Abies balsamea (L.) Mill.","balsam fir","Pinaceae","tree","balsamea",0.608,"sw2",-2.2304,2.4435,"AbiesBelow0.35spg","conifer","Conifer",0.33,-2.3123,2.3482,1.87856,0.79034,NA,"Good",NA,NA,1.57482830171999
"Abies","ABBA","NEON.PLA.D05.TREE.00228","TREE_050","TREE","D05",2017-08-30,"Live","sapling",NA,NA,10,1.3,NA,1.9,NA,"Abies balsamea (L.) Mill.",NA,NA,"2017",12,"douglas","Abies balsamea (L.) Mill.","balsam fir","Pinaceae","tree","balsamea",0.608,"sw2",-2.2304,2.4435,"AbiesBelow0.35spg","conifer","Conifer",0.33,-2.3123,2.3482,1.87856,0.79034,NA,"Good",NA,NA,6.37528055991147
"Abies","ABBA","NEON.PLA.D05.TREE.03885","TREE_057","TREE","D05",2017-10-17,"Live","sapling",NA,NA,10,0.7,NA,1.1,NA,"Abies balsamea (L.) Mill.",NA,NA,"2017",12,"douglas","Abies balsamea (L.) Mill.","balsam fir","Pinaceae","tree","balsamea",0.608,"sw2",-2.2304,2.4435,"AbiesBelow0.35spg","conifer","Conifer",0.33,-2.3123,2.3482,1.87856,0.79034,NA,"Good",NA,NA,1.64751146388164
"Abies","ABBA","NEON.PLA.D05.TREE.03111","TREE_002","TREE","D05",2018-05-07,"Live","sapling",NA,NA,10,1.4,NA,2,NA,"Abies balsamea (L.) Mill.",NA,NA,"2018",12,"douglas","Abies balsamea (L.) Mill.","balsam fir","Pinaceae","tree","balsamea",0.608,"sw2",-2.2304,2.4435,"AbiesBelow0.35spg","conifer","Conifer",0.33,-2.3123,2.3482,1.87856,0.79034,NA,"Good",NA,NA,7.33074302742018
"Abies","ABBA","NEON.PLA.D05.TREE.03886","TREE_057","TREE","D05",2017-10-17,"Live","sapling",NA,NA,10,0.8,NA,1.3,NA,"Abies balsamea (L.) Mill.",NA,NA,"2017",12,"douglas","Abies balsamea (L.) Mill.","balsam fir","Pinaceae","tree","balsamea",0.608,"sw2",-2.2304,2.4435,"AbiesBelow0.35spg","conifer","Conifer",0.33,-2.3123,2.3482,1.87856,0.79034,NA,"Good",NA,NA,2.38419179553083
"Abies","ABBA","NEON.PLA.D05.TREE.03429","TREE_050","TREE","D05",2018-08-29,"Standing dead","sapling",NA,NA,10,1.5,NA,1.2,NA,"Abies balsamea (L.) Mill.",NA,NA,"2018",12,"douglas","Abies balsamea (L.) Mill.","balsam fir","Pinaceae","tree","balsamea",0.608,"sw2",-2.2304,2.4435,"AbiesBelow0.35spg","conifer","Conifer",0.33,-2.3123,2.3482,1.87856,0.79034,NA,"Good",NA,NA,3.45268730850104
"Abies","ABBA","NEON.PLA.D05.TREE.00751","TREE_052","TREE","D05",2016-09-29,"Live","sapling",NA,NA,10,0.5,NA,0.9,NA,"Abies balsamea (L.) Mill.",NA,NA,"2016",12,"douglas","Abies balsamea (L.) Mill.","balsam fir","Pinaceae","tree","balsamea",0.608,"sw2",-2.2304,2.4435,"AbiesBelow0.35spg","conifer","Conifer",0.33,-2.3123,2.3482,1.87856,0.79034,NA,"Good",NA,NA,0.919562121921934
"Abies","ABBA","NEON.PLA.D05.TREE.03887","TREE_057","TREE","D05",2017-10-17,"Live","sapling",NA,NA,10,0.9,NA,1.3,NA,"Abies balsamea (L.) Mill.",NA,NA,"2017",12,"douglas","Abies balsamea (L.) Mill.","balsam fir","Pinaceae","tree","balsamea",0.608,"sw2",-2.2304,2.4435,"AbiesBelow0.35spg","conifer","Conifer",0.33,-2.3123,2.3482,1.87856,0.79034,NA,"Good",NA,NA,2.6167912187436
"Abies","ABBA","NEON.PLA.D05.TREE.03492","TREE_025","TREE","D05",2018-10-17,"Live","sapling",NA,NA,10,1.7,NA,2.4,NA,"Abies balsamea (L.) Mill.",NA,NA,"2018",12,"douglas","Abies balsamea (L.) Mill.","balsam fir","Pinaceae","tree","balsamea",0.608,"sw2",-2.2304,2.4435,"AbiesBelow0.35spg","conifer","Conifer",0.33,-2.3123,2.3482,1.87856,0.79034,NA,"Good",NA,NA,11.4011950813665
"Abies","ABBA","NEON.PLA.D05.TREE.01669","TREE_056","TREE","D05",2021-09-22,"Live","sapling","Full shade",NA,10,0.6,NA,1.1,NA,"Abies balsamea (L.) Mill.",NA,NA,"2021",12,"douglas","Abies balsamea (L.) Mill.","balsam fir","Pinaceae","tree","balsamea",0.608,"sw2",-2.2304,2.4435,"AbiesBelow0.35spg","conifer","Conifer",0.33,-2.3123,2.3482,1.87856,0.79034,NA,"Good",NA,NA,1.45853790267786
"Abies","ABBA","NEON.PLA.D05.TREE.03897","TREE_055","TREE","D05",2018-10-10,"Live","sapling",NA,NA,10,0.9,NA,1.4,NA,"Abies balsamea (L.) Mill.",NA,NA,"2018",12,"douglas","Abies balsamea (L.) Mill.","balsam fir","Pinaceae","tree","balsamea",0.608,"sw2",-2.2304,2.4435,"AbiesBelow0.35spg","conifer","Conifer",0.33,-2.3123,2.3482,1.87856,0.79034,NA,"Good",NA,NA,2.9420006141659
"Abies","ABBA","NEON.PLA.D05.TREE.00471","TREE_052","TREE","D05",2018-08-29,"Live","sapling",NA,NA,10,1.6,NA,2.6,NA,"Abies balsamea (L.) Mill.",NA,NA,"2018",12,"douglas","Abies balsamea (L.) Mill.","balsam fir","Pinaceae","tree","balsamea",0.608,"sw2",-2.2304,2.4435,"AbiesBelow0.35spg","conifer","Conifer",0.33,-2.3123,2.3482,1.87856,0.79034,NA,"Good",NA,NA,12.3335849505482
"Abies","ABBA","NEON.PLA.D05.TREE.00471","TREE_052","TREE","D05",2016-09-29,"Live","sapling",NA,NA,10,1.4,NA,2.1,NA,"Abies balsamea (L.) Mill.",NA,NA,"2016",12,"douglas","Abies balsamea (L.) Mill.","balsam fir","Pinaceae","tree","balsamea",0.608,"sw2",-2.2304,2.4435,"AbiesBelow0.35spg","conifer","Conifer",0.33,-2.3123,2.3482,1.87856,0.79034,NA,"Good",NA,NA,7.91847403930494
"Abies","ABBA","NEON.PLA.D05.TREE.03278","TREE_025","TREE","D05",2018-10-17,"Live","sapling",NA,NA,10,0.6,NA,1.1,NA,"Abies balsamea (L.) Mill.",NA,NA,"2018",12,"douglas","Abies balsamea (L.) Mill.","balsam fir","Pinaceae","tree","balsamea",0.608,"sw2",-2.2304,2.4435,"AbiesBelow0.35spg","conifer","Conifer",0.33,-2.3123,2.3482,1.87856,0.79034,NA,"Good",NA,NA,1.45853790267786
"Abies","ABBA","NEON.PLA.D05.TREE.01652","TREE_056","TREE","D05",2021-09-22,"Live","sapling","Full shade",NA,10,0.7,NA,1.2,NA,"Abies balsamea (L.) Mill.",NA,NA,"2021",12,"douglas","Abies balsamea (L.) Mill.","balsam fir","Pinaceae","tree","balsamea",0.608,"sw2",-2.2304,2.4435,"AbiesBelow0.35spg","conifer","Conifer",0.33,-2.3123,2.3482,1.87856,0.79034,NA,"Good",NA,NA,1.89042767983593
"Abies","ABBA","NEON.PLA.D05.TREE.01395","TREE_045","TREE","D05",2018-10-17,"Live","sapling",NA,NA,10,1,NA,1.5,NA,"Abies balsamea (L.) Mill.",NA,NA,"2018",12,"douglas","Abies balsamea (L.) Mill.","balsam fir","Pinaceae","tree","balsamea",0.608,"sw2",-2.2304,2.4435,"AbiesBelow0.35spg","conifer","Conifer",0.33,-2.3123,2.3482,1.87856,0.79034,NA,"Good",NA,NA,3.56589870401389
"Abies","ABBA","NEON.PLA.D05.TREE.03491","TREE_025","TREE","D05",2016-10-18,"Live","sapling",NA,NA,10,0.9,NA,1.2,NA,"Abies balsamea (L.) Mill.",NA,NA,"2016",12,"douglas","Abies balsamea (L.) Mill.","balsam fir","Pinaceae","tree","balsamea",0.608,"sw2",-2.2304,2.4435,"AbiesBelow0.35spg","conifer","Conifer",0.33,-2.3123,2.3482,1.87856,0.79034,NA,"Good",NA,NA,2.30579826265209
"Abies","ABBA","NEON.PLA.D05.TREE.03877","TREE_039","TREE","D05",2018-10-17,"Live","sapling",NA,NA,10,1.2,NA,1.8,NA,"Abies balsamea (L.) Mill.",NA,NA,"2018",12,"douglas","Abies balsamea (L.) Mill.","balsam fir","Pinaceae","tree","balsamea",0.608,"sw2",-2.2304,2.4435,"AbiesBelow0.35spg","conifer","Conifer",0.33,-2.3123,2.3482,1.87856,0.79034,NA,"Good",NA,NA,5.49426142667611
"Abies","ABBA","NEON.PLA.D05.TREE.03898","TREE_055","TREE","D05",2017-09-14,"Live","sapling",NA,NA,10,0.7,NA,1.1,NA,"Abies balsamea (L.) Mill.",NA,NA,"2017",12,"douglas","Abies balsamea (L.) Mill.","balsam fir","Pinaceae","tree","balsamea",0.608,"sw2",-2.2304,2.4435,"AbiesBelow0.35spg","conifer","Conifer",0.33,-2.3123,2.3482,1.87856,0.79034,NA,"Good",NA,NA,1.64751146388164
"Abies","ABBA","NEON.PLA.D05.TREE.00725","TREE_057","TREE","D05",2017-10-17,"Live","sapling",NA,NA,10,1.3,NA,2.8,NA,"Abies balsamea (L.) Mill.",NA,NA,"2017",12,"douglas","Abies balsamea (L.) Mill.","balsam fir","Pinaceae","tree","balsamea",0.608,"sw2",-2.2304,2.4435,"AbiesBelow0.35spg","conifer","Conifer",0.33,-2.3123,2.3482,1.87856,0.79034,NA,"Good",NA,NA,11.7677332898904
"Abies","ABBA","NEON.PLA.D05.TREE.03001","TREE_018","TREE","D05",2018-04-25,"Live, physically damaged","sapling",NA,NA,10,NA,NA,1.3,NA,"Abies balsamea (L.) Mill.",NA,NA,"2018",12,"douglas","Abies balsamea (L.) Mill.","balsam fir","Pinaceae","tree","balsamea",0.608,"sw2",-2.2304,2.4435,"AbiesBelow0.35spg","conifer","Conifer",0.33,-2.3123,2.3482,1.87856,0.79034,NA,"Check",NA,NA,NA
"Abies","ABBA","NEON.PLA.D05.TREE.03879","TREE_057","TREE","D05",2018-10-16,"Live","sapling",NA,NA,10,1,NA,1.1,NA,"Abies balsamea (L.) Mill.",NA,NA,"2018",12,"douglas","Abies balsamea (L.) Mill.","balsam fir","Pinaceae","tree","balsamea",0.608,"sw2",-2.2304,2.4435,"AbiesBelow0.35spg","conifer","Conifer",0.33,-2.3123,2.3482,1.87856,0.79034,NA,"Good",NA,NA,2.18400516086407
"Abies","ABBA","NEON.PLA.D05.TREE.01680","TREE_056","TREE","D05",2021-09-22,"Live","sapling","Full shade",NA,10,1,NA,1.8,NA,"Abies balsamea (L.) Mill.",NA,NA,"2021",12,"douglas","Abies balsamea (L.) Mill.","balsam fir","Pinaceae","tree","balsamea",0.608,"sw2",-2.2304,2.4435,"AbiesBelow0.35spg","conifer","Conifer",0.33,-2.3123,2.3482,1.87856,0.79034,NA,"Good",NA,NA,4.75695687288672
"Abies","ABBA","NEON.PLA.D05.TREE.02303","TREE_015","TREE","D05",2019-10-24,"Live","sapling",NA,NA,10,1.5,NA,2,NA,"Abies balsamea (L.) Mill.",NA,NA,"2019",12,"douglas","Abies balsamea (L.) Mill.","balsam fir","Pinaceae","tree","balsamea",0.608,"sw2",-2.2304,2.4435,"AbiesBelow0.35spg","conifer","Conifer",0.33,-2.3123,2.3482,1.87856,0.79034,NA,"Good",NA,NA,7.74157151270527
"Abies","ABBA","NEON.PLA.D05.TREE.03883","TREE_057","TREE","D05",2018-10-16,"Live","sapling",NA,NA,10,0.9,NA,1.3,NA,"Abies balsamea (L.) Mill.",NA,NA,"2018",12,"douglas","Abies balsamea (L.) Mill.","balsam fir","Pinaceae","tree","balsamea",0.608,"sw2",-2.2304,2.4435,"AbiesBelow0.35spg","conifer","Conifer",0.33,-2.3123,2.3482,1.87856,0.79034,NA,"Good",NA,NA,2.6167912187436
"Abies","ABBA","NEON.PLA.D05.TREE.01125","TREE_045","TREE","D05",2017-10-19,"Live","sapling",NA,NA,10,1.3,NA,1.9,NA,"Abies balsamea (L.) Mill.",NA,NA,"2017",12,"douglas","Abies balsamea (L.) Mill.","balsam fir","Pinaceae","tree","balsamea",0.608,"sw2",-2.2304,2.4435,"AbiesBelow0.35spg","conifer","Conifer",0.33,-2.3123,2.3482,1.87856,0.79034,NA,"Good",NA,NA,6.37528055991147
"Abies","ABBA","NEON.PLA.D05.TREE.03024","TREE_011","TREE","D05",2017-11-01,"Live","sapling",NA,NA,10,0.9,NA,1.5,NA,"Abies balsamea (L.) Mill.",NA,NA,"2017",12,"douglas","Abies balsamea (L.) Mill.","balsam fir","Pinaceae","tree","balsamea",0.608,"sw2",-2.2304,2.4435,"AbiesBelow0.35spg","conifer","Conifer",0.33,-2.3123,2.3482,1.87856,0.79034,NA,"Good",NA,NA,3.28099090855913
"Abies","ABBA","NEON.PLA.D05.TREE.03444","TREE_023","TREE","D05",2018-05-08,"Live","sapling",NA,NA,10,NA,NA,1,NA,"Abies balsamea (L.) Mill.",NA,NA,"2018",12,"douglas","Abies balsamea (L.) Mill.","balsam fir","Pinaceae","tree","balsamea",0.608,"sw2",-2.2304,2.4435,"AbiesBelow0.35spg","conifer","Conifer",0.33,-2.3123,2.3482,1.87856,0.79034,NA,"Check",NA,NA,NA
"Abies","ABBA","NEON.PLA.D05.TREE.02492","TREE_015","TREE","D05",2018-05-08,"Live","sapling",NA,NA,10,NA,NA,1.1,NA,"Abies balsamea (L.) Mill.",NA,NA,"2018",12,"douglas","Abies balsamea (L.) Mill.","balsam fir","Pinaceae","tree","balsamea",0.608,"sw2",-2.2304,2.4435,"AbiesBelow0.35spg","conifer","Conifer",0.33,-2.3123,2.3482,1.87856,0.79034,NA,"Check",NA,NA,NA
"Abies","ABBA","NEON.PLA.D05.TREE.03110","TREE_002","TREE","D05",2019-10-08,"Standing dead","sapling",NA,NA,10,1,NA,1.4,NA,"Abies balsamea (L.) Mill.",NA,NA,"2019",12,"douglas","Abies balsamea (L.) Mill.","balsam fir","Pinaceae","tree","balsamea",0.608,"sw2",-2.2304,2.4435,"AbiesBelow0.35spg","conifer","Conifer",0.33,-2.3123,2.3482,1.87856,0.79034,NA,"Good",NA,NA,3.19747188262383
"Abies","ABBA","NEON.PLA.D05.TREE.03110","TREE_002","TREE","D05",2018-05-07,"Standing dead","sapling",NA,NA,10,1.1,NA,1.7,NA,"Abies balsamea (L.) Mill.",NA,NA,"2018",12,"douglas","Abies balsamea (L.) Mill.","balsam fir","Pinaceae","tree","balsamea",0.608,"sw2",-2.2304,2.4435,"AbiesBelow0.35spg","conifer","Conifer",0.33,-2.3123,2.3482,1.87856,0.79034,NA,"Good",NA,NA,4.6860332576425
"Abies","ABBA","NEON.PLA.D05.TREE.01029","TREE_057","TREE","D05",2018-10-16,"Live","sapling",NA,NA,10,1.8,NA,2.4,NA,"Abies balsamea (L.) Mill.",NA,NA,"2018",12,"douglas","Abies balsamea (L.) Mill.","balsam fir","Pinaceae","tree","balsamea",0.608,"sw2",-2.2304,2.4435,"AbiesBelow0.35spg","conifer","Conifer",0.33,-2.3123,2.3482,1.87856,0.79034,NA,"Good",NA,NA,11.9280499180286
"Acer","ACRU","NEON.PLA.D05.TREE.01103","TREE_043","TREE","D05",2017-10-17,"Live","sapling",NA,NA,10,2.7,NA,1.5,NA,"Acer rubrum L.",NA,NA,"2017",316,"soft maple/birch","Acer rubrum L.","red maple","Aceraceae","tree","rubrum",0.744,"hw2",-1.9123,2.3651,"AceraceaeBelow0.50spg","hardwood","Hardwood",0.44,-2.047,2.3852,0.21103,0.95964,NA,"Good",NA,NA,1.19197337099403
"Acer","ACRU","NEON.PLA.D05.TREE.01176","TREE_043","TREE","D05",2016-10-19,"Live","sapling",NA,NA,10,2.3,NA,1.4,NA,"Acer rubrum L.",NA,NA,"2016",316,"soft maple/birch","Acer rubrum L.","red maple","Aceraceae","tree","rubrum",0.744,"hw2",-1.9123,2.3651,"AceraceaeBelow0.50spg","hardwood","Hardwood",0.44,-2.047,2.3852,0.21103,0.95964,NA,"Good",NA,NA,0.895227296409021
"Acer","ACRU","NEON.PLA.D05.TREE.01886","TREE_019","TREE","D05",2019-10-30,"Live","sapling",NA,NA,10,1.7,NA,1.1,NA,"Acer rubrum L.",NA,NA,"2019",316,"soft maple/birch","Acer rubrum L.","red maple","Aceraceae","tree","rubrum",0.744,"hw2",-1.9123,2.3651,"AceraceaeBelow0.50spg","hardwood","Hardwood",0.44,-2.047,2.3852,0.21103,0.95964,NA,"Good",NA,NA,0.421634708797526
"Acer","ACRU","NEON.PLA.D05.TREE.03390","TREE_002","TREE","D05",2019-10-08,"Live","sapling",NA,NA,10,1.5,NA,1.1,NA,"Acer rubrum L.",NA,NA,"2019",316,"soft maple/birch","Acer rubrum L.","red maple","Aceraceae","tree","rubrum",0.744,"hw2",-1.9123,2.3651,"AceraceaeBelow0.50spg","hardwood","Hardwood",0.44,-2.047,2.3852,0.21103,0.95964,NA,"Good",NA,NA,0.37391472436757
"Acer","ACRU","NEON.PLA.D05.TREE.03034","TREE_012","TREE","D05",2017-10-30,"Live","sapling",NA,NA,10,1.9,NA,1.4,NA,"Acer rubrum L.",NA,NA,"2017",316,"soft maple/birch","Acer rubrum L.","red maple","Aceraceae","tree","rubrum",0.744,"hw2",-1.9123,2.3651,"AceraceaeBelow0.50spg","hardwood","Hardwood",0.44,-2.047,2.3852,0.21103,0.95964,NA,"Good",NA,NA,0.745260186545236
"Acer","ACRU","NEON.PLA.D05.TREE.02119","TREE_019","TREE","D05",2019-10-30,"Live","sapling",NA,NA,10,2,NA,1.3,NA,"Acer rubrum L.",NA,NA,"2019",316,"soft maple/birch","Acer rubrum L.","red maple","Aceraceae","tree","rubrum",0.744,"hw2",-1.9123,2.3651,"AceraceaeBelow0.50spg","hardwood","Hardwood",0.44,-2.047,2.3852,0.21103,0.95964,NA,"Good",NA,NA,0.679068868870939
"Acer","ACRU","NEON.PLA.D05.TREE.03487","TREE_044","TREE","D05",2018-10-16,"Live","sapling",NA,NA,10,2.1,NA,1.4,NA,"Acer rubrum L.",NA,NA,"2018",316,"soft maple/birch","Acer rubrum L.","red maple","Aceraceae","tree","rubrum",0.744,"hw2",-1.9123,2.3651,"AceraceaeBelow0.50spg","hardwood","Hardwood",0.44,-2.047,2.3852,0.21103,0.95964,NA,"Good",NA,NA,0.820388075625541
"Acer","ACRU","NEON.PLA.D05.TREE.01086","TREE_043","TREE","D05",2017-10-17,"Live","sapling",NA,NA,10,1.9,NA,1.7,NA,"Acer rubrum L.",NA,NA,"2017",316,"soft maple/birch","Acer rubrum L.","red maple","Aceraceae","tree","rubrum",0.744,"hw2",-1.9123,2.3651,"AceraceaeBelow0.50spg","hardwood","Hardwood",0.44,-2.047,2.3852,0.21103,0.95964,NA,"Good",NA,NA,1.08179086645738
"Acer","ACRU","NEON.PLA.D05.TREE.01380","TREE_002","TREE","D05",2018-05-07,"Live","sapling",NA,NA,10,0.9,NA,1.2,NA,"Acer rubrum L.",NA,NA,"2018",316,"soft maple/birch","Acer rubrum L.","red maple","Aceraceae","tree","rubrum",0.744,"hw2",-1.9123,2.3651,"AceraceaeBelow0.50spg","hardwood","Hardwood",0.44,-2.047,2.3852,0.21103,0.95964,NA,"Good",NA,NA,0.270647775942454
"Acer","ACRU","NEON.PLA.D05.TREE.03189","TREE_045","TREE","D05",2017-10-19,"No longer qualifies","sapling",NA,NA,10,1.3,NA,0.9,NA,"Acer rubrum L.",NA,NA,"2017",316,"soft maple/birch","Acer rubrum L.","red maple","Aceraceae","tree","rubrum",0.744,"hw2",-1.9123,2.3651,"AceraceaeBelow0.50spg","hardwood","Hardwood",0.44,-2.047,2.3852,0.21103,0.95964,NA,"Good",NA,NA,0.221751905846628
"Acer","ACRU","NEON.PLA.D05.TREE.03047","TREE_012","TREE","D05",2017-10-30,"Live","sapling",NA,NA,10,1.4,NA,1.1,NA,"Acer rubrum L.",NA,NA,"2017",316,"soft maple/birch","Acer rubrum L.","red maple","Aceraceae","tree","rubrum",0.744,"hw2",-1.9123,2.3651,"AceraceaeBelow0.50spg","hardwood","Hardwood",0.44,-2.047,2.3852,0.21103,0.95964,NA,"Good",NA,NA,0.349960203072112
"Acer","ACRU","NEON.PLA.D05.TREE.01882","TREE_019","TREE","D05",2019-10-30,"Live, broken bole","sapling",NA,NA,10,1.7,NA,1,NA,"Acer rubrum L.",NA,NA,"2019",316,"soft maple/birch","Acer rubrum L.","red maple","Aceraceae","tree","rubrum",0.744,"hw2",-1.9123,2.3651,"AceraceaeBelow0.50spg","hardwood","Hardwood",0.44,-2.047,2.3852,0.21103,0.95964,NA,"Good",NA,NA,0.351149619251244
"Acer","ACRU","NEON.PLA.D05.TREE.01885","TREE_019","TREE","D05",2019-10-30,"Live, broken bole","sapling",NA,NA,10,1.5,NA,1.1,NA,"Acer rubrum L.",NA,NA,"2019",316,"soft maple/birch","Acer rubrum L.","red maple","Aceraceae","tree","rubrum",0.744,"hw2",-1.9123,2.3651,"AceraceaeBelow0.50spg","hardwood","Hardwood",0.44,-2.047,2.3852,0.21103,0.95964,NA,"Good",NA,NA,0.37391472436757
"Acer","ACRU","NEON.PLA.D05.TREE.02127","TREE_018","TREE","D05",2018-04-25,"Live, physically damaged","sapling",NA,NA,10,NA,NA,1.4,NA,"Acer rubrum L.",NA,NA,"2018",316,"soft maple/birch","Acer rubrum L.","red maple","Aceraceae","tree","rubrum",0.744,"hw2",-1.9123,2.3651,"AceraceaeBelow0.50spg","hardwood","Hardwood",0.44,-2.047,2.3852,0.21103,0.95964,NA,"Check",NA,NA,NA
"Acer","ACRU","NEON.PLA.D05.TREE.03045","TREE_012","TREE","D05",2019-10-17,"Live","sapling",NA,NA,10,1.5,NA,1.5,NA,"Acer rubrum L.",NA,NA,"2019",316,"soft maple/birch","Acer rubrum L.","red maple","Aceraceae","tree","rubrum",0.744,"hw2",-1.9123,2.3651,"AceraceaeBelow0.50spg","hardwood","Hardwood",0.44,-2.047,2.3852,0.21103,0.95964,NA,"Good",NA,NA,0.678104843556204
"Acer","ACRU","NEON.PLA.D05.TREE.03034","TREE_012","TREE","D05",2019-10-17,"Live","sapling",NA,NA,10,2.2,NA,1.5,NA,"Acer rubrum L.",NA,NA,"2019",316,"soft maple/birch","Acer rubrum L.","red maple","Aceraceae","tree","rubrum",0.744,"hw2",-1.9123,2.3651,"AceraceaeBelow0.50spg","hardwood","Hardwood",0.44,-2.047,2.3852,0.21103,0.95964,NA,"Good",NA,NA,0.97929859639703
"Acer","ACRU","NEON.PLA.D05.TREE.02126","TREE_018","TREE","D05",2019-10-30,"Live","sapling",NA,NA,10,1.5,NA,1.4,NA,"Acer rubrum L.",NA,NA,"2019",316,"soft maple/birch","Acer rubrum L.","red maple","Aceraceae","tree","rubrum",0.744,"hw2",-1.9123,2.3651,"AceraceaeBelow0.50spg","hardwood","Hardwood",0.44,-2.047,2.3852,0.21103,0.95964,NA,"Good",NA,NA,0.594003537131352
"Acer","ACRU","NEON.PLA.D05.TREE.03190","TREE_045","TREE","D05",2016-10-18,"Live","sapling",NA,NA,10,1.2,NA,1.6,NA,"Acer rubrum L.",NA,NA,"2016",316,"soft maple/birch","Acer rubrum L.","red maple","Aceraceae","tree","rubrum",0.744,"hw2",-1.9123,2.3651,"AceraceaeBelow0.50spg","hardwood","Hardwood",0.44,-2.047,2.3852,0.21103,0.95964,NA,"Good",NA,NA,0.619573865341154
"Acer","ACRU","NEON.PLA.D05.TREE.03190","TREE_045","TREE","D05",2017-10-19,"Standing dead","sapling",NA,NA,10,1,NA,1.4,NA,"Acer rubrum L.",NA,NA,"2017",316,"soft maple/birch","Acer rubrum L.","red maple","Aceraceae","tree","rubrum",0.744,"hw2",-1.9123,2.3651,"AceraceaeBelow0.50spg","hardwood","Hardwood",0.44,-2.047,2.3852,0.21103,0.95964,NA,"Good",NA,NA,0.402536082082647
"Acer","ACRU","NEON.PLA.D05.TREE.00975","TREE_048","TREE","D05",2017-10-18,"Live","sapling",NA,NA,10,2.6,NA,1.5,NA,"Acer rubrum L.",NA,NA,"2017",316,"soft maple/birch","Acer rubrum L.","red maple","Aceraceae","tree","rubrum",0.744,"hw2",-1.9123,2.3651,"AceraceaeBelow0.50spg","hardwood","Hardwood",0.44,-2.047,2.3852,0.21103,0.95964,NA,"Good",NA,NA,1.14957590980429
"Acer","ACRU","NEON.PLA.D05.TREE.03179","TREE_043","TREE","D05",2016-10-19,"Live","sapling",NA,NA,10,1.4,NA,1.1,NA,"Acer rubrum L.",NA,NA,"2016",316,"soft maple/birch","Acer rubrum L.","red maple","Aceraceae","tree","rubrum",0.744,"hw2",-1.9123,2.3651,"AceraceaeBelow0.50spg","hardwood","Hardwood",0.44,-2.047,2.3852,0.21103,0.95964,NA,"Good",NA,NA,0.349960203072112
"Acer","ACRU","NEON.PLA.D05.TREE.03487","TREE_044","TREE","D05",2017-10-17,"Live","sapling",NA,NA,10,2,NA,1.3,NA,"Acer rubrum L.",NA,NA,"2017",316,"soft maple/birch","Acer rubrum L.","red maple","Aceraceae","tree","rubrum",0.744,"hw2",-1.9123,2.3651,"AceraceaeBelow0.50spg","hardwood","Hardwood",0.44,-2.047,2.3852,0.21103,0.95964,NA,"Good",NA,NA,0.679068868870939
"Acer","ACRU","NEON.PLA.D05.TREE.02636","TREE_012","TREE","D05",2017-10-30,"Live","sapling",NA,NA,10,1.2,NA,1.3,NA,"Acer rubrum L.",NA,NA,"2017",316,"soft maple/birch","Acer rubrum L.","red maple","Aceraceae","tree","rubrum",0.744,"hw2",-1.9123,2.3651,"AceraceaeBelow0.50spg","hardwood","Hardwood",0.44,-2.047,2.3852,0.21103,0.95964,NA,"Good",NA,NA,0.41592869849946
"Acer","ACRU","NEON.PLA.D05.TREE.01891","TREE_043","TREE","D05",2020-10-05,"Live","sapling","Full shade",NA,10,1.8,NA,1.1,NA,"Acer rubrum L.",NA,NA,"2020",316,"soft maple/birch","Acer rubrum L.","red maple","Aceraceae","tree","rubrum",0.744,"hw2",-1.9123,2.3651,"AceraceaeBelow0.50spg","hardwood","Hardwood",0.44,-2.047,2.3852,0.21103,0.95964,NA,"Good",NA,NA,0.445408046509838
"Acer","ACRU","NEON.PLA.D05.TREE.01891","TREE_043","TREE","D05",2019-10-23,"Live","sapling",NA,NA,10,1.6,NA,1.1,NA,"Acer rubrum L.",NA,NA,"2019",316,"soft maple/birch","Acer rubrum L.","red maple","Aceraceae","tree","rubrum",0.744,"hw2",-1.9123,2.3651,"AceraceaeBelow0.50spg","hardwood","Hardwood",0.44,-2.047,2.3852,0.21103,0.95964,NA,"Good",NA,NA,0.397804830000992
"Acer","ACRU","NEON.PLA.D05.TREE.02126","TREE_018","TREE","D05",2018-04-25,"Live, physically damaged","sapling",NA,NA,10,NA,NA,1.2,NA,"Acer rubrum L.",NA,NA,"2018",316,"soft maple/birch","Acer rubrum L.","red maple","Aceraceae","tree","rubrum",0.744,"hw2",-1.9123,2.3651,"AceraceaeBelow0.50spg","hardwood","Hardwood",0.44,-2.047,2.3852,0.21103,0.95964,NA,"Check",NA,NA,NA
"Acer","ACRU","NEON.PLA.D05.TREE.03045","TREE_012","TREE","D05",2017-10-30,"Live","sapling",NA,NA,10,1.4,NA,1.5,NA,"Acer rubrum L.",NA,NA,"2017",316,"soft maple/birch","Acer rubrum L.","red maple","Aceraceae","tree","rubrum",0.744,"hw2",-1.9123,2.3651,"AceraceaeBelow0.50spg","hardwood","Hardwood",0.44,-2.047,2.3852,0.21103,0.95964,NA,"Good",NA,NA,0.634662647095516
"Acer","ACRU","NEON.PLA.D05.TREE.03047","TREE_012","TREE","D05",2019-10-17,"Live","sapling",NA,NA,10,1.5,NA,1.4,NA,"Acer rubrum L.",NA,NA,"2019",316,"soft maple/birch","Acer rubrum L.","red maple","Aceraceae","tree","rubrum",0.744,"hw2",-1.9123,2.3651,"AceraceaeBelow0.50spg","hardwood","Hardwood",0.44,-2.047,2.3852,0.21103,0.95964,NA,"Good",NA,NA,0.594003537131352
"Acer","ACRU","NEON.PLA.D05.TREE.01392","TREE_043","TREE","D05",2020-10-05,"Live, physically damaged","sapling","Full shade",NA,10,2.2,NA,1.7,NA,"Acer rubrum L.",NA,NA,"2020",316,"soft maple/birch","Acer rubrum L.","red maple","Aceraceae","tree","rubrum",0.744,"hw2",-1.9123,2.3651,"AceraceaeBelow0.50spg","hardwood","Hardwood",0.44,-2.047,2.3852,0.21103,0.95964,NA,"Good",NA,NA,1.24521030518752
"Acer","ACRU","NEON.PLA.D05.TREE.03054","TREE_012","TREE","D05",2017-10-30,"Live","sapling",NA,NA,10,1.2,NA,1.2,NA,"Acer rubrum L.",NA,NA,"2017",316,"soft maple/birch","Acer rubrum L.","red maple","Aceraceae","tree","rubrum",0.744,"hw2",-1.9123,2.3651,"AceraceaeBelow0.50spg","hardwood","Hardwood",0.44,-2.047,2.3852,0.21103,0.95964,NA,"Good",NA,NA,0.356697997985715
"Acer","ACRU","NEON.PLA.D05.TREE.02444","TREE_012","TREE","D05",2017-10-30,"Live","sapling",NA,NA,10,1.4,NA,1.4,NA,"Acer rubrum L.",NA,NA,"2017",316,"soft maple/birch","Acer rubrum L.","red maple","Aceraceae","tree","rubrum",0.744,"hw2",-1.9123,2.3651,"AceraceaeBelow0.50spg","hardwood","Hardwood",0.44,-2.047,2.3852,0.21103,0.95964,NA,"Good",NA,NA,0.555949217650201
"Acer","ACRU","NEON.PLA.D05.TREE.01182","TREE_043","TREE","D05",2017-10-17,"Live","sapling",NA,NA,10,1.6,NA,1.2,NA,"Acer rubrum L.",NA,NA,"2017",316,"soft maple/birch","Acer rubrum L.","red maple","Aceraceae","tree","rubrum",0.744,"hw2",-1.9123,2.3651,"AceraceaeBelow0.50spg","hardwood","Hardwood",0.44,-2.047,2.3852,0.21103,0.95964,NA,"Good",NA,NA,0.470107176473047
"Acer","ACRU","NEON.PLA.D05.TREE.01182","TREE_043","TREE","D05",2020-10-05,"Live","sapling","Full shade",NA,10,2.1,NA,1.4,NA,"Acer rubrum L.",NA,NA,"2020",316,"soft maple/birch","Acer rubrum L.","red maple","Aceraceae","tree","rubrum",0.744,"hw2",-1.9123,2.3651,"AceraceaeBelow0.50spg","hardwood","Hardwood",0.44,-2.047,2.3852,0.21103,0.95964,NA,"Good",NA,NA,0.820388075625541
"Acer","ACRU","NEON.PLA.D05.TREE.02253","TREE_006","TREE","D05",2018-05-02,"Dead, broken bole","sapling",NA,NA,10,NA,NA,2.3,NA,"Acer rubrum L.",NA,NA,"2018",316,"soft maple/birch","Acer rubrum L.","red maple","Aceraceae","tree","rubrum",0.744,"hw2",-1.9123,2.3651,"AceraceaeBelow0.50spg","hardwood","Hardwood",0.44,-2.047,2.3852,0.21103,0.95964,NA,"Check",NA,NA,NA
"Acer","ACRU","NEON.PLA.D05.TREE.02054","TREE_018","TREE","D05",2018-04-25,"Live","sapling",NA,NA,10,NA,NA,1.4,NA,"Acer rubrum L.",NA,NA,"2018",316,"soft maple/birch","Acer rubrum L.","red maple","Aceraceae","tree","rubrum",0.744,"hw2",-1.9123,2.3651,"AceraceaeBelow0.50spg","hardwood","Hardwood",0.44,-2.047,2.3852,0.21103,0.95964,NA,"Check",NA,NA,NA
"Acer","ACRU","NEON.PLA.D05.TREE.02981","TREE_009","TREE","D05",2019-10-16,"Live","sapling",NA,NA,10,1.5,NA,1.4,NA,"Acer rubrum L.",NA,NA,"2019",316,"soft maple/birch","Acer rubrum L.","red maple","Aceraceae","tree","rubrum",0.744,"hw2",-1.9123,2.3651,"AceraceaeBelow0.50spg","hardwood","Hardwood",0.44,-2.047,2.3852,0.21103,0.95964,NA,"Good",NA,NA,0.594003537131352
"Acer","ACRU","NEON.PLA.D05.TREE.02981","TREE_009","TREE","D05",2017-10-26,"Live","sapling",NA,NA,10,1.3,NA,1.1,NA,"Acer rubrum L.",NA,NA,"2017",316,"soft maple/birch","Acer rubrum L.","red maple","Aceraceae","tree","rubrum",0.744,"hw2",-1.9123,2.3651,"AceraceaeBelow0.50spg","hardwood","Hardwood",0.44,-2.047,2.3852,0.21103,0.95964,NA,"Good",NA,NA,0.325936464471337
"Acer","ACRU","NEON.PLA.D05.TREE.01880","TREE_019","TREE","D05",2019-10-30,"Live","sapling",NA,NA,10,1.3,NA,1.2,NA,"Acer rubrum L.",NA,NA,"2019",316,"soft maple/birch","Acer rubrum L.","red maple","Aceraceae","tree","rubrum",0.744,"hw2",-1.9123,2.3651,"AceraceaeBelow0.50spg","hardwood","Hardwood",0.44,-2.047,2.3852,0.21103,0.95964,NA,"Good",NA,NA,0.385176497283468
"Acer","ACRU","NEON.PLA.D05.TREE.02987","TREE_009","TREE","D05",2017-10-26,"Live","sapling",NA,NA,10,2.1,NA,1.8,NA,"Acer rubrum L.",NA,NA,"2017",316,"soft maple/birch","Acer rubrum L.","red maple","Aceraceae","tree","rubrum",0.744,"hw2",-1.9123,2.3651,"AceraceaeBelow0.50spg","hardwood","Hardwood",0.44,-2.047,2.3852,0.21103,0.95964,NA,"Good",NA,NA,1.32891785500267
"Acer","ACRU","NEON.PLA.D05.TREE.05087","TREE_012","TREE","D05",2019-10-17,"Live","sapling",NA,NA,10,1.6,NA,1.3,NA,"Acer rubrum L.",NA,NA,"2019",316,"soft maple/birch","Acer rubrum L.","red maple","Aceraceae","tree","rubrum",0.744,"hw2",-1.9123,2.3651,"AceraceaeBelow0.50spg","hardwood","Hardwood",0.44,-2.047,2.3852,0.21103,0.95964,NA,"Good",NA,NA,0.548169788363996
"Acer","ACRU","NEON.PLA.D05.TREE.05090","TREE_012","TREE","D05",2019-10-17,"Live","sapling",NA,NA,10,1.6,NA,1.2,NA,"Acer rubrum L.",NA,NA,"2019",316,"soft maple/birch","Acer rubrum L.","red maple","Aceraceae","tree","rubrum",0.744,"hw2",-1.9123,2.3651,"AceraceaeBelow0.50spg","hardwood","Hardwood",0.44,-2.047,2.3852,0.21103,0.95964,NA,"Good",NA,NA,0.470107176473047
"Acer","ACRU","NEON.PLA.D05.TREE.03061","TREE_009","TREE","D05",2019-10-16,"Live, broken bole","sapling",NA,NA,10,0.6,NA,1.3,NA,"Acer rubrum L.",NA,NA,"2019",316,"soft maple/birch","Acer rubrum L.","red maple","Aceraceae","tree","rubrum",0.744,"hw2",-1.9123,2.3651,"AceraceaeBelow0.50spg","hardwood","Hardwood",0.44,-2.047,2.3852,0.21103,0.95964,NA,"Good",NA,NA,0.213864382475161
"Acer","ACRU","NEON.PLA.D05.TREE.02408","TREE_012","TREE","D05",2017-10-30,"Live","sapling",NA,NA,10,2.6,NA,1.7,NA,"Acer rubrum L.",NA,NA,"2017",316,"soft maple/birch","Acer rubrum L.","red maple","Aceraceae","tree","rubrum",0.744,"hw2",-1.9123,2.3651,"AceraceaeBelow0.50spg","hardwood","Hardwood",0.44,-2.047,2.3852,0.21103,0.95964,NA,"Good",NA,NA,1.46172349756261
"Acer","ACRU","NEON.PLA.D05.TREE.01250","TREE_043","TREE","D05",2016-10-19,"Live","sapling",NA,NA,10,1.7,NA,1.2,NA,"Acer rubrum L.",NA,NA,"2016",316,"soft maple/birch","Acer rubrum L.","red maple","Aceraceae","tree","rubrum",0.744,"hw2",-1.9123,2.3651,"AceraceaeBelow0.50spg","hardwood","Hardwood",0.44,-2.047,2.3852,0.21103,0.95964,NA,"Good",NA,NA,0.498268214730691
"Acer","ACRU","NEON.PLA.D05.TREE.03104","TREE_002","TREE","D05",2019-10-08,"Live","sapling",NA,NA,10,1.4,NA,1.2,NA,"Acer rubrum L.",NA,NA,"2019",316,"soft maple/birch","Acer rubrum L.","red maple","Aceraceae","tree","rubrum",0.744,"hw2",-1.9123,2.3651,"AceraceaeBelow0.50spg","hardwood","Hardwood",0.44,-2.047,2.3852,0.21103,0.95964,NA,"Good",NA,NA,0.413566630007369
"Acer","ACRU","NEON.PLA.D05.TREE.05168","TREE_048","TREE","D05",2021-09-23,"Live, physically damaged","sapling","Mostly shaded",NA,10,1.4,NA,1.7,NA,"Acer rubrum L.",NA,NA,"2021",316,"soft maple/birch","Acer rubrum L.","red maple","Aceraceae","tree","rubrum",0.744,"hw2",-1.9123,2.3651,"AceraceaeBelow0.50spg","hardwood","Hardwood",0.44,-2.047,2.3852,0.21103,0.95964,NA,"Good",NA,NA,0.806994384949088
"Acer","ACRU","NEON.PLA.D05.TREE.01494","TREE_009","TREE","D05",2019-10-16,"Live, physically damaged","sapling",NA,NA,10,1.1,NA,1.2,NA,"Acer rubrum L.",NA,NA,"2019",316,"soft maple/birch","Acer rubrum L.","red maple","Aceraceae","tree","rubrum",0.744,"hw2",-1.9123,2.3651,"AceraceaeBelow0.50spg","hardwood","Hardwood",0.44,-2.047,2.3852,0.21103,0.95964,NA,"Good",NA,NA,0.328123440947054
"Acer","ACRU","NEON.PLA.D05.TREE.02915","TREE_001","TREE","D05",2019-10-07,"Live, physically damaged","sapling",NA,NA,10,2.4,NA,1.5,NA,"Acer rubrum L.",NA,NA,"2019",316,"soft maple/birch","Acer rubrum L.","red maple","Aceraceae","tree","rubrum",0.744,"hw2",-1.9123,2.3651,"AceraceaeBelow0.50spg","hardwood","Hardwood",0.44,-2.047,2.3852,0.21103,0.95964,NA,"Good",NA,NA,1.06458059734113
"Acer","ACRU","NEON.PLA.D05.TREE.01380","TREE_002","TREE","D05",2019-10-08,"Live","sapling",NA,NA,10,1.5,NA,1.3,NA,"Acer rubrum L.",NA,NA,"2019",316,"soft maple/birch","Acer rubrum L.","red maple","Aceraceae","tree","rubrum",0.744,"hw2",-1.9123,2.3651,"AceraceaeBelow0.50spg","hardwood","Hardwood",0.44,-2.047,2.3852,0.21103,0.95964,NA,"Good",NA,NA,0.515249539132648
"Acer","ACRU","NEON.PLA.D05.TREE.01593","TREE_001","TREE","D05",2019-10-07,"Live, physically damaged","sapling",NA,NA,10,1.4,NA,1.4,NA,"Acer rubrum L.",NA,NA,"2019",316,"soft maple/birch","Acer rubrum L.","red maple","Aceraceae","tree","rubrum",0.744,"hw2",-1.9123,2.3651,"AceraceaeBelow0.50spg","hardwood","Hardwood",0.44,-2.047,2.3852,0.21103,0.95964,NA,"Good",NA,NA,0.555949217650201
"Acer","ACRU","NEON.PLA.D05.TREE.01594","TREE_001","TREE","D05",2019-10-07,"Live, physically damaged","sapling",NA,NA,10,0.8,NA,1.1,NA,"Acer rubrum L.",NA,NA,"2019",316,"soft maple/birch","Acer rubrum L.","red maple","Aceraceae","tree","rubrum",0.744,"hw2",-1.9123,2.3651,"AceraceaeBelow0.50spg","hardwood","Hardwood",0.44,-2.047,2.3852,0.21103,0.95964,NA,"Good",NA,NA,0.204545357463255
"Acer","ACRU","NEON.PLA.D05.TREE.01595","TREE_001","TREE","D05",2019-10-07,"Live","sapling",NA,NA,10,1.2,NA,1.3,NA,"Acer rubrum L.",NA,NA,"2019",316,"soft maple/birch","Acer rubrum L.","red maple","Aceraceae","tree","rubrum",0.744,"hw2",-1.9123,2.3651,"AceraceaeBelow0.50spg","hardwood","Hardwood",0.44,-2.047,2.3852,0.21103,0.95964,NA,"Good",NA,NA,0.41592869849946
"Acer","ACRU","NEON.PLA.D05.TREE.03139","TREE_018","TREE","D05",2018-04-25,"Live, physically damaged","sapling",NA,NA,10,NA,NA,1.6,NA,"Acer rubrum L.",NA,NA,"2018",316,"soft maple/birch","Acer rubrum L.","red maple","Aceraceae","tree","rubrum",0.744,"hw2",-1.9123,2.3651,"AceraceaeBelow0.50spg","hardwood","Hardwood",0.44,-2.047,2.3852,0.21103,0.95964,NA,"Check",NA,NA,NA
"Acer","ACRU","NEON.PLA.D05.TREE.03046","TREE_012","TREE","D05",2017-10-30,"Live","sapling",NA,NA,10,1,NA,1,NA,"Acer rubrum L.",NA,NA,"2017",316,"soft maple/birch","Acer rubrum L.","red maple","Aceraceae","tree","rubrum",0.744,"hw2",-1.9123,2.3651,"AceraceaeBelow0.50spg","hardwood","Hardwood",0.44,-2.047,2.3852,0.21103,0.95964,NA,"Good",NA,NA,0.21103
"Acer","ACRU","NEON.PLA.D05.TREE.01081","TREE_044","TREE","D05",2016-10-19,"Live","sapling",NA,NA,10,2.1,NA,1.3,NA,"Acer rubrum L.",NA,NA,"2016",316,"soft maple/birch","Acer rubrum L.","red maple","Aceraceae","tree","rubrum",0.744,"hw2",-1.9123,2.3651,"AceraceaeBelow0.50spg","hardwood","Hardwood",0.44,-2.047,2.3852,0.21103,0.95964,NA,"Good",NA,NA,0.71161963094928
"Acer","ACRU","NEON.PLA.D05.TREE.03060","TREE_009","TREE","D05",2017-10-26,"Live","sapling",NA,NA,10,1.7,NA,1,NA,"Acer rubrum L.",NA,NA,"2017",316,"soft maple/birch","Acer rubrum L.","red maple","Aceraceae","tree","rubrum",0.744,"hw2",-1.9123,2.3651,"AceraceaeBelow0.50spg","hardwood","Hardwood",0.44,-2.047,2.3852,0.21103,0.95964,NA,"Good",NA,NA,0.351149619251244
"Acer","ACRU","NEON.PLA.D05.TREE.03061","TREE_009","TREE","D05",2017-10-26,"Live","sapling",NA,NA,10,2.2,NA,1.1,NA,"Acer rubrum L.",NA,NA,"2017",316,"soft maple/birch","Acer rubrum L.","red maple","Aceraceae","tree","rubrum",0.744,"hw2",-1.9123,2.3651,"AceraceaeBelow0.50spg","hardwood","Hardwood",0.44,-2.047,2.3852,0.21103,0.95964,NA,"Good",NA,NA,0.53999638584648
"Acer","ACRU","NEON.PLA.D05.TREE.03067","TREE_001","TREE","D05",2017-10-25,"Live","sapling",NA,NA,10,1.7,NA,1.2,NA,"Acer rubrum L.",NA,NA,"2017",316,"soft maple/birch","Acer rubrum L.","red maple","Aceraceae","tree","rubrum",0.744,"hw2",-1.9123,2.3651,"AceraceaeBelow0.50spg","hardwood","Hardwood",0.44,-2.047,2.3852,0.21103,0.95964,NA,"Good",NA,NA,0.498268214730691
"Acer","ACRU","NEON.PLA.D05.TREE.03067","TREE_001","TREE","D05",2019-10-07,"Live","sapling",NA,NA,10,2.2,NA,1.4,NA,"Acer rubrum L.",NA,NA,"2019",316,"soft maple/birch","Acer rubrum L.","red maple","Aceraceae","tree","rubrum",0.744,"hw2",-1.9123,2.3651,"AceraceaeBelow0.50spg","hardwood","Hardwood",0.44,-2.047,2.3852,0.21103,0.95964,NA,"Good",NA,NA,0.857842022063938
"Acer","ACRU","NEON.PLA.D05.TREE.00973","TREE_001","TREE","D05",2019-10-07,"Live","sapling",NA,NA,10,1,NA,1,NA,"Acer rubrum L.",NA,NA,"2019",316,"soft maple/birch","Acer rubrum L.","red maple","Aceraceae","tree","rubrum",0.744,"hw2",-1.9123,2.3651,"AceraceaeBelow0.50spg","hardwood","Hardwood",0.44,-2.047,2.3852,0.21103,0.95964,NA,"Good",NA,NA,0.21103
"Acer","ACRU","NEON.PLA.D05.TREE.05068","TREE_018","TREE","D05",2019-10-30,"Live","sapling",NA,NA,10,1.4,NA,1,NA,"Acer rubrum L.",NA,NA,"2019",316,"soft maple/birch","Acer rubrum L.","red maple","Aceraceae","tree","rubrum",0.744,"hw2",-1.9123,2.3651,"AceraceaeBelow0.50spg","hardwood","Hardwood",0.44,-2.047,2.3852,0.21103,0.95964,NA,"Good",NA,NA,0.291457011241625
"Acer","ACRU","NEON.PLA.D05.TREE.02538","TREE_009","TREE","D05",2017-10-26,"Live","sapling",NA,NA,10,2.7,NA,1.5,NA,"Acer rubrum L.",NA,NA,"2017",316,"soft maple/birch","Acer rubrum L.","red maple","Aceraceae","tree","rubrum",0.744,"hw2",-1.9123,2.3651,"AceraceaeBelow0.50spg","hardwood","Hardwood",0.44,-2.047,2.3852,0.21103,0.95964,NA,"Good",NA,NA,1.19197337099403
"Acer","ACRU","NEON.PLA.D05.TREE.01192","TREE_010","TREE","D05",2019-10-10,"Live, broken bole","sapling",NA,NA,10,1.2,NA,1,NA,"Acer rubrum L.",NA,NA,"2019",316,"soft maple/birch","Acer rubrum L.","red maple","Aceraceae","tree","rubrum",0.744,"hw2",-1.9123,2.3651,"AceraceaeBelow0.50spg","hardwood","Hardwood",0.44,-2.047,2.3852,0.21103,0.95964,NA,"Good",NA,NA,0.251379402653776
"Acer","ACRU","NEON.PLA.D05.TREE.01166","TREE_009","TREE","D05",2019-10-16,"Live, physically damaged","sapling",NA,NA,10,0.9,NA,1.1,NA,"Acer rubrum L.",NA,NA,"2019",316,"soft maple/birch","Acer rubrum L.","red maple","Aceraceae","tree","rubrum",0.744,"hw2",-1.9123,2.3651,"AceraceaeBelow0.50spg","hardwood","Hardwood",0.44,-2.047,2.3852,0.21103,0.95964,NA,"Good",NA,NA,0.229022227030622
"Acer","ACRU","NEON.PLA.D05.TREE.01415","TREE_009","TREE","D05",2019-10-16,"Live","sapling",NA,NA,10,1.1,NA,1,NA,"Acer rubrum L.",NA,NA,"2019",316,"soft maple/birch","Acer rubrum L.","red maple","Aceraceae","tree","rubrum",0.744,"hw2",-1.9123,2.3651,"AceraceaeBelow0.50spg","hardwood","Hardwood",0.44,-2.047,2.3852,0.21103,0.95964,NA,"Good",NA,NA,0.231241764876054
"Acer","ACRU","NEON.PLA.D05.TREE.01182","TREE_043","TREE","D05",2016-10-19,"Live","sapling",NA,NA,10,1.5,NA,1.3,NA,"Acer rubrum L.",NA,NA,"2016",316,"soft maple/birch","Acer rubrum L.","red maple","Aceraceae","tree","rubrum",0.744,"hw2",-1.9123,2.3651,"AceraceaeBelow0.50spg","hardwood","Hardwood",0.44,-2.047,2.3852,0.21103,0.95964,NA,"Good",NA,NA,0.515249539132648
"Acer","ACRU","NEON.PLA.D05.TREE.03487","TREE_044","TREE","D05",2016-10-19,"Live","sapling",NA,NA,10,1.6,NA,1,NA,"Acer rubrum L.",NA,NA,"2016",316,"soft maple/birch","Acer rubrum L.","red maple","Aceraceae","tree","rubrum",0.744,"hw2",-1.9123,2.3651,"AceraceaeBelow0.50spg","hardwood","Hardwood",0.44,-2.047,2.3852,0.21103,0.95964,NA,"Good",NA,NA,0.331303404763658
"Acer","ACRU","NEON.PLA.D05.TREE.01877","TREE_019","TREE","D05",2019-10-30,"Live","sapling",NA,NA,10,1.1,NA,1,NA,"Acer rubrum L.",NA,NA,"2019",316,"soft maple/birch","Acer rubrum L.","red maple","Aceraceae","tree","rubrum",0.744,"hw2",-1.9123,2.3651,"AceraceaeBelow0.50spg","hardwood","Hardwood",0.44,-2.047,2.3852,0.21103,0.95964,NA,"Good",NA,NA,0.231241764876054
"Acer","ACRU","NEON.PLA.D05.TREE.03773","TREE_002","TREE","D05",2019-10-08,"Live","sapling",NA,NA,10,2.2,NA,1.9,NA,"Acer rubrum L.",NA,NA,"2019",316,"soft maple/birch","Acer rubrum L.","red maple","Aceraceae","tree","rubrum",0.744,"hw2",-1.9123,2.3651,"AceraceaeBelow0.50spg","hardwood","Hardwood",0.44,-2.047,2.3852,0.21103,0.95964,NA,"Good",NA,NA,1.54153330306592
"Acer","ACRU","NEON.PLA.D05.TREE.03774","TREE_002","TREE","D05",2019-10-08,"Live","sapling",NA,NA,10,1.5,NA,1.2,NA,"Acer rubrum L.",NA,NA,"2019",316,"soft maple/birch","Acer rubrum L.","red maple","Aceraceae","tree","rubrum",0.744,"hw2",-1.9123,2.3651,"AceraceaeBelow0.50spg","hardwood","Hardwood",0.44,-2.047,2.3852,0.21103,0.95964,NA,"Good",NA,NA,0.441874964951274
"Acer","ACRU","NEON.PLA.D05.TREE.03775","TREE_002","TREE","D05",2018-05-07,"Live,  other damage","sapling",NA,NA,10,1.5,NA,1.1,NA,"Acer rubrum L.",NA,NA,"2018",316,"soft maple/birch","Acer rubrum L.","red maple","Aceraceae","tree","rubrum",0.744,"hw2",-1.9123,2.3651,"AceraceaeBelow0.50spg","hardwood","Hardwood",0.44,-2.047,2.3852,0.21103,0.95964,NA,"Good",NA,NA,0.37391472436757
"Acer","ACRU","NEON.PLA.D05.TREE.02416","TREE_012","TREE","D05",2019-10-17,"Live","sapling",NA,NA,10,2.6,NA,1.6,NA,"Acer rubrum L.",NA,NA,"2019",316,"soft maple/birch","Acer rubrum L.","red maple","Aceraceae","tree","rubrum",0.744,"hw2",-1.9123,2.3651,"AceraceaeBelow0.50spg","hardwood","Hardwood",0.44,-2.047,2.3852,0.21103,0.95964,NA,"Good",NA,NA,1.30116574962667
"Acer","ACRU","NEON.PLA.D05.TREE.02927","TREE_001","TREE","D05",2017-10-25,"Live","sapling",NA,NA,10,1.7,NA,1,NA,"Acer rubrum L.",NA,NA,"2017",316,"soft maple/birch","Acer rubrum L.","red maple","Aceraceae","tree","rubrum",0.744,"hw2",-1.9123,2.3651,"AceraceaeBelow0.50spg","hardwood","Hardwood",0.44,-2.047,2.3852,0.21103,0.95964,NA,"Good",NA,NA,0.351149619251244
"Acer","ACRU","NEON.PLA.D05.TREE.03780","TREE_002","TREE","D05",2018-05-07,"Live","sapling",NA,NA,10,1.5,NA,1.3,NA,"Acer rubrum L.",NA,NA,"2018",316,"soft maple/birch","Acer rubrum L.","red maple","Aceraceae","tree","rubrum",0.744,"hw2",-1.9123,2.3651,"AceraceaeBelow0.50spg","hardwood","Hardwood",0.44,-2.047,2.3852,0.21103,0.95964,NA,"Good",NA,NA,0.515249539132648
"Acer","ACRU","NEON.PLA.D05.TREE.03193","TREE_045","TREE","D05",2016-10-18,"Live","sapling",NA,NA,10,1.4,NA,1.4,NA,"Acer rubrum L.",NA,NA,"2016",316,"soft maple/birch","Acer rubrum L.","red maple","Aceraceae","tree","rubrum",0.744,"hw2",-1.9123,2.3651,"AceraceaeBelow0.50spg","hardwood","Hardwood",0.44,-2.047,2.3852,0.21103,0.95964,NA,"Good",NA,NA,0.555949217650201
"Acer","ACRU","NEON.PLA.D05.TREE.03193","TREE_045","TREE","D05",2018-10-17,"Standing dead","sapling",NA,NA,10,1.1,NA,1.6,NA,"Acer rubrum L.",NA,NA,"2018",316,"soft maple/birch","Acer rubrum L.","red maple","Aceraceae","tree","rubrum",0.744,"hw2",-1.9123,2.3651,"AceraceaeBelow0.50spg","hardwood","Hardwood",0.44,-2.047,2.3852,0.21103,0.95964,NA,"Good",NA,NA,0.569940705483712
"Acer","ACRU","NEON.PLA.D05.TREE.03193","TREE_045","TREE","D05",2017-10-19,"Standing dead","sapling",NA,NA,10,1.4,NA,1.4,NA,"Acer rubrum L.",NA,NA,"2017",316,"soft maple/birch","Acer rubrum L.","red maple","Aceraceae","tree","rubrum",0.744,"hw2",-1.9123,2.3651,"AceraceaeBelow0.50spg","hardwood","Hardwood",0.44,-2.047,2.3852,0.21103,0.95964,NA,"Good",NA,NA,0.555949217650201
"Acer","ACRU","NEON.PLA.D05.TREE.01897","TREE_043","TREE","D05",2019-10-23,"Live","sapling",NA,NA,10,2.4,NA,1.8,NA,"Acer rubrum L.",NA,NA,"2019",316,"soft maple/birch","Acer rubrum L.","red maple","Aceraceae","tree","rubrum",0.744,"hw2",-1.9123,2.3651,"AceraceaeBelow0.50spg","hardwood","Hardwood",0.44,-2.047,2.3852,0.21103,0.95964,NA,"Good",NA,NA,1.51060016754445
"Acer","ACRU","NEON.PLA.D05.TREE.03036","TREE_012","TREE","D05",2019-10-17,"Live","sapling",NA,NA,10,1.3,NA,1.1,NA,"Acer rubrum L.",NA,NA,"2019",316,"soft maple/birch","Acer rubrum L.","red maple","Aceraceae","tree","rubrum",0.744,"hw2",-1.9123,2.3651,"AceraceaeBelow0.50spg","hardwood","Hardwood",0.44,-2.047,2.3852,0.21103,0.95964,NA,"Good",NA,NA,0.325936464471337
"Acer","ACRU","NEON.PLA.D05.TREE.02125","TREE_018","TREE","D05",2019-10-30,"Live","sapling",NA,NA,10,1.8,NA,1.4,NA,"Acer rubrum L.",NA,NA,"2019",316,"soft maple/birch","Acer rubrum L.","red maple","Aceraceae","tree","rubrum",0.744,"hw2",-1.9123,2.3651,"AceraceaeBelow0.50spg","hardwood","Hardwood",0.44,-2.047,2.3852,0.21103,0.95964,NA,"Good",NA,NA,0.707578326959719
"Acer","ACRU","NEON.PLA.D05.TREE.02363","TREE_019","TREE","D05",2017-10-23,"Live","sapling",NA,NA,10,1.9,NA,1.4,NA,"Acer rubrum L.",NA,NA,"2017",316,"soft maple/birch","Acer rubrum L.","red maple","Aceraceae","tree","rubrum",0.744,"hw2",-1.9123,2.3651,"AceraceaeBelow0.50spg","hardwood","Hardwood",0.44,-2.047,2.3852,0.21103,0.95964,NA,"Good",NA,NA,0.745260186545236
"Acer","ACRU","NEON.PLA.D05.TREE.03272","TREE_001","TREE","D05",2019-10-07,"Live","sapling",NA,NA,10,1.2,NA,1.1,NA,"Acer rubrum L.",NA,NA,"2019",316,"soft maple/birch","Acer rubrum L.","red maple","Aceraceae","tree","rubrum",0.744,"hw2",-1.9123,2.3651,"AceraceaeBelow0.50spg","hardwood","Hardwood",0.44,-2.047,2.3852,0.21103,0.95964,NA,"Good",NA,NA,0.301837950049965
"Acer","ACRU","NEON.PLA.D05.TREE.02445","TREE_012","TREE","D05",2019-10-17,"Live","sapling",NA,NA,10,1.3,NA,1.4,NA,"Acer rubrum L.",NA,NA,"2019",316,"soft maple/birch","Acer rubrum L.","red maple","Aceraceae","tree","rubrum",0.744,"hw2",-1.9123,2.3651,"AceraceaeBelow0.50spg","hardwood","Hardwood",0.44,-2.047,2.3852,0.21103,0.95964,NA,"Good",NA,NA,0.517784939075411
"Acer","ACRU","NEON.PLA.D05.TREE.02377","TREE_019","TREE","D05",2017-10-23,"Live, physically damaged","sapling",NA,NA,10,2.5,NA,1.7,NA,"Acer rubrum L.",NA,NA,"2017",316,"soft maple/birch","Acer rubrum L.","red maple","Aceraceae","tree","rubrum",0.744,"hw2",-1.9123,2.3651,"AceraceaeBelow0.50spg","hardwood","Hardwood",0.44,-2.047,2.3852,0.21103,0.95964,NA,"Good",NA,NA,1.40772996358589
"Acer","ACRU","NEON.PLA.D05.TREE.02377","TREE_019","TREE","D05",2019-10-30,"Live, broken bole","sapling",NA,NA,10,1.9,NA,1.3,NA,"Acer rubrum L.",NA,NA,"2019",316,"soft maple/birch","Acer rubrum L.","red maple","Aceraceae","tree","rubrum",0.744,"hw2",-1.9123,2.3651,"AceraceaeBelow0.50spg","hardwood","Hardwood",0.44,-2.047,2.3852,0.21103,0.95964,NA,"Good",NA,NA,0.646452325024507
"Acer","ACRU","NEON.PLA.D05.TREE.02974","TREE_009","TREE","D05",2017-10-26,"Live","sapling",NA,NA,10,1.8,NA,1.4,NA,"Acer rubrum L.",NA,NA,"2017",316,"soft maple/birch","Acer rubrum L.","red maple","Aceraceae","tree","rubrum",0.744,"hw2",-1.9123,2.3651,"AceraceaeBelow0.50spg","hardwood","Hardwood",0.44,-2.047,2.3852,0.21103,0.95964,NA,"Good",NA,NA,0.707578326959719
"Acer","ACRU","NEON.PLA.D05.TREE.03066","TREE_001","TREE","D05",2019-10-07,"Live","sapling",NA,NA,10,2,NA,1.1,NA,"Acer rubrum L.",NA,NA,"2019",316,"soft maple/birch","Acer rubrum L.","red maple","Aceraceae","tree","rubrum",0.744,"hw2",-1.9123,2.3651,"AceraceaeBelow0.50spg","hardwood","Hardwood",0.44,-2.047,2.3852,0.21103,0.95964,NA,"Good",NA,NA,0.492797818621834
"Acer","ACRU","NEON.PLA.D05.TREE.01402","TREE_009","TREE","D05",2019-10-16,"Live","sapling",NA,NA,10,2.9,NA,1.7,NA,"Acer rubrum L.",NA,NA,"2019",316,"soft maple/birch","Acer rubrum L.","red maple","Aceraceae","tree","rubrum",0.744,"hw2",-1.9123,2.3651,"AceraceaeBelow0.50spg","hardwood","Hardwood",0.44,-2.047,2.3852,0.21103,0.95964,NA,"Good",NA,NA,1.6232141483576
"Acer","ACRU","NEON.PLA.D05.TREE.02382","TREE_019","TREE","D05",2019-10-30,"Live, broken bole","sapling",NA,NA,10,1.8,NA,1.1,NA,"Acer rubrum L.",NA,NA,"2019",316,"soft maple/birch","Acer rubrum L.","red maple","Aceraceae","tree","rubrum",0.744,"hw2",-1.9123,2.3651,"AceraceaeBelow0.50spg","hardwood","Hardwood",0.44,-2.047,2.3852,0.21103,0.95964,NA,"Good",NA,NA,0.445408046509838
"Acer","ACRU","NEON.PLA.D05.TREE.03068","TREE_001","TREE","D05",2017-10-25,"Live","sapling",NA,NA,10,1.9,NA,1.3,NA,"Acer rubrum L.",NA,NA,"2017",316,"soft maple/birch","Acer rubrum L.","red maple","Aceraceae","tree","rubrum",0.744,"hw2",-1.9123,2.3651,"AceraceaeBelow0.50spg","hardwood","Hardwood",0.44,-2.047,2.3852,0.21103,0.95964,NA,"Good",NA,NA,0.646452325024507
"Acer","ACRU","NEON.PLA.D05.TREE.03068","TREE_001","TREE","D05",2019-10-07,"Live, physically damaged","sapling",NA,NA,10,1.7,NA,1.5,NA,"Acer rubrum L.",NA,NA,"2019",316,"soft maple/birch","Acer rubrum L.","red maple","Aceraceae","tree","rubrum",0.744,"hw2",-1.9123,2.3651,"AceraceaeBelow0.50spg","hardwood","Hardwood",0.44,-2.047,2.3852,0.21103,0.95964,NA,"Good",NA,NA,0.764646374198283
"Acer","ACRU","NEON.PLA.D05.TREE.03997","TREE_010","TREE","D05",2017-10-24,"Live","sapling",NA,NA,10,1.4,NA,1.2,NA,"Acer rubrum L.",NA,NA,"2017",316,"soft maple/birch","Acer rubrum L.","red maple","Aceraceae","tree","rubrum",0.744,"hw2",-1.9123,2.3651,"AceraceaeBelow0.50spg","hardwood","Hardwood",0.44,-2.047,2.3852,0.21103,0.95964,NA,"Good",NA,NA,0.413566630007369
"Acer","ACRU","NEON.PLA.D05.TREE.03375","TREE_002","TREE","D05",2019-10-08,"Live","sapling",NA,NA,10,1,NA,1.1,NA,"Acer rubrum L.",NA,NA,"2019",316,"soft maple/birch","Acer rubrum L.","red maple","Aceraceae","tree","rubrum",0.744,"hw2",-1.9123,2.3651,"AceraceaeBelow0.50spg","hardwood","Hardwood",0.44,-2.047,2.3852,0.21103,0.95964,NA,"Good",NA,NA,0.25338934664736
"Acer","ACRU","NEON.PLA.D05.TREE.02389","TREE_019","TREE","D05",2017-10-23,"Live","sapling",NA,NA,10,1.5,NA,1.2,NA,"Acer rubrum L.",NA,NA,"2017",316,"soft maple/birch","Acer rubrum L.","red maple","Aceraceae","tree","rubrum",0.744,"hw2",-1.9123,2.3651,"AceraceaeBelow0.50spg","hardwood","Hardwood",0.44,-2.047,2.3852,0.21103,0.95964,NA,"Good",NA,NA,0.441874964951274
"Acer","ACRU","NEON.PLA.D05.TREE.02389","TREE_019","TREE","D05",2019-10-30,"Live, broken bole","sapling",NA,NA,10,1.5,NA,1.3,NA,"Acer rubrum L.",NA,NA,"2019",316,"soft maple/birch","Acer rubrum L.","red maple","Aceraceae","tree","rubrum",0.744,"hw2",-1.9123,2.3651,"AceraceaeBelow0.50spg","hardwood","Hardwood",0.44,-2.047,2.3852,0.21103,0.95964,NA,"Good",NA,NA,0.515249539132648
"Acer","ACRU","NEON.PLA.D05.TREE.02419","TREE_012","TREE","D05",2017-10-30,"Live","sapling",NA,NA,10,2.3,NA,1.8,NA,"Acer rubrum L.",NA,NA,"2017",316,"soft maple/birch","Acer rubrum L.","red maple","Aceraceae","tree","rubrum",0.744,"hw2",-1.9123,2.3651,"AceraceaeBelow0.50spg","hardwood","Hardwood",0.44,-2.047,2.3852,0.21103,0.95964,NA,"Good",NA,NA,1.4501472825243
"Acer","ACRU","NEON.PLA.D05.TREE.02421","TREE_012","TREE","D05",2017-10-30,"Live","sapling",NA,NA,10,1.9,NA,1.6,NA,"Acer rubrum L.",NA,NA,"2017",316,"soft maple/birch","Acer rubrum L.","red maple","Aceraceae","tree","rubrum",0.744,"hw2",-1.9123,2.3651,"AceraceaeBelow0.50spg","hardwood","Hardwood",0.44,-2.047,2.3852,0.21103,0.95964,NA,"Good",NA,NA,0.962965448691514
"Acer","ACRU","NEON.PLA.D05.TREE.02423","TREE_012","TREE","D05",2017-10-30,"Live","sapling",NA,NA,10,1.7,NA,1.2,NA,"Acer rubrum L.",NA,NA,"2017",316,"soft maple/birch","Acer rubrum L.","red maple","Aceraceae","tree","rubrum",0.744,"hw2",-1.9123,2.3651,"AceraceaeBelow0.50spg","hardwood","Hardwood",0.44,-2.047,2.3852,0.21103,0.95964,NA,"Good",NA,NA,0.498268214730691
"Acer","ACRU","NEON.PLA.D05.TREE.02423","TREE_012","TREE","D05",2019-10-17,"Live","sapling",NA,NA,11,1.7,NA,1.3,NA,"Acer rubrum L.",NA,NA,"2019",316,"soft maple/birch","Acer rubrum L.","red maple","Aceraceae","tree","rubrum",0.744,"hw2",-1.9123,2.3651,"AceraceaeBelow0.50spg","hardwood","Hardwood",0.44,-2.047,2.3852,0.21103,0.95964,NA,"Good",NA,NA,0.581007045811582
"Acer","ACRU","NEON.PLA.D05.TREE.01789","TREE_060","TREE","D05",2019-11-05,"Live,  other damage","sapling",NA,NA,10,0.9,NA,1.1,NA,"Acer rubrum L.",NA,NA,"2019",316,"soft maple/birch","Acer rubrum L.","red maple","Aceraceae","tree","rubrum",0.744,"hw2",-1.9123,2.3651,"AceraceaeBelow0.50spg","hardwood","Hardwood",0.44,-2.047,2.3852,0.21103,0.95964,NA,"Good",NA,NA,0.229022227030622
"Acer","ACRU","NEON.PLA.D05.TREE.03488","TREE_044","TREE","D05",2016-10-19,"Live","sapling",NA,NA,10,1.8,NA,1.3,NA,"Acer rubrum L.",NA,NA,"2016",316,"soft maple/birch","Acer rubrum L.","red maple","Aceraceae","tree","rubrum",0.744,"hw2",-1.9123,2.3651,"AceraceaeBelow0.50spg","hardwood","Hardwood",0.44,-2.047,2.3852,0.21103,0.95964,NA,"Good",NA,NA,0.613766390393776
"Acer","ACRU","NEON.PLA.D05.TREE.02407","TREE_012","TREE","D05",2017-10-30,"Live","sapling",NA,NA,10,1.7,NA,1.3,NA,"Acer rubrum L.",NA,NA,"2017",316,"soft maple/birch","Acer rubrum L.","red maple","Aceraceae","tree","rubrum",0.744,"hw2",-1.9123,2.3651,"AceraceaeBelow0.50spg","hardwood","Hardwood",0.44,-2.047,2.3852,0.21103,0.95964,NA,"Good",NA,NA,0.581007045811582
"Acer","ACRU","NEON.PLA.D05.TREE.02997","TREE_060","TREE","D05",2017-10-26,"Live","sapling",NA,NA,10,1.6,NA,1.5,NA,"Acer rubrum L.",NA,NA,"2017",316,"soft maple/birch","Acer rubrum L.","red maple","Aceraceae","tree","rubrum",0.744,"hw2",-1.9123,2.3651,"AceraceaeBelow0.50spg","hardwood","Hardwood",0.44,-2.047,2.3852,0.21103,0.95964,NA,"Good",NA,NA,0.721430220406483
"Acer","ACRU","NEON.PLA.D05.TREE.03148","TREE_018","TREE","D05",2018-04-25,"Live, physically damaged","sapling",NA,NA,10,NA,NA,1.1,NA,"Acer rubrum L.",NA,NA,"2018",316,"soft maple/birch","Acer rubrum L.","red maple","Aceraceae","tree","rubrum",0.744,"hw2",-1.9123,2.3651,"AceraceaeBelow0.50spg","hardwood","Hardwood",0.44,-2.047,2.3852,0.21103,0.95964,NA,"Check",NA,NA,NA
"Acer","ACRU","NEON.PLA.D05.TREE.05086","TREE_012","TREE","D05",2019-10-17,"Live","sapling",NA,NA,10,1.8,NA,1.7,NA,"Acer rubrum L.",NA,NA,"2019",316,"soft maple/birch","Acer rubrum L.","red maple","Aceraceae","tree","rubrum",0.744,"hw2",-1.9123,2.3651,"AceraceaeBelow0.50spg","hardwood","Hardwood",0.44,-2.047,2.3852,0.21103,0.95964,NA,"Good",NA,NA,1.0270933362972
"Acer","ACRU","NEON.PLA.D05.TREE.02402","TREE_012","TREE","D05",2017-10-30,"Live","sapling",NA,NA,10,1.9,NA,1.6,NA,"Acer rubrum L.",NA,NA,"2017",316,"soft maple/birch","Acer rubrum L.","red maple","Aceraceae","tree","rubrum",0.744,"hw2",-1.9123,2.3651,"AceraceaeBelow0.50spg","hardwood","Hardwood",0.44,-2.047,2.3852,0.21103,0.95964,NA,"Good",NA,NA,0.962965448691514
"Acer","ACRU","NEON.PLA.D05.TREE.02918","TREE_001","TREE","D05",2019-10-07,"Live, physically damaged","sapling",NA,NA,10,1.8,NA,1.2,NA,"Acer rubrum L.",NA,NA,"2019",316,"soft maple/birch","Acer rubrum L.","red maple","Aceraceae","tree","rubrum",0.744,"hw2",-1.9123,2.3651,"AceraceaeBelow0.50spg","hardwood","Hardwood",0.44,-2.047,2.3852,0.21103,0.95964,NA,"Good",NA,NA,0.526362435374636
"Acer","ACRU","NEON.PLA.D05.TREE.02115","TREE_019","TREE","D05",2019-10-30,"Live","sapling",NA,NA,10,2.2,NA,1.5,NA,"Acer rubrum L.",NA,NA,"2019",316,"soft maple/birch","Acer rubrum L.","red maple","Aceraceae","tree","rubrum",0.744,"hw2",-1.9123,2.3651,"AceraceaeBelow0.50spg","hardwood","Hardwood",0.44,-2.047,2.3852,0.21103,0.95964,NA,"Good",NA,NA,0.97929859639703
"Acer","ACRU","NEON.PLA.D05.TREE.01103","TREE_043","TREE","D05",2016-10-19,"Live","sapling",NA,NA,10,1.9,NA,1.6,NA,"Acer rubrum L.",NA,NA,"2016",316,"soft maple/birch","Acer rubrum L.","red maple","Aceraceae","tree","rubrum",0.744,"hw2",-1.9123,2.3651,"AceraceaeBelow0.50spg","hardwood","Hardwood",0.44,-2.047,2.3852,0.21103,0.95964,NA,"Good",NA,NA,0.962965448691514
"Acer","ACRU","NEON.PLA.D05.TREE.00744","TREE_025","TREE","D05",2016-10-18,"Live","sapling",NA,NA,10,1.3,NA,1.3,NA,"Acer rubrum L.",NA,NA,"2016",316,"soft maple/birch","Acer rubrum L.","red maple","Aceraceae","tree","rubrum",0.744,"hw2",-1.9123,2.3651,"AceraceaeBelow0.50spg","hardwood","Hardwood",0.44,-2.047,2.3852,0.21103,0.95964,NA,"Good",NA,NA,0.449136132281038
"Acer","ACRU","NEON.PLA.D05.TREE.03391","TREE_002","TREE","D05",2019-10-08,"Live","sapling",NA,NA,10,1.7,NA,1.1,NA,"Acer rubrum L.",NA,NA,"2019",316,"soft maple/birch","Acer rubrum L.","red maple","Aceraceae","tree","rubrum",0.744,"hw2",-1.9123,2.3651,"AceraceaeBelow0.50spg","hardwood","Hardwood",0.44,-2.047,2.3852,0.21103,0.95964,NA,"Good",NA,NA,0.421634708797526
"Acer","ACRU","NEON.PLA.D05.TREE.00841","TREE_025","TREE","D05",2016-10-18,"Standing dead","sapling",NA,NA,10,2.2,NA,1.4,NA,"Acer rubrum L.",NA,NA,"2016",316,"soft maple/birch","Acer rubrum L.","red maple","Aceraceae","tree","rubrum",0.744,"hw2",-1.9123,2.3651,"AceraceaeBelow0.50spg","hardwood","Hardwood",0.44,-2.047,2.3852,0.21103,0.95964,NA,"Good",NA,NA,0.857842022063938
"Acer","ACRU","NEON.PLA.D05.TREE.02115","TREE_019","TREE","D05",2017-10-23,"Live","sapling",NA,NA,10,1.9,NA,1.3,NA,"Acer rubrum L.",NA,NA,"2017",316,"soft maple/birch","Acer rubrum L.","red maple","Aceraceae","tree","rubrum",0.744,"hw2",-1.9123,2.3651,"AceraceaeBelow0.50spg","hardwood","Hardwood",0.44,-2.047,2.3852,0.21103,0.95964,NA,"Good",NA,NA,0.646452325024507
"Acer","ACRU","NEON.PLA.D05.TREE.03050","TREE_012","TREE","D05",2017-10-30,"Live","sapling",NA,NA,10,1.1,NA,1.7,NA,"Acer rubrum L.",NA,NA,"2017",316,"soft maple/birch","Acer rubrum L.","red maple","Aceraceae","tree","rubrum",0.744,"hw2",-1.9123,2.3651,"AceraceaeBelow0.50spg","hardwood","Hardwood",0.44,-2.047,2.3852,0.21103,0.95964,NA,"Good",NA,NA,0.640268714160346
"Acer","ACRU","NEON.PLA.D05.TREE.03115","TREE_002","TREE","D05",2018-05-07,"Live, broken bole","sapling",NA,NA,10,1,NA,1.1,NA,"Acer rubrum L.",NA,NA,"2018",316,"soft maple/birch","Acer rubrum L.","red maple","Aceraceae","tree","rubrum",0.744,"hw2",-1.9123,2.3651,"AceraceaeBelow0.50spg","hardwood","Hardwood",0.44,-2.047,2.3852,0.21103,0.95964,NA,"Good",NA,NA,0.25338934664736
"Acer","ACRU","NEON.PLA.D05.TREE.02039","TREE_018","TREE","D05",2018-04-25,"Live, physically damaged","sapling",NA,NA,10,NA,NA,1.7,NA,"Acer rubrum L.",NA,NA,"2018",316,"soft maple/birch","Acer rubrum L.","red maple","Aceraceae","tree","rubrum",0.744,"hw2",-1.9123,2.3651,"AceraceaeBelow0.50spg","hardwood","Hardwood",0.44,-2.047,2.3852,0.21103,0.95964,NA,"Check",NA,NA,NA
"Acer","ACRU","NEON.PLA.D05.TREE.03060","TREE_009","TREE","D05",2019-10-16,"Live, physically damaged","sapling",NA,NA,10,2,NA,1.3,NA,"Acer rubrum L.",NA,NA,"2019",316,"soft maple/birch","Acer rubrum L.","red maple","Aceraceae","tree","rubrum",0.744,"hw2",-1.9123,2.3651,"AceraceaeBelow0.50spg","hardwood","Hardwood",0.44,-2.047,2.3852,0.21103,0.95964,NA,"Good",NA,NA,0.679068868870939
"Acer","ACRU","NEON.PLA.D05.TREE.03728","TREE_012","TREE","D05",2019-10-17,"Live","sapling",NA,NA,10,1.1,NA,1,NA,"Acer rubrum L.",NA,NA,"2019",316,"soft maple/birch","Acer rubrum L.","red maple","Aceraceae","tree","rubrum",0.744,"hw2",-1.9123,2.3651,"AceraceaeBelow0.50spg","hardwood","Hardwood",0.44,-2.047,2.3852,0.21103,0.95964,NA,"Good",NA,NA,0.231241764876054
"Acer","ACRU","NEON.PLA.D05.TREE.03066","TREE_001","TREE","D05",2017-10-25,"Live","sapling",NA,NA,10,1.5,NA,1.1,NA,"Acer rubrum L.",NA,NA,"2017",316,"soft maple/birch","Acer rubrum L.","red maple","Aceraceae","tree","rubrum",0.744,"hw2",-1.9123,2.3651,"AceraceaeBelow0.50spg","hardwood","Hardwood",0.44,-2.047,2.3852,0.21103,0.95964,NA,"Good",NA,NA,0.37391472436757
"Acer","ACRU","NEON.PLA.D05.TREE.03733","TREE_012","TREE","D05",2019-10-17,"Live","sapling",NA,NA,10,1.6,NA,1.1,NA,"Acer rubrum L.",NA,NA,"2019",316,"soft maple/birch","Acer rubrum L.","red maple","Aceraceae","tree","rubrum",0.744,"hw2",-1.9123,2.3651,"AceraceaeBelow0.50spg","hardwood","Hardwood",0.44,-2.047,2.3852,0.21103,0.95964,NA,"Good",NA,NA,0.397804830000992
"Acer","ACRU","NEON.PLA.D05.TREE.03465","TREE_002","TREE","D05",2018-05-07,"Live,  other damage","sapling",NA,NA,10,1.2,NA,1.2,NA,"Acer rubrum L.",NA,NA,"2018",316,"soft maple/birch","Acer rubrum L.","red maple","Aceraceae","tree","rubrum",0.744,"hw2",-1.9123,2.3651,"AceraceaeBelow0.50spg","hardwood","Hardwood",0.44,-2.047,2.3852,0.21103,0.95964,NA,"Good",NA,NA,0.356697997985715
"Acer","ACRU","NEON.PLA.D05.TREE.03466","TREE_002","TREE","D05",2018-05-07,"Live,  other damage","sapling",NA,NA,10,1.2,NA,1.1,NA,"Acer rubrum L.",NA,NA,"2018",316,"soft maple/birch","Acer rubrum L.","red maple","Aceraceae","tree","rubrum",0.744,"hw2",-1.9123,2.3651,"AceraceaeBelow0.50spg","hardwood","Hardwood",0.44,-2.047,2.3852,0.21103,0.95964,NA,"Good",NA,NA,0.301837950049965
"Acer","ACRU","NEON.PLA.D05.TREE.03374","TREE_040","TREE","D05",2018-10-18,"Live","sapling",NA,NA,10,1.5,NA,1.3,NA,"Acer rubrum L.",NA,NA,"2018",316,"soft maple/birch","Acer rubrum L.","red maple","Aceraceae","tree","rubrum",0.744,"hw2",-1.9123,2.3651,"AceraceaeBelow0.50spg","hardwood","Hardwood",0.44,-2.047,2.3852,0.21103,0.95964,NA,"Good",NA,NA,0.515249539132648
"Acer","ACRU","NEON.PLA.D05.TREE.01539","TREE_007","TREE","D05",2019-10-09,"Live","sapling",NA,NA,10,1.4,NA,1,NA,"Acer rubrum L.",NA,NA,"2019",316,"soft maple/birch","Acer rubrum L.","red maple","Aceraceae","tree","rubrum",0.744,"hw2",-1.9123,2.3651,"AceraceaeBelow0.50spg","hardwood","Hardwood",0.44,-2.047,2.3852,0.21103,0.95964,NA,"Good",NA,NA,0.291457011241625
"Acer","ACRU","NEON.PLA.D05.TREE.03376","TREE_002","TREE","D05",2019-10-08,"Live","sapling",NA,NA,10,1.2,NA,1,NA,"Acer rubrum L.",NA,NA,"2019",316,"soft maple/birch","Acer rubrum L.","red maple","Aceraceae","tree","rubrum",0.744,"hw2",-1.9123,2.3651,"AceraceaeBelow0.50spg","hardwood","Hardwood",0.44,-2.047,2.3852,0.21103,0.95964,NA,"Good",NA,NA,0.251379402653776
"Acer","ACRU","NEON.PLA.D05.TREE.03018","TREE_018","TREE","D05",2019-10-30,"Live, broken bole","sapling",NA,NA,10,0.5,NA,1.1,NA,"Acer rubrum L.",NA,NA,"2019",316,"soft maple/birch","Acer rubrum L.","red maple","Aceraceae","tree","rubrum",0.744,"hw2",-1.9123,2.3651,"AceraceaeBelow0.50spg","hardwood","Hardwood",0.44,-2.047,2.3852,0.21103,0.95964,NA,"Good",NA,NA,0.130289052768001
"Acer","ACRU","NEON.PLA.D05.TREE.02119","TREE_019","TREE","D05",2017-10-23,"Live","sapling",NA,NA,10,1.6,NA,1.1,NA,"Acer rubrum L.",NA,NA,"2017",316,"soft maple/birch","Acer rubrum L.","red maple","Aceraceae","tree","rubrum",0.744,"hw2",-1.9123,2.3651,"AceraceaeBelow0.50spg","hardwood","Hardwood",0.44,-2.047,2.3852,0.21103,0.95964,NA,"Good",NA,NA,0.397804830000992
"Acer","ACRU","NEON.PLA.D05.TREE.02054","TREE_018","TREE","D05",2018-04-25,"Live","sapling",NA,NA,10,NA,NA,1.6,NA,"Acer rubrum L.",NA,NA,"2018",316,"soft maple/birch","Acer rubrum L.","red maple","Aceraceae","tree","rubrum",0.744,"hw2",-1.9123,2.3651,"AceraceaeBelow0.50spg","hardwood","Hardwood",0.44,-2.047,2.3852,0.21103,0.95964,NA,"Check",NA,NA,NA
"Acer","ACRU","NEON.PLA.D05.TREE.03106","TREE_002","TREE","D05",2019-10-08,"Live","sapling",NA,NA,10,1.9,NA,1.3,NA,"Acer rubrum L.",NA,NA,"2019",316,"soft maple/birch","Acer rubrum L.","red maple","Aceraceae","tree","rubrum",0.744,"hw2",-1.9123,2.3651,"AceraceaeBelow0.50spg","hardwood","Hardwood",0.44,-2.047,2.3852,0.21103,0.95964,NA,"Good",NA,NA,0.646452325024507
"Acer","ACRU","NEON.PLA.D05.TREE.03106","TREE_002","TREE","D05",2018-05-07,"Live,  other damage","sapling",NA,NA,10,1.2,NA,1.4,NA,"Acer rubrum L.",NA,NA,"2018",316,"soft maple/birch","Acer rubrum L.","red maple","Aceraceae","tree","rubrum",0.744,"hw2",-1.9123,2.3651,"AceraceaeBelow0.50spg","hardwood","Hardwood",0.44,-2.047,2.3852,0.21103,0.95964,NA,"Good",NA,NA,0.479501871110872
"Acer","ACRU","NEON.PLA.D05.TREE.03107","TREE_002","TREE","D05",2018-05-07,"Live,  other damage","sapling",NA,NA,10,1.4,NA,1.2,NA,"Acer rubrum L.",NA,NA,"2018",316,"soft maple/birch","Acer rubrum L.","red maple","Aceraceae","tree","rubrum",0.744,"hw2",-1.9123,2.3651,"AceraceaeBelow0.50spg","hardwood","Hardwood",0.44,-2.047,2.3852,0.21103,0.95964,NA,"Good",NA,NA,0.413566630007369
"Acer","ACRU","NEON.PLA.D05.TREE.01881","TREE_019","TREE","D05",2019-10-30,"Live, broken bole","sapling",NA,NA,10,0.5,NA,1,NA,"Acer rubrum L.",NA,NA,"2019",316,"soft maple/birch","Acer rubrum L.","red maple","Aceraceae","tree","rubrum",0.744,"hw2",-1.9123,2.3651,"AceraceaeBelow0.50spg","hardwood","Hardwood",0.44,-2.047,2.3852,0.21103,0.95964,NA,"Good",NA,NA,0.108508503492437
"Acer","ACRU","NEON.PLA.D05.TREE.03189","TREE_045","TREE","D05",2016-10-18,"Live","sapling",NA,NA,10,1.3,NA,1,NA,"Acer rubrum L.",NA,NA,"2016",316,"soft maple/birch","Acer rubrum L.","red maple","Aceraceae","tree","rubrum",0.744,"hw2",-1.9123,2.3651,"AceraceaeBelow0.50spg","hardwood","Hardwood",0.44,-2.047,2.3852,0.21103,0.95964,NA,"Good",NA,NA,0.27144934468421
"Acer","ACRU","NEON.PLA.D05.TREE.01889","TREE_019","TREE","D05",2019-10-30,"Live","sapling",NA,NA,10,1.8,NA,1.3,NA,"Acer rubrum L.",NA,NA,"2019",316,"soft maple/birch","Acer rubrum L.","red maple","Aceraceae","tree","rubrum",0.744,"hw2",-1.9123,2.3651,"AceraceaeBelow0.50spg","hardwood","Hardwood",0.44,-2.047,2.3852,0.21103,0.95964,NA,"Good",NA,NA,0.613766390393776
"Acer","ACRU","NEON.PLA.D05.TREE.03392","TREE_002","TREE","D05",2019-10-08,"Live","sapling",NA,NA,10,1.1,NA,1,NA,"Acer rubrum L.",NA,NA,"2019",316,"soft maple/birch","Acer rubrum L.","red maple","Aceraceae","tree","rubrum",0.744,"hw2",-1.9123,2.3651,"AceraceaeBelow0.50spg","hardwood","Hardwood",0.44,-2.047,2.3852,0.21103,0.95964,NA,"Good",NA,NA,0.231241764876054
"Acer","ACRU","NEON.PLA.D05.TREE.03179","TREE_043","TREE","D05",2019-10-23,"Live","sapling",NA,NA,10,2,NA,1.9,NA,"Acer rubrum L.",NA,NA,"2019",316,"soft maple/birch","Acer rubrum L.","red maple","Aceraceae","tree","rubrum",0.744,"hw2",-1.9123,2.3651,"AceraceaeBelow0.50spg","hardwood","Hardwood",0.44,-2.047,2.3852,0.21103,0.95964,NA,"Good",NA,NA,1.40679506195763
"Acer","ACRU","NEON.PLA.D05.TREE.01586","TREE_001","TREE","D05",2019-10-07,"Live","sapling",NA,NA,10,1.4,NA,1.1,NA,"Acer rubrum L.",NA,NA,"2019",316,"soft maple/birch","Acer rubrum L.","red maple","Aceraceae","tree","rubrum",0.744,"hw2",-1.9123,2.3651,"AceraceaeBelow0.50spg","hardwood","Hardwood",0.44,-2.047,2.3852,0.21103,0.95964,NA,"Good",NA,NA,0.349960203072112
"Acer","ACRU","NEON.PLA.D05.TREE.01206","TREE_043","TREE","D05",2019-10-23,"Live","sapling",NA,NA,10,2.1,NA,1.3,NA,"Acer rubrum L.",NA,NA,"2019",316,"soft maple/birch","Acer rubrum L.","red maple","Aceraceae","tree","rubrum",0.744,"hw2",-1.9123,2.3651,"AceraceaeBelow0.50spg","hardwood","Hardwood",0.44,-2.047,2.3852,0.21103,0.95964,NA,"Good",NA,NA,0.71161963094928
"Acer","ACRU","NEON.PLA.D05.TREE.03151","TREE_018","TREE","D05",2019-10-30,"Live, physically damaged","sapling",NA,NA,10,1.5,NA,1,NA,"Acer rubrum L.",NA,NA,"2019",316,"soft maple/birch","Acer rubrum L.","red maple","Aceraceae","tree","rubrum",0.744,"hw2",-1.9123,2.3651,"AceraceaeBelow0.50spg","hardwood","Hardwood",0.44,-2.047,2.3852,0.21103,0.95964,NA,"Good",NA,NA,0.311407031618826
"Acer","ACRU","NEON.PLA.D05.TREE.03151","TREE_018","TREE","D05",2018-04-25,"Live, physically damaged","sapling",NA,NA,10,NA,NA,1,NA,"Acer rubrum L.",NA,NA,"2018",316,"soft maple/birch","Acer rubrum L.","red maple","Aceraceae","tree","rubrum",0.744,"hw2",-1.9123,2.3651,"AceraceaeBelow0.50spg","hardwood","Hardwood",0.44,-2.047,2.3852,0.21103,0.95964,NA,"Check",NA,NA,NA
"Acer","ACRU","NEON.PLA.D05.TREE.01392","TREE_043","TREE","D05",2018-10-15,"Live","sapling",NA,NA,10,1.7,NA,1.3,NA,"Acer rubrum L.",NA,NA,"2018",316,"soft maple/birch","Acer rubrum L.","red maple","Aceraceae","tree","rubrum",0.744,"hw2",-1.9123,2.3651,"AceraceaeBelow0.50spg","hardwood","Hardwood",0.44,-2.047,2.3852,0.21103,0.95964,NA,"Good",NA,NA,0.581007045811582
"Acer","ACRU","NEON.PLA.D05.TREE.01392","TREE_043","TREE","D05",2019-10-23,"Live, physically damaged","sapling",NA,NA,10,1.8,NA,1.6,NA,"Acer rubrum L.",NA,NA,"2019",316,"soft maple/birch","Acer rubrum L.","red maple","Aceraceae","tree","rubrum",0.744,"hw2",-1.9123,2.3651,"AceraceaeBelow0.50spg","hardwood","Hardwood",0.44,-2.047,2.3852,0.21103,0.95964,NA,"Good",NA,NA,0.914275971541919
"Acer","ACRU","NEON.PLA.D05.TREE.02441","TREE_012","TREE","D05",2017-10-30,"Live","sapling",NA,NA,10,2.5,NA,1.6,NA,"Acer rubrum L.",NA,NA,"2017",316,"soft maple/birch","Acer rubrum L.","red maple","Aceraceae","tree","rubrum",0.744,"hw2",-1.9123,2.3651,"AceraceaeBelow0.50spg","hardwood","Hardwood",0.44,-2.047,2.3852,0.21103,0.95964,NA,"Good",NA,NA,1.25310294073774
"Acer","ACRU","NEON.PLA.D05.TREE.03054","TREE_012","TREE","D05",2019-10-17,"Live","sapling",NA,NA,10,1.2,NA,1.1,NA,"Acer rubrum L.",NA,NA,"2019",316,"soft maple/birch","Acer rubrum L.","red maple","Aceraceae","tree","rubrum",0.744,"hw2",-1.9123,2.3651,"AceraceaeBelow0.50spg","hardwood","Hardwood",0.44,-2.047,2.3852,0.21103,0.95964,NA,"Good",NA,NA,0.301837950049965
"Acer","ACRU","NEON.PLA.D05.TREE.03055","TREE_012","TREE","D05",2017-10-30,"Live, broken bole","sapling",NA,NA,10,1.3,NA,1.3,NA,"Acer rubrum L.",NA,NA,"2017",316,"soft maple/birch","Acer rubrum L.","red maple","Aceraceae","tree","rubrum",0.744,"hw2",-1.9123,2.3651,"AceraceaeBelow0.50spg","hardwood","Hardwood",0.44,-2.047,2.3852,0.21103,0.95964,NA,"Good",NA,NA,0.449136132281038
"Acer","ACRU","NEON.PLA.D05.TREE.02444","TREE_012","TREE","D05",2019-10-17,"Live","sapling",NA,NA,10,1.5,NA,1.3,NA,"Acer rubrum L.",NA,NA,"2019",316,"soft maple/birch","Acer rubrum L.","red maple","Aceraceae","tree","rubrum",0.744,"hw2",-1.9123,2.3651,"AceraceaeBelow0.50spg","hardwood","Hardwood",0.44,-2.047,2.3852,0.21103,0.95964,NA,"Good",NA,NA,0.515249539132648
"Acer","ACRU","NEON.PLA.D05.TREE.02408","TREE_012","TREE","D05",2019-10-17,"Live","sapling",NA,NA,10,2.6,NA,1.4,NA,"Acer rubrum L.",NA,NA,"2019",316,"soft maple/birch","Acer rubrum L.","red maple","Aceraceae","tree","rubrum",0.744,"hw2",-1.9123,2.3651,"AceraceaeBelow0.50spg","hardwood","Hardwood",0.44,-2.047,2.3852,0.21103,0.95964,NA,"Good",NA,NA,1.00700085409159
"Acer","ACRU","NEON.PLA.D05.TREE.01598","TREE_001","TREE","D05",2019-10-07,"Live","sapling",NA,NA,10,1.8,NA,1.2,NA,"Acer rubrum L.",NA,NA,"2019",316,"soft maple/birch","Acer rubrum L.","red maple","Aceraceae","tree","rubrum",0.744,"hw2",-1.9123,2.3651,"AceraceaeBelow0.50spg","hardwood","Hardwood",0.44,-2.047,2.3852,0.21103,0.95964,NA,"Good",NA,NA,0.526362435374636
"Acer","ACRU","NEON.PLA.D05.TREE.03467","TREE_002","TREE","D05",2018-05-07,"Live,  other damage","sapling",NA,NA,10,1,NA,1,NA,"Acer rubrum L.",NA,NA,"2018",316,"soft maple/birch","Acer rubrum L.","red maple","Aceraceae","tree","rubrum",0.744,"hw2",-1.9123,2.3651,"AceraceaeBelow0.50spg","hardwood","Hardwood",0.44,-2.047,2.3852,0.21103,0.95964,NA,"Good",NA,NA,0.21103
"Acer","ACRU","NEON.PLA.D05.TREE.01082","TREE_044","TREE","D05",2017-10-17,"Live","sapling",NA,NA,10,2.5,NA,1.4,NA,"Acer rubrum L.",NA,NA,"2017",316,"soft maple/birch","Acer rubrum L.","red maple","Aceraceae","tree","rubrum",0.744,"hw2",-1.9123,2.3651,"AceraceaeBelow0.50spg","hardwood","Hardwood",0.44,-2.047,2.3852,0.21103,0.95964,NA,"Good",NA,NA,0.969803986886103
"Acer","ACRU","NEON.PLA.D05.TREE.02416","TREE_012","TREE","D05",2017-10-30,"Live","sapling",NA,NA,10,2.3,NA,1.5,NA,"Acer rubrum L.",NA,NA,"2017",316,"soft maple/birch","Acer rubrum L.","red maple","Aceraceae","tree","rubrum",0.744,"hw2",-1.9123,2.3651,"AceraceaeBelow0.50spg","hardwood","Hardwood",0.44,-2.047,2.3852,0.21103,0.95964,NA,"Good",NA,NA,1.0219770217369
"Acer","ACRU","NEON.PLA.D05.TREE.01548","TREE_007","TREE","D05",2019-10-09,"Live","sapling",NA,NA,10,1.4,NA,1.1,NA,"Acer rubrum L.",NA,NA,"2019",316,"soft maple/birch","Acer rubrum L.","red maple","Aceraceae","tree","rubrum",0.744,"hw2",-1.9123,2.3651,"AceraceaeBelow0.50spg","hardwood","Hardwood",0.44,-2.047,2.3852,0.21103,0.95964,NA,"Good",NA,NA,0.349960203072112
"Acer","ACRU","NEON.PLA.D05.TREE.02025","TREE_018","TREE","D05",2018-04-25,"Live, physically damaged","sapling",NA,NA,10,NA,NA,1.7,NA,"Acer rubrum L.",NA,NA,"2018",316,"soft maple/birch","Acer rubrum L.","red maple","Aceraceae","tree","rubrum",0.744,"hw2",-1.9123,2.3651,"AceraceaeBelow0.50spg","hardwood","Hardwood",0.44,-2.047,2.3852,0.21103,0.95964,NA,"Check",NA,NA,NA
"Acer","ACRU","NEON.PLA.D05.TREE.01893","TREE_043","TREE","D05",2020-10-05,"Live","sapling","Full shade",NA,10,1.2,NA,1,NA,"Acer rubrum L.",NA,NA,"2020",316,"soft maple/birch","Acer rubrum L.","red maple","Aceraceae","tree","rubrum",0.744,"hw2",-1.9123,2.3651,"AceraceaeBelow0.50spg","hardwood","Hardwood",0.44,-2.047,2.3852,0.21103,0.95964,NA,"Good",NA,NA,0.251379402653776
"Acer","ACRU","NEON.PLA.D05.TREE.02028","TREE_018","TREE","D05",2018-04-25,"Live, physically damaged","sapling",NA,NA,10,NA,NA,1.5,NA,"Acer rubrum L.",NA,NA,"2018",316,"soft maple/birch","Acer rubrum L.","red maple","Aceraceae","tree","rubrum",0.744,"hw2",-1.9123,2.3651,"AceraceaeBelow0.50spg","hardwood","Hardwood",0.44,-2.047,2.3852,0.21103,0.95964,NA,"Check",NA,NA,NA
"Acer","ACRU","NEON.PLA.D05.TREE.00914","TREE_009","TREE","D05",2019-10-16,"Live","sapling",NA,NA,10,1.1,NA,1,NA,"Acer rubrum L.",NA,NA,"2019",316,"soft maple/birch","Acer rubrum L.","red maple","Aceraceae","tree","rubrum",0.744,"hw2",-1.9123,2.3651,"AceraceaeBelow0.50spg","hardwood","Hardwood",0.44,-2.047,2.3852,0.21103,0.95964,NA,"Good",NA,NA,0.231241764876054
"Acer","ACRU","NEON.PLA.D05.TREE.02402","TREE_012","TREE","D05",2019-10-17,"Live","sapling",NA,NA,10,2,NA,1.2,NA,"Acer rubrum L.",NA,NA,"2019",316,"soft maple/birch","Acer rubrum L.","red maple","Aceraceae","tree","rubrum",0.744,"hw2",-1.9123,2.3651,"AceraceaeBelow0.50spg","hardwood","Hardwood",0.44,-2.047,2.3852,0.21103,0.95964,NA,"Good",NA,NA,0.582365455652737
"Acer","ACRU","NEON.PLA.D05.TREE.01520","TREE_012","TREE","D05",2019-10-17,"Live","sapling",NA,NA,10,1,NA,1.2,NA,"Acer rubrum L.",NA,NA,"2019",316,"soft maple/birch","Acer rubrum L.","red maple","Aceraceae","tree","rubrum",0.744,"hw2",-1.9123,2.3651,"AceraceaeBelow0.50spg","hardwood","Hardwood",0.44,-2.047,2.3852,0.21103,0.95964,NA,"Good",NA,NA,0.299443700320189
"Acer","ACRU","NEON.PLA.D05.TREE.00905","TREE_043","TREE","D05",2017-10-17,"Live","sapling",NA,NA,10,2.7,NA,1.9,NA,"Acer rubrum L.",NA,NA,"2017",316,"soft maple/birch","Acer rubrum L.","red maple","Aceraceae","tree","rubrum",0.744,"hw2",-1.9123,2.3651,"AceraceaeBelow0.50spg","hardwood","Hardwood",0.44,-2.047,2.3852,0.21103,0.95964,NA,"Good",NA,NA,1.87630887506153
"Acer","ACRU","NEON.PLA.D05.TREE.03833","TREE_016","TREE","D05",2019-10-30,"Live","sapling",NA,NA,10,2.3,NA,1.5,NA,"Acer rubrum L.",NA,NA,"2019",316,"soft maple/birch","Acer rubrum L.","red maple","Aceraceae","tree","rubrum",0.744,"hw2",-1.9123,2.3651,"AceraceaeBelow0.50spg","hardwood","Hardwood",0.44,-2.047,2.3852,0.21103,0.95964,NA,"Good",NA,NA,1.0219770217369
"Acer","ACRU","NEON.PLA.D05.TREE.03102","TREE_002","TREE","D05",2019-10-08,"Live","sapling",NA,NA,10,1.8,NA,1.8,NA,"Acer rubrum L.",NA,NA,"2019",316,"soft maple/birch","Acer rubrum L.","red maple","Aceraceae","tree","rubrum",0.744,"hw2",-1.9123,2.3651,"AceraceaeBelow0.50spg","hardwood","Hardwood",0.44,-2.047,2.3852,0.21103,0.95964,NA,"Good",NA,NA,1.14618130180976
"Acer","ACRU","NEON.PLA.D05.TREE.03102","TREE_002","TREE","D05",2018-05-07,"Live","sapling",NA,NA,10,1.4,NA,1.4,NA,"Acer rubrum L.",NA,NA,"2018",316,"soft maple/birch","Acer rubrum L.","red maple","Aceraceae","tree","rubrum",0.744,"hw2",-1.9123,2.3651,"AceraceaeBelow0.50spg","hardwood","Hardwood",0.44,-2.047,2.3852,0.21103,0.95964,NA,"Good",NA,NA,0.555949217650201
"Acer","ACRU","NEON.PLA.D05.TREE.03834","TREE_019","TREE","D05",2019-10-30,"Live","sapling",NA,NA,10,1.5,NA,1.2,NA,"Acer rubrum L.",NA,NA,"2019",316,"soft maple/birch","Acer rubrum L.","red maple","Aceraceae","tree","rubrum",0.744,"hw2",-1.9123,2.3651,"AceraceaeBelow0.50spg","hardwood","Hardwood",0.44,-2.047,2.3852,0.21103,0.95964,NA,"Good",NA,NA,0.441874964951274
"Acer","ACRU","NEON.PLA.D05.TREE.01206","TREE_043","TREE","D05",2018-10-15,"Live","sapling",NA,NA,10,1.8,NA,1.2,NA,"Acer rubrum L.",NA,NA,"2018",316,"soft maple/birch","Acer rubrum L.","red maple","Aceraceae","tree","rubrum",0.744,"hw2",-1.9123,2.3651,"AceraceaeBelow0.50spg","hardwood","Hardwood",0.44,-2.047,2.3852,0.21103,0.95964,NA,"Good",NA,NA,0.526362435374636
"Acer","ACRU","NEON.PLA.D05.TREE.03187","TREE_045","TREE","D05",2017-10-19,"Live","sapling",NA,NA,10,0.6,NA,1.1,NA,"Acer rubrum L.",NA,NA,"2017",316,"soft maple/birch","Acer rubrum L.","red maple","Aceraceae","tree","rubrum",0.744,"hw2",-1.9123,2.3651,"AceraceaeBelow0.50spg","hardwood","Hardwood",0.44,-2.047,2.3852,0.21103,0.95964,NA,"Good",NA,NA,0.155200607767362
"Acer","ACRU","NEON.PLA.D05.TREE.05060","TREE_018","TREE","D05",2019-10-30,"Live","sapling",NA,NA,15,1,NA,1.2,NA,"Acer rubrum L.",NA,NA,"2019",316,"soft maple/birch","Acer rubrum L.","red maple","Aceraceae","tree","rubrum",0.744,"hw2",-1.9123,2.3651,"AceraceaeBelow0.50spg","hardwood","Hardwood",0.44,-2.047,2.3852,0.21103,0.95964,NA,"Good",NA,NA,0.299443700320189
"Acer","ACRU","NEON.PLA.D05.TREE.02766","TREE_007","TREE","D05",2019-10-09,"Live","sapling",NA,NA,10,1.3,NA,1.4,NA,"Acer rubrum L.",NA,NA,"2019",316,"soft maple/birch","Acer rubrum L.","red maple","Aceraceae","tree","rubrum",0.744,"hw2",-1.9123,2.3651,"AceraceaeBelow0.50spg","hardwood","Hardwood",0.44,-2.047,2.3852,0.21103,0.95964,NA,"Good",NA,NA,0.517784939075411
"Acer","ACRU","NEON.PLA.D05.TREE.03784","TREE_002","TREE","D05",2018-05-07,"Live","sapling",NA,NA,10,1.7,NA,1.4,NA,"Acer rubrum L.",NA,NA,"2018",316,"soft maple/birch","Acer rubrum L.","red maple","Aceraceae","tree","rubrum",0.744,"hw2",-1.9123,2.3651,"AceraceaeBelow0.50spg","hardwood","Hardwood",0.44,-2.047,2.3852,0.21103,0.95964,NA,"Good",NA,NA,0.669811836981514
"Acer","ACRU","NEON.PLA.D05.TREE.01587","TREE_001","TREE","D05",2019-10-07,"Live","sapling",NA,NA,10,1,NA,1,NA,"Acer rubrum L.",NA,NA,"2019",316,"soft maple/birch","Acer rubrum L.","red maple","Aceraceae","tree","rubrum",0.744,"hw2",-1.9123,2.3651,"AceraceaeBelow0.50spg","hardwood","Hardwood",0.44,-2.047,2.3852,0.21103,0.95964,NA,"Good",NA,NA,0.21103
"Acer","ACRU","NEON.PLA.D05.TREE.03036","TREE_012","TREE","D05",2017-10-30,"Live","sapling",NA,NA,10,1.2,NA,1.3,NA,"Acer rubrum L.",NA,NA,"2017",316,"soft maple/birch","Acer rubrum L.","red maple","Aceraceae","tree","rubrum",0.744,"hw2",-1.9123,2.3651,"AceraceaeBelow0.50spg","hardwood","Hardwood",0.44,-2.047,2.3852,0.21103,0.95964,NA,"Good",NA,NA,0.41592869849946
"Acer","ACRU","NEON.PLA.D05.TREE.01900","TREE_043","TREE","D05",2019-10-23,"Live","sapling",NA,NA,10,1.5,NA,1,NA,"Acer rubrum L.",NA,NA,"2019",316,"soft maple/birch","Acer rubrum L.","red maple","Aceraceae","tree","rubrum",0.744,"hw2",-1.9123,2.3651,"AceraceaeBelow0.50spg","hardwood","Hardwood",0.44,-2.047,2.3852,0.21103,0.95964,NA,"Good",NA,NA,0.311407031618826
"Acer","ACRU","NEON.PLA.D05.TREE.03039","TREE_012","TREE","D05",2017-10-30,"Live","sapling",NA,NA,10,1.3,NA,1.1,NA,"Acer rubrum L.",NA,NA,"2017",316,"soft maple/birch","Acer rubrum L.","red maple","Aceraceae","tree","rubrum",0.744,"hw2",-1.9123,2.3651,"AceraceaeBelow0.50spg","hardwood","Hardwood",0.44,-2.047,2.3852,0.21103,0.95964,NA,"Good",NA,NA,0.325936464471337
"Acer","ACRU","NEON.PLA.D05.TREE.01899","TREE_043","TREE","D05",2019-10-23,"Live","sapling",NA,NA,10,2.1,NA,1.2,NA,"Acer rubrum L.",NA,NA,"2019",316,"soft maple/birch","Acer rubrum L.","red maple","Aceraceae","tree","rubrum",0.744,"hw2",-1.9123,2.3651,"AceraceaeBelow0.50spg","hardwood","Hardwood",0.44,-2.047,2.3852,0.21103,0.95964,NA,"Good",NA,NA,0.610280797171948
"Acer","ACRU","NEON.PLA.D05.TREE.01358","TREE_016","TREE","D05",2019-10-30,"Live,  other damage","sapling",NA,NA,10,1.4,NA,1.1,NA,"Acer rubrum L.",NA,NA,"2019",316,"soft maple/birch","Acer rubrum L.","red maple","Aceraceae","tree","rubrum",0.744,"hw2",-1.9123,2.3651,"AceraceaeBelow0.50spg","hardwood","Hardwood",0.44,-2.047,2.3852,0.21103,0.95964,NA,"Good",NA,NA,0.349960203072112
"Acer","ACRU","NEON.PLA.D05.TREE.03175","TREE_043","TREE","D05",2016-10-19,"Live","sapling",NA,NA,10,2.3,NA,1.6,NA,"Acer rubrum L.",NA,NA,"2016",316,"soft maple/birch","Acer rubrum L.","red maple","Aceraceae","tree","rubrum",0.744,"hw2",-1.9123,2.3651,"AceraceaeBelow0.50spg","hardwood","Hardwood",0.44,-2.047,2.3852,0.21103,0.95964,NA,"Good",NA,NA,1.15674092180299
"Acer","ACRU","NEON.PLA.D05.TREE.03465","TREE_002","TREE","D05",2019-10-08,"Live","sapling",NA,NA,10,1.5,NA,1.3,NA,"Acer rubrum L.",NA,NA,"2019",316,"soft maple/birch","Acer rubrum L.","red maple","Aceraceae","tree","rubrum",0.744,"hw2",-1.9123,2.3651,"AceraceaeBelow0.50spg","hardwood","Hardwood",0.44,-2.047,2.3852,0.21103,0.95964,NA,"Good",NA,NA,0.515249539132648
"Acer","ACRU","NEON.PLA.D05.TREE.02411","TREE_012","TREE","D05",2017-10-30,"Live","sapling",NA,NA,10,2.5,NA,1.7,NA,"Acer rubrum L.",NA,NA,"2017",316,"soft maple/birch","Acer rubrum L.","red maple","Aceraceae","tree","rubrum",0.744,"hw2",-1.9123,2.3651,"AceraceaeBelow0.50spg","hardwood","Hardwood",0.44,-2.047,2.3852,0.21103,0.95964,NA,"Good",NA,NA,1.40772996358589
"Acer","ACRU","NEON.PLA.D05.TREE.02412","TREE_012","TREE","D05",2019-10-17,"Live","sapling",NA,NA,10,2,NA,1,NA,"Acer rubrum L.",NA,NA,"2019",316,"soft maple/birch","Acer rubrum L.","red maple","Aceraceae","tree","rubrum",0.744,"hw2",-1.9123,2.3651,"AceraceaeBelow0.50spg","hardwood","Hardwood",0.44,-2.047,2.3852,0.21103,0.95964,NA,"Good",NA,NA,0.410416321916228
"Acer","ACRU","NEON.PLA.D05.TREE.01540","TREE_007","TREE","D05",2019-10-09,"Live, disease damaged","sapling",NA,NA,10,1.1,NA,1.1,NA,"Acer rubrum L.",NA,NA,"2019",316,"soft maple/birch","Acer rubrum L.","red maple","Aceraceae","tree","rubrum",0.744,"hw2",-1.9123,2.3651,"AceraceaeBelow0.50spg","hardwood","Hardwood",0.44,-2.047,2.3852,0.21103,0.95964,NA,"Good",NA,NA,0.277658151540188
"Acer","ACRU","NEON.PLA.D05.TREE.03838","TREE_019","TREE","D05",2019-10-30,"Live","sapling",NA,NA,10,2.1,NA,1.1,NA,"Acer rubrum L.",NA,NA,"2019",316,"soft maple/birch","Acer rubrum L.","red maple","Aceraceae","tree","rubrum",0.744,"hw2",-1.9123,2.3651,"AceraceaeBelow0.50spg","hardwood","Hardwood",0.44,-2.047,2.3852,0.21103,0.95964,NA,"Good",NA,NA,0.516419788766564
"Acer","ACRU","NEON.PLA.D05.TREE.02012","TREE_018","TREE","D05",2018-04-25,"Live, physically damaged","sapling",NA,NA,10,NA,NA,1.1,NA,"Acer rubrum L.",NA,NA,"2018",316,"soft maple/birch","Acer rubrum L.","red maple","Aceraceae","tree","rubrum",0.744,"hw2",-1.9123,2.3651,"AceraceaeBelow0.50spg","hardwood","Hardwood",0.44,-2.047,2.3852,0.21103,0.95964,NA,"Check",NA,NA,NA
"Acer","ACRU","NEON.PLA.D05.TREE.03050","TREE_012","TREE","D05",2019-10-17,"Live","sapling",NA,NA,10,1.1,NA,1.4,NA,"Acer rubrum L.",NA,NA,"2019",316,"soft maple/birch","Acer rubrum L.","red maple","Aceraceae","tree","rubrum",0.744,"hw2",-1.9123,2.3651,"AceraceaeBelow0.50spg","hardwood","Hardwood",0.44,-2.047,2.3852,0.21103,0.95964,NA,"Good",NA,NA,0.441089674676983
"Acer","ACRU","NEON.PLA.D05.TREE.02026","TREE_018","TREE","D05",2018-04-25,"Live, physically damaged","sapling",NA,NA,10,NA,NA,1.5,NA,"Acer rubrum L.",NA,NA,"2018",316,"soft maple/birch","Acer rubrum L.","red maple","Aceraceae","tree","rubrum",0.744,"hw2",-1.9123,2.3651,"AceraceaeBelow0.50spg","hardwood","Hardwood",0.44,-2.047,2.3852,0.21103,0.95964,NA,"Check",NA,NA,NA
"Acer","ACRU","NEON.PLA.D05.TREE.03062","TREE_009","TREE","D05",2019-10-16,"Live","sapling",NA,NA,10,1.9,NA,1.4,NA,"Acer rubrum L.",NA,NA,"2019",316,"soft maple/birch","Acer rubrum L.","red maple","Aceraceae","tree","rubrum",0.744,"hw2",-1.9123,2.3651,"AceraceaeBelow0.50spg","hardwood","Hardwood",0.44,-2.047,2.3852,0.21103,0.95964,NA,"Good",NA,NA,0.745260186545236
"Acer","ACRU","NEON.PLA.D05.TREE.03852","TREE_019","TREE","D05",2017-10-23,"Live","sapling",NA,NA,10,1.8,NA,1.5,NA,"Acer rubrum L.",NA,NA,"2017",316,"soft maple/birch","Acer rubrum L.","red maple","Aceraceae","tree","rubrum",0.744,"hw2",-1.9123,2.3651,"AceraceaeBelow0.50spg","hardwood","Hardwood",0.44,-2.047,2.3852,0.21103,0.95964,NA,"Good",NA,NA,0.807759989147472
"Acer","ACRU","NEON.PLA.D05.TREE.03101","TREE_002","TREE","D05",2019-10-08,"Standing dead","sapling",NA,NA,10,1.7,NA,1.2,NA,"Acer rubrum L.",NA,NA,"2019",316,"soft maple/birch","Acer rubrum L.","red maple","Aceraceae","tree","rubrum",0.744,"hw2",-1.9123,2.3651,"AceraceaeBelow0.50spg","hardwood","Hardwood",0.44,-2.047,2.3852,0.21103,0.95964,NA,"Good",NA,NA,0.498268214730691
"Acer","ACRU","NEON.PLA.D05.TREE.03834","TREE_019","TREE","D05",2017-10-23,"Live","sapling",NA,NA,10,1.4,NA,1,NA,"Acer rubrum L.",NA,NA,"2017",316,"soft maple/birch","Acer rubrum L.","red maple","Aceraceae","tree","rubrum",0.744,"hw2",-1.9123,2.3651,"AceraceaeBelow0.50spg","hardwood","Hardwood",0.44,-2.047,2.3852,0.21103,0.95964,NA,"Good",NA,NA,0.291457011241625
"Acer","ACRU","NEON.PLA.D05.TREE.03833","TREE_016","TREE","D05",2017-10-24,"Live","sapling",NA,NA,10,2,NA,1.3,NA,"Acer rubrum L.",NA,NA,"2017",316,"soft maple/birch","Acer rubrum L.","red maple","Aceraceae","tree","rubrum",0.744,"hw2",-1.9123,2.3651,"AceraceaeBelow0.50spg","hardwood","Hardwood",0.44,-2.047,2.3852,0.21103,0.95964,NA,"Good",NA,NA,0.679068868870939
"Acer","ACRU","NEON.PLA.D05.TREE.03835","TREE_019","TREE","D05",2019-10-30,"Live, broken bole","sapling",NA,NA,10,2,NA,1.2,NA,"Acer rubrum L.",NA,NA,"2019",316,"soft maple/birch","Acer rubrum L.","red maple","Aceraceae","tree","rubrum",0.744,"hw2",-1.9123,2.3651,"AceraceaeBelow0.50spg","hardwood","Hardwood",0.44,-2.047,2.3852,0.21103,0.95964,NA,"Good",NA,NA,0.582365455652737
"Acer","ACRU","NEON.PLA.D05.TREE.01206","TREE_043","TREE","D05",2020-10-05,"Live","sapling","Full shade",NA,10,2.3,NA,1.4,NA,"Acer rubrum L.",NA,NA,"2020",316,"soft maple/birch","Acer rubrum L.","red maple","Aceraceae","tree","rubrum",0.744,"hw2",-1.9123,2.3651,"AceraceaeBelow0.50spg","hardwood","Hardwood",0.44,-2.047,2.3852,0.21103,0.95964,NA,"Good",NA,NA,0.895227296409021
"Acer","ACRU","NEON.PLA.D05.TREE.02413","TREE_012","TREE","D05",2019-10-17,"Live","sapling",NA,NA,10,1.8,NA,1,NA,"Acer rubrum L.",NA,NA,"2019",316,"soft maple/birch","Acer rubrum L.","red maple","Aceraceae","tree","rubrum",0.744,"hw2",-1.9123,2.3651,"AceraceaeBelow0.50spg","hardwood","Hardwood",0.44,-2.047,2.3852,0.21103,0.95964,NA,"Good",NA,NA,0.370948744683344
"Acer","ACRU","NEON.PLA.D05.TREE.01466","TREE_001","TREE","D05",2019-10-07,"Live","sapling",NA,NA,10,1.2,NA,1.2,NA,"Acer rubrum L.",NA,NA,"2019",316,"soft maple/birch","Acer rubrum L.","red maple","Aceraceae","tree","rubrum",0.744,"hw2",-1.9123,2.3651,"AceraceaeBelow0.50spg","hardwood","Hardwood",0.44,-2.047,2.3852,0.21103,0.95964,NA,"Good",NA,NA,0.356697997985715
"Acer","ACRU","NEON.PLA.D05.TREE.02884","TREE_001","TREE","D05",2017-10-25,"Live","sapling",NA,NA,10,2,NA,1.3,NA,"Acer rubrum L.",NA,NA,"2017",316,"soft maple/birch","Acer rubrum L.","red maple","Aceraceae","tree","rubrum",0.744,"hw2",-1.9123,2.3651,"AceraceaeBelow0.50spg","hardwood","Hardwood",0.44,-2.047,2.3852,0.21103,0.95964,NA,"Good",NA,NA,0.679068868870939
"Acer","ACRU","NEON.PLA.D05.TREE.02733","TREE_010","TREE","D05",2017-10-24,"Live","sapling",NA,NA,10,1.4,NA,1.1,NA,"Acer rubrum L.",NA,NA,"2017",316,"soft maple/birch","Acer rubrum L.","red maple","Aceraceae","tree","rubrum",0.744,"hw2",-1.9123,2.3651,"AceraceaeBelow0.50spg","hardwood","Hardwood",0.44,-2.047,2.3852,0.21103,0.95964,NA,"Good",NA,NA,0.349960203072112
"Acer","ACRU","NEON.PLA.D05.TREE.01550","TREE_007","TREE","D05",2019-10-09,"Live","sapling",NA,NA,10,2.1,NA,1.8,NA,"Acer rubrum L.",NA,NA,"2019",316,"soft maple/birch","Acer rubrum L.","red maple","Aceraceae","tree","rubrum",0.744,"hw2",-1.9123,2.3651,"AceraceaeBelow0.50spg","hardwood","Hardwood",0.44,-2.047,2.3852,0.21103,0.95964,NA,"Good",NA,NA,1.32891785500267
"Acer","ACRU","NEON.PLA.D05.TREE.03846","TREE_019","TREE","D05",2019-10-30,"Live","sapling",NA,NA,10,1.5,NA,1.3,NA,"Acer rubrum L.",NA,NA,"2019",316,"soft maple/birch","Acer rubrum L.","red maple","Aceraceae","tree","rubrum",0.744,"hw2",-1.9123,2.3651,"AceraceaeBelow0.50spg","hardwood","Hardwood",0.44,-2.047,2.3852,0.21103,0.95964,NA,"Good",NA,NA,0.515249539132648
"Acer","ACRU","NEON.PLA.D05.TREE.02991","TREE_009","TREE","D05",2017-10-26,"Live","sapling",NA,NA,10,2.8,NA,1.5,NA,"Acer rubrum L.",NA,NA,"2017",316,"soft maple/birch","Acer rubrum L.","red maple","Aceraceae","tree","rubrum",0.744,"hw2",-1.9123,2.3651,"AceraceaeBelow0.50spg","hardwood","Hardwood",0.44,-2.047,2.3852,0.21103,0.95964,NA,"Good",NA,NA,1.23430748840714
"Acer","ACRU","NEON.PLA.D05.TREE.03181","TREE_043","TREE","D05",2019-10-23,"Live, physically damaged","sapling",NA,NA,10,2.4,NA,1.5,NA,"Acer rubrum L.",NA,NA,"2019",316,"soft maple/birch","Acer rubrum L.","red maple","Aceraceae","tree","rubrum",0.744,"hw2",-1.9123,2.3651,"AceraceaeBelow0.50spg","hardwood","Hardwood",0.44,-2.047,2.3852,0.21103,0.95964,NA,"Good",NA,NA,1.06458059734113
"Acer","ACRU","NEON.PLA.D05.TREE.02992","TREE_009","TREE","D05",2017-10-26,"Live","sapling",NA,NA,10,1.9,NA,1.5,NA,"Acer rubrum L.",NA,NA,"2017",316,"soft maple/birch","Acer rubrum L.","red maple","Aceraceae","tree","rubrum",0.744,"hw2",-1.9123,2.3651,"AceraceaeBelow0.50spg","hardwood","Hardwood",0.44,-2.047,2.3852,0.21103,0.95964,NA,"Good",NA,NA,0.850776991407331
"Acer","ACRU","NEON.PLA.D05.TREE.01589","TREE_001","TREE","D05",2019-10-07,"Live","sapling",NA,NA,10,1.8,NA,1.1,NA,"Acer rubrum L.",NA,NA,"2019",316,"soft maple/birch","Acer rubrum L.","red maple","Aceraceae","tree","rubrum",0.744,"hw2",-1.9123,2.3651,"AceraceaeBelow0.50spg","hardwood","Hardwood",0.44,-2.047,2.3852,0.21103,0.95964,NA,"Good",NA,NA,0.445408046509838
"Acer","ACRU","NEON.PLA.D05.TREE.02997","TREE_060","TREE","D05",2019-11-05,"Live","sapling",NA,NA,10,1.9,NA,1.6,NA,"Acer rubrum L.",NA,NA,"2019",316,"soft maple/birch","Acer rubrum L.","red maple","Aceraceae","tree","rubrum",0.744,"hw2",-1.9123,2.3651,"AceraceaeBelow0.50spg","hardwood","Hardwood",0.44,-2.047,2.3852,0.21103,0.95964,NA,"Good",NA,NA,0.962965448691514
"Acer","ACRU","NEON.PLA.D05.TREE.01277","TREE_048","TREE","D05",2021-09-23,"Live","sapling","Mostly shaded",NA,10,1.8,NA,1.2,NA,"Acer rubrum L.",NA,NA,"2021",316,"soft maple/birch","Acer rubrum L.","red maple","Aceraceae","tree","rubrum",0.744,"hw2",-1.9123,2.3651,"AceraceaeBelow0.50spg","hardwood","Hardwood",0.44,-2.047,2.3852,0.21103,0.95964,NA,"Good",NA,NA,0.526362435374636
"Acer","ACRU","NEON.PLA.D05.TREE.03101","TREE_002","TREE","D05",2018-05-07,"Live,  other damage","sapling",NA,NA,10,1.2,NA,1,NA,"Acer rubrum L.",NA,NA,"2018",316,"soft maple/birch","Acer rubrum L.","red maple","Aceraceae","tree","rubrum",0.744,"hw2",-1.9123,2.3651,"AceraceaeBelow0.50spg","hardwood","Hardwood",0.44,-2.047,2.3852,0.21103,0.95964,NA,"Good",NA,NA,0.251379402653776
"Acer","ACRU","NEON.PLA.D05.TREE.03149","TREE_018","TREE","D05",2018-04-25,"Live, physically damaged","sapling",NA,NA,10,NA,NA,1,NA,"Acer rubrum L.",NA,NA,"2018",316,"soft maple/birch","Acer rubrum L.","red maple","Aceraceae","tree","rubrum",0.744,"hw2",-1.9123,2.3651,"AceraceaeBelow0.50spg","hardwood","Hardwood",0.44,-2.047,2.3852,0.21103,0.95964,NA,"Check",NA,NA,NA
"Acer","ACRU","NEON.PLA.D05.TREE.05180","TREE_048","TREE","D05",2021-09-23,"Live","sapling","Full shade",NA,10,2.1,NA,1.6,NA,"Acer rubrum L.",NA,NA,"2021",316,"soft maple/birch","Acer rubrum L.","red maple","Aceraceae","tree","rubrum",0.744,"hw2",-1.9123,2.3651,"AceraceaeBelow0.50spg","hardwood","Hardwood",0.44,-2.047,2.3852,0.21103,0.95964,NA,"Good",NA,NA,1.0600396822593
"Acer","ACRU","NEON.PLA.D05.TREE.02413","TREE_012","TREE","D05",2017-10-30,"Live","sapling",NA,NA,10,1.9,NA,1.2,NA,"Acer rubrum L.",NA,NA,"2017",316,"soft maple/birch","Acer rubrum L.","red maple","Aceraceae","tree","rubrum",0.744,"hw2",-1.9123,2.3651,"AceraceaeBelow0.50spg","hardwood","Hardwood",0.44,-2.047,2.3852,0.21103,0.95964,NA,"Good",NA,NA,0.554393700077303
"Acer","ACRU","NEON.PLA.D05.TREE.03006","TREE_018","TREE","D05",2018-04-25,"Live, physically damaged","sapling",NA,NA,10,NA,NA,1.2,NA,"Acer rubrum L.",NA,NA,"2018",316,"soft maple/birch","Acer rubrum L.","red maple","Aceraceae","tree","rubrum",0.744,"hw2",-1.9123,2.3651,"AceraceaeBelow0.50spg","hardwood","Hardwood",0.44,-2.047,2.3852,0.21103,0.95964,NA,"Check",NA,NA,NA
"Acer","ACRU","NEON.PLA.D05.TREE.03005","TREE_018","TREE","D05",2018-04-25,"Live, physically damaged","sapling",NA,NA,10,NA,NA,1.3,NA,"Acer rubrum L.",NA,NA,"2018",316,"soft maple/birch","Acer rubrum L.","red maple","Aceraceae","tree","rubrum",0.744,"hw2",-1.9123,2.3651,"AceraceaeBelow0.50spg","hardwood","Hardwood",0.44,-2.047,2.3852,0.21103,0.95964,NA,"Check",NA,NA,NA
"Acer","ACRU","NEON.PLA.D05.TREE.03003","TREE_018","TREE","D05",2018-04-25,"Live, physically damaged","sapling",NA,NA,10,NA,NA,1.2,NA,"Acer rubrum L.",NA,NA,"2018",316,"soft maple/birch","Acer rubrum L.","red maple","Aceraceae","tree","rubrum",0.744,"hw2",-1.9123,2.3651,"AceraceaeBelow0.50spg","hardwood","Hardwood",0.44,-2.047,2.3852,0.21103,0.95964,NA,"Check",NA,NA,NA
"Acer","ACRU","NEON.PLA.D05.TREE.03007","TREE_018","TREE","D05",2018-04-25,"Live, physically damaged","sapling",NA,NA,10,NA,NA,1.2,NA,"Acer rubrum L.",NA,NA,"2018",316,"soft maple/birch","Acer rubrum L.","red maple","Aceraceae","tree","rubrum",0.744,"hw2",-1.9123,2.3651,"AceraceaeBelow0.50spg","hardwood","Hardwood",0.44,-2.047,2.3852,0.21103,0.95964,NA,"Check",NA,NA,NA
"Acer","ACRU","NEON.PLA.D05.TREE.03843","TREE_019","TREE","D05",2017-10-23,"Live","sapling",NA,NA,10,2.4,NA,1.2,NA,"Acer rubrum L.",NA,NA,"2017",316,"soft maple/birch","Acer rubrum L.","red maple","Aceraceae","tree","rubrum",0.744,"hw2",-1.9123,2.3651,"AceraceaeBelow0.50spg","hardwood","Hardwood",0.44,-2.047,2.3852,0.21103,0.95964,NA,"Good",NA,NA,0.69371501856693
"Acer","ACRU","NEON.PLA.D05.TREE.01258","TREE_043","TREE","D05",2016-10-19,"Live","sapling",NA,NA,10,2.4,NA,1.4,NA,"Acer rubrum L.",NA,NA,"2016",316,"soft maple/birch","Acer rubrum L.","red maple","Aceraceae","tree","rubrum",0.744,"hw2",-1.9123,2.3651,"AceraceaeBelow0.50spg","hardwood","Hardwood",0.44,-2.047,2.3852,0.21103,0.95964,NA,"Good",NA,NA,0.932547004185534
"Acer","ACRU","NEON.PLA.D05.TREE.01581","TREE_001","TREE","D05",2019-10-07,"Live","sapling",NA,NA,10,1.5,NA,1,NA,"Acer rubrum L.",NA,NA,"2019",316,"soft maple/birch","Acer rubrum L.","red maple","Aceraceae","tree","rubrum",0.744,"hw2",-1.9123,2.3651,"AceraceaeBelow0.50spg","hardwood","Hardwood",0.44,-2.047,2.3852,0.21103,0.95964,NA,"Good",NA,NA,0.311407031618826
"Acer","ACRU","NEON.PLA.D05.TREE.03033","TREE_012","TREE","D05",2019-10-17,"Live","sapling",NA,NA,10,1.4,NA,1.2,NA,"Acer rubrum L.",NA,NA,"2019",316,"soft maple/birch","Acer rubrum L.","red maple","Aceraceae","tree","rubrum",0.744,"hw2",-1.9123,2.3651,"AceraceaeBelow0.50spg","hardwood","Hardwood",0.44,-2.047,2.3852,0.21103,0.95964,NA,"Good",NA,NA,0.413566630007369
"Acer","ACRU","NEON.PLA.D05.TREE.01585","TREE_001","TREE","D05",2019-10-07,"Live, disease damaged","sapling",NA,NA,10,0.8,NA,1,NA,"Acer rubrum L.",NA,NA,"2019",316,"soft maple/birch","Acer rubrum L.","red maple","Aceraceae","tree","rubrum",0.744,"hw2",-1.9123,2.3651,"AceraceaeBelow0.50spg","hardwood","Hardwood",0.44,-2.047,2.3852,0.21103,0.95964,NA,"Good",NA,NA,0.17035130859524
"Acer","ACRU","NEON.PLA.D05.TREE.02042","TREE_018","TREE","D05",2018-04-25,"Live, physically damaged","sapling",NA,NA,10,NA,NA,2,NA,"Acer rubrum L.",NA,NA,"2018",316,"soft maple/birch","Acer rubrum L.","red maple","Aceraceae","tree","rubrum",0.744,"hw2",-1.9123,2.3651,"AceraceaeBelow0.50spg","hardwood","Hardwood",0.44,-2.047,2.3852,0.21103,0.95964,NA,"Check",NA,NA,NA
"Acer","ACRU","NEON.PLA.D05.TREE.01900","TREE_043","TREE","D05",2020-10-05,"Live","sapling","Full shade",NA,10,1.6,NA,1.1,NA,"Acer rubrum L.",NA,NA,"2020",316,"soft maple/birch","Acer rubrum L.","red maple","Aceraceae","tree","rubrum",0.744,"hw2",-1.9123,2.3651,"AceraceaeBelow0.50spg","hardwood","Hardwood",0.44,-2.047,2.3852,0.21103,0.95964,NA,"Good",NA,NA,0.397804830000992
"Acer","ACRU","NEON.PLA.D05.TREE.02324","TREE_019","TREE","D05",2019-10-30,"Dead, broken bole","sapling",NA,NA,10,0.5,NA,1.7,NA,"Acer rubrum L.",NA,NA,"2019",316,"soft maple/birch","Acer rubrum L.","red maple","Aceraceae","tree","rubrum",0.744,"hw2",-1.9123,2.3651,"AceraceaeBelow0.50spg","hardwood","Hardwood",0.44,-2.047,2.3852,0.21103,0.95964,NA,"Good",NA,NA,0.300441401854047
"Acer","ACRU","NEON.PLA.D05.TREE.01490","TREE_009","TREE","D05",2019-10-16,"Live, physically damaged","sapling",NA,NA,10,1.9,NA,1.1,NA,"Acer rubrum L.",NA,NA,"2019",316,"soft maple/birch","Acer rubrum L.","red maple","Aceraceae","tree","rubrum",0.744,"hw2",-1.9123,2.3651,"AceraceaeBelow0.50spg","hardwood","Hardwood",0.44,-2.047,2.3852,0.21103,0.95964,NA,"Good",NA,NA,0.469128110886256
"Acer","ACRU","NEON.PLA.D05.TREE.02332","TREE_019","TREE","D05",2019-10-30,"Live","sapling",NA,NA,10,2.2,NA,1.7,NA,"Acer rubrum L.",NA,NA,"2019",316,"soft maple/birch","Acer rubrum L.","red maple","Aceraceae","tree","rubrum",0.744,"hw2",-1.9123,2.3651,"AceraceaeBelow0.50spg","hardwood","Hardwood",0.44,-2.047,2.3852,0.21103,0.95964,NA,"Good",NA,NA,1.24521030518752
"Acer","ACRU","NEON.PLA.D05.TREE.03786","TREE_002","TREE","D05",2019-10-08,"Live, physically damaged","sapling",NA,NA,10,2.3,NA,2.5,NA,"Acer rubrum L.",NA,NA,"2019",316,"soft maple/birch","Acer rubrum L.","red maple","Aceraceae","tree","rubrum",0.744,"hw2",-1.9123,2.3651,"AceraceaeBelow0.50spg","hardwood","Hardwood",0.44,-2.047,2.3852,0.21103,0.95964,NA,"Good",NA,NA,2.7241498862299
"Acer","ACRU","NEON.PLA.D05.TREE.03980","TREE_010","TREE","D05",2017-10-24,"Live, physically damaged","sapling",NA,NA,10,1.4,NA,1.5,NA,"Acer rubrum L.",NA,NA,"2017",316,"soft maple/birch","Acer rubrum L.","red maple","Aceraceae","tree","rubrum",0.744,"hw2",-1.9123,2.3651,"AceraceaeBelow0.50spg","hardwood","Hardwood",0.44,-2.047,2.3852,0.21103,0.95964,NA,"Good",NA,NA,0.634662647095516
"Acer","ACRU","NEON.PLA.D05.TREE.03017","TREE_018","TREE","D05",2018-04-25,"Live, physically damaged","sapling",NA,NA,10,NA,NA,1,NA,"Acer rubrum L.",NA,NA,"2018",316,"soft maple/birch","Acer rubrum L.","red maple","Aceraceae","tree","rubrum",0.744,"hw2",-1.9123,2.3651,"AceraceaeBelow0.50spg","hardwood","Hardwood",0.44,-2.047,2.3852,0.21103,0.95964,NA,"Check",NA,NA,NA
"Acer","ACRU","NEON.PLA.D05.TREE.03837","TREE_019","TREE","D05",2017-10-23,"Live","sapling",NA,NA,10,2.3,NA,1.1,NA,"Acer rubrum L.",NA,NA,"2017",316,"soft maple/birch","Acer rubrum L.","red maple","Aceraceae","tree","rubrum",0.744,"hw2",-1.9123,2.3651,"AceraceaeBelow0.50spg","hardwood","Hardwood",0.44,-2.047,2.3852,0.21103,0.95964,NA,"Good",NA,NA,0.56352975505781
"Acer","ACRU","NEON.PLA.D05.TREE.02733","TREE_010","TREE","D05",2019-10-10,"Live","sapling",NA,NA,10,1.6,NA,1.3,NA,"Acer rubrum L.",NA,NA,"2019",316,"soft maple/birch","Acer rubrum L.","red maple","Aceraceae","tree","rubrum",0.744,"hw2",-1.9123,2.3651,"AceraceaeBelow0.50spg","hardwood","Hardwood",0.44,-2.047,2.3852,0.21103,0.95964,NA,"Good",NA,NA,0.548169788363996
"Acer","ACRU","NEON.PLA.D05.TREE.03771","TREE_002","TREE","D05",2019-10-08,"Live","sapling",NA,NA,10,1.4,NA,1.2,NA,"Acer rubrum L.",NA,NA,"2019",316,"soft maple/birch","Acer rubrum L.","red maple","Aceraceae","tree","rubrum",0.744,"hw2",-1.9123,2.3651,"AceraceaeBelow0.50spg","hardwood","Hardwood",0.44,-2.047,2.3852,0.21103,0.95964,NA,"Good",NA,NA,0.413566630007369
"Acer","ACRU","NEON.PLA.D05.TREE.02412","TREE_012","TREE","D05",2017-10-30,"Live","sapling",NA,NA,10,1.9,NA,1.4,NA,"Acer rubrum L.",NA,NA,"2017",316,"soft maple/birch","Acer rubrum L.","red maple","Aceraceae","tree","rubrum",0.744,"hw2",-1.9123,2.3651,"AceraceaeBelow0.50spg","hardwood","Hardwood",0.44,-2.047,2.3852,0.21103,0.95964,NA,"Good",NA,NA,0.745260186545236
"Acer","ACRU","NEON.PLA.D05.TREE.03048","TREE_012","TREE","D05",2017-10-30,"Live","sapling",NA,NA,10,0.9,NA,1,NA,"Acer rubrum L.",NA,NA,"2017",316,"soft maple/birch","Acer rubrum L.","red maple","Aceraceae","tree","rubrum",0.744,"hw2",-1.9123,2.3651,"AceraceaeBelow0.50spg","hardwood","Hardwood",0.44,-2.047,2.3852,0.21103,0.95964,NA,"Good",NA,NA,0.190736355769263
"Acer","ACRU","NEON.PLA.D05.TREE.03838","TREE_019","TREE","D05",2017-10-23,"Live","sapling",NA,NA,10,2.2,NA,1.1,NA,"Acer rubrum L.",NA,NA,"2017",316,"soft maple/birch","Acer rubrum L.","red maple","Aceraceae","tree","rubrum",0.744,"hw2",-1.9123,2.3651,"AceraceaeBelow0.50spg","hardwood","Hardwood",0.44,-2.047,2.3852,0.21103,0.95964,NA,"Good",NA,NA,0.53999638584648
"Acer","ACRU","NEON.PLA.D05.TREE.02971","TREE_009","TREE","D05",2017-10-26,"Live","sapling",NA,NA,10,2.5,NA,1.7,NA,"Acer rubrum L.",NA,NA,"2017",316,"soft maple/birch","Acer rubrum L.","red maple","Aceraceae","tree","rubrum",0.744,"hw2",-1.9123,2.3651,"AceraceaeBelow0.50spg","hardwood","Hardwood",0.44,-2.047,2.3852,0.21103,0.95964,NA,"Good",NA,NA,1.40772996358589
"Acer","ACRU","NEON.PLA.D05.TREE.01588","TREE_001","TREE","D05",2019-10-07,"Live, physically damaged","sapling",NA,NA,10,2.3,NA,1.1,NA,"Acer rubrum L.",NA,NA,"2019",316,"soft maple/birch","Acer rubrum L.","red maple","Aceraceae","tree","rubrum",0.744,"hw2",-1.9123,2.3651,"AceraceaeBelow0.50spg","hardwood","Hardwood",0.44,-2.047,2.3852,0.21103,0.95964,NA,"Good",NA,NA,0.56352975505781
"Acer","ACRU","NEON.PLA.D05.TREE.03691","TREE_010","TREE","D05",2017-10-24,"Live","sapling",NA,NA,10,2.7,NA,1.3,NA,"Acer rubrum L.",NA,NA,"2017",316,"soft maple/birch","Acer rubrum L.","red maple","Aceraceae","tree","rubrum",0.744,"hw2",-1.9123,2.3651,"AceraceaeBelow0.50spg","hardwood","Hardwood",0.44,-2.047,2.3852,0.21103,0.95964,NA,"Good",NA,NA,0.905706154290515
"Acer","ACRU","NEON.PLA.D05.TREE.03980","TREE_010","TREE","D05",2019-10-10,"Live","sapling",NA,NA,10,0.8,NA,1.3,NA,"Acer rubrum L.",NA,NA,"2019",316,"soft maple/birch","Acer rubrum L.","red maple","Aceraceae","tree","rubrum",0.744,"hw2",-1.9123,2.3651,"AceraceaeBelow0.50spg","hardwood","Hardwood",0.44,-2.047,2.3852,0.21103,0.95964,NA,"Good",NA,NA,0.28186079417686
"Acer","ACRU","NEON.PLA.D05.TREE.01584","TREE_001","TREE","D05",2019-10-07,"Live","sapling",NA,NA,10,1.4,NA,1.1,NA,"Acer rubrum L.",NA,NA,"2019",316,"soft maple/birch","Acer rubrum L.","red maple","Aceraceae","tree","rubrum",0.744,"hw2",-1.9123,2.3651,"AceraceaeBelow0.50spg","hardwood","Hardwood",0.44,-2.047,2.3852,0.21103,0.95964,NA,"Good",NA,NA,0.349960203072112
"Acer","ACRU","NEON.PLA.D05.TREE.03049","TREE_012","TREE","D05",2017-10-30,"Live","sapling",NA,NA,10,1.4,NA,1,NA,"Acer rubrum L.",NA,NA,"2017",316,"soft maple/birch","Acer rubrum L.","red maple","Aceraceae","tree","rubrum",0.744,"hw2",-1.9123,2.3651,"AceraceaeBelow0.50spg","hardwood","Hardwood",0.44,-2.047,2.3852,0.21103,0.95964,NA,"Good",NA,NA,0.291457011241625
"Acer","ACRU","NEON.PLA.D05.TREE.02449","TREE_012","TREE","D05",2017-10-30,"Live, broken bole","sapling",NA,NA,10,2.2,NA,2.4,NA,"Acer rubrum L.",NA,NA,"2017",316,"soft maple/birch","Acer rubrum L.","red maple","Aceraceae","tree","rubrum",0.744,"hw2",-1.9123,2.3651,"AceraceaeBelow0.50spg","hardwood","Hardwood",0.44,-2.047,2.3852,0.21103,0.95964,NA,"Good",NA,NA,2.41367355593786
"Acer","ACRU","NEON.PLA.D05.TREE.03727","TREE_012","TREE","D05",2019-10-17,"Live","sapling",NA,NA,10,1.9,NA,1.6,NA,"Acer rubrum L.",NA,NA,"2019",316,"soft maple/birch","Acer rubrum L.","red maple","Aceraceae","tree","rubrum",0.744,"hw2",-1.9123,2.3651,"AceraceaeBelow0.50spg","hardwood","Hardwood",0.44,-2.047,2.3852,0.21103,0.95964,NA,"Good",NA,NA,0.962965448691514
"Acer","ACRU","NEON.PLA.D05.TREE.03852","TREE_019","TREE","D05",2019-10-30,"Live","sapling",NA,NA,10,2.2,NA,1.2,NA,"Acer rubrum L.",NA,NA,"2019",316,"soft maple/birch","Acer rubrum L.","red maple","Aceraceae","tree","rubrum",0.744,"hw2",-1.9123,2.3651,"AceraceaeBelow0.50spg","hardwood","Hardwood",0.44,-2.047,2.3852,0.21103,0.95964,NA,"Good",NA,NA,0.638142518921416
"Acer","ACRU","NEON.PLA.D05.TREE.03004","TREE_018","TREE","D05",2018-04-25,"Live, physically damaged","sapling",NA,NA,10,NA,NA,1.1,NA,"Acer rubrum L.",NA,NA,"2018",316,"soft maple/birch","Acer rubrum L.","red maple","Aceraceae","tree","rubrum",0.744,"hw2",-1.9123,2.3651,"AceraceaeBelow0.50spg","hardwood","Hardwood",0.44,-2.047,2.3852,0.21103,0.95964,NA,"Check",NA,NA,NA
"Acer","ACRU","NEON.PLA.D05.TREE.03781","TREE_002","TREE","D05",2018-05-07,"Live","sapling",NA,NA,10,2.3,NA,1.6,NA,"Acer rubrum L.",NA,NA,"2018",316,"soft maple/birch","Acer rubrum L.","red maple","Aceraceae","tree","rubrum",0.744,"hw2",-1.9123,2.3651,"AceraceaeBelow0.50spg","hardwood","Hardwood",0.44,-2.047,2.3852,0.21103,0.95964,NA,"Good",NA,NA,1.15674092180299
"Acer","ACRU","NEON.PLA.D05.TREE.01872","TREE_018","TREE","D05",2019-10-30,"Live","sapling",NA,NA,10,1.7,NA,1,NA,"Acer rubrum L.",NA,NA,"2019",316,"soft maple/birch","Acer rubrum L.","red maple","Aceraceae","tree","rubrum",0.744,"hw2",-1.9123,2.3651,"AceraceaeBelow0.50spg","hardwood","Hardwood",0.44,-2.047,2.3852,0.21103,0.95964,NA,"Good",NA,NA,0.351149619251244
"Acer","ACRU","NEON.PLA.D05.TREE.02928","TREE_001","TREE","D05",2017-10-25,"Live","sapling",NA,NA,10,1.5,NA,1,NA,"Acer rubrum L.",NA,NA,"2017",316,"soft maple/birch","Acer rubrum L.","red maple","Aceraceae","tree","rubrum",0.744,"hw2",-1.9123,2.3651,"AceraceaeBelow0.50spg","hardwood","Hardwood",0.44,-2.047,2.3852,0.21103,0.95964,NA,"Good",NA,NA,0.311407031618826
"Acer","ACRU","NEON.PLA.D05.TREE.01583","TREE_001","TREE","D05",2019-10-07,"Live","sapling",NA,NA,10,1.9,NA,1.2,NA,"Acer rubrum L.",NA,NA,"2019",316,"soft maple/birch","Acer rubrum L.","red maple","Aceraceae","tree","rubrum",0.744,"hw2",-1.9123,2.3651,"AceraceaeBelow0.50spg","hardwood","Hardwood",0.44,-2.047,2.3852,0.21103,0.95964,NA,"Good",NA,NA,0.554393700077303
"Acer","ACRU","NEON.PLA.D05.TREE.03848","TREE_019","TREE","D05",2017-10-23,"Live","sapling",NA,NA,10,1.7,NA,1.1,NA,"Acer rubrum L.",NA,NA,"2017",316,"soft maple/birch","Acer rubrum L.","red maple","Aceraceae","tree","rubrum",0.744,"hw2",-1.9123,2.3651,"AceraceaeBelow0.50spg","hardwood","Hardwood",0.44,-2.047,2.3852,0.21103,0.95964,NA,"Good",NA,NA,0.421634708797526
"Acer","ACRU","NEON.PLA.D05.TREE.03108","TREE_002","TREE","D05",2018-05-07,"Live,  other damage","sapling",NA,NA,10,3.2,NA,1.8,NA,"Acer rubrum L.",NA,NA,"2018",316,"soft maple/birch","Acer rubrum L.","red maple","Aceraceae","tree","rubrum",0.744,"hw2",-1.9123,2.3651,"AceraceaeBelow0.50spg","hardwood","Hardwood",0.44,-2.047,2.3852,0.21103,0.95964,NA,"Good",NA,NA,1.99088299781394
"Acer","ACRU","NEON.PLA.D05.TREE.02447","TREE_012","TREE","D05",2017-10-30,"Live","sapling",NA,NA,10,2.1,NA,1.8,NA,"Acer rubrum L.",NA,NA,"2017",316,"soft maple/birch","Acer rubrum L.","red maple","Aceraceae","tree","rubrum",0.744,"hw2",-1.9123,2.3651,"AceraceaeBelow0.50spg","hardwood","Hardwood",0.44,-2.047,2.3852,0.21103,0.95964,NA,"Good",NA,NA,1.32891785500267
"Acer","ACRU","NEON.PLA.D05.TREE.03114","TREE_002","TREE","D05",2018-05-07,"Live","sapling",NA,NA,10,1,NA,1.2,NA,"Acer rubrum L.",NA,NA,"2018",316,"soft maple/birch","Acer rubrum L.","red maple","Aceraceae","tree","rubrum",0.744,"hw2",-1.9123,2.3651,"AceraceaeBelow0.50spg","hardwood","Hardwood",0.44,-2.047,2.3852,0.21103,0.95964,NA,"Good",NA,NA,0.299443700320189
"Acer","ACRU","NEON.PLA.D05.TREE.03780","TREE_002","TREE","D05",2019-10-08,"Live","sapling",NA,NA,10,2,NA,1.3,NA,"Acer rubrum L.",NA,NA,"2019",316,"soft maple/birch","Acer rubrum L.","red maple","Aceraceae","tree","rubrum",0.744,"hw2",-1.9123,2.3651,"AceraceaeBelow0.50spg","hardwood","Hardwood",0.44,-2.047,2.3852,0.21103,0.95964,NA,"Good",NA,NA,0.679068868870939
"Acer","ACRU","NEON.PLA.D05.TREE.02044","TREE_018","TREE","D05",2018-04-25,"Live, physically damaged","sapling",NA,NA,10,NA,NA,1.6,NA,"Acer rubrum L.",NA,NA,"2018",316,"soft maple/birch","Acer rubrum L.","red maple","Aceraceae","tree","rubrum",0.744,"hw2",-1.9123,2.3651,"AceraceaeBelow0.50spg","hardwood","Hardwood",0.44,-2.047,2.3852,0.21103,0.95964,NA,"Check",NA,NA,NA
"Acer","ACRU","NEON.PLA.D05.TREE.03030","TREE_012","TREE","D05",2019-10-17,"Live, physically damaged","sapling",NA,NA,10,2.4,NA,1.6,NA,"Acer rubrum L.",NA,NA,"2019",316,"soft maple/birch","Acer rubrum L.","red maple","Aceraceae","tree","rubrum",0.744,"hw2",-1.9123,2.3651,"AceraceaeBelow0.50spg","hardwood","Hardwood",0.44,-2.047,2.3852,0.21103,0.95964,NA,"Good",NA,NA,1.20496245542689
"Acer","ACRU","NEON.PLA.D05.TREE.03784","TREE_002","TREE","D05",2019-10-08,"Live","sapling",NA,NA,10,2.3,NA,1.7,NA,"Acer rubrum L.",NA,NA,"2019",316,"soft maple/birch","Acer rubrum L.","red maple","Aceraceae","tree","rubrum",0.744,"hw2",-1.9123,2.3651,"AceraceaeBelow0.50spg","hardwood","Hardwood",0.44,-2.047,2.3852,0.21103,0.95964,NA,"Good",NA,NA,1.29947732368208
"Acer","ACRU","NEON.PLA.D05.TREE.03839","TREE_019","TREE","D05",2017-10-23,"Live","sapling",NA,NA,10,2.5,NA,1.4,NA,"Acer rubrum L.",NA,NA,"2017",316,"soft maple/birch","Acer rubrum L.","red maple","Aceraceae","tree","rubrum",0.744,"hw2",-1.9123,2.3651,"AceraceaeBelow0.50spg","hardwood","Hardwood",0.44,-2.047,2.3852,0.21103,0.95964,NA,"Good",NA,NA,0.969803986886103
"Acer","ACRU","NEON.PLA.D05.TREE.02992","TREE_009","TREE","D05",2019-10-16,"Live, physically damaged","sapling",NA,NA,10,1.9,NA,1.8,NA,"Acer rubrum L.",NA,NA,"2019",316,"soft maple/birch","Acer rubrum L.","red maple","Aceraceae","tree","rubrum",0.744,"hw2",-1.9123,2.3651,"AceraceaeBelow0.50spg","hardwood","Hardwood",0.44,-2.047,2.3852,0.21103,0.95964,NA,"Good",NA,NA,1.20722082383684
"Acer","ACRU","NEON.PLA.D05.TREE.03181","TREE_043","TREE","D05",2017-10-17,"Live","sapling",NA,NA,10,1.8,NA,1.3,NA,"Acer rubrum L.",NA,NA,"2017",316,"soft maple/birch","Acer rubrum L.","red maple","Aceraceae","tree","rubrum",0.744,"hw2",-1.9123,2.3651,"AceraceaeBelow0.50spg","hardwood","Hardwood",0.44,-2.047,2.3852,0.21103,0.95964,NA,"Good",NA,NA,0.613766390393776
"Acer","ACRU","NEON.PLA.D05.TREE.01898","TREE_043","TREE","D05",2020-10-05,"Live","sapling","Full shade",NA,10,1.6,NA,1.2,NA,"Acer rubrum L.",NA,NA,"2020",316,"soft maple/birch","Acer rubrum L.","red maple","Aceraceae","tree","rubrum",0.744,"hw2",-1.9123,2.3651,"AceraceaeBelow0.50spg","hardwood","Hardwood",0.44,-2.047,2.3852,0.21103,0.95964,NA,"Good",NA,NA,0.470107176473047
"Acer","ACRU","NEON.PLA.D05.TREE.02928","TREE_001","TREE","D05",2019-10-07,"Live","sapling",NA,NA,10,1.6,NA,1.2,NA,"Acer rubrum L.",NA,NA,"2019",316,"soft maple/birch","Acer rubrum L.","red maple","Aceraceae","tree","rubrum",0.744,"hw2",-1.9123,2.3651,"AceraceaeBelow0.50spg","hardwood","Hardwood",0.44,-2.047,2.3852,0.21103,0.95964,NA,"Good",NA,NA,0.470107176473047
"Acer","ACRU","NEON.PLA.D05.TREE.01567","TREE_001","TREE","D05",2019-10-07,"Live, physically damaged","sapling",NA,NA,10,0.9,NA,1,NA,"Acer rubrum L.",NA,NA,"2019",316,"soft maple/birch","Acer rubrum L.","red maple","Aceraceae","tree","rubrum",0.744,"hw2",-1.9123,2.3651,"AceraceaeBelow0.50spg","hardwood","Hardwood",0.44,-2.047,2.3852,0.21103,0.95964,NA,"Good",NA,NA,0.190736355769263
"Acer","ACRU","NEON.PLA.D05.TREE.03109","TREE_002","TREE","D05",2018-05-07,"Live,  other damage","sapling",NA,NA,10,1.2,NA,1.3,NA,"Acer rubrum L.",NA,NA,"2018",316,"soft maple/birch","Acer rubrum L.","red maple","Aceraceae","tree","rubrum",0.744,"hw2",-1.9123,2.3651,"AceraceaeBelow0.50spg","hardwood","Hardwood",0.44,-2.047,2.3852,0.21103,0.95964,NA,"Good",NA,NA,0.41592869849946
"Acer","ACRU","NEON.PLA.D05.TREE.03771","TREE_002","TREE","D05",2018-05-07,"Live,  other damage","sapling",NA,NA,10,1.3,NA,1.4,NA,"Acer rubrum L.",NA,NA,"2018",316,"soft maple/birch","Acer rubrum L.","red maple","Aceraceae","tree","rubrum",0.744,"hw2",-1.9123,2.3651,"AceraceaeBelow0.50spg","hardwood","Hardwood",0.44,-2.047,2.3852,0.21103,0.95964,NA,"Good",NA,NA,0.517784939075411
"Acer","ACRU","NEON.PLA.D05.TREE.03020","TREE_018","TREE","D05",2018-04-25,"Live, physically damaged","sapling",NA,NA,10,NA,NA,1.2,NA,"Acer rubrum L.",NA,NA,"2018",316,"soft maple/birch","Acer rubrum L.","red maple","Aceraceae","tree","rubrum",0.744,"hw2",-1.9123,2.3651,"AceraceaeBelow0.50spg","hardwood","Hardwood",0.44,-2.047,2.3852,0.21103,0.95964,NA,"Check",NA,NA,NA
"Acer","ACRU","NEON.PLA.D05.TREE.03116","TREE_002","TREE","D05",2018-05-07,"Live","sapling",NA,NA,10,1.6,NA,1.2,NA,"Acer rubrum L.",NA,NA,"2018",316,"soft maple/birch","Acer rubrum L.","red maple","Aceraceae","tree","rubrum",0.744,"hw2",-1.9123,2.3651,"AceraceaeBelow0.50spg","hardwood","Hardwood",0.44,-2.047,2.3852,0.21103,0.95964,NA,"Good",NA,NA,0.470107176473047
"Acer","ACRU","NEON.PLA.D05.TREE.02452","TREE_012","TREE","D05",2017-10-30,"Live","sapling",NA,NA,10,1.8,NA,1.4,NA,"Acer rubrum L.",NA,NA,"2017",316,"soft maple/birch","Acer rubrum L.","red maple","Aceraceae","tree","rubrum",0.744,"hw2",-1.9123,2.3651,"AceraceaeBelow0.50spg","hardwood","Hardwood",0.44,-2.047,2.3852,0.21103,0.95964,NA,"Good",NA,NA,0.707578326959719
"Acer","ACRU","NEON.PLA.D05.TREE.03851","TREE_019","TREE","D05",2017-10-23,"Live","sapling",NA,NA,10,2.3,NA,1.2,NA,"Acer rubrum L.",NA,NA,"2017",316,"soft maple/birch","Acer rubrum L.","red maple","Aceraceae","tree","rubrum",0.744,"hw2",-1.9123,2.3651,"AceraceaeBelow0.50spg","hardwood","Hardwood",0.44,-2.047,2.3852,0.21103,0.95964,NA,"Good",NA,NA,0.665953155993893
"Acer","ACRU","NEON.PLA.D05.TREE.01561","TREE_001","TREE","D05",2019-10-07,"Live","sapling",NA,NA,10,1.6,NA,1.1,NA,"Acer rubrum L.",NA,NA,"2019",316,"soft maple/birch","Acer rubrum L.","red maple","Aceraceae","tree","rubrum",0.744,"hw2",-1.9123,2.3651,"AceraceaeBelow0.50spg","hardwood","Hardwood",0.44,-2.047,2.3852,0.21103,0.95964,NA,"Good",NA,NA,0.397804830000992
"Acer","ACRU","NEON.PLA.D05.TREE.02974","TREE_009","TREE","D05",2019-10-16,"Live","sapling",NA,NA,10,2.4,NA,1.6,NA,"Acer rubrum L.",NA,NA,"2019",316,"soft maple/birch","Acer rubrum L.","red maple","Aceraceae","tree","rubrum",0.744,"hw2",-1.9123,2.3651,"AceraceaeBelow0.50spg","hardwood","Hardwood",0.44,-2.047,2.3852,0.21103,0.95964,NA,"Good",NA,NA,1.20496245542689
"Acer","ACRU","NEON.PLA.D05.TREE.03181","TREE_043","TREE","D05",2018-10-15,"Live","sapling",NA,NA,10,1.8,NA,1.3,NA,"Acer rubrum L.",NA,NA,"2018",316,"soft maple/birch","Acer rubrum L.","red maple","Aceraceae","tree","rubrum",0.744,"hw2",-1.9123,2.3651,"AceraceaeBelow0.50spg","hardwood","Hardwood",0.44,-2.047,2.3852,0.21103,0.95964,NA,"Good",NA,NA,0.613766390393776
"Acer","ACRU","NEON.PLA.D05.TREE.03840","TREE_019","TREE","D05",2017-10-23,"Live","sapling",NA,NA,10,3.1,NA,1.2,NA,"Acer rubrum L.",NA,NA,"2017",316,"soft maple/birch","Acer rubrum L.","red maple","Aceraceae","tree","rubrum",0.744,"hw2",-1.9123,2.3651,"AceraceaeBelow0.50spg","hardwood","Hardwood",0.44,-2.047,2.3852,0.21103,0.95964,NA,"Good",NA,NA,0.886840497105028
"Acer","ACRU","NEON.PLA.D05.TREE.02449","TREE_012","TREE","D05",2019-10-17,"Live, broken bole","sapling",NA,NA,10,2.4,NA,2.5,NA,"Acer rubrum L.",NA,NA,"2019",316,"soft maple/birch","Acer rubrum L.","red maple","Aceraceae","tree","rubrum",0.744,"hw2",-1.9123,2.3651,"AceraceaeBelow0.50spg","hardwood","Hardwood",0.44,-2.047,2.3852,0.21103,0.95964,NA,"Good",NA,NA,2.83771264074076
"Acer","ACRU","NEON.PLA.D05.TREE.02972","TREE_009","TREE","D05",2017-10-26,"Live","sapling",NA,NA,10,2.8,NA,1.2,NA,"Acer rubrum L.",NA,NA,"2017",316,"soft maple/birch","Acer rubrum L.","red maple","Aceraceae","tree","rubrum",0.744,"hw2",-1.9123,2.3651,"AceraceaeBelow0.50spg","hardwood","Hardwood",0.44,-2.047,2.3852,0.21103,0.95964,NA,"Good",NA,NA,0.804314529474075
"Acer","ACRU","NEON.PLA.D05.TREE.03981","TREE_010","TREE","D05",2019-10-10,"Live","sapling",NA,NA,10,1.3,NA,1.3,NA,"Acer rubrum L.",NA,NA,"2019",316,"soft maple/birch","Acer rubrum L.","red maple","Aceraceae","tree","rubrum",0.744,"hw2",-1.9123,2.3651,"AceraceaeBelow0.50spg","hardwood","Hardwood",0.44,-2.047,2.3852,0.21103,0.95964,NA,"Good",NA,NA,0.449136132281038
"Acer","ACRU","NEON.PLA.D05.TREE.03144","TREE_018","TREE","D05",2018-04-25,"Live, physically damaged","sapling",NA,NA,10,NA,NA,1.3,NA,"Acer rubrum L.",NA,NA,"2018",316,"soft maple/birch","Acer rubrum L.","red maple","Aceraceae","tree","rubrum",0.744,"hw2",-1.9123,2.3651,"AceraceaeBelow0.50spg","hardwood","Hardwood",0.44,-2.047,2.3852,0.21103,0.95964,NA,"Check",NA,NA,NA
"Acer","ACRU","NEON.PLA.D05.TREE.02006","TREE_019","TREE","D05",2019-10-30,"Live, broken bole","sapling",NA,NA,10,1.2,NA,1.4,NA,"Acer rubrum L.",NA,NA,"2019",316,"soft maple/birch","Acer rubrum L.","red maple","Aceraceae","tree","rubrum",0.744,"hw2",-1.9123,2.3651,"AceraceaeBelow0.50spg","hardwood","Hardwood",0.44,-2.047,2.3852,0.21103,0.95964,NA,"Good",NA,NA,0.479501871110872
"Acer","ACRU","NEON.PLA.D05.TREE.03018","TREE_018","TREE","D05",2019-10-30,"Live","sapling",NA,NA,10,1.6,NA,1.2,NA,"Acer rubrum L.",NA,NA,"2019",316,"soft maple/birch","Acer rubrum L.","red maple","Aceraceae","tree","rubrum",0.744,"hw2",-1.9123,2.3651,"AceraceaeBelow0.50spg","hardwood","Hardwood",0.44,-2.047,2.3852,0.21103,0.95964,NA,"Good",NA,NA,0.470107176473047
"Acer","ACRU","NEON.PLA.D05.TREE.01893","TREE_043","TREE","D05",2019-10-23,"Live","sapling",NA,NA,10,1.1,NA,1,NA,"Acer rubrum L.",NA,NA,"2019",316,"soft maple/birch","Acer rubrum L.","red maple","Aceraceae","tree","rubrum",0.744,"hw2",-1.9123,2.3651,"AceraceaeBelow0.50spg","hardwood","Hardwood",0.44,-2.047,2.3852,0.21103,0.95964,NA,"Good",NA,NA,0.231241764876054
"Acer","ACRU","NEON.PLA.D05.TREE.03783","TREE_002","TREE","D05",2018-05-07,"Live","sapling",NA,NA,10,2.2,NA,1.7,NA,"Acer rubrum L.",NA,NA,"2018",316,"soft maple/birch","Acer rubrum L.","red maple","Aceraceae","tree","rubrum",0.744,"hw2",-1.9123,2.3651,"AceraceaeBelow0.50spg","hardwood","Hardwood",0.44,-2.047,2.3852,0.21103,0.95964,NA,"Good",NA,NA,1.24521030518752
"Acer","ACRU","NEON.PLA.D05.TREE.03848","TREE_019","TREE","D05",2019-10-30,"Live","sapling",NA,NA,10,2.1,NA,1.2,NA,"Acer rubrum L.",NA,NA,"2019",316,"soft maple/birch","Acer rubrum L.","red maple","Aceraceae","tree","rubrum",0.744,"hw2",-1.9123,2.3651,"AceraceaeBelow0.50spg","hardwood","Hardwood",0.44,-2.047,2.3852,0.21103,0.95964,NA,"Good",NA,NA,0.610280797171948
"Acer","ACRU","NEON.PLA.D05.TREE.02039","TREE_018","TREE","D05",2018-04-25,"Live, physically damaged","sapling",NA,NA,10,NA,NA,1.7,NA,"Acer rubrum L.",NA,NA,"2018",316,"soft maple/birch","Acer rubrum L.","red maple","Aceraceae","tree","rubrum",0.744,"hw2",-1.9123,2.3651,"AceraceaeBelow0.50spg","hardwood","Hardwood",0.44,-2.047,2.3852,0.21103,0.95964,NA,"Check",NA,NA,NA
"Acer","ACRU","NEON.PLA.D05.TREE.03732","TREE_012","TREE","D05",2019-10-17,"Live, physically damaged","sapling",NA,NA,10,0.8,NA,1.2,NA,"Acer rubrum L.",NA,NA,"2019",316,"soft maple/birch","Acer rubrum L.","red maple","Aceraceae","tree","rubrum",0.744,"hw2",-1.9123,2.3651,"AceraceaeBelow0.50spg","hardwood","Hardwood",0.44,-2.047,2.3852,0.21103,0.95964,NA,"Good",NA,NA,0.241722154196773
"Acer","ACRU","NEON.PLA.D05.TREE.03297","TREE_044","TREE","D05",2018-10-16,"Live","sapling",NA,NA,10,1.5,NA,1.1,NA,"Acer rubrum L.",NA,NA,"2018",316,"soft maple/birch","Acer rubrum L.","red maple","Aceraceae","tree","rubrum",0.744,"hw2",-1.9123,2.3651,"AceraceaeBelow0.50spg","hardwood","Hardwood",0.44,-2.047,2.3852,0.21103,0.95964,NA,"Good",NA,NA,0.37391472436757
"Acer","ACRU","NEON.PLA.D05.TREE.03103","TREE_002","TREE","D05",2019-10-08,"Live","sapling",NA,NA,10,1.6,NA,1.3,NA,"Acer rubrum L.",NA,NA,"2019",316,"soft maple/birch","Acer rubrum L.","red maple","Aceraceae","tree","rubrum",0.744,"hw2",-1.9123,2.3651,"AceraceaeBelow0.50spg","hardwood","Hardwood",0.44,-2.047,2.3852,0.21103,0.95964,NA,"Good",NA,NA,0.548169788363996
"Acer","ACRU","NEON.PLA.D05.TREE.02884","TREE_001","TREE","D05",2019-10-07,"Live, physically damaged","sapling",NA,NA,10,1.7,NA,1.3,NA,"Acer rubrum L.",NA,NA,"2019",316,"soft maple/birch","Acer rubrum L.","red maple","Aceraceae","tree","rubrum",0.744,"hw2",-1.9123,2.3651,"AceraceaeBelow0.50spg","hardwood","Hardwood",0.44,-2.047,2.3852,0.21103,0.95964,NA,"Good",NA,NA,0.581007045811582
"Acer","ACRU","NEON.PLA.D05.TREE.05081","TREE_019","TREE","D05",2019-10-30,"Live","sapling",NA,NA,10,1.7,NA,1.1,NA,"Acer rubrum L.",NA,NA,"2019",316,"soft maple/birch","Acer rubrum L.","red maple","Aceraceae","tree","rubrum",0.744,"hw2",-1.9123,2.3651,"AceraceaeBelow0.50spg","hardwood","Hardwood",0.44,-2.047,2.3852,0.21103,0.95964,NA,"Good",NA,NA,0.421634708797526
"Acer","ACRU","NEON.PLA.D05.TREE.03389","TREE_002","TREE","D05",2019-10-08,"Live","sapling",NA,NA,10,1.6,NA,1,NA,"Acer rubrum L.",NA,NA,"2019",316,"soft maple/birch","Acer rubrum L.","red maple","Aceraceae","tree","rubrum",0.744,"hw2",-1.9123,2.3651,"AceraceaeBelow0.50spg","hardwood","Hardwood",0.44,-2.047,2.3852,0.21103,0.95964,NA,"Good",NA,NA,0.331303404763658
"Acer","ACRU","NEON.PLA.D05.TREE.01787","TREE_060","TREE","D05",2019-11-05,"Live","sapling",NA,NA,10,1.9,NA,1.4,NA,"Acer rubrum L.",NA,NA,"2019",316,"soft maple/birch","Acer rubrum L.","red maple","Aceraceae","tree","rubrum",0.744,"hw2",-1.9123,2.3651,"AceraceaeBelow0.50spg","hardwood","Hardwood",0.44,-2.047,2.3852,0.21103,0.95964,NA,"Good",NA,NA,0.745260186545236
"Acer","ACRU","NEON.PLA.D05.TREE.03488","TREE_044","TREE","D05",2018-10-16,"Live","sapling",NA,NA,10,1.3,NA,1.7,NA,"Acer rubrum L.",NA,NA,"2018",316,"soft maple/birch","Acer rubrum L.","red maple","Aceraceae","tree","rubrum",0.744,"hw2",-1.9123,2.3651,"AceraceaeBelow0.50spg","hardwood","Hardwood",0.44,-2.047,2.3852,0.21103,0.95964,NA,"Good",NA,NA,0.751596594039943
"Acer","ACRU","NEON.PLA.D05.TREE.03488","TREE_044","TREE","D05",2017-10-17,"Live","sapling",NA,NA,10,2.1,NA,1.4,NA,"Acer rubrum L.",NA,NA,"2017",316,"soft maple/birch","Acer rubrum L.","red maple","Aceraceae","tree","rubrum",0.744,"hw2",-1.9123,2.3651,"AceraceaeBelow0.50spg","hardwood","Hardwood",0.44,-2.047,2.3852,0.21103,0.95964,NA,"Good",NA,NA,0.820388075625541
"Acer","ACRU","NEON.PLA.D05.TREE.01250","TREE_043","TREE","D05",2017-10-17,"Live","sapling",NA,NA,10,2.1,NA,1.5,NA,"Acer rubrum L.",NA,NA,"2017",316,"soft maple/birch","Acer rubrum L.","red maple","Aceraceae","tree","rubrum",0.744,"hw2",-1.9123,2.3651,"AceraceaeBelow0.50spg","hardwood","Hardwood",0.44,-2.047,2.3852,0.21103,0.95964,NA,"Good",NA,NA,0.936541776104636
"Acer","ACRU","NEON.PLA.D05.TREE.03187","TREE_045","TREE","D05",2016-10-18,"Live","sapling",NA,NA,10,0.5,NA,1,NA,"Acer rubrum L.",NA,NA,"2016",316,"soft maple/birch","Acer rubrum L.","red maple","Aceraceae","tree","rubrum",0.744,"hw2",-1.9123,2.3651,"AceraceaeBelow0.50spg","hardwood","Hardwood",0.44,-2.047,2.3852,0.21103,0.95964,NA,"Good",NA,NA,0.108508503492437
"Acer","ACRU","NEON.PLA.D05.TREE.01879","TREE_019","TREE","D05",2019-10-30,"Live","sapling",NA,NA,10,1,NA,1,NA,"Acer rubrum L.",NA,NA,"2019",316,"soft maple/birch","Acer rubrum L.","red maple","Aceraceae","tree","rubrum",0.744,"hw2",-1.9123,2.3651,"AceraceaeBelow0.50spg","hardwood","Hardwood",0.44,-2.047,2.3852,0.21103,0.95964,NA,"Good",NA,NA,0.21103
"Acer","ACRU","NEON.PLA.D05.TREE.02911","TREE_001","TREE","D05",2017-10-25,"Live","sapling",NA,NA,10,1.8,NA,1.1,NA,"Acer rubrum L.",NA,NA,"2017",316,"soft maple/birch","Acer rubrum L.","red maple","Aceraceae","tree","rubrum",0.744,"hw2",-1.9123,2.3651,"AceraceaeBelow0.50spg","hardwood","Hardwood",0.44,-2.047,2.3852,0.21103,0.95964,NA,"Good",NA,NA,0.445408046509838
"Acer","ACRU","NEON.PLA.D05.TREE.03774","TREE_002","TREE","D05",2018-05-07,"Live,  other damage","sapling",NA,NA,10,1.3,NA,1.3,NA,"Acer rubrum L.",NA,NA,"2018",316,"soft maple/birch","Acer rubrum L.","red maple","Aceraceae","tree","rubrum",0.744,"hw2",-1.9123,2.3651,"AceraceaeBelow0.50spg","hardwood","Hardwood",0.44,-2.047,2.3852,0.21103,0.95964,NA,"Good",NA,NA,0.449136132281038
"Acer","ACRU","NEON.PLA.D05.TREE.03775","TREE_002","TREE","D05",2019-10-08,"Live","sapling",NA,NA,10,1.4,NA,1,NA,"Acer rubrum L.",NA,NA,"2019",316,"soft maple/birch","Acer rubrum L.","red maple","Aceraceae","tree","rubrum",0.744,"hw2",-1.9123,2.3651,"AceraceaeBelow0.50spg","hardwood","Hardwood",0.44,-2.047,2.3852,0.21103,0.95964,NA,"Good",NA,NA,0.291457011241625
"Acer","ACRU","NEON.PLA.D05.TREE.02915","TREE_001","TREE","D05",2017-10-25,"Live","sapling",NA,NA,10,2.2,NA,1.2,NA,"Acer rubrum L.",NA,NA,"2017",316,"soft maple/birch","Acer rubrum L.","red maple","Aceraceae","tree","rubrum",0.744,"hw2",-1.9123,2.3651,"AceraceaeBelow0.50spg","hardwood","Hardwood",0.44,-2.047,2.3852,0.21103,0.95964,NA,"Good",NA,NA,0.638142518921416
"Acer","ACRU","NEON.PLA.D05.TREE.02918","TREE_001","TREE","D05",2017-10-25,"Live","sapling",NA,NA,10,1.5,NA,1,NA,"Acer rubrum L.",NA,NA,"2017",316,"soft maple/birch","Acer rubrum L.","red maple","Aceraceae","tree","rubrum",0.744,"hw2",-1.9123,2.3651,"AceraceaeBelow0.50spg","hardwood","Hardwood",0.44,-2.047,2.3852,0.21103,0.95964,NA,"Good",NA,NA,0.311407031618826
"Acer","ACRU","NEON.PLA.D05.TREE.02919","TREE_001","TREE","D05",2019-10-07,"Live","sapling",NA,NA,10,2.5,NA,1.4,NA,"Acer rubrum L.",NA,NA,"2019",316,"soft maple/birch","Acer rubrum L.","red maple","Aceraceae","tree","rubrum",0.744,"hw2",-1.9123,2.3651,"AceraceaeBelow0.50spg","hardwood","Hardwood",0.44,-2.047,2.3852,0.21103,0.95964,NA,"Good",NA,NA,0.969803986886103
"Acer","ACRU","NEON.PLA.D05.TREE.02927","TREE_001","TREE","D05",2019-10-07,"Live","sapling",NA,NA,10,2.3,NA,1.3,NA,"Acer rubrum L.",NA,NA,"2019",316,"soft maple/birch","Acer rubrum L.","red maple","Aceraceae","tree","rubrum",0.744,"hw2",-1.9123,2.3651,"AceraceaeBelow0.50spg","hardwood","Hardwood",0.44,-2.047,2.3852,0.21103,0.95964,NA,"Good",NA,NA,0.776536540710387
"Acer","ACRU","NEON.PLA.D05.TREE.01018","TREE_043","TREE","D05",2019-10-23,"Live","sapling",NA,NA,10,3.3,NA,1.3,NA,"Acer rubrum L.",NA,NA,"2019",316,"soft maple/birch","Acer rubrum L.","red maple","Aceraceae","tree","rubrum",0.744,"hw2",-1.9123,2.3651,"AceraceaeBelow0.50spg","hardwood","Hardwood",0.44,-2.047,2.3852,0.21103,0.95964,NA,"Good",NA,NA,1.09804493607187
"Acer","ACRU","NEON.PLA.D05.TREE.01018","TREE_043","TREE","D05",2018-10-15,"Live","sapling",NA,NA,10,2.1,NA,1.3,NA,"Acer rubrum L.",NA,NA,"2018",316,"soft maple/birch","Acer rubrum L.","red maple","Aceraceae","tree","rubrum",0.744,"hw2",-1.9123,2.3651,"AceraceaeBelow0.50spg","hardwood","Hardwood",0.44,-2.047,2.3852,0.21103,0.95964,NA,"Good",NA,NA,0.71161963094928
"Acer","ACRU","NEON.PLA.D05.TREE.03835","TREE_019","TREE","D05",2017-10-23,"Live","sapling",NA,NA,10,2.5,NA,1.2,NA,"Acer rubrum L.",NA,NA,"2017",316,"soft maple/birch","Acer rubrum L.","red maple","Aceraceae","tree","rubrum",0.744,"hw2",-1.9123,2.3651,"AceraceaeBelow0.50spg","hardwood","Hardwood",0.44,-2.047,2.3852,0.21103,0.95964,NA,"Good",NA,NA,0.721430220406483
"Acer","ACRU","NEON.PLA.D05.TREE.02006","TREE_019","TREE","D05",2017-10-23,"Live","sapling",NA,NA,10,1.3,NA,1.4,NA,"Acer rubrum L.",NA,NA,"2017",316,"soft maple/birch","Acer rubrum L.","red maple","Aceraceae","tree","rubrum",0.744,"hw2",-1.9123,2.3651,"AceraceaeBelow0.50spg","hardwood","Hardwood",0.44,-2.047,2.3852,0.21103,0.95964,NA,"Good",NA,NA,0.517784939075411
"Acer","ACRU","NEON.PLA.D05.TREE.02031","TREE_018","TREE","D05",2018-04-25,"Live, physically damaged","sapling",NA,NA,10,NA,NA,1.6,NA,"Acer rubrum L.",NA,NA,"2018",316,"soft maple/birch","Acer rubrum L.","red maple","Aceraceae","tree","rubrum",0.744,"hw2",-1.9123,2.3651,"AceraceaeBelow0.50spg","hardwood","Hardwood",0.44,-2.047,2.3852,0.21103,0.95964,NA,"Check",NA,NA,NA
"Acer","ACRU","NEON.PLA.D05.TREE.02033","TREE_018","TREE","D05",2018-04-25,"Live, physically damaged","sapling",NA,NA,10,NA,NA,0.1,NA,"Acer rubrum L.",NA,NA,"2018",316,"soft maple/birch","Acer rubrum L.","red maple","Aceraceae","tree","rubrum",0.744,"hw2",-1.9123,2.3651,"AceraceaeBelow0.50spg","hardwood","Hardwood",0.44,-2.047,2.3852,0.21103,0.95964,NA,"Check",NA,NA,NA
"Acer","ACRU","NEON.PLA.D05.TREE.02978","TREE_009","TREE","D05",2017-10-26,"Live","sapling",NA,NA,10,2.2,NA,1.7,NA,"Acer rubrum L.",NA,NA,"2017",316,"soft maple/birch","Acer rubrum L.","red maple","Aceraceae","tree","rubrum",0.744,"hw2",-1.9123,2.3651,"AceraceaeBelow0.50spg","hardwood","Hardwood",0.44,-2.047,2.3852,0.21103,0.95964,NA,"Good",NA,NA,1.24521030518752
"Acer","ACRU","NEON.PLA.D05.TREE.02979","TREE_009","TREE","D05",2017-10-26,"Live","sapling",NA,NA,10,2,NA,1.2,NA,"Acer rubrum L.",NA,NA,"2017",316,"soft maple/birch","Acer rubrum L.","red maple","Aceraceae","tree","rubrum",0.744,"hw2",-1.9123,2.3651,"AceraceaeBelow0.50spg","hardwood","Hardwood",0.44,-2.047,2.3852,0.21103,0.95964,NA,"Good",NA,NA,0.582365455652737
"Acer","ACRU","NEON.PLA.D05.TREE.02385","TREE_019","TREE","D05",2017-10-23,"Live","sapling",NA,NA,10,2.1,NA,1.3,NA,"Acer rubrum L.",NA,NA,"2017",316,"soft maple/birch","Acer rubrum L.","red maple","Aceraceae","tree","rubrum",0.744,"hw2",-1.9123,2.3651,"AceraceaeBelow0.50spg","hardwood","Hardwood",0.44,-2.047,2.3852,0.21103,0.95964,NA,"Good",NA,NA,0.71161963094928
"Acer","ACRU","NEON.PLA.D05.TREE.03374","TREE_040","TREE","D05",2019-10-23,"Live","sapling",NA,NA,10,1.5,NA,1.3,NA,"Acer rubrum L.",NA,NA,"2019",316,"soft maple/birch","Acer rubrum L.","red maple","Aceraceae","tree","rubrum",0.744,"hw2",-1.9123,2.3651,"AceraceaeBelow0.50spg","hardwood","Hardwood",0.44,-2.047,2.3852,0.21103,0.95964,NA,"Good",NA,NA,0.515249539132648
"Acer","ACRU","NEON.PLA.D05.TREE.03080","TREE_010","TREE","D05",2019-10-10,"Live","sapling",NA,NA,10,1.6,NA,1.1,NA,"Acer rubrum L.",NA,NA,"2019",316,"soft maple/birch","Acer rubrum L.","red maple","Aceraceae","tree","rubrum",0.744,"hw2",-1.9123,2.3651,"AceraceaeBelow0.50spg","hardwood","Hardwood",0.44,-2.047,2.3852,0.21103,0.95964,NA,"Good",NA,NA,0.397804830000992
"Acer","ACRU","NEON.PLA.D05.TREE.03179","TREE_043","TREE","D05",2018-10-15,"Live","sapling",NA,NA,10,1.8,NA,1.3,NA,"Acer rubrum L.",NA,NA,"2018",316,"soft maple/birch","Acer rubrum L.","red maple","Aceraceae","tree","rubrum",0.744,"hw2",-1.9123,2.3651,"AceraceaeBelow0.50spg","hardwood","Hardwood",0.44,-2.047,2.3852,0.21103,0.95964,NA,"Good",NA,NA,0.613766390393776
"Acer","ACRU","NEON.PLA.D05.TREE.03394","TREE_002","TREE","D05",2019-10-08,"Live","sapling",NA,NA,10,1.3,NA,1,NA,"Acer rubrum L.",NA,NA,"2019",316,"soft maple/birch","Acer rubrum L.","red maple","Aceraceae","tree","rubrum",0.744,"hw2",-1.9123,2.3651,"AceraceaeBelow0.50spg","hardwood","Hardwood",0.44,-2.047,2.3852,0.21103,0.95964,NA,"Good",NA,NA,0.27144934468421
"Acer","ACRU","NEON.PLA.D05.TREE.03180","TREE_043","TREE","D05",2018-10-15,"Live","sapling",NA,NA,10,1.7,NA,1.7,NA,"Acer rubrum L.",NA,NA,"2018",316,"soft maple/birch","Acer rubrum L.","red maple","Aceraceae","tree","rubrum",0.744,"hw2",-1.9123,2.3651,"AceraceaeBelow0.50spg","hardwood","Hardwood",0.44,-2.047,2.3852,0.21103,0.95964,NA,"Good",NA,NA,0.972272959931775
"Acer","ACRU","NEON.PLA.D05.TREE.02407","TREE_012","TREE","D05",2019-10-17,"Live","sapling",NA,NA,10,1.5,NA,1.3,NA,"Acer rubrum L.",NA,NA,"2019",316,"soft maple/birch","Acer rubrum L.","red maple","Aceraceae","tree","rubrum",0.744,"hw2",-1.9123,2.3651,"AceraceaeBelow0.50spg","hardwood","Hardwood",0.44,-2.047,2.3852,0.21103,0.95964,NA,"Good",NA,NA,0.515249539132648
"Acer","ACRU","NEON.PLA.D05.TREE.00744","TREE_025","TREE","D05",2018-10-17,"Standing dead","sapling",NA,NA,10,1.4,NA,1.1,NA,"Acer rubrum L.",NA,NA,"2018",316,"soft maple/birch","Acer rubrum L.","red maple","Aceraceae","tree","rubrum",0.744,"hw2",-1.9123,2.3651,"AceraceaeBelow0.50spg","hardwood","Hardwood",0.44,-2.047,2.3852,0.21103,0.95964,NA,"Good",NA,NA,0.349960203072112
"Acer","ACRU","NEON.PLA.D05.TREE.00744","TREE_025","TREE","D05",2017-10-18,"Live, broken bole","sapling",NA,NA,10,1.3,NA,1.4,NA,"Acer rubrum L.",NA,NA,"2017",316,"soft maple/birch","Acer rubrum L.","red maple","Aceraceae","tree","rubrum",0.744,"hw2",-1.9123,2.3651,"AceraceaeBelow0.50spg","hardwood","Hardwood",0.44,-2.047,2.3852,0.21103,0.95964,NA,"Good",NA,NA,0.517784939075411
"Acer","ACRU","NEON.PLA.D05.TREE.00744","TREE_025","TREE","D05",2017-10-18,"Live","sapling",NA,NA,10,NA,NA,1,NA,"Acer rubrum L.",NA,NA,"2017",316,"soft maple/birch","Acer rubrum L.","red maple","Aceraceae","tree","rubrum",0.744,"hw2",-1.9123,2.3651,"AceraceaeBelow0.50spg","hardwood","Hardwood",0.44,-2.047,2.3852,0.21103,0.95964,NA,"Check",NA,NA,NA
"Acer","ACRU","NEON.PLA.D05.TREE.03018","TREE_018","TREE","D05",2018-04-25,"Live, physically damaged","sapling",NA,NA,10,NA,NA,1.2,NA,"Acer rubrum L.",NA,NA,"2018",316,"soft maple/birch","Acer rubrum L.","red maple","Aceraceae","tree","rubrum",0.744,"hw2",-1.9123,2.3651,"AceraceaeBelow0.50spg","hardwood","Hardwood",0.44,-2.047,2.3852,0.21103,0.95964,NA,"Check",NA,NA,NA
"Acer","ACRU","NEON.PLA.D05.TREE.03019","TREE_018","TREE","D05",2018-04-25,"Live, physically damaged","sapling",NA,NA,10,NA,NA,1.1,NA,"Acer rubrum L.",NA,NA,"2018",316,"soft maple/birch","Acer rubrum L.","red maple","Aceraceae","tree","rubrum",0.744,"hw2",-1.9123,2.3651,"AceraceaeBelow0.50spg","hardwood","Hardwood",0.44,-2.047,2.3852,0.21103,0.95964,NA,"Check",NA,NA,NA
"Acer","ACRU","NEON.PLA.D05.TREE.03052","TREE_012","TREE","D05",2019-10-17,"Live","sapling",NA,NA,10,1.6,NA,1.2,NA,"Acer rubrum L.",NA,NA,"2019",316,"soft maple/birch","Acer rubrum L.","red maple","Aceraceae","tree","rubrum",0.744,"hw2",-1.9123,2.3651,"AceraceaeBelow0.50spg","hardwood","Hardwood",0.44,-2.047,2.3852,0.21103,0.95964,NA,"Good",NA,NA,0.470107176473047
"Acer","ACRU","NEON.PLA.D05.TREE.02421","TREE_012","TREE","D05",2019-10-17,"Live","sapling",NA,NA,10,2,NA,1.6,NA,"Acer rubrum L.",NA,NA,"2019",316,"soft maple/birch","Acer rubrum L.","red maple","Aceraceae","tree","rubrum",0.744,"hw2",-1.9123,2.3651,"AceraceaeBelow0.50spg","hardwood","Hardwood",0.44,-2.047,2.3852,0.21103,0.95964,NA,"Good",NA,NA,1.01155156024839
"Acer","ACRU","NEON.PLA.D05.TREE.03031","TREE_012","TREE","D05",2017-10-30,"Live","sapling",NA,NA,10,1.6,NA,1.2,NA,"Acer rubrum L.",NA,NA,"2017",316,"soft maple/birch","Acer rubrum L.","red maple","Aceraceae","tree","rubrum",0.744,"hw2",-1.9123,2.3651,"AceraceaeBelow0.50spg","hardwood","Hardwood",0.44,-2.047,2.3852,0.21103,0.95964,NA,"Good",NA,NA,0.470107176473047
"Acer","ACRU","NEON.PLA.D05.TREE.03031","TREE_012","TREE","D05",2019-10-17,"Live","sapling",NA,NA,10,1.4,NA,1,NA,"Acer rubrum L.",NA,NA,"2019",316,"soft maple/birch","Acer rubrum L.","red maple","Aceraceae","tree","rubrum",0.744,"hw2",-1.9123,2.3651,"AceraceaeBelow0.50spg","hardwood","Hardwood",0.44,-2.047,2.3852,0.21103,0.95964,NA,"Good",NA,NA,0.291457011241625
"Acer","ACRU","NEON.PLA.D05.TREE.03032","TREE_012","TREE","D05",2019-10-17,"Live","sapling",NA,NA,10,0.9,NA,1.1,NA,"Acer rubrum L.",NA,NA,"2019",316,"soft maple/birch","Acer rubrum L.","red maple","Aceraceae","tree","rubrum",0.744,"hw2",-1.9123,2.3651,"AceraceaeBelow0.50spg","hardwood","Hardwood",0.44,-2.047,2.3852,0.21103,0.95964,NA,"Good",NA,NA,0.229022227030622
"Acer","ACRU","NEON.PLA.D05.TREE.03032","TREE_012","TREE","D05",2017-10-30,"Live","sapling",NA,NA,10,0.9,NA,1.2,NA,"Acer rubrum L.",NA,NA,"2017",316,"soft maple/birch","Acer rubrum L.","red maple","Aceraceae","tree","rubrum",0.744,"hw2",-1.9123,2.3651,"AceraceaeBelow0.50spg","hardwood","Hardwood",0.44,-2.047,2.3852,0.21103,0.95964,NA,"Good",NA,NA,0.270647775942454
"Acer","ACRU","NEON.PLA.D05.TREE.02117","TREE_019","TREE","D05",2017-10-23,"Live","sapling",NA,NA,10,2.3,NA,1.3,NA,"Acer rubrum L.",NA,NA,"2017",316,"soft maple/birch","Acer rubrum L.","red maple","Aceraceae","tree","rubrum",0.744,"hw2",-1.9123,2.3651,"AceraceaeBelow0.50spg","hardwood","Hardwood",0.44,-2.047,2.3852,0.21103,0.95964,NA,"Good",NA,NA,0.776536540710387
"Acer","ACRU","NEON.PLA.D05.TREE.02426","TREE_012","TREE","D05",2017-10-30,"Live","sapling",NA,NA,10,1.8,NA,1.6,NA,"Acer rubrum L.",NA,NA,"2017",316,"soft maple/birch","Acer rubrum L.","red maple","Aceraceae","tree","rubrum",0.744,"hw2",-1.9123,2.3651,"AceraceaeBelow0.50spg","hardwood","Hardwood",0.44,-2.047,2.3852,0.21103,0.95964,NA,"Good",NA,NA,0.914275971541919
"Acer","ACRU","NEON.PLA.D05.TREE.02427","TREE_012","TREE","D05",2019-10-17,"Live","sapling",NA,NA,12,1.6,NA,1.1,NA,"Acer rubrum L.",NA,NA,"2019",316,"soft maple/birch","Acer rubrum L.","red maple","Aceraceae","tree","rubrum",0.744,"hw2",-1.9123,2.3651,"AceraceaeBelow0.50spg","hardwood","Hardwood",0.44,-2.047,2.3852,0.21103,0.95964,NA,"Good",NA,NA,0.397804830000992
"Acer","ACRU","NEON.PLA.D05.TREE.03039","TREE_012","TREE","D05",2019-10-17,"Live","sapling",NA,NA,10,1.8,NA,1,NA,"Acer rubrum L.",NA,NA,"2019",316,"soft maple/birch","Acer rubrum L.","red maple","Aceraceae","tree","rubrum",0.744,"hw2",-1.9123,2.3651,"AceraceaeBelow0.50spg","hardwood","Hardwood",0.44,-2.047,2.3852,0.21103,0.95964,NA,"Good",NA,NA,0.370948744683344
"Acer","ACRU","NEON.PLA.D05.TREE.02432","TREE_012","TREE","D05",2017-10-30,"Live","sapling",NA,NA,10,1.6,NA,1.5,NA,"Acer rubrum L.",NA,NA,"2017",316,"soft maple/birch","Acer rubrum L.","red maple","Aceraceae","tree","rubrum",0.744,"hw2",-1.9123,2.3651,"AceraceaeBelow0.50spg","hardwood","Hardwood",0.44,-2.047,2.3852,0.21103,0.95964,NA,"Good",NA,NA,0.721430220406483
"Acer","ACRU","NEON.PLA.D05.TREE.02432","TREE_012","TREE","D05",2019-10-17,"Live","sapling",NA,NA,10,1.4,NA,1.3,NA,"Acer rubrum L.",NA,NA,"2019",316,"soft maple/birch","Acer rubrum L.","red maple","Aceraceae","tree","rubrum",0.744,"hw2",-1.9123,2.3651,"AceraceaeBelow0.50spg","hardwood","Hardwood",0.44,-2.047,2.3852,0.21103,0.95964,NA,"Good",NA,NA,0.48224052597195
"Acer","ACRU","NEON.PLA.D05.TREE.02435","TREE_012","TREE","D05",2019-10-17,"Live","sapling",NA,NA,10,2.2,NA,1.2,NA,"Acer rubrum L.",NA,NA,"2019",316,"soft maple/birch","Acer rubrum L.","red maple","Aceraceae","tree","rubrum",0.744,"hw2",-1.9123,2.3651,"AceraceaeBelow0.50spg","hardwood","Hardwood",0.44,-2.047,2.3852,0.21103,0.95964,NA,"Good",NA,NA,0.638142518921416
"Acer","ACRU","NEON.PLA.D05.TREE.03048","TREE_012","TREE","D05",2019-10-17,"Standing dead","sapling",NA,NA,10,0.7,NA,1.1,NA,"Acer rubrum L.",NA,NA,"2019",316,"soft maple/birch","Acer rubrum L.","red maple","Aceraceae","tree","rubrum",0.744,"hw2",-1.9123,2.3651,"AceraceaeBelow0.50spg","hardwood","Hardwood",0.44,-2.047,2.3852,0.21103,0.95964,NA,"Good",NA,NA,0.179944358229939
"Acer","ACRU","NEON.PLA.D05.TREE.02440","TREE_012","TREE","D05",2017-10-30,"Live","sapling",NA,NA,10,2.1,NA,2,NA,"Acer rubrum L.",NA,NA,"2017",316,"soft maple/birch","Acer rubrum L.","red maple","Aceraceae","tree","rubrum",0.744,"hw2",-1.9123,2.3651,"AceraceaeBelow0.50spg","hardwood","Hardwood",0.44,-2.047,2.3852,0.21103,0.95964,NA,"Good",NA,NA,1.62674534634718
"Acer","ACRU","NEON.PLA.D05.TREE.02441","TREE_012","TREE","D05",2019-10-17,"Live","sapling",NA,NA,10,2.7,NA,1.9,NA,"Acer rubrum L.",NA,NA,"2019",316,"soft maple/birch","Acer rubrum L.","red maple","Aceraceae","tree","rubrum",0.744,"hw2",-1.9123,2.3651,"AceraceaeBelow0.50spg","hardwood","Hardwood",0.44,-2.047,2.3852,0.21103,0.95964,NA,"Good",NA,NA,1.87630887506153
"Acer","ACRU","NEON.PLA.D05.TREE.03388","TREE_002","TREE","D05",2019-10-08,"Live","sapling",NA,NA,10,1.4,NA,1.1,NA,"Acer rubrum L.",NA,NA,"2019",316,"soft maple/birch","Acer rubrum L.","red maple","Aceraceae","tree","rubrum",0.744,"hw2",-1.9123,2.3651,"AceraceaeBelow0.50spg","hardwood","Hardwood",0.44,-2.047,2.3852,0.21103,0.95964,NA,"Good",NA,NA,0.349960203072112
"Acer","ACRU","NEON.PLA.D05.TREE.03052","TREE_012","TREE","D05",2017-10-30,"Live","sapling",NA,NA,10,1.7,NA,1.1,NA,"Acer rubrum L.",NA,NA,"2017",316,"soft maple/birch","Acer rubrum L.","red maple","Aceraceae","tree","rubrum",0.744,"hw2",-1.9123,2.3651,"AceraceaeBelow0.50spg","hardwood","Hardwood",0.44,-2.047,2.3852,0.21103,0.95964,NA,"Good",NA,NA,0.421634708797526
"Acer","ACRU","NEON.PLA.D05.TREE.03053","TREE_012","TREE","D05",2017-10-30,"Live","sapling",NA,NA,10,2,NA,1.2,NA,"Acer rubrum L.",NA,NA,"2017",316,"soft maple/birch","Acer rubrum L.","red maple","Aceraceae","tree","rubrum",0.744,"hw2",-1.9123,2.3651,"AceraceaeBelow0.50spg","hardwood","Hardwood",0.44,-2.047,2.3852,0.21103,0.95964,NA,"Good",NA,NA,0.582365455652737
"Acer","ACRU","NEON.PLA.D05.TREE.03053","TREE_012","TREE","D05",2019-10-17,"Live","sapling",NA,NA,10,1.8,NA,1.2,NA,"Acer rubrum L.",NA,NA,"2019",316,"soft maple/birch","Acer rubrum L.","red maple","Aceraceae","tree","rubrum",0.744,"hw2",-1.9123,2.3651,"AceraceaeBelow0.50spg","hardwood","Hardwood",0.44,-2.047,2.3852,0.21103,0.95964,NA,"Good",NA,NA,0.526362435374636
"Acer","ACRU","NEON.PLA.D05.TREE.03055","TREE_012","TREE","D05",2019-10-17,"Live","sapling",NA,NA,10,1.5,NA,1.4,NA,"Acer rubrum L.",NA,NA,"2019",316,"soft maple/birch","Acer rubrum L.","red maple","Aceraceae","tree","rubrum",0.744,"hw2",-1.9123,2.3651,"AceraceaeBelow0.50spg","hardwood","Hardwood",0.44,-2.047,2.3852,0.21103,0.95964,NA,"Good",NA,NA,0.594003537131352
"Acer","ACRU","NEON.PLA.D05.TREE.03057","TREE_012","TREE","D05",2017-10-30,"Live","sapling",NA,NA,10,2.2,NA,1.7,NA,"Acer rubrum L.",NA,NA,"2017",316,"soft maple/birch","Acer rubrum L.","red maple","Aceraceae","tree","rubrum",0.744,"hw2",-1.9123,2.3651,"AceraceaeBelow0.50spg","hardwood","Hardwood",0.44,-2.047,2.3852,0.21103,0.95964,NA,"Good",NA,NA,1.24521030518752
"Acer","ACRU","NEON.PLA.D05.TREE.03062","TREE_009","TREE","D05",2017-10-26,"Live","sapling",NA,NA,10,1.6,NA,1.2,NA,"Acer rubrum L.",NA,NA,"2017",316,"soft maple/birch","Acer rubrum L.","red maple","Aceraceae","tree","rubrum",0.744,"hw2",-1.9123,2.3651,"AceraceaeBelow0.50spg","hardwood","Hardwood",0.44,-2.047,2.3852,0.21103,0.95964,NA,"Good",NA,NA,0.470107176473047
"Acer","ACRU","NEON.PLA.D05.TREE.02457","TREE_012","TREE","D05",2017-10-30,"Live","sapling",NA,NA,10,2.1,NA,1.7,NA,"Acer rubrum L.",NA,NA,"2017",316,"soft maple/birch","Acer rubrum L.","red maple","Aceraceae","tree","rubrum",0.744,"hw2",-1.9123,2.3651,"AceraceaeBelow0.50spg","hardwood","Hardwood",0.44,-2.047,2.3852,0.21103,0.95964,NA,"Good",NA,NA,1.19084360493795
"Acer","ACRU","NEON.PLA.D05.TREE.03374","TREE_040","TREE","D05",2021-10-05,"Live","sapling","Full shade",NA,10,1.6,NA,1.3,NA,"Acer rubrum L.",NA,NA,"2021",316,"soft maple/birch","Acer rubrum L.","red maple","Aceraceae","tree","rubrum",0.744,"hw2",-1.9123,2.3651,"AceraceaeBelow0.50spg","hardwood","Hardwood",0.44,-2.047,2.3852,0.21103,0.95964,NA,"Good",NA,NA,0.548169788363996
"Acer","ACRU","NEON.PLA.D05.TREE.03997","TREE_010","TREE","D05",2019-10-10,"Live,  other damage","sapling",NA,NA,10,1.2,NA,1.1,NA,"Acer rubrum L.",NA,NA,"2019",316,"soft maple/birch","Acer rubrum L.","red maple","Aceraceae","tree","rubrum",0.744,"hw2",-1.9123,2.3651,"AceraceaeBelow0.50spg","hardwood","Hardwood",0.44,-2.047,2.3852,0.21103,0.95964,NA,"Good",NA,NA,0.301837950049965
"Acer","ACRU","NEON.PLA.D05.TREE.03374","TREE_040","TREE","D05",2020-09-29,"Live","sapling","Full shade",NA,10,1.6,NA,1.2,NA,"Acer rubrum L.",NA,NA,"2020",316,"soft maple/birch","Acer rubrum L.","red maple","Aceraceae","tree","rubrum",0.744,"hw2",-1.9123,2.3651,"AceraceaeBelow0.50spg","hardwood","Hardwood",0.44,-2.047,2.3852,0.21103,0.95964,NA,"Good",NA,NA,0.470107176473047
"Acer","ACRU","NEON.PLA.D05.TREE.03080","TREE_010","TREE","D05",2017-10-24,"Live","sapling",NA,NA,10,1.5,NA,1.1,NA,"Acer rubrum L.",NA,NA,"2017",316,"soft maple/birch","Acer rubrum L.","red maple","Aceraceae","tree","rubrum",0.744,"hw2",-1.9123,2.3651,"AceraceaeBelow0.50spg","hardwood","Hardwood",0.44,-2.047,2.3852,0.21103,0.95964,NA,"Good",NA,NA,0.37391472436757
"Acer","ACRU","NEON.PLA.D05.TREE.05065","TREE_018","TREE","D05",2019-10-30,"Live","sapling",NA,NA,15,1.9,NA,1.1,NA,"Acer rubrum L.",NA,NA,"2019",316,"soft maple/birch","Acer rubrum L.","red maple","Aceraceae","tree","rubrum",0.744,"hw2",-1.9123,2.3651,"AceraceaeBelow0.50spg","hardwood","Hardwood",0.44,-2.047,2.3852,0.21103,0.95964,NA,"Good",NA,NA,0.469128110886256
"Acer","ACRU","NEON.PLA.D05.TREE.05066","TREE_018","TREE","D05",2019-10-30,"Live","sapling",NA,NA,15,1.8,NA,1,NA,"Acer rubrum L.",NA,NA,"2019",316,"soft maple/birch","Acer rubrum L.","red maple","Aceraceae","tree","rubrum",0.744,"hw2",-1.9123,2.3651,"AceraceaeBelow0.50spg","hardwood","Hardwood",0.44,-2.047,2.3852,0.21103,0.95964,NA,"Good",NA,NA,0.370948744683344
"Acer","ACRU","NEON.PLA.D05.TREE.05071","TREE_018","TREE","D05",2019-10-30,"Live","sapling",NA,NA,10,2.3,NA,1.3,NA,"Acer rubrum L.",NA,NA,"2019",316,"soft maple/birch","Acer rubrum L.","red maple","Aceraceae","tree","rubrum",0.744,"hw2",-1.9123,2.3651,"AceraceaeBelow0.50spg","hardwood","Hardwood",0.44,-2.047,2.3852,0.21103,0.95964,NA,"Good",NA,NA,0.776536540710387
"Acer","ACRU","NEON.PLA.D05.TREE.03387","TREE_002","TREE","D05",2019-10-08,"Live","sapling",NA,NA,10,1.8,NA,1,NA,"Acer rubrum L.",NA,NA,"2019",316,"soft maple/birch","Acer rubrum L.","red maple","Aceraceae","tree","rubrum",0.744,"hw2",-1.9123,2.3651,"AceraceaeBelow0.50spg","hardwood","Hardwood",0.44,-2.047,2.3852,0.21103,0.95964,NA,"Good",NA,NA,0.370948744683344
"Acer","ACRU","NEON.PLA.D05.TREE.03179","TREE_043","TREE","D05",2017-10-17,"Live","sapling",NA,NA,10,1.6,NA,1.2,NA,"Acer rubrum L.",NA,NA,"2017",316,"soft maple/birch","Acer rubrum L.","red maple","Aceraceae","tree","rubrum",0.744,"hw2",-1.9123,2.3651,"AceraceaeBelow0.50spg","hardwood","Hardwood",0.44,-2.047,2.3852,0.21103,0.95964,NA,"Good",NA,NA,0.470107176473047
"Acer","ACRU","NEON.PLA.D05.TREE.03180","TREE_043","TREE","D05",2017-10-17,"Live","sapling",NA,NA,10,2.2,NA,1.5,NA,"Acer rubrum L.",NA,NA,"2017",316,"soft maple/birch","Acer rubrum L.","red maple","Aceraceae","tree","rubrum",0.744,"hw2",-1.9123,2.3651,"AceraceaeBelow0.50spg","hardwood","Hardwood",0.44,-2.047,2.3852,0.21103,0.95964,NA,"Good",NA,NA,0.97929859639703
"Acer","ACRU","NEON.PLA.D05.TREE.03180","TREE_043","TREE","D05",2016-10-19,"Live","sapling",NA,NA,10,1.8,NA,1.2,NA,"Acer rubrum L.",NA,NA,"2016",316,"soft maple/birch","Acer rubrum L.","red maple","Aceraceae","tree","rubrum",0.744,"hw2",-1.9123,2.3651,"AceraceaeBelow0.50spg","hardwood","Hardwood",0.44,-2.047,2.3852,0.21103,0.95964,NA,"Good",NA,NA,0.526362435374636
"Acer","ACRU","NEON.PLA.D05.TREE.01521","TREE_012","TREE","D05",2019-10-17,"Live","sapling",NA,NA,10,1.2,NA,1.2,NA,"Acer rubrum L.",NA,NA,"2019",316,"soft maple/birch","Acer rubrum L.","red maple","Aceraceae","tree","rubrum",0.744,"hw2",-1.9123,2.3651,"AceraceaeBelow0.50spg","hardwood","Hardwood",0.44,-2.047,2.3852,0.21103,0.95964,NA,"Good",NA,NA,0.356697997985715
"Acer","ACRU","NEON.PLA.D05.TREE.03104","TREE_002","TREE","D05",2018-05-07,"Live","sapling",NA,NA,10,1,NA,1.2,NA,"Acer rubrum L.",NA,NA,"2018",316,"soft maple/birch","Acer rubrum L.","red maple","Aceraceae","tree","rubrum",0.744,"hw2",-1.9123,2.3651,"AceraceaeBelow0.50spg","hardwood","Hardwood",0.44,-2.047,2.3852,0.21103,0.95964,NA,"Good",NA,NA,0.299443700320189
"Acer","ACRU","NEON.PLA.D05.TREE.05172","TREE_048","TREE","D05",2021-09-23,"Live,  other damage","sapling","Full shade",NA,10,1,NA,1,NA,"Acer rubrum L.",NA,NA,"2021",316,"soft maple/birch","Acer rubrum L.","red maple","Aceraceae","tree","rubrum",0.744,"hw2",-1.9123,2.3651,"AceraceaeBelow0.50spg","hardwood","Hardwood",0.44,-2.047,2.3852,0.21103,0.95964,NA,"Good",NA,NA,0.21103
"Acer","ACRU","NEON.PLA.D05.TREE.05173","TREE_048","TREE","D05",2021-09-23,"Live","sapling","Partially shaded",NA,10,1.8,NA,1.2,NA,"Acer rubrum L.",NA,NA,"2021",316,"soft maple/birch","Acer rubrum L.","red maple","Aceraceae","tree","rubrum",0.744,"hw2",-1.9123,2.3651,"AceraceaeBelow0.50spg","hardwood","Hardwood",0.44,-2.047,2.3852,0.21103,0.95964,NA,"Good",NA,NA,0.526362435374636
"Acer","ACRU","NEON.PLA.D05.TREE.05175","TREE_048","TREE","D05",2021-09-23,"Live, broken bole","sapling","Full shade",NA,10,1.6,NA,1.4,NA,"Acer rubrum L.",NA,NA,"2021",316,"soft maple/birch","Acer rubrum L.","red maple","Aceraceae","tree","rubrum",0.744,"hw2",-1.9123,2.3651,"AceraceaeBelow0.50spg","hardwood","Hardwood",0.44,-2.047,2.3852,0.21103,0.95964,NA,"Good",NA,NA,0.631955525442849
"Acer","ACRU","NEON.PLA.D05.TREE.03107","TREE_002","TREE","D05",2019-10-08,"Live","sapling",NA,NA,10,1.5,NA,1.4,NA,"Acer rubrum L.",NA,NA,"2019",316,"soft maple/birch","Acer rubrum L.","red maple","Aceraceae","tree","rubrum",0.744,"hw2",-1.9123,2.3651,"AceraceaeBelow0.50spg","hardwood","Hardwood",0.44,-2.047,2.3852,0.21103,0.95964,NA,"Good",NA,NA,0.594003537131352
"Acer","ACRU","NEON.PLA.D05.TREE.03108","TREE_002","TREE","D05",2019-10-08,"Live","sapling",NA,NA,10,2,NA,1.8,NA,"Acer rubrum L.",NA,NA,"2019",316,"soft maple/birch","Acer rubrum L.","red maple","Aceraceae","tree","rubrum",0.744,"hw2",-1.9123,2.3651,"AceraceaeBelow0.50spg","hardwood","Hardwood",0.44,-2.047,2.3852,0.21103,0.95964,NA,"Good",NA,NA,1.26813076167565
"Acer","ACRU","NEON.PLA.D05.TREE.01086","TREE_043","TREE","D05",2016-10-19,"Live","sapling",NA,NA,10,1.5,NA,1.6,NA,"Acer rubrum L.",NA,NA,"2016",316,"soft maple/birch","Acer rubrum L.","red maple","Aceraceae","tree","rubrum",0.744,"hw2",-1.9123,2.3651,"AceraceaeBelow0.50spg","hardwood","Hardwood",0.44,-2.047,2.3852,0.21103,0.95964,NA,"Good",NA,NA,0.767523735984949
"Acer","ACRU","NEON.PLA.D05.TREE.03035","TREE_012","TREE","D05",2019-10-17,"Live","sapling",NA,NA,10,1.3,NA,1.2,NA,"Acer rubrum L.",NA,NA,"2019",316,"soft maple/birch","Acer rubrum L.","red maple","Aceraceae","tree","rubrum",0.744,"hw2",-1.9123,2.3651,"AceraceaeBelow0.50spg","hardwood","Hardwood",0.44,-2.047,2.3852,0.21103,0.95964,NA,"Good",NA,NA,0.385176497283468
"Acer","ACRU","NEON.PLA.D05.TREE.03035","TREE_012","TREE","D05",2017-10-30,"Live","sapling",NA,NA,10,1.4,NA,1.1,NA,"Acer rubrum L.",NA,NA,"2017",316,"soft maple/birch","Acer rubrum L.","red maple","Aceraceae","tree","rubrum",0.744,"hw2",-1.9123,2.3651,"AceraceaeBelow0.50spg","hardwood","Hardwood",0.44,-2.047,2.3852,0.21103,0.95964,NA,"Good",NA,NA,0.349960203072112
"Acer","ACRU","NEON.PLA.D05.TREE.01592","TREE_001","TREE","D05",2019-10-07,"Live","sapling",NA,NA,10,1.5,NA,1,NA,"Acer rubrum L.",NA,NA,"2019",316,"soft maple/birch","Acer rubrum L.","red maple","Aceraceae","tree","rubrum",0.744,"hw2",-1.9123,2.3651,"AceraceaeBelow0.50spg","hardwood","Hardwood",0.44,-2.047,2.3852,0.21103,0.95964,NA,"Good",NA,NA,0.311407031618826
"Acer","ACRU","NEON.PLA.D05.TREE.01176","TREE_043","TREE","D05",2017-10-17,"Live","sapling",NA,NA,10,2.5,NA,1.4,NA,"Acer rubrum L.",NA,NA,"2017",316,"soft maple/birch","Acer rubrum L.","red maple","Aceraceae","tree","rubrum",0.744,"hw2",-1.9123,2.3651,"AceraceaeBelow0.50spg","hardwood","Hardwood",0.44,-2.047,2.3852,0.21103,0.95964,NA,"Good",NA,NA,0.969803986886103
"Acer","ACRU","NEON.PLA.D05.TREE.03042","TREE_012","TREE","D05",2017-10-30,"Live","sapling",NA,NA,10,1,NA,1.3,NA,"Acer rubrum L.",NA,NA,"2017",316,"soft maple/birch","Acer rubrum L.","red maple","Aceraceae","tree","rubrum",0.744,"hw2",-1.9123,2.3651,"AceraceaeBelow0.50spg","hardwood","Hardwood",0.44,-2.047,2.3852,0.21103,0.95964,NA,"Good",NA,NA,0.349167164523941
"Acer","ACRU","NEON.PLA.D05.TREE.03148","TREE_018","TREE","D05",2019-10-30,"Live","sapling",NA,NA,10,1.8,NA,1.5,NA,"Acer rubrum L.",NA,NA,"2019",316,"soft maple/birch","Acer rubrum L.","red maple","Aceraceae","tree","rubrum",0.744,"hw2",-1.9123,2.3651,"AceraceaeBelow0.50spg","hardwood","Hardwood",0.44,-2.047,2.3852,0.21103,0.95964,NA,"Good",NA,NA,0.807759989147472
"Acer","ACRU","NEON.PLA.D05.TREE.03149","TREE_018","TREE","D05",2019-10-30,"Live","sapling",NA,NA,15,1.8,NA,1.4,NA,"Acer rubrum L.",NA,NA,"2019",316,"soft maple/birch","Acer rubrum L.","red maple","Aceraceae","tree","rubrum",0.744,"hw2",-1.9123,2.3651,"AceraceaeBelow0.50spg","hardwood","Hardwood",0.44,-2.047,2.3852,0.21103,0.95964,NA,"Good",NA,NA,0.707578326959719
"Acer","ACRU","NEON.PLA.D05.TREE.03152","TREE_018","TREE","D05",2018-04-25,"Live, physically damaged","sapling",NA,NA,10,NA,NA,1.1,NA,"Acer rubrum L.",NA,NA,"2018",316,"soft maple/birch","Acer rubrum L.","red maple","Aceraceae","tree","rubrum",0.744,"hw2",-1.9123,2.3651,"AceraceaeBelow0.50spg","hardwood","Hardwood",0.44,-2.047,2.3852,0.21103,0.95964,NA,"Check",NA,NA,NA
"Acer","ACRU","NEON.PLA.D05.TREE.03153","TREE_018","TREE","D05",2018-04-25,"Live, physically damaged","sapling",NA,NA,1,NA,NA,1.1,NA,"Acer rubrum L.",NA,NA,"2018",316,"soft maple/birch","Acer rubrum L.","red maple","Aceraceae","tree","rubrum",0.744,"hw2",-1.9123,2.3651,"AceraceaeBelow0.50spg","hardwood","Hardwood",0.44,-2.047,2.3852,0.21103,0.95964,NA,"Check",NA,NA,NA
"Acer","ACRU","NEON.PLA.D05.TREE.03729","TREE_012","TREE","D05",2019-10-17,"Live, physically damaged","sapling",NA,NA,10,1.6,NA,1.2,NA,"Acer rubrum L.",NA,NA,"2019",316,"soft maple/birch","Acer rubrum L.","red maple","Aceraceae","tree","rubrum",0.744,"hw2",-1.9123,2.3651,"AceraceaeBelow0.50spg","hardwood","Hardwood",0.44,-2.047,2.3852,0.21103,0.95964,NA,"Good",NA,NA,0.470107176473047
"Acer","ACRU","NEON.PLA.D05.TREE.03734","TREE_012","TREE","D05",2019-10-17,"Live","sapling",NA,NA,10,0.7,NA,1.1,NA,"Acer rubrum L.",NA,NA,"2019",316,"soft maple/birch","Acer rubrum L.","red maple","Aceraceae","tree","rubrum",0.744,"hw2",-1.9123,2.3651,"AceraceaeBelow0.50spg","hardwood","Hardwood",0.44,-2.047,2.3852,0.21103,0.95964,NA,"Good",NA,NA,0.179944358229939
"Acer","ACRU","NEON.PLA.D05.TREE.03735","TREE_012","TREE","D05",2019-10-17,"Live","sapling",NA,NA,10,1.7,NA,1.1,NA,"Acer rubrum L.",NA,NA,"2019",316,"soft maple/birch","Acer rubrum L.","red maple","Aceraceae","tree","rubrum",0.744,"hw2",-1.9123,2.3651,"AceraceaeBelow0.50spg","hardwood","Hardwood",0.44,-2.047,2.3852,0.21103,0.95964,NA,"Good",NA,NA,0.421634708797526
"Acer","ACRU","NEON.PLA.D05.TREE.03739","TREE_009","TREE","D05",2019-10-16,"Live","sapling",NA,NA,10,0.8,NA,1,NA,"Acer rubrum L.",NA,NA,"2019",316,"soft maple/birch","Acer rubrum L.","red maple","Aceraceae","tree","rubrum",0.744,"hw2",-1.9123,2.3651,"AceraceaeBelow0.50spg","hardwood","Hardwood",0.44,-2.047,2.3852,0.21103,0.95964,NA,"Good",NA,NA,0.17035130859524
"Acer","ACRU","NEON.PLA.D05.TREE.03467","TREE_002","TREE","D05",2019-10-08,"Live","sapling",NA,NA,10,1.4,NA,1.3,NA,"Acer rubrum L.",NA,NA,"2019",316,"soft maple/birch","Acer rubrum L.","red maple","Aceraceae","tree","rubrum",0.744,"hw2",-1.9123,2.3651,"AceraceaeBelow0.50spg","hardwood","Hardwood",0.44,-2.047,2.3852,0.21103,0.95964,NA,"Good",NA,NA,0.48224052597195
"Acer","ACRU","NEON.PLA.D05.TREE.02885","TREE_001","TREE","D05",2019-10-07,"Live, physically damaged","sapling",NA,NA,10,2,NA,1.5,NA,"Acer rubrum L.",NA,NA,"2019",316,"soft maple/birch","Acer rubrum L.","red maple","Aceraceae","tree","rubrum",0.744,"hw2",-1.9123,2.3651,"AceraceaeBelow0.50spg","hardwood","Hardwood",0.44,-2.047,2.3852,0.21103,0.95964,NA,"Good",NA,NA,0.893702670486171
"Acer","ACRU","NEON.PLA.D05.TREE.02418","TREE_012","TREE","D05",2017-10-30,"Live","sapling",NA,NA,10,1,NA,1.2,NA,"Acer rubrum L.",NA,NA,"2017",316,"soft maple/birch","Acer rubrum L.","red maple","Aceraceae","tree","rubrum",0.744,"hw2",-1.9123,2.3651,"AceraceaeBelow0.50spg","hardwood","Hardwood",0.44,-2.047,2.3852,0.21103,0.95964,NA,"Good",NA,NA,0.299443700320189
"Acer","ACRU","NEON.PLA.D05.TREE.02919","TREE_001","TREE","D05",2017-10-25,"Live","sapling",NA,NA,10,1.9,NA,1.1,NA,"Acer rubrum L.",NA,NA,"2017",316,"soft maple/birch","Acer rubrum L.","red maple","Aceraceae","tree","rubrum",0.744,"hw2",-1.9123,2.3651,"AceraceaeBelow0.50spg","hardwood","Hardwood",0.44,-2.047,2.3852,0.21103,0.95964,NA,"Good",NA,NA,0.469128110886256
"Acer","ACRU","NEON.PLA.D05.TREE.02888","TREE_001","TREE","D05",2017-10-25,"Live","sapling",NA,NA,10,2.3,NA,1.4,NA,"Acer rubrum L.",NA,NA,"2017",316,"soft maple/birch","Acer rubrum L.","red maple","Aceraceae","tree","rubrum",0.744,"hw2",-1.9123,2.3651,"AceraceaeBelow0.50spg","hardwood","Hardwood",0.44,-2.047,2.3852,0.21103,0.95964,NA,"Good",NA,NA,0.895227296409021
"Acer","ACRU","NEON.PLA.D05.TREE.02406","TREE_012","TREE","D05",2019-10-17,"Live, physically damaged","sapling",NA,NA,10,2.1,NA,1.9,NA,"Acer rubrum L.",NA,NA,"2019",316,"soft maple/birch","Acer rubrum L.","red maple","Aceraceae","tree","rubrum",0.744,"hw2",-1.9123,2.3651,"AceraceaeBelow0.50spg","hardwood","Hardwood",0.44,-2.047,2.3852,0.21103,0.95964,NA,"Good",NA,NA,1.47422894599197
"Acer","ACRU","NEON.PLA.D05.TREE.02411","TREE_012","TREE","D05",2019-10-17,"Live","sapling",NA,NA,10,2.8,NA,1.6,NA,"Acer rubrum L.",NA,NA,"2019",316,"soft maple/birch","Acer rubrum L.","red maple","Aceraceae","tree","rubrum",0.744,"hw2",-1.9123,2.3651,"AceraceaeBelow0.50spg","hardwood","Hardwood",0.44,-2.047,2.3852,0.21103,0.95964,NA,"Good",NA,NA,1.39707053246837
"Acer","ACRU","NEON.PLA.D05.TREE.02411","TREE_012","TREE","D05",2019-10-17,"Live, physically damaged","sapling",NA,NA,10,2.8,NA,1,NA,"Acer rubrum L.",NA,NA,"2019",316,"soft maple/birch","Acer rubrum L.","red maple","Aceraceae","tree","rubrum",0.744,"hw2",-1.9123,2.3651,"AceraceaeBelow0.50spg","hardwood","Hardwood",0.44,-2.047,2.3852,0.21103,0.95964,NA,"Good",NA,NA,0.566832746768159
"Acer","ACRU","NEON.PLA.D05.TREE.02409","TREE_012","TREE","D05",2017-10-30,"Live","sapling",NA,NA,10,1.8,NA,1.2,NA,"Acer rubrum L.",NA,NA,"2017",316,"soft maple/birch","Acer rubrum L.","red maple","Aceraceae","tree","rubrum",0.744,"hw2",-1.9123,2.3651,"AceraceaeBelow0.50spg","hardwood","Hardwood",0.44,-2.047,2.3852,0.21103,0.95964,NA,"Good",NA,NA,0.526362435374636
"Acer","ACRU","NEON.PLA.D05.TREE.02409","TREE_012","TREE","D05",2019-10-17,"Live","sapling",NA,NA,10,1.9,NA,1,NA,"Acer rubrum L.",NA,NA,"2019",316,"soft maple/birch","Acer rubrum L.","red maple","Aceraceae","tree","rubrum",0.744,"hw2",-1.9123,2.3651,"AceraceaeBelow0.50spg","hardwood","Hardwood",0.44,-2.047,2.3852,0.21103,0.95964,NA,"Good",NA,NA,0.390703502535583
"Acer","ACRU","NEON.PLA.D05.TREE.01525","TREE_012","TREE","D05",2019-10-17,"Live","sapling",NA,NA,17,1.8,NA,1.1,NA,"Acer rubrum L.",NA,NA,"2019",316,"soft maple/birch","Acer rubrum L.","red maple","Aceraceae","tree","rubrum",0.744,"hw2",-1.9123,2.3651,"AceraceaeBelow0.50spg","hardwood","Hardwood",0.44,-2.047,2.3852,0.21103,0.95964,NA,"Good",NA,NA,0.445408046509838
"Acer","ACRU","NEON.PLA.D05.TREE.03103","TREE_002","TREE","D05",2018-05-07,"Live","sapling",NA,NA,10,1.5,NA,1.1,NA,"Acer rubrum L.",NA,NA,"2018",316,"soft maple/birch","Acer rubrum L.","red maple","Aceraceae","tree","rubrum",0.744,"hw2",-1.9123,2.3651,"AceraceaeBelow0.50spg","hardwood","Hardwood",0.44,-2.047,2.3852,0.21103,0.95964,NA,"Good",NA,NA,0.37391472436757
"Acer","ACRU","NEON.PLA.D05.TREE.02439","TREE_012","TREE","D05",2017-10-30,"Live, broken bole","sapling",NA,NA,10,1.8,NA,1.6,NA,"Acer rubrum L.",NA,NA,"2017",316,"soft maple/birch","Acer rubrum L.","red maple","Aceraceae","tree","rubrum",0.744,"hw2",-1.9123,2.3651,"AceraceaeBelow0.50spg","hardwood","Hardwood",0.44,-2.047,2.3852,0.21103,0.95964,NA,"Good",NA,NA,0.914275971541919
"Acer","ACRU","NEON.PLA.D05.TREE.03381","TREE_004","TREE","D05",2019-10-08,"Live","sapling",NA,NA,10,1.7,NA,1.1,NA,"Acer rubrum L.",NA,NA,"2019",316,"soft maple/birch","Acer rubrum L.","red maple","Aceraceae","tree","rubrum",0.744,"hw2",-1.9123,2.3651,"AceraceaeBelow0.50spg","hardwood","Hardwood",0.44,-2.047,2.3852,0.21103,0.95964,NA,"Good",NA,NA,0.421634708797526
"Acer","ACRU","NEON.PLA.D05.TREE.00963","TREE_001","TREE","D05",2019-10-07,"Live","sapling",NA,NA,10,1.3,NA,1,NA,"Acer rubrum L.",NA,NA,"2019",316,"soft maple/birch","Acer rubrum L.","red maple","Aceraceae","tree","rubrum",0.744,"hw2",-1.9123,2.3651,"AceraceaeBelow0.50spg","hardwood","Hardwood",0.44,-2.047,2.3852,0.21103,0.95964,NA,"Good",NA,NA,0.27144934468421
"Acer","ACRU","NEON.PLA.D05.TREE.00928","TREE_009","TREE","D05",2019-10-16,"Live","sapling",NA,NA,10,0.9,NA,1.1,NA,"Acer rubrum L.",NA,NA,"2019",316,"soft maple/birch","Acer rubrum L.","red maple","Aceraceae","tree","rubrum",0.744,"hw2",-1.9123,2.3651,"AceraceaeBelow0.50spg","hardwood","Hardwood",0.44,-2.047,2.3852,0.21103,0.95964,NA,"Good",NA,NA,0.229022227030622
"Acer","ACRU","NEON.PLA.D05.TREE.01431","TREE_001","TREE","D05",2019-10-07,"Live","sapling",NA,NA,10,1.1,NA,1.1,NA,"Acer rubrum L.",NA,NA,"2019",316,"soft maple/birch","Acer rubrum L.","red maple","Aceraceae","tree","rubrum",0.744,"hw2",-1.9123,2.3651,"AceraceaeBelow0.50spg","hardwood","Hardwood",0.44,-2.047,2.3852,0.21103,0.95964,NA,"Good",NA,NA,0.277658151540188
"Acer","ACRU","NEON.PLA.D05.TREE.02426","TREE_012","TREE","D05",2019-10-17,"Live, broken bole","sapling",NA,NA,11,1.7,NA,1.5,NA,"Acer rubrum L.",NA,NA,"2019",316,"soft maple/birch","Acer rubrum L.","red maple","Aceraceae","tree","rubrum",0.744,"hw2",-1.9123,2.3651,"AceraceaeBelow0.50spg","hardwood","Hardwood",0.44,-2.047,2.3852,0.21103,0.95964,NA,"Good",NA,NA,0.764646374198283
"Acer","ACRU","NEON.PLA.D05.TREE.02427","TREE_012","TREE","D05",2017-10-30,"Live","sapling",NA,NA,10,1.8,NA,1,NA,"Acer rubrum L.",NA,NA,"2017",316,"soft maple/birch","Acer rubrum L.","red maple","Aceraceae","tree","rubrum",0.744,"hw2",-1.9123,2.3651,"AceraceaeBelow0.50spg","hardwood","Hardwood",0.44,-2.047,2.3852,0.21103,0.95964,NA,"Good",NA,NA,0.370948744683344
"Acer","ACRU","NEON.PLA.D05.TREE.02429","TREE_012","TREE","D05",2017-10-30,"Live","sapling",NA,NA,10,1.6,NA,1.5,NA,"Acer rubrum L.",NA,NA,"2017",316,"soft maple/birch","Acer rubrum L.","red maple","Aceraceae","tree","rubrum",0.744,"hw2",-1.9123,2.3651,"AceraceaeBelow0.50spg","hardwood","Hardwood",0.44,-2.047,2.3852,0.21103,0.95964,NA,"Good",NA,NA,0.721430220406483
"Acer","ACRU","NEON.PLA.D05.TREE.02125","TREE_018","TREE","D05",2018-04-25,"Live, physically damaged","sapling",NA,NA,10,NA,NA,1.2,NA,"Acer rubrum L.",NA,NA,"2018",316,"soft maple/birch","Acer rubrum L.","red maple","Aceraceae","tree","rubrum",0.744,"hw2",-1.9123,2.3651,"AceraceaeBelow0.50spg","hardwood","Hardwood",0.44,-2.047,2.3852,0.21103,0.95964,NA,"Check",NA,NA,NA
"Acer","ACRU","NEON.PLA.D05.TREE.03138","TREE_018","TREE","D05",2018-04-25,"Live, physically damaged","sapling",NA,NA,10,NA,NA,1.3,NA,"Acer rubrum L.",NA,NA,"2018",316,"soft maple/birch","Acer rubrum L.","red maple","Aceraceae","tree","rubrum",0.744,"hw2",-1.9123,2.3651,"AceraceaeBelow0.50spg","hardwood","Hardwood",0.44,-2.047,2.3852,0.21103,0.95964,NA,"Check",NA,NA,NA
"Acer","ACRU","NEON.PLA.D05.TREE.03042","TREE_012","TREE","D05",2019-10-17,"Live, physically damaged","sapling",NA,NA,10,1.1,NA,1.1,NA,"Acer rubrum L.",NA,NA,"2019",316,"soft maple/birch","Acer rubrum L.","red maple","Aceraceae","tree","rubrum",0.744,"hw2",-1.9123,2.3651,"AceraceaeBelow0.50spg","hardwood","Hardwood",0.44,-2.047,2.3852,0.21103,0.95964,NA,"Good",NA,NA,0.277658151540188
"Acer","ACRU","NEON.PLA.D05.TREE.02435","TREE_012","TREE","D05",2017-10-30,"Live","sapling",NA,NA,10,2.2,NA,1.1,NA,"Acer rubrum L.",NA,NA,"2017",316,"soft maple/birch","Acer rubrum L.","red maple","Aceraceae","tree","rubrum",0.744,"hw2",-1.9123,2.3651,"AceraceaeBelow0.50spg","hardwood","Hardwood",0.44,-2.047,2.3852,0.21103,0.95964,NA,"Good",NA,NA,0.53999638584648
"Acer","ACRU","NEON.PLA.D05.TREE.02439","TREE_012","TREE","D05",2019-10-17,"Live","sapling",NA,NA,13,1.9,NA,1.4,NA,"Acer rubrum L.",NA,NA,"2019",316,"soft maple/birch","Acer rubrum L.","red maple","Aceraceae","tree","rubrum",0.744,"hw2",-1.9123,2.3651,"AceraceaeBelow0.50spg","hardwood","Hardwood",0.44,-2.047,2.3852,0.21103,0.95964,NA,"Good",NA,NA,0.745260186545236
"Acer","ACRU","NEON.PLA.D05.TREE.00927","TREE_009","TREE","D05",2019-10-16,"Live","sapling",NA,NA,10,1,NA,1.1,NA,"Acer rubrum L.",NA,NA,"2019",316,"soft maple/birch","Acer rubrum L.","red maple","Aceraceae","tree","rubrum",0.744,"hw2",-1.9123,2.3651,"AceraceaeBelow0.50spg","hardwood","Hardwood",0.44,-2.047,2.3852,0.21103,0.95964,NA,"Good",NA,NA,0.25338934664736
"Acer","ACRU","NEON.PLA.D05.TREE.02445","TREE_012","TREE","D05",2017-10-30,"Live","sapling",NA,NA,10,1.5,NA,1.4,NA,"Acer rubrum L.",NA,NA,"2017",316,"soft maple/birch","Acer rubrum L.","red maple","Aceraceae","tree","rubrum",0.744,"hw2",-1.9123,2.3651,"AceraceaeBelow0.50spg","hardwood","Hardwood",0.44,-2.047,2.3852,0.21103,0.95964,NA,"Good",NA,NA,0.594003537131352
"Acer","ACRU","NEON.PLA.D05.TREE.02990","TREE_009","TREE","D05",2017-10-26,"Live","sapling",NA,NA,10,2.2,NA,1.4,NA,"Acer rubrum L.",NA,NA,"2017",316,"soft maple/birch","Acer rubrum L.","red maple","Aceraceae","tree","rubrum",0.744,"hw2",-1.9123,2.3651,"AceraceaeBelow0.50spg","hardwood","Hardwood",0.44,-2.047,2.3852,0.21103,0.95964,NA,"Good",NA,NA,0.857842022063938
"Acer","ACRU","NEON.PLA.D05.TREE.03181","TREE_043","TREE","D05",2016-10-19,"Live","sapling",NA,NA,10,1.4,NA,1,NA,"Acer rubrum L.",NA,NA,"2016",316,"soft maple/birch","Acer rubrum L.","red maple","Aceraceae","tree","rubrum",0.744,"hw2",-1.9123,2.3651,"AceraceaeBelow0.50spg","hardwood","Hardwood",0.44,-2.047,2.3852,0.21103,0.95964,NA,"Good",NA,NA,0.291457011241625
"Acer","ACRU","NEON.PLA.D05.TREE.01523","TREE_012","TREE","D05",2019-10-17,"Live","sapling",NA,NA,15,2.6,NA,1.9,NA,"Acer rubrum L.",NA,NA,"2019",316,"soft maple/birch","Acer rubrum L.","red maple","Aceraceae","tree","rubrum",0.744,"hw2",-1.9123,2.3651,"AceraceaeBelow0.50spg","hardwood","Hardwood",0.44,-2.047,2.3852,0.21103,0.95964,NA,"Good",NA,NA,1.80957019226358
"Acer","ACRU","NEON.PLA.D05.TREE.01524","TREE_012","TREE","D05",2019-10-17,"Live","sapling",NA,NA,10,1.4,NA,1.2,NA,"Acer rubrum L.",NA,NA,"2019",316,"soft maple/birch","Acer rubrum L.","red maple","Aceraceae","tree","rubrum",0.744,"hw2",-1.9123,2.3651,"AceraceaeBelow0.50spg","hardwood","Hardwood",0.44,-2.047,2.3852,0.21103,0.95964,NA,"Good",NA,NA,0.413566630007369
"Acer","ACRU","NEON.PLA.D05.TREE.01539","TREE_007","TREE","D05",2019-10-09,"Live","sapling",NA,NA,10,1.4,NA,1.2,NA,"Acer rubrum L.",NA,NA,"2019",316,"soft maple/birch","Acer rubrum L.","red maple","Aceraceae","tree","rubrum",0.744,"hw2",-1.9123,2.3651,"AceraceaeBelow0.50spg","hardwood","Hardwood",0.44,-2.047,2.3852,0.21103,0.95964,NA,"Good",NA,NA,0.413566630007369
"Acer","ACRU","NEON.PLA.D05.TREE.03773","TREE_002","TREE","D05",2018-05-07,"Live,  other damage","sapling",NA,NA,10,2,NA,1.6,NA,"Acer rubrum L.",NA,NA,"2018",316,"soft maple/birch","Acer rubrum L.","red maple","Aceraceae","tree","rubrum",0.744,"hw2",-1.9123,2.3651,"AceraceaeBelow0.50spg","hardwood","Hardwood",0.44,-2.047,2.3852,0.21103,0.95964,NA,"Good",NA,NA,1.01155156024839
"Acer","ACRU","NEON.PLA.D05.TREE.02885","TREE_001","TREE","D05",2017-10-25,"Live","sapling",NA,NA,10,1.8,NA,1.4,NA,"Acer rubrum L.",NA,NA,"2017",316,"soft maple/birch","Acer rubrum L.","red maple","Aceraceae","tree","rubrum",0.744,"hw2",-1.9123,2.3651,"AceraceaeBelow0.50spg","hardwood","Hardwood",0.44,-2.047,2.3852,0.21103,0.95964,NA,"Good",NA,NA,0.707578326959719
"Acer","ACRU","NEON.PLA.D05.TREE.03154","TREE_018","TREE","D05",2018-04-25,"Live, physically damaged","sapling",NA,NA,10,NA,NA,1.1,NA,"Acer rubrum L.",NA,NA,"2018",316,"soft maple/birch","Acer rubrum L.","red maple","Aceraceae","tree","rubrum",0.744,"hw2",-1.9123,2.3651,"AceraceaeBelow0.50spg","hardwood","Hardwood",0.44,-2.047,2.3852,0.21103,0.95964,NA,"Check",NA,NA,NA
"Acer","ACRU","NEON.PLA.D05.TREE.03377","TREE_002","TREE","D05",2019-10-08,"Live","sapling",NA,NA,10,1.6,NA,1.1,NA,"Acer rubrum L.",NA,NA,"2019",316,"soft maple/birch","Acer rubrum L.","red maple","Aceraceae","tree","rubrum",0.744,"hw2",-1.9123,2.3651,"AceraceaeBelow0.50spg","hardwood","Hardwood",0.44,-2.047,2.3852,0.21103,0.95964,NA,"Good",NA,NA,0.397804830000992
"Acer","ACRU","NEON.PLA.D05.TREE.01082","TREE_044","TREE","D05",2016-10-19,"Live","sapling",NA,NA,10,2.2,NA,1.2,NA,"Acer rubrum L.",NA,NA,"2016",316,"soft maple/birch","Acer rubrum L.","red maple","Aceraceae","tree","rubrum",0.744,"hw2",-1.9123,2.3651,"AceraceaeBelow0.50spg","hardwood","Hardwood",0.44,-2.047,2.3852,0.21103,0.95964,NA,"Good",NA,NA,0.638142518921416
"Acer","ACRU","NEON.PLA.D05.TREE.03846","TREE_019","TREE","D05",2017-10-23,"Live","sapling",NA,NA,10,1.4,NA,1.1,NA,"Acer rubrum L.",NA,NA,"2017",316,"soft maple/birch","Acer rubrum L.","red maple","Aceraceae","tree","rubrum",0.744,"hw2",-1.9123,2.3651,"AceraceaeBelow0.50spg","hardwood","Hardwood",0.44,-2.047,2.3852,0.21103,0.95964,NA,"Good",NA,NA,0.349960203072112
"Acer","ACSA3","NEON.PLA.D05.TREE.03409","TREE_044","TREE","D05",2018-10-16,"Live","sapling",NA,NA,10,1.9,NA,1.1,NA,"Acer saccharum Marshall",NA,NA,"2018",318,"hard maple/oak/hickory/beech","Acer saccharum Marshall","sugar maple","Aceraceae","tree","saccharum",0.841,"hw4",-2.0127,2.4342,"AceraceaeAbove0.50spg","hardwood","Hardwood",0.56,-1.8011,2.3852,0.21103,0.95964,NA,"Good",NA,NA,0.469128110886256
"Acer","ACRU","NEON.PLA.D05.TREE.03842","TREE_019","TREE","D05",2017-10-23,"Live","sapling",NA,NA,10,1.9,NA,1,NA,"Acer rubrum L.",NA,NA,"2017",316,"soft maple/birch","Acer rubrum L.","red maple","Aceraceae","tree","rubrum",0.744,"hw2",-1.9123,2.3651,"AceraceaeBelow0.50spg","hardwood","Hardwood",0.44,-2.047,2.3852,0.21103,0.95964,NA,"Good",NA,NA,0.390703502535583
"Acer","ACRU","NEON.PLA.D05.TREE.03842","TREE_019","TREE","D05",2019-10-30,"Live","sapling",NA,NA,10,2.3,NA,1.1,NA,"Acer rubrum L.",NA,NA,"2019",316,"soft maple/birch","Acer rubrum L.","red maple","Aceraceae","tree","rubrum",0.744,"hw2",-1.9123,2.3651,"AceraceaeBelow0.50spg","hardwood","Hardwood",0.44,-2.047,2.3852,0.21103,0.95964,NA,"Good",NA,NA,0.56352975505781
"Acer","ACSA3","NEON.PLA.D05.TREE.03199","TREE_041","TREE","D05",2016-10-18,"Live","sapling",NA,NA,10,0.4,NA,1,NA,"Acer saccharum Marshall",NA,NA,"2016",318,"hard maple/oak/hickory/beech","Acer saccharum Marshall","sugar maple","Aceraceae","tree","saccharum",0.841,"hw4",-2.0127,2.4342,"AceraceaeAbove0.50spg","hardwood","Hardwood",0.56,-1.8011,2.3852,0.21103,0.95964,NA,"Good",NA,NA,0.0875921222747845
"Acer","ACRU","NEON.PLA.D05.TREE.03837","TREE_019","TREE","D05",2019-10-30,"Live","sapling",NA,NA,10,2.3,NA,1.1,NA,"Acer rubrum L.",NA,NA,"2019",316,"soft maple/birch","Acer rubrum L.","red maple","Aceraceae","tree","rubrum",0.744,"hw2",-1.9123,2.3651,"AceraceaeBelow0.50spg","hardwood","Hardwood",0.44,-2.047,2.3852,0.21103,0.95964,NA,"Good",NA,NA,0.56352975505781
"Acer","ACRU","NEON.PLA.D05.TREE.03049","TREE_012","TREE","D05",2019-10-17,"Live","sapling",NA,NA,11,1.4,NA,1,NA,"Acer rubrum L.",NA,NA,"2019",316,"soft maple/birch","Acer rubrum L.","red maple","Aceraceae","tree","rubrum",0.744,"hw2",-1.9123,2.3651,"AceraceaeBelow0.50spg","hardwood","Hardwood",0.44,-2.047,2.3852,0.21103,0.95964,NA,"Good",NA,NA,0.291457011241625
"Acer","ACRU","NEON.PLA.D05.TREE.03002","TREE_018","TREE","D05",2018-04-25,"Live, physically damaged","sapling",NA,NA,10,NA,NA,1.2,NA,"Acer rubrum L.",NA,NA,"2018",316,"soft maple/birch","Acer rubrum L.","red maple","Aceraceae","tree","rubrum",0.744,"hw2",-1.9123,2.3651,"AceraceaeBelow0.50spg","hardwood","Hardwood",0.44,-2.047,2.3852,0.21103,0.95964,NA,"Check",NA,NA,NA
"Acer","ACRU","NEON.PLA.D05.TREE.01898","TREE_043","TREE","D05",2019-10-23,"Live","sapling",NA,NA,10,1.4,NA,1.1,NA,"Acer rubrum L.",NA,NA,"2019",316,"soft maple/birch","Acer rubrum L.","red maple","Aceraceae","tree","rubrum",0.744,"hw2",-1.9123,2.3651,"AceraceaeBelow0.50spg","hardwood","Hardwood",0.44,-2.047,2.3852,0.21103,0.95964,NA,"Good",NA,NA,0.349960203072112
"Acer","ACRU","NEON.PLA.D05.TREE.03033","TREE_012","TREE","D05",2017-10-30,"Live","sapling",NA,NA,10,1.4,NA,1.2,NA,"Acer rubrum L.",NA,NA,"2017",316,"soft maple/birch","Acer rubrum L.","red maple","Aceraceae","tree","rubrum",0.744,"hw2",-1.9123,2.3651,"AceraceaeBelow0.50spg","hardwood","Hardwood",0.44,-2.047,2.3852,0.21103,0.95964,NA,"Good",NA,NA,0.413566630007369
"Acer","ACRU","NEON.PLA.D05.TREE.01480","TREE_009","TREE","D05",2019-10-16,"Live","sapling",NA,NA,10,1.2,NA,1,NA,"Acer rubrum L.",NA,NA,"2019",316,"soft maple/birch","Acer rubrum L.","red maple","Aceraceae","tree","rubrum",0.744,"hw2",-1.9123,2.3651,"AceraceaeBelow0.50spg","hardwood","Hardwood",0.44,-2.047,2.3852,0.21103,0.95964,NA,"Good",NA,NA,0.251379402653776
"Acer","ACRU","NEON.PLA.D05.TREE.01899","TREE_043","TREE","D05",2020-10-05,"Live","sapling","Full shade",NA,10,2.6,NA,1.3,NA,"Acer rubrum L.",NA,NA,"2020",316,"soft maple/birch","Acer rubrum L.","red maple","Aceraceae","tree","rubrum",0.744,"hw2",-1.9123,2.3651,"AceraceaeBelow0.50spg","hardwood","Hardwood",0.44,-2.047,2.3852,0.21103,0.95964,NA,"Good",NA,NA,0.873490970243398
"Acer","ACRU","NEON.PLA.D05.TREE.03109","TREE_002","TREE","D05",2019-10-08,"Live","sapling",NA,NA,10,1.2,NA,1.2,NA,"Acer rubrum L.",NA,NA,"2019",316,"soft maple/birch","Acer rubrum L.","red maple","Aceraceae","tree","rubrum",0.744,"hw2",-1.9123,2.3651,"AceraceaeBelow0.50spg","hardwood","Hardwood",0.44,-2.047,2.3852,0.21103,0.95964,NA,"Good",NA,NA,0.356697997985715
"Acer","ACRU","NEON.PLA.D05.TREE.03981","TREE_010","TREE","D05",2017-10-24,"Live","sapling",NA,NA,10,1.4,NA,1.2,NA,"Acer rubrum L.",NA,NA,"2017",316,"soft maple/birch","Acer rubrum L.","red maple","Aceraceae","tree","rubrum",0.744,"hw2",-1.9123,2.3651,"AceraceaeBelow0.50spg","hardwood","Hardwood",0.44,-2.047,2.3852,0.21103,0.95964,NA,"Good",NA,NA,0.413566630007369
"Acer","ACRU","NEON.PLA.D05.TREE.02963","TREE_009","TREE","D05",2017-10-26,"Live","sapling",NA,NA,10,2.4,NA,1.2,NA,"Acer rubrum L.",NA,NA,"2017",316,"soft maple/birch","Acer rubrum L.","red maple","Aceraceae","tree","rubrum",0.744,"hw2",-1.9123,2.3651,"AceraceaeBelow0.50spg","hardwood","Hardwood",0.44,-2.047,2.3852,0.21103,0.95964,NA,"Good",NA,NA,0.69371501856693
"Acer","ACRU","NEON.PLA.D05.TREE.02363","TREE_019","TREE","D05",2019-10-30,"Live","sapling",NA,NA,10,2,NA,1.4,NA,"Acer rubrum L.",NA,NA,"2019",316,"soft maple/birch","Acer rubrum L.","red maple","Aceraceae","tree","rubrum",0.744,"hw2",-1.9123,2.3651,"AceraceaeBelow0.50spg","hardwood","Hardwood",0.44,-2.047,2.3852,0.21103,0.95964,NA,"Good",NA,NA,0.782862049220153
"Acer","ACRU","NEON.PLA.D05.TREE.02534","TREE_009","TREE","D05",2017-10-26,"Live","sapling",NA,NA,10,1.9,NA,1,NA,"Acer rubrum L.",NA,NA,"2017",316,"soft maple/birch","Acer rubrum L.","red maple","Aceraceae","tree","rubrum",0.744,"hw2",-1.9123,2.3651,"AceraceaeBelow0.50spg","hardwood","Hardwood",0.44,-2.047,2.3852,0.21103,0.95964,NA,"Good",NA,NA,0.390703502535583
"Acer","ACRU","NEON.PLA.D05.TREE.02534","TREE_009","TREE","D05",2019-10-16,"Live","sapling",NA,NA,10,2,NA,1.1,NA,"Acer rubrum L.",NA,NA,"2019",316,"soft maple/birch","Acer rubrum L.","red maple","Aceraceae","tree","rubrum",0.744,"hw2",-1.9123,2.3651,"AceraceaeBelow0.50spg","hardwood","Hardwood",0.44,-2.047,2.3852,0.21103,0.95964,NA,"Good",NA,NA,0.492797818621834
"Acer","ACRU","NEON.PLA.D05.TREE.02418","TREE_012","TREE","D05",2019-10-17,"Live","sapling",NA,NA,10,0.8,NA,1,NA,"Acer rubrum L.",NA,NA,"2019",316,"soft maple/birch","Acer rubrum L.","red maple","Aceraceae","tree","rubrum",0.744,"hw2",-1.9123,2.3651,"AceraceaeBelow0.50spg","hardwood","Hardwood",0.44,-2.047,2.3852,0.21103,0.95964,NA,"Good",NA,NA,0.17035130859524
"Acer","ACRU","NEON.PLA.D05.TREE.02041","TREE_018","TREE","D05",2018-04-25,"Live, physically damaged","sapling",NA,NA,10,NA,NA,1.5,NA,"Acer rubrum L.",NA,NA,"2018",316,"soft maple/birch","Acer rubrum L.","red maple","Aceraceae","tree","rubrum",0.744,"hw2",-1.9123,2.3651,"AceraceaeBelow0.50spg","hardwood","Hardwood",0.44,-2.047,2.3852,0.21103,0.95964,NA,"Check",NA,NA,NA
"Acer","ACRU","NEON.PLA.D05.TREE.02382","TREE_019","TREE","D05",2017-10-23,"Live","sapling",NA,NA,10,1.7,NA,1.1,NA,"Acer rubrum L.",NA,NA,"2017",316,"soft maple/birch","Acer rubrum L.","red maple","Aceraceae","tree","rubrum",0.744,"hw2",-1.9123,2.3651,"AceraceaeBelow0.50spg","hardwood","Hardwood",0.44,-2.047,2.3852,0.21103,0.95964,NA,"Good",NA,NA,0.421634708797526
"Acer","ACRU","NEON.PLA.D05.TREE.03466","TREE_002","TREE","D05",2019-10-08,"Live","sapling",NA,NA,10,1.8,NA,1.4,NA,"Acer rubrum L.",NA,NA,"2019",316,"soft maple/birch","Acer rubrum L.","red maple","Aceraceae","tree","rubrum",0.744,"hw2",-1.9123,2.3651,"AceraceaeBelow0.50spg","hardwood","Hardwood",0.44,-2.047,2.3852,0.21103,0.95964,NA,"Good",NA,NA,0.707578326959719
"Acer","ACRU","NEON.PLA.D05.TREE.03175","TREE_043","TREE","D05",2017-10-17,"Live","sapling",NA,NA,10,2.6,NA,1.8,NA,"Acer rubrum L.",NA,NA,"2017",316,"soft maple/birch","Acer rubrum L.","red maple","Aceraceae","tree","rubrum",0.744,"hw2",-1.9123,2.3651,"AceraceaeBelow0.50spg","hardwood","Hardwood",0.44,-2.047,2.3852,0.21103,0.95964,NA,"Good",NA,NA,1.631205346305
"Acer","ACRU","NEON.PLA.D05.TREE.02263","TREE_019","TREE","D05",2017-10-23,"Live, physically damaged","sapling",NA,NA,10,0.3,NA,1,NA,"Acer rubrum L.",NA,NA,"2017",316,"soft maple/birch","Acer rubrum L.","red maple","Aceraceae","tree","rubrum",0.744,"hw2",-1.9123,2.3651,"AceraceaeBelow0.50spg","hardwood","Hardwood",0.44,-2.047,2.3852,0.21103,0.95964,NA,"Good",NA,NA,0.0664613012061238
"Acer","ACRU","NEON.PLA.D05.TREE.02263","TREE_019","TREE","D05",2019-10-30,"Live, broken bole","sapling",NA,NA,10,1,NA,1.4,NA,"Acer rubrum L.",NA,NA,"2019",316,"soft maple/birch","Acer rubrum L.","red maple","Aceraceae","tree","rubrum",0.744,"hw2",-1.9123,2.3651,"AceraceaeBelow0.50spg","hardwood","Hardwood",0.44,-2.047,2.3852,0.21103,0.95964,NA,"Good",NA,NA,0.402536082082647
"Acer","ACRU","NEON.PLA.D05.TREE.03473","TREE_018","TREE","D05",2018-04-25,"Live, physically damaged","sapling",NA,NA,10,NA,NA,1.2,NA,"Acer rubrum L.",NA,NA,"2018",316,"soft maple/birch","Acer rubrum L.","red maple","Aceraceae","tree","rubrum",0.744,"hw2",-1.9123,2.3651,"AceraceaeBelow0.50spg","hardwood","Hardwood",0.44,-2.047,2.3852,0.21103,0.95964,NA,"Check",NA,NA,NA
"Amelanchier","AMELA","NEON.PLA.D05.TREE.02175","TREE_016","TREE","D05",2019-10-30,"Live","sapling",NA,NA,10,1.3,NA,1,NA,"Amelanchier sp.",NA,NA,"2019",356,"woodland","Amelanchier Medik.","serviceberry","Rosaceae","shrub/tree","spp.",NA,"wl",-0.7152,1.7029,"Cornaceae/Ericaceae/Lauraceae/Platanaceae/Rosaceae/Ulmaceae","hardwood","Hardwood",0.47,-2.2118,2.4133,NA,NA,NA,"Check",NA,NA,NA
"Amelanchier","AMELA","NEON.PLA.D05.TREE.01537","TREE_007","TREE","D05",2019-10-09,"Live","sapling",NA,NA,10,1.7,NA,1,NA,"Amelanchier sp.",NA,NA,"2019",356,"woodland","Amelanchier Medik.","serviceberry","Rosaceae","shrub/tree","spp.",NA,"wl",-0.7152,1.7029,"Cornaceae/Ericaceae/Lauraceae/Platanaceae/Rosaceae/Ulmaceae","hardwood","Hardwood",0.47,-2.2118,2.4133,NA,NA,NA,"Check",NA,NA,NA
"Amelanchier","AMELA","NEON.PLA.D05.TREE.05164","TREE_048","TREE","D05",2021-09-23,"Standing dead","sapling","Full shade",NA,10,0.6,NA,1,NA,"Amelanchier sp.",NA,NA,"2021",356,"woodland","Amelanchier Medik.","serviceberry","Rosaceae","shrub/tree","spp.",NA,"wl",-0.7152,1.7029,"Cornaceae/Ericaceae/Lauraceae/Platanaceae/Rosaceae/Ulmaceae","hardwood","Hardwood",0.47,-2.2118,2.4133,NA,NA,NA,"Check",NA,NA,NA
"Carpinus","CACA18","NEON.PLA.D05.TREE.01655","TREE_056","TREE","D05",2021-09-22,"Live","sapling","Full shade",NA,10,0.9,NA,1.1,NA,"Carpinus caroliniana Walter",NA,NA,"2021",391,"mixed hardwood","Carpinus caroliniana Walter","American hornbeam","Betulaceae","tree","caroliniana",0.84,"hw3",-2.48,2.4835,"BetulaceaeAbove0.60spg","hardwood","Hardwood",0.62,-2.2652,2.5349,0.35633,0.92508,NA,"Good",NA,NA,0.385572577674538
"Carpinus","CACA18","NEON.PLA.D05.TREE.01649","TREE_056","TREE","D05",2021-09-22,"Live","sapling","Full shade",NA,10,0.7,NA,1.2,NA,"Carpinus caroliniana Walter",NA,NA,"2021",391,"mixed hardwood","Carpinus caroliniana Walter","American hornbeam","Betulaceae","tree","caroliniana",0.84,"hw3",-2.48,2.4835,"BetulaceaeAbove0.60spg","hardwood","Hardwood",0.62,-2.2652,2.5349,0.35633,0.92508,NA,"Good",NA,NA,0.358966282029985
"Carpinus","CACA18","NEON.PLA.D05.TREE.01653","TREE_056","TREE","D05",2021-09-22,"Live","sapling","Full shade",NA,10,0.6,NA,1.2,NA,"Carpinus caroliniana Walter",NA,NA,"2021",391,"mixed hardwood","Carpinus caroliniana Walter","American hornbeam","Betulaceae","tree","caroliniana",0.84,"hw3",-2.48,2.4835,"BetulaceaeAbove0.60spg","hardwood","Hardwood",0.62,-2.2652,2.5349,0.35633,0.92508,NA,"Good",NA,NA,0.311259432101614
"Carpinus","CACA18","NEON.PLA.D05.TREE.01647","TREE_056","TREE","D05",2021-09-22,"Live","sapling","Full shade",NA,10,1.2,NA,1.1,NA,"Carpinus caroliniana Walter",NA,NA,"2021",391,"mixed hardwood","Carpinus caroliniana Walter","American hornbeam","Betulaceae","tree","caroliniana",0.84,"hw3",-2.48,2.4835,"BetulaceaeAbove0.60spg","hardwood","Hardwood",0.62,-2.2652,2.5349,0.35633,0.92508,NA,"Good",NA,NA,0.503134925561307
"Carpinus","CACA18","NEON.PLA.D05.TREE.01650","TREE_056","TREE","D05",2021-09-22,"Live","sapling","Full shade",NA,10,0.6,NA,1.1,NA,"Carpinus caroliniana Walter",NA,NA,"2021",391,"mixed hardwood","Carpinus caroliniana Walter","American hornbeam","Betulaceae","tree","caroliniana",0.84,"hw3",-2.48,2.4835,"BetulaceaeAbove0.60spg","hardwood","Hardwood",0.62,-2.2652,2.5349,0.35633,0.92508,NA,"Good",NA,NA,0.26497666937326
"Carpinus","CACA18","NEON.PLA.D05.TREE.01647","TREE_056","TREE","D05",2022-09-21,"Live, physically damaged","sapling","Full shade",NA,10,1,NA,1.2,NA,"Carpinus caroliniana Walter",NA,NA,"2022",391,"mixed hardwood","Carpinus caroliniana Walter","American hornbeam","Betulaceae","tree","caroliniana",0.84,"hw3",-2.48,2.4835,"BetulaceaeAbove0.60spg","hardwood","Hardwood",0.62,-2.2652,2.5349,0.35633,0.92508,NA,"Good",NA,NA,0.499287119118687
"Carpinus","CACA18","NEON.PLA.D05.TREE.01648","TREE_056","TREE","D05",2021-09-22,"Live","sapling","Full shade",NA,10,0.8,NA,1.2,NA,"Carpinus caroliniana Walter",NA,NA,"2021",391,"mixed hardwood","Carpinus caroliniana Walter","American hornbeam","Betulaceae","tree","caroliniana",0.84,"hw3",-2.48,2.4835,"BetulaceaeAbove0.60spg","hardwood","Hardwood",0.62,-2.2652,2.5349,0.35633,0.92508,NA,"Good",NA,NA,0.406163457331997
"Carpinus","CACA18","NEON.PLA.D05.TREE.01649","TREE_056","TREE","D05",2022-09-21,"Live, physically damaged","sapling","Full shade",NA,10,0.8,NA,1.1,NA,"Carpinus caroliniana Walter",NA,NA,"2022",391,"mixed hardwood","Carpinus caroliniana Walter","American hornbeam","Betulaceae","tree","caroliniana",0.84,"hw3",-2.48,2.4835,"BetulaceaeAbove0.60spg","hardwood","Hardwood",0.62,-2.2652,2.5349,0.35633,0.92508,NA,"Good",NA,NA,0.34576892792706
"Carpinus","CACA18","NEON.PLA.D05.TREE.01651","TREE_056","TREE","D05",2021-09-22,"Live","sapling","Full shade",10,10,0.7,1.1,1.1,NA,"Carpinus caroliniana Walter",NA,NA,"2021",391,"mixed hardwood","Carpinus caroliniana Walter","American hornbeam","Betulaceae","tree","caroliniana",0.84,"hw3",-2.48,2.4835,"BetulaceaeAbove0.60spg","hardwood","Hardwood",0.62,-2.2652,2.5349,0.35633,0.92508,NA,"Good",NA,NA,0.305589742895102
"Carpinus","CACA18","NEON.PLA.D05.TREE.00093","TREE_055","TREE","D05",2018-10-10,"Live","sapling",NA,NA,10,7.6,NA,8.7,NA,"Carpinus caroliniana Walter",NA,NA,"2018",391,"mixed hardwood","Carpinus caroliniana Walter","American hornbeam","Betulaceae","tree","caroliniana",0.84,"hw3",-2.48,2.4835,"BetulaceaeAbove0.60spg","hardwood","Hardwood",0.62,-2.2652,2.5349,0.35633,0.92508,NA,"Good",NA,NA,127.331649821678
"Carpinus","CACA18","NEON.PLA.D05.TREE.08218","TREE_056","TREE","D05",2022-09-21,"Live, physically damaged","sapling","Full shade",NA,10,0.6,NA,1,NA,"Carpinus caroliniana Walter",NA,NA,"2022",391,"mixed hardwood","Carpinus caroliniana Walter","American hornbeam","Betulaceae","tree","caroliniana",0.84,"hw3",-2.48,2.4835,"BetulaceaeAbove0.60spg","hardwood","Hardwood",0.62,-2.2652,2.5349,0.35633,0.92508,NA,"Good",NA,NA,0.222138863979792
"Carpinus","CACA18","NEON.PLA.D05.TREE.01648","TREE_056","TREE","D05",2022-09-21,"Live, physically damaged","sapling","Full shade",NA,10,0.8,NA,1.1,NA,"Carpinus caroliniana Walter",NA,NA,"2022",391,"mixed hardwood","Carpinus caroliniana Walter","American hornbeam","Betulaceae","tree","caroliniana",0.84,"hw3",-2.48,2.4835,"BetulaceaeAbove0.60spg","hardwood","Hardwood",0.62,-2.2652,2.5349,0.35633,0.92508,NA,"Good",NA,NA,0.34576892792706
"Carpinus","CACA18","NEON.PLA.D05.TREE.01651","TREE_056","TREE","D05",2022-09-21,"Live, physically damaged","sapling","Full shade",NA,10,0.6,NA,1.1,NA,"Carpinus caroliniana Walter",NA,NA,"2022",391,"mixed hardwood","Carpinus caroliniana Walter","American hornbeam","Betulaceae","tree","caroliniana",0.84,"hw3",-2.48,2.4835,"BetulaceaeAbove0.60spg","hardwood","Hardwood",0.62,-2.2652,2.5349,0.35633,0.92508,NA,"Good",NA,NA,0.26497666937326
"Carpinus","CACA18","NEON.PLA.D05.TREE.01554","TREE_003","TREE","D05",2019-10-08,"Live","sapling",NA,NA,10,1.1,NA,1,NA,"Carpinus caroliniana Walter",NA,NA,"2019",391,"mixed hardwood","Carpinus caroliniana Walter","American hornbeam","Betulaceae","tree","caroliniana",0.84,"hw3",-2.48,2.4835,"BetulaceaeAbove0.60spg","hardwood","Hardwood",0.62,-2.2652,2.5349,0.35633,0.92508,NA,"Good",NA,NA,0.389174102947873
"Fraxinus","FRNI","NEON.PLA.D05.TREE.03544","TREE_056","TREE","D05",2016-09-28,"Live,  other damage","sapling",NA,NA,10,1.5,NA,1.3,NA,"Fraxinus nigra Marshall",NA,NA,"2016",543,"mixed hardwood","Fraxinus nigra Marshall","black ash","Oleaceae","tree","nigra",0.936,"hw3",-2.48,2.4835,"OleaceaeBelow0.55spg","hardwood","Hardwood",0.51,-2.0314,2.3524,0.07555,1.07047,NA,"Good",NA,NA,0.204494089193184
"Fraxinus","FRNI","NEON.PLA.D05.TREE.03545","TREE_056","TREE","D05",2018-10-09,"Live","sapling",NA,NA,10,1.1,NA,1.1,NA,"Fraxinus nigra Marshall",NA,NA,"2018",543,"mixed hardwood","Fraxinus nigra Marshall","black ash","Oleaceae","tree","nigra",0.936,"hw3",-2.48,2.4835,"OleaceaeBelow0.55spg","hardwood","Hardwood",0.51,-2.0314,2.3524,0.07555,1.07047,NA,"Good",NA,NA,0.102603777853619
"Fraxinus","FRNI","NEON.PLA.D05.TREE.03545","TREE_056","TREE","D05",2016-09-28,"Live","sapling",NA,NA,10,1.2,NA,1,NA,"Fraxinus nigra Marshall",NA,NA,"2016",543,"mixed hardwood","Fraxinus nigra Marshall","black ash","Oleaceae","tree","nigra",0.936,"hw3",-2.48,2.4835,"OleaceaeBelow0.55spg","hardwood","Hardwood",0.51,-2.0314,2.3524,0.07555,1.07047,NA,"Good",NA,NA,0.0918323328784509
"Fraxinus","FRNI","NEON.PLA.D05.TREE.00506","TREE_053","TREE","D05",2016-09-27,"Live","sapling",NA,NA,10,0.9,NA,1.3,NA,"Fraxinus nigra Marshall",NA,NA,"2016",543,"mixed hardwood","Fraxinus nigra Marshall","black ash","Oleaceae","tree","nigra",0.936,"hw3",-2.48,2.4835,"OleaceaeBelow0.55spg","hardwood","Hardwood",0.51,-2.0314,2.3524,0.07555,1.07047,NA,"Good",NA,NA,0.118358193646019
"Fraxinus","FRPE","NEON.PLA.D05.TREE.00686","TREE_046","TREE","D05",2022-09-20,"Live, physically damaged","sapling","Full shade",NA,10,0.8,NA,1.2,NA,"Fraxinus pennsylvanica Marshall",NA,NA,"2022",544,"mixed hardwood","Fraxinus pennsylvanica Marshall","green ash","Oleaceae","tree","pennsylvanica",0.936,"hw3",-2.48,2.4835,"OleaceaeBelow0.55spg","hardwood","Hardwood",0.51,-2.0314,2.3524,0.07555,1.07047,NA,"Good",NA,NA,0.0879057945989612
"Fraxinus","FRPE","NEON.PLA.D05.TREE.00079","TREE_046","TREE","D05",2022-09-20,"Live, physically damaged","sapling","Full shade",NA,10,0.3,NA,1.3,NA,"Fraxinus pennsylvanica Marshall",NA,NA,"2022",544,"mixed hardwood","Fraxinus pennsylvanica Marshall","green ash","Oleaceae","tree","pennsylvanica",0.936,"hw3",-2.48,2.4835,"OleaceaeBelow0.55spg","hardwood","Hardwood",0.51,-2.0314,2.3524,0.07555,1.07047,NA,"Good",NA,NA,0.0365135735390413
"Fraxinus","FRPE","NEON.PLA.D05.TREE.00686","TREE_046","TREE","D05",2016-09-29,"Live, physically damaged","sapling",NA,NA,10,0.8,NA,1.4,NA,"Fraxinus pennsylvanica Marshall",NA,NA,"2016",544,"mixed hardwood","Fraxinus pennsylvanica Marshall","green ash","Oleaceae","tree","pennsylvanica",0.936,"hw3",-2.48,2.4835,"OleaceaeBelow0.55spg","hardwood","Hardwood",0.51,-2.0314,2.3524,0.07555,1.07047,NA,"Good",NA,NA,0.122277503629467
"Fraxinus","FRPE","NEON.PLA.D05.TREE.00686","TREE_046","TREE","D05",2017-09-25,"Live","sapling",NA,NA,10,0.8,NA,1.2,NA,"Fraxinus pennsylvanica Marshall",NA,NA,"2017",544,"mixed hardwood","Fraxinus pennsylvanica Marshall","green ash","Oleaceae","tree","pennsylvanica",0.936,"hw3",-2.48,2.4835,"OleaceaeBelow0.55spg","hardwood","Hardwood",0.51,-2.0314,2.3524,0.07555,1.07047,NA,"Good",NA,NA,0.0879057945989612
"Fraxinus","FRPE","NEON.PLA.D05.TREE.00686","TREE_046","TREE","D05",2021-09-21,"Live","sapling","Full shade",NA,10,0.9,NA,1.2,NA,"Fraxinus pennsylvanica Marshall",NA,NA,"2021",544,"mixed hardwood","Fraxinus pennsylvanica Marshall","green ash","Oleaceae","tree","pennsylvanica",0.936,"hw3",-2.48,2.4835,"OleaceaeBelow0.55spg","hardwood","Hardwood",0.51,-2.0314,2.3524,0.07555,1.07047,NA,"Good",NA,NA,0.099718272133583
"Fraxinus","FRPE","NEON.PLA.D05.TREE.03523","TREE_046","TREE","D05",2016-09-29,"Live, physically damaged","sapling",NA,NA,10,0.6,NA,1,NA,"Fraxinus pennsylvanica Marshall",NA,NA,"2016",544,"mixed hardwood","Fraxinus pennsylvanica Marshall","green ash","Oleaceae","tree","pennsylvanica",0.936,"hw3",-2.48,2.4835,"OleaceaeBelow0.55spg","hardwood","Hardwood",0.51,-2.0314,2.3524,0.07555,1.07047,NA,"Good",NA,NA,0.0437272371306014
"Fraxinus","FRPE","NEON.PLA.D05.TREE.00053","TREE_046","TREE","D05",2021-09-21,"Live, physically damaged","sapling","Full shade",NA,10,0.6,NA,1.6,NA,"Fraxinus pennsylvanica Marshall",NA,NA,"2021",544,"mixed hardwood","Fraxinus pennsylvanica Marshall","green ash","Oleaceae","tree","pennsylvanica",0.936,"hw3",-2.48,2.4835,"OleaceaeBelow0.55spg","hardwood","Hardwood",0.51,-2.0314,2.3524,0.07555,1.07047,NA,"Good",NA,NA,0.11960812251833
"Fraxinus","FRPE","NEON.PLA.D05.TREE.00053","TREE_046","TREE","D05",2016-09-29,"Live","sapling",NA,NA,10,0.5,NA,1.4,NA,"Fraxinus pennsylvanica Marshall",NA,NA,"2016",544,"mixed hardwood","Fraxinus pennsylvanica Marshall","green ash","Oleaceae","tree","pennsylvanica",0.936,"hw3",-2.48,2.4835,"OleaceaeBelow0.55spg","hardwood","Hardwood",0.51,-2.0314,2.3524,0.07555,1.07047,NA,"Good",NA,NA,0.0739336668006562
"Fraxinus","FRPE","NEON.PLA.D05.TREE.00784","TREE_051","TREE","D05",2017-09-26,"Live","sapling",NA,NA,10,1.4,NA,1.1,NA,"Fraxinus pennsylvanica Marshall",NA,NA,"2017",544,"mixed hardwood","Fraxinus pennsylvanica Marshall","green ash","Oleaceae","tree","pennsylvanica",0.936,"hw3",-2.48,2.4835,"OleaceaeBelow0.55spg","hardwood","Hardwood",0.51,-2.0314,2.3524,0.07555,1.07047,NA,"Good",NA,NA,0.13282487087662
"Fraxinus","FRPE","NEON.PLA.D05.TREE.03515","TREE_046","TREE","D05",2018-10-10,"Live","sapling",NA,NA,10,0.8,NA,1.3,NA,"Fraxinus pennsylvanica Marshall",NA,NA,"2018",544,"mixed hardwood","Fraxinus pennsylvanica Marshall","green ash","Oleaceae","tree","pennsylvanica",0.936,"hw3",-2.48,2.4835,"OleaceaeBelow0.55spg","hardwood","Hardwood",0.51,-2.0314,2.3524,0.07555,1.07047,NA,"Good",NA,NA,0.104337658857679
"Fraxinus","FRPE","NEON.PLA.D05.TREE.03516","TREE_046","TREE","D05",2016-09-29,"Live","sapling",NA,NA,10,0.5,NA,1.1,NA,"Fraxinus pennsylvanica Marshall",NA,NA,"2016",544,"mixed hardwood","Fraxinus pennsylvanica Marshall","green ash","Oleaceae","tree","pennsylvanica",0.936,"hw3",-2.48,2.4835,"OleaceaeBelow0.55spg","hardwood","Hardwood",0.51,-2.0314,2.3524,0.07555,1.07047,NA,"Good",NA,NA,0.0441174238338386
"Fraxinus","FRPE","NEON.PLA.D05.TREE.03519","TREE_046","TREE","D05",2018-10-10,"Standing dead","sapling",NA,NA,10,0.4,NA,1.1,NA,"Fraxinus pennsylvanica Marshall",NA,NA,"2018",544,"mixed hardwood","Fraxinus pennsylvanica Marshall","green ash","Oleaceae","tree","pennsylvanica",0.936,"hw3",-2.48,2.4835,"OleaceaeBelow0.55spg","hardwood","Hardwood",0.51,-2.0314,2.3524,0.07555,1.07047,NA,"Good",NA,NA,0.0347432853262991
"Fraxinus","FRPE","NEON.PLA.D05.TREE.00140","TREE_046","TREE","D05",2017-09-25,"Live","sapling",NA,NA,20,1.3,NA,1.4,NA,"Fraxinus pennsylvanica Marshall",NA,NA,"2017",544,"mixed hardwood","Fraxinus pennsylvanica Marshall","green ash","Oleaceae","tree","pennsylvanica",0.936,"hw3",-2.48,2.4835,"OleaceaeBelow0.55spg","hardwood","Hardwood",0.51,-2.0314,2.3524,0.07555,1.07047,NA,"Good",NA,NA,0.205616880369468
"Fraxinus","FRPE","NEON.PLA.D05.TREE.03523","TREE_046","TREE","D05",2018-10-10,"Live","sapling",NA,NA,10,0.6,NA,1,NA,"Fraxinus pennsylvanica Marshall",NA,NA,"2018",544,"mixed hardwood","Fraxinus pennsylvanica Marshall","green ash","Oleaceae","tree","pennsylvanica",0.936,"hw3",-2.48,2.4835,"OleaceaeBelow0.55spg","hardwood","Hardwood",0.51,-2.0314,2.3524,0.07555,1.07047,NA,"Good",NA,NA,0.0437272371306014
"Fraxinus","FRPE","NEON.PLA.D05.TREE.03421","TREE_053","TREE","D05",2018-10-09,"Live","sapling",NA,NA,10,0.7,NA,1.7,NA,"Fraxinus pennsylvanica Marshall",NA,NA,"2018",544,"mixed hardwood","Fraxinus pennsylvanica Marshall","green ash","Oleaceae","tree","pennsylvanica",0.936,"hw3",-2.48,2.4835,"OleaceaeBelow0.55spg","hardwood","Hardwood",0.51,-2.0314,2.3524,0.07555,1.07047,NA,"Good",NA,NA,0.160617877027112
"Fraxinus","FRPE","NEON.PLA.D05.TREE.00053","TREE_046","TREE","D05",2017-09-25,"Live","sapling",NA,NA,10,0.5,NA,1.6,NA,"Fraxinus pennsylvanica Marshall",NA,NA,"2017",544,"mixed hardwood","Fraxinus pennsylvanica Marshall","green ash","Oleaceae","tree","pennsylvanica",0.936,"hw3",-2.48,2.4835,"OleaceaeBelow0.55spg","hardwood","Hardwood",0.51,-2.0314,2.3524,0.07555,1.07047,NA,"Good",NA,NA,0.098401002925847
"Fraxinus","FRPE","NEON.PLA.D05.TREE.00649","TREE_053","TREE","D05",2017-08-30,"Live, physically damaged","sapling",NA,NA,10,0.6,NA,1.6,NA,"Fraxinus pennsylvanica Marshall",NA,NA,"2017",544,"mixed hardwood","Fraxinus pennsylvanica Marshall","green ash","Oleaceae","tree","pennsylvanica",0.936,"hw3",-2.48,2.4835,"OleaceaeBelow0.55spg","hardwood","Hardwood",0.51,-2.0314,2.3524,0.07555,1.07047,NA,"Good",NA,NA,0.11960812251833
"Fraxinus","FRPE","NEON.PLA.D05.TREE.00162","TREE_056","TREE","D05",2017-09-25,"Live","sapling",NA,NA,10,1,NA,1.4,NA,"Fraxinus pennsylvanica Marshall",NA,NA,"2017",544,"mixed hardwood","Fraxinus pennsylvanica Marshall","green ash","Oleaceae","tree","pennsylvanica",0.936,"hw3",-2.48,2.4835,"OleaceaeBelow0.55spg","hardwood","Hardwood",0.51,-2.0314,2.3524,0.07555,1.07047,NA,"Good",NA,NA,0.155269382336779
"Fraxinus","FRPE","NEON.PLA.D05.TREE.00162","TREE_056","TREE","D05",2022-09-21,"Live, physically damaged","sapling","Full shade",NA,10,0.4,NA,1.4,NA,"Fraxinus pennsylvanica Marshall",NA,NA,"2022",544,"mixed hardwood","Fraxinus pennsylvanica Marshall","green ash","Oleaceae","tree","pennsylvanica",0.936,"hw3",-2.48,2.4835,"OleaceaeBelow0.55spg","hardwood","Hardwood",0.51,-2.0314,2.3524,0.07555,1.07047,NA,"Good",NA,NA,0.0582241268336367
"Fraxinus","FRPE","NEON.PLA.D05.TREE.00162","TREE_056","TREE","D05",2021-09-22,"Live","sapling","Full shade",NA,10,0.7,NA,1.4,NA,"Fraxinus pennsylvanica Marshall",NA,NA,"2021",544,"mixed hardwood","Fraxinus pennsylvanica Marshall","green ash","Oleaceae","tree","pennsylvanica",0.936,"hw3",-2.48,2.4835,"OleaceaeBelow0.55spg","hardwood","Hardwood",0.51,-2.0314,2.3524,0.07555,1.07047,NA,"Good",NA,NA,0.105990739994377
"Fraxinus","FRPE","NEON.PLA.D05.TREE.01667","TREE_056","TREE","D05",2022-09-21,"Live, physically damaged","sapling","Full shade",NA,10,0.4,NA,1.1,NA,"Fraxinus pennsylvanica Marshall",NA,NA,"2022",544,"mixed hardwood","Fraxinus pennsylvanica Marshall","green ash","Oleaceae","tree","pennsylvanica",0.936,"hw3",-2.48,2.4835,"OleaceaeBelow0.55spg","hardwood","Hardwood",0.51,-2.0314,2.3524,0.07555,1.07047,NA,"Good",NA,NA,0.0347432853262991
"Fraxinus","FRPE","NEON.PLA.D05.TREE.01667","TREE_056","TREE","D05",2021-09-22,"Live","sapling","Full shade",NA,10,0.3,NA,1.1,NA,"Fraxinus pennsylvanica Marshall",NA,NA,"2021",544,"mixed hardwood","Fraxinus pennsylvanica Marshall","green ash","Oleaceae","tree","pennsylvanica",0.936,"hw3",-2.48,2.4835,"OleaceaeBelow0.55spg","hardwood","Hardwood",0.51,-2.0314,2.3524,0.07555,1.07047,NA,"Good",NA,NA,0.025534520894421
"Fraxinus","FRPE","NEON.PLA.D05.TREE.03517","TREE_046","TREE","D05",2016-09-29,"Live","sapling",NA,NA,10,1.1,NA,1.1,NA,"Fraxinus pennsylvanica Marshall",NA,NA,"2016",544,"mixed hardwood","Fraxinus pennsylvanica Marshall","green ash","Oleaceae","tree","pennsylvanica",0.936,"hw3",-2.48,2.4835,"OleaceaeBelow0.55spg","hardwood","Hardwood",0.51,-2.0314,2.3524,0.07555,1.07047,NA,"Good",NA,NA,0.102603777853619
"Fraxinus","FRPE","NEON.PLA.D05.TREE.00140","TREE_046","TREE","D05",2022-09-20,"Live, physically damaged","sapling","Full shade",NA,10,1,NA,1.2,NA,"Fraxinus pennsylvanica Marshall",NA,NA,"2022",544,"mixed hardwood","Fraxinus pennsylvanica Marshall","green ash","Oleaceae","tree","pennsylvanica",0.936,"hw3",-2.48,2.4835,"OleaceaeBelow0.55spg","hardwood","Hardwood",0.51,-2.0314,2.3524,0.07555,1.07047,NA,"Good",NA,NA,0.111623790362655
"Fraxinus","FRPE","NEON.PLA.D05.TREE.00140","TREE_046","TREE","D05",2016-09-29,"Live","sapling",NA,NA,10,0.7,NA,1,NA,"Fraxinus pennsylvanica Marshall",NA,NA,"2016",544,"mixed hardwood","Fraxinus pennsylvanica Marshall","green ash","Oleaceae","tree","pennsylvanica",0.936,"hw3",-2.48,2.4835,"OleaceaeBelow0.55spg","hardwood","Hardwood",0.51,-2.0314,2.3524,0.07555,1.07047,NA,"Good",NA,NA,0.0515723079854
"Fraxinus","FRPE","NEON.PLA.D05.TREE.00140","TREE_046","TREE","D05",2021-09-21,"Live, physically damaged","sapling","Full shade",NA,10,1,NA,1,NA,"Fraxinus pennsylvanica Marshall",NA,NA,"2021",544,"mixed hardwood","Fraxinus pennsylvanica Marshall","green ash","Oleaceae","tree","pennsylvanica",0.936,"hw3",-2.48,2.4835,"OleaceaeBelow0.55spg","hardwood","Hardwood",0.51,-2.0314,2.3524,0.07555,1.07047,NA,"Good",NA,NA,0.07555
"Fraxinus","FRPE","NEON.PLA.D05.TREE.03522","TREE_046","TREE","D05",2017-09-25,"No longer qualifies","sapling",NA,NA,10,0.5,NA,0.8,NA,"Fraxinus pennsylvanica Marshall",NA,NA,"2017",544,"mixed hardwood","Fraxinus pennsylvanica Marshall","green ash","Oleaceae","tree","pennsylvanica",0.936,"hw3",-2.48,2.4835,"OleaceaeBelow0.55spg","hardwood","Hardwood",0.51,-2.0314,2.3524,0.07555,1.07047,NA,"Good",NA,NA,0.0223106573325524
"Fraxinus","FRPE","NEON.PLA.D05.TREE.03523","TREE_046","TREE","D05",2017-09-25,"Live","sapling",NA,NA,10,0.6,NA,1,NA,"Fraxinus pennsylvanica Marshall",NA,NA,"2017",544,"mixed hardwood","Fraxinus pennsylvanica Marshall","green ash","Oleaceae","tree","pennsylvanica",0.936,"hw3",-2.48,2.4835,"OleaceaeBelow0.55spg","hardwood","Hardwood",0.51,-2.0314,2.3524,0.07555,1.07047,NA,"Good",NA,NA,0.0437272371306014
"Fraxinus","FRPE","NEON.PLA.D05.TREE.00079","TREE_046","TREE","D05",2021-09-21,"Live","sapling","Full shade",NA,10,0.4,NA,1.3,NA,"Fraxinus pennsylvanica Marshall",NA,NA,"2021",544,"mixed hardwood","Fraxinus pennsylvanica Marshall","green ash","Oleaceae","tree","pennsylvanica",0.936,"hw3",-2.48,2.4835,"OleaceaeBelow0.55spg","hardwood","Hardwood",0.51,-2.0314,2.3524,0.07555,1.07047,NA,"Good",NA,NA,0.049681821287937
"Fraxinus","FRPE","NEON.PLA.D05.TREE.00079","TREE_046","TREE","D05",2016-09-29,"Live","sapling",NA,NA,10,0.6,NA,1.3,NA,"Fraxinus pennsylvanica Marshall",NA,NA,"2016",544,"mixed hardwood","Fraxinus pennsylvanica Marshall","green ash","Oleaceae","tree","pennsylvanica",0.936,"hw3",-2.48,2.4835,"OleaceaeBelow0.55spg","hardwood","Hardwood",0.51,-2.0314,2.3524,0.07555,1.07047,NA,"Good",NA,NA,0.0766827922332288
"Fraxinus","FRPE","NEON.PLA.D05.TREE.03525","TREE_046","TREE","D05",2016-09-29,"Live","sapling",NA,NA,10,0.4,NA,1,NA,"Fraxinus pennsylvanica Marshall",NA,NA,"2016",544,"mixed hardwood","Fraxinus pennsylvanica Marshall","green ash","Oleaceae","tree","pennsylvanica",0.936,"hw3",-2.48,2.4835,"OleaceaeBelow0.55spg","hardwood","Hardwood",0.51,-2.0314,2.3524,0.07555,1.07047,NA,"Good",NA,NA,0.0283303296250654
"Fraxinus","FRPE","NEON.PLA.D05.TREE.03514","TREE_046","TREE","D05",2016-09-29,"Live","sapling",NA,NA,10,0.5,NA,1.4,NA,"Fraxinus pennsylvanica Marshall",NA,NA,"2016",544,"mixed hardwood","Fraxinus pennsylvanica Marshall","green ash","Oleaceae","tree","pennsylvanica",0.936,"hw3",-2.48,2.4835,"OleaceaeBelow0.55spg","hardwood","Hardwood",0.51,-2.0314,2.3524,0.07555,1.07047,NA,"Good",NA,NA,0.0739336668006562
"Fraxinus","FRPE","NEON.PLA.D05.TREE.03514","TREE_046","TREE","D05",2017-09-25,"Live","sapling",NA,NA,10,0.5,NA,1.4,NA,"Fraxinus pennsylvanica Marshall",NA,NA,"2017",544,"mixed hardwood","Fraxinus pennsylvanica Marshall","green ash","Oleaceae","tree","pennsylvanica",0.936,"hw3",-2.48,2.4835,"OleaceaeBelow0.55spg","hardwood","Hardwood",0.51,-2.0314,2.3524,0.07555,1.07047,NA,"Good",NA,NA,0.0739336668006562
"Fraxinus","FRPE","NEON.PLA.D05.TREE.03517","TREE_046","TREE","D05",2018-10-10,"Live","sapling",NA,NA,10,1,NA,1,NA,"Fraxinus pennsylvanica Marshall",NA,NA,"2018",544,"mixed hardwood","Fraxinus pennsylvanica Marshall","green ash","Oleaceae","tree","pennsylvanica",0.936,"hw3",-2.48,2.4835,"OleaceaeBelow0.55spg","hardwood","Hardwood",0.51,-2.0314,2.3524,0.07555,1.07047,NA,"Good",NA,NA,0.07555
"Fraxinus","FRPE","NEON.PLA.D05.TREE.03517","TREE_046","TREE","D05",2021-09-21,"Live, physically damaged","sapling","Full shade",NA,10,0.9,NA,1.1,NA,"Fraxinus pennsylvanica Marshall",NA,NA,"2021",544,"mixed hardwood","Fraxinus pennsylvanica Marshall","green ash","Oleaceae","tree","pennsylvanica",0.936,"hw3",-2.48,2.4835,"OleaceaeBelow0.55spg","hardwood","Hardwood",0.51,-2.0314,2.3524,0.07555,1.07047,NA,"Good",NA,NA,0.0827697613724047
"Fraxinus","FRPE","NEON.PLA.D05.TREE.03517","TREE_046","TREE","D05",2022-09-20,"Live, physically damaged","sapling","Full shade",NA,10,0.9,NA,1.1,NA,"Fraxinus pennsylvanica Marshall",NA,NA,"2022",544,"mixed hardwood","Fraxinus pennsylvanica Marshall","green ash","Oleaceae","tree","pennsylvanica",0.936,"hw3",-2.48,2.4835,"OleaceaeBelow0.55spg","hardwood","Hardwood",0.51,-2.0314,2.3524,0.07555,1.07047,NA,"Good",NA,NA,0.0827697613724047
"Fraxinus","FRPE","NEON.PLA.D05.TREE.03520","TREE_046","TREE","D05",2016-09-29,"Live,  other damage","sapling",NA,NA,10,0.5,NA,1.6,NA,"Fraxinus pennsylvanica Marshall",NA,NA,"2016",544,"mixed hardwood","Fraxinus pennsylvanica Marshall","green ash","Oleaceae","tree","pennsylvanica",0.936,"hw3",-2.48,2.4835,"OleaceaeBelow0.55spg","hardwood","Hardwood",0.51,-2.0314,2.3524,0.07555,1.07047,NA,"Good",NA,NA,0.098401002925847
"Fraxinus","FRPE","NEON.PLA.D05.TREE.00690","TREE_046","TREE","D05",2018-10-10,"Live","sapling",NA,NA,10,0.4,NA,1.1,NA,"Fraxinus pennsylvanica Marshall",NA,NA,"2018",544,"mixed hardwood","Fraxinus pennsylvanica Marshall","green ash","Oleaceae","tree","pennsylvanica",0.936,"hw3",-2.48,2.4835,"OleaceaeBelow0.55spg","hardwood","Hardwood",0.51,-2.0314,2.3524,0.07555,1.07047,NA,"Good",NA,NA,0.0347432853262991
"Fraxinus","FRPE","NEON.PLA.D05.TREE.03524","TREE_046","TREE","D05",2016-09-29,"Live, physically damaged","sapling",NA,NA,10,0.6,NA,1,NA,"Fraxinus pennsylvanica Marshall",NA,NA,"2016",544,"mixed hardwood","Fraxinus pennsylvanica Marshall","green ash","Oleaceae","tree","pennsylvanica",0.936,"hw3",-2.48,2.4835,"OleaceaeBelow0.55spg","hardwood","Hardwood",0.51,-2.0314,2.3524,0.07555,1.07047,NA,"Good",NA,NA,0.0437272371306014
"Fraxinus","FRPE","NEON.PLA.D05.TREE.03524","TREE_046","TREE","D05",2017-09-25,"Live","sapling",NA,NA,10,0.5,NA,1.8,NA,"Fraxinus pennsylvanica Marshall",NA,NA,"2017",544,"mixed hardwood","Fraxinus pennsylvanica Marshall","green ash","Oleaceae","tree","pennsylvanica",0.936,"hw3",-2.48,2.4835,"OleaceaeBelow0.55spg","hardwood","Hardwood",0.51,-2.0314,2.3524,0.07555,1.07047,NA,"Good",NA,NA,0.126623410376371
"Fraxinus","FRPE","NEON.PLA.D05.TREE.03525","TREE_046","TREE","D05",2017-09-25,"No longer qualifies","sapling",NA,NA,10,0.5,NA,0.8,NA,"Fraxinus pennsylvanica Marshall",NA,NA,"2017",544,"mixed hardwood","Fraxinus pennsylvanica Marshall","green ash","Oleaceae","tree","pennsylvanica",0.936,"hw3",-2.48,2.4835,"OleaceaeBelow0.55spg","hardwood","Hardwood",0.51,-2.0314,2.3524,0.07555,1.07047,NA,"Good",NA,NA,0.0223106573325524
"Fraxinus","FRPE","NEON.PLA.D05.TREE.03515","TREE_046","TREE","D05",2016-09-29,"Live","sapling",NA,NA,10,0.7,NA,1,NA,"Fraxinus pennsylvanica Marshall",NA,NA,"2016",544,"mixed hardwood","Fraxinus pennsylvanica Marshall","green ash","Oleaceae","tree","pennsylvanica",0.936,"hw3",-2.48,2.4835,"OleaceaeBelow0.55spg","hardwood","Hardwood",0.51,-2.0314,2.3524,0.07555,1.07047,NA,"Good",NA,NA,0.0515723079854
"Fraxinus","FRPE","NEON.PLA.D05.TREE.03519","TREE_046","TREE","D05",2016-09-29,"Live, physically damaged","sapling",NA,NA,10,0.5,NA,1.1,NA,"Fraxinus pennsylvanica Marshall",NA,NA,"2016",544,"mixed hardwood","Fraxinus pennsylvanica Marshall","green ash","Oleaceae","tree","pennsylvanica",0.936,"hw3",-2.48,2.4835,"OleaceaeBelow0.55spg","hardwood","Hardwood",0.51,-2.0314,2.3524,0.07555,1.07047,NA,"Good",NA,NA,0.0441174238338386
"Fraxinus","FRPE","NEON.PLA.D05.TREE.03519","TREE_046","TREE","D05",2017-09-25,"Live","sapling",NA,NA,10,0.4,NA,1.1,NA,"Fraxinus pennsylvanica Marshall",NA,NA,"2017",544,"mixed hardwood","Fraxinus pennsylvanica Marshall","green ash","Oleaceae","tree","pennsylvanica",0.936,"hw3",-2.48,2.4835,"OleaceaeBelow0.55spg","hardwood","Hardwood",0.51,-2.0314,2.3524,0.07555,1.07047,NA,"Good",NA,NA,0.0347432853262991
"Fraxinus","FRPE","NEON.PLA.D05.TREE.03519","TREE_046","TREE","D05",2021-09-21,"Live, broken bole","sapling","Full shade",NA,10,0.4,NA,1.2,NA,"Fraxinus pennsylvanica Marshall",NA,NA,"2021",544,"mixed hardwood","Fraxinus pennsylvanica Marshall","green ash","Oleaceae","tree","pennsylvanica",0.936,"hw3",-2.48,2.4835,"OleaceaeBelow0.55spg","hardwood","Hardwood",0.51,-2.0314,2.3524,0.07555,1.07047,NA,"Good",NA,NA,0.0418575615482889
"Fraxinus","FRPE","NEON.PLA.D05.TREE.03521","TREE_046","TREE","D05",2016-09-29,"Live, physically damaged","sapling",NA,NA,10,0.4,NA,1.3,NA,"Fraxinus pennsylvanica Marshall",NA,NA,"2016",544,"mixed hardwood","Fraxinus pennsylvanica Marshall","green ash","Oleaceae","tree","pennsylvanica",0.936,"hw3",-2.48,2.4835,"OleaceaeBelow0.55spg","hardwood","Hardwood",0.51,-2.0314,2.3524,0.07555,1.07047,NA,"Good",NA,NA,0.049681821287937
"Fraxinus","FRPE","NEON.PLA.D05.TREE.03522","TREE_046","TREE","D05",2016-09-29,"Live, physically damaged","sapling",NA,NA,10,0.5,NA,1.1,NA,"Fraxinus pennsylvanica Marshall",NA,NA,"2016",544,"mixed hardwood","Fraxinus pennsylvanica Marshall","green ash","Oleaceae","tree","pennsylvanica",0.936,"hw3",-2.48,2.4835,"OleaceaeBelow0.55spg","hardwood","Hardwood",0.51,-2.0314,2.3524,0.07555,1.07047,NA,"Good",NA,NA,0.0441174238338386
"Fraxinus","FRPE","NEON.PLA.D05.TREE.00649","TREE_053","TREE","D05",2016-09-27,"Live","sapling",NA,NA,10,0.6,NA,1.6,NA,"Fraxinus pennsylvanica Marshall",NA,NA,"2016",544,"mixed hardwood","Fraxinus pennsylvanica Marshall","green ash","Oleaceae","tree","pennsylvanica",0.936,"hw3",-2.48,2.4835,"OleaceaeBelow0.55spg","hardwood","Hardwood",0.51,-2.0314,2.3524,0.07555,1.07047,NA,"Good",NA,NA,0.11960812251833
"Fraxinus","FRPE","NEON.PLA.D05.TREE.03514","TREE_046","TREE","D05",2021-09-21,"Live","sapling","Full shade",NA,10,0.6,NA,1.6,NA,"Fraxinus pennsylvanica Marshall",NA,NA,"2021",544,"mixed hardwood","Fraxinus pennsylvanica Marshall","green ash","Oleaceae","tree","pennsylvanica",0.936,"hw3",-2.48,2.4835,"OleaceaeBelow0.55spg","hardwood","Hardwood",0.51,-2.0314,2.3524,0.07555,1.07047,NA,"Good",NA,NA,0.11960812251833
"Fraxinus","FRPE","NEON.PLA.D05.TREE.03523","TREE_046","TREE","D05",2021-09-21,"Live, physically damaged","sapling","Full shade",NA,10,0.7,NA,1,NA,"Fraxinus pennsylvanica Marshall",NA,NA,"2021",544,"mixed hardwood","Fraxinus pennsylvanica Marshall","green ash","Oleaceae","tree","pennsylvanica",0.936,"hw3",-2.48,2.4835,"OleaceaeBelow0.55spg","hardwood","Hardwood",0.51,-2.0314,2.3524,0.07555,1.07047,NA,"Good",NA,NA,0.0515723079854
"Fraxinus","FRPE","NEON.PLA.D05.TREE.03517","TREE_046","TREE","D05",2017-09-25,"Live","sapling",NA,NA,10,1,NA,1,NA,"Fraxinus pennsylvanica Marshall",NA,NA,"2017",544,"mixed hardwood","Fraxinus pennsylvanica Marshall","green ash","Oleaceae","tree","pennsylvanica",0.936,"hw3",-2.48,2.4835,"OleaceaeBelow0.55spg","hardwood","Hardwood",0.51,-2.0314,2.3524,0.07555,1.07047,NA,"Good",NA,NA,0.07555
"Fraxinus","FRPE","NEON.PLA.D05.TREE.03516","TREE_046","TREE","D05",2017-09-25,"Live","sapling",NA,NA,10,0.5,NA,1.5,NA,"Fraxinus pennsylvanica Marshall",NA,NA,"2017",544,"mixed hardwood","Fraxinus pennsylvanica Marshall","green ash","Oleaceae","tree","pennsylvanica",0.936,"hw3",-2.48,2.4835,"OleaceaeBelow0.55spg","hardwood","Hardwood",0.51,-2.0314,2.3524,0.07555,1.07047,NA,"Good",NA,NA,0.0857021484654348
"Fraxinus","FRPE","NEON.PLA.D05.TREE.00140","TREE_046","TREE","D05",2018-10-10,"Live","sapling",NA,NA,10,1.1,NA,1.1,NA,"Fraxinus pennsylvanica Marshall",NA,NA,"2018",544,"mixed hardwood","Fraxinus pennsylvanica Marshall","green ash","Oleaceae","tree","pennsylvanica",0.936,"hw3",-2.48,2.4835,"OleaceaeBelow0.55spg","hardwood","Hardwood",0.51,-2.0314,2.3524,0.07555,1.07047,NA,"Good",NA,NA,0.102603777853619
"Fraxinus","FRPE","NEON.PLA.D05.TREE.03516","TREE_046","TREE","D05",2022-09-20,"Live, physically damaged","sapling","Full shade",NA,10,0.5,NA,1.5,NA,"Fraxinus pennsylvanica Marshall",NA,NA,"2022",544,"mixed hardwood","Fraxinus pennsylvanica Marshall","green ash","Oleaceae","tree","pennsylvanica",0.936,"hw3",-2.48,2.4835,"OleaceaeBelow0.55spg","hardwood","Hardwood",0.51,-2.0314,2.3524,0.07555,1.07047,NA,"Good",NA,NA,0.0857021484654348
"Fraxinus","FRPE","NEON.PLA.D05.TREE.03516","TREE_046","TREE","D05",2021-09-21,"Live, physically damaged","sapling","Full shade",NA,10,0.6,NA,1.6,NA,"Fraxinus pennsylvanica Marshall",NA,NA,"2021",544,"mixed hardwood","Fraxinus pennsylvanica Marshall","green ash","Oleaceae","tree","pennsylvanica",0.936,"hw3",-2.48,2.4835,"OleaceaeBelow0.55spg","hardwood","Hardwood",0.51,-2.0314,2.3524,0.07555,1.07047,NA,"Good",NA,NA,0.11960812251833
"Fraxinus","FRPE","NEON.PLA.D05.TREE.00690","TREE_046","TREE","D05",2017-09-25,"Live","sapling",NA,NA,10,0.3,NA,1.4,NA,"Fraxinus pennsylvanica Marshall",NA,NA,"2017",544,"mixed hardwood","Fraxinus pennsylvanica Marshall","green ash","Oleaceae","tree","pennsylvanica",0.936,"hw3",-2.48,2.4835,"OleaceaeBelow0.55spg","hardwood","Hardwood",0.51,-2.0314,2.3524,0.07555,1.07047,NA,"Good",NA,NA,0.04279172706985
"Fraxinus","FRNI","NEON.PLA.D05.TREE.00506","TREE_053","TREE","D05",2017-08-30,"Live","sapling",NA,NA,10,0.9,NA,1.4,NA,"Fraxinus nigra Marshall",NA,NA,"2017",543,"mixed hardwood","Fraxinus nigra Marshall","black ash","Oleaceae","tree","nigra",0.936,"hw3",-2.48,2.4835,"OleaceaeBelow0.55spg","hardwood","Hardwood",0.51,-2.0314,2.3524,0.07555,1.07047,NA,"Good",NA,NA,0.138708732892592
"Fraxinus","FRNI","NEON.PLA.D05.TREE.03544","TREE_056","TREE","D05",2017-08-28,"Live","sapling",NA,NA,10,1.5,NA,1.1,NA,"Fraxinus nigra Marshall",NA,NA,"2017",543,"mixed hardwood","Fraxinus nigra Marshall","black ash","Oleaceae","tree","nigra",0.936,"hw3",-2.48,2.4835,"OleaceaeBelow0.55spg","hardwood","Hardwood",0.51,-2.0314,2.3524,0.07555,1.07047,NA,"Good",NA,NA,0.143005958803397
"Fraxinus","FRNI","NEON.PLA.D05.TREE.00506","TREE_053","TREE","D05",2018-10-09,"Live","sapling",NA,NA,10,0.9,NA,1.3,NA,"Fraxinus nigra Marshall",NA,NA,"2018",543,"mixed hardwood","Fraxinus nigra Marshall","black ash","Oleaceae","tree","nigra",0.936,"hw3",-2.48,2.4835,"OleaceaeBelow0.55spg","hardwood","Hardwood",0.51,-2.0314,2.3524,0.07555,1.07047,NA,"Good",NA,NA,0.118358193646019
"Fraxinus","FRNI","NEON.PLA.D05.TREE.03545","TREE_056","TREE","D05",2021-09-22,"Live","sapling","Full shade",NA,10,1,NA,1.1,NA,"Fraxinus nigra Marshall",NA,NA,"2021",543,"mixed hardwood","Fraxinus nigra Marshall","black ash","Oleaceae","tree","nigra",0.936,"hw3",-2.48,2.4835,"OleaceaeBelow0.55spg","hardwood","Hardwood",0.51,-2.0314,2.3524,0.07555,1.07047,NA,"Good",NA,NA,0.0926517707750052
"Fraxinus","FRPE","NEON.PLA.D05.TREE.03515","TREE_046","TREE","D05",2017-09-25,"Live","sapling",NA,NA,10,0.7,NA,1.4,NA,"Fraxinus pennsylvanica Marshall",NA,NA,"2017",544,"mixed hardwood","Fraxinus pennsylvanica Marshall","green ash","Oleaceae","tree","pennsylvanica",0.936,"hw3",-2.48,2.4835,"OleaceaeBelow0.55spg","hardwood","Hardwood",0.51,-2.0314,2.3524,0.07555,1.07047,NA,"Good",NA,NA,0.105990739994377
"Fraxinus","FRPE","NEON.PLA.D05.TREE.03516","TREE_046","TREE","D05",2018-10-10,"Live","sapling",NA,NA,10,0.5,NA,1.3,NA,"Fraxinus pennsylvanica Marshall",NA,NA,"2018",544,"mixed hardwood","Fraxinus pennsylvanica Marshall","green ash","Oleaceae","tree","pennsylvanica",0.936,"hw3",-2.48,2.4835,"OleaceaeBelow0.55spg","hardwood","Hardwood",0.51,-2.0314,2.3524,0.07555,1.07047,NA,"Good",NA,NA,0.0630865488399228
"Fraxinus","FRNI","NEON.PLA.D05.TREE.03545","TREE_056","TREE","D05",2017-08-28,"Live","sapling",NA,NA,10,1.1,NA,1.1,NA,"Fraxinus nigra Marshall",NA,NA,"2017",543,"mixed hardwood","Fraxinus nigra Marshall","black ash","Oleaceae","tree","nigra",0.936,"hw3",-2.48,2.4835,"OleaceaeBelow0.55spg","hardwood","Hardwood",0.51,-2.0314,2.3524,0.07555,1.07047,NA,"Good",NA,NA,0.102603777853619
"Larix","LALA","NEON.PLA.D05.TREE.02847","TREE_011","TREE","D05",2017-11-01,"Live","sapling",NA,NA,10,1.8,NA,1.7,NA,"Larix laricina (Du Roi) K. Koch",NA,NA,"2017",71,"spruce","Larix laricina (Du Roi) K. Koch","tamarack","Pinaceae","tree","laricina",0.631,"sw5",-2.0773,2.3323,"Larix","conifer","Conifer",0.49,-2.3012,2.3853,NA,NA,NA,"Check",NA,NA,NA
"Larix","LALA","NEON.PLA.D05.TREE.03565","TREE_055","TREE","D05",2016-09-27,"Live","sapling",NA,NA,10,1.2,NA,1.1,NA,"Larix laricina (Du Roi) K. Koch",NA,NA,"2016",71,"spruce","Larix laricina (Du Roi) K. Koch","tamarack","Pinaceae","tree","laricina",0.631,"sw5",-2.0773,2.3323,"Larix","conifer","Conifer",0.49,-2.3012,2.3853,NA,NA,NA,"Check",NA,NA,NA
"Larix","LALA","NEON.PLA.D05.TREE.03565","TREE_055","TREE","D05",2017-09-14,"No longer qualifies","sapling",NA,NA,10,1.2,NA,0.9,NA,"Larix laricina (Du Roi) K. Koch",NA,NA,"2017",71,"spruce","Larix laricina (Du Roi) K. Koch","tamarack","Pinaceae","tree","laricina",0.631,"sw5",-2.0773,2.3323,"Larix","conifer","Conifer",0.49,-2.3012,2.3853,NA,NA,NA,"Check",NA,NA,NA
"Ostrya","OSVI","NEON.PLA.D05.TREE.03195","TREE_045","TREE","D05",2017-10-19,"Live","sapling",NA,NA,10,1,NA,1.1,NA,"Ostrya virginiana (Mill.) K. Koch",NA,NA,"2017",701,"mixed hardwood","Ostrya virginiana (Mill.) K. Koch","hophornbeam","Betulaceae","tree","virginiana",0.84,"hw3",-2.48,2.4835,"BetulaceaeAbove0.60spg","hardwood","Hardwood",0.62,-2.2652,2.5349,NA,NA,NA,"Check",NA,NA,NA
"Ostrya","OSVI","NEON.PLA.D05.TREE.03195","TREE_045","TREE","D05",2016-10-18,"Live","sapling",NA,NA,10,1,NA,1,NA,"Ostrya virginiana (Mill.) K. Koch",NA,NA,"2016",701,"mixed hardwood","Ostrya virginiana (Mill.) K. Koch","hophornbeam","Betulaceae","tree","virginiana",0.84,"hw3",-2.48,2.4835,"BetulaceaeAbove0.60spg","hardwood","Hardwood",0.62,-2.2652,2.5349,NA,NA,NA,"Check",NA,NA,NA
"Ostrya","OSVI","NEON.PLA.D05.TREE.00133","TREE_055","TREE","D05",2016-09-27,"Live","sapling",NA,NA,10,1.1,NA,1.3,NA,"Ostrya virginiana (Mill.) K. Koch",NA,NA,"2016",701,"mixed hardwood","Ostrya virginiana (Mill.) K. Koch","hophornbeam","Betulaceae","tree","virginiana",0.84,"hw3",-2.48,2.4835,"BetulaceaeAbove0.60spg","hardwood","Hardwood",0.62,-2.2652,2.5349,NA,NA,NA,"Check",NA,NA,NA
"Ostrya","OSVI","NEON.PLA.D05.TREE.00133","TREE_055","TREE","D05",2018-10-10,"Live","sapling",NA,NA,10,1.1,NA,1.4,NA,"Ostrya virginiana (Mill.) K. Koch",NA,NA,"2018",701,"mixed hardwood","Ostrya virginiana (Mill.) K. Koch","hophornbeam","Betulaceae","tree","virginiana",0.84,"hw3",-2.48,2.4835,"BetulaceaeAbove0.60spg","hardwood","Hardwood",0.62,-2.2652,2.5349,NA,NA,NA,"Check",NA,NA,NA
"Ostrya","OSVI","NEON.PLA.D05.TREE.00133","TREE_055","TREE","D05",2017-09-14,"Live","sapling",NA,NA,10,2,NA,1.1,NA,"Ostrya virginiana (Mill.) K. Koch",NA,NA,"2017",701,"mixed hardwood","Ostrya virginiana (Mill.) K. Koch","hophornbeam","Betulaceae","tree","virginiana",0.84,"hw3",-2.48,2.4835,"BetulaceaeAbove0.60spg","hardwood","Hardwood",0.62,-2.2652,2.5349,NA,NA,NA,"Check",NA,NA,NA
"Picea","PIGL","NEON.PLA.D05.TREE.00466","TREE_052","TREE","D05",2018-08-29,"Live","sapling",NA,NA,10,1.4,NA,2.4,NA,"Picea glauca (Moench) Voss",NA,NA,"2018",94,"spruce","Picea glauca (Moench) Voss","white spruce","Pinaceae","tree","glauca",0.608,"sw5",-2.0773,2.3323,"PiceaAbove0.35spg","conifer","Conifer",0.37,-2.1364,2.3233,2.24952,0.76318,NA,"Good",NA,NA,11.0649914812066
"Picea","PIGL","NEON.PLA.D05.TREE.02124","TREE_018","TREE","D05",2018-04-25,"Live","sapling",NA,NA,10,NA,NA,1.8,NA,"Picea glauca (Moench) Voss",NA,NA,"2018",94,"spruce","Picea glauca (Moench) Voss","white spruce","Pinaceae","tree","glauca",0.608,"sw5",-2.0773,2.3323,"PiceaAbove0.35spg","conifer","Conifer",0.37,-2.1364,2.3233,2.24952,0.76318,NA,"Check",NA,NA,NA
"Picea","PIGL","NEON.PLA.D05.TREE.01642","TREE_046","TREE","D05",2021-09-21,"Live","sapling","Full shade",NA,10,0.7,NA,1.2,NA,"Picea glauca (Moench) Voss",NA,NA,"2021",94,"spruce","Picea glauca (Moench) Voss","white spruce","Pinaceae","tree","glauca",0.608,"sw5",-2.0773,2.3323,"PiceaAbove0.35spg","conifer","Conifer",0.37,-2.1364,2.3233,2.24952,0.76318,NA,"Good",NA,NA,2.26324134187142
"Picea","PIGL","NEON.PLA.D05.TREE.03137","TREE_018","TREE","D05",2018-04-25,"Live","sapling",NA,NA,10,NA,NA,1.5,NA,"Picea glauca (Moench) Voss",NA,NA,"2018",94,"spruce","Picea glauca (Moench) Voss","white spruce","Pinaceae","tree","glauca",0.608,"sw5",-2.0773,2.3323,"PiceaAbove0.35spg","conifer","Conifer",0.37,-2.1364,2.3233,2.24952,0.76318,NA,"Check",NA,NA,NA
"Picea","PIGL","NEON.PLA.D05.TREE.03481","TREE_047","TREE","D05",2017-10-16,"Live","sapling",NA,NA,10,0.8,NA,1.2,NA,"Picea glauca (Moench) Voss",NA,NA,"2017",94,"spruce","Picea glauca (Moench) Voss","white spruce","Pinaceae","tree","glauca",0.608,"sw5",-2.0773,2.3323,"PiceaAbove0.35spg","conifer","Conifer",0.37,-2.1364,2.3233,2.24952,0.76318,NA,"Good",NA,NA,2.50604671123878
"Picea","PIGL","NEON.PLA.D05.TREE.03472","TREE_018","TREE","D05",2018-04-25,"Live","sapling",NA,NA,10,NA,NA,1.1,NA,"Picea glauca (Moench) Voss",NA,NA,"2018",94,"spruce","Picea glauca (Moench) Voss","white spruce","Pinaceae","tree","glauca",0.608,"sw5",-2.0773,2.3323,"PiceaAbove0.35spg","conifer","Conifer",0.37,-2.1364,2.3233,2.24952,0.76318,NA,"Check",NA,NA,NA
"Picea","PIGL","NEON.PLA.D05.TREE.02898","TREE_001","TREE","D05",2019-10-07,"Live","sapling",NA,NA,10,1.2,NA,1.7,NA,"Picea glauca (Moench) Voss",NA,NA,"2019",94,"spruce","Picea glauca (Moench) Voss","white spruce","Pinaceae","tree","glauca",0.608,"sw5",-2.0773,2.3323,"PiceaAbove0.35spg","conifer","Conifer",0.37,-2.1364,2.3233,2.24952,0.76318,NA,"Good",NA,NA,5.8112213454176
"Picea","PIGL","NEON.PLA.D05.TREE.00602","TREE_042","TREE","D05",2017-09-25,"Live","sapling",NA,NA,10,1.4,NA,2.3,NA,"Picea glauca (Moench) Voss",NA,NA,"2017",94,"spruce","Picea glauca (Moench) Voss","white spruce","Pinaceae","tree","glauca",0.608,"sw5",-2.0773,2.3323,"PiceaAbove0.35spg","conifer","Conifer",0.37,-2.1364,2.3233,2.24952,0.76318,NA,"Good",NA,NA,10.3690448457717
"Picea","PIGL","NEON.PLA.D05.TREE.00212","TREE_055","TREE","D05",2017-09-14,"Live","sapling",NA,NA,10,1.1,NA,1.7,NA,"Picea glauca (Moench) Voss",NA,NA,"2017",94,"spruce","Picea glauca (Moench) Voss","white spruce","Pinaceae","tree","glauca",0.608,"sw5",-2.0773,2.3323,"PiceaAbove0.35spg","conifer","Conifer",0.37,-2.1364,2.3233,2.24952,0.76318,NA,"Good",NA,NA,5.43785901748073
"Picea","PIGL","NEON.PLA.D05.TREE.03372","TREE_039","TREE","D05",2021-09-30,"Live","sapling","Mostly shaded",NA,10,0.6,NA,1.5,NA,"Picea glauca (Moench) Voss",NA,NA,"2021",94,"spruce","Picea glauca (Moench) Voss","white spruce","Pinaceae","tree","glauca",0.608,"sw5",-2.0773,2.3323,"PiceaAbove0.35spg","conifer","Conifer",0.37,-2.1364,2.3233,2.24952,0.76318,NA,"Good",NA,NA,2.82851173034948
"Picea","PIGL","NEON.PLA.D05.TREE.01642","TREE_046","TREE","D05",2022-09-20,"Live","sapling","Full shade",NA,10,0.6,NA,1.1,NA,"Picea glauca (Moench) Voss",NA,NA,"2022",94,"spruce","Picea glauca (Moench) Voss","white spruce","Pinaceae","tree","glauca",0.608,"sw5",-2.0773,2.3323,"PiceaAbove0.35spg","conifer","Conifer",0.37,-2.1364,2.3233,2.24952,0.76318,NA,"Good",NA,NA,1.76181161546421
"Picea","PIGL","NEON.PLA.D05.TREE.00801","TREE_052","TREE","D05",2018-08-29,"Live","sapling",NA,NA,10,0.8,NA,1.3,NA,"Picea glauca (Moench) Voss",NA,NA,"2018",94,"spruce","Picea glauca (Moench) Voss","white spruce","Pinaceae","tree","glauca",0.608,"sw5",-2.0773,2.3323,"PiceaAbove0.35spg","conifer","Conifer",0.37,-2.1364,2.3233,2.24952,0.76318,NA,"Good",NA,NA,2.83170918981008
"Picea","PIGL","NEON.PLA.D05.TREE.02060","TREE_018","TREE","D05",2019-10-30,"Live","sapling",NA,NA,20,1.2,NA,2,NA,"Picea glauca (Moench) Voss",NA,NA,"2019",94,"spruce","Picea glauca (Moench) Voss","white spruce","Pinaceae","tree","glauca",0.608,"sw5",-2.0773,2.3323,"PiceaAbove0.35spg","conifer","Conifer",0.37,-2.1364,2.3233,2.24952,0.76318,NA,"Good",NA,NA,7.44731195860239
"Picea","PIGL","NEON.PLA.D05.TREE.00801","TREE_052","TREE","D05",2017-09-26,"Live","sapling",NA,NA,10,0.6,NA,1.2,NA,"Picea glauca (Moench) Voss",NA,NA,"2017",94,"spruce","Picea glauca (Moench) Voss","white spruce","Pinaceae","tree","glauca",0.608,"sw5",-2.0773,2.3323,"PiceaAbove0.35spg","conifer","Conifer",0.37,-2.1364,2.3233,2.24952,0.76318,NA,"Good",NA,NA,2.01204836859661
"Picea","PIGL","NEON.PLA.D05.TREE.03564","TREE_055","TREE","D05",2017-09-14,"Live","sapling",NA,NA,10,0.8,NA,1.4,NA,"Picea glauca (Moench) Voss",NA,NA,"2017",94,"spruce","Picea glauca (Moench) Voss","white spruce","Pinaceae","tree","glauca",0.608,"sw5",-2.0773,2.3323,"PiceaAbove0.35spg","conifer","Conifer",0.37,-2.1364,2.3233,2.24952,0.76318,NA,"Good",NA,NA,3.17083806803054
"Picea","PIGL","NEON.PLA.D05.TREE.03372","TREE_039","TREE","D05",2018-10-17,"Live","sapling",NA,NA,10,0.5,NA,1,NA,"Picea glauca (Moench) Voss",NA,NA,"2018",94,"spruce","Picea glauca (Moench) Voss","white spruce","Pinaceae","tree","glauca",0.608,"sw5",-2.0773,2.3323,"PiceaAbove0.35spg","conifer","Conifer",0.37,-2.1364,2.3233,2.24952,0.76318,NA,"Good",NA,NA,1.32540860743065
"Picea","PIGL","NEON.PLA.D05.TREE.00767","TREE_052","TREE","D05",2018-08-29,"Live","sapling",NA,NA,10,1.8,NA,1.9,NA,"Picea glauca (Moench) Voss",NA,NA,"2018",94,"spruce","Picea glauca (Moench) Voss","white spruce","Pinaceae","tree","glauca",0.608,"sw5",-2.0773,2.3323,"PiceaAbove0.35spg","conifer","Conifer",0.37,-2.1364,2.3233,2.24952,0.76318,NA,"Good",NA,NA,9.38398004392353
"Picea","PIGL","NEON.PLA.D05.TREE.00212","TREE_055","TREE","D05",2018-10-10,"Live","sapling",NA,NA,10,1.3,NA,1.9,NA,"Picea glauca (Moench) Voss",NA,NA,"2018",94,"spruce","Picea glauca (Moench) Voss","white spruce","Pinaceae","tree","glauca",0.608,"sw5",-2.0773,2.3323,"PiceaAbove0.35spg","conifer","Conifer",0.37,-2.1364,2.3233,2.24952,0.76318,NA,"Good",NA,NA,7.32027662221001
"Picea","PIGL","NEON.PLA.D05.TREE.00801","TREE_052","TREE","D05",2016-09-29,"Live","sapling",NA,NA,10,0.5,NA,1,NA,"Picea glauca (Moench) Voss",NA,NA,"2016",94,"spruce","Picea glauca (Moench) Voss","white spruce","Pinaceae","tree","glauca",0.608,"sw5",-2.0773,2.3323,"PiceaAbove0.35spg","conifer","Conifer",0.37,-2.1364,2.3233,2.24952,0.76318,NA,"Good",NA,NA,1.32540860743065
"Picea","PIGL","NEON.PLA.D05.TREE.00654","TREE_042","TREE","D05",2020-10-06,"Live","sapling","Full shade",NA,10,1.8,NA,2.7,NA,"Picea glauca (Moench) Voss",NA,NA,"2020",94,"spruce","Picea glauca (Moench) Voss","white spruce","Pinaceae","tree","glauca",0.608,"sw5",-2.0773,2.3323,"PiceaAbove0.35spg","conifer","Conifer",0.37,-2.1364,2.3233,2.24952,0.76318,NA,"Good",NA,NA,16.0444607163058
"Picea","PIGL","NEON.PLA.D05.TREE.03468","TREE_008","TREE","D05",2019-10-09,"Live","sapling",NA,NA,10,1.5,NA,2.8,NA,"Picea glauca (Moench) Voss",NA,NA,"2019",94,"spruce","Picea glauca (Moench) Voss","white spruce","Pinaceae","tree","glauca",0.608,"sw5",-2.0773,2.3323,"PiceaAbove0.35spg","conifer","Conifer",0.37,-2.1364,2.3233,2.24952,0.76318,NA,"Good",NA,NA,14.7571780953022
"Picea","PIGL","NEON.PLA.D05.TREE.00602","TREE_042","TREE","D05",2019-10-23,"Live","sapling",NA,NA,10,1.8,NA,2.7,NA,"Picea glauca (Moench) Voss",NA,NA,"2019",94,"spruce","Picea glauca (Moench) Voss","white spruce","Pinaceae","tree","glauca",0.608,"sw5",-2.0773,2.3323,"PiceaAbove0.35spg","conifer","Conifer",0.37,-2.1364,2.3233,2.24952,0.76318,NA,"Good",NA,NA,16.0444607163058
"Picea","PIGL","NEON.PLA.D05.TREE.03480","TREE_047","TREE","D05",2018-08-28,"Live","sapling",NA,NA,10,0.9,NA,1.5,NA,"Picea glauca (Moench) Voss",NA,NA,"2018",94,"spruce","Picea glauca (Moench) Voss","white spruce","Pinaceae","tree","glauca",0.608,"sw5",-2.0773,2.3323,"PiceaAbove0.35spg","conifer","Conifer",0.37,-2.1364,2.3233,2.24952,0.76318,NA,"Good",NA,NA,3.85431594153259
"Picea","PIGL","NEON.PLA.D05.TREE.03884","TREE_057","TREE","D05",2017-10-17,"Live","sapling",NA,NA,10,1,NA,1.4,NA,"Picea glauca (Moench) Voss",NA,NA,"2017",94,"spruce","Picea glauca (Moench) Voss","white spruce","Pinaceae","tree","glauca",0.608,"sw5",-2.0773,2.3323,"PiceaAbove0.35spg","conifer","Conifer",0.37,-2.1364,2.3233,2.24952,0.76318,NA,"Good",NA,NA,3.75953253251314
"Picea","PIGL","NEON.PLA.D05.TREE.03372","TREE_039","TREE","D05",2020-10-01,"Live","sapling","Full shade",NA,10,0.6,NA,1.3,NA,"Picea glauca (Moench) Voss",NA,NA,"2020",94,"spruce","Picea glauca (Moench) Voss","white spruce","Pinaceae","tree","glauca",0.608,"sw5",-2.0773,2.3323,"PiceaAbove0.35spg","conifer","Conifer",0.37,-2.1364,2.3233,2.24952,0.76318,NA,"Good",NA,NA,2.27351542576835
"Picea","PIGL","NEON.PLA.D05.TREE.03481","TREE_047","TREE","D05",2018-10-11,"Live","sapling",NA,NA,10,0.9,NA,1.4,NA,"Picea glauca (Moench) Voss",NA,NA,"2018",94,"spruce","Picea glauca (Moench) Voss","white spruce","Pinaceae","tree","glauca",0.608,"sw5",-2.0773,2.3323,"PiceaAbove0.35spg","conifer","Conifer",0.37,-2.1364,2.3233,2.24952,0.76318,NA,"Good",NA,NA,3.46906666401809
"Picea","PIGL","NEON.PLA.D05.TREE.02898","TREE_001","TREE","D05",2017-10-25,"Live","sapling",NA,NA,10,1.1,NA,1.5,NA,"Picea glauca (Moench) Voss",NA,NA,"2017",94,"spruce","Picea glauca (Moench) Voss","white spruce","Pinaceae","tree","glauca",0.608,"sw5",-2.0773,2.3323,"PiceaAbove0.35spg","conifer","Conifer",0.37,-2.1364,2.3233,2.24952,0.76318,NA,"Good",NA,NA,4.49219481634869
"Picea","PIGL","NEON.PLA.D05.TREE.03564","TREE_055","TREE","D05",2018-10-10,"Live","sapling",NA,NA,10,0.9,NA,1.5,NA,"Picea glauca (Moench) Voss",NA,NA,"2018",94,"spruce","Picea glauca (Moench) Voss","white spruce","Pinaceae","tree","glauca",0.608,"sw5",-2.0773,2.3323,"PiceaAbove0.35spg","conifer","Conifer",0.37,-2.1364,2.3233,2.24952,0.76318,NA,"Good",NA,NA,3.85431594153259
"Picea","PIGL","NEON.PLA.D05.TREE.03564","TREE_055","TREE","D05",2016-09-27,"Live","sapling",NA,NA,10,0.7,NA,1.1,NA,"Picea glauca (Moench) Voss",NA,NA,"2016",94,"spruce","Picea glauca (Moench) Voss","white spruce","Pinaceae","tree","glauca",0.608,"sw5",-2.0773,2.3323,"PiceaAbove0.35spg","conifer","Conifer",0.37,-2.1364,2.3233,2.24952,0.76318,NA,"Good",NA,NA,1.98176393119666
"Picea","PIGL","NEON.PLA.D05.TREE.00466","TREE_052","TREE","D05",2017-09-26,"Live","sapling",NA,NA,10,1.3,NA,2.3,NA,"Picea glauca (Moench) Voss",NA,NA,"2017",94,"spruce","Picea glauca (Moench) Voss","white spruce","Pinaceae","tree","glauca",0.608,"sw5",-2.0773,2.3323,"PiceaAbove0.35spg","conifer","Conifer",0.37,-2.1364,2.3233,2.24952,0.76318,NA,"Good",NA,NA,9.79887113135714
"Picea","PIGL","NEON.PLA.D05.TREE.00654","TREE_042","TREE","D05",2016-09-28,"Live","sapling",NA,NA,10,1.2,NA,2,NA,"Picea glauca (Moench) Voss",NA,NA,"2016",94,"spruce","Picea glauca (Moench) Voss","white spruce","Pinaceae","tree","glauca",0.608,"sw5",-2.0773,2.3323,"PiceaAbove0.35spg","conifer","Conifer",0.37,-2.1364,2.3233,2.24952,0.76318,NA,"Good",NA,NA,7.44731195860239
"Picea","PIGL","NEON.PLA.D05.TREE.03468","TREE_008","TREE","D05",2018-04-30,"Live","sapling",NA,NA,10,1,NA,1.6,NA,"Picea glauca (Moench) Voss",NA,NA,"2018",94,"spruce","Picea glauca (Moench) Voss","white spruce","Pinaceae","tree","glauca",0.608,"sw5",-2.0773,2.3323,"PiceaAbove0.35spg","conifer","Conifer",0.37,-2.1364,2.3233,2.24952,0.76318,NA,"Good",NA,NA,4.60946408477452
"Picea","PIGL","NEON.PLA.D05.TREE.01066","TREE_039","TREE","D05",2019-10-23,"Live","sapling",NA,NA,10,1.2,NA,2.5,NA,"Picea glauca (Moench) Voss",NA,NA,"2019",94,"spruce","Picea glauca (Moench) Voss","white spruce","Pinaceae","tree","glauca",0.608,"sw5",-2.0773,2.3323,"PiceaAbove0.35spg","conifer","Conifer",0.37,-2.1364,2.3233,2.24952,0.76318,NA,"Good",NA,NA,10.4693354112413
"Picea","PIGL","NEON.PLA.D05.TREE.05188","TREE_046","TREE","D05",2021-09-21,"Live","sapling","Full shade",NA,10,0.6,NA,1.1,NA,"Picea glauca (Moench) Voss",NA,NA,"2021",94,"spruce","Picea glauca (Moench) Voss","white spruce","Pinaceae","tree","glauca",0.608,"sw5",-2.0773,2.3323,"PiceaAbove0.35spg","conifer","Conifer",0.37,-2.1364,2.3233,2.24952,0.76318,NA,"Good",NA,NA,1.76181161546421
"Picea","PIGL","NEON.PLA.D05.TREE.00287","TREE_056","TREE","D05",2016-09-28,"Live","sapling",NA,NA,10,1.3,NA,2.3,NA,"Picea glauca (Moench) Voss",NA,NA,"2016",94,"spruce","Picea glauca (Moench) Voss","white spruce","Pinaceae","tree","glauca",0.608,"sw5",-2.0773,2.3323,"PiceaAbove0.35spg","conifer","Conifer",0.37,-2.1364,2.3233,2.24952,0.76318,NA,"Good",NA,NA,9.79887113135714
"Picea","PIGL","NEON.PLA.D05.TREE.00602","TREE_042","TREE","D05",2020-10-06,"Live","sapling","Full shade",NA,10,1.9,NA,3.1,NA,"Picea glauca (Moench) Voss",NA,NA,"2020",94,"spruce","Picea glauca (Moench) Voss","white spruce","Pinaceae","tree","glauca",0.608,"sw5",-2.0773,2.3323,"PiceaAbove0.35spg","conifer","Conifer",0.37,-2.1364,2.3233,2.24952,0.76318,NA,"Good",NA,NA,20.6454268713905
"Picea","PIGL","NEON.PLA.D05.TREE.03480","TREE_047","TREE","D05",2017-10-16,"Live","sapling",NA,NA,10,0.8,NA,1.2,NA,"Picea glauca (Moench) Voss",NA,NA,"2017",94,"spruce","Picea glauca (Moench) Voss","white spruce","Pinaceae","tree","glauca",0.608,"sw5",-2.0773,2.3323,"PiceaAbove0.35spg","conifer","Conifer",0.37,-2.1364,2.3233,2.24952,0.76318,NA,"Good",NA,NA,2.50604671123878
"Picea","PIGL","NEON.PLA.D05.TREE.03891","TREE_047","TREE","D05",2017-10-16,"Live","sapling",NA,NA,10,1.1,NA,2.2,NA,"Picea glauca (Moench) Voss",NA,NA,"2017",94,"spruce","Picea glauca (Moench) Voss","white spruce","Pinaceae","tree","glauca",0.608,"sw5",-2.0773,2.3323,"PiceaAbove0.35spg","conifer","Conifer",0.37,-2.1364,2.3233,2.24952,0.76318,NA,"Good",NA,NA,8.06009594031736
"Picea","PIGL","NEON.PLA.D05.TREE.00212","TREE_055","TREE","D05",2016-09-27,"Live","sapling",NA,NA,10,0.9,NA,1.3,NA,"Picea glauca (Moench) Voss",NA,NA,"2016",94,"spruce","Picea glauca (Moench) Voss","white spruce","Pinaceae","tree","glauca",0.608,"sw5",-2.0773,2.3323,"PiceaAbove0.35spg","conifer","Conifer",0.37,-2.1364,2.3233,2.24952,0.76318,NA,"Good",NA,NA,3.09804150883847
"Picea","PIGL","NEON.PLA.D05.TREE.00465","TREE_052","TREE","D05",2018-08-29,"Live","sapling",NA,NA,10,1.4,NA,2,NA,"Picea glauca (Moench) Voss",NA,NA,"2018",94,"spruce","Picea glauca (Moench) Voss","white spruce","Pinaceae","tree","glauca",0.608,"sw5",-2.0773,2.3323,"PiceaAbove0.35spg","conifer","Conifer",0.37,-2.1364,2.3233,2.24952,0.76318,NA,"Good",NA,NA,8.37706715881715
"Picea","PIGL","NEON.PLA.D05.TREE.00654","TREE_042","TREE","D05",2018-10-10,"Live","sapling",NA,NA,10,1.7,NA,2.2,NA,"Picea glauca (Moench) Voss",NA,NA,"2018",94,"spruce","Picea glauca (Moench) Voss","white spruce","Pinaceae","tree","glauca",0.608,"sw5",-2.0773,2.3323,"PiceaAbove0.35spg","conifer","Conifer",0.37,-2.1364,2.3233,2.24952,0.76318,NA,"Good",NA,NA,11.2363213103
"Picea","PIGL","NEON.PLA.D05.TREE.00654","TREE_042","TREE","D05",2019-10-23,"Live","sapling",NA,NA,10,1.7,NA,2.2,NA,"Picea glauca (Moench) Voss",NA,NA,"2019",94,"spruce","Picea glauca (Moench) Voss","white spruce","Pinaceae","tree","glauca",0.608,"sw5",-2.0773,2.3323,"PiceaAbove0.35spg","conifer","Conifer",0.37,-2.1364,2.3233,2.24952,0.76318,NA,"Good",NA,NA,11.2363213103
"Picea","PIGL","NEON.PLA.D05.TREE.02048","TREE_018","TREE","D05",2018-04-25,"Live","sapling",NA,NA,10,NA,NA,2.2,NA,"Picea glauca (Moench) Voss",NA,NA,"2018",94,"spruce","Picea glauca (Moench) Voss","white spruce","Pinaceae","tree","glauca",0.608,"sw5",-2.0773,2.3323,"PiceaAbove0.35spg","conifer","Conifer",0.37,-2.1364,2.3233,2.24952,0.76318,NA,"Check",NA,NA,NA
"Picea","PIGL","NEON.PLA.D05.TREE.00767","TREE_052","TREE","D05",2017-09-26,"Live","sapling",NA,NA,10,1.7,NA,1.9,NA,"Picea glauca (Moench) Voss",NA,NA,"2017",94,"spruce","Picea glauca (Moench) Voss","white spruce","Pinaceae","tree","glauca",0.608,"sw5",-2.0773,2.3323,"PiceaAbove0.35spg","conifer","Conifer",0.37,-2.1364,2.3233,2.24952,0.76318,NA,"Good",NA,NA,8.98343051359189
"Picea","PIGL","NEON.PLA.D05.TREE.03372","TREE_039","TREE","D05",2019-10-23,"Live","sapling",NA,NA,10,0.6,NA,1.2,NA,"Picea glauca (Moench) Voss",NA,NA,"2019",94,"spruce","Picea glauca (Moench) Voss","white spruce","Pinaceae","tree","glauca",0.608,"sw5",-2.0773,2.3323,"PiceaAbove0.35spg","conifer","Conifer",0.37,-2.1364,2.3233,2.24952,0.76318,NA,"Good",NA,NA,2.01204836859661
"Picea","PIGL","NEON.PLA.D05.TREE.00466","TREE_052","TREE","D05",2016-09-29,"Live","sapling",NA,NA,10,1.3,NA,2.2,NA,"Picea glauca (Moench) Voss",NA,NA,"2016",94,"spruce","Picea glauca (Moench) Voss","white spruce","Pinaceae","tree","glauca",0.608,"sw5",-2.0773,2.3323,"PiceaAbove0.35spg","conifer","Conifer",0.37,-2.1364,2.3233,2.24952,0.76318,NA,"Good",NA,NA,9.15607685538177
"Picea","PIGL","NEON.PLA.D05.TREE.03942","TREE_004","TREE","D05",2018-05-02,"Live","sapling",NA,NA,10,NA,NA,2.7,NA,"Picea glauca (Moench) Voss",NA,NA,"2018",94,"spruce","Picea glauca (Moench) Voss","white spruce","Pinaceae","tree","glauca",0.608,"sw5",-2.0773,2.3323,"PiceaAbove0.35spg","conifer","Conifer",0.37,-2.1364,2.3233,2.24952,0.76318,NA,"Check",NA,NA,NA
"Picea","PIGL","NEON.PLA.D05.TREE.00459","TREE_051","TREE","D05",2016-09-28,"Live","sapling",NA,NA,10,0.7,NA,1.1,NA,"Picea glauca (Moench) Voss",NA,NA,"2016",94,"spruce","Picea glauca (Moench) Voss","white spruce","Pinaceae","tree","glauca",0.608,"sw5",-2.0773,2.3323,"PiceaAbove0.35spg","conifer","Conifer",0.37,-2.1364,2.3233,2.24952,0.76318,NA,"Good",NA,NA,1.98176393119666
"Picea","PIGL","NEON.PLA.D05.TREE.00459","TREE_051","TREE","D05",2017-09-26,"Live","sapling",NA,NA,10,0.8,NA,1,NA,"Picea glauca (Moench) Voss",NA,NA,"2017",94,"spruce","Picea glauca (Moench) Voss","white spruce","Pinaceae","tree","glauca",0.608,"sw5",-2.0773,2.3323,"PiceaAbove0.35spg","conifer","Conifer",0.37,-2.1364,2.3233,2.24952,0.76318,NA,"Good",NA,NA,1.89727408636838
"Picea","PIGL","NEON.PLA.D05.TREE.03557","TREE_055","TREE","D05",2016-09-27,"Live","sapling",NA,NA,10,0.5,NA,1,NA,"Picea glauca (Moench) Voss",NA,NA,"2016",94,"spruce","Picea glauca (Moench) Voss","white spruce","Pinaceae","tree","glauca",0.608,"sw5",-2.0773,2.3323,"PiceaAbove0.35spg","conifer","Conifer",0.37,-2.1364,2.3233,2.24952,0.76318,NA,"Good",NA,NA,1.32540860743065
"Picea","PIGL","NEON.PLA.D05.TREE.02085","TREE_018","TREE","D05",2019-10-30,"Live","sapling",NA,NA,10,0.9,NA,1.3,NA,"Picea glauca (Moench) Voss",NA,NA,"2019",94,"spruce","Picea glauca (Moench) Voss","white spruce","Pinaceae","tree","glauca",0.608,"sw5",-2.0773,2.3323,"PiceaAbove0.35spg","conifer","Conifer",0.37,-2.1364,2.3233,2.24952,0.76318,NA,"Good",NA,NA,3.09804150883847
"Picea","PIGL","NEON.PLA.D05.TREE.03900","TREE_055","TREE","D05",2018-10-10,"Live","sapling",NA,NA,10,0.7,NA,1.2,NA,"Picea glauca (Moench) Voss",NA,NA,"2018",94,"spruce","Picea glauca (Moench) Voss","white spruce","Pinaceae","tree","glauca",0.608,"sw5",-2.0773,2.3323,"PiceaAbove0.35spg","conifer","Conifer",0.37,-2.1364,2.3233,2.24952,0.76318,NA,"Good",NA,NA,2.26324134187142
"Picea","PIGL","NEON.PLA.D05.TREE.03557","TREE_055","TREE","D05",2017-09-14,"Live","sapling",NA,NA,10,0.6,NA,1.3,NA,"Picea glauca (Moench) Voss",NA,NA,"2017",94,"spruce","Picea glauca (Moench) Voss","white spruce","Pinaceae","tree","glauca",0.608,"sw5",-2.0773,2.3323,"PiceaAbove0.35spg","conifer","Conifer",0.37,-2.1364,2.3233,2.24952,0.76318,NA,"Good",NA,NA,2.27351542576835
"Picea","PIGL","NEON.PLA.D05.TREE.00465","TREE_052","TREE","D05",2017-09-26,"Live","sapling",NA,NA,10,1.3,NA,2,NA,"Picea glauca (Moench) Voss",NA,NA,"2017",94,"spruce","Picea glauca (Moench) Voss","white spruce","Pinaceae","tree","glauca",0.608,"sw5",-2.0773,2.3323,"PiceaAbove0.35spg","conifer","Conifer",0.37,-2.1364,2.3233,2.24952,0.76318,NA,"Good",NA,NA,7.91642844340154
"Picea","PIGL","NEON.PLA.D05.TREE.02128","TREE_018","TREE","D05",2018-04-25,"Live","sapling",NA,NA,10,NA,NA,2.7,NA,"Picea glauca (Moench) Voss",NA,NA,"2018",94,"spruce","Picea glauca (Moench) Voss","white spruce","Pinaceae","tree","glauca",0.608,"sw5",-2.0773,2.3323,"PiceaAbove0.35spg","conifer","Conifer",0.37,-2.1364,2.3233,2.24952,0.76318,NA,"Check",NA,NA,NA
"Picea","PIGL","NEON.PLA.D05.TREE.02085","TREE_018","TREE","D05",2018-04-25,"Live","sapling",NA,NA,10,NA,NA,1.3,NA,"Picea glauca (Moench) Voss",NA,NA,"2018",94,"spruce","Picea glauca (Moench) Voss","white spruce","Pinaceae","tree","glauca",0.608,"sw5",-2.0773,2.3323,"PiceaAbove0.35spg","conifer","Conifer",0.37,-2.1364,2.3233,2.24952,0.76318,NA,"Check",NA,NA,NA
"Picea","PIGL","NEON.PLA.D05.TREE.05184","TREE_039","TREE","D05",2021-09-30,"Live","sapling","Full shade",NA,10,0.6,NA,1,NA,"Picea glauca (Moench) Voss",NA,NA,"2021",94,"spruce","Picea glauca (Moench) Voss","white spruce","Pinaceae","tree","glauca",0.608,"sw5",-2.0773,2.3323,"PiceaAbove0.35spg","conifer","Conifer",0.37,-2.1364,2.3233,2.24952,0.76318,NA,"Good",NA,NA,1.52327856186333
"Picea","PIGL","NEON.PLA.D05.TREE.00287","TREE_056","TREE","D05",2018-10-09,"Live","sapling",NA,NA,10,1.7,NA,2.6,NA,"Picea glauca (Moench) Voss",NA,NA,"2018",94,"spruce","Picea glauca (Moench) Voss","white spruce","Pinaceae","tree","glauca",0.608,"sw5",-2.0773,2.3323,"PiceaAbove0.35spg","conifer","Conifer",0.37,-2.1364,2.3233,2.24952,0.76318,NA,"Good",NA,NA,14.4998191654706
"Picea","PIGL","NEON.PLA.D05.TREE.02128","TREE_018","TREE","D05",2019-10-30,"Live","sapling",NA,NA,10,1.8,NA,3.2,NA,"Picea glauca (Moench) Voss",NA,NA,"2019",94,"spruce","Picea glauca (Moench) Voss","white spruce","Pinaceae","tree","glauca",0.608,"sw5",-2.0773,2.3323,"PiceaAbove0.35spg","conifer","Conifer",0.37,-2.1364,2.3233,2.24952,0.76318,NA,"Good",NA,NA,20.794546339239
"Picea","PIGL","NEON.PLA.D05.TREE.02135","TREE_018","TREE","D05",2018-04-25,"Live","sapling",NA,NA,10,NA,NA,1.7,NA,"Picea glauca (Moench) Voss",NA,NA,"2018",94,"spruce","Picea glauca (Moench) Voss","white spruce","Pinaceae","tree","glauca",0.608,"sw5",-2.0773,2.3323,"PiceaAbove0.35spg","conifer","Conifer",0.37,-2.1364,2.3233,2.24952,0.76318,NA,"Check",NA,NA,NA
"Picea","PIGL","NEON.PLA.D05.TREE.03557","TREE_055","TREE","D05",2018-10-10,"Live","sapling",NA,NA,10,0.7,NA,1.6,NA,"Picea glauca (Moench) Voss",NA,NA,"2018",94,"spruce","Picea glauca (Moench) Voss","white spruce","Pinaceae","tree","glauca",0.608,"sw5",-2.0773,2.3323,"PiceaAbove0.35spg","conifer","Conifer",0.37,-2.1364,2.3233,2.24952,0.76318,NA,"Good",NA,NA,3.51101235438201
"Picea","PIGL","NEON.PLA.D05.TREE.00465","TREE_052","TREE","D05",2016-09-29,"Live","sapling",NA,NA,10,1.3,NA,1.9,NA,"Picea glauca (Moench) Voss",NA,NA,"2016",94,"spruce","Picea glauca (Moench) Voss","white spruce","Pinaceae","tree","glauca",0.608,"sw5",-2.0773,2.3323,"PiceaAbove0.35spg","conifer","Conifer",0.37,-2.1364,2.3233,2.24952,0.76318,NA,"Good",NA,NA,7.32027662221001
"Picea","PIGL","NEON.PLA.D05.TREE.00602","TREE_042","TREE","D05",2016-09-28,"Live","sapling",NA,NA,10,1.2,NA,2.3,NA,"Picea glauca (Moench) Voss",NA,NA,"2016",94,"spruce","Picea glauca (Moench) Voss","white spruce","Pinaceae","tree","glauca",0.608,"sw5",-2.0773,2.3323,"PiceaAbove0.35spg","conifer","Conifer",0.37,-2.1364,2.3233,2.24952,0.76318,NA,"Good",NA,NA,9.21820372395152
"Picea","PIGL","NEON.PLA.D05.TREE.00695","TREE_042","TREE","D05",2016-09-28,"Live","sapling",NA,NA,10,1,NA,2,NA,"Picea glauca (Moench) Voss",NA,NA,"2016",94,"spruce","Picea glauca (Moench) Voss","white spruce","Pinaceae","tree","glauca",0.608,"sw5",-2.0773,2.3323,"PiceaAbove0.35spg","conifer","Conifer",0.37,-2.1364,2.3233,2.24952,0.76318,NA,"Good",NA,NA,6.4799253526411
"Picea","PIGL","NEON.PLA.D05.TREE.00783","TREE_052","TREE","D05",2016-09-29,"Live","sapling",NA,NA,10,1.7,NA,2.7,NA,"Picea glauca (Moench) Voss",NA,NA,"2016",94,"spruce","Picea glauca (Moench) Voss","white spruce","Pinaceae","tree","glauca",0.608,"sw5",-2.0773,2.3323,"PiceaAbove0.35spg","conifer","Conifer",0.37,-2.1364,2.3233,2.24952,0.76318,NA,"Good",NA,NA,15.3596125842489
"Picea","PIGL","NEON.PLA.D05.TREE.03942","TREE_004","TREE","D05",2018-05-01,"Live","sapling",NA,NA,10,NA,NA,2.7,NA,"Picea glauca (Moench) Voss",NA,NA,"2018",94,"spruce","Picea glauca (Moench) Voss","white spruce","Pinaceae","tree","glauca",0.608,"sw5",-2.0773,2.3323,"PiceaAbove0.35spg","conifer","Conifer",0.37,-2.1364,2.3233,2.24952,0.76318,NA,"Check",NA,NA,NA
"Picea","PIGL","NEON.PLA.D05.TREE.02062","TREE_018","TREE","D05",2018-04-25,"Live","sapling",NA,NA,10,NA,NA,2.4,NA,"Picea glauca (Moench) Voss",NA,NA,"2018",94,"spruce","Picea glauca (Moench) Voss","white spruce","Pinaceae","tree","glauca",0.608,"sw5",-2.0773,2.3323,"PiceaAbove0.35spg","conifer","Conifer",0.37,-2.1364,2.3233,2.24952,0.76318,NA,"Check",NA,NA,NA
"Picea","PIGL","NEON.PLA.D05.TREE.00695","TREE_042","TREE","D05",2017-09-25,"Live","sapling",NA,NA,10,1.1,NA,2.3,NA,"Picea glauca (Moench) Voss",NA,NA,"2017",94,"spruce","Picea glauca (Moench) Voss","white spruce","Pinaceae","tree","glauca",0.608,"sw5",-2.0773,2.3323,"PiceaAbove0.35spg","conifer","Conifer",0.37,-2.1364,2.3233,2.24952,0.76318,NA,"Good",NA,NA,8.62594784567823
"Picea","PIGL","NEON.PLA.D05.TREE.03156","TREE_018","TREE","D05",2019-10-30,"Live","sapling",NA,NA,10,1,NA,1.3,NA,"Picea glauca (Moench) Voss",NA,NA,"2019",94,"spruce","Picea glauca (Moench) Voss","white spruce","Pinaceae","tree","glauca",0.608,"sw5",-2.0773,2.3323,"PiceaAbove0.35spg","conifer","Conifer",0.37,-2.1364,2.3233,2.24952,0.76318,NA,"Good",NA,NA,3.35744134304523
"Picea","PIGL","NEON.PLA.D05.TREE.03156","TREE_018","TREE","D05",2018-04-25,"Live","sapling",NA,NA,10,NA,NA,1.1,NA,"Picea glauca (Moench) Voss",NA,NA,"2018",94,"spruce","Picea glauca (Moench) Voss","white spruce","Pinaceae","tree","glauca",0.608,"sw5",-2.0773,2.3323,"PiceaAbove0.35spg","conifer","Conifer",0.37,-2.1364,2.3233,2.24952,0.76318,NA,"Check",NA,NA,NA
"Picea","PIGL","NEON.PLA.D05.TREE.03900","TREE_055","TREE","D05",2017-09-14,"Live","sapling",NA,NA,10,0.7,NA,1.1,NA,"Picea glauca (Moench) Voss",NA,NA,"2017",94,"spruce","Picea glauca (Moench) Voss","white spruce","Pinaceae","tree","glauca",0.608,"sw5",-2.0773,2.3323,"PiceaAbove0.35spg","conifer","Conifer",0.37,-2.1364,2.3233,2.24952,0.76318,NA,"Good",NA,NA,1.98176393119666
"Picea","PIGL","NEON.PLA.D05.TREE.00788","TREE_052","TREE","D05",2016-09-29,"Live","sapling",NA,NA,10,1,NA,1.4,NA,"Picea glauca (Moench) Voss",NA,NA,"2016",94,"spruce","Picea glauca (Moench) Voss","white spruce","Pinaceae","tree","glauca",0.608,"sw5",-2.0773,2.3323,"PiceaAbove0.35spg","conifer","Conifer",0.37,-2.1364,2.3233,2.24952,0.76318,NA,"Good",NA,NA,3.75953253251314
"Picea","PIGL","NEON.PLA.D05.TREE.02016","TREE_018","TREE","D05",2018-04-25,"Live","sapling",NA,NA,10,NA,NA,1.3,NA,"Picea glauca (Moench) Voss",NA,NA,"2018",94,"spruce","Picea glauca (Moench) Voss","white spruce","Pinaceae","tree","glauca",0.608,"sw5",-2.0773,2.3323,"PiceaAbove0.35spg","conifer","Conifer",0.37,-2.1364,2.3233,2.24952,0.76318,NA,"Check",NA,NA,NA
"Picea","PIGL","NEON.PLA.D05.TREE.02029","TREE_018","TREE","D05",2018-04-25,"Live","sapling",NA,NA,10,NA,NA,2.6,NA,"Picea glauca (Moench) Voss",NA,NA,"2018",94,"spruce","Picea glauca (Moench) Voss","white spruce","Pinaceae","tree","glauca",0.608,"sw5",-2.0773,2.3323,"PiceaAbove0.35spg","conifer","Conifer",0.37,-2.1364,2.3233,2.24952,0.76318,NA,"Check",NA,NA,NA
"Picea","PIGL","NEON.PLA.D05.TREE.05190","TREE_046","TREE","D05",2021-09-21,"Live","sapling","Full shade",NA,10,0.7,NA,1.2,NA,"Picea glauca (Moench) Voss",NA,NA,"2021",94,"spruce","Picea glauca (Moench) Voss","white spruce","Pinaceae","tree","glauca",0.608,"sw5",-2.0773,2.3323,"PiceaAbove0.35spg","conifer","Conifer",0.37,-2.1364,2.3233,2.24952,0.76318,NA,"Good",NA,NA,2.26324134187142
"Picea","PIGL","NEON.PLA.D05.TREE.00695","TREE_042","TREE","D05",2019-10-23,"Live","sapling",NA,NA,10,1.5,NA,2.4,NA,"Picea glauca (Moench) Voss",NA,NA,"2019",94,"spruce","Picea glauca (Moench) Voss","white spruce","Pinaceae","tree","glauca",0.608,"sw5",-2.0773,2.3323,"PiceaAbove0.35spg","conifer","Conifer",0.37,-2.1364,2.3233,2.24952,0.76318,NA,"Good",NA,NA,11.6632186316178
"Picea","PIGL","NEON.PLA.D05.TREE.03008","TREE_018","TREE","D05",2018-04-25,"Live","sapling",NA,NA,10,NA,NA,1.3,NA,"Picea glauca (Moench) Voss",NA,NA,"2018",94,"spruce","Picea glauca (Moench) Voss","white spruce","Pinaceae","tree","glauca",0.608,"sw5",-2.0773,2.3323,"PiceaAbove0.35spg","conifer","Conifer",0.37,-2.1364,2.3233,2.24952,0.76318,NA,"Check",NA,NA,NA
"Picea","PIGL","NEON.PLA.D05.TREE.03472","TREE_018","TREE","D05",2019-10-30,"Live","sapling",NA,NA,10,0.8,NA,1.1,NA,"Picea glauca (Moench) Voss",NA,NA,"2019",94,"spruce","Picea glauca (Moench) Voss","white spruce","Pinaceae","tree","glauca",0.608,"sw5",-2.0773,2.3323,"PiceaAbove0.35spg","conifer","Conifer",0.37,-2.1364,2.3233,2.24952,0.76318,NA,"Good",NA,NA,2.19437180222258
"Picea","PIGL","NEON.PLA.D05.TREE.01066","TREE_039","TREE","D05",2017-10-17,"Live","sapling",NA,NA,10,1.1,NA,2.1,NA,"Picea glauca (Moench) Voss",NA,NA,"2017",94,"spruce","Picea glauca (Moench) Voss","white spruce","Pinaceae","tree","glauca",0.608,"sw5",-2.0773,2.3323,"PiceaAbove0.35spg","conifer","Conifer",0.37,-2.1364,2.3233,2.24952,0.76318,NA,"Good",NA,NA,7.50762498419654
"Picea","PIGL","NEON.PLA.D05.TREE.02027","TREE_018","TREE","D05",2018-04-25,"Live","sapling",NA,NA,10,NA,NA,2.5,NA,"Picea glauca (Moench) Voss",NA,NA,"2018",94,"spruce","Picea glauca (Moench) Voss","white spruce","Pinaceae","tree","glauca",0.608,"sw5",-2.0773,2.3323,"PiceaAbove0.35spg","conifer","Conifer",0.37,-2.1364,2.3233,2.24952,0.76318,NA,"Check",NA,NA,NA
"Picea","PIGL","NEON.PLA.D05.TREE.03557","TREE_055","TREE","D05",2017-09-14,"Live","sapling",NA,NA,10,0.6,NA,1.3,NA,"Picea glauca (Moench) Voss",NA,NA,"2017",94,"spruce","Picea glauca (Moench) Voss","white spruce","Pinaceae","tree","glauca",0.608,"sw5",-2.0773,2.3323,"PiceaAbove0.35spg","conifer","Conifer",0.37,-2.1364,2.3233,2.24952,0.76318,NA,"Good",NA,NA,2.27351542576835
"Picea","PIGL","NEON.PLA.D05.TREE.00695","TREE_042","TREE","D05",2021-10-04,"Live","sapling","Full shade",NA,10,1.7,NA,3.7,NA,"Picea glauca (Moench) Voss",NA,NA,"2021",94,"spruce","Picea glauca (Moench) Voss","white spruce","Pinaceae","tree","glauca",0.608,"sw5",-2.0773,2.3323,"PiceaAbove0.35spg","conifer","Conifer",0.37,-2.1364,2.3233,2.24952,0.76318,NA,"Good",NA,NA,24.8453002863554
"Picea","PIGL","NEON.PLA.D05.TREE.00695","TREE_042","TREE","D05",2020-10-06,"Live","sapling","Full shade",NA,10,1.5,NA,3.2,NA,"Picea glauca (Moench) Voss",NA,NA,"2020",94,"spruce","Picea glauca (Moench) Voss","white spruce","Pinaceae","tree","glauca",0.608,"sw5",-2.0773,2.3323,"PiceaAbove0.35spg","conifer","Conifer",0.37,-2.1364,2.3233,2.24952,0.76318,NA,"Good",NA,NA,18.0933884291847
"Picea","PIGL","NEON.PLA.D05.TREE.03481","TREE_047","TREE","D05",2016-10-19,"Live","sapling",NA,NA,10,0.6,NA,1,NA,"Picea glauca (Moench) Voss",NA,NA,"2016",94,"spruce","Picea glauca (Moench) Voss","white spruce","Pinaceae","tree","glauca",0.608,"sw5",-2.0773,2.3323,"PiceaAbove0.35spg","conifer","Conifer",0.37,-2.1364,2.3233,2.24952,0.76318,NA,"Good",NA,NA,1.52327856186333
"Picea","PIGL","NEON.PLA.D05.TREE.00695","TREE_042","TREE","D05",2018-10-10,"Live","sapling",NA,NA,10,1.3,NA,2.8,NA,"Picea glauca (Moench) Voss",NA,NA,"2018",94,"spruce","Picea glauca (Moench) Voss","white spruce","Pinaceae","tree","glauca",0.608,"sw5",-2.0773,2.3323,"PiceaAbove0.35spg","conifer","Conifer",0.37,-2.1364,2.3233,2.24952,0.76318,NA,"Good",NA,NA,13.2304092758813
"Picea","PIGL","NEON.PLA.D05.TREE.00716","TREE_057","TREE","D05",2016-10-18,"Live","sapling",NA,NA,10,1.6,NA,3.1,NA,"Picea glauca (Moench) Voss",NA,NA,"2016",94,"spruce","Picea glauca (Moench) Voss","white spruce","Pinaceae","tree","glauca",0.608,"sw5",-2.0773,2.3323,"PiceaAbove0.35spg","conifer","Conifer",0.37,-2.1364,2.3233,2.24952,0.76318,NA,"Good",NA,NA,18.1077705226417
"Picea","PIGL","NEON.PLA.D05.TREE.05188","TREE_046","TREE","D05",2022-09-20,"Live","sapling","Full shade",NA,10,0.6,NA,1.3,NA,"Picea glauca (Moench) Voss",NA,NA,"2022",94,"spruce","Picea glauca (Moench) Voss","white spruce","Pinaceae","tree","glauca",0.608,"sw5",-2.0773,2.3323,"PiceaAbove0.35spg","conifer","Conifer",0.37,-2.1364,2.3233,2.24952,0.76318,NA,"Good",NA,NA,2.27351542576835
"Picea","PIGL","NEON.PLA.D05.TREE.05190","TREE_046","TREE","D05",2022-09-19,"Live","sapling","Full shade",NA,10,0.7,NA,1.4,NA,"Picea glauca (Moench) Voss",NA,NA,"2022",94,"spruce","Picea glauca (Moench) Voss","white spruce","Pinaceae","tree","glauca",0.608,"sw5",-2.0773,2.3323,"PiceaAbove0.35spg","conifer","Conifer",0.37,-2.1364,2.3233,2.24952,0.76318,NA,"Good",NA,NA,2.86362252218316
"Picea","PIGL","NEON.PLA.D05.TREE.00788","TREE_052","TREE","D05",2017-09-26,"Live","sapling",NA,NA,10,1,NA,1.3,NA,"Picea glauca (Moench) Voss",NA,NA,"2017",94,"spruce","Picea glauca (Moench) Voss","white spruce","Pinaceae","tree","glauca",0.608,"sw5",-2.0773,2.3323,"PiceaAbove0.35spg","conifer","Conifer",0.37,-2.1364,2.3233,2.24952,0.76318,NA,"Good",NA,NA,3.35744134304523
"Picea","PIMA","NEON.PLA.D05.TREE.03532","TREE_052","TREE","D05",2018-08-29,"Live","sapling",NA,NA,10,1.7,NA,2.7,NA,"Picea mariana (Mill.) Britton, Sterns & Poggenb.",NA,NA,"2018",95,"spruce","Picea mariana (Mill.) Britton, Sterns & Poggenb.","black spruce","Pinaceae","tree","mariana",0.608,"sw5",-2.0773,2.3323,"PiceaAbove0.35spg","conifer","Conifer",0.37,-2.1364,2.3233,2.24952,0.76318,NA,"Good",NA,NA,15.3596125842489
"Picea","PIMA","NEON.PLA.D05.TREE.03532","TREE_052","TREE","D05",2017-09-26,"Live","sapling",NA,NA,10,1.8,NA,2.7,NA,"Picea mariana (Mill.) Britton, Sterns & Poggenb.",NA,NA,"2017",95,"spruce","Picea mariana (Mill.) Britton, Sterns & Poggenb.","black spruce","Pinaceae","tree","mariana",0.608,"sw5",-2.0773,2.3323,"PiceaAbove0.35spg","conifer","Conifer",0.37,-2.1364,2.3233,2.24952,0.76318,NA,"Good",NA,NA,16.0444607163058
"Picea","PIMA","NEON.PLA.D05.TREE.03533","TREE_052","TREE","D05",2016-09-29,"Live","sapling",NA,NA,10,1.3,NA,1.6,NA,"Picea mariana (Mill.) Britton, Sterns & Poggenb.",NA,NA,"2016",95,"spruce","Picea mariana (Mill.) Britton, Sterns & Poggenb.","black spruce","Pinaceae","tree","mariana",0.608,"sw5",-2.0773,2.3323,"PiceaAbove0.35spg","conifer","Conifer",0.37,-2.1364,2.3233,2.24952,0.76318,NA,"Good",NA,NA,5.63131372719811
"Picea","PIMA","NEON.PLA.D05.TREE.03534","TREE_052","TREE","D05",2017-09-26,"Live","sapling",NA,NA,10,1.1,NA,1.8,NA,"Picea mariana (Mill.) Britton, Sterns & Poggenb.",NA,NA,"2017",95,"spruce","Picea mariana (Mill.) Britton, Sterns & Poggenb.","black spruce","Pinaceae","tree","mariana",0.608,"sw5",-2.0773,2.3323,"PiceaAbove0.35spg","conifer","Conifer",0.37,-2.1364,2.3233,2.24952,0.76318,NA,"Good",NA,NA,5.93359184455161
"Picea","PIMA","NEON.PLA.D05.TREE.03533","TREE_052","TREE","D05",2018-08-29,"Live","sapling",NA,NA,10,1.2,NA,1.5,NA,"Picea mariana (Mill.) Britton, Sterns & Poggenb.",NA,NA,"2018",95,"spruce","Picea mariana (Mill.) Britton, Sterns & Poggenb.","black spruce","Pinaceae","tree","mariana",0.608,"sw5",-2.0773,2.3323,"PiceaAbove0.35spg","conifer","Conifer",0.37,-2.1364,2.3233,2.24952,0.76318,NA,"Good",NA,NA,4.80062802669604
"Picea","PIMA","NEON.PLA.D05.TREE.03532","TREE_052","TREE","D05",2016-09-29,"Live","sapling",NA,NA,10,1.7,NA,2.7,NA,"Picea mariana (Mill.) Britton, Sterns & Poggenb.",NA,NA,"2016",95,"spruce","Picea mariana (Mill.) Britton, Sterns & Poggenb.","black spruce","Pinaceae","tree","mariana",0.608,"sw5",-2.0773,2.3323,"PiceaAbove0.35spg","conifer","Conifer",0.37,-2.1364,2.3233,2.24952,0.76318,NA,"Good",NA,NA,15.3596125842489
"Picea","PIMA","NEON.PLA.D05.TREE.03530","TREE_052","TREE","D05",2018-08-29,"Standing dead","sapling",NA,NA,10,0.8,NA,1.3,NA,"Picea mariana (Mill.) Britton, Sterns & Poggenb.",NA,NA,"2018",95,"spruce","Picea mariana (Mill.) Britton, Sterns & Poggenb.","black spruce","Pinaceae","tree","mariana",0.608,"sw5",-2.0773,2.3323,"PiceaAbove0.35spg","conifer","Conifer",0.37,-2.1364,2.3233,2.24952,0.76318,NA,"Good",NA,NA,2.83170918981008
"Picea","PIMA","NEON.PLA.D05.TREE.03534","TREE_052","TREE","D05",2016-09-29,"Live","sapling",NA,NA,10,1.1,NA,1.8,NA,"Picea mariana (Mill.) Britton, Sterns & Poggenb.",NA,NA,"2016",95,"spruce","Picea mariana (Mill.) Britton, Sterns & Poggenb.","black spruce","Pinaceae","tree","mariana",0.608,"sw5",-2.0773,2.3323,"PiceaAbove0.35spg","conifer","Conifer",0.37,-2.1364,2.3233,2.24952,0.76318,NA,"Good",NA,NA,5.93359184455161
"Picea","PIMA","NEON.PLA.D05.TREE.03529","TREE_052","TREE","D05",2016-09-29,"Live","sapling",NA,NA,10,0.8,NA,1.4,NA,"Picea mariana (Mill.) Britton, Sterns & Poggenb.",NA,NA,"2016",95,"spruce","Picea mariana (Mill.) Britton, Sterns & Poggenb.","black spruce","Pinaceae","tree","mariana",0.608,"sw5",-2.0773,2.3323,"PiceaAbove0.35spg","conifer","Conifer",0.37,-2.1364,2.3233,2.24952,0.76318,NA,"Good",NA,NA,3.17083806803054
"Picea","PIMA","NEON.PLA.D05.TREE.03530","TREE_052","TREE","D05",2017-09-26,"Live","sapling",NA,NA,10,0.9,NA,1.5,NA,"Picea mariana (Mill.) Britton, Sterns & Poggenb.",NA,NA,"2017",95,"spruce","Picea mariana (Mill.) Britton, Sterns & Poggenb.","black spruce","Pinaceae","tree","mariana",0.608,"sw5",-2.0773,2.3323,"PiceaAbove0.35spg","conifer","Conifer",0.37,-2.1364,2.3233,2.24952,0.76318,NA,"Good",NA,NA,3.85431594153259
"Picea","PIGL","NEON.PLA.D05.TREE.01066","TREE_039","TREE","D05",2018-10-17,"Live","sapling",NA,NA,10,1.2,NA,2.4,NA,"Picea glauca (Moench) Voss",NA,NA,"2018",94,"spruce","Picea glauca (Moench) Voss","white spruce","Pinaceae","tree","glauca",0.608,"sw5",-2.0773,2.3323,"PiceaAbove0.35spg","conifer","Conifer",0.37,-2.1364,2.3233,2.24952,0.76318,NA,"Good",NA,NA,9.83690852867161
"Picea","PIMA","NEON.PLA.D05.TREE.02975","TREE_009","TREE","D05",2019-10-16,"Live","sapling",NA,NA,10,1,NA,1.6,NA,"Picea mariana (Mill.) Britton, Sterns & Poggenb.",NA,NA,"2019",95,"spruce","Picea mariana (Mill.) Britton, Sterns & Poggenb.","black spruce","Pinaceae","tree","mariana",0.608,"sw5",-2.0773,2.3323,"PiceaAbove0.35spg","conifer","Conifer",0.37,-2.1364,2.3233,2.24952,0.76318,NA,"Good",NA,NA,4.60946408477452
"Picea","PIMA","NEON.PLA.D05.TREE.03527","TREE_052","TREE","D05",2016-09-29,"Live","sapling",NA,NA,10,0.8,NA,1,NA,"Picea mariana (Mill.) Britton, Sterns & Poggenb.",NA,NA,"2016",95,"spruce","Picea mariana (Mill.) Britton, Sterns & Poggenb.","black spruce","Pinaceae","tree","mariana",0.608,"sw5",-2.0773,2.3323,"PiceaAbove0.35spg","conifer","Conifer",0.37,-2.1364,2.3233,2.24952,0.76318,NA,"Good",NA,NA,1.89727408636838
"Picea","PIMA","NEON.PLA.D05.TREE.03396","TREE_002","TREE","D05",2019-10-08,"Live","sapling",NA,NA,10,0.6,NA,1.4,NA,"Picea mariana (Mill.) Britton, Sterns & Poggenb.",NA,NA,"2019",95,"spruce","Picea mariana (Mill.) Britton, Sterns & Poggenb.","black spruce","Pinaceae","tree","mariana",0.608,"sw5",-2.0773,2.3323,"PiceaAbove0.35spg","conifer","Conifer",0.37,-2.1364,2.3233,2.24952,0.76318,NA,"Good",NA,NA,2.54579435141942
"Picea","PIMA","NEON.PLA.D05.TREE.03533","TREE_052","TREE","D05",2017-09-26,"Live","sapling",NA,NA,10,1.2,NA,1.6,NA,"Picea mariana (Mill.) Britton, Sterns & Poggenb.",NA,NA,"2017",95,"spruce","Picea mariana (Mill.) Britton, Sterns & Poggenb.","black spruce","Pinaceae","tree","mariana",0.608,"sw5",-2.0773,2.3323,"PiceaAbove0.35spg","conifer","Conifer",0.37,-2.1364,2.3233,2.24952,0.76318,NA,"Good",NA,NA,5.2976099465865
"Picea","PIMA","NEON.PLA.D05.TREE.03056","TREE_012","TREE","D05",2017-10-30,"Live","sapling",NA,NA,10,0.8,NA,1.2,NA,"Picea mariana (Mill.) Britton, Sterns & Poggenb.",NA,NA,"2017",95,"spruce","Picea mariana (Mill.) Britton, Sterns & Poggenb.","black spruce","Pinaceae","tree","mariana",0.608,"sw5",-2.0773,2.3323,"PiceaAbove0.35spg","conifer","Conifer",0.37,-2.1364,2.3233,2.24952,0.76318,NA,"Good",NA,NA,2.50604671123878
"Picea","PIMA","NEON.PLA.D05.TREE.02975","TREE_009","TREE","D05",2017-10-26,"Live","sapling",NA,NA,10,1.1,NA,1.4,NA,"Picea mariana (Mill.) Britton, Sterns & Poggenb.",NA,NA,"2017",95,"spruce","Picea mariana (Mill.) Britton, Sterns & Poggenb.","black spruce","Pinaceae","tree","mariana",0.608,"sw5",-2.0773,2.3323,"PiceaAbove0.35spg","conifer","Conifer",0.37,-2.1364,2.3233,2.24952,0.76318,NA,"Good",NA,NA,4.04318782426371
"Picea","PIMA","NEON.PLA.D05.TREE.01522","TREE_012","TREE","D05",2019-10-17,"Live","sapling",NA,NA,10,0.8,NA,1.3,NA,"Picea mariana (Mill.) Britton, Sterns & Poggenb.",NA,NA,"2019",95,"spruce","Picea mariana (Mill.) Britton, Sterns & Poggenb.","black spruce","Pinaceae","tree","mariana",0.608,"sw5",-2.0773,2.3323,"PiceaAbove0.35spg","conifer","Conifer",0.37,-2.1364,2.3233,2.24952,0.76318,NA,"Good",NA,NA,2.83170918981008
"Picea","PIMA","NEON.PLA.D05.TREE.03527","TREE_052","TREE","D05",2017-09-26,"Live","sapling",NA,NA,10,0.8,NA,1.1,NA,"Picea mariana (Mill.) Britton, Sterns & Poggenb.",NA,NA,"2017",95,"spruce","Picea mariana (Mill.) Britton, Sterns & Poggenb.","black spruce","Pinaceae","tree","mariana",0.608,"sw5",-2.0773,2.3323,"PiceaAbove0.35spg","conifer","Conifer",0.37,-2.1364,2.3233,2.24952,0.76318,NA,"Good",NA,NA,2.19437180222258
"Picea","PIMA","NEON.PLA.D05.TREE.03530","TREE_052","TREE","D05",2016-09-29,"Live","sapling",NA,NA,10,0.9,NA,1.2,NA,"Picea mariana (Mill.) Britton, Sterns & Poggenb.",NA,NA,"2016",95,"spruce","Picea mariana (Mill.) Britton, Sterns & Poggenb.","black spruce","Pinaceae","tree","mariana",0.608,"sw5",-2.0773,2.3323,"PiceaAbove0.35spg","conifer","Conifer",0.37,-2.1364,2.3233,2.24952,0.76318,NA,"Good",NA,NA,2.74174931608234
"Picea","PIMA","NEON.PLA.D05.TREE.02964","TREE_009","TREE","D05",2019-10-16,"Live","sapling",NA,NA,10,1.5,NA,2.1,NA,"Picea mariana (Mill.) Britton, Sterns & Poggenb.",NA,NA,"2019",95,"spruce","Picea mariana (Mill.) Britton, Sterns & Poggenb.","black spruce","Pinaceae","tree","mariana",0.608,"sw5",-2.0773,2.3323,"PiceaAbove0.35spg","conifer","Conifer",0.37,-2.1364,2.3233,2.24952,0.76318,NA,"Good",NA,NA,9.51265680195131
"Picea","PIMA","NEON.PLA.D05.TREE.02985","TREE_009","TREE","D05",2019-10-16,"Live","sapling",NA,NA,10,0.6,NA,1.6,NA,"Picea mariana (Mill.) Britton, Sterns & Poggenb.",NA,NA,"2019",95,"spruce","Picea mariana (Mill.) Britton, Sterns & Poggenb.","black spruce","Pinaceae","tree","mariana",0.608,"sw5",-2.0773,2.3323,"PiceaAbove0.35spg","conifer","Conifer",0.37,-2.1364,2.3233,2.24952,0.76318,NA,"Good",NA,NA,3.12133158274476
"Picea","PIMA","NEON.PLA.D05.TREE.02961","TREE_009","TREE","D05",2019-10-16,"Live","sapling",NA,NA,10,1.4,NA,2.7,NA,"Picea mariana (Mill.) Britton, Sterns & Poggenb.",NA,NA,"2019",95,"spruce","Picea mariana (Mill.) Britton, Sterns & Poggenb.","black spruce","Pinaceae","tree","mariana",0.608,"sw5",-2.0773,2.3323,"PiceaAbove0.35spg","conifer","Conifer",0.37,-2.1364,2.3233,2.24952,0.76318,NA,"Good",NA,NA,13.2442767791264
"Picea","PIMA","NEON.PLA.D05.TREE.02970","TREE_009","TREE","D05",2019-10-16,"Live","sapling",NA,NA,10,1.1,NA,1.6,NA,"Picea mariana (Mill.) Britton, Sterns & Poggenb.",NA,NA,"2019",95,"spruce","Picea mariana (Mill.) Britton, Sterns & Poggenb.","black spruce","Pinaceae","tree","mariana",0.608,"sw5",-2.0773,2.3323,"PiceaAbove0.35spg","conifer","Conifer",0.37,-2.1364,2.3233,2.24952,0.76318,NA,"Good",NA,NA,4.95724638708817
"Picea","PIMA","NEON.PLA.D05.TREE.03105","TREE_002","TREE","D05",2018-05-07,"Live","sapling",NA,NA,10,0.6,NA,1,NA,"Picea mariana (Mill.) Britton, Sterns & Poggenb.",NA,NA,"2018",95,"spruce","Picea mariana (Mill.) Britton, Sterns & Poggenb.","black spruce","Pinaceae","tree","mariana",0.608,"sw5",-2.0773,2.3323,"PiceaAbove0.35spg","conifer","Conifer",0.37,-2.1364,2.3233,2.24952,0.76318,NA,"Good",NA,NA,1.52327856186333
"Picea","PIMA","NEON.PLA.D05.TREE.03105","TREE_002","TREE","D05",2019-10-08,"Live","sapling",NA,NA,10,0.7,NA,1.2,NA,"Picea mariana (Mill.) Britton, Sterns & Poggenb.",NA,NA,"2019",95,"spruce","Picea mariana (Mill.) Britton, Sterns & Poggenb.","black spruce","Pinaceae","tree","mariana",0.608,"sw5",-2.0773,2.3323,"PiceaAbove0.35spg","conifer","Conifer",0.37,-2.1364,2.3233,2.24952,0.76318,NA,"Good",NA,NA,2.26324134187142
"Picea","PIMA","NEON.PLA.D05.TREE.03527","TREE_052","TREE","D05",2018-08-29,"Live","sapling",NA,NA,10,1.1,NA,1.3,NA,"Picea mariana (Mill.) Britton, Sterns & Poggenb.",NA,NA,"2018",95,"spruce","Picea mariana (Mill.) Britton, Sterns & Poggenb.","black spruce","Pinaceae","tree","mariana",0.608,"sw5",-2.0773,2.3323,"PiceaAbove0.35spg","conifer","Conifer",0.37,-2.1364,2.3233,2.24952,0.76318,NA,"Good",NA,NA,3.61075900832961
"Picea","PIMA","NEON.PLA.D05.TREE.02970","TREE_009","TREE","D05",2017-10-26,"Live","sapling",NA,NA,10,1,NA,1.5,NA,"Picea mariana (Mill.) Britton, Sterns & Poggenb.",NA,NA,"2017",95,"spruce","Picea mariana (Mill.) Britton, Sterns & Poggenb.","black spruce","Pinaceae","tree","mariana",0.608,"sw5",-2.0773,2.3323,"PiceaAbove0.35spg","conifer","Conifer",0.37,-2.1364,2.3233,2.24952,0.76318,NA,"Good",NA,NA,4.17703883383783
"Picea","PIMA","NEON.PLA.D05.TREE.02437","TREE_012","TREE","D05",2019-10-17,"Live","sapling",NA,NA,10,1.3,NA,2.9,NA,"Picea mariana (Mill.) Britton, Sterns & Poggenb.",NA,NA,"2019",95,"spruce","Picea mariana (Mill.) Britton, Sterns & Poggenb.","black spruce","Pinaceae","tree","mariana",0.608,"sw5",-2.0773,2.3323,"PiceaAbove0.35spg","conifer","Conifer",0.37,-2.1364,2.3233,2.24952,0.76318,NA,"Good",NA,NA,13.9583779794011
"Picea","PIMA","NEON.PLA.D05.TREE.03767","TREE_002","TREE","D05",2018-05-07,"Live","sapling",NA,NA,20,0.8,NA,1.5,NA,"Picea mariana (Mill.) Britton, Sterns & Poggenb.",NA,NA,"2018",95,"spruce","Picea mariana (Mill.) Britton, Sterns & Poggenb.","black spruce","Pinaceae","tree","mariana",0.608,"sw5",-2.0773,2.3323,"PiceaAbove0.35spg","conifer","Conifer",0.37,-2.1364,2.3233,2.24952,0.76318,NA,"Good",NA,NA,3.52296824975768
"Picea","PIMA","NEON.PLA.D05.TREE.02985","TREE_009","TREE","D05",2017-10-26,"Live","sapling",NA,NA,10,0.6,NA,1.3,NA,"Picea mariana (Mill.) Britton, Sterns & Poggenb.",NA,NA,"2017",95,"spruce","Picea mariana (Mill.) Britton, Sterns & Poggenb.","black spruce","Pinaceae","tree","mariana",0.608,"sw5",-2.0773,2.3323,"PiceaAbove0.35spg","conifer","Conifer",0.37,-2.1364,2.3233,2.24952,0.76318,NA,"Good",NA,NA,2.27351542576835
"Picea","PIMA","NEON.PLA.D05.TREE.03056","TREE_012","TREE","D05",2019-10-17,"Live","sapling",NA,NA,10,0.8,NA,1.3,NA,"Picea mariana (Mill.) Britton, Sterns & Poggenb.",NA,NA,"2019",95,"spruce","Picea mariana (Mill.) Britton, Sterns & Poggenb.","black spruce","Pinaceae","tree","mariana",0.608,"sw5",-2.0773,2.3323,"PiceaAbove0.35spg","conifer","Conifer",0.37,-2.1364,2.3233,2.24952,0.76318,NA,"Good",NA,NA,2.83170918981008
"Picea","PIMA","NEON.PLA.D05.TREE.02437","TREE_012","TREE","D05",2017-10-30,"Live","sapling",NA,NA,10,1.3,NA,2.4,NA,"Picea mariana (Mill.) Britton, Sterns & Poggenb.",NA,NA,"2017",95,"spruce","Picea mariana (Mill.) Britton, Sterns & Poggenb.","black spruce","Pinaceae","tree","mariana",0.608,"sw5",-2.0773,2.3323,"PiceaAbove0.35spg","conifer","Conifer",0.37,-2.1364,2.3233,2.24952,0.76318,NA,"Good",NA,NA,10.4565490078019
"Picea","PIMA","NEON.PLA.D05.TREE.02961","TREE_009","TREE","D05",2017-10-26,"Live","sapling",NA,NA,10,1.4,NA,2.7,NA,"Picea mariana (Mill.) Britton, Sterns & Poggenb.",NA,NA,"2017",95,"spruce","Picea mariana (Mill.) Britton, Sterns & Poggenb.","black spruce","Pinaceae","tree","mariana",0.608,"sw5",-2.0773,2.3323,"PiceaAbove0.35spg","conifer","Conifer",0.37,-2.1364,2.3233,2.24952,0.76318,NA,"Good",NA,NA,13.2442767791264
"Picea","PIMA","NEON.PLA.D05.TREE.01459","TREE_009","TREE","D05",2019-10-16,"Live","sapling",NA,NA,10,0.7,NA,1.1,NA,"Picea mariana (Mill.) Britton, Sterns & Poggenb.",NA,NA,"2019",95,"spruce","Picea mariana (Mill.) Britton, Sterns & Poggenb.","black spruce","Pinaceae","tree","mariana",0.608,"sw5",-2.0773,2.3323,"PiceaAbove0.35spg","conifer","Conifer",0.37,-2.1364,2.3233,2.24952,0.76318,NA,"Good",NA,NA,1.98176393119666
"Picea","PIMA","NEON.PLA.D05.TREE.02964","TREE_009","TREE","D05",2017-10-26,"Live","sapling",NA,NA,10,1.4,NA,2.1,NA,"Picea mariana (Mill.) Britton, Sterns & Poggenb.",NA,NA,"2017",95,"spruce","Picea mariana (Mill.) Britton, Sterns & Poggenb.","black spruce","Pinaceae","tree","mariana",0.608,"sw5",-2.0773,2.3323,"PiceaAbove0.35spg","conifer","Conifer",0.37,-2.1364,2.3233,2.24952,0.76318,NA,"Good",NA,NA,9.02473577850032
"Picea","PIGL","NEON.PLA.D05.TREE.01066","TREE_039","TREE","D05",2020-10-01,"Live","sapling","Mostly shaded",NA,10,1.4,NA,3,NA,"Picea glauca (Moench) Voss",NA,NA,"2020",94,"spruce","Picea glauca (Moench) Voss","white spruce","Pinaceae","tree","glauca",0.608,"sw5",-2.0773,2.3323,"PiceaAbove0.35spg","conifer","Conifer",0.37,-2.1364,2.3233,2.24952,0.76318,NA,"Good",NA,NA,15.5550227764353
"Picea","PIGL","NEON.PLA.D05.TREE.03884","TREE_057","TREE","D05",2018-10-16,"Live","sapling",NA,NA,10,1.1,NA,1.5,NA,"Picea glauca (Moench) Voss",NA,NA,"2018",94,"spruce","Picea glauca (Moench) Voss","white spruce","Pinaceae","tree","glauca",0.608,"sw5",-2.0773,2.3323,"PiceaAbove0.35spg","conifer","Conifer",0.37,-2.1364,2.3233,2.24952,0.76318,NA,"Good",NA,NA,4.49219481634869
"Picea","PIGL","NEON.PLA.D05.TREE.03480","TREE_047","TREE","D05",2016-10-19,"Live","sapling",NA,NA,10,0.7,NA,1,NA,"Picea glauca (Moench) Voss",NA,NA,"2016",94,"spruce","Picea glauca (Moench) Voss","white spruce","Pinaceae","tree","glauca",0.608,"sw5",-2.0773,2.3323,"PiceaAbove0.35spg","conifer","Conifer",0.37,-2.1364,2.3233,2.24952,0.76318,NA,"Good",NA,NA,1.71345136141044
"Picea","PIGL","NEON.PLA.D05.TREE.03550","TREE_051","TREE","D05",2017-09-26,"Live","sapling",NA,NA,10,0.5,NA,1.1,NA,"Picea glauca (Moench) Voss",NA,NA,"2017",94,"spruce","Picea glauca (Moench) Voss","white spruce","Pinaceae","tree","glauca",0.608,"sw5",-2.0773,2.3323,"PiceaAbove0.35spg","conifer","Conifer",0.37,-2.1364,2.3233,2.24952,0.76318,NA,"Good",NA,NA,1.53295683289284
"Picea","PIGL","NEON.PLA.D05.TREE.00602","TREE_042","TREE","D05",2018-10-10,"Live","sapling",NA,NA,10,1.6,NA,2.8,NA,"Picea glauca (Moench) Voss",NA,NA,"2018",94,"spruce","Picea glauca (Moench) Voss","white spruce","Pinaceae","tree","glauca",0.608,"sw5",-2.0773,2.3323,"PiceaAbove0.35spg","conifer","Conifer",0.37,-2.1364,2.3233,2.24952,0.76318,NA,"Good",NA,NA,15.5022337043527
"Picea","PIGL","NEON.PLA.D05.TREE.03891","TREE_047","TREE","D05",2018-10-11,"Live","sapling",NA,NA,10,1.2,NA,2.1,NA,"Picea glauca (Moench) Voss",NA,NA,"2018",94,"spruce","Picea glauca (Moench) Voss","white spruce","Pinaceae","tree","glauca",0.608,"sw5",-2.0773,2.3323,"PiceaAbove0.35spg","conifer","Conifer",0.37,-2.1364,2.3233,2.24952,0.76318,NA,"Good",NA,NA,8.02309703530447
"Picea","PIGL","NEON.PLA.D05.TREE.02062","TREE_018","TREE","D05",2019-10-30,"Live","sapling",NA,NA,10,1.5,NA,2.7,NA,"Picea glauca (Moench) Voss",NA,NA,"2019",94,"spruce","Picea glauca (Moench) Voss","white spruce","Pinaceae","tree","glauca",0.608,"sw5",-2.0773,2.3323,"PiceaAbove0.35spg","conifer","Conifer",0.37,-2.1364,2.3233,2.24952,0.76318,NA,"Good",NA,NA,13.9603266712833
"Picea","PIGL","NEON.PLA.D05.TREE.03414","TREE_055","TREE","D05",2018-10-10,"Live","sapling",NA,NA,10,0.8,NA,1,NA,"Picea glauca (Moench) Voss",NA,NA,"2018",94,"spruce","Picea glauca (Moench) Voss","white spruce","Pinaceae","tree","glauca",0.608,"sw5",-2.0773,2.3323,"PiceaAbove0.35spg","conifer","Conifer",0.37,-2.1364,2.3233,2.24952,0.76318,NA,"Good",NA,NA,1.89727408636838
"Picea","PIGL","NEON.PLA.D05.TREE.03140","TREE_018","TREE","D05",2018-04-25,"Live","sapling",NA,NA,10,NA,NA,1.2,NA,"Picea glauca (Moench) Voss",NA,NA,"2018",94,"spruce","Picea glauca (Moench) Voss","white spruce","Pinaceae","tree","glauca",0.608,"sw5",-2.0773,2.3323,"PiceaAbove0.35spg","conifer","Conifer",0.37,-2.1364,2.3233,2.24952,0.76318,NA,"Check",NA,NA,NA
"Picea","PIGL","NEON.PLA.D05.TREE.03550","TREE_051","TREE","D05",2016-09-28,"Live","sapling",NA,NA,10,0.4,NA,1.2,NA,"Picea glauca (Moench) Voss",NA,NA,"2016",94,"spruce","Picea glauca (Moench) Voss","white spruce","Pinaceae","tree","glauca",0.608,"sw5",-2.0773,2.3323,"PiceaAbove0.35spg","conifer","Conifer",0.37,-2.1364,2.3233,2.24952,0.76318,NA,"Good",NA,NA,1.47655316765317
"Picea","PIGL","NEON.PLA.D05.TREE.00654","TREE_042","TREE","D05",2017-09-25,"Live","sapling",NA,NA,10,1.4,NA,1.8,NA,"Picea glauca (Moench) Voss",NA,NA,"2017",94,"spruce","Picea glauca (Moench) Voss","white spruce","Pinaceae","tree","glauca",0.608,"sw5",-2.0773,2.3323,"PiceaAbove0.35spg","conifer","Conifer",0.37,-2.1364,2.3233,2.24952,0.76318,NA,"Good",NA,NA,7.13262832483812
"Pinus","PIST","NEON.PLA.D05.TREE.05091","TREE_041","TREE","D05",2022-09-06,"Live","sapling","Full shade",NA,10,0.7,NA,1.2,NA,"Pinus strobus L.",NA,NA,"2022",129,"pine","Pinus strobus L.","eastern white pine","Pinaceae","tree","strobus",0.729,"sw4",-2.5356,2.4349,"PinusBelow0.45spg","conifer","Conifer",0.39,-2.6177,2.4638,0.574215,0.848035,NA,"Good",NA,NA,0.578108274582429
"Pinus","PIST","NEON.PLA.D05.TREE.00551","TREE_053","TREE","D05",2017-08-30,"Live","sapling",NA,NA,10,1.4,NA,1.7,NA,"Pinus strobus L.",NA,NA,"2017",129,"pine","Pinus strobus L.","eastern white pine","Pinaceae","tree","strobus",0.729,"sw4",-2.5356,2.4349,"PinusBelow0.45spg","conifer","Conifer",0.39,-2.6177,2.4638,0.574215,0.848035,NA,"Good",NA,NA,1.87868394533072
"Pinus","PIST","NEON.PLA.D05.TREE.00388","TREE_051","TREE","D05",2018-10-09,"Live","sapling",NA,NA,10,0.7,NA,1.1,NA,"Pinus strobus L.",NA,NA,"2018",129,"pine","Pinus strobus L.","eastern white pine","Pinaceae","tree","strobus",0.729,"sw4",-2.5356,2.4349,"PinusBelow0.45spg","conifer","Conifer",0.39,-2.6177,2.4638,0.574215,0.848035,NA,"Good",NA,NA,0.498789314531301
"Pinus","PIRE","NEON.PLA.D05.TREE.03881","TREE_057","TREE","D05",2017-10-17,"Live","sapling",NA,NA,10,0.6,NA,1.2,NA,"Pinus resinosa Aiton",NA,NA,"2017",125,"pine","Pinus resinosa Aiton","red pine","Pinaceae","tree","resinosa",0.729,"sw4",-2.5356,2.4349,"PinusBelow0.45spg","conifer","Conifer",0.39,-2.6177,2.4638,0.574215,0.848035,NA,"Good",NA,NA,0.507266245916817
"Pinus","PIST","NEON.PLA.D05.TREE.01685","TREE_041","TREE","D05",2021-09-20,"Live","sapling","Full shade",NA,10,1,NA,1.5,NA,"Pinus strobus L.",NA,NA,"2021",129,"pine","Pinus strobus L.","eastern white pine","Pinaceae","tree","strobus",0.729,"sw4",-2.5356,2.4349,"PinusBelow0.45spg","conifer","Conifer",0.39,-2.6177,2.4638,0.574215,0.848035,NA,"Good",NA,NA,1.14218811013223
"Pinus","PIST","NEON.PLA.D05.TREE.05091","TREE_041","TREE","D05",2021-09-20,"Live","sapling","Full shade",NA,10,0.6,NA,1,NA,"Pinus strobus L.",NA,NA,"2021",129,"pine","Pinus strobus L.","eastern white pine","Pinaceae","tree","strobus",0.729,"sw4",-2.5356,2.4349,"PinusBelow0.45spg","conifer","Conifer",0.39,-2.6177,2.4638,0.574215,0.848035,NA,"Good",NA,NA,0.37233942937211
"Pinus","PIST","NEON.PLA.D05.TREE.00087","TREE_046","TREE","D05",2018-10-10,"Live","sapling",NA,NA,10,0.9,NA,2.7,NA,"Pinus strobus L.",NA,NA,"2018",129,"pine","Pinus strobus L.","eastern white pine","Pinaceae","tree","strobus",0.729,"sw4",-2.5356,2.4349,"PinusBelow0.45spg","conifer","Conifer",0.39,-2.6177,2.4638,0.574215,0.848035,NA,"Good",NA,NA,2.83069918058813
"Pinus","PIST","NEON.PLA.D05.TREE.00528","TREE_053","TREE","D05",2017-08-30,"Live","sapling",NA,NA,10,1.8,NA,2.1,NA,"Pinus strobus L.",NA,NA,"2017",129,"pine","Pinus strobus L.","eastern white pine","Pinaceae","tree","strobus",0.729,"sw4",-2.5356,2.4349,"PinusBelow0.45spg","conifer","Conifer",0.39,-2.6177,2.4638,0.574215,0.848035,NA,"Good",NA,NA,3.32706305148834
"Pinus","PIRE","NEON.PLA.D05.TREE.03881","TREE_057","TREE","D05",2018-10-16,"Live","sapling",NA,NA,10,0.9,NA,1.2,NA,"Pinus resinosa Aiton",NA,NA,"2018",125,"pine","Pinus resinosa Aiton","red pine","Pinaceae","tree","resinosa",0.729,"sw4",-2.5356,2.4349,"PinusBelow0.45spg","conifer","Conifer",0.39,-2.6177,2.4638,0.574215,0.848035,NA,"Good",NA,NA,0.715430606724704
"Pinus","PIST","NEON.PLA.D05.TREE.00551","TREE_053","TREE","D05",2018-10-09,"Live","sapling",NA,NA,10,1.8,NA,2.3,NA,"Pinus strobus L.",NA,NA,"2018",129,"pine","Pinus strobus L.","eastern white pine","Pinaceae","tree","strobus",0.729,"sw4",-2.5356,2.4349,"PinusBelow0.45spg","conifer","Conifer",0.39,-2.6177,2.4638,0.574215,0.848035,NA,"Good",NA,NA,3.88213186378569
"Pinus","PIST","NEON.PLA.D05.TREE.01685","TREE_041","TREE","D05",2020-09-28,"Live","sapling","Full shade",NA,10,0.8,NA,1.3,NA,"Pinus strobus L.",NA,NA,"2020",129,"pine","Pinus strobus L.","eastern white pine","Pinaceae","tree","strobus",0.729,"sw4",-2.5356,2.4349,"PinusBelow0.45spg","conifer","Conifer",0.39,-2.6177,2.4638,0.574215,0.848035,NA,"Good",NA,NA,0.741561803312956
"Pinus","PIST","NEON.PLA.D05.TREE.00528","TREE_053","TREE","D05",2018-10-09,"Live","sapling",NA,NA,10,2,NA,2.4,NA,"Pinus strobus L.",NA,NA,"2018",129,"pine","Pinus strobus L.","eastern white pine","Pinaceae","tree","strobus",0.729,"sw4",-2.5356,2.4349,"PinusBelow0.45spg","conifer","Conifer",0.39,-2.6177,2.4638,0.574215,0.848035,NA,"Good",NA,NA,4.56271546179046
"Pinus","PIST","NEON.PLA.D05.TREE.00087","TREE_046","TREE","D05",2017-09-25,"Live","sapling",NA,NA,10,1,NA,1.8,NA,"Pinus strobus L.",NA,NA,"2017",129,"pine","Pinus strobus L.","eastern white pine","Pinaceae","tree","strobus",0.729,"sw4",-2.5356,2.4349,"PinusBelow0.45spg","conifer","Conifer",0.39,-2.6177,2.4638,0.574215,0.848035,NA,"Good",NA,NA,1.55608949536893
"Pinus","PIST","NEON.PLA.D05.TREE.00637","TREE_046","TREE","D05",2016-09-29,"Live, physically damaged","sapling",NA,NA,10,0.8,NA,1.5,NA,"Pinus strobus L.",NA,NA,"2016",129,"pine","Pinus strobus L.","eastern white pine","Pinaceae","tree","strobus",0.729,"sw4",-2.5356,2.4349,"PinusBelow0.45spg","conifer","Conifer",0.39,-2.6177,2.4638,0.574215,0.848035,NA,"Good",NA,NA,0.945267120756494
"Pinus","PIST","NEON.PLA.D05.TREE.03518","TREE_046","TREE","D05",2018-10-10,"Live","sapling",NA,NA,10,1.1,NA,1.4,NA,"Pinus strobus L.",NA,NA,"2018",129,"pine","Pinus strobus L.","eastern white pine","Pinaceae","tree","strobus",0.729,"sw4",-2.5356,2.4349,"PinusBelow0.45spg","conifer","Conifer",0.39,-2.6177,2.4638,0.574215,0.848035,NA,"Good",NA,NA,1.1015909426047
"Pinus","PIST","NEON.PLA.D05.TREE.00528","TREE_053","TREE","D05",2016-09-27,"Live","sapling",NA,NA,10,1.6,NA,1.9,NA,"Pinus strobus L.",NA,NA,"2016",129,"pine","Pinus strobus L.","eastern white pine","Pinaceae","tree","strobus",0.729,"sw4",-2.5356,2.4349,"PinusBelow0.45spg","conifer","Conifer",0.39,-2.6177,2.4638,0.574215,0.848035,NA,"Good",NA,NA,2.54074478404299
"Pinus","PIST","NEON.PLA.D05.TREE.02988","TREE_009","TREE","D05",2019-10-16,"Live","sapling",NA,NA,10,1.6,NA,1.8,NA,"Pinus strobus L.",NA,NA,"2019",129,"pine","Pinus strobus L.","eastern white pine","Pinaceae","tree","strobus",0.729,"sw4",-2.5356,2.4349,"PinusBelow0.45spg","conifer","Conifer",0.39,-2.6177,2.4638,0.574215,0.848035,NA,"Good",NA,NA,2.31811757939664
"Pinus","PIST","NEON.PLA.D05.TREE.00088","TREE_055","TREE","D05",2017-09-14,"Live","sapling",NA,NA,10,1.1,NA,1.6,NA,"Pinus strobus L.",NA,NA,"2017",129,"pine","Pinus strobus L.","eastern white pine","Pinaceae","tree","strobus",0.729,"sw4",-2.5356,2.4349,"PinusBelow0.45spg","conifer","Conifer",0.39,-2.6177,2.4638,0.574215,0.848035,NA,"Good",NA,NA,1.38158865379537
"Pinus","PIST","NEON.PLA.D05.TREE.00923","TREE_009","TREE","D05",2019-10-16,"Live","sapling",NA,NA,10,0.6,NA,1.2,NA,"Pinus strobus L.",NA,NA,"2019",129,"pine","Pinus strobus L.","eastern white pine","Pinaceae","tree","strobus",0.729,"sw4",-2.5356,2.4349,"PinusBelow0.45spg","conifer","Conifer",0.39,-2.6177,2.4638,0.574215,0.848035,NA,"Good",NA,NA,0.507266245916817
"Pinus","PIST","NEON.PLA.D05.TREE.03556","TREE_055","TREE","D05",2017-09-14,"Live","sapling",NA,NA,10,1.4,NA,1.9,NA,"Pinus strobus L.",NA,NA,"2017",129,"pine","Pinus strobus L.","eastern white pine","Pinaceae","tree","strobus",0.729,"sw4",-2.5356,2.4349,"PinusBelow0.45spg","conifer","Conifer",0.39,-2.6177,2.4638,0.574215,0.848035,NA,"Good",NA,NA,2.26872492259683
"Pinus","PIST","NEON.PLA.D05.TREE.00138","TREE_046","TREE","D05",2022-09-20,"Live,  other damage","sapling","Full shade",NA,10,0.8,NA,2,NA,"Pinus strobus L.",NA,NA,"2022",129,"pine","Pinus strobus L.","eastern white pine","Pinaceae","tree","strobus",0.729,"sw4",-2.5356,2.4349,"PinusBelow0.45spg","conifer","Conifer",0.39,-2.6177,2.4638,0.574215,0.848035,NA,"Good",NA,NA,1.53978255539258
"Pinus","PIST","NEON.PLA.D05.TREE.03556","TREE_055","TREE","D05",2018-10-10,"Live","sapling",NA,NA,10,1.8,NA,2.3,NA,"Pinus strobus L.",NA,NA,"2018",129,"pine","Pinus strobus L.","eastern white pine","Pinaceae","tree","strobus",0.729,"sw4",-2.5356,2.4349,"PinusBelow0.45spg","conifer","Conifer",0.39,-2.6177,2.4638,0.574215,0.848035,NA,"Good",NA,NA,3.88213186378569
"Pinus","PIST","NEON.PLA.D05.TREE.03526","TREE_046","TREE","D05",2017-09-25,"Live","sapling",NA,NA,10,1.4,NA,3,NA,"Pinus strobus L.",NA,NA,"2017",129,"pine","Pinus strobus L.","eastern white pine","Pinaceae","tree","strobus",0.729,"sw4",-2.5356,2.4349,"PinusBelow0.45spg","conifer","Conifer",0.39,-2.6177,2.4638,0.574215,0.848035,NA,"Good",NA,NA,4.92297089784011
"Pinus","PIST","NEON.PLA.D05.TREE.00536","TREE_053","TREE","D05",2016-09-27,"Live","sapling",NA,NA,10,0.9,NA,2,NA,"Pinus strobus L.",NA,NA,"2016",129,"pine","Pinus strobus L.","eastern white pine","Pinaceae","tree","strobus",0.729,"sw4",-2.5356,2.4349,"PinusBelow0.45spg","conifer","Conifer",0.39,-2.6177,2.4638,0.574215,0.848035,NA,"Good",NA,NA,1.70152574447372
"Pinus","PIST","NEON.PLA.D05.TREE.00138","TREE_046","TREE","D05",2021-09-21,"Live","sapling","Full shade",NA,10,0.9,NA,2,NA,"Pinus strobus L.",NA,NA,"2021",129,"pine","Pinus strobus L.","eastern white pine","Pinaceae","tree","strobus",0.729,"sw4",-2.5356,2.4349,"PinusBelow0.45spg","conifer","Conifer",0.39,-2.6177,2.4638,0.574215,0.848035,NA,"Good",NA,NA,1.70152574447372
"Pinus","PIST","NEON.PLA.D05.TREE.00028","TREE_055","TREE","D05",2018-10-10,"Live","sapling",NA,NA,10,1.5,NA,3.2,NA,"Pinus strobus L.",NA,NA,"2018",129,"pine","Pinus strobus L.","eastern white pine","Pinaceae","tree","strobus",0.729,"sw4",-2.5356,2.4349,"PinusBelow0.45spg","conifer","Conifer",0.39,-2.6177,2.4638,0.574215,0.848035,NA,"Good",NA,NA,5.82338908112358
"Pinus","PIST","NEON.PLA.D05.TREE.03518","TREE_046","TREE","D05",2021-09-21,"Live","sapling","Full shade",NA,10,1.5,NA,2.1,NA,"Pinus strobus L.",NA,NA,"2021",129,"pine","Pinus strobus L.","eastern white pine","Pinaceae","tree","strobus",0.729,"sw4",-2.5356,2.4349,"PinusBelow0.45spg","conifer","Conifer",0.39,-2.6177,2.4638,0.574215,0.848035,NA,"Good",NA,NA,2.85044432858479
"Pinus","PIST","NEON.PLA.D05.TREE.00087","TREE_046","TREE","D05",2022-09-19,"Live,  other damage","sapling","Full shade",NA,10,0.9,NA,1.9,NA,"Pinus strobus L.",NA,NA,"2022",129,"pine","Pinus strobus L.","eastern white pine","Pinaceae","tree","strobus",0.729,"sw4",-2.5356,2.4349,"PinusBelow0.45spg","conifer","Conifer",0.39,-2.6177,2.4638,0.574215,0.848035,NA,"Good",NA,NA,1.55975432906308
"Pinus","PIST","NEON.PLA.D05.TREE.00088","TREE_055","TREE","D05",2018-10-10,"Live","sapling",NA,NA,10,1.3,NA,1.8,NA,"Pinus strobus L.",NA,NA,"2018",129,"pine","Pinus strobus L.","eastern white pine","Pinaceae","tree","strobus",0.729,"sw4",-2.5356,2.4349,"PinusBelow0.45spg","conifer","Conifer",0.39,-2.6177,2.4638,0.574215,0.848035,NA,"Good",NA,NA,1.94384898308765
"Pinus","PIST","NEON.PLA.D05.TREE.02962","TREE_009","TREE","D05",2019-10-16,"Live","sapling",NA,NA,10,1.3,NA,1.6,NA,"Pinus strobus L.",NA,NA,"2019",129,"pine","Pinus strobus L.","eastern white pine","Pinaceae","tree","strobus",0.729,"sw4",-2.5356,2.4349,"PinusBelow0.45spg","conifer","Conifer",0.39,-2.6177,2.4638,0.574215,0.848035,NA,"Good",NA,NA,1.59185777502911
"Pinus","PIST","NEON.PLA.D05.TREE.03555","TREE_055","TREE","D05",2016-09-27,"Live","sapling",NA,NA,10,1.5,NA,1.8,NA,"Pinus strobus L.",NA,NA,"2016",129,"pine","Pinus strobus L.","eastern white pine","Pinaceae","tree","strobus",0.729,"sw4",-2.5356,2.4349,"PinusBelow0.45spg","conifer","Conifer",0.39,-2.6177,2.4638,0.574215,0.848035,NA,"Good",NA,NA,2.19465430777409
"Pinus","PIST","NEON.PLA.D05.TREE.03526","TREE_046","TREE","D05",2018-10-10,"Live","sapling",NA,NA,10,1.7,NA,4.1,NA,"Pinus strobus L.",NA,NA,"2018",129,"pine","Pinus strobus L.","eastern white pine","Pinaceae","tree","strobus",0.729,"sw4",-2.5356,2.4349,"PinusBelow0.45spg","conifer","Conifer",0.39,-2.6177,2.4638,0.574215,0.848035,NA,"Good",NA,NA,9.85888044519634
"Pinus","PIST","NEON.PLA.D05.TREE.00118","TREE_046","TREE","D05",2021-09-21,"Live","sapling","Full shade",NA,10,1.7,NA,3,NA,"Pinus strobus L.",NA,NA,"2021",129,"pine","Pinus strobus L.","eastern white pine","Pinaceae","tree","strobus",0.729,"sw4",-2.5356,2.4349,"PinusBelow0.45spg","conifer","Conifer",0.39,-2.6177,2.4638,0.574215,0.848035,NA,"Good",NA,NA,5.80409257439023
"Pinus","PIST","NEON.PLA.D05.TREE.00194","TREE_046","TREE","D05",2017-09-25,"Live","sapling",NA,NA,10,1,NA,1.3,NA,"Pinus strobus L.",NA,NA,"2017",129,"pine","Pinus strobus L.","eastern white pine","Pinaceae","tree","strobus",0.729,"sw4",-2.5356,2.4349,"PinusBelow0.45spg","conifer","Conifer",0.39,-2.6177,2.4638,0.574215,0.848035,NA,"Good",NA,NA,0.896046266789036
"Pinus","PIST","NEON.PLA.D05.TREE.00028","TREE_055","TREE","D05",2017-09-14,"Live","sapling",NA,NA,10,1.5,NA,3,NA,"Pinus strobus L.",NA,NA,"2017",129,"pine","Pinus strobus L.","eastern white pine","Pinaceae","tree","strobus",0.729,"sw4",-2.5356,2.4349,"PinusBelow0.45spg","conifer","Conifer",0.39,-2.6177,2.4638,0.574215,0.848035,NA,"Good",NA,NA,5.21959889582233
"Pinus","PIST","NEON.PLA.D05.TREE.00666","TREE_042","TREE","D05",2020-10-06,"Live","sapling","Full shade",NA,10,0.8,NA,1.3,NA,"Pinus strobus L.",NA,NA,"2020",129,"pine","Pinus strobus L.","eastern white pine","Pinaceae","tree","strobus",0.729,"sw4",-2.5356,2.4349,"PinusBelow0.45spg","conifer","Conifer",0.39,-2.6177,2.4638,0.574215,0.848035,NA,"Good",NA,NA,0.741561803312956
"Pinus","PIST","NEON.PLA.D05.TREE.03518","TREE_046","TREE","D05",2016-09-29,"Live","sapling",NA,NA,10,0.7,NA,1,NA,"Pinus strobus L.",NA,NA,"2016",129,"pine","Pinus strobus L.","eastern white pine","Pinaceae","tree","strobus",0.729,"sw4",-2.5356,2.4349,"PinusBelow0.45spg","conifer","Conifer",0.39,-2.6177,2.4638,0.574215,0.848035,NA,"Good",NA,NA,0.424338317019844
"Pinus","PIST","NEON.PLA.D05.TREE.03566","TREE_055","TREE","D05",2016-09-27,"Live","sapling",NA,NA,10,1.4,NA,1.7,NA,"Pinus strobus L.",NA,NA,"2016",129,"pine","Pinus strobus L.","eastern white pine","Pinaceae","tree","strobus",0.729,"sw4",-2.5356,2.4349,"PinusBelow0.45spg","conifer","Conifer",0.39,-2.6177,2.4638,0.574215,0.848035,NA,"Good",NA,NA,1.87868394533072
"Pinus","PIST","NEON.PLA.D05.TREE.03518","TREE_046","TREE","D05",2022-09-20,"Live","sapling","Full shade",NA,10,1.8,NA,2.6,NA,"Pinus strobus L.",NA,NA,"2022",129,"pine","Pinus strobus L.","eastern white pine","Pinaceae","tree","strobus",0.729,"sw4",-2.5356,2.4349,"PinusBelow0.45spg","conifer","Conifer",0.39,-2.6177,2.4638,0.574215,0.848035,NA,"Good",NA,NA,4.77945523580396
"Pinus","PIST","NEON.PLA.D05.TREE.00388","TREE_051","TREE","D05",2016-09-28,"Live","sapling",NA,NA,10,0.8,NA,1.2,NA,"Pinus strobus L.",NA,NA,"2016",129,"pine","Pinus strobus L.","eastern white pine","Pinaceae","tree","strobus",0.729,"sw4",-2.5356,2.4349,"PinusBelow0.45spg","conifer","Conifer",0.39,-2.6177,2.4638,0.574215,0.848035,NA,"Good",NA,NA,0.647423391274843
"Pinus","PIST","NEON.PLA.D05.TREE.00149","TREE_046","TREE","D05",2016-09-29,"Live","sapling",NA,NA,10,1.5,NA,1.9,NA,"Pinus strobus L.",NA,NA,"2016",129,"pine","Pinus strobus L.","eastern white pine","Pinaceae","tree","strobus",0.729,"sw4",-2.5356,2.4349,"PinusBelow0.45spg","conifer","Conifer",0.39,-2.6177,2.4638,0.574215,0.848035,NA,"Good",NA,NA,2.40542435587147
"Pinus","PIST","NEON.PLA.D05.TREE.00637","TREE_046","TREE","D05",2018-10-10,"Live","sapling",NA,NA,10,1.3,NA,1.9,NA,"Pinus strobus L.",NA,NA,"2018",129,"pine","Pinus strobus L.","eastern white pine","Pinaceae","tree","strobus",0.729,"sw4",-2.5356,2.4349,"PinusBelow0.45spg","conifer","Conifer",0.39,-2.6177,2.4638,0.574215,0.848035,NA,"Good",NA,NA,2.13053220796189
"Pinus","PIST","NEON.PLA.D05.TREE.00095","TREE_055","TREE","D05",2017-09-14,"Live","sapling",NA,NA,15,1.3,NA,1.8,NA,"Pinus strobus L.",NA,NA,"2017",129,"pine","Pinus strobus L.","eastern white pine","Pinaceae","tree","strobus",0.729,"sw4",-2.5356,2.4349,"PinusBelow0.45spg","conifer","Conifer",0.39,-2.6177,2.4638,0.574215,0.848035,NA,"Good",NA,NA,1.94384898308765
"Pinus","PIST","NEON.PLA.D05.TREE.00536","TREE_053","TREE","D05",2017-08-30,"Live","sapling",NA,NA,10,1.2,NA,2,NA,"Pinus strobus L.",NA,NA,"2017",129,"pine","Pinus strobus L.","eastern white pine","Pinaceae","tree","strobus",0.729,"sw4",-2.5356,2.4349,"PinusBelow0.45spg","conifer","Conifer",0.39,-2.6177,2.4638,0.574215,0.848035,NA,"Good",NA,NA,2.17165556883766
"Pinus","PIST","NEON.PLA.D05.TREE.03571","TREE_053","TREE","D05",2016-09-27,"Live","sapling",NA,NA,10,0.7,NA,1.1,NA,"Pinus strobus L.",NA,NA,"2016",129,"pine","Pinus strobus L.","eastern white pine","Pinaceae","tree","strobus",0.729,"sw4",-2.5356,2.4349,"PinusBelow0.45spg","conifer","Conifer",0.39,-2.6177,2.4638,0.574215,0.848035,NA,"Good",NA,NA,0.498789314531301
"Pinus","PIST","NEON.PLA.D05.TREE.03556","TREE_055","TREE","D05",2016-09-27,"Live","sapling",NA,NA,10,1,NA,2.5,NA,"Pinus strobus L.",NA,NA,"2016",129,"pine","Pinus strobus L.","eastern white pine","Pinaceae","tree","strobus",0.729,"sw4",-2.5356,2.4349,"PinusBelow0.45spg","conifer","Conifer",0.39,-2.6177,2.4638,0.574215,0.848035,NA,"Good",NA,NA,2.71649333443966
"Pinus","PIST","NEON.PLA.D05.TREE.03526","TREE_046","TREE","D05",2016-09-29,"Live","sapling",NA,NA,10,1.1,NA,2.6,NA,"Pinus strobus L.",NA,NA,"2016",129,"pine","Pinus strobus L.","eastern white pine","Pinaceae","tree","strobus",0.729,"sw4",-2.5356,2.4349,"PinusBelow0.45spg","conifer","Conifer",0.39,-2.6177,2.4638,0.574215,0.848035,NA,"Good",NA,NA,3.14775429562396
"Pinus","PIST","NEON.PLA.D05.TREE.00536","TREE_053","TREE","D05",2018-10-09,"Live","sapling",NA,NA,10,1.5,NA,2.3,NA,"Pinus strobus L.",NA,NA,"2018",129,"pine","Pinus strobus L.","eastern white pine","Pinaceae","tree","strobus",0.729,"sw4",-2.5356,2.4349,"PinusBelow0.45spg","conifer","Conifer",0.39,-2.6177,2.4638,0.574215,0.848035,NA,"Good",NA,NA,3.32599670721479
"Pinus","PIST","NEON.PLA.D05.TREE.00194","TREE_046","TREE","D05",2016-09-29,"Live","sapling",NA,NA,10,0.8,NA,1.4,NA,"Pinus strobus L.",NA,NA,"2016",129,"pine","Pinus strobus L.","eastern white pine","Pinaceae","tree","strobus",0.729,"sw4",-2.5356,2.4349,"PinusBelow0.45spg","conifer","Conifer",0.39,-2.6177,2.4638,0.574215,0.848035,NA,"Good",NA,NA,0.84088155811848
"Pinus","PIST","NEON.PLA.D05.TREE.00028","TREE_055","TREE","D05",2016-09-27,"Live","sapling",NA,NA,10,1.4,NA,2.6,NA,"Pinus strobus L.",NA,NA,"2016",129,"pine","Pinus strobus L.","eastern white pine","Pinaceae","tree","strobus",0.729,"sw4",-2.5356,2.4349,"PinusBelow0.45spg","conifer","Conifer",0.39,-2.6177,2.4638,0.574215,0.848035,NA,"Good",NA,NA,3.86206935214025
"Pinus","PIST","NEON.PLA.D05.TREE.00170","TREE_046","TREE","D05",2018-10-10,"Live","sapling",NA,NA,10,1.1,NA,1.2,NA,"Pinus strobus L.",NA,NA,"2018",129,"pine","Pinus strobus L.","eastern white pine","Pinaceae","tree","strobus",0.729,"sw4",-2.5356,2.4349,"PinusBelow0.45spg","conifer","Conifer",0.39,-2.6177,2.4638,0.574215,0.848035,NA,"Good",NA,NA,0.848152438322708
"Pinus","PIST","NEON.PLA.D05.TREE.00683","TREE_046","TREE","D05",2018-10-10,"Standing dead","sapling",NA,NA,10,1.1,NA,2.3,NA,"Pinus strobus L.",NA,NA,"2018",129,"pine","Pinus strobus L.","eastern white pine","Pinaceae","tree","strobus",0.729,"sw4",-2.5356,2.4349,"PinusBelow0.45spg","conifer","Conifer",0.39,-2.6177,2.4638,0.574215,0.848035,NA,"Good",NA,NA,2.5567761695658
"Pinus","PIST","NEON.PLA.D05.TREE.00666","TREE_042","TREE","D05",2018-10-10,"Live","sapling",NA,NA,10,0.7,NA,1.4,NA,"Pinus strobus L.",NA,NA,"2018",129,"pine","Pinus strobus L.","eastern white pine","Pinaceae","tree","strobus",0.729,"sw4",-2.5356,2.4349,"PinusBelow0.45spg","conifer","Conifer",0.39,-2.6177,2.4638,0.574215,0.848035,NA,"Good",NA,NA,0.750854221894635
"Pinus","PIST","NEON.PLA.D05.TREE.03570","TREE_053","TREE","D05",2016-09-27,"Live","sapling",NA,NA,10,0.8,NA,1,NA,"Pinus strobus L.",NA,NA,"2016",129,"pine","Pinus strobus L.","eastern white pine","Pinaceae","tree","strobus",0.729,"sw4",-2.5356,2.4349,"PinusBelow0.45spg","conifer","Conifer",0.39,-2.6177,2.4638,0.574215,0.848035,NA,"Good",NA,NA,0.475216433204115
"Pinus","PIST","NEON.PLA.D05.TREE.02962","TREE_009","TREE","D05",2017-10-26,"Live","sapling",NA,NA,10,1.4,NA,1.5,NA,"Pinus strobus L.",NA,NA,"2017",129,"pine","Pinus strobus L.","eastern white pine","Pinaceae","tree","strobus",0.729,"sw4",-2.5356,2.4349,"PinusBelow0.45spg","conifer","Conifer",0.39,-2.6177,2.4638,0.574215,0.848035,NA,"Good",NA,NA,1.51935522496082
"Pinus","PIST","NEON.PLA.D05.TREE.03566","TREE_055","TREE","D05",2017-09-14,"Live","sapling",NA,NA,10,1.7,NA,2.1,NA,"Pinus strobus L.",NA,NA,"2017",129,"pine","Pinus strobus L.","eastern white pine","Pinaceae","tree","strobus",0.729,"sw4",-2.5356,2.4349,"PinusBelow0.45spg","conifer","Conifer",0.39,-2.6177,2.4638,0.574215,0.848035,NA,"Good",NA,NA,3.16963871965208
"Pinus","PIST","NEON.PLA.D05.TREE.03577","TREE_053","TREE","D05",2017-08-30,"Live","sapling",NA,NA,10,0.9,NA,1.5,NA,"Pinus strobus L.",NA,NA,"2017",129,"pine","Pinus strobus L.","eastern white pine","Pinaceae","tree","strobus",0.729,"sw4",-2.5356,2.4349,"PinusBelow0.45spg","conifer","Conifer",0.39,-2.6177,2.4638,0.574215,0.848035,NA,"Good",NA,NA,1.0445606983524
"Pinus","PIST","NEON.PLA.D05.TREE.03577","TREE_053","TREE","D05",2016-09-27,"Live","sapling",NA,NA,10,0.6,NA,1.4,NA,"Pinus strobus L.",NA,NA,"2016",129,"pine","Pinus strobus L.","eastern white pine","Pinaceae","tree","strobus",0.729,"sw4",-2.5356,2.4349,"PinusBelow0.45spg","conifer","Conifer",0.39,-2.6177,2.4638,0.574215,0.848035,NA,"Good",NA,NA,0.658843713396766
"Pinus","PIST","NEON.PLA.D05.TREE.00145","TREE_046","TREE","D05",2017-09-25,"Live","sapling",NA,NA,10,1.3,NA,2.2,NA,"Pinus strobus L.",NA,NA,"2017",129,"pine","Pinus strobus L.","eastern white pine","Pinaceae","tree","strobus",0.729,"sw4",-2.5356,2.4349,"PinusBelow0.45spg","conifer","Conifer",0.39,-2.6177,2.4638,0.574215,0.848035,NA,"Good",NA,NA,2.73196618943559
"Pinus","PIST","NEON.PLA.D05.TREE.00145","TREE_046","TREE","D05",2018-10-10,"Live","sapling",NA,NA,10,1.4,NA,2.4,NA,"Pinus strobus L.",NA,NA,"2018",129,"pine","Pinus strobus L.","eastern white pine","Pinaceae","tree","strobus",0.729,"sw4",-2.5356,2.4349,"PinusBelow0.45spg","conifer","Conifer",0.39,-2.6177,2.4638,0.574215,0.848035,NA,"Good",NA,NA,3.3717945370577
"Pinus","PIST","NEON.PLA.D05.TREE.00170","TREE_046","TREE","D05",2017-09-25,"Live","sapling",NA,NA,10,1.3,NA,1.8,NA,"Pinus strobus L.",NA,NA,"2017",129,"pine","Pinus strobus L.","eastern white pine","Pinaceae","tree","strobus",0.729,"sw4",-2.5356,2.4349,"PinusBelow0.45spg","conifer","Conifer",0.39,-2.6177,2.4638,0.574215,0.848035,NA,"Good",NA,NA,1.94384898308765
"Pinus","PIST","NEON.PLA.D05.TREE.03546","TREE_051","TREE","D05",2016-09-28,"Live,  other damage","sapling",NA,NA,10,0.9,NA,1.6,NA,"Pinus strobus L.",NA,NA,"2016",129,"pine","Pinus strobus L.","eastern white pine","Pinaceae","tree","strobus",0.729,"sw4",-2.5356,2.4349,"PinusBelow0.45spg","conifer","Conifer",0.39,-2.6177,2.4638,0.574215,0.848035,NA,"Good",NA,NA,1.1653928753462
"Pinus","PIST","NEON.PLA.D05.TREE.00147","TREE_046","TREE","D05",2017-09-25,"Live","sapling",NA,NA,10,0.9,NA,1.9,NA,"Pinus strobus L.",NA,NA,"2017",129,"pine","Pinus strobus L.","eastern white pine","Pinaceae","tree","strobus",0.729,"sw4",-2.5356,2.4349,"PinusBelow0.45spg","conifer","Conifer",0.39,-2.6177,2.4638,0.574215,0.848035,NA,"Good",NA,NA,1.55975432906308
"Pinus","PIST","NEON.PLA.D05.TREE.00119","TREE_046","TREE","D05",2018-10-10,"Live","sapling",NA,NA,10,1.6,NA,2.7,NA,"Pinus strobus L.",NA,NA,"2018",129,"pine","Pinus strobus L.","eastern white pine","Pinaceae","tree","strobus",0.729,"sw4",-2.5356,2.4349,"PinusBelow0.45spg","conifer","Conifer",0.39,-2.6177,2.4638,0.574215,0.848035,NA,"Good",NA,NA,4.61103652303642
"Pinus","PIST","NEON.PLA.D05.TREE.03818","TREE_016","TREE","D05",2019-10-30,"Live","sapling",NA,NA,10,1,NA,1.6,NA,"Pinus strobus L.",NA,NA,"2019",129,"pine","Pinus strobus L.","eastern white pine","Pinaceae","tree","strobus",0.729,"sw4",-2.5356,2.4349,"PinusBelow0.45spg","conifer","Conifer",0.39,-2.6177,2.4638,0.574215,0.848035,NA,"Good",NA,NA,1.27431358268868
"Pinus","PIST","NEON.PLA.D05.TREE.00119","TREE_046","TREE","D05",2022-09-19,"Live, broken bole","sapling","Full shade",NA,10,0.7,NA,3,NA,"Pinus strobus L.",NA,NA,"2022",129,"pine","Pinus strobus L.","eastern white pine","Pinaceae","tree","strobus",0.729,"sw4",-2.5356,2.4349,"PinusBelow0.45spg","conifer","Conifer",0.39,-2.6177,2.4638,0.574215,0.848035,NA,"Good",NA,NA,2.73491161757805
"Pinus","PIST","NEON.PLA.D05.TREE.00137","TREE_055","TREE","D05",2017-09-14,"Live","sapling",NA,NA,10,1.8,NA,3.9,NA,"Pinus strobus L.",NA,NA,"2017",129,"pine","Pinus strobus L.","eastern white pine","Pinaceae","tree","strobus",0.729,"sw4",-2.5356,2.4349,"PinusBelow0.45spg","conifer","Conifer",0.39,-2.6177,2.4638,0.574215,0.848035,NA,"Good",NA,NA,9.50695635475307
"Pinus","PIST","NEON.PLA.D05.TREE.00683","TREE_046","TREE","D05",2016-09-29,"Live","sapling",NA,NA,10,0.9,NA,1.9,NA,"Pinus strobus L.",NA,NA,"2016",129,"pine","Pinus strobus L.","eastern white pine","Pinaceae","tree","strobus",0.729,"sw4",-2.5356,2.4349,"PinusBelow0.45spg","conifer","Conifer",0.39,-2.6177,2.4638,0.574215,0.848035,NA,"Good",NA,NA,1.55975432906308
"Pinus","PIST","NEON.PLA.D05.TREE.08192","TREE_054","TREE","D05",2022-09-07,"Standing dead","sapling","Full shade",NA,10,1.6,NA,1.7,NA,"Pinus strobus L.",NA,NA,"2022",129,"pine","Pinus strobus L.","eastern white pine","Pinaceae","tree","strobus",0.729,"sw4",-2.5356,2.4349,"PinusBelow0.45spg","conifer","Conifer",0.39,-2.6177,2.4638,0.574215,0.848035,NA,"Good",NA,NA,2.10393793774732
"Pinus","PIST","NEON.PLA.D05.TREE.03561","TREE_055","TREE","D05",2016-09-27,"Live","sapling",NA,NA,10,0.9,NA,1.9,NA,"Pinus strobus L.",NA,NA,"2016",129,"pine","Pinus strobus L.","eastern white pine","Pinaceae","tree","strobus",0.729,"sw4",-2.5356,2.4349,"PinusBelow0.45spg","conifer","Conifer",0.39,-2.6177,2.4638,0.574215,0.848035,NA,"Good",NA,NA,1.55975432906308
"Pinus","PIST","NEON.PLA.D05.TREE.03528","TREE_052","TREE","D05",2017-09-26,"Live","sapling",NA,NA,10,1.2,NA,1.4,NA,"Pinus strobus L.",NA,NA,"2017",129,"pine","Pinus strobus L.","eastern white pine","Pinaceae","tree","strobus",0.729,"sw4",-2.5356,2.4349,"PinusBelow0.45spg","conifer","Conifer",0.39,-2.6177,2.4638,0.574215,0.848035,NA,"Good",NA,NA,1.18594999795624
"Pinus","PIST","NEON.PLA.D05.TREE.00666","TREE_042","TREE","D05",2016-09-28,"Live","sapling",NA,NA,10,0.7,NA,1.5,NA,"Pinus strobus L.",NA,NA,"2016",129,"pine","Pinus strobus L.","eastern white pine","Pinaceae","tree","strobus",0.729,"sw4",-2.5356,2.4349,"PinusBelow0.45spg","conifer","Conifer",0.39,-2.6177,2.4638,0.574215,0.848035,NA,"Good",NA,NA,0.844063948823331
"Pinus","PIST","NEON.PLA.D05.TREE.00012","TREE_046","TREE","D05",2022-09-19,"Standing dead","sapling","Full shade",NA,10,0.8,NA,1.3,NA,"Pinus strobus L.",NA,NA,"2022",129,"pine","Pinus strobus L.","eastern white pine","Pinaceae","tree","strobus",0.729,"sw4",-2.5356,2.4349,"PinusBelow0.45spg","conifer","Conifer",0.39,-2.6177,2.4638,0.574215,0.848035,NA,"Good",NA,NA,0.741561803312956
"Pinus","PIST","NEON.PLA.D05.TREE.00147","TREE_046","TREE","D05",2018-10-10,"Live","sapling",NA,NA,20,0.8,NA,1.3,NA,"Pinus strobus L.",NA,NA,"2018",129,"pine","Pinus strobus L.","eastern white pine","Pinaceae","tree","strobus",0.729,"sw4",-2.5356,2.4349,"PinusBelow0.45spg","conifer","Conifer",0.39,-2.6177,2.4638,0.574215,0.848035,NA,"Good",NA,NA,0.741561803312956
"Pinus","PIST","NEON.PLA.D05.TREE.00149","TREE_046","TREE","D05",2017-09-25,"Live","sapling",NA,NA,10,1.6,NA,2,NA,"Pinus strobus L.",NA,NA,"2017",129,"pine","Pinus strobus L.","eastern white pine","Pinaceae","tree","strobus",0.729,"sw4",-2.5356,2.4349,"PinusBelow0.45spg","conifer","Conifer",0.39,-2.6177,2.4638,0.574215,0.848035,NA,"Good",NA,NA,2.77168178323525
"Pinus","PIST","NEON.PLA.D05.TREE.03899","TREE_055","TREE","D05",2018-10-10,"Live","sapling",NA,NA,10,1,NA,1.4,NA,"Pinus strobus L.",NA,NA,"2018",129,"pine","Pinus strobus L.","eastern white pine","Pinaceae","tree","strobus",0.729,"sw4",-2.5356,2.4349,"PinusBelow0.45spg","conifer","Conifer",0.39,-2.6177,2.4638,0.574215,0.848035,NA,"Good",NA,NA,1.01605662211519
"Pinus","PIST","NEON.PLA.D05.TREE.00683","TREE_046","TREE","D05",2017-09-25,"Live","sapling",NA,NA,10,1.1,NA,2.1,NA,"Pinus strobus L.",NA,NA,"2017",129,"pine","Pinus strobus L.","eastern white pine","Pinaceae","tree","strobus",0.729,"sw4",-2.5356,2.4349,"PinusBelow0.45spg","conifer","Conifer",0.39,-2.6177,2.4638,0.574215,0.848035,NA,"Good",NA,NA,2.1912072601246
"Pinus","PIST","NEON.PLA.D05.TREE.00170","TREE_046","TREE","D05",2016-09-29,"Live","sapling",NA,NA,10,1,NA,1.6,NA,"Pinus strobus L.",NA,NA,"2016",129,"pine","Pinus strobus L.","eastern white pine","Pinaceae","tree","strobus",0.729,"sw4",-2.5356,2.4349,"PinusBelow0.45spg","conifer","Conifer",0.39,-2.6177,2.4638,0.574215,0.848035,NA,"Good",NA,NA,1.27431358268868
"Pinus","PIST","NEON.PLA.D05.TREE.00588","TREE_053","TREE","D05",2017-08-30,"Live","sapling",NA,NA,10,0.7,NA,1.7,NA,"Pinus strobus L.",NA,NA,"2017",129,"pine","Pinus strobus L.","eastern white pine","Pinaceae","tree","strobus",0.729,"sw4",-2.5356,2.4349,"PinusBelow0.45spg","conifer","Conifer",0.39,-2.6177,2.4638,0.574215,0.848035,NA,"Good",NA,NA,1.04368574473934
"Pinus","PIST","NEON.PLA.D05.TREE.03555","TREE_055","TREE","D05",2017-09-14,"Live","sapling",NA,NA,10,1.8,NA,2.5,NA,"Pinus strobus L.",NA,NA,"2017",129,"pine","Pinus strobus L.","eastern white pine","Pinaceae","tree","strobus",0.729,"sw4",-2.5356,2.4349,"PinusBelow0.45spg","conifer","Conifer",0.39,-2.6177,2.4638,0.574215,0.848035,NA,"Good",NA,NA,4.47186477678219
"Pinus","PIST","NEON.PLA.D05.TREE.00588","TREE_053","TREE","D05",2016-09-27,"Live","sapling",NA,NA,10,0.6,NA,1.6,NA,"Pinus strobus L.",NA,NA,"2016",129,"pine","Pinus strobus L.","eastern white pine","Pinaceae","tree","strobus",0.729,"sw4",-2.5356,2.4349,"PinusBelow0.45spg","conifer","Conifer",0.39,-2.6177,2.4638,0.574215,0.848035,NA,"Good",NA,NA,0.826305812664999
"Pinus","PIST","NEON.PLA.D05.TREE.03427","TREE_046","TREE","D05",2018-10-10,"Live","sapling",NA,NA,10,0.6,NA,1.4,NA,"Pinus strobus L.",NA,NA,"2018",129,"pine","Pinus strobus L.","eastern white pine","Pinaceae","tree","strobus",0.729,"sw4",-2.5356,2.4349,"PinusBelow0.45spg","conifer","Conifer",0.39,-2.6177,2.4638,0.574215,0.848035,NA,"Good",NA,NA,0.658843713396766
"Pinus","PIST","NEON.PLA.D05.TREE.03561","TREE_055","TREE","D05",2017-09-14,"Live","sapling",NA,NA,10,1.1,NA,1.9,NA,"Pinus strobus L.",NA,NA,"2017",129,"pine","Pinus strobus L.","eastern white pine","Pinaceae","tree","strobus",0.729,"sw4",-2.5356,2.4349,"PinusBelow0.45spg","conifer","Conifer",0.39,-2.6177,2.4638,0.574215,0.848035,NA,"Good",NA,NA,1.84910936846221
"Pinus","PIST","NEON.PLA.D05.TREE.03518","TREE_046","TREE","D05",2017-09-25,"Live","sapling",NA,NA,10,0.8,NA,1.2,NA,"Pinus strobus L.",NA,NA,"2017",129,"pine","Pinus strobus L.","eastern white pine","Pinaceae","tree","strobus",0.729,"sw4",-2.5356,2.4349,"PinusBelow0.45spg","conifer","Conifer",0.39,-2.6177,2.4638,0.574215,0.848035,NA,"Good",NA,NA,0.647423391274843
"Pinus","PIST","NEON.PLA.D05.TREE.00194","TREE_046","TREE","D05",2021-09-21,"Live,  other damage","sapling","Full shade",NA,10,1.1,NA,1.6,NA,"Pinus strobus L.",NA,NA,"2021",129,"pine","Pinus strobus L.","eastern white pine","Pinaceae","tree","strobus",0.729,"sw4",-2.5356,2.4349,"PinusBelow0.45spg","conifer","Conifer",0.39,-2.6177,2.4638,0.574215,0.848035,NA,"Good",NA,NA,1.38158865379537
"Pinus","PIST","NEON.PLA.D05.TREE.00118","TREE_046","TREE","D05",2016-09-29,"Live","sapling",NA,NA,10,1.2,NA,2,NA,"Pinus strobus L.",NA,NA,"2016",129,"pine","Pinus strobus L.","eastern white pine","Pinaceae","tree","strobus",0.729,"sw4",-2.5356,2.4349,"PinusBelow0.45spg","conifer","Conifer",0.39,-2.6177,2.4638,0.574215,0.848035,NA,"Good",NA,NA,2.17165556883766
"Pinus","PIST","NEON.PLA.D05.TREE.00145","TREE_046","TREE","D05",2022-09-19,"Live, physically damaged","sapling","Full shade",NA,10,1.5,NA,2.6,NA,"Pinus strobus L.",NA,NA,"2022",129,"pine","Pinus strobus L.","eastern white pine","Pinaceae","tree","strobus",0.729,"sw4",-2.5356,2.4349,"PinusBelow0.45spg","conifer","Conifer",0.39,-2.6177,2.4638,0.574215,0.848035,NA,"Good",NA,NA,4.09477393719
"Pinus","PIST","NEON.PLA.D05.TREE.03818","TREE_016","TREE","D05",2017-10-24,"Live","sapling",NA,NA,10,0.9,NA,1.4,NA,"Pinus strobus L.",NA,NA,"2017",129,"pine","Pinus strobus L.","eastern white pine","Pinaceae","tree","strobus",0.729,"sw4",-2.5356,2.4349,"PinusBelow0.45spg","conifer","Conifer",0.39,-2.6177,2.4638,0.574215,0.848035,NA,"Good",NA,NA,0.929210175930963
"Pinus","PIST","NEON.PLA.D05.TREE.00637","TREE_046","TREE","D05",2021-09-21,"Live","sapling","Full shade",NA,10,1.5,NA,2.6,NA,"Pinus strobus L.",NA,NA,"2021",129,"pine","Pinus strobus L.","eastern white pine","Pinaceae","tree","strobus",0.729,"sw4",-2.5356,2.4349,"PinusBelow0.45spg","conifer","Conifer",0.39,-2.6177,2.4638,0.574215,0.848035,NA,"Good",NA,NA,4.09477393719
"Pinus","PIST","NEON.PLA.D05.TREE.03427","TREE_046","TREE","D05",2022-09-20,"Live,  other damage","sapling","Full shade",NA,13,1.5,NA,2.5,NA,"Pinus strobus L.",NA,NA,"2022",129,"pine","Pinus strobus L.","eastern white pine","Pinaceae","tree","strobus",0.729,"sw4",-2.5356,2.4349,"PinusBelow0.45spg","conifer","Conifer",0.39,-2.6177,2.4638,0.574215,0.848035,NA,"Good",NA,NA,3.83124737761573
"Pinus","PIST","NEON.PLA.D05.TREE.03561","TREE_055","TREE","D05",2018-10-10,"Live","sapling",NA,NA,10,1.2,NA,2.1,NA,"Pinus strobus L.",NA,NA,"2018",129,"pine","Pinus strobus L.","eastern white pine","Pinaceae","tree","strobus",0.729,"sw4",-2.5356,2.4349,"PinusBelow0.45spg","conifer","Conifer",0.39,-2.6177,2.4638,0.574215,0.848035,NA,"Good",NA,NA,2.35900836250701
"Pinus","PIST","NEON.PLA.D05.TREE.00012","TREE_046","TREE","D05",2018-10-10,"Live","sapling",NA,NA,10,0.8,NA,1.3,NA,"Pinus strobus L.",NA,NA,"2018",129,"pine","Pinus strobus L.","eastern white pine","Pinaceae","tree","strobus",0.729,"sw4",-2.5356,2.4349,"PinusBelow0.45spg","conifer","Conifer",0.39,-2.6177,2.4638,0.574215,0.848035,NA,"Good",NA,NA,0.741561803312956
"Pinus","PIST","NEON.PLA.D05.TREE.03570","TREE_053","TREE","D05",2017-08-30,"Live","sapling",NA,NA,10,0.8,NA,1.3,NA,"Pinus strobus L.",NA,NA,"2017",129,"pine","Pinus strobus L.","eastern white pine","Pinaceae","tree","strobus",0.729,"sw4",-2.5356,2.4349,"PinusBelow0.45spg","conifer","Conifer",0.39,-2.6177,2.4638,0.574215,0.848035,NA,"Good",NA,NA,0.741561803312956
"Pinus","PIST","NEON.PLA.D05.TREE.00226","TREE_055","TREE","D05",2017-09-14,"Live","sapling",NA,NA,10,1.6,NA,3.7,NA,"Pinus strobus L.",NA,NA,"2017",129,"pine","Pinus strobus L.","eastern white pine","Pinaceae","tree","strobus",0.729,"sw4",-2.5356,2.4349,"PinusBelow0.45spg","conifer","Conifer",0.39,-2.6177,2.4638,0.574215,0.848035,NA,"Good",NA,NA,7.86837990996767
"Pinus","PIST","NEON.PLA.D05.TREE.00812","TREE_025","TREE","D05",2018-10-17,"Standing dead","sapling",NA,NA,10,1,NA,1.7,NA,"Pinus strobus L.",NA,NA,"2018",129,"pine","Pinus strobus L.","eastern white pine","Pinaceae","tree","strobus",0.729,"sw4",-2.5356,2.4349,"PinusBelow0.45spg","conifer","Conifer",0.39,-2.6177,2.4638,0.574215,0.848035,NA,"Good",NA,NA,1.41231650755563
"Pinus","PIST","NEON.PLA.D05.TREE.00812","TREE_025","TREE","D05",2017-10-18,"Standing dead","sapling",NA,NA,10,1.1,NA,1.7,NA,"Pinus strobus L.",NA,NA,"2017",129,"pine","Pinus strobus L.","eastern white pine","Pinaceae","tree","strobus",0.729,"sw4",-2.5356,2.4349,"PinusBelow0.45spg","conifer","Conifer",0.39,-2.6177,2.4638,0.574215,0.848035,NA,"Good",NA,NA,1.53120902807128
"Pinus","PIST","NEON.PLA.D05.TREE.03577","TREE_053","TREE","D05",2018-10-09,"Live","sapling",NA,NA,10,1.1,NA,1.8,NA,"Pinus strobus L.",NA,NA,"2018",129,"pine","Pinus strobus L.","eastern white pine","Pinaceae","tree","strobus",0.729,"sw4",-2.5356,2.4349,"PinusBelow0.45spg","conifer","Conifer",0.39,-2.6177,2.4638,0.574215,0.848035,NA,"Good",NA,NA,1.68708520437791
"Pinus","PIST","NEON.PLA.D05.TREE.00226","TREE_055","TREE","D05",2016-09-27,"Live","sapling",NA,NA,10,1.3,NA,2.9,NA,"Pinus strobus L.",NA,NA,"2016",129,"pine","Pinus strobus L.","eastern white pine","Pinaceae","tree","strobus",0.729,"sw4",-2.5356,2.4349,"PinusBelow0.45spg","conifer","Conifer",0.39,-2.6177,2.4638,0.574215,0.848035,NA,"Good",NA,NA,4.36477495112669
"Pinus","PIST","NEON.PLA.D05.TREE.00637","TREE_046","TREE","D05",2022-09-20,"Live,  other damage","sapling","Full shade",NA,10,1.4,NA,2.8,NA,"Pinus strobus L.",NA,NA,"2022",129,"pine","Pinus strobus L.","eastern white pine","Pinaceae","tree","strobus",0.729,"sw4",-2.5356,2.4349,"PinusBelow0.45spg","conifer","Conifer",0.39,-2.6177,2.4638,0.574215,0.848035,NA,"Good",NA,NA,4.37932870851869
"Pinus","PIST","NEON.PLA.D05.TREE.00095","TREE_055","TREE","D05",2016-09-27,"Live","sapling",NA,NA,10,1.2,NA,1.8,NA,"Pinus strobus L.",NA,NA,"2016",129,"pine","Pinus strobus L.","eastern white pine","Pinaceae","tree","strobus",0.729,"sw4",-2.5356,2.4349,"PinusBelow0.45spg","conifer","Conifer",0.39,-2.6177,2.4638,0.574215,0.848035,NA,"Good",NA,NA,1.81628099624087
"Pinus","PIST","NEON.PLA.D05.TREE.00147","TREE_046","TREE","D05",2021-09-21,"Live","sapling","Full shade",NA,11,0.9,NA,1.6,NA,"Pinus strobus L.",NA,NA,"2021",129,"pine","Pinus strobus L.","eastern white pine","Pinaceae","tree","strobus",0.729,"sw4",-2.5356,2.4349,"PinusBelow0.45spg","conifer","Conifer",0.39,-2.6177,2.4638,0.574215,0.848035,NA,"Good",NA,NA,1.1653928753462
"Pinus","PIST","NEON.PLA.D05.TREE.00137","TREE_055","TREE","D05",2016-09-27,"Live","sapling",NA,NA,10,1.7,NA,3.7,NA,"Pinus strobus L.",NA,NA,"2016",129,"pine","Pinus strobus L.","eastern white pine","Pinaceae","tree","strobus",0.729,"sw4",-2.5356,2.4349,"PinusBelow0.45spg","conifer","Conifer",0.39,-2.6177,2.4638,0.574215,0.848035,NA,"Good",NA,NA,8.28348675952117
"Pinus","PIST","NEON.PLA.D05.TREE.00118","TREE_046","TREE","D05",2018-10-10,"Live","sapling",NA,NA,10,1.4,NA,2.2,NA,"Pinus strobus L.",NA,NA,"2018",129,"pine","Pinus strobus L.","eastern white pine","Pinaceae","tree","strobus",0.729,"sw4",-2.5356,2.4349,"PinusBelow0.45spg","conifer","Conifer",0.39,-2.6177,2.4638,0.574215,0.848035,NA,"Good",NA,NA,2.90916971754847
"Pinus","PIST","NEON.PLA.D05.TREE.00118","TREE_046","TREE","D05",2017-09-25,"Live","sapling",NA,NA,10,1.5,NA,2.2,NA,"Pinus strobus L.",NA,NA,"2017",129,"pine","Pinus strobus L.","eastern white pine","Pinaceae","tree","strobus",0.729,"sw4",-2.5356,2.4349,"PinusBelow0.45spg","conifer","Conifer",0.39,-2.6177,2.4638,0.574215,0.848035,NA,"Good",NA,NA,3.08445842166929
"Pinus","PIST","NEON.PLA.D05.TREE.00119","TREE_046","TREE","D05",2017-09-25,"Live","sapling",NA,NA,10,1.6,NA,2.9,NA,"Pinus strobus L.",NA,NA,"2017",129,"pine","Pinus strobus L.","eastern white pine","Pinaceae","tree","strobus",0.729,"sw4",-2.5356,2.4349,"PinusBelow0.45spg","conifer","Conifer",0.39,-2.6177,2.4638,0.574215,0.848035,NA,"Good",NA,NA,5.20516852510074
"Pinus","PIST","NEON.PLA.D05.TREE.00119","TREE_046","TREE","D05",2016-09-29,"Live","sapling",NA,NA,10,1.4,NA,2.7,NA,"Pinus strobus L.",NA,NA,"2016",129,"pine","Pinus strobus L.","eastern white pine","Pinaceae","tree","strobus",0.729,"sw4",-2.5356,2.4349,"PinusBelow0.45spg","conifer","Conifer",0.39,-2.6177,2.4638,0.574215,0.848035,NA,"Good",NA,NA,4.11736493350997
"Pinus","PIST","NEON.PLA.D05.TREE.00138","TREE_046","TREE","D05",2016-09-29,"Live","sapling",NA,NA,10,0.9,NA,1.7,NA,"Pinus strobus L.",NA,NA,"2016",129,"pine","Pinus strobus L.","eastern white pine","Pinaceae","tree","strobus",0.729,"sw4",-2.5356,2.4349,"PinusBelow0.45spg","conifer","Conifer",0.39,-2.6177,2.4638,0.574215,0.848035,NA,"Good",NA,NA,1.29160013516175
"Pinus","PIST","NEON.PLA.D05.TREE.00119","TREE_046","TREE","D05",2021-09-21,"Live,  other damage","sapling","Full shade",NA,10,1.8,3,3,NA,"Pinus strobus L.",NA,NA,"2021",129,"pine","Pinus strobus L.","eastern white pine","Pinaceae","tree","strobus",0.729,"sw4",-2.5356,2.4349,"PinusBelow0.45spg","conifer","Conifer",0.39,-2.6177,2.4638,0.574215,0.848035,NA,"Good",NA,NA,6.09236056839664
"Pinus","PIST","NEON.PLA.D05.TREE.00812","TREE_025","TREE","D05",2016-10-18,"Live","sapling",NA,NA,10,1.1,NA,2.6,NA,"Pinus strobus L.",NA,NA,"2016",129,"pine","Pinus strobus L.","eastern white pine","Pinaceae","tree","strobus",0.729,"sw4",-2.5356,2.4349,"PinusBelow0.45spg","conifer","Conifer",0.39,-2.6177,2.4638,0.574215,0.848035,NA,"Good",NA,NA,3.14775429562396
"Pinus","PIST","NEON.PLA.D05.TREE.03899","TREE_055","TREE","D05",2017-09-14,"Live","sapling",NA,NA,10,0.8,NA,1.2,NA,"Pinus strobus L.",NA,NA,"2017",129,"pine","Pinus strobus L.","eastern white pine","Pinaceae","tree","strobus",0.729,"sw4",-2.5356,2.4349,"PinusBelow0.45spg","conifer","Conifer",0.39,-2.6177,2.4638,0.574215,0.848035,NA,"Good",NA,NA,0.647423391274843
"Pinus","PIST","NEON.PLA.D05.TREE.00095","TREE_055","TREE","D05",2018-10-10,"Live","sapling",NA,NA,10,1.6,NA,2.6,NA,"Pinus strobus L.",NA,NA,"2018",129,"pine","Pinus strobus L.","eastern white pine","Pinaceae","tree","strobus",0.729,"sw4",-2.5356,2.4349,"PinusBelow0.45spg","conifer","Conifer",0.39,-2.6177,2.4638,0.574215,0.848035,NA,"Good",NA,NA,4.3251310303547
"Pinus","PIST","NEON.PLA.D05.TREE.03546","TREE_051","TREE","D05",2017-09-26,"Live","sapling",NA,NA,10,1,NA,1.6,NA,"Pinus strobus L.",NA,NA,"2017",129,"pine","Pinus strobus L.","eastern white pine","Pinaceae","tree","strobus",0.729,"sw4",-2.5356,2.4349,"PinusBelow0.45spg","conifer","Conifer",0.39,-2.6177,2.4638,0.574215,0.848035,NA,"Good",NA,NA,1.27431358268868
"Pinus","PIST","NEON.PLA.D05.TREE.00637","TREE_046","TREE","D05",2017-09-25,"Live","sapling",NA,NA,10,0.9,NA,1.8,NA,"Pinus strobus L.",NA,NA,"2017",129,"pine","Pinus strobus L.","eastern white pine","Pinaceae","tree","strobus",0.729,"sw4",-2.5356,2.4349,"PinusBelow0.45spg","conifer","Conifer",0.39,-2.6177,2.4638,0.574215,0.848035,NA,"Good",NA,NA,1.4230842674358
"Pinus","PIST","NEON.PLA.D05.TREE.00012","TREE_046","TREE","D05",2016-09-29,"Live","sapling",NA,NA,10,0.8,NA,1.2,NA,"Pinus strobus L.",NA,NA,"2016",129,"pine","Pinus strobus L.","eastern white pine","Pinaceae","tree","strobus",0.729,"sw4",-2.5356,2.4349,"PinusBelow0.45spg","conifer","Conifer",0.39,-2.6177,2.4638,0.574215,0.848035,NA,"Good",NA,NA,0.647423391274843
"Pinus","PIST","NEON.PLA.D05.TREE.00147","TREE_046","TREE","D05",2016-09-29,"Live","sapling",NA,NA,10,0.9,NA,1.4,NA,"Pinus strobus L.",NA,NA,"2016",129,"pine","Pinus strobus L.","eastern white pine","Pinaceae","tree","strobus",0.729,"sw4",-2.5356,2.4349,"PinusBelow0.45spg","conifer","Conifer",0.39,-2.6177,2.4638,0.574215,0.848035,NA,"Good",NA,NA,0.929210175930963
"Pinus","PIST","NEON.PLA.D05.TREE.03571","TREE_053","TREE","D05",2018-10-09,"Live","sapling",NA,NA,10,1,NA,1.4,NA,"Pinus strobus L.",NA,NA,"2018",129,"pine","Pinus strobus L.","eastern white pine","Pinaceae","tree","strobus",0.729,"sw4",-2.5356,2.4349,"PinusBelow0.45spg","conifer","Conifer",0.39,-2.6177,2.4638,0.574215,0.848035,NA,"Good",NA,NA,1.01605662211519
"Pinus","PIST","NEON.PLA.D05.TREE.03528","TREE_052","TREE","D05",2018-08-29,"Live","sapling",NA,NA,10,1,NA,1.5,NA,"Pinus strobus L.",NA,NA,"2018",129,"pine","Pinus strobus L.","eastern white pine","Pinaceae","tree","strobus",0.729,"sw4",-2.5356,2.4349,"PinusBelow0.45spg","conifer","Conifer",0.39,-2.6177,2.4638,0.574215,0.848035,NA,"Good",NA,NA,1.14218811013223
"Pinus","PIST","NEON.PLA.D05.TREE.00012","TREE_046","TREE","D05",2021-09-21,"Standing dead","sapling","Full shade",NA,10,0.7,NA,1.2,NA,"Pinus strobus L.",NA,NA,"2021",129,"pine","Pinus strobus L.","eastern white pine","Pinaceae","tree","strobus",0.729,"sw4",-2.5356,2.4349,"PinusBelow0.45spg","conifer","Conifer",0.39,-2.6177,2.4638,0.574215,0.848035,NA,"Good",NA,NA,0.578108274582429
"Pinus","PIST","NEON.PLA.D05.TREE.03427","TREE_046","TREE","D05",2021-09-21,"Live","sapling","Full shade",NA,13,1.3,NA,1.8,NA,"Pinus strobus L.",NA,NA,"2021",129,"pine","Pinus strobus L.","eastern white pine","Pinaceae","tree","strobus",0.729,"sw4",-2.5356,2.4349,"PinusBelow0.45spg","conifer","Conifer",0.39,-2.6177,2.4638,0.574215,0.848035,NA,"Good",NA,NA,1.94384898308765
"Pinus","PIST","NEON.PLA.D05.TREE.03571","TREE_053","TREE","D05",2017-08-30,"Live","sapling",NA,NA,10,0.9,NA,1.3,NA,"Pinus strobus L.",NA,NA,"2017",129,"pine","Pinus strobus L.","eastern white pine","Pinaceae","tree","strobus",0.729,"sw4",-2.5356,2.4349,"PinusBelow0.45spg","conifer","Conifer",0.39,-2.6177,2.4638,0.574215,0.848035,NA,"Good",NA,NA,0.819457588369449
"Pinus","PIST","NEON.PLA.D05.TREE.00666","TREE_042","TREE","D05",2017-09-25,"Live","sapling",NA,NA,10,0.8,NA,2.3,NA,"Pinus strobus L.",NA,NA,"2017",129,"pine","Pinus strobus L.","eastern white pine","Pinaceae","tree","strobus",0.729,"sw4",-2.5356,2.4349,"PinusBelow0.45spg","conifer","Conifer",0.39,-2.6177,2.4638,0.574215,0.848035,NA,"Good",NA,NA,1.95167357144492
"Pinus","PIST","NEON.PLA.D05.TREE.03570","TREE_053","TREE","D05",2018-10-09,"Live","sapling",NA,NA,10,1,NA,1.5,NA,"Pinus strobus L.",NA,NA,"2018",129,"pine","Pinus strobus L.","eastern white pine","Pinaceae","tree","strobus",0.729,"sw4",-2.5356,2.4349,"PinusBelow0.45spg","conifer","Conifer",0.39,-2.6177,2.4638,0.574215,0.848035,NA,"Good",NA,NA,1.14218811013223
"Pinus","PIST","NEON.PLA.D05.TREE.00666","TREE_042","TREE","D05",2021-10-04,"Live","sapling","Full shade",NA,10,0.6,NA,1.5,NA,"Pinus strobus L.",NA,NA,"2021",129,"pine","Pinus strobus L.","eastern white pine","Pinaceae","tree","strobus",0.729,"sw4",-2.5356,2.4349,"PinusBelow0.45spg","conifer","Conifer",0.39,-2.6177,2.4638,0.574215,0.848035,NA,"Good",NA,NA,0.740631417086362
"Pinus","PIST","NEON.PLA.D05.TREE.03526","TREE_046","TREE","D05",2022-09-20,"Dead, broken bole","sapling","Full shade",NA,10,0.3,NA,4.4,NA,"Pinus strobus L.",NA,NA,"2022",129,"pine","Pinus strobus L.","eastern white pine","Pinaceae","tree","strobus",0.729,"sw4",-2.5356,2.4349,"PinusBelow0.45spg","conifer","Conifer",0.39,-2.6177,2.4638,0.574215,0.848035,NA,"Good",NA,NA,2.55267683622349
"Pinus","PIST","NEON.PLA.D05.TREE.00118","TREE_046","TREE","D05",2022-09-20,"Live, physically damaged","sapling","Full shade",NA,10,0.6,NA,3,NA,"Pinus strobus L.",NA,NA,"2022",129,"pine","Pinus strobus L.","eastern white pine","Pinaceae","tree","strobus",0.729,"sw4",-2.5356,2.4349,"PinusBelow0.45spg","conifer","Conifer",0.39,-2.6177,2.4638,0.574215,0.848035,NA,"Good",NA,NA,2.39977251694795
"Pinus","PIST","NEON.PLA.D05.TREE.00666","TREE_042","TREE","D05",2019-10-23,"Live","sapling",NA,NA,10,0.7,NA,1.1,NA,"Pinus strobus L.",NA,NA,"2019",129,"pine","Pinus strobus L.","eastern white pine","Pinaceae","tree","strobus",0.729,"sw4",-2.5356,2.4349,"PinusBelow0.45spg","conifer","Conifer",0.39,-2.6177,2.4638,0.574215,0.848035,NA,"Good",NA,NA,0.498789314531301
"Pinus","PIST","NEON.PLA.D05.TREE.03528","TREE_052","TREE","D05",2016-09-29,"Live","sapling",NA,NA,10,1,NA,1.3,NA,"Pinus strobus L.",NA,NA,"2016",129,"pine","Pinus strobus L.","eastern white pine","Pinaceae","tree","strobus",0.729,"sw4",-2.5356,2.4349,"PinusBelow0.45spg","conifer","Conifer",0.39,-2.6177,2.4638,0.574215,0.848035,NA,"Good",NA,NA,0.896046266789036
"Pinus","PIST","NEON.PLA.D05.TREE.00088","TREE_055","TREE","D05",2016-09-27,"Live","sapling",NA,NA,10,1,NA,1.7,NA,"Pinus strobus L.",NA,NA,"2016",129,"pine","Pinus strobus L.","eastern white pine","Pinaceae","tree","strobus",0.729,"sw4",-2.5356,2.4349,"PinusBelow0.45spg","conifer","Conifer",0.39,-2.6177,2.4638,0.574215,0.848035,NA,"Good",NA,NA,1.41231650755563
"Pinus","PIST","NEON.PLA.D05.TREE.00388","TREE_051","TREE","D05",2017-09-26,"Live","sapling",NA,NA,10,0.7,NA,1.1,NA,"Pinus strobus L.",NA,NA,"2017",129,"pine","Pinus strobus L.","eastern white pine","Pinaceae","tree","strobus",0.729,"sw4",-2.5356,2.4349,"PinusBelow0.45spg","conifer","Conifer",0.39,-2.6177,2.4638,0.574215,0.848035,NA,"Good",NA,NA,0.498789314531301
"Pinus","PIST","NEON.PLA.D05.TREE.00145","TREE_046","TREE","D05",2021-09-21,"Live, physically damaged","sapling","Full shade",NA,10,1.6,NA,2.5,NA,"Pinus strobus L.",NA,NA,"2021",129,"pine","Pinus strobus L.","eastern white pine","Pinaceae","tree","strobus",0.729,"sw4",-2.5356,2.4349,"PinusBelow0.45spg","conifer","Conifer",0.39,-2.6177,2.4638,0.574215,0.848035,NA,"Good",NA,NA,4.04677942471772
"Pinus","PIST","NEON.PLA.D05.TREE.00138","TREE_046","TREE","D05",2018-10-10,"Live","sapling",NA,NA,10,0.9,NA,1.8,NA,"Pinus strobus L.",NA,NA,"2018",129,"pine","Pinus strobus L.","eastern white pine","Pinaceae","tree","strobus",0.729,"sw4",-2.5356,2.4349,"PinusBelow0.45spg","conifer","Conifer",0.39,-2.6177,2.4638,0.574215,0.848035,NA,"Good",NA,NA,1.4230842674358
"Pinus","PIST","NEON.PLA.D05.TREE.00138","TREE_046","TREE","D05",2017-09-25,"Live","sapling",NA,NA,10,0.9,NA,1.6,NA,"Pinus strobus L.",NA,NA,"2017",129,"pine","Pinus strobus L.","eastern white pine","Pinaceae","tree","strobus",0.729,"sw4",-2.5356,2.4349,"PinusBelow0.45spg","conifer","Conifer",0.39,-2.6177,2.4638,0.574215,0.848035,NA,"Good",NA,NA,1.1653928753462
"Pinus","PIST","NEON.PLA.D05.TREE.00087","TREE_046","TREE","D05",2021-09-21,"Live,  other damage","sapling","Full shade",NA,10,0.8,NA,1.8,NA,"Pinus strobus L.",NA,NA,"2021",129,"pine","Pinus strobus L.","eastern white pine","Pinaceae","tree","strobus",0.729,"sw4",-2.5356,2.4349,"PinusBelow0.45spg","conifer","Conifer",0.39,-2.6177,2.4638,0.574215,0.848035,NA,"Good",NA,NA,1.28780909543571
"Pinus","PIST","NEON.PLA.D05.TREE.00551","TREE_053","TREE","D05",2016-09-27,"Live","sapling",NA,NA,10,1,NA,1.4,NA,"Pinus strobus L.",NA,NA,"2016",129,"pine","Pinus strobus L.","eastern white pine","Pinaceae","tree","strobus",0.729,"sw4",-2.5356,2.4349,"PinusBelow0.45spg","conifer","Conifer",0.39,-2.6177,2.4638,0.574215,0.848035,NA,"Good",NA,NA,1.01605662211519
"Pinus","PIST","NEON.PLA.D05.TREE.00087","TREE_046","TREE","D05",2016-09-29,"Live","sapling",NA,NA,10,0.9,NA,1.7,NA,"Pinus strobus L.",NA,NA,"2016",129,"pine","Pinus strobus L.","eastern white pine","Pinaceae","tree","strobus",0.729,"sw4",-2.5356,2.4349,"PinusBelow0.45spg","conifer","Conifer",0.39,-2.6177,2.4638,0.574215,0.848035,NA,"Good",NA,NA,1.29160013516175
"Pinus","PIST","NEON.PLA.D05.TREE.00005","TREE_055","TREE","D05",2016-09-27,"Live,  other damage","sapling",NA,NA,10,1.9,NA,2.8,NA,"Pinus strobus L.",NA,NA,"2016",129,"pine","Pinus strobus L.","eastern white pine","Pinaceae","tree","strobus",0.729,"sw4",-2.5356,2.4349,"PinusBelow0.45spg","conifer","Conifer",0.39,-2.6177,2.4638,0.574215,0.848035,NA,"Good",NA,NA,5.67386065132151
"Pinus","PIST","NEON.PLA.D05.TREE.00170","TREE_046","TREE","D05",2021-09-21,"Live","sapling","Full shade",NA,10,1.5,NA,2.2,NA,"Pinus strobus L.",NA,NA,"2021",129,"pine","Pinus strobus L.","eastern white pine","Pinaceae","tree","strobus",0.729,"sw4",-2.5356,2.4349,"PinusBelow0.45spg","conifer","Conifer",0.39,-2.6177,2.4638,0.574215,0.848035,NA,"Good",NA,NA,3.08445842166929
"Pinus","PIST","NEON.PLA.D05.TREE.00145","TREE_046","TREE","D05",2016-09-29,"Standing dead","sapling",NA,NA,10,1.1,NA,2.1,NA,"Pinus strobus L.",NA,NA,"2016",129,"pine","Pinus strobus L.","eastern white pine","Pinaceae","tree","strobus",0.729,"sw4",-2.5356,2.4349,"PinusBelow0.45spg","conifer","Conifer",0.39,-2.6177,2.4638,0.574215,0.848035,NA,"Good",NA,NA,2.1912072601246
"Pinus","PIST","NEON.PLA.D05.TREE.00149","TREE_046","TREE","D05",2018-10-10,"Live","sapling",NA,NA,10,1.7,NA,1.9,NA,"Pinus strobus L.",NA,NA,"2018",129,"pine","Pinus strobus L.","eastern white pine","Pinaceae","tree","strobus",0.729,"sw4",-2.5356,2.4349,"PinusBelow0.45spg","conifer","Conifer",0.39,-2.6177,2.4638,0.574215,0.848035,NA,"Good",NA,NA,2.6747851551094
"Pinus","PIST","NEON.PLA.D05.TREE.02988","TREE_009","TREE","D05",2017-10-26,"Live","sapling",NA,NA,10,1.4,NA,1.6,NA,"Pinus strobus L.",NA,NA,"2017",129,"pine","Pinus strobus L.","eastern white pine","Pinaceae","tree","strobus",0.729,"sw4",-2.5356,2.4349,"PinusBelow0.45spg","conifer","Conifer",0.39,-2.6177,2.4638,0.574215,0.848035,NA,"Good",NA,NA,1.69511044890183
"Pinus","PIST","NEON.PLA.D05.TREE.00194","TREE_046","TREE","D05",2018-10-10,"Live","sapling",NA,NA,10,1,NA,1.3,NA,"Pinus strobus L.",NA,NA,"2018",129,"pine","Pinus strobus L.","eastern white pine","Pinaceae","tree","strobus",0.729,"sw4",-2.5356,2.4349,"PinusBelow0.45spg","conifer","Conifer",0.39,-2.6177,2.4638,0.574215,0.848035,NA,"Good",NA,NA,0.896046266789036
"Pinus","PIST","NEON.PLA.D05.TREE.00933","TREE_009","TREE","D05",2019-10-16,"Live","sapling",NA,NA,10,0.8,NA,1.1,NA,"Pinus strobus L.",NA,NA,"2019",129,"pine","Pinus strobus L.","eastern white pine","Pinaceae","tree","strobus",0.729,"sw4",-2.5356,2.4349,"PinusBelow0.45spg","conifer","Conifer",0.39,-2.6177,2.4638,0.574215,0.848035,NA,"Good",NA,NA,0.558594096890868
"Pinus","PIST","NEON.PLA.D05.TREE.01685","TREE_041","TREE","D05",2022-09-06,"Live","sapling","Full shade",NA,10,1.2,NA,1.8,NA,"Pinus strobus L.",NA,NA,"2022",129,"pine","Pinus strobus L.","eastern white pine","Pinaceae","tree","strobus",0.729,"sw4",-2.5356,2.4349,"PinusBelow0.45spg","conifer","Conifer",0.39,-2.6177,2.4638,0.574215,0.848035,NA,"Good",NA,NA,1.81628099624087
"Populus","POTR5","NEON.PLA.D05.TREE.02475","TREE_023","TREE","D05",2018-05-08,"Live, physically damaged","sapling",NA,NA,10,NA,NA,1.3,NA,"Populus tremuloides Michx.",NA,NA,"2018",746,"aspen/alder/cottonwood/willow","Populus tremuloides Michx.","quaking aspen","Salicaceae","tree","tremuloides",0.691,"hw1",-2.2094,2.3867,"SalicaceaeAbove0.35spg","hardwood","Hardwood",0.36,-2.4441,2.4561,NA,NA,NA,"Check",NA,NA,NA
"Populus","POTR5","NEON.PLA.D05.TREE.03328","TREE_007","TREE","D05",2019-10-09,"Standing dead","sapling",NA,NA,10,2.4,NA,1.1,NA,"Populus tremuloides Michx.",NA,NA,"2019",746,"aspen/alder/cottonwood/willow","Populus tremuloides Michx.","quaking aspen","Salicaceae","tree","tremuloides",0.691,"hw1",-2.2094,2.3867,"SalicaceaeAbove0.35spg","hardwood","Hardwood",0.36,-2.4441,2.4561,NA,NA,NA,"Check",NA,NA,NA
"Populus","POTR5","NEON.PLA.D05.TREE.02799","TREE_017","TREE","D05",2017-10-23,"Standing dead","sapling",NA,NA,10,2,NA,1.4,NA,"Populus tremuloides Michx.",NA,NA,"2017",746,"aspen/alder/cottonwood/willow","Populus tremuloides Michx.","quaking aspen","Salicaceae","tree","tremuloides",0.691,"hw1",-2.2094,2.3867,"SalicaceaeAbove0.35spg","hardwood","Hardwood",0.36,-2.4441,2.4561,NA,NA,NA,"Check",NA,NA,NA
"Populus","POTR5","NEON.PLA.D05.TREE.02799","TREE_017","TREE","D05",2019-11-04,"Standing dead","sapling",NA,NA,10,2,NA,1.4,NA,"Populus tremuloides Michx.",NA,NA,"2019",746,"aspen/alder/cottonwood/willow","Populus tremuloides Michx.","quaking aspen","Salicaceae","tree","tremuloides",0.691,"hw1",-2.2094,2.3867,"SalicaceaeAbove0.35spg","hardwood","Hardwood",0.36,-2.4441,2.4561,NA,NA,NA,"Check",NA,NA,NA
"Populus","POTR5","NEON.PLA.D05.TREE.01121","TREE_045","TREE","D05",2018-10-17,"Standing dead","sapling",NA,NA,10,1.5,NA,2.5,NA,"Populus tremuloides Michx.",NA,NA,"2018",746,"aspen/alder/cottonwood/willow","Populus tremuloides Michx.","quaking aspen","Salicaceae","tree","tremuloides",0.691,"hw1",-2.2094,2.3867,"SalicaceaeAbove0.35spg","hardwood","Hardwood",0.36,-2.4441,2.4561,NA,NA,NA,"Check",NA,NA,NA
"Populus","POTR5","NEON.PLA.D05.TREE.01121","TREE_045","TREE","D05",2016-10-18,"Live","sapling",NA,NA,10,2,NA,2.4,NA,"Populus tremuloides Michx.",NA,NA,"2016",746,"aspen/alder/cottonwood/willow","Populus tremuloides Michx.","quaking aspen","Salicaceae","tree","tremuloides",0.691,"hw1",-2.2094,2.3867,"SalicaceaeAbove0.35spg","hardwood","Hardwood",0.36,-2.4441,2.4561,NA,NA,NA,"Check",NA,NA,NA
"Populus","POTR5","NEON.PLA.D05.TREE.01121","TREE_045","TREE","D05",2017-10-19,"Standing dead","sapling",NA,NA,10,1.5,NA,2.3,NA,"Populus tremuloides Michx.",NA,NA,"2017",746,"aspen/alder/cottonwood/willow","Populus tremuloides Michx.","quaking aspen","Salicaceae","tree","tremuloides",0.691,"hw1",-2.2094,2.3867,"SalicaceaeAbove0.35spg","hardwood","Hardwood",0.36,-2.4441,2.4561,NA,NA,NA,"Check",NA,NA,NA
"Populus","POTR5","NEON.PLA.D05.TREE.00995","TREE_057","TREE","D05",2017-10-17,"Dead, broken bole","sapling",NA,NA,10,1.2,NA,1.3,NA,"Populus tremuloides Michx.",NA,NA,"2017",746,"aspen/alder/cottonwood/willow","Populus tremuloides Michx.","quaking aspen","Salicaceae","tree","tremuloides",0.691,"hw1",-2.2094,2.3867,"SalicaceaeAbove0.35spg","hardwood","Hardwood",0.36,-2.4441,2.4561,NA,NA,NA,"Check",NA,NA,NA
"Populus","POTR5","NEON.PLA.D05.TREE.03329","TREE_007","TREE","D05",2018-05-08,"Live","sapling",NA,NA,10,NA,NA,1,NA,"Populus tremuloides Michx.",NA,NA,"2018",746,"aspen/alder/cottonwood/willow","Populus tremuloides Michx.","quaking aspen","Salicaceae","tree","tremuloides",0.691,"hw1",-2.2094,2.3867,"SalicaceaeAbove0.35spg","hardwood","Hardwood",0.36,-2.4441,2.4561,NA,NA,NA,"Check",NA,NA,NA
"Populus","POTR5","NEON.PLA.D05.TREE.02792","TREE_017","TREE","D05",2019-11-04,"Dead, broken bole","sapling",NA,NA,10,0.9,NA,1.5,NA,"Populus tremuloides Michx.",NA,NA,"2019",746,"aspen/alder/cottonwood/willow","Populus tremuloides Michx.","quaking aspen","Salicaceae","tree","tremuloides",0.691,"hw1",-2.2094,2.3867,"SalicaceaeAbove0.35spg","hardwood","Hardwood",0.36,-2.4441,2.4561,NA,NA,NA,"Check",NA,NA,NA
"Populus","POTR5","NEON.PLA.D05.TREE.02680","TREE_023","TREE","D05",2018-05-08,"Live, physically damaged","sapling",NA,NA,10,NA,NA,1.7,NA,"Populus tremuloides Michx.",NA,NA,"2018",746,"aspen/alder/cottonwood/willow","Populus tremuloides Michx.","quaking aspen","Salicaceae","tree","tremuloides",0.691,"hw1",-2.2094,2.3867,"SalicaceaeAbove0.35spg","hardwood","Hardwood",0.36,-2.4441,2.4561,NA,NA,NA,"Check",NA,NA,NA
"Populus","POTR5","NEON.PLA.D05.TREE.02684","TREE_023","TREE","D05",2019-11-04,"Dead, broken bole","sapling",NA,NA,10,1.1,NA,1,NA,"Populus tremuloides Michx.",NA,NA,"2019",746,"aspen/alder/cottonwood/willow","Populus tremuloides Michx.","quaking aspen","Salicaceae","tree","tremuloides",0.691,"hw1",-2.2094,2.3867,"SalicaceaeAbove0.35spg","hardwood","Hardwood",0.36,-2.4441,2.4561,NA,NA,NA,"Check",NA,NA,NA
"Populus","POTR5","NEON.PLA.D05.TREE.01207","TREE_045","TREE","D05",2018-10-17,"Live","sapling",NA,NA,10,1.9,NA,1.3,NA,"Populus tremuloides Michx.",NA,NA,"2018",746,"aspen/alder/cottonwood/willow","Populus tremuloides Michx.","quaking aspen","Salicaceae","tree","tremuloides",0.691,"hw1",-2.2094,2.3867,"SalicaceaeAbove0.35spg","hardwood","Hardwood",0.36,-2.4441,2.4561,NA,NA,NA,"Check",NA,NA,NA
"Populus","POTR5","NEON.PLA.D05.TREE.03305","TREE_007","TREE","D05",2018-05-08,"Live","sapling",NA,NA,10,2.4,NA,1.4,NA,"Populus tremuloides Michx.",NA,NA,"2018",746,"aspen/alder/cottonwood/willow","Populus tremuloides Michx.","quaking aspen","Salicaceae","tree","tremuloides",0.691,"hw1",-2.2094,2.3867,"SalicaceaeAbove0.35spg","hardwood","Hardwood",0.36,-2.4441,2.4561,NA,NA,NA,"Check",NA,NA,NA
"Populus","POTR5","NEON.PLA.D05.TREE.00422","TREE_057","TREE","D05",2016-10-18,"Live","sapling",NA,NA,10,1.2,NA,1,NA,"Populus tremuloides Michx.",NA,NA,"2016",746,"aspen/alder/cottonwood/willow","Populus tremuloides Michx.","quaking aspen","Salicaceae","tree","tremuloides",0.691,"hw1",-2.2094,2.3867,"SalicaceaeAbove0.35spg","hardwood","Hardwood",0.36,-2.4441,2.4561,NA,NA,NA,"Check",NA,NA,NA
"Populus","POTR5","NEON.PLA.D05.TREE.02204","TREE_023","TREE","D05",2018-05-08,"Standing dead","sapling",NA,NA,10,NA,NA,1.1,NA,"Populus tremuloides Michx.",NA,NA,"2018",746,"aspen/alder/cottonwood/willow","Populus tremuloides Michx.","quaking aspen","Salicaceae","tree","tremuloides",0.691,"hw1",-2.2094,2.3867,"SalicaceaeAbove0.35spg","hardwood","Hardwood",0.36,-2.4441,2.4561,NA,NA,NA,"Check",NA,NA,NA
"Populus","POTR5","NEON.PLA.D05.TREE.00425","TREE_057","TREE","D05",2017-10-17,"Dead, broken bole","sapling",NA,NA,10,1.5,NA,1.5,NA,"Populus tremuloides Michx.",NA,NA,"2017",746,"aspen/alder/cottonwood/willow","Populus tremuloides Michx.","quaking aspen","Salicaceae","tree","tremuloides",0.691,"hw1",-2.2094,2.3867,"SalicaceaeAbove0.35spg","hardwood","Hardwood",0.36,-2.4441,2.4561,NA,NA,NA,"Check",NA,NA,NA
"Populus","POTR5","NEON.PLA.D05.TREE.00425","TREE_057","TREE","D05",2018-10-16,"Standing dead","sapling",NA,NA,10,1.6,NA,1.4,NA,"Populus tremuloides Michx.",NA,NA,"2018",746,"aspen/alder/cottonwood/willow","Populus tremuloides Michx.","quaking aspen","Salicaceae","tree","tremuloides",0.691,"hw1",-2.2094,2.3867,"SalicaceaeAbove0.35spg","hardwood","Hardwood",0.36,-2.4441,2.4561,NA,NA,NA,"Check",NA,NA,NA
"Populus","POTR5","NEON.PLA.D05.TREE.01010","TREE_057","TREE","D05",2016-10-18,"Standing dead","sapling",NA,NA,10,1.1,NA,1.2,NA,"Populus tremuloides Michx.",NA,NA,"2016",746,"aspen/alder/cottonwood/willow","Populus tremuloides Michx.","quaking aspen","Salicaceae","tree","tremuloides",0.691,"hw1",-2.2094,2.3867,"SalicaceaeAbove0.35spg","hardwood","Hardwood",0.36,-2.4441,2.4561,NA,NA,NA,"Check",NA,NA,NA
"Populus","POTR5","NEON.PLA.D05.TREE.00431","TREE_057","TREE","D05",2016-10-18,"Live","sapling",NA,NA,10,1.8,NA,1,NA,"Populus tremuloides Michx.",NA,NA,"2016",746,"aspen/alder/cottonwood/willow","Populus tremuloides Michx.","quaking aspen","Salicaceae","tree","tremuloides",0.691,"hw1",-2.2094,2.3867,"SalicaceaeAbove0.35spg","hardwood","Hardwood",0.36,-2.4441,2.4561,NA,NA,NA,"Check",NA,NA,NA
"Populus","POTR5","NEON.PLA.D05.TREE.01112","TREE_043","TREE","D05",2020-10-05,"Standing dead","sapling","Full shade",NA,10,2.4,NA,1.2,NA,"Populus tremuloides Michx.",NA,NA,"2020",746,"aspen/alder/cottonwood/willow","Populus tremuloides Michx.","quaking aspen","Salicaceae","tree","tremuloides",0.691,"hw1",-2.2094,2.3867,"SalicaceaeAbove0.35spg","hardwood","Hardwood",0.36,-2.4441,2.4561,NA,NA,NA,"Check",NA,NA,NA
"Populus","POTR5","NEON.PLA.D05.TREE.03329","TREE_007","TREE","D05",2019-10-09,"Standing dead","sapling",NA,NA,10,2.2,NA,1.1,NA,"Populus tremuloides Michx.",NA,NA,"2019",746,"aspen/alder/cottonwood/willow","Populus tremuloides Michx.","quaking aspen","Salicaceae","tree","tremuloides",0.691,"hw1",-2.2094,2.3867,"SalicaceaeAbove0.35spg","hardwood","Hardwood",0.36,-2.4441,2.4561,NA,NA,NA,"Check",NA,NA,NA
"Populus","POTR5","NEON.PLA.D05.TREE.03348","TREE_007","TREE","D05",2018-05-08,"Live","sapling",NA,NA,10,NA,NA,1.4,NA,"Populus tremuloides Michx.",NA,NA,"2018",746,"aspen/alder/cottonwood/willow","Populus tremuloides Michx.","quaking aspen","Salicaceae","tree","tremuloides",0.691,"hw1",-2.2094,2.3867,"SalicaceaeAbove0.35spg","hardwood","Hardwood",0.36,-2.4441,2.4561,NA,NA,NA,"Check",NA,NA,NA
"Populus","POTR5","NEON.PLA.D05.TREE.01127","TREE_045","TREE","D05",2016-10-18,"Live, insect damaged","sapling",NA,NA,10,0.9,NA,1.2,NA,"Populus tremuloides Michx.",NA,NA,"2016",746,"aspen/alder/cottonwood/willow","Populus tremuloides Michx.","quaking aspen","Salicaceae","tree","tremuloides",0.691,"hw1",-2.2094,2.3867,"SalicaceaeAbove0.35spg","hardwood","Hardwood",0.36,-2.4441,2.4561,NA,NA,NA,"Check",NA,NA,NA
"Populus","POTR5","NEON.PLA.D05.TREE.00795","TREE_025","TREE","D05",2017-10-18,"Standing dead","sapling",NA,NA,10,2.3,NA,1.5,NA,"Populus tremuloides Michx.",NA,NA,"2017",746,"aspen/alder/cottonwood/willow","Populus tremuloides Michx.","quaking aspen","Salicaceae","tree","tremuloides",0.691,"hw1",-2.2094,2.3867,"SalicaceaeAbove0.35spg","hardwood","Hardwood",0.36,-2.4441,2.4561,NA,NA,NA,"Check",NA,NA,NA
"Populus","POTR5","NEON.PLA.D05.TREE.01134","TREE_043","TREE","D05",2018-10-15,"Live","sapling",NA,NA,10,1.5,NA,1.1,NA,"Populus tremuloides Michx.",NA,NA,"2018",746,"aspen/alder/cottonwood/willow","Populus tremuloides Michx.","quaking aspen","Salicaceae","tree","tremuloides",0.691,"hw1",-2.2094,2.3867,"SalicaceaeAbove0.35spg","hardwood","Hardwood",0.36,-2.4441,2.4561,NA,NA,NA,"Check",NA,NA,NA
"Populus","POTR5","NEON.PLA.D05.TREE.01134","TREE_043","TREE","D05",2017-10-17,"Standing dead","sapling",NA,NA,10,2.3,NA,1.3,NA,"Populus tremuloides Michx.",NA,NA,"2017",746,"aspen/alder/cottonwood/willow","Populus tremuloides Michx.","quaking aspen","Salicaceae","tree","tremuloides",0.691,"hw1",-2.2094,2.3867,"SalicaceaeAbove0.35spg","hardwood","Hardwood",0.36,-2.4441,2.4561,NA,NA,NA,"Check",NA,NA,NA
"Populus","POTR5","NEON.PLA.D05.TREE.02391","TREE_019","TREE","D05",2017-10-23,"Standing dead","sapling",NA,NA,10,2.1,NA,1.2,NA,"Populus tremuloides Michx.",NA,NA,"2017",746,"aspen/alder/cottonwood/willow","Populus tremuloides Michx.","quaking aspen","Salicaceae","tree","tremuloides",0.691,"hw1",-2.2094,2.3867,"SalicaceaeAbove0.35spg","hardwood","Hardwood",0.36,-2.4441,2.4561,NA,NA,NA,"Check",NA,NA,NA
"Populus","POTR5","NEON.PLA.D05.TREE.02466","TREE_023","TREE","D05",2019-11-04,"Dead, broken bole","sapling",NA,NA,10,1.2,NA,1.6,NA,"Populus tremuloides Michx.",NA,NA,"2019",746,"aspen/alder/cottonwood/willow","Populus tremuloides Michx.","quaking aspen","Salicaceae","tree","tremuloides",0.691,"hw1",-2.2094,2.3867,"SalicaceaeAbove0.35spg","hardwood","Hardwood",0.36,-2.4441,2.4561,NA,NA,NA,"Check",NA,NA,NA
"Populus","POTR5","NEON.PLA.D05.TREE.02471","TREE_023","TREE","D05",2018-05-08,"Live, physically damaged","sapling",NA,NA,10,NA,NA,1.2,NA,"Populus tremuloides Michx.",NA,NA,"2018",746,"aspen/alder/cottonwood/willow","Populus tremuloides Michx.","quaking aspen","Salicaceae","tree","tremuloides",0.691,"hw1",-2.2094,2.3867,"SalicaceaeAbove0.35spg","hardwood","Hardwood",0.36,-2.4441,2.4561,NA,NA,NA,"Check",NA,NA,NA
"Populus","POTR5","NEON.PLA.D05.TREE.02472","TREE_023","TREE","D05",2018-05-08,"Live, physically damaged","sapling",NA,NA,10,NA,NA,1.2,NA,"Populus tremuloides Michx.",NA,NA,"2018",746,"aspen/alder/cottonwood/willow","Populus tremuloides Michx.","quaking aspen","Salicaceae","tree","tremuloides",0.691,"hw1",-2.2094,2.3867,"SalicaceaeAbove0.35spg","hardwood","Hardwood",0.36,-2.4441,2.4561,NA,NA,NA,"Check",NA,NA,NA
"Populus","POTR5","NEON.PLA.D05.TREE.02205","TREE_023","TREE","D05",2019-11-04,"Standing dead","sapling",NA,NA,10,1.4,NA,1.6,NA,"Populus tremuloides Michx.",NA,NA,"2019",746,"aspen/alder/cottonwood/willow","Populus tremuloides Michx.","quaking aspen","Salicaceae","tree","tremuloides",0.691,"hw1",-2.2094,2.3867,"SalicaceaeAbove0.35spg","hardwood","Hardwood",0.36,-2.4441,2.4561,NA,NA,NA,"Check",NA,NA,NA
"Populus","POTR5","NEON.PLA.D05.TREE.01542","TREE_007","TREE","D05",2019-10-09,"Live","sapling",NA,NA,10,1.8,NA,1.1,NA,"Populus tremuloides Michx.",NA,NA,"2019",746,"aspen/alder/cottonwood/willow","Populus tremuloides Michx.","quaking aspen","Salicaceae","tree","tremuloides",0.691,"hw1",-2.2094,2.3867,"SalicaceaeAbove0.35spg","hardwood","Hardwood",0.36,-2.4441,2.4561,NA,NA,NA,"Check",NA,NA,NA
"Populus","POTR5","NEON.PLA.D05.TREE.01543","TREE_007","TREE","D05",2019-10-09,"Live","sapling",NA,NA,10,1.9,NA,1.3,NA,"Populus tremuloides Michx.",NA,NA,"2019",746,"aspen/alder/cottonwood/willow","Populus tremuloides Michx.","quaking aspen","Salicaceae","tree","tremuloides",0.691,"hw1",-2.2094,2.3867,"SalicaceaeAbove0.35spg","hardwood","Hardwood",0.36,-2.4441,2.4561,NA,NA,NA,"Check",NA,NA,NA
"Populus","POTR5","NEON.PLA.D05.TREE.01547","TREE_007","TREE","D05",2019-10-09,"Live","sapling",NA,NA,10,1.4,NA,1.2,NA,"Populus tremuloides Michx.",NA,NA,"2019",746,"aspen/alder/cottonwood/willow","Populus tremuloides Michx.","quaking aspen","Salicaceae","tree","tremuloides",0.691,"hw1",-2.2094,2.3867,"SalicaceaeAbove0.35spg","hardwood","Hardwood",0.36,-2.4441,2.4561,NA,NA,NA,"Check",NA,NA,NA
"Populus","POTR5","NEON.PLA.D05.TREE.03328","TREE_007","TREE","D05",2018-05-08,"Live","sapling",NA,NA,10,NA,NA,1,NA,"Populus tremuloides Michx.",NA,NA,"2018",746,"aspen/alder/cottonwood/willow","Populus tremuloides Michx.","quaking aspen","Salicaceae","tree","tremuloides",0.691,"hw1",-2.2094,2.3867,"SalicaceaeAbove0.35spg","hardwood","Hardwood",0.36,-2.4441,2.4561,NA,NA,NA,"Check",NA,NA,NA
"Populus","POTR5","NEON.PLA.D05.TREE.03330","TREE_007","TREE","D05",2019-10-09,"Live,  other damage","sapling",NA,NA,10,1.8,NA,1,NA,"Populus tremuloides Michx.",NA,NA,"2019",746,"aspen/alder/cottonwood/willow","Populus tremuloides Michx.","quaking aspen","Salicaceae","tree","tremuloides",0.691,"hw1",-2.2094,2.3867,"SalicaceaeAbove0.35spg","hardwood","Hardwood",0.36,-2.4441,2.4561,NA,NA,NA,"Check",NA,NA,NA
"Populus","POTR5","NEON.PLA.D05.TREE.00916","TREE_057","TREE","D05",2018-10-16,"Live","sapling",NA,NA,10,1.8,NA,1.3,NA,"Populus tremuloides Michx.",NA,NA,"2018",746,"aspen/alder/cottonwood/willow","Populus tremuloides Michx.","quaking aspen","Salicaceae","tree","tremuloides",0.691,"hw1",-2.2094,2.3867,"SalicaceaeAbove0.35spg","hardwood","Hardwood",0.36,-2.4441,2.4561,NA,NA,NA,"Check",NA,NA,NA
"Populus","POTR5","NEON.PLA.D05.TREE.03321","TREE_007","TREE","D05",2018-05-08,"Live","sapling",NA,NA,10,NA,NA,1.4,NA,"Populus tremuloides Michx.",NA,NA,"2018",746,"aspen/alder/cottonwood/willow","Populus tremuloides Michx.","quaking aspen","Salicaceae","tree","tremuloides",0.691,"hw1",-2.2094,2.3867,"SalicaceaeAbove0.35spg","hardwood","Hardwood",0.36,-2.4441,2.4561,NA,NA,NA,"Check",NA,NA,NA
"Populus","POTR5","NEON.PLA.D05.TREE.03341","TREE_007","TREE","D05",2019-10-09,"Live","sapling",NA,NA,10,2.2,NA,1.3,NA,"Populus tremuloides Michx.",NA,NA,"2019",746,"aspen/alder/cottonwood/willow","Populus tremuloides Michx.","quaking aspen","Salicaceae","tree","tremuloides",0.691,"hw1",-2.2094,2.3867,"SalicaceaeAbove0.35spg","hardwood","Hardwood",0.36,-2.4441,2.4561,NA,NA,NA,"Check",NA,NA,NA
"Populus","POTR5","NEON.PLA.D05.TREE.01170","TREE_045","TREE","D05",2016-10-18,"Live","sapling",NA,NA,10,1.1,NA,1.3,NA,"Populus tremuloides Michx.",NA,NA,"2016",746,"aspen/alder/cottonwood/willow","Populus tremuloides Michx.","quaking aspen","Salicaceae","tree","tremuloides",0.691,"hw1",-2.2094,2.3867,"SalicaceaeAbove0.35spg","hardwood","Hardwood",0.36,-2.4441,2.4561,NA,NA,NA,"Check",NA,NA,NA
"Populus","POTR5","NEON.PLA.D05.TREE.01892","TREE_043","TREE","D05",2020-10-05,"Standing dead","sapling","Full shade",NA,10,1.4,NA,1.2,NA,"Populus tremuloides Michx.",NA,NA,"2020",746,"aspen/alder/cottonwood/willow","Populus tremuloides Michx.","quaking aspen","Salicaceae","tree","tremuloides",0.691,"hw1",-2.2094,2.3867,"SalicaceaeAbove0.35spg","hardwood","Hardwood",0.36,-2.4441,2.4561,NA,NA,NA,"Check",NA,NA,NA
"Populus","POTR5","NEON.PLA.D05.TREE.02113","TREE_019","TREE","D05",2017-10-23,"Standing dead","sapling",NA,NA,10,1.3,NA,1.2,NA,"Populus tremuloides Michx.",NA,NA,"2017",746,"aspen/alder/cottonwood/willow","Populus tremuloides Michx.","quaking aspen","Salicaceae","tree","tremuloides",0.691,"hw1",-2.2094,2.3867,"SalicaceaeAbove0.35spg","hardwood","Hardwood",0.36,-2.4441,2.4561,NA,NA,NA,"Check",NA,NA,NA
"Populus","POTR5","NEON.PLA.D05.TREE.03337","TREE_007","TREE","D05",2018-05-08,"Live","sapling",NA,NA,10,NA,NA,1.5,NA,"Populus tremuloides Michx.",NA,NA,"2018",746,"aspen/alder/cottonwood/willow","Populus tremuloides Michx.","quaking aspen","Salicaceae","tree","tremuloides",0.691,"hw1",-2.2094,2.3867,"SalicaceaeAbove0.35spg","hardwood","Hardwood",0.36,-2.4441,2.4561,NA,NA,NA,"Check",NA,NA,NA
"Populus","POTR5","NEON.PLA.D05.TREE.03334","TREE_007","TREE","D05",2018-05-08,"Live","sapling",NA,NA,10,NA,NA,1.4,NA,"Populus tremuloides Michx.",NA,NA,"2018",746,"aspen/alder/cottonwood/willow","Populus tremuloides Michx.","quaking aspen","Salicaceae","tree","tremuloides",0.691,"hw1",-2.2094,2.3867,"SalicaceaeAbove0.35spg","hardwood","Hardwood",0.36,-2.4441,2.4561,NA,NA,NA,"Check",NA,NA,NA
"Populus","POTR5","NEON.PLA.D05.TREE.00916","TREE_057","TREE","D05",2016-10-18,"Live","sapling",NA,NA,10,1.9,NA,1.1,NA,"Populus tremuloides Michx.",NA,NA,"2016",746,"aspen/alder/cottonwood/willow","Populus tremuloides Michx.","quaking aspen","Salicaceae","tree","tremuloides",0.691,"hw1",-2.2094,2.3867,"SalicaceaeAbove0.35spg","hardwood","Hardwood",0.36,-2.4441,2.4561,NA,NA,NA,"Check",NA,NA,NA
"Populus","POTR5","NEON.PLA.D05.TREE.02679","TREE_023","TREE","D05",2018-05-08,"Live, physically damaged","sapling",NA,NA,10,NA,NA,1.5,NA,"Populus tremuloides Michx.",NA,NA,"2018",746,"aspen/alder/cottonwood/willow","Populus tremuloides Michx.","quaking aspen","Salicaceae","tree","tremuloides",0.691,"hw1",-2.2094,2.3867,"SalicaceaeAbove0.35spg","hardwood","Hardwood",0.36,-2.4441,2.4561,NA,NA,NA,"Check",NA,NA,NA
"Populus","POTR5","NEON.PLA.D05.TREE.00917","TREE_057","TREE","D05",2016-10-18,"Live","sapling",NA,NA,10,1.4,NA,1,NA,"Populus tremuloides Michx.",NA,NA,"2016",746,"aspen/alder/cottonwood/willow","Populus tremuloides Michx.","quaking aspen","Salicaceae","tree","tremuloides",0.691,"hw1",-2.2094,2.3867,"SalicaceaeAbove0.35spg","hardwood","Hardwood",0.36,-2.4441,2.4561,NA,NA,NA,"Check",NA,NA,NA
"Populus","POTR5","NEON.PLA.D05.TREE.01207","TREE_045","TREE","D05",2016-10-18,"Live","sapling",NA,NA,10,2,NA,1.6,NA,"Populus tremuloides Michx.",NA,NA,"2016",746,"aspen/alder/cottonwood/willow","Populus tremuloides Michx.","quaking aspen","Salicaceae","tree","tremuloides",0.691,"hw1",-2.2094,2.3867,"SalicaceaeAbove0.35spg","hardwood","Hardwood",0.36,-2.4441,2.4561,NA,NA,NA,"Check",NA,NA,NA
"Populus","POTR5","NEON.PLA.D05.TREE.02355","TREE_019","TREE","D05",2019-10-30,"Dead, broken bole","sapling",NA,NA,10,0.6,NA,1.4,NA,"Populus tremuloides Michx.",NA,NA,"2019",746,"aspen/alder/cottonwood/willow","Populus tremuloides Michx.","quaking aspen","Salicaceae","tree","tremuloides",0.691,"hw1",-2.2094,2.3867,"SalicaceaeAbove0.35spg","hardwood","Hardwood",0.36,-2.4441,2.4561,NA,NA,NA,"Check",NA,NA,NA
"Populus","POTR5","NEON.PLA.D05.TREE.02373","TREE_019","TREE","D05",2017-10-23,"Standing dead","sapling",NA,NA,10,1.8,NA,1.1,NA,"Populus tremuloides Michx.",NA,NA,"2017",746,"aspen/alder/cottonwood/willow","Populus tremuloides Michx.","quaking aspen","Salicaceae","tree","tremuloides",0.691,"hw1",-2.2094,2.3867,"SalicaceaeAbove0.35spg","hardwood","Hardwood",0.36,-2.4441,2.4561,NA,NA,NA,"Check",NA,NA,NA
"Populus","POTR5","NEON.PLA.D05.TREE.03307","TREE_007","TREE","D05",2019-10-09,"Standing dead","sapling",NA,NA,10,1.7,NA,1.1,NA,"Populus tremuloides Michx.",NA,NA,"2019",746,"aspen/alder/cottonwood/willow","Populus tremuloides Michx.","quaking aspen","Salicaceae","tree","tremuloides",0.691,"hw1",-2.2094,2.3867,"SalicaceaeAbove0.35spg","hardwood","Hardwood",0.36,-2.4441,2.4561,NA,NA,NA,"Check",NA,NA,NA
"Populus","POTR5","NEON.PLA.D05.TREE.03311","TREE_007","TREE","D05",2019-10-09,"Live,  other damage","sapling",NA,NA,10,1.2,NA,1,NA,"Populus tremuloides Michx.",NA,NA,"2019",746,"aspen/alder/cottonwood/willow","Populus tremuloides Michx.","quaking aspen","Salicaceae","tree","tremuloides",0.691,"hw1",-2.2094,2.3867,"SalicaceaeAbove0.35spg","hardwood","Hardwood",0.36,-2.4441,2.4561,NA,NA,NA,"Check",NA,NA,NA
"Populus","POTR5","NEON.PLA.D05.TREE.01130","TREE_045","TREE","D05",2018-10-17,"Standing dead","sapling",NA,NA,10,1.4,NA,1,NA,"Populus tremuloides Michx.",NA,NA,"2018",746,"aspen/alder/cottonwood/willow","Populus tremuloides Michx.","quaking aspen","Salicaceae","tree","tremuloides",0.691,"hw1",-2.2094,2.3867,"SalicaceaeAbove0.35spg","hardwood","Hardwood",0.36,-2.4441,2.4561,NA,NA,NA,"Check",NA,NA,NA
"Populus","POTR5","NEON.PLA.D05.TREE.03324","TREE_007","TREE","D05",2018-05-08,"Live","sapling",NA,NA,10,NA,NA,1.5,NA,"Populus tremuloides Michx.",NA,NA,"2018",746,"aspen/alder/cottonwood/willow","Populus tremuloides Michx.","quaking aspen","Salicaceae","tree","tremuloides",0.691,"hw1",-2.2094,2.3867,"SalicaceaeAbove0.35spg","hardwood","Hardwood",0.36,-2.4441,2.4561,NA,NA,NA,"Check",NA,NA,NA
"Populus","POTR5","NEON.PLA.D05.TREE.03331","TREE_007","TREE","D05",2018-05-08,"Live","sapling",NA,NA,10,NA,NA,1,NA,"Populus tremuloides Michx.",NA,NA,"2018",746,"aspen/alder/cottonwood/willow","Populus tremuloides Michx.","quaking aspen","Salicaceae","tree","tremuloides",0.691,"hw1",-2.2094,2.3867,"SalicaceaeAbove0.35spg","hardwood","Hardwood",0.36,-2.4441,2.4561,NA,NA,NA,"Check",NA,NA,NA
"Populus","POTR5","NEON.PLA.D05.TREE.03307","TREE_007","TREE","D05",2018-05-08,"Live","sapling",NA,NA,10,1.7,NA,1.1,NA,"Populus tremuloides Michx.",NA,NA,"2018",746,"aspen/alder/cottonwood/willow","Populus tremuloides Michx.","quaking aspen","Salicaceae","tree","tremuloides",0.691,"hw1",-2.2094,2.3867,"SalicaceaeAbove0.35spg","hardwood","Hardwood",0.36,-2.4441,2.4561,NA,NA,NA,"Check",NA,NA,NA
"Populus","POTR5","NEON.PLA.D05.TREE.03311","TREE_007","TREE","D05",2018-05-08,"Live","sapling",NA,NA,10,1.5,NA,1,NA,"Populus tremuloides Michx.",NA,NA,"2018",746,"aspen/alder/cottonwood/willow","Populus tremuloides Michx.","quaking aspen","Salicaceae","tree","tremuloides",0.691,"hw1",-2.2094,2.3867,"SalicaceaeAbove0.35spg","hardwood","Hardwood",0.36,-2.4441,2.4561,NA,NA,NA,"Check",NA,NA,NA
"Populus","POTR5","NEON.PLA.D05.TREE.03336","TREE_007","TREE","D05",2018-05-08,"Live","sapling",NA,NA,10,NA,NA,1,NA,"Populus tremuloides Michx.",NA,NA,"2018",746,"aspen/alder/cottonwood/willow","Populus tremuloides Michx.","quaking aspen","Salicaceae","tree","tremuloides",0.691,"hw1",-2.2094,2.3867,"SalicaceaeAbove0.35spg","hardwood","Hardwood",0.36,-2.4441,2.4561,NA,NA,NA,"Check",NA,NA,NA
"Populus","POTR5","NEON.PLA.D05.TREE.03336","TREE_007","TREE","D05",2019-10-09,"Live","sapling",NA,NA,10,1.8,NA,1.1,NA,"Populus tremuloides Michx.",NA,NA,"2019",746,"aspen/alder/cottonwood/willow","Populus tremuloides Michx.","quaking aspen","Salicaceae","tree","tremuloides",0.691,"hw1",-2.2094,2.3867,"SalicaceaeAbove0.35spg","hardwood","Hardwood",0.36,-2.4441,2.4561,NA,NA,NA,"Check",NA,NA,NA
"Populus","POTR5","NEON.PLA.D05.TREE.02908","TREE_017","TREE","D05",2017-10-23,"Live","sapling",NA,NA,10,2,NA,1.3,NA,"Populus tremuloides Michx.",NA,NA,"2017",746,"aspen/alder/cottonwood/willow","Populus tremuloides Michx.","quaking aspen","Salicaceae","tree","tremuloides",0.691,"hw1",-2.2094,2.3867,"SalicaceaeAbove0.35spg","hardwood","Hardwood",0.36,-2.4441,2.4561,NA,NA,NA,"Check",NA,NA,NA
"Populus","POGR4","NEON.PLA.D05.TREE.00753","TREE_057","TREE","D05",2017-10-17,"Live","sapling",NA,NA,10,1.4,NA,1.1,NA,"Populus grandidentata Michx.",NA,NA,"2017",743,"aspen/alder/cottonwood/willow","Populus grandidentata Michx.","bigtooth aspen","Salicaceae","tree","grandidentata",0.691,"hw1",-2.2094,2.3867,"SalicaceaeAbove0.35spg","hardwood","Hardwood",0.36,-2.4441,2.4561,NA,NA,NA,"Check",NA,NA,NA
"Populus","POGR4","NEON.PLA.D05.TREE.00429","TREE_057","TREE","D05",2017-10-17,"Dead, broken bole","sapling",NA,NA,10,1.4,NA,1.7,NA,"Populus grandidentata Michx.",NA,NA,"2017",743,"aspen/alder/cottonwood/willow","Populus grandidentata Michx.","bigtooth aspen","Salicaceae","tree","grandidentata",0.691,"hw1",-2.2094,2.3867,"SalicaceaeAbove0.35spg","hardwood","Hardwood",0.36,-2.4441,2.4561,NA,NA,NA,"Check",NA,NA,NA
"Populus","POGR4","NEON.PLA.D05.TREE.00967","TREE_057","TREE","D05",2017-10-17,"Live","sapling",NA,NA,10,2.2,NA,1.2,NA,"Populus grandidentata Michx.",NA,NA,"2017",743,"aspen/alder/cottonwood/willow","Populus grandidentata Michx.","bigtooth aspen","Salicaceae","tree","grandidentata",0.691,"hw1",-2.2094,2.3867,"SalicaceaeAbove0.35spg","hardwood","Hardwood",0.36,-2.4441,2.4561,NA,NA,NA,"Check",NA,NA,NA
"Populus","POGR4","NEON.PLA.D05.TREE.00415","TREE_057","TREE","D05",2016-10-18,"Live","sapling",NA,NA,10,2.8,NA,1.3,NA,"Populus grandidentata Michx.",NA,NA,"2016",743,"aspen/alder/cottonwood/willow","Populus grandidentata Michx.","bigtooth aspen","Salicaceae","tree","grandidentata",0.691,"hw1",-2.2094,2.3867,"SalicaceaeAbove0.35spg","hardwood","Hardwood",0.36,-2.4441,2.4561,NA,NA,NA,"Check",NA,NA,NA
"Populus","POGR4","NEON.PLA.D05.TREE.00967","TREE_057","TREE","D05",2018-10-16,"Live","sapling",NA,NA,10,2.2,NA,1.1,NA,"Populus grandidentata Michx.",NA,NA,"2018",743,"aspen/alder/cottonwood/willow","Populus grandidentata Michx.","bigtooth aspen","Salicaceae","tree","grandidentata",0.691,"hw1",-2.2094,2.3867,"SalicaceaeAbove0.35spg","hardwood","Hardwood",0.36,-2.4441,2.4561,NA,NA,NA,"Check",NA,NA,NA
"Populus","POGR4","NEON.PLA.D05.TREE.00847","TREE_057","TREE","D05",2017-10-17,"Dead, broken bole","sapling",NA,NA,10,1.1,NA,1.4,NA,"Populus grandidentata Michx.",NA,NA,"2017",743,"aspen/alder/cottonwood/willow","Populus grandidentata Michx.","bigtooth aspen","Salicaceae","tree","grandidentata",0.691,"hw1",-2.2094,2.3867,"SalicaceaeAbove0.35spg","hardwood","Hardwood",0.36,-2.4441,2.4561,NA,NA,NA,"Check",NA,NA,NA
"Populus","POGR4","NEON.PLA.D05.TREE.00772","TREE_057","TREE","D05",2016-10-18,"Standing dead","sapling",NA,NA,10,2.8,NA,1.2,NA,"Populus grandidentata Michx.",NA,NA,"2016",743,"aspen/alder/cottonwood/willow","Populus grandidentata Michx.","bigtooth aspen","Salicaceae","tree","grandidentata",0.691,"hw1",-2.2094,2.3867,"SalicaceaeAbove0.35spg","hardwood","Hardwood",0.36,-2.4441,2.4561,NA,NA,NA,"Check",NA,NA,NA
"Populus","POGR4","NEON.PLA.D05.TREE.01376","TREE_057","TREE","D05",2018-10-16,"Standing dead","sapling",NA,NA,10,1.2,NA,1,NA,"Populus grandidentata Michx.",NA,NA,"2018",743,"aspen/alder/cottonwood/willow","Populus grandidentata Michx.","bigtooth aspen","Salicaceae","tree","grandidentata",0.691,"hw1",-2.2094,2.3867,"SalicaceaeAbove0.35spg","hardwood","Hardwood",0.36,-2.4441,2.4561,NA,NA,NA,"Check",NA,NA,NA
"Populus","POGR4","NEON.PLA.D05.TREE.00430","TREE_057","TREE","D05",2017-10-17,"Live","sapling",NA,NA,10,1.7,NA,1.6,NA,"Populus grandidentata Michx.",NA,NA,"2017",743,"aspen/alder/cottonwood/willow","Populus grandidentata Michx.","bigtooth aspen","Salicaceae","tree","grandidentata",0.691,"hw1",-2.2094,2.3867,"SalicaceaeAbove0.35spg","hardwood","Hardwood",0.36,-2.4441,2.4561,NA,NA,NA,"Check",NA,NA,NA
"Populus","POGR4","NEON.PLA.D05.TREE.00772","TREE_057","TREE","D05",2017-10-17,"Dead, broken bole","sapling",NA,NA,10,1.5,NA,1.6,NA,"Populus grandidentata Michx.",NA,NA,"2017",743,"aspen/alder/cottonwood/willow","Populus grandidentata Michx.","bigtooth aspen","Salicaceae","tree","grandidentata",0.691,"hw1",-2.2094,2.3867,"SalicaceaeAbove0.35spg","hardwood","Hardwood",0.36,-2.4441,2.4561,NA,NA,NA,"Check",NA,NA,NA
"Populus","POGR4","NEON.PLA.D05.TREE.00430","TREE_057","TREE","D05",2016-10-18,"Live","sapling",NA,NA,10,1.8,NA,1.5,NA,"Populus grandidentata Michx.",NA,NA,"2016",743,"aspen/alder/cottonwood/willow","Populus grandidentata Michx.","bigtooth aspen","Salicaceae","tree","grandidentata",0.691,"hw1",-2.2094,2.3867,"SalicaceaeAbove0.35spg","hardwood","Hardwood",0.36,-2.4441,2.4561,NA,NA,NA,"Check",NA,NA,NA
"Populus","POGR4","NEON.PLA.D05.TREE.00450","TREE_057","TREE","D05",2018-10-16,"Live","sapling",NA,NA,10,1.3,NA,1.4,NA,"Populus grandidentata Michx.",NA,NA,"2018",743,"aspen/alder/cottonwood/willow","Populus grandidentata Michx.","bigtooth aspen","Salicaceae","tree","grandidentata",0.691,"hw1",-2.2094,2.3867,"SalicaceaeAbove0.35spg","hardwood","Hardwood",0.36,-2.4441,2.4561,NA,NA,NA,"Check",NA,NA,NA
"Populus","POGR4","NEON.PLA.D05.TREE.00753","TREE_057","TREE","D05",2016-10-18,"Live","sapling",NA,NA,10,1.4,NA,1,NA,"Populus grandidentata Michx.",NA,NA,"2016",743,"aspen/alder/cottonwood/willow","Populus grandidentata Michx.","bigtooth aspen","Salicaceae","tree","grandidentata",0.691,"hw1",-2.2094,2.3867,"SalicaceaeAbove0.35spg","hardwood","Hardwood",0.36,-2.4441,2.4561,NA,NA,NA,"Check",NA,NA,NA
"Populus","POGR4","NEON.PLA.D05.TREE.00847","TREE_057","TREE","D05",2018-10-16,"Dead, broken bole","sapling",NA,NA,10,1.1,NA,1.2,NA,"Populus grandidentata Michx.",NA,NA,"2018",743,"aspen/alder/cottonwood/willow","Populus grandidentata Michx.","bigtooth aspen","Salicaceae","tree","grandidentata",0.691,"hw1",-2.2094,2.3867,"SalicaceaeAbove0.35spg","hardwood","Hardwood",0.36,-2.4441,2.4561,NA,NA,NA,"Check",NA,NA,NA
"Populus","POGR4","NEON.PLA.D05.TREE.00889","TREE_057","TREE","D05",2018-10-16,"Live","sapling",NA,NA,10,1.7,NA,1,NA,"Populus grandidentata Michx.",NA,NA,"2018",743,"aspen/alder/cottonwood/willow","Populus grandidentata Michx.","bigtooth aspen","Salicaceae","tree","grandidentata",0.691,"hw1",-2.2094,2.3867,"SalicaceaeAbove0.35spg","hardwood","Hardwood",0.36,-2.4441,2.4561,NA,NA,NA,"Check",NA,NA,NA
"Populus","POGR4","NEON.PLA.D05.TREE.00450","TREE_057","TREE","D05",2016-10-18,"Live","sapling",NA,NA,10,1.5,NA,1.3,NA,"Populus grandidentata Michx.",NA,NA,"2016",743,"aspen/alder/cottonwood/willow","Populus grandidentata Michx.","bigtooth aspen","Salicaceae","tree","grandidentata",0.691,"hw1",-2.2094,2.3867,"SalicaceaeAbove0.35spg","hardwood","Hardwood",0.36,-2.4441,2.4561,NA,NA,NA,"Check",NA,NA,NA
"Populus","POGR4","NEON.PLA.D05.TREE.00441","TREE_057","TREE","D05",2018-10-16,"Live","sapling",NA,NA,10,1,NA,1.3,NA,"Populus grandidentata Michx.",NA,NA,"2018",743,"aspen/alder/cottonwood/willow","Populus grandidentata Michx.","bigtooth aspen","Salicaceae","tree","grandidentata",0.691,"hw1",-2.2094,2.3867,"SalicaceaeAbove0.35spg","hardwood","Hardwood",0.36,-2.4441,2.4561,NA,NA,NA,"Check",NA,NA,NA
"Populus","POGR4","NEON.PLA.D05.TREE.00889","TREE_057","TREE","D05",2017-10-17,"Live","sapling",NA,NA,10,2,NA,1.1,NA,"Populus grandidentata Michx.",NA,NA,"2017",743,"aspen/alder/cottonwood/willow","Populus grandidentata Michx.","bigtooth aspen","Salicaceae","tree","grandidentata",0.691,"hw1",-2.2094,2.3867,"SalicaceaeAbove0.35spg","hardwood","Hardwood",0.36,-2.4441,2.4561,NA,NA,NA,"Check",NA,NA,NA
"Populus","POGR4","NEON.PLA.D05.TREE.00749","TREE_057","TREE","D05",2018-10-16,"Dead, broken bole","sapling",NA,NA,10,1.3,NA,1.2,NA,"Populus grandidentata Michx.",NA,NA,"2018",743,"aspen/alder/cottonwood/willow","Populus grandidentata Michx.","bigtooth aspen","Salicaceae","tree","grandidentata",0.691,"hw1",-2.2094,2.3867,"SalicaceaeAbove0.35spg","hardwood","Hardwood",0.36,-2.4441,2.4561,NA,NA,NA,"Check",NA,NA,NA
"Populus","POGR4","NEON.PLA.D05.TREE.00772","TREE_057","TREE","D05",2016-10-18,"Live","sapling",NA,NA,10,2.8,NA,1.4,NA,"Populus grandidentata Michx.",NA,NA,"2016",743,"aspen/alder/cottonwood/willow","Populus grandidentata Michx.","bigtooth aspen","Salicaceae","tree","grandidentata",0.691,"hw1",-2.2094,2.3867,"SalicaceaeAbove0.35spg","hardwood","Hardwood",0.36,-2.4441,2.4561,NA,NA,NA,"Check",NA,NA,NA
"Populus","POGR4","NEON.PLA.D05.TREE.00450","TREE_057","TREE","D05",2017-10-17,"Live","sapling",NA,NA,10,1.5,NA,1.4,NA,"Populus grandidentata Michx.",NA,NA,"2017",743,"aspen/alder/cottonwood/willow","Populus grandidentata Michx.","bigtooth aspen","Salicaceae","tree","grandidentata",0.691,"hw1",-2.2094,2.3867,"SalicaceaeAbove0.35spg","hardwood","Hardwood",0.36,-2.4441,2.4561,NA,NA,NA,"Check",NA,NA,NA
"Populus","POGR4","NEON.PLA.D05.TREE.00889","TREE_057","TREE","D05",2016-10-18,"Live","sapling",NA,NA,10,1.7,NA,1,NA,"Populus grandidentata Michx.",NA,NA,"2016",743,"aspen/alder/cottonwood/willow","Populus grandidentata Michx.","bigtooth aspen","Salicaceae","tree","grandidentata",0.691,"hw1",-2.2094,2.3867,"SalicaceaeAbove0.35spg","hardwood","Hardwood",0.36,-2.4441,2.4561,NA,NA,NA,"Check",NA,NA,NA
"Populus","POGR4","NEON.PLA.D05.TREE.00753","TREE_057","TREE","D05",2018-10-16,"Standing dead","sapling",NA,NA,10,1.4,NA,1,NA,"Populus grandidentata Michx.",NA,NA,"2018",743,"aspen/alder/cottonwood/willow","Populus grandidentata Michx.","bigtooth aspen","Salicaceae","tree","grandidentata",0.691,"hw1",-2.2094,2.3867,"SalicaceaeAbove0.35spg","hardwood","Hardwood",0.36,-2.4441,2.4561,NA,NA,NA,"Check",NA,NA,NA
"Populus","POGR4","NEON.PLA.D05.TREE.00945","TREE_057","TREE","D05",2018-10-16,"Standing dead","sapling",NA,NA,10,1.6,NA,1.4,NA,"Populus grandidentata Michx.",NA,NA,"2018",743,"aspen/alder/cottonwood/willow","Populus grandidentata Michx.","bigtooth aspen","Salicaceae","tree","grandidentata",0.691,"hw1",-2.2094,2.3867,"SalicaceaeAbove0.35spg","hardwood","Hardwood",0.36,-2.4441,2.4561,NA,NA,NA,"Check",NA,NA,NA
"Populus","POGR4","NEON.PLA.D05.TREE.00749","TREE_057","TREE","D05",2017-10-17,"Dead, broken bole","sapling",NA,NA,10,1.4,NA,1.5,NA,"Populus grandidentata Michx.",NA,NA,"2017",743,"aspen/alder/cottonwood/willow","Populus grandidentata Michx.","bigtooth aspen","Salicaceae","tree","grandidentata",0.691,"hw1",-2.2094,2.3867,"SalicaceaeAbove0.35spg","hardwood","Hardwood",0.36,-2.4441,2.4561,NA,NA,NA,"Check",NA,NA,NA
"Populus","POGR4","NEON.PLA.D05.TREE.00441","TREE_057","TREE","D05",2017-10-17,"Live","sapling",NA,NA,10,1.5,NA,2.1,NA,"Populus grandidentata Michx.",NA,NA,"2017",743,"aspen/alder/cottonwood/willow","Populus grandidentata Michx.","bigtooth aspen","Salicaceae","tree","grandidentata",0.691,"hw1",-2.2094,2.3867,"SalicaceaeAbove0.35spg","hardwood","Hardwood",0.36,-2.4441,2.4561,NA,NA,NA,"Check",NA,NA,NA
"Populus","POGR4","NEON.PLA.D05.TREE.00772","TREE_057","TREE","D05",2016-10-18,"Live, physically damaged","sapling",NA,NA,10,2.8,NA,1.1,NA,"Populus grandidentata Michx.",NA,NA,"2016",743,"aspen/alder/cottonwood/willow","Populus grandidentata Michx.","bigtooth aspen","Salicaceae","tree","grandidentata",0.691,"hw1",-2.2094,2.3867,"SalicaceaeAbove0.35spg","hardwood","Hardwood",0.36,-2.4441,2.4561,NA,NA,NA,"Check",NA,NA,NA
"Populus","POGR4","NEON.PLA.D05.TREE.00441","TREE_057","TREE","D05",2016-10-18,"Live","sapling",NA,NA,10,1.6,NA,2,NA,"Populus grandidentata Michx.",NA,NA,"2016",743,"aspen/alder/cottonwood/willow","Populus grandidentata Michx.","bigtooth aspen","Salicaceae","tree","grandidentata",0.691,"hw1",-2.2094,2.3867,"SalicaceaeAbove0.35spg","hardwood","Hardwood",0.36,-2.4441,2.4561,NA,NA,NA,"Check",NA,NA,NA
"Populus","POGR4","NEON.PLA.D05.TREE.00429","TREE_057","TREE","D05",2018-10-16,"Standing dead","sapling",NA,NA,10,1.4,NA,1.9,NA,"Populus grandidentata Michx.",NA,NA,"2018",743,"aspen/alder/cottonwood/willow","Populus grandidentata Michx.","bigtooth aspen","Salicaceae","tree","grandidentata",0.691,"hw1",-2.2094,2.3867,"SalicaceaeAbove0.35spg","hardwood","Hardwood",0.36,-2.4441,2.4561,NA,NA,NA,"Check",NA,NA,NA
"Populus","POGR4","NEON.PLA.D05.TREE.00430","TREE_057","TREE","D05",2018-10-16,"Live","sapling",NA,NA,10,1.7,NA,2.2,NA,"Populus grandidentata Michx.",NA,NA,"2018",743,"aspen/alder/cottonwood/willow","Populus grandidentata Michx.","bigtooth aspen","Salicaceae","tree","grandidentata",0.691,"hw1",-2.2094,2.3867,"SalicaceaeAbove0.35spg","hardwood","Hardwood",0.36,-2.4441,2.4561,NA,NA,NA,"Check",NA,NA,NA
"Populus","POGR4","NEON.PLA.D05.TREE.00749","TREE_057","TREE","D05",2016-10-18,"Live","sapling",NA,NA,10,2.6,NA,1.3,NA,"Populus grandidentata Michx.",NA,NA,"2016",743,"aspen/alder/cottonwood/willow","Populus grandidentata Michx.","bigtooth aspen","Salicaceae","tree","grandidentata",0.691,"hw1",-2.2094,2.3867,"SalicaceaeAbove0.35spg","hardwood","Hardwood",0.36,-2.4441,2.4561,NA,NA,NA,"Check",NA,NA,NA
"Populus","POGR4","NEON.PLA.D05.TREE.00945","TREE_057","TREE","D05",2017-10-17,"Dead, broken bole","sapling",NA,NA,10,1.6,NA,2.2,NA,"Populus grandidentata Michx.",NA,NA,"2017",743,"aspen/alder/cottonwood/willow","Populus grandidentata Michx.","bigtooth aspen","Salicaceae","tree","grandidentata",0.691,"hw1",-2.2094,2.3867,"SalicaceaeAbove0.35spg","hardwood","Hardwood",0.36,-2.4441,2.4561,NA,NA,NA,"Check",NA,NA,NA
"Populus","POGR4","NEON.PLA.D05.TREE.00429","TREE_057","TREE","D05",2016-10-18,"Live","sapling",NA,NA,10,2.2,NA,1.7,NA,"Populus grandidentata Michx.",NA,NA,"2016",743,"aspen/alder/cottonwood/willow","Populus grandidentata Michx.","bigtooth aspen","Salicaceae","tree","grandidentata",0.691,"hw1",-2.2094,2.3867,"SalicaceaeAbove0.35spg","hardwood","Hardwood",0.36,-2.4441,2.4561,NA,NA,NA,"Check",NA,NA,NA
"Populus","POTR5","NEON.PLA.D05.TREE.01134","TREE_043","TREE","D05",2016-10-19,"Live","sapling",NA,NA,10,2.5,NA,1.3,NA,"Populus tremuloides Michx.",NA,NA,"2016",746,"aspen/alder/cottonwood/willow","Populus tremuloides Michx.","quaking aspen","Salicaceae","tree","tremuloides",0.691,"hw1",-2.2094,2.3867,"SalicaceaeAbove0.35spg","hardwood","Hardwood",0.36,-2.4441,2.4561,NA,NA,NA,"Check",NA,NA,NA
"Populus","POTR5","NEON.PLA.D05.TREE.01010","TREE_057","TREE","D05",2017-10-17,"Standing dead","sapling",NA,NA,10,1.2,NA,1.2,NA,"Populus tremuloides Michx.",NA,NA,"2017",746,"aspen/alder/cottonwood/willow","Populus tremuloides Michx.","quaking aspen","Salicaceae","tree","tremuloides",0.691,"hw1",-2.2094,2.3867,"SalicaceaeAbove0.35spg","hardwood","Hardwood",0.36,-2.4441,2.4561,NA,NA,NA,"Check",NA,NA,NA
"Populus","POTR5","NEON.PLA.D05.TREE.01112","TREE_043","TREE","D05",2019-10-23,"Live","sapling",NA,NA,10,2.3,NA,1.5,NA,"Populus tremuloides Michx.",NA,NA,"2019",746,"aspen/alder/cottonwood/willow","Populus tremuloides Michx.","quaking aspen","Salicaceae","tree","tremuloides",0.691,"hw1",-2.2094,2.3867,"SalicaceaeAbove0.35spg","hardwood","Hardwood",0.36,-2.4441,2.4561,NA,NA,NA,"Check",NA,NA,NA
"Populus","POTR5","NEON.PLA.D05.TREE.02475","TREE_023","TREE","D05",2019-11-04,"Dead, broken bole","sapling",NA,NA,10,0.8,NA,1.3,NA,"Populus tremuloides Michx.",NA,NA,"2019",746,"aspen/alder/cottonwood/willow","Populus tremuloides Michx.","quaking aspen","Salicaceae","tree","tremuloides",0.691,"hw1",-2.2094,2.3867,"SalicaceaeAbove0.35spg","hardwood","Hardwood",0.36,-2.4441,2.4561,NA,NA,NA,"Check",NA,NA,NA
"Populus","POTR5","NEON.PLA.D05.TREE.00991","TREE_057","TREE","D05",2017-10-17,"Live","sapling",NA,NA,10,2.1,NA,1.3,NA,"Populus tremuloides Michx.",NA,NA,"2017",746,"aspen/alder/cottonwood/willow","Populus tremuloides Michx.","quaking aspen","Salicaceae","tree","tremuloides",0.691,"hw1",-2.2094,2.3867,"SalicaceaeAbove0.35spg","hardwood","Hardwood",0.36,-2.4441,2.4561,NA,NA,NA,"Check",NA,NA,NA
"Populus","POTR5","NEON.PLA.D05.TREE.00892","TREE_057","TREE","D05",2017-10-17,"Dead, broken bole","sapling",NA,NA,10,1.1,NA,1,NA,"Populus tremuloides Michx.",NA,NA,"2017",746,"aspen/alder/cottonwood/willow","Populus tremuloides Michx.","quaking aspen","Salicaceae","tree","tremuloides",0.691,"hw1",-2.2094,2.3867,"SalicaceaeAbove0.35spg","hardwood","Hardwood",0.36,-2.4441,2.4561,NA,NA,NA,"Check",NA,NA,NA
"Populus","POTR5","NEON.PLA.D05.TREE.00892","TREE_057","TREE","D05",2016-10-18,"Live, physically damaged","sapling",NA,NA,10,1,NA,1,NA,"Populus tremuloides Michx.",NA,NA,"2016",746,"aspen/alder/cottonwood/willow","Populus tremuloides Michx.","quaking aspen","Salicaceae","tree","tremuloides",0.691,"hw1",-2.2094,2.3867,"SalicaceaeAbove0.35spg","hardwood","Hardwood",0.36,-2.4441,2.4561,NA,NA,NA,"Check",NA,NA,NA
"Populus","POTR5","NEON.PLA.D05.TREE.02683","TREE_023","TREE","D05",2018-05-08,"Live, physically damaged","sapling",NA,NA,10,NA,NA,1.4,NA,"Populus tremuloides Michx.",NA,NA,"2018",746,"aspen/alder/cottonwood/willow","Populus tremuloides Michx.","quaking aspen","Salicaceae","tree","tremuloides",0.691,"hw1",-2.2094,2.3867,"SalicaceaeAbove0.35spg","hardwood","Hardwood",0.36,-2.4441,2.4561,NA,NA,NA,"Check",NA,NA,NA
"Populus","POTR5","NEON.PLA.D05.TREE.00995","TREE_057","TREE","D05",2018-10-16,"Live, broken bole","sapling",NA,NA,10,1.2,NA,1,NA,"Populus tremuloides Michx.",NA,NA,"2018",746,"aspen/alder/cottonwood/willow","Populus tremuloides Michx.","quaking aspen","Salicaceae","tree","tremuloides",0.691,"hw1",-2.2094,2.3867,"SalicaceaeAbove0.35spg","hardwood","Hardwood",0.36,-2.4441,2.4561,NA,NA,NA,"Check",NA,NA,NA
"Populus","POTR5","NEON.PLA.D05.TREE.01178","TREE_043","TREE","D05",2017-10-17,"Standing dead","sapling",NA,NA,20,1.8,NA,1.5,NA,"Populus tremuloides Michx.",NA,NA,"2017",746,"aspen/alder/cottonwood/willow","Populus tremuloides Michx.","quaking aspen","Salicaceae","tree","tremuloides",0.691,"hw1",-2.2094,2.3867,"SalicaceaeAbove0.35spg","hardwood","Hardwood",0.36,-2.4441,2.4561,NA,NA,NA,"Check",NA,NA,NA
"Populus","POTR5","NEON.PLA.D05.TREE.00839","TREE_025","TREE","D05",2017-10-18,"Dead, broken bole","sapling",NA,NA,10,1.3,NA,1.6,NA,"Populus tremuloides Michx.",NA,NA,"2017",746,"aspen/alder/cottonwood/willow","Populus tremuloides Michx.","quaking aspen","Salicaceae","tree","tremuloides",0.691,"hw1",-2.2094,2.3867,"SalicaceaeAbove0.35spg","hardwood","Hardwood",0.36,-2.4441,2.4561,NA,NA,NA,"Check",NA,NA,NA
"Populus","POTR5","NEON.PLA.D05.TREE.01552","TREE_006","TREE","D05",2019-10-09,"Live","sapling",NA,NA,10,0.7,NA,1,NA,"Populus tremuloides Michx.",NA,NA,"2019",746,"aspen/alder/cottonwood/willow","Populus tremuloides Michx.","quaking aspen","Salicaceae","tree","tremuloides",0.691,"hw1",-2.2094,2.3867,"SalicaceaeAbove0.35spg","hardwood","Hardwood",0.36,-2.4441,2.4561,NA,NA,NA,"Check",NA,NA,NA
"Populus","POTR5","NEON.PLA.D05.TREE.03455","TREE_023","TREE","D05",2018-05-08,"Standing dead","sapling",NA,NA,10,1,NA,1.6,NA,"Populus tremuloides Michx.",NA,NA,"2018",746,"aspen/alder/cottonwood/willow","Populus tremuloides Michx.","quaking aspen","Salicaceae","tree","tremuloides",0.691,"hw1",-2.2094,2.3867,"SalicaceaeAbove0.35spg","hardwood","Hardwood",0.36,-2.4441,2.4561,NA,NA,NA,"Check",NA,NA,NA
"Populus","POTR5","NEON.PLA.D05.TREE.01130","TREE_045","TREE","D05",2017-10-19,"Standing dead","sapling",NA,NA,10,1.4,NA,1.5,NA,"Populus tremuloides Michx.",NA,NA,"2017",746,"aspen/alder/cottonwood/willow","Populus tremuloides Michx.","quaking aspen","Salicaceae","tree","tremuloides",0.691,"hw1",-2.2094,2.3867,"SalicaceaeAbove0.35spg","hardwood","Hardwood",0.36,-2.4441,2.4561,NA,NA,NA,"Check",NA,NA,NA
"Populus","POTR5","NEON.PLA.D05.TREE.01127","TREE_045","TREE","D05",2017-10-19,"Standing dead","sapling",NA,NA,10,0.8,NA,1.3,NA,"Populus tremuloides Michx.",NA,NA,"2017",746,"aspen/alder/cottonwood/willow","Populus tremuloides Michx.","quaking aspen","Salicaceae","tree","tremuloides",0.691,"hw1",-2.2094,2.3867,"SalicaceaeAbove0.35spg","hardwood","Hardwood",0.36,-2.4441,2.4561,NA,NA,NA,"Check",NA,NA,NA
"Populus","POTR5","NEON.PLA.D05.TREE.00991","TREE_057","TREE","D05",2018-10-16,"Live","sapling",NA,NA,10,2.1,NA,1.3,NA,"Populus tremuloides Michx.",NA,NA,"2018",746,"aspen/alder/cottonwood/willow","Populus tremuloides Michx.","quaking aspen","Salicaceae","tree","tremuloides",0.691,"hw1",-2.2094,2.3867,"SalicaceaeAbove0.35spg","hardwood","Hardwood",0.36,-2.4441,2.4561,NA,NA,NA,"Check",NA,NA,NA
"Populus","POTR5","NEON.PLA.D05.TREE.02205","TREE_023","TREE","D05",2018-05-08,"Standing dead","sapling",NA,NA,10,NA,NA,1.6,NA,"Populus tremuloides Michx.",NA,NA,"2018",746,"aspen/alder/cottonwood/willow","Populus tremuloides Michx.","quaking aspen","Salicaceae","tree","tremuloides",0.691,"hw1",-2.2094,2.3867,"SalicaceaeAbove0.35spg","hardwood","Hardwood",0.36,-2.4441,2.4561,NA,NA,NA,"Check",NA,NA,NA
"Populus","POTR5","NEON.PLA.D05.TREE.01127","TREE_045","TREE","D05",2018-10-17,"Dead, broken bole","sapling",NA,NA,10,0.9,NA,1.1,NA,"Populus tremuloides Michx.",NA,NA,"2018",746,"aspen/alder/cottonwood/willow","Populus tremuloides Michx.","quaking aspen","Salicaceae","tree","tremuloides",0.691,"hw1",-2.2094,2.3867,"SalicaceaeAbove0.35spg","hardwood","Hardwood",0.36,-2.4441,2.4561,NA,NA,NA,"Check",NA,NA,NA
"Populus","POTR5","NEON.PLA.D05.TREE.02355","TREE_019","TREE","D05",2017-10-23,"Standing dead","sapling",NA,NA,10,1.4,NA,1.6,NA,"Populus tremuloides Michx.",NA,NA,"2017",746,"aspen/alder/cottonwood/willow","Populus tremuloides Michx.","quaking aspen","Salicaceae","tree","tremuloides",0.691,"hw1",-2.2094,2.3867,"SalicaceaeAbove0.35spg","hardwood","Hardwood",0.36,-2.4441,2.4561,NA,NA,NA,"Check",NA,NA,NA
"Populus","POTR5","NEON.PLA.D05.TREE.00993","TREE_045","TREE","D05",2016-10-18,"Live","sapling",NA,NA,10,1.9,NA,1.8,NA,"Populus tremuloides Michx.",NA,NA,"2016",746,"aspen/alder/cottonwood/willow","Populus tremuloides Michx.","quaking aspen","Salicaceae","tree","tremuloides",0.691,"hw1",-2.2094,2.3867,"SalicaceaeAbove0.35spg","hardwood","Hardwood",0.36,-2.4441,2.4561,NA,NA,NA,"Check",NA,NA,NA
"Populus","POTR5","NEON.PLA.D05.TREE.01207","TREE_045","TREE","D05",2017-10-19,"Live","sapling",NA,NA,10,2.1,NA,1.2,NA,"Populus tremuloides Michx.",NA,NA,"2017",746,"aspen/alder/cottonwood/willow","Populus tremuloides Michx.","quaking aspen","Salicaceae","tree","tremuloides",0.691,"hw1",-2.2094,2.3867,"SalicaceaeAbove0.35spg","hardwood","Hardwood",0.36,-2.4441,2.4561,NA,NA,NA,"Check",NA,NA,NA
"Populus","POTR5","NEON.PLA.D05.TREE.03282","TREE_025","TREE","D05",2018-10-17,"Standing dead","sapling",NA,NA,10,1.2,NA,1.2,NA,"Populus tremuloides Michx.",NA,NA,"2018",746,"aspen/alder/cottonwood/willow","Populus tremuloides Michx.","quaking aspen","Salicaceae","tree","tremuloides",0.691,"hw1",-2.2094,2.3867,"SalicaceaeAbove0.35spg","hardwood","Hardwood",0.36,-2.4441,2.4561,NA,NA,NA,"Check",NA,NA,NA
"Populus","POTR5","NEON.PLA.D05.TREE.01130","TREE_045","TREE","D05",2016-10-18,"Live","sapling",NA,NA,10,1.3,NA,1.5,NA,"Populus tremuloides Michx.",NA,NA,"2016",746,"aspen/alder/cottonwood/willow","Populus tremuloides Michx.","quaking aspen","Salicaceae","tree","tremuloides",0.691,"hw1",-2.2094,2.3867,"SalicaceaeAbove0.35spg","hardwood","Hardwood",0.36,-2.4441,2.4561,NA,NA,NA,"Check",NA,NA,NA
"Populus","POTR5","NEON.PLA.D05.TREE.02874","TREE_017","TREE","D05",2017-10-23,"Standing dead","sapling",NA,NA,10,1.4,NA,1.2,NA,"Populus tremuloides Michx.",NA,NA,"2017",746,"aspen/alder/cottonwood/willow","Populus tremuloides Michx.","quaking aspen","Salicaceae","tree","tremuloides",0.691,"hw1",-2.2094,2.3867,"SalicaceaeAbove0.35spg","hardwood","Hardwood",0.36,-2.4441,2.4561,NA,NA,NA,"Check",NA,NA,NA
"Populus","POTR5","NEON.PLA.D05.TREE.01130","TREE_045","TREE","D05",2018-10-17,"Standing dead","sapling",NA,NA,10,1.4,NA,1.5,NA,"Populus tremuloides Michx.",NA,NA,"2018",746,"aspen/alder/cottonwood/willow","Populus tremuloides Michx.","quaking aspen","Salicaceae","tree","tremuloides",0.691,"hw1",-2.2094,2.3867,"SalicaceaeAbove0.35spg","hardwood","Hardwood",0.36,-2.4441,2.4561,NA,NA,NA,"Check",NA,NA,NA
"Populus","POTR5","NEON.PLA.D05.TREE.03461","TREE_023","TREE","D05",2018-05-08,"Live","sapling",NA,NA,10,NA,NA,1,NA,"Populus tremuloides Michx.",NA,NA,"2018",746,"aspen/alder/cottonwood/willow","Populus tremuloides Michx.","quaking aspen","Salicaceae","tree","tremuloides",0.691,"hw1",-2.2094,2.3867,"SalicaceaeAbove0.35spg","hardwood","Hardwood",0.36,-2.4441,2.4561,NA,NA,NA,"Check",NA,NA,NA
"Populus","POTR5","NEON.PLA.D05.TREE.01373","TREE_045","TREE","D05",2018-10-17,"Live","sapling",NA,NA,10,2,NA,1.4,NA,"Populus tremuloides Michx.",NA,NA,"2018",746,"aspen/alder/cottonwood/willow","Populus tremuloides Michx.","quaking aspen","Salicaceae","tree","tremuloides",0.691,"hw1",-2.2094,2.3867,"SalicaceaeAbove0.35spg","hardwood","Hardwood",0.36,-2.4441,2.4561,NA,NA,NA,"Check",NA,NA,NA
"Populus","POTR5","NEON.PLA.D05.TREE.03863","TREE_017","TREE","D05",2017-10-23,"Standing dead","sapling",NA,NA,10,1,NA,1.7,NA,"Populus tremuloides Michx.",NA,NA,"2017",746,"aspen/alder/cottonwood/willow","Populus tremuloides Michx.","quaking aspen","Salicaceae","tree","tremuloides",0.691,"hw1",-2.2094,2.3867,"SalicaceaeAbove0.35spg","hardwood","Hardwood",0.36,-2.4441,2.4561,NA,NA,NA,"Check",NA,NA,NA
"Populus","POTR5","NEON.PLA.D05.TREE.02460","TREE_023","TREE","D05",2019-11-04,"Dead, broken bole","sapling",NA,NA,10,1.7,NA,1.1,NA,"Populus tremuloides Michx.",NA,NA,"2019",746,"aspen/alder/cottonwood/willow","Populus tremuloides Michx.","quaking aspen","Salicaceae","tree","tremuloides",0.691,"hw1",-2.2094,2.3867,"SalicaceaeAbove0.35spg","hardwood","Hardwood",0.36,-2.4441,2.4561,NA,NA,NA,"Check",NA,NA,NA
"Populus","POTR5","NEON.PLA.D05.TREE.01373","TREE_045","TREE","D05",2016-10-18,"Live","sapling",NA,NA,10,2.9,NA,1.5,NA,"Populus tremuloides Michx.",NA,NA,"2016",746,"aspen/alder/cottonwood/willow","Populus tremuloides Michx.","quaking aspen","Salicaceae","tree","tremuloides",0.691,"hw1",-2.2094,2.3867,"SalicaceaeAbove0.35spg","hardwood","Hardwood",0.36,-2.4441,2.4561,NA,NA,NA,"Check",NA,NA,NA
"Populus","POTR5","NEON.PLA.D05.TREE.00417","TREE_057","TREE","D05",2017-10-17,"Dead, broken bole","sapling",NA,NA,10,1,NA,1.3,NA,"Populus tremuloides Michx.",NA,NA,"2017",746,"aspen/alder/cottonwood/willow","Populus tremuloides Michx.","quaking aspen","Salicaceae","tree","tremuloides",0.691,"hw1",-2.2094,2.3867,"SalicaceaeAbove0.35spg","hardwood","Hardwood",0.36,-2.4441,2.4561,NA,NA,NA,"Check",NA,NA,NA
"Populus","POTR5","NEON.PLA.D05.TREE.00938","TREE_057","TREE","D05",2016-10-18,"Live","sapling",NA,NA,10,2.5,NA,1.4,NA,"Populus tremuloides Michx.",NA,NA,"2016",746,"aspen/alder/cottonwood/willow","Populus tremuloides Michx.","quaking aspen","Salicaceae","tree","tremuloides",0.691,"hw1",-2.2094,2.3867,"SalicaceaeAbove0.35spg","hardwood","Hardwood",0.36,-2.4441,2.4561,NA,NA,NA,"Check",NA,NA,NA
"Populus","POTR5","NEON.PLA.D05.TREE.03310","TREE_007","TREE","D05",2019-10-09,"Live","sapling",NA,NA,10,2.1,NA,1.4,NA,"Populus tremuloides Michx.",NA,NA,"2019",746,"aspen/alder/cottonwood/willow","Populus tremuloides Michx.","quaking aspen","Salicaceae","tree","tremuloides",0.691,"hw1",-2.2094,2.3867,"SalicaceaeAbove0.35spg","hardwood","Hardwood",0.36,-2.4441,2.4561,NA,NA,NA,"Check",NA,NA,NA
"Populus","POTR5","NEON.PLA.D05.TREE.03310","TREE_007","TREE","D05",2018-05-08,"Live","sapling",NA,NA,10,1.8,NA,1.1,NA,"Populus tremuloides Michx.",NA,NA,"2018",746,"aspen/alder/cottonwood/willow","Populus tremuloides Michx.","quaking aspen","Salicaceae","tree","tremuloides",0.691,"hw1",-2.2094,2.3867,"SalicaceaeAbove0.35spg","hardwood","Hardwood",0.36,-2.4441,2.4561,NA,NA,NA,"Check",NA,NA,NA
"Populus","POTR5","NEON.PLA.D05.TREE.03315","TREE_007","TREE","D05",2018-05-08,"Live","sapling",NA,NA,10,2.4,NA,1.4,NA,"Populus tremuloides Michx.",NA,NA,"2018",746,"aspen/alder/cottonwood/willow","Populus tremuloides Michx.","quaking aspen","Salicaceae","tree","tremuloides",0.691,"hw1",-2.2094,2.3867,"SalicaceaeAbove0.35spg","hardwood","Hardwood",0.36,-2.4441,2.4561,NA,NA,NA,"Check",NA,NA,NA
"Populus","POTR5","NEON.PLA.D05.TREE.01357","TREE_045","TREE","D05",2017-10-19,"Live","sapling",NA,NA,10,1.6,NA,1.2,NA,"Populus tremuloides Michx.",NA,NA,"2017",746,"aspen/alder/cottonwood/willow","Populus tremuloides Michx.","quaking aspen","Salicaceae","tree","tremuloides",0.691,"hw1",-2.2094,2.3867,"SalicaceaeAbove0.35spg","hardwood","Hardwood",0.36,-2.4441,2.4561,NA,NA,NA,"Check",NA,NA,NA
"Populus","POTR5","NEON.PLA.D05.TREE.03322","TREE_007","TREE","D05",2018-05-08,"Live","sapling",NA,NA,10,NA,NA,1.4,NA,"Populus tremuloides Michx.",NA,NA,"2018",746,"aspen/alder/cottonwood/willow","Populus tremuloides Michx.","quaking aspen","Salicaceae","tree","tremuloides",0.691,"hw1",-2.2094,2.3867,"SalicaceaeAbove0.35spg","hardwood","Hardwood",0.36,-2.4441,2.4561,NA,NA,NA,"Check",NA,NA,NA
"Populus","POTR5","NEON.PLA.D05.TREE.01545","TREE_007","TREE","D05",2019-10-09,"Live","sapling",NA,NA,10,1.7,NA,1.1,NA,"Populus tremuloides Michx.",NA,NA,"2019",746,"aspen/alder/cottonwood/willow","Populus tremuloides Michx.","quaking aspen","Salicaceae","tree","tremuloides",0.691,"hw1",-2.2094,2.3867,"SalicaceaeAbove0.35spg","hardwood","Hardwood",0.36,-2.4441,2.4561,NA,NA,NA,"Check",NA,NA,NA
"Populus","POTR5","NEON.PLA.D05.TREE.01546","TREE_007","TREE","D05",2019-10-09,"Live","sapling",NA,NA,10,1.9,NA,1.1,NA,"Populus tremuloides Michx.",NA,NA,"2019",746,"aspen/alder/cottonwood/willow","Populus tremuloides Michx.","quaking aspen","Salicaceae","tree","tremuloides",0.691,"hw1",-2.2094,2.3867,"SalicaceaeAbove0.35spg","hardwood","Hardwood",0.36,-2.4441,2.4561,NA,NA,NA,"Check",NA,NA,NA
"Populus","POTR5","NEON.PLA.D05.TREE.03330","TREE_007","TREE","D05",2018-05-08,"Live","sapling",NA,NA,10,NA,NA,1,NA,"Populus tremuloides Michx.",NA,NA,"2018",746,"aspen/alder/cottonwood/willow","Populus tremuloides Michx.","quaking aspen","Salicaceae","tree","tremuloides",0.691,"hw1",-2.2094,2.3867,"SalicaceaeAbove0.35spg","hardwood","Hardwood",0.36,-2.4441,2.4561,NA,NA,NA,"Check",NA,NA,NA
"Populus","POTR5","NEON.PLA.D05.TREE.03332","TREE_007","TREE","D05",2018-05-08,"Live","sapling",NA,NA,10,NA,NA,1.6,NA,"Populus tremuloides Michx.",NA,NA,"2018",746,"aspen/alder/cottonwood/willow","Populus tremuloides Michx.","quaking aspen","Salicaceae","tree","tremuloides",0.691,"hw1",-2.2094,2.3867,"SalicaceaeAbove0.35spg","hardwood","Hardwood",0.36,-2.4441,2.4561,NA,NA,NA,"Check",NA,NA,NA
"Populus","POTR5","NEON.PLA.D05.TREE.03333","TREE_007","TREE","D05",2018-05-08,"Live","sapling",NA,NA,10,NA,NA,1.2,NA,"Populus tremuloides Michx.",NA,NA,"2018",746,"aspen/alder/cottonwood/willow","Populus tremuloides Michx.","quaking aspen","Salicaceae","tree","tremuloides",0.691,"hw1",-2.2094,2.3867,"SalicaceaeAbove0.35spg","hardwood","Hardwood",0.36,-2.4441,2.4561,NA,NA,NA,"Check",NA,NA,NA
"Populus","POTR5","NEON.PLA.D05.TREE.03341","TREE_007","TREE","D05",2018-05-08,"Live","sapling",NA,NA,10,NA,NA,1.1,NA,"Populus tremuloides Michx.",NA,NA,"2018",746,"aspen/alder/cottonwood/willow","Populus tremuloides Michx.","quaking aspen","Salicaceae","tree","tremuloides",0.691,"hw1",-2.2094,2.3867,"SalicaceaeAbove0.35spg","hardwood","Hardwood",0.36,-2.4441,2.4561,NA,NA,NA,"Check",NA,NA,NA
"Populus","POTR5","NEON.PLA.D05.TREE.01135","TREE_043","TREE","D05",2017-10-17,"Dead, broken bole","sapling",NA,NA,10,0.6,NA,1.3,NA,"Populus tremuloides Michx.",NA,NA,"2017",746,"aspen/alder/cottonwood/willow","Populus tremuloides Michx.","quaking aspen","Salicaceae","tree","tremuloides",0.691,"hw1",-2.2094,2.3867,"SalicaceaeAbove0.35spg","hardwood","Hardwood",0.36,-2.4441,2.4561,NA,NA,NA,"Check",NA,NA,NA
"Populus","POTR5","NEON.PLA.D05.TREE.02673","TREE_023","TREE","D05",2019-11-04,"Dead, broken bole","sapling",NA,NA,10,1.3,NA,1.4,NA,"Populus tremuloides Michx.",NA,NA,"2019",746,"aspen/alder/cottonwood/willow","Populus tremuloides Michx.","quaking aspen","Salicaceae","tree","tremuloides",0.691,"hw1",-2.2094,2.3867,"SalicaceaeAbove0.35spg","hardwood","Hardwood",0.36,-2.4441,2.4561,NA,NA,NA,"Check",NA,NA,NA
"Populus","POTR5","NEON.PLA.D05.TREE.02673","TREE_023","TREE","D05",2018-05-08,"Live, physically damaged","sapling",NA,NA,10,NA,NA,1.4,NA,"Populus tremuloides Michx.",NA,NA,"2018",746,"aspen/alder/cottonwood/willow","Populus tremuloides Michx.","quaking aspen","Salicaceae","tree","tremuloides",0.691,"hw1",-2.2094,2.3867,"SalicaceaeAbove0.35spg","hardwood","Hardwood",0.36,-2.4441,2.4561,NA,NA,NA,"Check",NA,NA,NA
"Populus","POTR5","NEON.PLA.D05.TREE.02674","TREE_023","TREE","D05",2018-05-08,"Live","sapling",NA,NA,10,NA,NA,1.4,NA,"Populus tremuloides Michx.",NA,NA,"2018",746,"aspen/alder/cottonwood/willow","Populus tremuloides Michx.","quaking aspen","Salicaceae","tree","tremuloides",0.691,"hw1",-2.2094,2.3867,"SalicaceaeAbove0.35spg","hardwood","Hardwood",0.36,-2.4441,2.4561,NA,NA,NA,"Check",NA,NA,NA
"Populus","POTR5","NEON.PLA.D05.TREE.03352","TREE_007","TREE","D05",2018-05-08,"Live","sapling",NA,NA,10,NA,NA,1.4,NA,"Populus tremuloides Michx.",NA,NA,"2018",746,"aspen/alder/cottonwood/willow","Populus tremuloides Michx.","quaking aspen","Salicaceae","tree","tremuloides",0.691,"hw1",-2.2094,2.3867,"SalicaceaeAbove0.35spg","hardwood","Hardwood",0.36,-2.4441,2.4561,NA,NA,NA,"Check",NA,NA,NA
"Populus","POTR5","NEON.PLA.D05.TREE.03352","TREE_007","TREE","D05",2019-10-09,"Live","sapling",NA,NA,10,2.4,NA,1.5,NA,"Populus tremuloides Michx.",NA,NA,"2019",746,"aspen/alder/cottonwood/willow","Populus tremuloides Michx.","quaking aspen","Salicaceae","tree","tremuloides",0.691,"hw1",-2.2094,2.3867,"SalicaceaeAbove0.35spg","hardwood","Hardwood",0.36,-2.4441,2.4561,NA,NA,NA,"Check",NA,NA,NA
"Populus","POTR5","NEON.PLA.D05.TREE.02679","TREE_023","TREE","D05",2019-11-04,"Standing dead","sapling",NA,NA,10,1.3,NA,1.1,NA,"Populus tremuloides Michx.",NA,NA,"2019",746,"aspen/alder/cottonwood/willow","Populus tremuloides Michx.","quaking aspen","Salicaceae","tree","tremuloides",0.691,"hw1",-2.2094,2.3867,"SalicaceaeAbove0.35spg","hardwood","Hardwood",0.36,-2.4441,2.4561,NA,NA,NA,"Check",NA,NA,NA
"Populus","POTR5","NEON.PLA.D05.TREE.03461","TREE_023","TREE","D05",2019-11-04,"Standing dead","sapling",NA,NA,10,1.4,NA,1.1,NA,"Populus tremuloides Michx.",NA,NA,"2019",746,"aspen/alder/cottonwood/willow","Populus tremuloides Michx.","quaking aspen","Salicaceae","tree","tremuloides",0.691,"hw1",-2.2094,2.3867,"SalicaceaeAbove0.35spg","hardwood","Hardwood",0.36,-2.4441,2.4561,NA,NA,NA,"Check",NA,NA,NA
"Populus","POTR5","NEON.PLA.D05.TREE.02458","TREE_023","TREE","D05",2018-05-08,"Live, physically damaged","sapling",NA,NA,10,NA,NA,1.6,NA,"Populus tremuloides Michx.",NA,NA,"2018",746,"aspen/alder/cottonwood/willow","Populus tremuloides Michx.","quaking aspen","Salicaceae","tree","tremuloides",0.691,"hw1",-2.2094,2.3867,"SalicaceaeAbove0.35spg","hardwood","Hardwood",0.36,-2.4441,2.4561,NA,NA,NA,"Check",NA,NA,NA
"Populus","POTR5","NEON.PLA.D05.TREE.00417","TREE_057","TREE","D05",2016-10-18,"Live","sapling",NA,NA,10,1.9,NA,1.3,NA,"Populus tremuloides Michx.",NA,NA,"2016",746,"aspen/alder/cottonwood/willow","Populus tremuloides Michx.","quaking aspen","Salicaceae","tree","tremuloides",0.691,"hw1",-2.2094,2.3867,"SalicaceaeAbove0.35spg","hardwood","Hardwood",0.36,-2.4441,2.4561,NA,NA,NA,"Check",NA,NA,NA
"Populus","POTR5","NEON.PLA.D05.TREE.02464","TREE_023","TREE","D05",2018-05-08,"Live","sapling",NA,NA,10,NA,NA,1.1,NA,"Populus tremuloides Michx.",NA,NA,"2018",746,"aspen/alder/cottonwood/willow","Populus tremuloides Michx.","quaking aspen","Salicaceae","tree","tremuloides",0.691,"hw1",-2.2094,2.3867,"SalicaceaeAbove0.35spg","hardwood","Hardwood",0.36,-2.4441,2.4561,NA,NA,NA,"Check",NA,NA,NA
"Populus","POTR5","NEON.PLA.D05.TREE.02912","TREE_017","TREE","D05",2017-10-23,"Live","sapling",NA,NA,10,2.7,NA,2,NA,"Populus tremuloides Michx.",NA,NA,"2017",746,"aspen/alder/cottonwood/willow","Populus tremuloides Michx.","quaking aspen","Salicaceae","tree","tremuloides",0.691,"hw1",-2.2094,2.3867,"SalicaceaeAbove0.35spg","hardwood","Hardwood",0.36,-2.4441,2.4561,NA,NA,NA,"Check",NA,NA,NA
"Populus","POTR5","NEON.PLA.D05.TREE.02468","TREE_023","TREE","D05",2019-11-04,"Live","sapling",NA,NA,10,2.5,NA,1.4,NA,"Populus tremuloides Michx.",NA,NA,"2019",746,"aspen/alder/cottonwood/willow","Populus tremuloides Michx.","quaking aspen","Salicaceae","tree","tremuloides",0.691,"hw1",-2.2094,2.3867,"SalicaceaeAbove0.35spg","hardwood","Hardwood",0.36,-2.4441,2.4561,NA,NA,NA,"Check",NA,NA,NA
"Populus","POTR5","NEON.PLA.D05.TREE.01175","TREE_043","TREE","D05",2020-10-05,"Standing dead","sapling","Full shade",NA,10,0.8,NA,1,NA,"Populus tremuloides Michx.",NA,NA,"2020",746,"aspen/alder/cottonwood/willow","Populus tremuloides Michx.","quaking aspen","Salicaceae","tree","tremuloides",0.691,"hw1",-2.2094,2.3867,"SalicaceaeAbove0.35spg","hardwood","Hardwood",0.36,-2.4441,2.4561,NA,NA,NA,"Check",NA,NA,NA
"Populus","POTR5","NEON.PLA.D05.TREE.01541","TREE_007","TREE","D05",2019-10-09,"Live","sapling",NA,NA,10,1.3,NA,1.1,NA,"Populus tremuloides Michx.",NA,NA,"2019",746,"aspen/alder/cottonwood/willow","Populus tremuloides Michx.","quaking aspen","Salicaceae","tree","tremuloides",0.691,"hw1",-2.2094,2.3867,"SalicaceaeAbove0.35spg","hardwood","Hardwood",0.36,-2.4441,2.4561,NA,NA,NA,"Check",NA,NA,NA
"Populus","POTR5","NEON.PLA.D05.TREE.01112","TREE_043","TREE","D05",2016-10-19,"Live","sapling",NA,NA,10,2.3,NA,1.2,NA,"Populus tremuloides Michx.",NA,NA,"2016",746,"aspen/alder/cottonwood/willow","Populus tremuloides Michx.","quaking aspen","Salicaceae","tree","tremuloides",0.691,"hw1",-2.2094,2.3867,"SalicaceaeAbove0.35spg","hardwood","Hardwood",0.36,-2.4441,2.4561,NA,NA,NA,"Check",NA,NA,NA
"Populus","POTR5","NEON.PLA.D05.TREE.02912","TREE_017","TREE","D05",2019-11-04,"Standing dead","sapling",NA,NA,10,1.2,NA,1.9,NA,"Populus tremuloides Michx.",NA,NA,"2019",746,"aspen/alder/cottonwood/willow","Populus tremuloides Michx.","quaking aspen","Salicaceae","tree","tremuloides",0.691,"hw1",-2.2094,2.3867,"SalicaceaeAbove0.35spg","hardwood","Hardwood",0.36,-2.4441,2.4561,NA,NA,NA,"Check",NA,NA,NA
"Populus","POTR5","NEON.PLA.D05.TREE.01173","TREE_045","TREE","D05",2016-10-18,"Live","sapling",NA,NA,10,1.4,NA,1.4,NA,"Populus tremuloides Michx.",NA,NA,"2016",746,"aspen/alder/cottonwood/willow","Populus tremuloides Michx.","quaking aspen","Salicaceae","tree","tremuloides",0.691,"hw1",-2.2094,2.3867,"SalicaceaeAbove0.35spg","hardwood","Hardwood",0.36,-2.4441,2.4561,NA,NA,NA,"Check",NA,NA,NA
"Populus","POTR5","NEON.PLA.D05.TREE.02792","TREE_017","TREE","D05",2017-10-23,"Dead, broken bole","sapling",NA,NA,10,1.3,NA,1.5,NA,"Populus tremuloides Michx.",NA,NA,"2017",746,"aspen/alder/cottonwood/willow","Populus tremuloides Michx.","quaking aspen","Salicaceae","tree","tremuloides",0.691,"hw1",-2.2094,2.3867,"SalicaceaeAbove0.35spg","hardwood","Hardwood",0.36,-2.4441,2.4561,NA,NA,NA,"Check",NA,NA,NA
"Populus","POTR5","NEON.PLA.D05.TREE.01175","TREE_043","TREE","D05",2018-10-15,"Live","sapling",NA,NA,10,1.8,NA,1.1,NA,"Populus tremuloides Michx.",NA,NA,"2018",746,"aspen/alder/cottonwood/willow","Populus tremuloides Michx.","quaking aspen","Salicaceae","tree","tremuloides",0.691,"hw1",-2.2094,2.3867,"SalicaceaeAbove0.35spg","hardwood","Hardwood",0.36,-2.4441,2.4561,NA,NA,NA,"Check",NA,NA,NA
"Populus","POTR5","NEON.PLA.D05.TREE.01175","TREE_043","TREE","D05",2016-10-19,"Live","sapling",NA,NA,10,1.7,NA,1.2,NA,"Populus tremuloides Michx.",NA,NA,"2016",746,"aspen/alder/cottonwood/willow","Populus tremuloides Michx.","quaking aspen","Salicaceae","tree","tremuloides",0.691,"hw1",-2.2094,2.3867,"SalicaceaeAbove0.35spg","hardwood","Hardwood",0.36,-2.4441,2.4561,NA,NA,NA,"Check",NA,NA,NA
"Populus","POTR5","NEON.PLA.D05.TREE.00468","TREE_057","TREE","D05",2018-10-16,"Standing dead","sapling",NA,NA,10,2.8,NA,1.6,NA,"Populus tremuloides Michx.",NA,NA,"2018",746,"aspen/alder/cottonwood/willow","Populus tremuloides Michx.","quaking aspen","Salicaceae","tree","tremuloides",0.691,"hw1",-2.2094,2.3867,"SalicaceaeAbove0.35spg","hardwood","Hardwood",0.36,-2.4441,2.4561,NA,NA,NA,"Check",NA,NA,NA
"Populus","POTR5","NEON.PLA.D05.TREE.00468","TREE_057","TREE","D05",2016-10-18,"Live","sapling",NA,NA,10,2.6,NA,1.5,NA,"Populus tremuloides Michx.",NA,NA,"2016",746,"aspen/alder/cottonwood/willow","Populus tremuloides Michx.","quaking aspen","Salicaceae","tree","tremuloides",0.691,"hw1",-2.2094,2.3867,"SalicaceaeAbove0.35spg","hardwood","Hardwood",0.36,-2.4441,2.4561,NA,NA,NA,"Check",NA,NA,NA
"Populus","POTR5","NEON.PLA.D05.TREE.01178","TREE_043","TREE","D05",2018-10-15,"Live","sapling",NA,NA,0,1.7,NA,1.2,NA,"Populus tremuloides Michx.",NA,NA,"2018",746,"aspen/alder/cottonwood/willow","Populus tremuloides Michx.","quaking aspen","Salicaceae","tree","tremuloides",0.691,"hw1",-2.2094,2.3867,"SalicaceaeAbove0.35spg","hardwood","Hardwood",0.36,-2.4441,2.4561,NA,NA,NA,"Check",NA,NA,NA
"Populus","POTR5","NEON.PLA.D05.TREE.00995","TREE_057","TREE","D05",2016-10-18,"Live","sapling",NA,NA,10,2.2,NA,1.1,NA,"Populus tremuloides Michx.",NA,NA,"2016",746,"aspen/alder/cottonwood/willow","Populus tremuloides Michx.","quaking aspen","Salicaceae","tree","tremuloides",0.691,"hw1",-2.2094,2.3867,"SalicaceaeAbove0.35spg","hardwood","Hardwood",0.36,-2.4441,2.4561,NA,NA,NA,"Check",NA,NA,NA
"Populus","POTR5","NEON.PLA.D05.TREE.02870","TREE_017","TREE","D05",2017-10-23,"Live","sapling",NA,NA,10,1.5,NA,1.2,NA,"Populus tremuloides Michx.",NA,NA,"2017",746,"aspen/alder/cottonwood/willow","Populus tremuloides Michx.","quaking aspen","Salicaceae","tree","tremuloides",0.691,"hw1",-2.2094,2.3867,"SalicaceaeAbove0.35spg","hardwood","Hardwood",0.36,-2.4441,2.4561,NA,NA,NA,"Check",NA,NA,NA
"Populus","POTR5","NEON.PLA.D05.TREE.02870","TREE_017","TREE","D05",2019-11-04,"Standing dead","sapling",NA,NA,10,1.5,NA,1.2,NA,"Populus tremuloides Michx.",NA,NA,"2019",746,"aspen/alder/cottonwood/willow","Populus tremuloides Michx.","quaking aspen","Salicaceae","tree","tremuloides",0.691,"hw1",-2.2094,2.3867,"SalicaceaeAbove0.35spg","hardwood","Hardwood",0.36,-2.4441,2.4561,NA,NA,NA,"Check",NA,NA,NA
"Populus","POTR5","NEON.PLA.D05.TREE.02674","TREE_023","TREE","D05",2019-11-04,"Standing dead","sapling",NA,NA,10,1.5,NA,1.4,NA,"Populus tremuloides Michx.",NA,NA,"2019",746,"aspen/alder/cottonwood/willow","Populus tremuloides Michx.","quaking aspen","Salicaceae","tree","tremuloides",0.691,"hw1",-2.2094,2.3867,"SalicaceaeAbove0.35spg","hardwood","Hardwood",0.36,-2.4441,2.4561,NA,NA,NA,"Check",NA,NA,NA
"Populus","POTR5","NEON.PLA.D05.TREE.02874","TREE_017","TREE","D05",2019-11-04,"Standing dead","sapling",NA,NA,10,1.4,NA,1.2,NA,"Populus tremuloides Michx.",NA,NA,"2019",746,"aspen/alder/cottonwood/willow","Populus tremuloides Michx.","quaking aspen","Salicaceae","tree","tremuloides",0.691,"hw1",-2.2094,2.3867,"SalicaceaeAbove0.35spg","hardwood","Hardwood",0.36,-2.4441,2.4561,NA,NA,NA,"Check",NA,NA,NA
"Populus","POTR5","NEON.PLA.D05.TREE.02679","TREE_023","TREE","D05",2019-11-04,"Live, broken bole","sapling",NA,NA,10,1.3,NA,1.5,NA,"Populus tremuloides Michx.",NA,NA,"2019",746,"aspen/alder/cottonwood/willow","Populus tremuloides Michx.","quaking aspen","Salicaceae","tree","tremuloides",0.691,"hw1",-2.2094,2.3867,"SalicaceaeAbove0.35spg","hardwood","Hardwood",0.36,-2.4441,2.4561,NA,NA,NA,"Check",NA,NA,NA
"Populus","POTR5","NEON.PLA.D05.TREE.02684","TREE_023","TREE","D05",2018-05-08,"Live","sapling",NA,NA,10,NA,NA,1.2,NA,"Populus tremuloides Michx.",NA,NA,"2018",746,"aspen/alder/cottonwood/willow","Populus tremuloides Michx.","quaking aspen","Salicaceae","tree","tremuloides",0.691,"hw1",-2.2094,2.3867,"SalicaceaeAbove0.35spg","hardwood","Hardwood",0.36,-2.4441,2.4561,NA,NA,NA,"Check",NA,NA,NA
"Populus","POTR5","NEON.PLA.D05.TREE.02458","TREE_023","TREE","D05",2019-11-04,"Dead, broken bole","sapling",NA,NA,10,1,NA,1.5,NA,"Populus tremuloides Michx.",NA,NA,"2019",746,"aspen/alder/cottonwood/willow","Populus tremuloides Michx.","quaking aspen","Salicaceae","tree","tremuloides",0.691,"hw1",-2.2094,2.3867,"SalicaceaeAbove0.35spg","hardwood","Hardwood",0.36,-2.4441,2.4561,NA,NA,NA,"Check",NA,NA,NA
"Populus","POTR5","NEON.PLA.D05.TREE.01373","TREE_045","TREE","D05",2017-10-19,"Live","sapling",NA,NA,10,2,NA,1.4,NA,"Populus tremuloides Michx.",NA,NA,"2017",746,"aspen/alder/cottonwood/willow","Populus tremuloides Michx.","quaking aspen","Salicaceae","tree","tremuloides",0.691,"hw1",-2.2094,2.3867,"SalicaceaeAbove0.35spg","hardwood","Hardwood",0.36,-2.4441,2.4561,NA,NA,NA,"Check",NA,NA,NA
"Populus","POTR5","NEON.PLA.D05.TREE.01135","TREE_043","TREE","D05",2016-10-19,"Live","sapling",NA,NA,10,2,NA,1.2,NA,"Populus tremuloides Michx.",NA,NA,"2016",746,"aspen/alder/cottonwood/willow","Populus tremuloides Michx.","quaking aspen","Salicaceae","tree","tremuloides",0.691,"hw1",-2.2094,2.3867,"SalicaceaeAbove0.35spg","hardwood","Hardwood",0.36,-2.4441,2.4561,NA,NA,NA,"Check",NA,NA,NA
"Populus","POTR5","NEON.PLA.D05.TREE.02460","TREE_023","TREE","D05",2019-11-04,"Standing dead","sapling",NA,NA,10,1.7,NA,1,NA,"Populus tremuloides Michx.",NA,NA,"2019",746,"aspen/alder/cottonwood/willow","Populus tremuloides Michx.","quaking aspen","Salicaceae","tree","tremuloides",0.691,"hw1",-2.2094,2.3867,"SalicaceaeAbove0.35spg","hardwood","Hardwood",0.36,-2.4441,2.4561,NA,NA,NA,"Check",NA,NA,NA
"Populus","POTR5","NEON.PLA.D05.TREE.00417","TREE_057","TREE","D05",2018-10-16,"Live, broken bole","sapling",NA,NA,10,1,NA,1.2,NA,"Populus tremuloides Michx.",NA,NA,"2018",746,"aspen/alder/cottonwood/willow","Populus tremuloides Michx.","quaking aspen","Salicaceae","tree","tremuloides",0.691,"hw1",-2.2094,2.3867,"SalicaceaeAbove0.35spg","hardwood","Hardwood",0.36,-2.4441,2.4561,NA,NA,NA,"Check",NA,NA,NA
"Populus","POTR5","NEON.PLA.D05.TREE.03176","TREE_043","TREE","D05",2018-10-15,"Live","sapling",NA,NA,10,2.6,NA,1.6,NA,"Populus tremuloides Michx.",NA,NA,"2018",746,"aspen/alder/cottonwood/willow","Populus tremuloides Michx.","quaking aspen","Salicaceae","tree","tremuloides",0.691,"hw1",-2.2094,2.3867,"SalicaceaeAbove0.35spg","hardwood","Hardwood",0.36,-2.4441,2.4561,NA,NA,NA,"Check",NA,NA,NA
"Populus","POTR5","NEON.PLA.D05.TREE.03177","TREE_043","TREE","D05",2017-10-17,"Live","sapling",NA,NA,10,2.1,NA,1.4,NA,"Populus tremuloides Michx.",NA,NA,"2017",746,"aspen/alder/cottonwood/willow","Populus tremuloides Michx.","quaking aspen","Salicaceae","tree","tremuloides",0.691,"hw1",-2.2094,2.3867,"SalicaceaeAbove0.35spg","hardwood","Hardwood",0.36,-2.4441,2.4561,NA,NA,NA,"Check",NA,NA,NA
"Populus","POTR5","NEON.PLA.D05.TREE.01276","TREE_045","TREE","D05",2016-10-18,"Live","sapling",NA,NA,10,2.7,NA,1,NA,"Populus tremuloides Michx.",NA,NA,"2016",746,"aspen/alder/cottonwood/willow","Populus tremuloides Michx.","quaking aspen","Salicaceae","tree","tremuloides",0.691,"hw1",-2.2094,2.3867,"SalicaceaeAbove0.35spg","hardwood","Hardwood",0.36,-2.4441,2.4561,NA,NA,NA,"Check",NA,NA,NA
"Populus","POTR5","NEON.PLA.D05.TREE.01276","TREE_045","TREE","D05",2017-10-19,"No longer qualifies","sapling",NA,NA,10,1.4,NA,0.8,NA,"Populus tremuloides Michx.",NA,NA,"2017",746,"aspen/alder/cottonwood/willow","Populus tremuloides Michx.","quaking aspen","Salicaceae","tree","tremuloides",0.691,"hw1",-2.2094,2.3867,"SalicaceaeAbove0.35spg","hardwood","Hardwood",0.36,-2.4441,2.4561,NA,NA,NA,"Check",NA,NA,NA
"Populus","POTR5","NEON.PLA.D05.TREE.01276","TREE_045","TREE","D05",2018-10-17,"Live","sapling",NA,NA,10,1.4,NA,1.2,NA,"Populus tremuloides Michx.",NA,NA,"2018",746,"aspen/alder/cottonwood/willow","Populus tremuloides Michx.","quaking aspen","Salicaceae","tree","tremuloides",0.691,"hw1",-2.2094,2.3867,"SalicaceaeAbove0.35spg","hardwood","Hardwood",0.36,-2.4441,2.4561,NA,NA,NA,"Check",NA,NA,NA
"Populus","POTR5","NEON.PLA.D05.TREE.01170","TREE_045","TREE","D05",2017-10-19,"Dead, broken bole","sapling",NA,NA,10,0.3,NA,1.2,NA,"Populus tremuloides Michx.",NA,NA,"2017",746,"aspen/alder/cottonwood/willow","Populus tremuloides Michx.","quaking aspen","Salicaceae","tree","tremuloides",0.691,"hw1",-2.2094,2.3867,"SalicaceaeAbove0.35spg","hardwood","Hardwood",0.36,-2.4441,2.4561,NA,NA,NA,"Check",NA,NA,NA
"Populus","POTR5","NEON.PLA.D05.TREE.01869","TREE_017","TREE","D05",2019-11-04,"Dead, broken bole","sapling",NA,NA,10,1.8,NA,1.4,NA,"Populus tremuloides Michx.",NA,NA,"2019",746,"aspen/alder/cottonwood/willow","Populus tremuloides Michx.","quaking aspen","Salicaceae","tree","tremuloides",0.691,"hw1",-2.2094,2.3867,"SalicaceaeAbove0.35spg","hardwood","Hardwood",0.36,-2.4441,2.4561,NA,NA,NA,"Check",NA,NA,NA
"Populus","POTR5","NEON.PLA.D05.TREE.01112","TREE_043","TREE","D05",2018-10-15,"Live","sapling",NA,NA,10,2.5,NA,1.2,NA,"Populus tremuloides Michx.",NA,NA,"2018",746,"aspen/alder/cottonwood/willow","Populus tremuloides Michx.","quaking aspen","Salicaceae","tree","tremuloides",0.691,"hw1",-2.2094,2.3867,"SalicaceaeAbove0.35spg","hardwood","Hardwood",0.36,-2.4441,2.4561,NA,NA,NA,"Check",NA,NA,NA
"Populus","POTR5","NEON.PLA.D05.TREE.01112","TREE_043","TREE","D05",2017-10-17,"Live","sapling",NA,NA,10,2.3,NA,1.2,NA,"Populus tremuloides Michx.",NA,NA,"2017",746,"aspen/alder/cottonwood/willow","Populus tremuloides Michx.","quaking aspen","Salicaceae","tree","tremuloides",0.691,"hw1",-2.2094,2.3867,"SalicaceaeAbove0.35spg","hardwood","Hardwood",0.36,-2.4441,2.4561,NA,NA,NA,"Check",NA,NA,NA
"Populus","POTR5","NEON.PLA.D05.TREE.01544","TREE_007","TREE","D05",2019-10-09,"Live","sapling",NA,NA,10,2.4,NA,1,NA,"Populus tremuloides Michx.",NA,NA,"2019",746,"aspen/alder/cottonwood/willow","Populus tremuloides Michx.","quaking aspen","Salicaceae","tree","tremuloides",0.691,"hw1",-2.2094,2.3867,"SalicaceaeAbove0.35spg","hardwood","Hardwood",0.36,-2.4441,2.4561,NA,NA,NA,"Check",NA,NA,NA
"Populus","POTR5","NEON.PLA.D05.TREE.01173","TREE_045","TREE","D05",2017-10-19,"Standing dead","sapling",NA,NA,10,1.4,NA,1.2,NA,"Populus tremuloides Michx.",NA,NA,"2017",746,"aspen/alder/cottonwood/willow","Populus tremuloides Michx.","quaking aspen","Salicaceae","tree","tremuloides",0.691,"hw1",-2.2094,2.3867,"SalicaceaeAbove0.35spg","hardwood","Hardwood",0.36,-2.4441,2.4561,NA,NA,NA,"Check",NA,NA,NA
"Populus","POTR5","NEON.PLA.D05.TREE.01173","TREE_045","TREE","D05",2018-10-17,"Standing dead","sapling",NA,NA,10,1.4,NA,1.3,NA,"Populus tremuloides Michx.",NA,NA,"2018",746,"aspen/alder/cottonwood/willow","Populus tremuloides Michx.","quaking aspen","Salicaceae","tree","tremuloides",0.691,"hw1",-2.2094,2.3867,"SalicaceaeAbove0.35spg","hardwood","Hardwood",0.36,-2.4441,2.4561,NA,NA,NA,"Check",NA,NA,NA
"Populus","POTR5","NEON.PLA.D05.TREE.01892","TREE_043","TREE","D05",2019-10-23,"Live, broken bole","sapling",NA,NA,10,1.8,NA,1.1,NA,"Populus tremuloides Michx.",NA,NA,"2019",746,"aspen/alder/cottonwood/willow","Populus tremuloides Michx.","quaking aspen","Salicaceae","tree","tremuloides",0.691,"hw1",-2.2094,2.3867,"SalicaceaeAbove0.35spg","hardwood","Hardwood",0.36,-2.4441,2.4561,NA,NA,NA,"Check",NA,NA,NA
"Populus","POTR5","NEON.PLA.D05.TREE.02676","TREE_023","TREE","D05",2019-11-04,"Dead, broken bole","sapling",NA,NA,10,1,NA,1.3,NA,"Populus tremuloides Michx.",NA,NA,"2019",746,"aspen/alder/cottonwood/willow","Populus tremuloides Michx.","quaking aspen","Salicaceae","tree","tremuloides",0.691,"hw1",-2.2094,2.3867,"SalicaceaeAbove0.35spg","hardwood","Hardwood",0.36,-2.4441,2.4561,NA,NA,NA,"Check",NA,NA,NA
"Populus","POTR5","NEON.PLA.D05.TREE.02676","TREE_023","TREE","D05",2018-05-08,"Live, physically damaged","sapling",NA,NA,10,NA,NA,1.4,NA,"Populus tremuloides Michx.",NA,NA,"2018",746,"aspen/alder/cottonwood/willow","Populus tremuloides Michx.","quaking aspen","Salicaceae","tree","tremuloides",0.691,"hw1",-2.2094,2.3867,"SalicaceaeAbove0.35spg","hardwood","Hardwood",0.36,-2.4441,2.4561,NA,NA,NA,"Check",NA,NA,NA
"Populus","POTR5","NEON.PLA.D05.TREE.03849","TREE_019","TREE","D05",2017-10-23,"Standing dead","sapling",NA,NA,10,1.6,NA,1.4,NA,"Populus tremuloides Michx.",NA,NA,"2017",746,"aspen/alder/cottonwood/willow","Populus tremuloides Michx.","quaking aspen","Salicaceae","tree","tremuloides",0.691,"hw1",-2.2094,2.3867,"SalicaceaeAbove0.35spg","hardwood","Hardwood",0.36,-2.4441,2.4561,NA,NA,NA,"Check",NA,NA,NA
"Populus","POTR5","NEON.PLA.D05.TREE.02374","TREE_019","TREE","D05",2017-10-23,"Standing dead","sapling",NA,NA,10,0.9,NA,1.3,NA,"Populus tremuloides Michx.",NA,NA,"2017",746,"aspen/alder/cottonwood/willow","Populus tremuloides Michx.","quaking aspen","Salicaceae","tree","tremuloides",0.691,"hw1",-2.2094,2.3867,"SalicaceaeAbove0.35spg","hardwood","Hardwood",0.36,-2.4441,2.4561,NA,NA,NA,"Check",NA,NA,NA
"Populus","POTR5","NEON.PLA.D05.TREE.03463","TREE_023","TREE","D05",2018-05-08,"Live, physically damaged","sapling",NA,NA,10,NA,NA,1.5,NA,"Populus tremuloides Michx.",NA,NA,"2018",746,"aspen/alder/cottonwood/willow","Populus tremuloides Michx.","quaking aspen","Salicaceae","tree","tremuloides",0.691,"hw1",-2.2094,2.3867,"SalicaceaeAbove0.35spg","hardwood","Hardwood",0.36,-2.4441,2.4561,NA,NA,NA,"Check",NA,NA,NA
"Populus","POTR5","NEON.PLA.D05.TREE.03857","TREE_019","TREE","D05",2017-10-23,"Standing dead","sapling",NA,NA,10,1.5,NA,1.6,NA,"Populus tremuloides Michx.",NA,NA,"2017",746,"aspen/alder/cottonwood/willow","Populus tremuloides Michx.","quaking aspen","Salicaceae","tree","tremuloides",0.691,"hw1",-2.2094,2.3867,"SalicaceaeAbove0.35spg","hardwood","Hardwood",0.36,-2.4441,2.4561,NA,NA,NA,"Check",NA,NA,NA
"Populus","POTR5","NEON.PLA.D05.TREE.01169","TREE_045","TREE","D05",2018-10-17,"Standing dead","sapling",NA,NA,10,1.1,NA,2,NA,"Populus tremuloides Michx.",NA,NA,"2018",746,"aspen/alder/cottonwood/willow","Populus tremuloides Michx.","quaking aspen","Salicaceae","tree","tremuloides",0.691,"hw1",-2.2094,2.3867,"SalicaceaeAbove0.35spg","hardwood","Hardwood",0.36,-2.4441,2.4561,NA,NA,NA,"Check",NA,NA,NA
"Populus","POTR5","NEON.PLA.D05.TREE.02460","TREE_023","TREE","D05",2018-05-08,"Live, physically damaged","sapling",NA,NA,10,NA,NA,1,NA,"Populus tremuloides Michx.",NA,NA,"2018",746,"aspen/alder/cottonwood/willow","Populus tremuloides Michx.","quaking aspen","Salicaceae","tree","tremuloides",0.691,"hw1",-2.2094,2.3867,"SalicaceaeAbove0.35spg","hardwood","Hardwood",0.36,-2.4441,2.4561,NA,NA,NA,"Check",NA,NA,NA
"Populus","POTR5","NEON.PLA.D05.TREE.03331","TREE_007","TREE","D05",2019-10-09,"Live","sapling",NA,NA,10,2,NA,1.2,NA,"Populus tremuloides Michx.",NA,NA,"2019",746,"aspen/alder/cottonwood/willow","Populus tremuloides Michx.","quaking aspen","Salicaceae","tree","tremuloides",0.691,"hw1",-2.2094,2.3867,"SalicaceaeAbove0.35spg","hardwood","Hardwood",0.36,-2.4441,2.4561,NA,NA,NA,"Check",NA,NA,NA
"Populus","POTR5","NEON.PLA.D05.TREE.03350","TREE_007","TREE","D05",2019-10-09,"Live,  other damage","sapling",NA,NA,10,1.3,NA,1.4,NA,"Populus tremuloides Michx.",NA,NA,"2019",746,"aspen/alder/cottonwood/willow","Populus tremuloides Michx.","quaking aspen","Salicaceae","tree","tremuloides",0.691,"hw1",-2.2094,2.3867,"SalicaceaeAbove0.35spg","hardwood","Hardwood",0.36,-2.4441,2.4561,NA,NA,NA,"Check",NA,NA,NA
"Populus","POTR5","NEON.PLA.D05.TREE.02908","TREE_017","TREE","D05",2019-11-04,"Live","sapling",NA,NA,10,1.4,NA,1.2,NA,"Populus tremuloides Michx.",NA,NA,"2019",746,"aspen/alder/cottonwood/willow","Populus tremuloides Michx.","quaking aspen","Salicaceae","tree","tremuloides",0.691,"hw1",-2.2094,2.3867,"SalicaceaeAbove0.35spg","hardwood","Hardwood",0.36,-2.4441,2.4561,NA,NA,NA,"Check",NA,NA,NA
"Populus","POTR5","NEON.PLA.D05.TREE.00993","TREE_045","TREE","D05",2017-10-19,"Standing dead","sapling",NA,NA,10,1.8,NA,1.7,NA,"Populus tremuloides Michx.",NA,NA,"2017",746,"aspen/alder/cottonwood/willow","Populus tremuloides Michx.","quaking aspen","Salicaceae","tree","tremuloides",0.691,"hw1",-2.2094,2.3867,"SalicaceaeAbove0.35spg","hardwood","Hardwood",0.36,-2.4441,2.4561,NA,NA,NA,"Check",NA,NA,NA
"Populus","POTR5","NEON.PLA.D05.TREE.03350","TREE_007","TREE","D05",2018-05-08,"Live","sapling",NA,NA,10,NA,NA,1.2,NA,"Populus tremuloides Michx.",NA,NA,"2018",746,"aspen/alder/cottonwood/willow","Populus tremuloides Michx.","quaking aspen","Salicaceae","tree","tremuloides",0.691,"hw1",-2.2094,2.3867,"SalicaceaeAbove0.35spg","hardwood","Hardwood",0.36,-2.4441,2.4561,NA,NA,NA,"Check",NA,NA,NA
"Populus","POTR5","NEON.PLA.D05.TREE.03351","TREE_007","TREE","D05",2018-05-08,"Live","sapling",NA,NA,10,NA,NA,1.2,NA,"Populus tremuloides Michx.",NA,NA,"2018",746,"aspen/alder/cottonwood/willow","Populus tremuloides Michx.","quaking aspen","Salicaceae","tree","tremuloides",0.691,"hw1",-2.2094,2.3867,"SalicaceaeAbove0.35spg","hardwood","Hardwood",0.36,-2.4441,2.4561,NA,NA,NA,"Check",NA,NA,NA
"Populus","POTR5","NEON.PLA.D05.TREE.01175","TREE_043","TREE","D05",2017-10-17,"Standing dead","sapling",NA,NA,10,1.7,NA,1.2,NA,"Populus tremuloides Michx.",NA,NA,"2017",746,"aspen/alder/cottonwood/willow","Populus tremuloides Michx.","quaking aspen","Salicaceae","tree","tremuloides",0.691,"hw1",-2.2094,2.3867,"SalicaceaeAbove0.35spg","hardwood","Hardwood",0.36,-2.4441,2.4561,NA,NA,NA,"Check",NA,NA,NA
"Populus","POTR5","NEON.PLA.D05.TREE.03171","TREE_057","TREE","D05",2017-10-17,"Live, broken bole","sapling",NA,NA,10,1.2,NA,1.8,NA,"Populus tremuloides Michx.",NA,NA,"2017",746,"aspen/alder/cottonwood/willow","Populus tremuloides Michx.","quaking aspen","Salicaceae","tree","tremuloides",0.691,"hw1",-2.2094,2.3867,"SalicaceaeAbove0.35spg","hardwood","Hardwood",0.36,-2.4441,2.4561,NA,NA,NA,"Check",NA,NA,NA
"Populus","POTR5","NEON.PLA.D05.TREE.00425","TREE_057","TREE","D05",2016-10-18,"Live","sapling",NA,NA,10,2.5,NA,1.4,NA,"Populus tremuloides Michx.",NA,NA,"2016",746,"aspen/alder/cottonwood/willow","Populus tremuloides Michx.","quaking aspen","Salicaceae","tree","tremuloides",0.691,"hw1",-2.2094,2.3867,"SalicaceaeAbove0.35spg","hardwood","Hardwood",0.36,-2.4441,2.4561,NA,NA,NA,"Check",NA,NA,NA
"Populus","POTR5","NEON.PLA.D05.TREE.00916","TREE_057","TREE","D05",2017-10-17,"Live","sapling",NA,NA,10,1.8,NA,1.2,NA,"Populus tremuloides Michx.",NA,NA,"2017",746,"aspen/alder/cottonwood/willow","Populus tremuloides Michx.","quaking aspen","Salicaceae","tree","tremuloides",0.691,"hw1",-2.2094,2.3867,"SalicaceaeAbove0.35spg","hardwood","Hardwood",0.36,-2.4441,2.4561,NA,NA,NA,"Check",NA,NA,NA
"Populus","POTR5","NEON.PLA.D05.TREE.00991","TREE_057","TREE","D05",2016-10-18,"Live","sapling",NA,NA,10,2,NA,1.1,NA,"Populus tremuloides Michx.",NA,NA,"2016",746,"aspen/alder/cottonwood/willow","Populus tremuloides Michx.","quaking aspen","Salicaceae","tree","tremuloides",0.691,"hw1",-2.2094,2.3867,"SalicaceaeAbove0.35spg","hardwood","Hardwood",0.36,-2.4441,2.4561,NA,NA,NA,"Check",NA,NA,NA
"Populus","POTR5","NEON.PLA.D05.TREE.00789","TREE_025","TREE","D05",2016-10-18,"Live, physically damaged","sapling",NA,NA,10,1.8,NA,2.3,NA,"Populus tremuloides Michx.",NA,NA,"2016",746,"aspen/alder/cottonwood/willow","Populus tremuloides Michx.","quaking aspen","Salicaceae","tree","tremuloides",0.691,"hw1",-2.2094,2.3867,"SalicaceaeAbove0.35spg","hardwood","Hardwood",0.36,-2.4441,2.4561,NA,NA,NA,"Check",NA,NA,NA
"Populus","POTR5","NEON.PLA.D05.TREE.03177","TREE_043","TREE","D05",2016-10-19,"Standing dead","sapling",NA,NA,10,2.2,NA,1.3,NA,"Populus tremuloides Michx.",NA,NA,"2016",746,"aspen/alder/cottonwood/willow","Populus tremuloides Michx.","quaking aspen","Salicaceae","tree","tremuloides",0.691,"hw1",-2.2094,2.3867,"SalicaceaeAbove0.35spg","hardwood","Hardwood",0.36,-2.4441,2.4561,NA,NA,NA,"Check",NA,NA,NA
"Populus","POTR5","NEON.PLA.D05.TREE.03455","TREE_023","TREE","D05",2019-11-04,"Dead, broken bole","sapling",NA,NA,10,1.1,NA,1.6,NA,"Populus tremuloides Michx.",NA,NA,"2019",746,"aspen/alder/cottonwood/willow","Populus tremuloides Michx.","quaking aspen","Salicaceae","tree","tremuloides",0.691,"hw1",-2.2094,2.3867,"SalicaceaeAbove0.35spg","hardwood","Hardwood",0.36,-2.4441,2.4561,NA,NA,NA,"Check",NA,NA,NA
"Populus","POTR5","NEON.PLA.D05.TREE.00795","TREE_025","TREE","D05",2016-10-18,"Live","sapling",NA,NA,10,2.2,NA,1.8,NA,"Populus tremuloides Michx.",NA,NA,"2016",746,"aspen/alder/cottonwood/willow","Populus tremuloides Michx.","quaking aspen","Salicaceae","tree","tremuloides",0.691,"hw1",-2.2094,2.3867,"SalicaceaeAbove0.35spg","hardwood","Hardwood",0.36,-2.4441,2.4561,NA,NA,NA,"Check",NA,NA,NA
"Populus","POTR5","NEON.PLA.D05.TREE.03169","TREE_057","TREE","D05",2016-10-18,"Live","sapling",NA,NA,10,1.5,NA,1.1,NA,"Populus tremuloides Michx.",NA,NA,"2016",746,"aspen/alder/cottonwood/willow","Populus tremuloides Michx.","quaking aspen","Salicaceae","tree","tremuloides",0.691,"hw1",-2.2094,2.3867,"SalicaceaeAbove0.35spg","hardwood","Hardwood",0.36,-2.4441,2.4561,NA,NA,NA,"Check",NA,NA,NA
"Populus","POTR5","NEON.PLA.D05.TREE.03169","TREE_057","TREE","D05",2017-10-17,"Live","sapling",NA,NA,10,1.6,NA,1.2,NA,"Populus tremuloides Michx.",NA,NA,"2017",746,"aspen/alder/cottonwood/willow","Populus tremuloides Michx.","quaking aspen","Salicaceae","tree","tremuloides",0.691,"hw1",-2.2094,2.3867,"SalicaceaeAbove0.35spg","hardwood","Hardwood",0.36,-2.4441,2.4561,NA,NA,NA,"Check",NA,NA,NA
"Populus","POTR5","NEON.PLA.D05.TREE.03169","TREE_057","TREE","D05",2018-10-16,"Standing dead","sapling",NA,NA,10,1.6,NA,1,NA,"Populus tremuloides Michx.",NA,NA,"2018",746,"aspen/alder/cottonwood/willow","Populus tremuloides Michx.","quaking aspen","Salicaceae","tree","tremuloides",0.691,"hw1",-2.2094,2.3867,"SalicaceaeAbove0.35spg","hardwood","Hardwood",0.36,-2.4441,2.4561,NA,NA,NA,"Check",NA,NA,NA
"Populus","POTR5","NEON.PLA.D05.TREE.01169","TREE_045","TREE","D05",2016-10-18,"Standing dead","sapling",NA,NA,10,1.2,NA,1.8,NA,"Populus tremuloides Michx.",NA,NA,"2016",746,"aspen/alder/cottonwood/willow","Populus tremuloides Michx.","quaking aspen","Salicaceae","tree","tremuloides",0.691,"hw1",-2.2094,2.3867,"SalicaceaeAbove0.35spg","hardwood","Hardwood",0.36,-2.4441,2.4561,NA,NA,NA,"Check",NA,NA,NA
"Populus","POTR5","NEON.PLA.D05.TREE.01169","TREE_045","TREE","D05",2017-10-19,"Standing dead","sapling",NA,NA,10,1.2,NA,1.7,NA,"Populus tremuloides Michx.",NA,NA,"2017",746,"aspen/alder/cottonwood/willow","Populus tremuloides Michx.","quaking aspen","Salicaceae","tree","tremuloides",0.691,"hw1",-2.2094,2.3867,"SalicaceaeAbove0.35spg","hardwood","Hardwood",0.36,-2.4441,2.4561,NA,NA,NA,"Check",NA,NA,NA
"Populus","POTR5","NEON.PLA.D05.TREE.03321","TREE_007","TREE","D05",2019-10-09,"Live","sapling",NA,NA,10,2,NA,1.6,NA,"Populus tremuloides Michx.",NA,NA,"2019",746,"aspen/alder/cottonwood/willow","Populus tremuloides Michx.","quaking aspen","Salicaceae","tree","tremuloides",0.691,"hw1",-2.2094,2.3867,"SalicaceaeAbove0.35spg","hardwood","Hardwood",0.36,-2.4441,2.4561,NA,NA,NA,"Check",NA,NA,NA
"Populus","POTR5","NEON.PLA.D05.TREE.01178","TREE_043","TREE","D05",2016-10-19,"Standing dead","sapling",NA,NA,10,1.8,NA,1.3,NA,"Populus tremuloides Michx.",NA,NA,"2016",746,"aspen/alder/cottonwood/willow","Populus tremuloides Michx.","quaking aspen","Salicaceae","tree","tremuloides",0.691,"hw1",-2.2094,2.3867,"SalicaceaeAbove0.35spg","hardwood","Hardwood",0.36,-2.4441,2.4561,NA,NA,NA,"Check",NA,NA,NA
"Populus","POTR5","NEON.PLA.D05.TREE.00468","TREE_057","TREE","D05",2017-10-17,"Standing dead","sapling",NA,NA,10,2.7,NA,1.6,NA,"Populus tremuloides Michx.",NA,NA,"2017",746,"aspen/alder/cottonwood/willow","Populus tremuloides Michx.","quaking aspen","Salicaceae","tree","tremuloides",0.691,"hw1",-2.2094,2.3867,"SalicaceaeAbove0.35spg","hardwood","Hardwood",0.36,-2.4441,2.4561,NA,NA,NA,"Check",NA,NA,NA
"Populus","POTR5","NEON.PLA.D05.TREE.03485","TREE_057","TREE","D05",2016-10-18,"Standing dead","sapling",NA,NA,10,1.5,NA,1,NA,"Populus tremuloides Michx.",NA,NA,"2016",746,"aspen/alder/cottonwood/willow","Populus tremuloides Michx.","quaking aspen","Salicaceae","tree","tremuloides",0.691,"hw1",-2.2094,2.3867,"SalicaceaeAbove0.35spg","hardwood","Hardwood",0.36,-2.4441,2.4561,NA,NA,NA,"Check",NA,NA,NA
"Prunus","PRSE2","NEON.PLA.D05.TREE.01549","TREE_007","TREE","D05",2019-10-09,"Live","sapling",NA,NA,10,1.1,NA,1,NA,"Prunus serotina Ehrh.",NA,NA,"2019",762,"mixed hardwood","Prunus serotina Ehrh.","black cherry","Rosaceae","shrub/tree","serotina",0.792,"hw3",-2.48,2.4835,"Cornaceae/Ericaceae/Lauraceae/Platanaceae/Rosaceae/Ulmaceae","hardwood","Hardwood",0.47,-2.2118,2.4133,0.38083,0.925665,NA,"Good",NA,NA,0.415955539736102
"Prunus","PRSE2","NEON.PLA.D05.TREE.01896","TREE_043","TREE","D05",2020-10-05,"Live","sapling","Full shade",NA,10,1.5,NA,1.4,NA,"Prunus serotina Ehrh.",NA,NA,"2020",762,"mixed hardwood","Prunus serotina Ehrh.","black cherry","Rosaceae","shrub/tree","serotina",0.792,"hw3",-2.48,2.4835,"Cornaceae/Ericaceae/Lauraceae/Platanaceae/Rosaceae/Ulmaceae","hardwood","Hardwood",0.47,-2.2118,2.4133,0.38083,0.925665,NA,"Good",NA,NA,1.03338911896967
"Prunus","PRSE2","NEON.PLA.D05.TREE.01896","TREE_043","TREE","D05",2019-10-23,"Live","sapling",NA,NA,10,1.4,NA,1.1,NA,"Prunus serotina Ehrh.",NA,NA,"2019",762,"mixed hardwood","Prunus serotina Ehrh.","black cherry","Rosaceae","shrub/tree","serotina",0.792,"hw3",-2.48,2.4835,"Cornaceae/Ericaceae/Lauraceae/Platanaceae/Rosaceae/Ulmaceae","hardwood","Hardwood",0.47,-2.2118,2.4133,0.38083,0.925665,NA,"Good",NA,NA,0.620337850270773
"Prunus","PRSE2","NEON.PLA.D05.TREE.02995","TREE_060","TREE","D05",2019-11-05,"Live, broken bole","sapling",NA,NA,10,2.1,NA,1.4,NA,"Prunus serotina Ehrh.",NA,NA,"2019",762,"mixed hardwood","Prunus serotina Ehrh.","black cherry","Rosaceae","shrub/tree","serotina",0.792,"hw3",-2.48,2.4835,"Cornaceae/Ericaceae/Lauraceae/Platanaceae/Rosaceae/Ulmaceae","hardwood","Hardwood",0.47,-2.2118,2.4133,0.38083,0.925665,NA,"Good",NA,NA,1.41100805331503
"Prunus","PRSE2","NEON.PLA.D05.TREE.02995","TREE_060","TREE","D05",2017-10-26,"Live","sapling",NA,NA,10,2.3,NA,1.4,NA,"Prunus serotina Ehrh.",NA,NA,"2017",762,"mixed hardwood","Prunus serotina Ehrh.","black cherry","Rosaceae","shrub/tree","serotina",0.792,"hw3",-2.48,2.4835,"Cornaceae/Ericaceae/Lauraceae/Platanaceae/Rosaceae/Ulmaceae","hardwood","Hardwood",0.47,-2.2118,2.4133,0.38083,0.925665,NA,"Good",NA,NA,1.53497450449276
"Prunus","PRSE2","NEON.PLA.D05.TREE.03765","TREE_016","TREE","D05",2019-10-30,"Live","sapling",NA,NA,10,1.8,NA,1.1,NA,"Prunus serotina Ehrh.",NA,NA,"2019",762,"mixed hardwood","Prunus serotina Ehrh.","black cherry","Rosaceae","shrub/tree","serotina",0.792,"hw3",-2.48,2.4835,"Cornaceae/Ericaceae/Lauraceae/Platanaceae/Rosaceae/Ulmaceae","hardwood","Hardwood",0.47,-2.2118,2.4133,0.38083,0.925665,NA,"Good",NA,NA,0.782815643747801
"Prunus","PRVI","NEON.PLA.D05.TREE.03319","TREE_007","TREE","D05",2018-05-08,"Live","sapling",NA,NA,10,2.2,NA,1.5,NA,"Prunus virginiana L.",NA,NA,"2018",763,"mixed hardwood","Prunus virginiana L.","chokecherry","Rosaceae","shrub/tree","virginiana",NA,"hw3",-2.48,2.4835,"Cornaceae/Ericaceae/Lauraceae/Platanaceae/Rosaceae/Ulmaceae","hardwood","Hardwood",0.47,-2.2118,2.4133,0.38083,0.925665,NA,"Good",NA,NA,1.67379734335247
"Prunus","PRUNU","NEON.PLA.D05.TREE.05080","TREE_019","TREE","D05",2019-10-30,"Live","sapling",NA,NA,10,1.4,NA,1,NA,"Prunus sp.",NA,NA,"2019",760,"mixed hardwood","Prunus L.","plum","Rosaceae","shrub/tree","spp.",0.792,"hw3",-2.48,2.4835,"Cornaceae/Ericaceae/Lauraceae/Platanaceae/Rosaceae/Ulmaceae",NA,NA,NA,-2.2118,2.4133,0.38083,0.925665,NA,"Good",NA,NA,0.519992118244606
NA,"2PLANT-H","NEON.PLA.D05.TREE.03244","TREE_023","TREE","D05",2019-11-04,"Dead, broken bole","sapling",NA,NA,10,1.2,NA,1.1,NA,"Unknown hardwood plant",NA,NA,"2019",NA,"","","","","tree",NA,NA,"hw3",-2.48,2.4835,NA,NA,NA,NA,NA,NA,NA,NA,NA,"Check",NA,NA,NA
NA,"ILVE","NEON.PLA.D05.TREE.00612","TREE_053","TREE","D05",2018-10-09,"Live, physically damaged","sapling",NA,NA,10,0.8,NA,1.4,NA,"Ilex verticillata (L.) A. Gray",NA,NA,"2018",NA,"pine","Ilex verticillata (L.) A. Gray","common winterberry","Aquifoliaceae","tree",NA,0.84,"hw3",-2.48,2.4835,NA,NA,NA,NA,NA,NA,NA,NA,NA,"Check",NA,NA,NA
NA,"ILVE","NEON.PLA.D05.TREE.00548","TREE_053","TREE","D05",2017-08-30,"Live, physically damaged","sapling",NA,NA,10,0.7,NA,1.1,NA,"Ilex verticillata (L.) A. Gray",NA,NA,"2017",NA,"pine","Ilex verticillata (L.) A. Gray","common winterberry","Aquifoliaceae","tree",NA,0.84,"hw3",-2.48,2.4835,NA,NA,NA,NA,NA,NA,NA,NA,NA,"Check",NA,NA,NA
NA,"ILVE","NEON.PLA.D05.TREE.00230","TREE_055","TREE","D05",2016-09-27,"Live","sapling",NA,NA,10,1.3,NA,2.6,NA,"Ilex verticillata (L.) A. Gray",NA,NA,"2016",NA,"pine","Ilex verticillata (L.) A. Gray","common winterberry","Aquifoliaceae","tree",NA,0.84,"hw3",-2.48,2.4835,NA,NA,NA,NA,NA,NA,NA,NA,NA,"Check",NA,NA,NA
NA,"ILVE","NEON.PLA.D05.TREE.03043","TREE_012","TREE","D05",2017-10-30,"Live","sapling",NA,NA,10,1.5,NA,1.2,NA,"Ilex verticillata (L.) A. Gray",NA,NA,"2017",NA,"pine","Ilex verticillata (L.) A. Gray","common winterberry","Aquifoliaceae","tree",NA,0.84,"hw3",-2.48,2.4835,NA,NA,NA,NA,NA,NA,NA,NA,NA,"Check",NA,NA,NA
NA,"ILVE","NEON.PLA.D05.TREE.00225","TREE_056","TREE","D05",2017-08-28,"Live","sapling",NA,NA,10,1.1,NA,1.2,NA,"Ilex verticillata (L.) A. Gray",NA,NA,"2017",NA,"pine","Ilex verticillata (L.) A. Gray","common winterberry","Aquifoliaceae","tree",NA,0.84,"hw3",-2.48,2.4835,NA,NA,NA,NA,NA,NA,NA,NA,NA,"Check",NA,NA,NA
NA,"ILVE","NEON.PLA.D05.TREE.00612","TREE_053","TREE","D05",2017-08-30,"Live, physically damaged","sapling",NA,NA,10,0.9,NA,1.2,NA,"Ilex verticillata (L.) A. Gray",NA,NA,"2017",NA,"pine","Ilex verticillata (L.) A. Gray","common winterberry","Aquifoliaceae","tree",NA,0.84,"hw3",-2.48,2.4835,NA,NA,NA,NA,NA,NA,NA,NA,NA,"Check",NA,NA,NA
NA,"ILVE","NEON.PLA.D05.TREE.00239","TREE_056","TREE","D05",2016-09-28,"Live","sapling",NA,NA,10,1.5,NA,1.2,NA,"Ilex verticillata (L.) A. Gray",NA,NA,"2016",NA,"pine","Ilex verticillata (L.) A. Gray","common winterberry","Aquifoliaceae","tree",NA,0.84,"hw3",-2.48,2.4835,NA,NA,NA,NA,NA,NA,NA,NA,NA,"Check",NA,NA,NA
NA,"ILVE","NEON.PLA.D05.TREE.00612","TREE_053","TREE","D05",2016-09-27,"Live","sapling",NA,NA,10,NA,NA,1.3,NA,"Ilex verticillata (L.) A. Gray",NA,NA,"2016",NA,"pine","Ilex verticillata (L.) A. Gray","common winterberry","Aquifoliaceae","tree",NA,0.84,"hw3",-2.48,2.4835,NA,NA,NA,NA,NA,NA,NA,NA,NA,"Check",NA,NA,NA
NA,"ILVE","NEON.PLA.D05.TREE.03569","TREE_053","TREE","D05",2017-08-30,"Live, physically damaged","sapling",NA,NA,10,0.7,NA,1.3,NA,"Ilex verticillata (L.) A. Gray",NA,NA,"2017",NA,"pine","Ilex verticillata (L.) A. Gray","common winterberry","Aquifoliaceae","tree",NA,0.84,"hw3",-2.48,2.4835,NA,NA,NA,NA,NA,NA,NA,NA,NA,"Check",NA,NA,NA
NA,"ILVE","NEON.PLA.D05.TREE.03569","TREE_053","TREE","D05",2016-09-27,"Live","sapling",NA,NA,10,0.7,NA,1.2,NA,"Ilex verticillata (L.) A. Gray",NA,NA,"2016",NA,"pine","Ilex verticillata (L.) A. Gray","common winterberry","Aquifoliaceae","tree",NA,0.84,"hw3",-2.48,2.4835,NA,NA,NA,NA,NA,NA,NA,NA,NA,"Check",NA,NA,NA
NA,"ILVE","NEON.PLA.D05.TREE.00548","TREE_053","TREE","D05",2018-10-09,"Live","sapling",NA,NA,10,0.7,NA,1,NA,"Ilex verticillata (L.) A. Gray",NA,NA,"2018",NA,"pine","Ilex verticillata (L.) A. Gray","common winterberry","Aquifoliaceae","tree",NA,0.84,"hw3",-2.48,2.4835,NA,NA,NA,NA,NA,NA,NA,NA,NA,"Check",NA,NA,NA
NA,"OLEACE","NEON.PLA.D05.TREE.05191","TREE_046","TREE","D05",2021-09-21,"Dead, broken bole","sapling","Full shade",NA,10,0.8,NA,1.2,NA,"Oleaceae sp.",NA,NA,"2021",NA,NA,NA,NA,NA,NA,NA,NA,NA,NA,NA,NA,NA,NA,NA,NA,NA,NA,NA,NA,"Check",NA,NA,NA
NA,"ALINR","NEON.PLA.D05.TREE.03040","TREE_012","TREE","D05",2017-10-30,"Live","sapling",NA,NA,10,1,NA,1.1,NA,"Alnus incana (L.) Moench ssp. rugosa (Du Roi) R.T. Clausen",NA,NA,"2017",NA,"aspen/alder/cottonwood/willow","Alnus incana (L.) Moench ssp. rugosa (Du Roi) R.T. Clausen","speckled alder","Betulaceae","tree",NA,0.84,"hw1",-2.2094,2.3867,"BetulaceaeBelow0.40spg","hardwood","Hardwood",0.37,-2.5932,2.5349,NA,NA,NA,"Check",NA,NA,NA
NA,"ACER","NEON.PLA.D05.TREE.05189","TREE_048","TREE","D05",2021-09-23,"Live","sapling","Full shade",NA,10,1.6,NA,1.3,NA,"Acer sp.",NA,NA,"2021",NA,"soft maple/birch","Acer L.","maple","Aceraceae","tree",NA,0.84,"hw2",-1.9123,2.3651,"AceraceaeBelow0.50spg","hardwood","Hardwood",0.44,-2.047,2.3852,NA,NA,NA,"Check",NA,NA,NA
NA,"ACER","NEON.PLA.D05.TREE.05189","TREE_046","TREE","D05",2021-09-21,"Dead, broken bole","sapling","Full shade",NA,10,0.7,NA,2.2,NA,"Acer sp.",NA,NA,"2021",NA,"soft maple/birch","Acer L.","maple","Aceraceae","tree",NA,0.84,"hw2",-1.9123,2.3651,"AceraceaeBelow0.50spg","hardwood","Hardwood",0.44,-2.047,2.3852,NA,NA,NA,"Check",NA,NA,NA
NA,"COCO6","NEON.PLA.D05.TREE.00254","TREE_055","TREE","D05",2017-09-14,"Live","sapling",NA,NA,10,1.4,NA,1.5,NA,"Corylus cornuta Marshall",NA,NA,"2017",NA,"woodland","Corylus cornuta Marshall","beaked hazelnut","Betulaceae","tree",NA,0.84,"wl",-0.7152,1.7029,"BetulaceaeAbove0.60spg","hardwood","Hardwood",0.62,-2.2652,2.5349,NA,NA,NA,"Check",NA,NA,NA
NA,"COCO6","NEON.PLA.D05.TREE.01387","TREE_041","TREE","D05",2016-10-18,"Live","sapling",NA,NA,10,0.9,NA,1,NA,"Corylus cornuta Marshall",NA,NA,"2016",NA,"woodland","Corylus cornuta Marshall","beaked hazelnut","Betulaceae","tree",NA,0.84,"wl",-0.7152,1.7029,"BetulaceaeAbove0.60spg","hardwood","Hardwood",0.62,-2.2652,2.5349,NA,NA,NA,"Check",NA,NA,NA
NA,"COCO6","NEON.PLA.D05.TREE.03197","TREE_041","TREE","D05",2016-10-18,"Live","sapling",NA,NA,10,0.5,NA,1,NA,"Corylus cornuta Marshall",NA,NA,"2016",NA,"woodland","Corylus cornuta Marshall","beaked hazelnut","Betulaceae","tree",NA,0.84,"wl",-0.7152,1.7029,"BetulaceaeAbove0.60spg","hardwood","Hardwood",0.62,-2.2652,2.5349,NA,NA,NA,"Check",NA,NA,NA
NA,"COCO6","NEON.PLA.D05.TREE.03198","TREE_041","TREE","D05",2016-10-18,"Live","sapling",NA,NA,10,0.9,NA,1,NA,"Corylus cornuta Marshall",NA,NA,"2016",NA,"woodland","Corylus cornuta Marshall","beaked hazelnut","Betulaceae","tree",NA,0.84,"wl",-0.7152,1.7029,"BetulaceaeAbove0.60spg","hardwood","Hardwood",0.62,-2.2652,2.5349,NA,NA,NA,"Check",NA,NA,NA
NA,"COCO6","NEON.PLA.D05.TREE.03196","TREE_041","TREE","D05",2016-10-18,"Live","sapling",NA,NA,10,0.6,NA,1,NA,"Corylus cornuta Marshall",NA,NA,"2016",NA,"woodland","Corylus cornuta Marshall","beaked hazelnut","Betulaceae","tree",NA,0.84,"wl",-0.7152,1.7029,"BetulaceaeAbove0.60spg","hardwood","Hardwood",0.62,-2.2652,2.5349,NA,NA,NA,"Check",NA,NA,NA
NA,"COSE16","NEON.PLA.D05.TREE.03635","TREE_004","TREE","D05",2019-10-08,"Live","sapling",NA,NA,10,0.3,NA,1.1,NA,"Cornus sericea L.",NA,NA,"2019",NA,"mixed hardwood","Cornus sericea L.","redosier dogwood","Cornaceae","tree",NA,0.84,"hw3",-2.48,2.4835,NA,NA,NA,NA,NA,NA,NA,NA,NA,"Check",NA,NA,NA
NA,"COSE16","NEON.PLA.D05.TREE.03130","TREE_004","TREE","D05",2019-10-08,"Live","sapling",NA,NA,10,0.6,NA,1,NA,"Cornus sericea L.",NA,NA,"2019",NA,"mixed hardwood","Cornus sericea L.","redosier dogwood","Cornaceae","tree",NA,0.84,"hw3",-2.48,2.4835,NA,NA,NA,NA,NA,NA,NA,NA,NA,"Check",NA,NA,NA
NA,"DIPA9","NEON.PLA.D05.TREE.00245","TREE_055","TREE","D05",2016-09-27,"Live","sapling",NA,NA,10,1,NA,2,NA,"Dirca palustris L.",NA,NA,"2016",NA,"woodland","Dirca palustris L.","eastern leatherwood","Thymelaeaceae","shrub/tree",NA,NA,"wl",-0.7152,1.7029,NA,NA,NA,NA,NA,NA,NA,NA,NA,"Check",NA,NA,NA
NA,"DIPA9","NEON.PLA.D05.TREE.00679","TREE_053","TREE","D05",2016-09-27,"Live","sapling",NA,NA,10,1.5,NA,4.1,NA,"Dirca palustris L.",NA,NA,"2016",NA,"woodland","Dirca palustris L.","eastern leatherwood","Thymelaeaceae","shrub/tree",NA,NA,"wl",-0.7152,1.7029,NA,NA,NA,NA,NA,NA,NA,NA,NA,"Check",NA,NA,NA
NA,"DIPA9","NEON.PLA.D05.TREE.00571","TREE_053","TREE","D05",2016-09-27,"Live","sapling",NA,NA,10,1.4,NA,3.5,NA,"Dirca palustris L.",NA,NA,"2016",NA,"woodland","Dirca palustris L.","eastern leatherwood","Thymelaeaceae","shrub/tree",NA,NA,"wl",-0.7152,1.7029,NA,NA,NA,NA,NA,NA,NA,NA,NA,"Check",NA,NA,NA
NA,"DIPA9","NEON.PLA.D05.TREE.00230","TREE_055","TREE","D05",2016-09-27,"Live","sapling",NA,NA,10,1.3,NA,2.6,NA,"Dirca palustris L.",NA,NA,"2016",NA,"woodland","Dirca palustris L.","eastern leatherwood","Thymelaeaceae","shrub/tree",NA,NA,"wl",-0.7152,1.7029,NA,NA,NA,NA,NA,NA,NA,NA,NA,"Check",NA,NA,NA
NA,"DIPA9","NEON.PLA.D05.TREE.00520","TREE_053","TREE","D05",2016-09-27,"Live","sapling",NA,NA,10,1.4,NA,2.2,NA,"Dirca palustris L.",NA,NA,"2016",NA,"woodland","Dirca palustris L.","eastern leatherwood","Thymelaeaceae","shrub/tree",NA,NA,"wl",-0.7152,1.7029,NA,NA,NA,NA,NA,NA,NA,NA,NA,"Check",NA,NA,NA
NA,"DIPA9","NEON.PLA.D05.TREE.00652","TREE_055","TREE","D05",2016-09-27,"Live","sapling",NA,NA,10,1.2,NA,2.9,NA,"Dirca palustris L.",NA,NA,"2016",NA,"woodland","Dirca palustris L.","eastern leatherwood","Thymelaeaceae","shrub/tree",NA,NA,"wl",-0.7152,1.7029,NA,NA,NA,NA,NA,NA,NA,NA,NA,"Check",NA,NA,NA
NA,"DIPA9","NEON.PLA.D05.TREE.00081","TREE_055","TREE","D05",2016-09-27,"Live","sapling",NA,NA,10,1.3,NA,2.2,NA,"Dirca palustris L.",NA,NA,"2016",NA,"woodland","Dirca palustris L.","eastern leatherwood","Thymelaeaceae","shrub/tree",NA,NA,"wl",-0.7152,1.7029,NA,NA,NA,NA,NA,NA,NA,NA,NA,"Check",NA,NA,NA
NA,"DIPA9","NEON.PLA.D05.TREE.00538","TREE_055","TREE","D05",2016-09-27,"Live","sapling",NA,NA,10,1.4,NA,3.4,NA,"Dirca palustris L.",NA,NA,"2016",NA,"woodland","Dirca palustris L.","eastern leatherwood","Thymelaeaceae","shrub/tree",NA,NA,"wl",-0.7152,1.7029,NA,NA,NA,NA,NA,NA,NA,NA,NA,"Check",NA,NA,NA
NA,"DIPA9","NEON.PLA.D05.TREE.00300","TREE_055","TREE","D05",2016-09-27,"Live","sapling",NA,NA,10,1,NA,2.2,NA,"Dirca palustris L.",NA,NA,"2016",NA,"woodland","Dirca palustris L.","eastern leatherwood","Thymelaeaceae","shrub/tree",NA,NA,"wl",-0.7152,1.7029,NA,NA,NA,NA,NA,NA,NA,NA,NA,"Check",NA,NA,NA
NA,"DIPA9","NEON.PLA.D05.TREE.00641","TREE_053","TREE","D05",2016-09-27,"Live","sapling",NA,NA,10,1.6,NA,3,NA,"Dirca palustris L.",NA,NA,"2016",NA,"woodland","Dirca palustris L.","eastern leatherwood","Thymelaeaceae","shrub/tree",NA,NA,"wl",-0.7152,1.7029,NA,NA,NA,NA,NA,NA,NA,NA,NA,"Check",NA,NA,NA
NA,"DIPA9","NEON.PLA.D05.TREE.03572","TREE_053","TREE","D05",2016-09-27,"Live","sapling",NA,NA,10,1.1,NA,2.8,NA,"Dirca palustris L.",NA,NA,"2016",NA,"woodland","Dirca palustris L.","eastern leatherwood","Thymelaeaceae","shrub/tree",NA,NA,"wl",-0.7152,1.7029,NA,NA,NA,NA,NA,NA,NA,NA,NA,"Check",NA,NA,NA
NA,"DIPA9","NEON.PLA.D05.TREE.00669","TREE_053","TREE","D05",2016-09-27,"Live","sapling",NA,NA,10,1.4,NA,3.7,NA,"Dirca palustris L.",NA,NA,"2016",NA,"woodland","Dirca palustris L.","eastern leatherwood","Thymelaeaceae","shrub/tree",NA,NA,"wl",-0.7152,1.7029,NA,NA,NA,NA,NA,NA,NA,NA,NA,"Check",NA,NA,NA
NA,"DIPA9","NEON.PLA.D05.TREE.00052","TREE_055","TREE","D05",2016-09-27,"Live","sapling",NA,NA,10,1.1,NA,1.8,NA,"Dirca palustris L.",NA,NA,"2016",NA,"woodland","Dirca palustris L.","eastern leatherwood","Thymelaeaceae","shrub/tree",NA,NA,"wl",-0.7152,1.7029,NA,NA,NA,NA,NA,NA,NA,NA,NA,"Check",NA,NA,NA
NA,"DIPA9","NEON.PLA.D05.TREE.03551","TREE_055","TREE","D05",2016-09-27,"Live","sapling",NA,NA,10,1.7,NA,2.4,NA,"Dirca palustris L.",NA,NA,"2016",NA,"woodland","Dirca palustris L.","eastern leatherwood","Thymelaeaceae","shrub/tree",NA,NA,"wl",-0.7152,1.7029,NA,NA,NA,NA,NA,NA,NA,NA,NA,"Check",NA,NA,NA
NA,"DIPA9","NEON.PLA.D05.TREE.00522","TREE_053","TREE","D05",2016-09-27,"Live","sapling",NA,NA,10,1.4,NA,4.2,NA,"Dirca palustris L.",NA,NA,"2016",NA,"woodland","Dirca palustris L.","eastern leatherwood","Thymelaeaceae","shrub/tree",NA,NA,"wl",-0.7152,1.7029,NA,NA,NA,NA,NA,NA,NA,NA,NA,"Check",NA,NA,NA
NA,"DIPA9","NEON.PLA.D05.TREE.00289","TREE_055","TREE","D05",2016-09-27,"Live","sapling",NA,NA,10,1.5,NA,2.5,NA,"Dirca palustris L.",NA,NA,"2016",NA,"woodland","Dirca palustris L.","eastern leatherwood","Thymelaeaceae","shrub/tree",NA,NA,"wl",-0.7152,1.7029,NA,NA,NA,NA,NA,NA,NA,NA,NA,"Check",NA,NA,NA
NA,"DIPA9","NEON.PLA.D05.TREE.03552","TREE_055","TREE","D05",2016-09-27,"Live","sapling",NA,NA,10,0.9,NA,2.3,NA,"Dirca palustris L.",NA,NA,"2016",NA,"woodland","Dirca palustris L.","eastern leatherwood","Thymelaeaceae","shrub/tree",NA,NA,"wl",-0.7152,1.7029,NA,NA,NA,NA,NA,NA,NA,NA,NA,"Check",NA,NA,NA
NA,"DIPA9","NEON.PLA.D05.TREE.03553","TREE_055","TREE","D05",2016-09-27,"Live","sapling",NA,NA,10,0.6,NA,1.2,NA,"Dirca palustris L.",NA,NA,"2016",NA,"woodland","Dirca palustris L.","eastern leatherwood","Thymelaeaceae","shrub/tree",NA,NA,"wl",-0.7152,1.7029,NA,NA,NA,NA,NA,NA,NA,NA,NA,"Check",NA,NA,NA
NA,"FRAM2/FRPE","NEON.PLA.D05.TREE.05192","TREE_046","TREE","D05",2021-09-21,"Live, broken bole","sapling","Full shade",NA,10,1.1,NA,3.3,NA,"Fraxinus americana/pennsylvanica",NA,NA,"2021",NA,NA,NA,NA,NA,NA,NA,NA,NA,NA,NA,NA,NA,NA,NA,NA,NA,NA,NA,NA,"Check",NA,NA,NA
NA,"FRAM2/FRPE","NEON.PLA.D05.TREE.00611","TREE_046","TREE","D05",2018-10-10,"Live","sapling",NA,NA,10,0.9,NA,1.1,NA,"Fraxinus americana/pennsylvanica",NA,NA,"2018",NA,NA,NA,NA,NA,NA,NA,NA,NA,NA,NA,NA,NA,NA,NA,NA,NA,NA,NA,NA,"Check",NA,NA,NA
NA,"FRAM2/FRPE","NEON.PLA.D05.TREE.00611","TREE_046","TREE","D05",2017-09-25,"Live","sapling",NA,NA,10,0.9,NA,1,NA,"Fraxinus americana/pennsylvanica",NA,NA,"2017",NA,NA,NA,NA,NA,NA,NA,NA,NA,NA,NA,NA,NA,NA,NA,NA,NA,NA,NA,NA,"Check",NA,NA,NA
NA,NA,"NEON.PLA.D05.UNDE.03422","TREE_056","TREE","D05",2018-10-09,"Live","sapling",NA,NA,10,0.8,NA,1.1,NA,NA,NA,NA,"2018",NA,NA,NA,NA,NA,NA,NA,NA,NA,NA,NA,NA,NA,NA,NA,NA,NA,NA,NA,NA,"Check",NA,NA,NA
"Abies","ABBA","NEON.PLA.D05.TREE.02252","TREE_006","TREE","D05",2018-05-02,"Downed","sapling",NA,NA,NA,NA,NA,NA,NA,"Abies balsamea (L.) Mill.",NA,NA,"2018",12,"douglas","Abies balsamea (L.) Mill.","balsam fir","Pinaceae","tree","balsamea",0.608,"sw2",-2.2304,2.4435,"AbiesBelow0.35spg","conifer","Conifer",0.33,-2.3123,2.3482,1.87856,0.79034,NA,"Check",NA,NA,NA
"Abies","ABBA","NEON.PLA.D05.TREE.00373","TREE_054","TREE","D05",2017-08-30,"Downed","small tree",NA,NA,NA,NA,NA,NA,NA,"Abies balsamea (L.) Mill.",NA,NA,"2017",12,"douglas","Abies balsamea (L.) Mill.","balsam fir","Pinaceae","tree","balsamea",0.608,"sw2",-2.2304,2.4435,"AbiesBelow0.35spg","conifer","Conifer",0.33,-2.3123,2.3482,1.87856,0.79034,NA,"Check",NA,NA,NA
"Abies","ABBA","NEON.PLA.D05.TREE.03584","TREE_002","TREE","D05",2018-05-07,"Downed","single bole tree",NA,NA,NA,NA,NA,NA,NA,"Abies balsamea (L.) Mill.",NA,NA,"2018",12,"douglas","Abies balsamea (L.) Mill.","balsam fir","Pinaceae","tree","balsamea",0.608,"sw2",-2.2304,2.4435,"AbiesBelow0.35spg","conifer","Conifer",0.33,-2.3123,2.3482,1.87856,0.79034,NA,"Check",NA,NA,NA
"Abies","ABBA","NEON.PLA.D05.TREE.00981","TREE_039","TREE","D05",2020-10-01,"Downed","sapling",NA,NA,NA,NA,NA,NA,NA,"Abies balsamea (L.) Mill.",NA,NA,"2020",12,"douglas","Abies balsamea (L.) Mill.","balsam fir","Pinaceae","tree","balsamea",0.608,"sw2",-2.2304,2.4435,"AbiesBelow0.35spg","conifer","Conifer",0.33,-2.3123,2.3482,1.87856,0.79034,NA,"Check",NA,NA,NA
"Abies","ABBA","NEON.PLA.D05.TREE.01322","TREE_040","TREE","D05",2017-10-19,"Downed","single bole tree",NA,NA,NA,NA,NA,NA,41,"Abies balsamea (L.) Mill.",8.9,155.2,"2017",12,"douglas","Abies balsamea (L.) Mill.","balsam fir","Pinaceae","tree","balsamea",0.608,"sw2",-2.2304,2.4435,"AbiesBelow0.35spg","conifer","Conifer",0.33,-2.3123,2.3482,1.87856,0.79034,NA,"Check",NA,NA,NA
"Abies","ABBA","NEON.PLA.D05.TREE.01375","TREE_045","TREE","D05",2017-10-19,"Downed","small tree",NA,NA,NA,NA,NA,NA,NA,"Abies balsamea (L.) Mill.",NA,NA,"2017",12,"douglas","Abies balsamea (L.) Mill.","balsam fir","Pinaceae","tree","balsamea",0.608,"sw2",-2.2304,2.4435,"AbiesBelow0.35spg","conifer","Conifer",0.33,-2.3123,2.3482,1.87856,0.79034,NA,"Check",NA,NA,NA
"Abies","ABBA","NEON.PLA.D05.TREE.01335","TREE_045","TREE","D05",2017-10-19,"Downed","single bole tree",NA,NA,NA,NA,NA,NA,57,"Abies balsamea (L.) Mill.",5.8,123.9,"2017",12,"douglas","Abies balsamea (L.) Mill.","balsam fir","Pinaceae","tree","balsamea",0.608,"sw2",-2.2304,2.4435,"AbiesBelow0.35spg","conifer","Conifer",0.33,-2.3123,2.3482,1.87856,0.79034,NA,"Check",NA,NA,NA
"Acer","ACRU","NEON.PLA.D05.TREE.00427","TREE_057","TREE","D05",2017-10-17,"Downed","single bole tree",NA,NA,NA,NA,NA,NA,59,"Acer rubrum L.",6.2,208.5,"2017",316,"soft maple/birch","Acer rubrum L.","red maple","Aceraceae","tree","rubrum",0.744,"hw2",-1.9123,2.3651,"AceraceaeBelow0.50spg","hardwood","Hardwood",0.44,-2.047,2.3852,0.21103,0.95964,NA,"Check",NA,NA,NA
"Acer","ACRU","NEON.PLA.D05.TREE.02290B","TREE_019","TREE","D05",2017-10-23,"Downed","multi-bole tree",NA,NA,NA,NA,NA,NA,NA,"Acer rubrum L.",NA,NA,"2017",316,"soft maple/birch","Acer rubrum L.","red maple","Aceraceae","tree","rubrum",0.744,"hw2",-1.9123,2.3651,"AceraceaeBelow0.50spg","hardwood","Hardwood",0.44,-2.047,2.3852,0.21103,0.95964,NA,"Check",NA,NA,NA
"Acer","ACRU","NEON.PLA.D05.TREE.02147","TREE_018","TREE","D05",2018-04-25,"Downed","single bole tree",NA,NA,NA,NA,NA,NA,NA,"Acer rubrum L.",NA,NA,"2018",316,"soft maple/birch","Acer rubrum L.","red maple","Aceraceae","tree","rubrum",0.744,"hw2",-1.9123,2.3651,"AceraceaeBelow0.50spg","hardwood","Hardwood",0.44,-2.047,2.3852,0.21103,0.95964,NA,"Check",NA,NA,NA
"Acer","ACRU","NEON.PLA.D05.TREE.01347","TREE_040","TREE","D05",2021-10-05,"No longer qualifies","single bole tree",NA,NA,NA,NA,NA,NA,25,"Acer rubrum L.",7.3,335.5,"2021",316,"soft maple/birch","Acer rubrum L.","red maple","Aceraceae","tree","rubrum",0.744,"hw2",-1.9123,2.3651,"AceraceaeBelow0.50spg","hardwood","Hardwood",0.44,-2.047,2.3852,0.21103,0.95964,NA,"Check",NA,NA,NA
"Acer","ACSA3","NEON.PLA.D05.TREE.00153","TREE_055","TREE","D05",2017-09-14,"Downed","single bole tree",NA,NA,NA,NA,NA,NA,59,"Acer saccharum Marshall",5.1,230.2,"2017",318,"hard maple/oak/hickory/beech","Acer saccharum Marshall","sugar maple","Aceraceae","tree","saccharum",0.841,"hw4",-2.0127,2.4342,"AceraceaeAbove0.50spg","hardwood","Hardwood",0.56,-1.8011,2.3852,0.21103,0.95964,NA,"Check",NA,NA,NA
"Carpinus","CACA18","NEON.PLA.D05.TREE.01655","TREE_056","TREE","D05",2022-09-21,"No longer qualifies","sapling","Full shade",NA,NA,NA,NA,NA,NA,"Carpinus caroliniana Walter",NA,NA,"2022",391,"mixed hardwood","Carpinus caroliniana Walter","American hornbeam","Betulaceae","tree","caroliniana",0.84,"hw3",-2.48,2.4835,"BetulaceaeAbove0.60spg","hardwood","Hardwood",0.62,-2.2652,2.5349,0.35633,0.92508,NA,"Check",NA,NA,NA
"Fraxinus","FRPE","NEON.PLA.D05.TREE.03522","TREE_046","TREE","D05",2021-09-21,"No longer qualifies","sapling",NA,NA,NA,NA,NA,NA,NA,"Fraxinus pennsylvanica Marshall",NA,NA,"2021",544,"mixed hardwood","Fraxinus pennsylvanica Marshall","green ash","Oleaceae","tree","pennsylvanica",0.936,"hw3",-2.48,2.4835,"OleaceaeBelow0.55spg","hardwood","Hardwood",0.51,-2.0314,2.3524,0.07555,1.07047,NA,"Check",NA,NA,NA
"Picea","PIMA","NEON.PLA.D05.TREE.01168","TREE_048","TREE","D05",2021-09-23,"No longer qualifies","single bole tree",NA,NA,NA,NA,NA,NA,57,"Picea mariana (Mill.) Britton, Sterns & Poggenb.",5.2,127.1,"2021",95,"spruce","Picea mariana (Mill.) Britton, Sterns & Poggenb.","black spruce","Pinaceae","tree","mariana",0.608,"sw5",-2.0773,2.3323,"PiceaAbove0.35spg","conifer","Conifer",0.37,-2.1364,2.3233,2.24952,0.76318,NA,"Check",NA,NA,NA
"Tsuga","TSCA","NEON.PLA.D05.TREE.01346","TREE_040","TREE","D05",2017-10-19,"Downed","single bole tree",NA,NA,NA,NA,NA,NA,23,"Tsuga canadensis (L.) Carri√®re",10.6,60.7,"2017",261,"douglas","Tsuga canadensis (L.) CarriËre","eastern hemlock","Pinaceae","tree","canadensis",0.628,"sw2",-2.2304,2.4435,"TsugaBelow0.40spg","conifer","Conifer",0.38,-2.348,2.3876,0.42058,0.92076,NA,"Check",NA,NA,NA
"Tsuga","TSCA","NEON.PLA.D05.TREE.01366B","TREE_040","TREE","D05",2017-10-19,"Downed","multi-bole tree",NA,NA,NA,NA,NA,NA,23,"Tsuga canadensis (L.) Carri√®re",10.8,61.6,"2017",261,"douglas","Tsuga canadensis (L.) CarriËre","eastern hemlock","Pinaceae","tree","canadensis",0.628,"sw2",-2.2304,2.4435,"TsugaBelow0.40spg","conifer","Conifer",0.38,-2.348,2.3876,0.42058,0.92076,NA,"Check",NA,NA,NA
NA,"ILVE","NEON.PLA.D05.TREE.00548","TREE_053","TREE","D05",2016-09-27,"No longer qualifies","sapling",NA,NA,NA,NA,NA,NA,NA,"Ilex verticillata (L.) A. Gray",NA,NA,"2016",NA,"pine","Ilex verticillata (L.) A. Gray","common winterberry","Aquifoliaceae","tree",NA,0.84,"hw3",-2.48,2.4835,NA,NA,NA,NA,NA,NA,NA,NA,NA,"Check",NA,NA,NA
